0.013723,0.016174,0.027665,0.038688,0.048435,0.058042,0.067452,0.076976,0.086105,0.095529,0.10434,0.11363,0.12211,0.1312,0.13933,0.14818,0.15594,0.16449,0.17187,0.18006,0.18703,0.19481,0.20135,0.20865,0.21473,0.2215,0.22784,0.23328,0.23902,0.24392,0.24903,0.25339,0.25785,0.26165,0.26546,0.26872,0.2719,0.27463,0.27721,0.27944
0.028701,0.033791,0.057557,0.080107,0.099739,0.11873,0.13694,0.15484,0.17152,0.18799,0.20287,0.21752,0.23033,0.24275,0.2533,0.26321,0.27143,0.27879,0.28478,0.28981,0.29383,0.29688,0.29927,0.30056,0.30156,0.30127,0.30017,0.29921,0.29663,0.29451,0.29052,0.28731,0.28201,0.2778,0.27135,0.26624,0.25882,0.25294,0.24476,0.23824
0.04783,0.056209,0.095089,0.13134,0.1621,0.1909,0.21744,0.24203,0.26357,0.28268,0.29845,0.31144,0.3215,0.32886,0.33414,0.33686,0.33834,0.33705,0.3353,0.33026,0.32558,0.31709,0.30976,0.29832,0.28874,0.27503,0.26079,0.24835,0.23288,0.21931,0.20301,0.18857,0.17182,0.15672,0.1398,0.12419,0.10736,0.091395,0.074913,0.058759
0.061158,0.071633,0.11962,0.16268,0.19704,0.22651,0.25065,0.26892,0.28141,0.28761,0.28949,0.28562,0.27941,0.26749,0.25492,0.23621,0.21847,0.19434,0.17257,0.14455,0.11982,0.089233,0.062296,0.030085,0.0013959,-0.031712,-0.064179,-0.0952,-0.12766,-0.1594,-0.19122,-0.22317,-0.2537,-0.28523,-0.31386,-0.3443,-0.37053,-0.39925,-0.4228,-0.44928
0.082437,0.096473,0.16054,0.21729,0.26149,0.29784,0.32583,0.34491,0.35629,0.35961,0.35781,0.34825,0.33581,0.31523,0.29395,0.26521,0.23749,0.20369,0.17158,0.1351,0.1,0.062569,0.025544,-0.011309,-0.049137,-0.083846,-0.11639,-0.15224,-0.18096,-0.21395,-0.23813,-0.26723,-0.28689,-0.31169,-0.32746,-0.34811,-0.36114,-0.37829,-0.39005,-0.40462
0.11817,0.13772,0.22556,0.29983,0.35317,0.39208,0.41748,0.43028,0.43346,0.42563,0.41156,0.3867,0.35907,0.32212,0.28512,0.24065,0.19723,0.14831,0.10031,0.049569,-0.0010743,-0.050673,-0.10131,-0.1468,-0.19441,-0.23362,-0.26965,-0.30793,-0.33761,-0.36918,-0.39361,-0.41906,-0.43994,-0.46044,-0.47913,-0.49582,-0.51311,-0.52676,-0.54325,-0.55445
0.14265,0.16564,0.2674,0.34952,0.40454,0.44323,0.46923,0.48349,0.48826,0.48161,0.46931,0.44825,0.42558,0.39677,0.3683,0.33548,0.30345,0.2693,0.23578,0.20318,0.17076,0.14217,0.11328,0.090009,0.066012,0.047813,0.03107,0.014172,0.00028763,-0.013498,-0.025701,-0.037537,-0.048991,-0.059808,-0.070985,-0.081473,-0.092369,-0.10301,-0.11339,-0.12453
0.14695,0.16942,0.26556,0.33455,0.36892,0.37826,0.36785,0.33845,0.29729,0.24225,0.18311,0.11531,0.047602,-0.024514,-0.094881,-0.16448,-0.23169,-0.29242,-0.35065,-0.39855,-0.4442,-0.47948,-0.51275,-0.53828,-0.56171,-0.58121,-0.59945,-0.61381,-0.62871,-0.63936,-0.65175,-0.65986,-0.66976,-0.67607,-0.68289,-0.68744,-0.69119,-0.6934,-0.69404,-0.69235
0.077597,0.085365,0.10905,0.10357,0.075343,0.034816,-0.011693,-0.065233,-0.12075,-0.18348,-0.24664,-0.31458,-0.3821,-0.44886,-0.51438,-0.57236,-0.62841,-0.67233,-0.71426,-0.74402,-0.77202,-0.7914,-0.80875,-0.82185,-0.83191,-0.84142,-0.84998,-0.85368,-0.85985,-0.86087,-0.86432,-0.8631,-0.86318,-0.85875,-0.85712,-0.84839,-0.84889,-0.83653,-0.84042,-0.82619
0.16464,0.18594,0.26665,0.30337,0.30138,0.27433,0.22882,0.16622,0.095359,0.013995,-0.069141,-0.15552,-0.23897,-0.31644,-0.38786,-0.44689,-0.49939,-0.53939,-0.57411,-0.60053,-0.62286,-0.64135,-0.65631,-0.6704,-0.68124,-0.69261,-0.70227,-0.71071,-0.71731,-0.72435,-0.72875,-0.73368,-0.73763,-0.73974,-0.74373,-0.74175,-0.75192,-0.74927,-0.74703,-0.7327
0.16625,0.18714,0.26424,0.2928,0.27825,0.23554,0.1742,0.099123,0.01912,-0.064707,-0.14828,-0.22769,-0.30385,-0.36753,-0.42603,-0.46918,-0.50729,-0.53435,-0.55712,-0.57546,-0.58931,-0.60317,-0.61202,-0.62306,-0.62927,-0.6366,-0.64106,-0.6438,-0.64538,-0.64427,-0.64783,-0.64477,-0.6525,-0.65194,-0.6474,-0.63859,-0.62625,-0.59621,-0.60328,-0.56009
0.21035,0.23596,0.32703,0.35089,0.3125,0.23268,0.12857,0.011254,-0.10564,-0.21539,-0.31293,-0.39233,-0.45767,-0.50447,-0.54103,-0.56629,-0.58522,-0.60014,-0.61044,-0.62035,-0.62643,-0.63306,-0.63685,-0.64039,-0.64214,-0.64268,-0.64443,-0.64297,-0.64712,-0.64662,-0.64366,-0.63656,-0.63336,-0.61399,-0.62727,-0.60559,-0.63176,-0.6179,-0.59239,-0.55533
0.17657,0.19252,0.23507,0.20875,0.1239,0.0011405,-0.14021,-0.28724,-0.42664,-0.54904,-0.6529,-0.73184,-0.79429,-0.83739,-0.87027,-0.89332,-0.9105,-0.92411,-0.93383,-0.94264,-0.94864,-0.95396,-0.95742,-0.96006,-0.96053,-0.96289,-0.96457,-0.96085,-0.96759,-0.96335,-0.96273,-0.94859,-0.94672,-0.91434,-0.91955,-0.86906,-0.91428,-0.871,-0.85359,-0.77941
0.2126,0.23215,0.28522,0.25611,0.15655,0.013332,-0.14938,-0.3128,-0.46468,-0.58909,-0.6898,-0.75689,-0.80558,-0.83468,-0.85434,-0.86851,-0.87711,-0.88564,-0.89031,-0.89481,-0.89714,-0.89792,-0.89591,-0.89777,-0.89114,-0.90159,-0.89862,-0.88838,-0.88655,-0.85961,-0.88902,-0.8713,-0.872,-0.84017,-0.72543,-0.61594,-0.62549,-0.51671,-0.68361,-0.59668
0.11237,0.10494,0.064039,0.010844,-0.05171,-0.12925,-0.21849,-0.31401,-0.40787,-0.48935,-0.55827,-0.60639,-0.64203,-0.6633,-0.67612,-0.68418,-0.68572,-0.68885,-0.68653,-0.68701,-0.68377,-0.68296,-0.67779,-0.67923,-0.67042,-0.68093,-0.67754,-0.66197,-0.65893,-0.61984,-0.66462,-0.63247,-0.62242,-0.53991,-0.36255,-0.19281,-0.27067,-0.23058,-0.57248,-0.62309
0.048693,0.028191,-0.072838,-0.18939,-0.30641,-0.41081,-0.49507,-0.56168,-0.61367,-0.65453,-0.68571,-0.71085,-0.72983,-0.74595,-0.7579,-0.76767,-0.77476,-0.77978,-0.78312,-0.78541,-0.78551,-0.78859,-0.78808,-0.78679,-0.77938,-0.78249,-0.78737,-0.78224,-0.7696,-0.74552,-0.72378,-0.67413,-0.69981,-0.63197,0.067603,0.19437,-0.27403,-0.36979,-0.66694,-0.67683
0.048693,0.028191,-0.072838,-0.18939,-0.30641,-0.41081,-0.49507,-0.56168,-0.61367,-0.65453,-0.68571,-0.71085,-0.72983,-0.74595,-0.7579,-0.76767,-0.77476,-0.77978,-0.78312,-0.78541,-0.78551,-0.78859,-0.78808,-0.78679,-0.77938,-0.78249,-0.78737,-0.78224,-0.7696,-0.74552,-0.72378,-0.67413,-0.69981,-0.63197,0.067603,0.19437,-0.27403,-0.36979,-0.66694,-0.67683
-0.062079,-0.096647,-0.24096,-0.3666,-0.48176,-0.58769,-0.67426,-0.74231,-0.79553,-0.83867,-0.87267,-0.90093,-0.92297,-0.94057,-0.95425,-0.96389,-0.97146,-0.97598,-0.97891,-0.98141,-0.97985,-0.98513,-0.98188,-0.98096,-0.96432,-0.96807,-0.98458,-0.97026,-0.93577,-0.86888,-0.8506,-0.78684,-0.8688,-0.84952,-0.43561,-0.42,-0.24276,-0.32426,-0.7498,-0.76747
-0.03281,-0.070403,-0.2361,-0.39082,-0.53022,-0.65089,-0.74217,-0.80334,-0.8429,-0.86874,-0.8859,-0.89919,-0.90843,-0.91485,-0.91927,-0.92204,-0.9226,-0.9257,-0.92529,-0.92411,-0.9146,-0.9238,-0.91649,-0.90521,-0.87361,-0.82562,-0.85032,-0.75421,0.49536,0.6185,-0.73446,-0.78079,-0.65001,-0.66603,-0.52141,-0.52864,-0.27413,-0.23849,-0.0031092,-0.045018
-0.03281,-0.070403,-0.2361,-0.39082,-0.53022,-0.65089,-0.74217,-0.80334,-0.8429,-0.86874,-0.8859,-0.89919,-0.90843,-0.91485,-0.91927,-0.92204,-0.9226,-0.9257,-0.92529,-0.92411,-0.9146,-0.9238,-0.91649,-0.90521,-0.87361,-0.82562,-0.85032,-0.75421,0.49536,0.6185,-0.73446,-0.78079,-0.65001,-0.66603,-0.52141,-0.52864,-0.27413,-0.23849,-0.0031092,-0.045018
-0.03281,-0.070403,-0.2361,-0.39082,-0.53022,-0.65089,-0.74217,-0.80334,-0.8429,-0.86874,-0.8859,-0.89919,-0.90843,-0.91485,-0.91927,-0.92204,-0.9226,-0.9257,-0.92529,-0.92411,-0.9146,-0.9238,-0.91649,-0.90521,-0.87361,-0.82562,-0.85032,-0.75421,0.49536,0.6185,-0.73446,-0.78079,-0.65001,-0.66603,-0.52141,-0.52864,-0.27413,-0.23849,-0.0031092,-0.045018
-0.03281,-0.070403,-0.2361,-0.39082,-0.53022,-0.65089,-0.74217,-0.80334,-0.8429,-0.86874,-0.8859,-0.89919,-0.90843,-0.91485,-0.91927,-0.92204,-0.9226,-0.9257,-0.92529,-0.92411,-0.9146,-0.9238,-0.91649,-0.90521,-0.87361,-0.82562,-0.85032,-0.75421,0.49536,0.6185,-0.73446,-0.78079,-0.65001,-0.66603,-0.52141,-0.52864,-0.27413,-0.23849,-0.0031092,-0.045018
0.42915,0.44669,0.44366,0.30608,0.08213,-0.16739,-0.39171,-0.55331,-0.66033,-0.72524,-0.77163,-0.80641,-0.83953,-0.86344,-0.88777,-0.90327,-0.90811,-0.93008,-0.91833,-0.92165,-0.83392,-0.94743,-0.8876,-0.81756,-0.63251,-0.52512,-0.40043,-0.14384,0.77692,0.84003,-0.063135,-0.19151,-0.1192,-0.14019,0.06712,0.059071,0.33324,0.36532,0.49368,0.46474
-0.065075,-0.16606,-0.45241,-0.62755,-0.73593,-0.80251,-0.8394,-0.8598,-0.87156,-0.87925,-0.88433,-0.88723,-0.88852,-0.89074,-0.89058,-0.89099,-0.88665,-0.88953,-0.88244,-0.84865,-0.77878,-0.73696,-0.5259,0.064466,-0.30624,-0.77292,-0.52079,-0.53896,0.04014,0.088909,-0.53614,-0.56102,-0.79333,-0.79399,-0.54284,-0.5402,0.25704,0.28163,-0.62273,-0.63508
-0.065075,-0.16606,-0.45241,-0.62755,-0.73593,-0.80251,-0.8394,-0.8598,-0.87156,-0.87925,-0.88433,-0.88723,-0.88852,-0.89074,-0.89058,-0.89099,-0.88665,-0.88953,-0.88244,-0.84865,-0.77878,-0.73696,-0.5259,0.064466,-0.30624,-0.77292,-0.52079,-0.53896,0.04014,0.088909,-0.53614,-0.56102,-0.79333,-0.79399,-0.54284,-0.5402,0.25704,0.28163,-0.62273,-0.63508
-0.065075,-0.16606,-0.45241,-0.62755,-0.73593,-0.80251,-0.8394,-0.8598,-0.87156,-0.87925,-0.88433,-0.88723,-0.88852,-0.89074,-0.89058,-0.89099,-0.88665,-0.88953,-0.88244,-0.84865,-0.77878,-0.73696,-0.5259,0.064466,-0.30624,-0.77292,-0.52079,-0.53896,0.04014,0.088909,-0.53614,-0.56102,-0.79333,-0.79399,-0.54284,-0.5402,0.25704,0.28163,-0.62273,-0.63508
-0.065075,-0.16606,-0.45241,-0.62755,-0.73593,-0.80251,-0.8394,-0.8598,-0.87156,-0.87925,-0.88433,-0.88723,-0.88852,-0.89074,-0.89058,-0.89099,-0.88665,-0.88953,-0.88244,-0.84865,-0.77878,-0.73696,-0.5259,0.064466,-0.30624,-0.77292,-0.52079,-0.53896,0.04014,0.088909,-0.53614,-0.56102,-0.79333,-0.79399,-0.54284,-0.5402,0.25704,0.28163,-0.62273,-0.63508
-0.065075,-0.16606,-0.45241,-0.62755,-0.73593,-0.80251,-0.8394,-0.8598,-0.87156,-0.87925,-0.88433,-0.88723,-0.88852,-0.89074,-0.89058,-0.89099,-0.88665,-0.88953,-0.88244,-0.84865,-0.77878,-0.73696,-0.5259,0.064466,-0.30624,-0.77292,-0.52079,-0.53896,0.04014,0.088909,-0.53614,-0.56102,-0.79333,-0.79399,-0.54284,-0.5402,0.25704,0.28163,-0.62273,-0.63508
-0.065075,-0.16606,-0.45241,-0.62755,-0.73593,-0.80251,-0.8394,-0.8598,-0.87156,-0.87925,-0.88433,-0.88723,-0.88852,-0.89074,-0.89058,-0.89099,-0.88665,-0.88953,-0.88244,-0.84865,-0.77878,-0.73696,-0.5259,0.064466,-0.30624,-0.77292,-0.52079,-0.53896,0.04014,0.088909,-0.53614,-0.56102,-0.79333,-0.79399,-0.54284,-0.5402,0.25704,0.28163,-0.62273,-0.63508
-0.24237,-0.27264,-0.43448,-0.56754,-0.65403,-0.7308,-0.80113,-0.86174,-0.90982,-0.94196,-0.96435,-0.97694,-0.9836,-0.99099,-0.99154,-0.99752,-0.99631,-0.99755,-0.9867,-0.96536,-0.91977,-0.91037,-0.80497,-0.85736,-0.84884,-0.90546,-0.79751,-0.80719,-0.90567,-0.90971,-0.85865,-0.86063,-0.93971,-0.93956,-0.84223,-0.84305,-0.89417,-0.89247,-0.85883,-0.86419
-0.24237,-0.27264,-0.43448,-0.56754,-0.65403,-0.7308,-0.80113,-0.86174,-0.90982,-0.94196,-0.96435,-0.97694,-0.9836,-0.99099,-0.99154,-0.99752,-0.99631,-0.99755,-0.9867,-0.96536,-0.91977,-0.91037,-0.80497,-0.85736,-0.84884,-0.90546,-0.79751,-0.80719,-0.90567,-0.90971,-0.85865,-0.86063,-0.93971,-0.93956,-0.84223,-0.84305,-0.89417,-0.89247,-0.85883,-0.86419
-0.25735,-0.2925,-0.46633,-0.58407,-0.65618,-0.70989,-0.74801,-0.77242,-0.78648,-0.79289,-0.79588,-0.7974,-0.79771,-0.79673,-0.78753,-0.78204,-0.70072,-0.776,-0.79072,-0.71188,-0.7184,-0.5655,-0.56549,-0.79508,-0.79567,-0.71988,-0.56652,-0.56841,-0.79628,-0.79657,-0.71802,-0.7173,-0.57696,-0.5813,-0.79708,-0.79722,-0.71502,-0.71418,-0.59175,-0.59597
-0.25735,-0.2925,-0.46633,-0.58407,-0.65618,-0.70989,-0.74801,-0.77242,-0.78648,-0.79289,-0.79588,-0.7974,-0.79771,-0.79673,-0.78753,-0.78204,-0.70072,-0.776,-0.79072,-0.71188,-0.7184,-0.5655,-0.56549,-0.79508,-0.79567,-0.71988,-0.56652,-0.56841,-0.79628,-0.79657,-0.71802,-0.7173,-0.57696,-0.5813,-0.79708,-0.79722,-0.71502,-0.71418,-0.59175,-0.59597
-0.25735,-0.2925,-0.46633,-0.58407,-0.65618,-0.70989,-0.74801,-0.77242,-0.78648,-0.79289,-0.79588,-0.7974,-0.79771,-0.79673,-0.78753,-0.78204,-0.70072,-0.776,-0.79072,-0.71188,-0.7184,-0.5655,-0.56549,-0.79508,-0.79567,-0.71988,-0.56652,-0.56841,-0.79628,-0.79657,-0.71802,-0.7173,-0.57696,-0.5813,-0.79708,-0.79722,-0.71502,-0.71418,-0.59175,-0.59597
-0.25735,-0.2925,-0.46633,-0.58407,-0.65618,-0.70989,-0.74801,-0.77242,-0.78648,-0.79289,-0.79588,-0.7974,-0.79771,-0.79673,-0.78753,-0.78204,-0.70072,-0.776,-0.79072,-0.71188,-0.7184,-0.5655,-0.56549,-0.79508,-0.79567,-0.71988,-0.56652,-0.56841,-0.79628,-0.79657,-0.71802,-0.7173,-0.57696,-0.5813,-0.79708,-0.79722,-0.71502,-0.71418,-0.59175,-0.59597
-0.25735,-0.2925,-0.46633,-0.58407,-0.65618,-0.70989,-0.74801,-0.77242,-0.78648,-0.79289,-0.79588,-0.7974,-0.79771,-0.79673,-0.78753,-0.78204,-0.70072,-0.776,-0.79072,-0.71188,-0.7184,-0.5655,-0.56549,-0.79508,-0.79567,-0.71988,-0.56652,-0.56841,-0.79628,-0.79657,-0.71802,-0.7173,-0.57696,-0.5813,-0.79708,-0.79722,-0.71502,-0.71418,-0.59175,-0.59597
-0.25735,-0.2925,-0.46633,-0.58407,-0.65618,-0.70989,-0.74801,-0.77242,-0.78648,-0.79289,-0.79588,-0.7974,-0.79771,-0.79673,-0.78753,-0.78204,-0.70072,-0.776,-0.79072,-0.71188,-0.7184,-0.5655,-0.56549,-0.79508,-0.79567,-0.71988,-0.56652,-0.56841,-0.79628,-0.79657,-0.71802,-0.7173,-0.57696,-0.5813,-0.79708,-0.79722,-0.71502,-0.71418,-0.59175,-0.59597
-0.25735,-0.2925,-0.46633,-0.58407,-0.65618,-0.70989,-0.74801,-0.77242,-0.78648,-0.79289,-0.79588,-0.7974,-0.79771,-0.79673,-0.78753,-0.78204,-0.70072,-0.776,-0.79072,-0.71188,-0.7184,-0.5655,-0.56549,-0.79508,-0.79567,-0.71988,-0.56652,-0.56841,-0.79628,-0.79657,-0.71802,-0.7173,-0.57696,-0.5813,-0.79708,-0.79722,-0.71502,-0.71418,-0.59175,-0.59597
-0.25735,-0.2925,-0.46633,-0.58407,-0.65618,-0.70989,-0.74801,-0.77242,-0.78648,-0.79289,-0.79588,-0.7974,-0.79771,-0.79673,-0.78753,-0.78204,-0.70072,-0.776,-0.79072,-0.71188,-0.7184,-0.5655,-0.56549,-0.79508,-0.79567,-0.71988,-0.56652,-0.56841,-0.79628,-0.79657,-0.71802,-0.7173,-0.57696,-0.5813,-0.79708,-0.79722,-0.71502,-0.71418,-0.59175,-0.59597
-0.25735,-0.2925,-0.46633,-0.58407,-0.65618,-0.70989,-0.74801,-0.77242,-0.78648,-0.79289,-0.79588,-0.7974,-0.79771,-0.79673,-0.78753,-0.78204,-0.70072,-0.776,-0.79072,-0.71188,-0.7184,-0.5655,-0.56549,-0.79508,-0.79567,-0.71988,-0.56652,-0.56841,-0.79628,-0.79657,-0.71802,-0.7173,-0.57696,-0.5813,-0.79708,-0.79722,-0.71502,-0.71418,-0.59175,-0.59597
