-0.0022248,-0.0026216,-0.0044815,-0.0062652,-0.0078404,-0.0093908,-0.010908,-0.01244,-0.013908,-0.015417,-0.016829,-0.018307,-0.019658,-0.021096,-0.022384,-0.023772,-0.024996,-0.026327,-0.027487,-0.028756,-0.02985,-0.031055,-0.032085,-0.033224,-0.034194,-0.035269,-0.036294,-0.037193,-0.038161,-0.039006,-0.039919,-0.040714,-0.041575,-0.042323,-0.043136,-0.04384,-0.044609,-0.045272,-0.046,-0.046625
-0.0043693,-0.0051402,-0.0087412,-0.012154,-0.015101,-0.017923,-0.020604,-0.023204,-0.02561,-0.027951,-0.030067,-0.032136,-0.033976,-0.035785,-0.037379,-0.038956,-0.040336,-0.04171,-0.042905,-0.044104,-0.045142,-0.046199,-0.047111,-0.048062,-0.048881,-0.049766,-0.050624,-0.051386,-0.052241,-0.052999,-0.053888,-0.054671,-0.055622,-0.056457,-0.057491,-0.058396,-0.059527,-0.060516,-0.061754,-0.062837
-0.0067666,-0.0079389,-0.013383,-0.01844,-0.022657,-0.026537,-0.030079,-0.033345,-0.036258,-0.038942,-0.041298,-0.043475,-0.045368,-0.04716,-0.048726,-0.050305,-0.051703,-0.05324,-0.054615,-0.056254,-0.05772,-0.059567,-0.061209,-0.063324,-0.065194,-0.067609,-0.070136,-0.072463,-0.075307,-0.077917,-0.081098,-0.084012,-0.087567,-0.090817,-0.094795,-0.098422,-0.10289,-0.10694,-0.11196,-0.1165
-0.008298,-0.0096875,-0.016076,-0.021806,-0.026299,-0.030156,-0.033454,-0.036273,-0.038647,-0.040681,-0.042411,-0.043994,-0.045412,-0.046909,-0.048331,-0.050053,-0.051724,-0.05387,-0.055937,-0.058603,-0.061143,-0.06438,-0.067442,-0.071313,-0.074959,-0.079574,-0.084554,-0.089401,-0.095348,-0.10109,-0.10817,-0.11495,-0.12332,-0.13128,-0.14107,-0.15033,-0.16162,-0.17225,-0.18506,-0.19712
-0.0083795,-0.0096899,-0.015582,-0.020476,-0.023811,-0.026237,-0.027973,-0.029151,-0.02998,-0.030587,-0.03115,-0.031825,-0.032637,-0.033827,-0.035207,-0.03715,-0.039269,-0.042106,-0.045087,-0.04899,-0.052992,-0.058206,-0.063444,-0.070268,-0.076998,-0.085748,-0.095451,-0.10519,-0.11715,-0.12901,-0.14334,-0.15744,-0.17411,-0.19048,-0.20931,-0.22786,-0.24857,-0.26911,-0.29133,-0.31362
-0.011159,-0.01275,-0.019787,-0.025266,-0.028567,-0.030683,-0.032049,-0.032956,-0.033719,-0.034617,-0.035755,-0.037437,-0.039472,-0.042271,-0.045427,-0.049579,-0.054087,-0.059972,-0.06619,-0.074311,-0.082679,-0.093515,-0.10444,-0.11831,-0.13208,-0.14901,-0.16706,-0.1855,-0.20613,-0.22727,-0.25004,-0.2736,-0.29797,-0.32362,-0.34905,-0.3764,-0.40225,-0.43084,-0.45647,-0.48573
-0.010285,-0.011541,-0.016859,-0.020341,-0.021668,-0.021957,-0.021962,-0.022331,-0.023363,-0.025564,-0.028615,-0.033172,-0.038457,-0.04551,-0.053184,-0.063062,-0.07351,-0.086784,-0.10056,-0.11781,-0.13543,-0.15693,-0.17867,-0.20426,-0.23001,-0.25908,-0.28891,-0.32008,-0.35188,-0.38555,-0.41817,-0.45342,-0.48563,-0.52137,-0.55185,-0.58679,-0.6143,-0.64711,-0.67068,-0.70017
-0.018399,-0.021215,-0.034174,-0.045857,-0.05537,-0.064085,-0.072086,-0.079819,-0.087335,-0.09532,-0.10343,-0.1125,-0.12199,-0.13326,-0.14532,-0.16027,-0.17626,-0.19617,-0.21714,-0.24257,-0.26897,-0.29953,-0.33111,-0.36571,-0.40169,-0.43879,-0.47571,-0.5158,-0.55255,-0.59333,-0.62799,-0.66756,-0.69845,-0.73495,-0.76079,-0.79265,-0.81302,-0.83936,-0.85455,-0.87524
-0.013625,-0.015048,-0.020772,-0.023624,-0.023575,-0.022501,-0.021464,-0.020867,-0.021005,-0.021778,-0.023594,-0.026422,-0.030841,-0.03716,-0.045624,-0.05703,-0.070898,-0.088319,-0.10831,-0.13156,-0.15756,-0.18554,-0.21682,-0.24787,-0.28328,-0.31551,-0.34701,-0.38488,-0.41469,-0.45209,-0.47849,-0.5134,-0.53526,-0.56601,-0.58309,-0.60872,-0.6215,-0.64185,-0.65164,-0.66727
-0.023622,-0.02657,-0.039702,-0.049979,-0.056753,-0.062904,-0.069706,-0.078156,-0.088243,-0.10109,-0.11593,-0.13489,-0.1562,-0.18314,-0.2125,-0.24821,-0.28602,-0.32936,-0.37455,-0.42289,-0.47329,-0.52321,-0.57589,-0.62355,-0.67495,-0.71654,-0.75404,-0.79574,-0.82445,-0.85738,-0.8775,-0.90143,-0.91442,-0.93051,-0.93866,-0.94876,-0.95405,-0.95997,-0.96386,-0.96698
-0.033713,-0.038427,-0.059683,-0.076164,-0.088246,-0.10105,-0.1156,-0.13235,-0.1504,-0.17054,-0.19192,-0.21668,-0.24345,-0.27533,-0.30971,-0.3497,-0.39213,-0.43867,-0.48758,-0.53721,-0.5895,-0.63782,-0.68946,-0.73196,-0.77858,-0.81195,-0.84084,-0.87325,-0.89288,-0.91571,-0.92777,-0.9424,-0.94945,-0.95801,-0.96229,-0.96681,-0.96976,-0.97169,-0.97446,-0.97487
-0.0077589,-0.0067909,-0.0014097,0.0062557,0.013808,0.019921,0.023888,0.025404,0.023318,0.016558,0.0043556,-0.015002,-0.040742,-0.074306,-0.11428,-0.15984,-0.21194,-0.26481,-0.32512,-0.37945,-0.44259,-0.49218,-0.55176,-0.59165,-0.64187,-0.67044,-0.69644,-0.72738,-0.74593,-0.76674,-0.78133,-0.79479,-0.80824,-0.81686,-0.83094,-0.83677,-0.85201,-0.85687,-0.87184,-0.87701
-0.060999,-0.069767,-0.1115,-0.14719,-0.1732,-0.19702,-0.22039,-0.24472,-0.27036,-0.29907,-0.33005,-0.36405,-0.40021,-0.43775,-0.47808,-0.51768,-0.56164,-0.60145,-0.64728,-0.684,-0.72782,-0.75781,-0.79509,-0.8167,-0.84477,-0.85917,-0.87336,-0.88843,-0.89978,-0.90944,-0.92012,-0.92642,-0.93762,-0.94222,-0.95376,-0.958,-0.96807,-0.97241,-0.97775,-0.9805
-0.037226,-0.041639,-0.063506,-0.083271,-0.099011,-0.11467,-0.1315,-0.15111,-0.17473,-0.2047,-0.24074,-0.28364,-0.33246,-0.38464,-0.44241,-0.49761,-0.55873,-0.60988,-0.6672,-0.70807,-0.75483,-0.78308,-0.81626,-0.83411,-0.85516,-0.86714,-0.87986,-0.88952,-0.90079,-0.90682,-0.91768,-0.92208,-0.93193,-0.93591,-0.94269,-0.94595,-0.94694,-0.94654,-0.94365,-0.93606
-0.037226,-0.041639,-0.063506,-0.083271,-0.099011,-0.11467,-0.1315,-0.15111,-0.17473,-0.2047,-0.24074,-0.28364,-0.33246,-0.38464,-0.44241,-0.49761,-0.55873,-0.60988,-0.6672,-0.70807,-0.75483,-0.78308,-0.81626,-0.83411,-0.85516,-0.86714,-0.87986,-0.88952,-0.90079,-0.90682,-0.91768,-0.92208,-0.93193,-0.93591,-0.94269,-0.94595,-0.94694,-0.94654,-0.94365,-0.93606
0.0071969,0.0072148,0.0051174,-0.0018276,-0.012298,-0.025364,-0.041941,-0.064852,-0.095417,-0.13643,-0.18648,-0.2451,-0.31122,-0.37815,-0.45054,-0.51334,-0.58002,-0.62864,-0.68016,-0.7117,-0.74549,-0.76391,-0.78349,-0.79502,-0.80561,-0.81473,-0.82443,-0.82923,-0.83785,-0.84143,-0.84804,-0.85107,-0.85385,-0.85505,-0.85376,-0.85018,-0.85038,-0.84144,-0.85154,-0.8429
-0.064708,-0.074482,-0.11526,-0.15105,-0.18584,-0.2226,-0.26181,-0.30562,-0.35419,-0.40652,-0.4615,-0.51403,-0.5672,-0.61126,-0.65526,-0.68519,-0.71508,-0.73065,-0.74657,-0.75228,-0.75838,-0.75975,-0.76064,-0.7611,-0.75981,-0.76081,-0.76146,-0.76038,-0.7604,-0.75945,-0.75794,-0.75569,-0.75439,-0.74976,-0.75299,-0.74825,-0.75611,-0.75505,-0.75089,-0.7441
-0.064708,-0.074482,-0.11526,-0.15105,-0.18584,-0.2226,-0.26181,-0.30562,-0.35419,-0.40652,-0.4615,-0.51403,-0.5672,-0.61126,-0.65526,-0.68519,-0.71508,-0.73065,-0.74657,-0.75228,-0.75838,-0.75975,-0.76064,-0.7611,-0.75981,-0.76081,-0.76146,-0.76038,-0.7604,-0.75945,-0.75794,-0.75569,-0.75439,-0.74976,-0.75299,-0.74825,-0.75611,-0.75505,-0.75089,-0.7441
0.020333,0.022594,0.032971,0.042721,0.051637,0.056948,0.054415,0.041697,0.018222,-0.011208,-0.047452,-0.078013,-0.11189,-0.12922,-0.14845,-0.1465,-0.14647,-0.1291,-0.11393,-0.089558,-0.06666,-0.042297,-0.017927,0.0025212,0.02382,0.040362,0.056285,0.0712,0.082942,0.09548,0.099889,0.10902,0.10732,0.11092,0.1159,0.12222,0.14159,0.16724,0.1617,0.19495
0.020333,0.022594,0.032971,0.042721,0.051637,0.056948,0.054415,0.041697,0.018222,-0.011208,-0.047452,-0.078013,-0.11189,-0.12922,-0.14845,-0.1465,-0.14647,-0.1291,-0.11393,-0.089558,-0.06666,-0.042297,-0.017927,0.0025212,0.02382,0.040362,0.056285,0.0712,0.082942,0.09548,0.099889,0.10902,0.10732,0.11092,0.1159,0.12222,0.14159,0.16724,0.1617,0.19495
-0.054409,-0.059642,-0.086929,-0.12064,-0.15924,-0.20622,-0.26476,-0.33707,-0.42464,-0.51884,-0.62157,-0.71045,-0.79819,-0.85673,-0.90911,-0.93701,-0.95901,-0.97164,-0.97824,-0.98656,-0.98795,-0.99453,-0.99549,-0.99669,-0.99502,-0.99129,-0.99375,-0.98684,-0.99726,-0.99522,-0.98744,-0.96979,-0.94368,-0.87861,-0.93476,-0.87541,-0.99011,-0.98312,-0.81682,-0.71115
-0.054409,-0.059642,-0.086929,-0.12064,-0.15924,-0.20622,-0.26476,-0.33707,-0.42464,-0.51884,-0.62157,-0.71045,-0.79819,-0.85673,-0.90911,-0.93701,-0.95901,-0.97164,-0.97824,-0.98656,-0.98795,-0.99453,-0.99549,-0.99669,-0.99502,-0.99129,-0.99375,-0.98684,-0.99726,-0.99522,-0.98744,-0.96979,-0.94368,-0.87861,-0.93476,-0.87541,-0.99011,-0.98312,-0.81682,-0.71115
-0.054409,-0.059642,-0.086929,-0.12064,-0.15924,-0.20622,-0.26476,-0.33707,-0.42464,-0.51884,-0.62157,-0.71045,-0.79819,-0.85673,-0.90911,-0.93701,-0.95901,-0.97164,-0.97824,-0.98656,-0.98795,-0.99453,-0.99549,-0.99669,-0.99502,-0.99129,-0.99375,-0.98684,-0.99726,-0.99522,-0.98744,-0.96979,-0.94368,-0.87861,-0.93476,-0.87541,-0.99011,-0.98312,-0.81682,-0.71115
-0.040222,-0.058006,-0.13426,-0.20779,-0.27716,-0.35582,-0.44732,-0.54593,-0.64923,-0.74052,-0.82466,-0.88113,-0.9259,-0.94916,-0.96449,-0.97319,-0.97651,-0.98132,-0.98186,-0.98412,-0.98407,-0.98235,-0.97779,-0.97981,-0.97189,-0.98411,-0.97822,-0.96603,-0.95825,-0.91976,-0.97008,-0.95451,-0.95381,-0.92075,-0.74617,-0.60822,-0.67574,-0.54985,-0.91519,-0.86512
-0.040222,-0.058006,-0.13426,-0.20779,-0.27716,-0.35582,-0.44732,-0.54593,-0.64923,-0.74052,-0.82466,-0.88113,-0.9259,-0.94916,-0.96449,-0.97319,-0.97651,-0.98132,-0.98186,-0.98412,-0.98407,-0.98235,-0.97779,-0.97981,-0.97189,-0.98411,-0.97822,-0.96603,-0.95825,-0.91976,-0.97008,-0.95451,-0.95381,-0.92075,-0.74617,-0.60822,-0.67574,-0.54985,-0.91519,-0.86512
-0.040222,-0.058006,-0.13426,-0.20779,-0.27716,-0.35582,-0.44732,-0.54593,-0.64923,-0.74052,-0.82466,-0.88113,-0.9259,-0.94916,-0.96449,-0.97319,-0.97651,-0.98132,-0.98186,-0.98412,-0.98407,-0.98235,-0.97779,-0.97981,-0.97189,-0.98411,-0.97822,-0.96603,-0.95825,-0.91976,-0.97008,-0.95451,-0.95381,-0.92075,-0.74617,-0.60822,-0.67574,-0.54985,-0.91519,-0.86512
-0.040222,-0.058006,-0.13426,-0.20779,-0.27716,-0.35582,-0.44732,-0.54593,-0.64923,-0.74052,-0.82466,-0.88113,-0.9259,-0.94916,-0.96449,-0.97319,-0.97651,-0.98132,-0.98186,-0.98412,-0.98407,-0.98235,-0.97779,-0.97981,-0.97189,-0.98411,-0.97822,-0.96603,-0.95825,-0.91976,-0.97008,-0.95451,-0.95381,-0.92075,-0.74617,-0.60822,-0.67574,-0.54985,-0.91519,-0.86512
-0.11585,-0.12944,-0.19912,-0.27724,-0.3646,-0.46962,-0.58488,-0.69131,-0.78202,-0.84256,-0.8839,-0.905,-0.91653,-0.92328,-0.92567,-0.92854,-0.92922,-0.92948,-0.92824,-0.92842,-0.9242,-0.93005,-0.92889,-0.91851,-0.89255,-0.90565,-0.92677,-0.92065,-0.8558,-0.77471,-0.76353,-0.64664,-0.82121,-0.72512,0.64941,0.76491,0.19138,0.025561,-0.74776,-0.75947
-0.11585,-0.12944,-0.19912,-0.27724,-0.3646,-0.46962,-0.58488,-0.69131,-0.78202,-0.84256,-0.8839,-0.905,-0.91653,-0.92328,-0.92567,-0.92854,-0.92922,-0.92948,-0.92824,-0.92842,-0.9242,-0.93005,-0.92889,-0.91851,-0.89255,-0.90565,-0.92677,-0.92065,-0.8558,-0.77471,-0.76353,-0.64664,-0.82121,-0.72512,0.64941,0.76491,0.19138,0.025561,-0.74776,-0.75947
-0.11585,-0.12944,-0.19912,-0.27724,-0.3646,-0.46962,-0.58488,-0.69131,-0.78202,-0.84256,-0.8839,-0.905,-0.91653,-0.92328,-0.92567,-0.92854,-0.92922,-0.92948,-0.92824,-0.92842,-0.9242,-0.93005,-0.92889,-0.91851,-0.89255,-0.90565,-0.92677,-0.92065,-0.8558,-0.77471,-0.76353,-0.64664,-0.82121,-0.72512,0.64941,0.76491,0.19138,0.025561,-0.74776,-0.75947
-0.11585,-0.12944,-0.19912,-0.27724,-0.3646,-0.46962,-0.58488,-0.69131,-0.78202,-0.84256,-0.8839,-0.905,-0.91653,-0.92328,-0.92567,-0.92854,-0.92922,-0.92948,-0.92824,-0.92842,-0.9242,-0.93005,-0.92889,-0.91851,-0.89255,-0.90565,-0.92677,-0.92065,-0.8558,-0.77471,-0.76353,-0.64664,-0.82121,-0.72512,0.64941,0.76491,0.19138,0.025561,-0.74776,-0.75947
-0.11585,-0.12944,-0.19912,-0.27724,-0.3646,-0.46962,-0.58488,-0.69131,-0.78202,-0.84256,-0.8839,-0.905,-0.91653,-0.92328,-0.92567,-0.92854,-0.92922,-0.92948,-0.92824,-0.92842,-0.9242,-0.93005,-0.92889,-0.91851,-0.89255,-0.90565,-0.92677,-0.92065,-0.8558,-0.77471,-0.76353,-0.64664,-0.82121,-0.72512,0.64941,0.76491,0.19138,0.025561,-0.74776,-0.75947
-0.11585,-0.12944,-0.19912,-0.27724,-0.3646,-0.46962,-0.58488,-0.69131,-0.78202,-0.84256,-0.8839,-0.905,-0.91653,-0.92328,-0.92567,-0.92854,-0.92922,-0.92948,-0.92824,-0.92842,-0.9242,-0.93005,-0.92889,-0.91851,-0.89255,-0.90565,-0.92677,-0.92065,-0.8558,-0.77471,-0.76353,-0.64664,-0.82121,-0.72512,0.64941,0.76491,0.19138,0.025561,-0.74776,-0.75947
-0.1346,-0.18281,-0.354,-0.48805,-0.59768,-0.68897,-0.76042,-0.80977,-0.84286,-0.86336,-0.87623,-0.88569,-0.89171,-0.89624,-0.89901,-0.90072,-0.9006,-0.90309,-0.90297,-0.89971,-0.88711,-0.90018,-0.89256,-0.87769,-0.83926,-0.79401,-0.85095,-0.76701,0.72427,0.83379,-0.66902,-0.73632,-0.56264,-0.58138,-0.42098,-0.43108,-0.022294,0.045147,0.21156,0.16516
-0.1346,-0.18281,-0.354,-0.48805,-0.59768,-0.68897,-0.76042,-0.80977,-0.84286,-0.86336,-0.87623,-0.88569,-0.89171,-0.89624,-0.89901,-0.90072,-0.9006,-0.90309,-0.90297,-0.89971,-0.88711,-0.90018,-0.89256,-0.87769,-0.83926,-0.79401,-0.85095,-0.76701,0.72427,0.83379,-0.66902,-0.73632,-0.56264,-0.58138,-0.42098,-0.43108,-0.022294,0.045147,0.21156,0.16516
-0.1346,-0.18281,-0.354,-0.48805,-0.59768,-0.68897,-0.76042,-0.80977,-0.84286,-0.86336,-0.87623,-0.88569,-0.89171,-0.89624,-0.89901,-0.90072,-0.9006,-0.90309,-0.90297,-0.89971,-0.88711,-0.90018,-0.89256,-0.87769,-0.83926,-0.79401,-0.85095,-0.76701,0.72427,0.83379,-0.66902,-0.73632,-0.56264,-0.58138,-0.42098,-0.43108,-0.022294,0.045147,0.21156,0.16516
-0.1346,-0.18281,-0.354,-0.48805,-0.59768,-0.68897,-0.76042,-0.80977,-0.84286,-0.86336,-0.87623,-0.88569,-0.89171,-0.89624,-0.89901,-0.90072,-0.9006,-0.90309,-0.90297,-0.89971,-0.88711,-0.90018,-0.89256,-0.87769,-0.83926,-0.79401,-0.85095,-0.76701,0.72427,0.83379,-0.66902,-0.73632,-0.56264,-0.58138,-0.42098,-0.43108,-0.022294,0.045147,0.21156,0.16516
-0.1346,-0.18281,-0.354,-0.48805,-0.59768,-0.68897,-0.76042,-0.80977,-0.84286,-0.86336,-0.87623,-0.88569,-0.89171,-0.89624,-0.89901,-0.90072,-0.9006,-0.90309,-0.90297,-0.89971,-0.88711,-0.90018,-0.89256,-0.87769,-0.83926,-0.79401,-0.85095,-0.76701,0.72427,0.83379,-0.66902,-0.73632,-0.56264,-0.58138,-0.42098,-0.43108,-0.022294,0.045147,0.21156,0.16516
-0.1346,-0.18281,-0.354,-0.48805,-0.59768,-0.68897,-0.76042,-0.80977,-0.84286,-0.86336,-0.87623,-0.88569,-0.89171,-0.89624,-0.89901,-0.90072,-0.9006,-0.90309,-0.90297,-0.89971,-0.88711,-0.90018,-0.89256,-0.87769,-0.83926,-0.79401,-0.85095,-0.76701,0.72427,0.83379,-0.66902,-0.73632,-0.56264,-0.58138,-0.42098,-0.43108,-0.022294,0.045147,0.21156,0.16516
-0.1346,-0.18281,-0.354,-0.48805,-0.59768,-0.68897,-0.76042,-0.80977,-0.84286,-0.86336,-0.87623,-0.88569,-0.89171,-0.89624,-0.89901,-0.90072,-0.9006,-0.90309,-0.90297,-0.89971,-0.88711,-0.90018,-0.89256,-0.87769,-0.83926,-0.79401,-0.85095,-0.76701,0.72427,0.83379,-0.66902,-0.73632,-0.56264,-0.58138,-0.42098,-0.43108,-0.022294,0.045147,0.21156,0.16516
