0.0061356,0.0072323,0.012376,0.01732,0.021703,0.026038,0.0303,0.034636,0.038814,0.043157,0.047246,0.051592,0.055592,0.059934,0.063849,0.068176,0.072009,0.076312,0.080065,0.084335,0.08801,0.092238,0.095837,0.10001,0.10354,0.10766,0.11168,0.11517,0.11912,0.12253,0.12642,0.12975,0.13356,0.13681,0.14054,0.14371,0.14735,0.15043,0.15397,0.15696
0.012772,0.015048,0.025714,0.035938,0.044956,0.053822,0.062485,0.071219,0.079578,0.088158,0.096181,0.10457,0.11224,0.12039,0.12772,0.1356,0.14257,0.15013,0.15675,0.16391,0.17012,0.17678,0.18251,0.18855,0.19371,0.19903,0.20386,0.2081,0.21215,0.21571,0.21899,0.22188,0.22444,0.22671,0.2286,0.23031,0.23162,0.23282,0.23359,0.23435
0.016517,0.01945,0.033187,0.04631,0.057807,0.069014,0.079874,0.090688,0.10095,0.1113,0.12091,0.13071,0.13962,0.14868,0.15671,0.16468,0.1716,0.17818,0.18377,0.18881,0.19304,0.19662,0.19959,0.20189,0.2038,0.20502,0.20575,0.20634,0.20619,0.20607,0.20509,0.20431,0.20252,0.20112,0.19852,0.1965,0.19307,0.19042,0.18613,0.18283
0.027515,0.032357,0.055001,0.076508,0.095172,0.11318,0.13046,0.14746,0.16346,0.17932,0.19386,0.20806,0.22066,0.23258,0.24284,0.25223,0.26013,0.26716,0.27298,0.27797,0.28204,0.28517,0.28771,0.28908,0.2902,0.2898,0.28845,0.28735,0.28422,0.2817,0.27674,0.27276,0.26594,0.26047,0.25176,0.24474,0.23411,0.22551,0.21297,0.20274
0.0398,0.046781,0.079424,0.11034,0.13698,0.16245,0.18663,0.20982,0.23095,0.25026,0.26681,0.2809,0.29237,0.30159,0.30886,0.31429,0.31844,0.32079,0.32243,0.32201,0.32143,0.31832,0.31564,0.30983,0.30503,0.29644,0.28655,0.27799,0.26525,0.25429,0.2387,0.22526,0.20684,0.1909,0.16978,0.15134,0.12769,0.10682,0.080857,0.05768
0.044486,0.05222,0.088374,0.12253,0.15184,0.1798,0.20624,0.23097,0.25264,0.27101,0.28566,0.29704,0.30555,0.31152,0.31565,0.31736,0.31807,0.31593,0.31356,0.3076,0.30218,0.29229,0.28369,0.26976,0.25782,0.23979,0.22011,0.20229,0.17878,0.15743,0.13031,0.10551,0.075118,0.047069,0.013867,-0.017127,-0.052575,-0.086091,-0.12312,-0.15862
0.0628,0.073663,0.12449,0.1725,0.21352,0.25199,0.28716,0.31823,0.34405,0.36508,0.38163,0.3949,0.40524,0.41314,0.41915,0.4226,0.42498,0.4242,0.42311,0.41804,0.41335,0.4038,0.39525,0.38109,0.36844,0.34965,0.32905,0.30932,0.2844,0.26025,0.23133,0.20289,0.17048,0.13805,0.10283,0.066904,0.029672,-0.0090838,-0.047449,-0.08824
0.056233,0.065577,0.10888,0.14876,0.18187,0.2123,0.23965,0.2641,0.28527,0.3043,0.32046,0.33438,0.3457,0.35387,0.36008,0.36194,0.36272,0.35785,0.35282,0.34096,0.32978,0.31091,0.2933,0.26755,0.24333,0.21109,0.17675,0.14223,0.10265,0.062323,0.018684,-0.026545,-0.07284,-0.12175,-0.16918,-0.22032,-0.26731,-0.31905,-0.3642,-0.41487
0.075108,0.08795,0.14808,0.20483,0.2521,0.29305,0.32635,0.35251,0.37244,0.38738,0.39804,0.40397,0.40693,0.40436,0.40002,0.38893,0.37714,0.3574,0.33781,0.30951,0.28188,0.24539,0.2097,0.16576,0.12234,0.072111,0.020507,-0.033025,-0.088211,-0.14612,-0.20268,-0.26282,-0.31836,-0.37825,-0.43041,-0.48745,-0.53439,-0.58634,-0.62689,-0.6722
0.082256,0.095691,0.15735,0.21174,0.25245,0.28458,0.30893,0.32597,0.33678,0.34028,0.33904,0.32963,0.31734,0.29552,0.27258,0.23879,0.20538,0.16067,0.11742,0.06364,0.011895,-0.048319,-0.10643,-0.16988,-0.23156,-0.29472,-0.35538,-0.41628,-0.4722,-0.5287,-0.57768,-0.62756,-0.66855,-0.71065,-0.74363,-0.77778,-0.80344,-0.83024,-0.84996,-0.87055
0.12058,0.14115,0.23761,0.32638,0.39403,0.44689,0.48676,0.51661,0.53865,0.55355,0.56329,0.56631,0.56605,0.55869,0.54937,0.53248,0.51441,0.48881,0.46227,0.42916,0.39484,0.3559,0.31507,0.27251,0.22701,0.18312,0.13978,0.091692,0.049167,0.0011482,-0.039898,-0.086956,-0.12654,-0.17233,-0.21082,-0.25545,-0.29272,-0.33611,-0.37191,-0.41352
0.095214,0.11116,0.18651,0.25761,0.31248,0.35448,0.38488,0.4069,0.42266,0.43319,0.43981,0.44093,0.4392,0.4309,0.42055,0.40314,0.38424,0.35886,0.33222,0.30109,0.26853,0.23487,0.19931,0.16697,0.13212,0.10484,0.080942,0.055184,0.039335,0.022706,0.015501,0.0094833,0.010375,0.015303,0.023174,0.038672,0.051601,0.076572,0.092441,0.12501
0.081059,0.094252,0.15611,0.21219,0.25167,0.28055,0.30119,0.31411,0.32054,0.31854,0.31123,0.29414,0.27297,0.24147,0.20671,0.16221,0.11461,0.059636,0.0012473,-0.060113,-0.12554,-0.18831,-0.25588,-0.31566,-0.38053,-0.43476,-0.48721,-0.5412,-0.58799,-0.63371,-0.67492,-0.71204,-0.7483,-0.77674,-0.80879,-0.82869,-0.85906,-0.87256,-0.90251,-0.91376
0.13253,0.15376,0.25368,0.34521,0.41189,0.46358,0.50441,0.53714,0.56358,0.58421,0.60107,0.6124,0.62154,0.62549,0.62849,0.62783,0.62724,0.62608,0.62587,0.62906,0.63376,0.64495,0.65766,0.67774,0.69869,0.72531,0.75322,0.78098,0.80925,0.83582,0.86067,0.88156,0.90313,0.91674,0.93801,0.9472,0.96582,0.97353,0.97855,0.98015
0.15218,0.17746,0.29527,0.39336,0.45755,0.50841,0.55092,0.58624,0.61526,0.63777,0.65575,0.66727,0.67566,0.67855,0.67954,0.67758,0.67487,0.67317,0.67185,0.6756,0.68075,0.69321,0.70796,0.72906,0.75305,0.77846,0.80384,0.83105,0.85498,0.87742,0.89918,0.91499,0.93446,0.9449,0.95881,0.96414,0.97093,0.96984,0.97643,0.97057
0.17034,0.19693,0.31639,0.40681,0.45492,0.48323,0.49894,0.50247,0.49673,0.47785,0.45102,0.41,0.36195,0.30106,0.2339,0.15855,0.077683,-0.004064,-0.090756,-0.17076,-0.25531,-0.32783,-0.4045,-0.467,-0.53326,-0.58502,-0.63304,-0.68185,-0.72055,-0.75931,-0.79037,-0.82088,-0.84468,-0.86883,-0.88235,-0.89903,-0.90281,-0.90876,-0.90803,-0.9003
0.1778,0.20603,0.33789,0.44126,0.49694,0.53165,0.55487,0.56848,0.57462,0.57001,0.55819,0.53476,0.50491,0.4664,0.42238,0.37544,0.32291,0.27336,0.21683,0.16733,0.10862,0.058736,-0.0027828,-0.054024,-0.11901,-0.17176,-0.22782,-0.29344,-0.35057,-0.41656,-0.46552,-0.52388,-0.5506,-0.58058,-0.59504,-0.58361,-0.61232,-0.56417,-0.6102,-0.53398
0.1778,0.20603,0.33789,0.44126,0.49694,0.53165,0.55487,0.56848,0.57462,0.57001,0.55819,0.53476,0.50491,0.4664,0.42238,0.37544,0.32291,0.27336,0.21683,0.16733,0.10862,0.058736,-0.0027828,-0.054024,-0.11901,-0.17176,-0.22782,-0.29344,-0.35057,-0.41656,-0.46552,-0.52388,-0.5506,-0.58058,-0.59504,-0.58361,-0.61232,-0.56417,-0.6102,-0.53398
0.20768,0.2427,0.40097,0.51468,0.57846,0.62811,0.67104,0.70782,0.73948,0.76441,0.78535,0.79982,0.81175,0.81956,0.82636,0.83316,0.83982,0.84987,0.85932,0.87268,0.88433,0.89879,0.91081,0.92322,0.93318,0.94246,0.95181,0.95773,0.96577,0.97037,0.97213,0.97145,0.96709,0.95452,0.96767,0.95342,0.98091,0.97635,0.94653,0.91045
0.23791,0.26976,0.41595,0.52678,0.59433,0.64894,0.69549,0.73164,0.75904,0.77379,0.78076,0.7776,0.76925,0.75838,0.74542,0.73857,0.73221,0.73642,0.74307,0.75746,0.77588,0.79529,0.81934,0.83972,0.86375,0.88205,0.89676,0.91282,0.9227,0.92975,0.94121,0.94242,0.94607,0.9358,0.93665,0.90886,0.94784,0.9223,0.96122,0.93731
0.21317,0.23441,0.33626,0.41538,0.44228,0.4366,0.40903,0.35866,0.29207,0.2068,0.11249,0.011453,-0.090595,-0.18585,-0.27798,-0.35663,-0.43243,-0.49499,-0.55683,-0.60708,-0.65881,-0.69924,-0.74276,-0.77418,-0.8103,-0.83171,-0.84788,-0.86766,-0.87668,-0.88228,-0.89548,-0.89083,-0.90875,-0.89681,-0.90388,-0.86965,-0.8744,-0.80214,-0.8724,-0.7953
0.21317,0.23441,0.33626,0.41538,0.44228,0.4366,0.40903,0.35866,0.29207,0.2068,0.11249,0.011453,-0.090595,-0.18585,-0.27798,-0.35663,-0.43243,-0.49499,-0.55683,-0.60708,-0.65881,-0.69924,-0.74276,-0.77418,-0.8103,-0.83171,-0.84788,-0.86766,-0.87668,-0.88228,-0.89548,-0.89083,-0.90875,-0.89681,-0.90388,-0.86965,-0.8744,-0.80214,-0.8724,-0.7953
0.28601,0.31563,0.44449,0.54293,0.59537,0.62121,0.62985,0.62439,0.61049,0.59081,0.57034,0.55594,0.54909,0.55858,0.58137,0.61975,0.67012,0.72436,0.7791,0.83253,0.87057,0.91717,0.94262,0.94987,0.94152,0.94236,0.96849,0.94987,0.9523,0.90577,0.90903,0.82577,0.85861,0.77049,0.71723,0.61429,0.73126,0.61985,0.69311,0.62824
0.28601,0.31563,0.44449,0.54293,0.59537,0.62121,0.62985,0.62439,0.61049,0.59081,0.57034,0.55594,0.54909,0.55858,0.58137,0.61975,0.67012,0.72436,0.7791,0.83253,0.87057,0.91717,0.94262,0.94987,0.94152,0.94236,0.96849,0.94987,0.9523,0.90577,0.90903,0.82577,0.85861,0.77049,0.71723,0.61429,0.73126,0.61985,0.69311,0.62824
0.28601,0.31563,0.44449,0.54293,0.59537,0.62121,0.62985,0.62439,0.61049,0.59081,0.57034,0.55594,0.54909,0.55858,0.58137,0.61975,0.67012,0.72436,0.7791,0.83253,0.87057,0.91717,0.94262,0.94987,0.94152,0.94236,0.96849,0.94987,0.9523,0.90577,0.90903,0.82577,0.85861,0.77049,0.71723,0.61429,0.73126,0.61985,0.69311,0.62824
0.29052,0.32424,0.47479,0.59246,0.65108,0.67421,0.6766,0.66573,0.64477,0.61864,0.58993,0.56954,0.55582,0.55428,0.5615,0.57318,0.59401,0.61109,0.6389,0.65625,0.68484,0.70218,0.7279,0.73552,0.74345,0.74964,0.76988,0.75078,0.78299,0.74933,0.79485,0.74641,0.79916,0.73875,0.81944,0.77993,0.6064,0.54721,0.26739,0.176
0.25784,0.29497,0.47154,0.62575,0.71333,0.7606,0.78505,0.79603,0.79798,0.79733,0.79664,0.8035,0.81661,0.83508,0.85926,0.88009,0.90453,0.92125,0.93997,0.94919,0.95781,0.96454,0.96328,0.96539,0.94635,0.96547,0.98122,0.96436,0.97066,0.93607,0.97733,0.94805,0.86983,0.78607,0.83337,0.79591,0.68907,0.6456,0.36987,0.29559
0.25784,0.29497,0.47154,0.62575,0.71333,0.7606,0.78505,0.79603,0.79798,0.79733,0.79664,0.8035,0.81661,0.83508,0.85926,0.88009,0.90453,0.92125,0.93997,0.94919,0.95781,0.96454,0.96328,0.96539,0.94635,0.96547,0.98122,0.96436,0.97066,0.93607,0.97733,0.94805,0.86983,0.78607,0.83337,0.79591,0.68907,0.6456,0.36987,0.29559
0.25784,0.29497,0.47154,0.62575,0.71333,0.7606,0.78505,0.79603,0.79798,0.79733,0.79664,0.8035,0.81661,0.83508,0.85926,0.88009,0.90453,0.92125,0.93997,0.94919,0.95781,0.96454,0.96328,0.96539,0.94635,0.96547,0.98122,0.96436,0.97066,0.93607,0.97733,0.94805,0.86983,0.78607,0.83337,0.79591,0.68907,0.6456,0.36987,0.29559
0.25784,0.29497,0.47154,0.62575,0.71333,0.7606,0.78505,0.79603,0.79798,0.79733,0.79664,0.8035,0.81661,0.83508,0.85926,0.88009,0.90453,0.92125,0.93997,0.94919,0.95781,0.96454,0.96328,0.96539,0.94635,0.96547,0.98122,0.96436,0.97066,0.93607,0.97733,0.94805,0.86983,0.78607,0.83337,0.79591,0.68907,0.6456,0.36987,0.29559
0.28473,0.31067,0.38715,0.39779,0.35945,0.28085,0.16774,0.033522,-0.11155,-0.24692,-0.37323,-0.47975,-0.5721,-0.65052,-0.71645,-0.76943,-0.81527,-0.84397,-0.86917,-0.88039,-0.87456,-0.90846,-0.90145,-0.86905,-0.75597,-0.81626,-0.95897,-0.94105,-0.67188,-0.4498,-0.52791,-0.30253,-0.29482,-0.086927,0.58541,0.62221,0.44491,0.34843,-0.19862,-0.21781
0.28473,0.31067,0.38715,0.39779,0.35945,0.28085,0.16774,0.033522,-0.11155,-0.24692,-0.37323,-0.47975,-0.5721,-0.65052,-0.71645,-0.76943,-0.81527,-0.84397,-0.86917,-0.88039,-0.87456,-0.90846,-0.90145,-0.86905,-0.75597,-0.81626,-0.95897,-0.94105,-0.67188,-0.4498,-0.52791,-0.30253,-0.29482,-0.086927,0.58541,0.62221,0.44491,0.34843,-0.19862,-0.21781
0.28473,0.31067,0.38715,0.39779,0.35945,0.28085,0.16774,0.033522,-0.11155,-0.24692,-0.37323,-0.47975,-0.5721,-0.65052,-0.71645,-0.76943,-0.81527,-0.84397,-0.86917,-0.88039,-0.87456,-0.90846,-0.90145,-0.86905,-0.75597,-0.81626,-0.95897,-0.94105,-0.67188,-0.4498,-0.52791,-0.30253,-0.29482,-0.086927,0.58541,0.62221,0.44491,0.34843,-0.19862,-0.21781
0.29341,0.31951,0.40914,0.45471,0.4506,0.39495,0.28899,0.14233,-0.035077,-0.21849,-0.40675,-0.56111,-0.6978,-0.79027,-0.86238,-0.90691,-0.93595,-0.95441,-0.95577,-0.96987,-0.95088,-0.99087,-0.98688,-0.95052,-0.8523,-0.8781,-0.94718,-0.8734,-0.76319,-0.56603,-0.49057,-0.27917,-0.20384,0.047262,0.54623,0.57948,0.34348,0.2521,-0.24346,-0.25765
0.29341,0.31951,0.40914,0.45471,0.4506,0.39495,0.28899,0.14233,-0.035077,-0.21849,-0.40675,-0.56111,-0.6978,-0.79027,-0.86238,-0.90691,-0.93595,-0.95441,-0.95577,-0.96987,-0.95088,-0.99087,-0.98688,-0.95052,-0.8523,-0.8781,-0.94718,-0.8734,-0.76319,-0.56603,-0.49057,-0.27917,-0.20384,0.047262,0.54623,0.57948,0.34348,0.2521,-0.24346,-0.25765
0.29341,0.31951,0.40914,0.45471,0.4506,0.39495,0.28899,0.14233,-0.035077,-0.21849,-0.40675,-0.56111,-0.6978,-0.79027,-0.86238,-0.90691,-0.93595,-0.95441,-0.95577,-0.96987,-0.95088,-0.99087,-0.98688,-0.95052,-0.8523,-0.8781,-0.94718,-0.8734,-0.76319,-0.56603,-0.49057,-0.27917,-0.20384,0.047262,0.54623,0.57948,0.34348,0.2521,-0.24346,-0.25765
0.29181,0.32916,0.47732,0.59284,0.67521,0.73746,0.78065,0.81059,0.83275,0.85677,0.87906,0.89817,0.91291,0.92413,0.93178,0.93524,0.92833,0.94301,0.92723,0.92449,0.8634,0.93112,0.8479,0.76611,0.67617,0.75276,0.32301,0.26363,0.80362,0.7992,0.26207,0.28475,0.78093,0.78228,0.53073,0.52869,0.094478,0.10737,0.70656,0.70981
0.29181,0.32916,0.47732,0.59284,0.67521,0.73746,0.78065,0.81059,0.83275,0.85677,0.87906,0.89817,0.91291,0.92413,0.93178,0.93524,0.92833,0.94301,0.92723,0.92449,0.8634,0.93112,0.8479,0.76611,0.67617,0.75276,0.32301,0.26363,0.80362,0.7992,0.26207,0.28475,0.78093,0.78228,0.53073,0.52869,0.094478,0.10737,0.70656,0.70981
0.29181,0.32916,0.47732,0.59284,0.67521,0.73746,0.78065,0.81059,0.83275,0.85677,0.87906,0.89817,0.91291,0.92413,0.93178,0.93524,0.92833,0.94301,0.92723,0.92449,0.8634,0.93112,0.8479,0.76611,0.67617,0.75276,0.32301,0.26363,0.80362,0.7992,0.26207,0.28475,0.78093,0.78228,0.53073,0.52869,0.094478,0.10737,0.70656,0.70981
0.29181,0.32916,0.47732,0.59284,0.67521,0.73746,0.78065,0.81059,0.83275,0.85677,0.87906,0.89817,0.91291,0.92413,0.93178,0.93524,0.92833,0.94301,0.92723,0.92449,0.8634,0.93112,0.8479,0.76611,0.67617,0.75276,0.32301,0.26363,0.80362,0.7992,0.26207,0.28475,0.78093,0.78228,0.53073,0.52869,0.094478,0.10737,0.70656,0.70981
