0.0097112,0.011444,0.019426,0.026883,0.03344,0.039912,0.04627,0.052731,0.05894,0.065368,0.071374,0.077693,0.083432,0.08955,0.094965,0.10082,0.10588,0.11144,0.11616,0.12142,0.12582,0.13078,0.13488,0.13955,0.14338,0.14778,0.15197,0.1555,0.15943,0.16273,0.16642,0.16949,0.17295,0.17581,0.17904,0.18171,0.1847,0.18718,0.18996,0.19226
0.019673,0.023154,0.039107,0.053959,0.06691,0.079396,0.09123,0.10271,0.11321,0.12352,0.13271,0.1419,0.1499,0.15806,0.16503,0.17223,0.1783,0.18459,0.18983,0.19525,0.19975,0.20434,0.20816,0.212,0.21523,0.21843,0.22131,0.22383,0.22628,0.22845,0.23059,0.23249,0.23443,0.23615,0.23799,0.2396,0.24142,0.24298,0.24485,0.2464
0.02748,0.032298,0.054552,0.075214,0.092471,0.10824,0.12244,0.13553,0.14701,0.15771,0.16687,0.17544,0.18267,0.18936,0.19496,0.20007,0.20436,0.20828,0.21163,0.21478,0.21753,0.2203,0.22273,0.22541,0.22773,0.23055,0.23352,0.23608,0.23942,0.24219,0.24597,0.24902,0.25325,0.25658,0.26123,0.26485,0.26988,0.27375,0.27908,0.28318
0.036292,0.04262,0.071449,0.097139,0.11744,0.13497,0.14997,0.16308,0.17408,0.18361,0.19144,0.19799,0.20335,0.20766,0.21132,0.21434,0.21708,0.2197,0.22217,0.22508,0.22773,0.23137,0.23449,0.23905,0.24274,0.24821,0.25398,0.25874,0.26516,0.27039,0.27728,0.28287,0.29007,0.2959,0.30325,0.30922,0.31657,0.3226,0.32984,0.33583
0.04221,0.049491,0.082173,0.1098,0.13048,0.14773,0.16203,0.17384,0.18331,0.19083,0.19687,0.20183,0.20611,0.21027,0.21412,0.21867,0.22286,0.22845,0.23336,0.24017,0.24588,0.25377,0.2602,0.26888,0.27583,0.28497,0.29397,0.30156,0.31059,0.31821,0.32706,0.33456,0.34304,0.3503,0.35827,0.36518,0.37251,0.37897,0.38556,0.39148
0.053355,0.062072,0.10001,0.13063,0.15239,0.16946,0.18275,0.19287,0.20067,0.20668,0.21177,0.21658,0.22121,0.22688,0.23232,0.23977,0.24649,0.25569,0.26358,0.27404,0.28278,0.29392,0.30312,0.3144,0.32371,0.33472,0.34514,0.35425,0.36397,0.37253,0.3813,0.38915,0.3968,0.40381,0.41021,0.41628,0.42137,0.42644,0.4302,0.43425
0.043004,0.049807,0.079032,0.10074,0.1139,0.12233,0.12764,0.13059,0.13285,0.13514,0.13811,0.143,0.14841,0.15685,0.16481,0.17611,0.18593,0.19879,0.20959,0.22282,0.2338,0.24647,0.25704,0.26852,0.27823,0.28811,0.29677,0.30463,0.31136,0.31771,0.32239,0.32713,0.32975,0.33288,0.33352,0.33507,0.33388,0.33392,0.3311,0.32976
0.043077,0.049042,0.072338,0.086513,0.092755,0.09419,0.093188,0.091175,0.09054,0.092598,0.096759,0.10525,0.11425,0.12753,0.1396,0.15511,0.16842,0.18412,0.19733,0.21187,0.22411,0.23669,0.24739,0.25748,0.26629,0.27356,0.27917,0.28459,0.28736,0.29052,0.29059,0.29156,0.28921,0.28816,0.2837,0.28083,0.27462,0.27014,0.26252,0.25667
0.054298,0.061433,0.08868,0.1049,0.11245,0.11593,0.11812,0.12085,0.12517,0.13288,0.1419,0.1553,0.16829,0.18518,0.20028,0.21814,0.2336,0.25057,0.26518,0.28007,0.293,0.30508,0.31581,0.32466,0.33289,0.3384,0.34218,0.34635,0.34722,0.34896,0.34731,0.34686,0.3431,0.34075,0.33534,0.33138,0.32473,0.31949,0.31201,0.30578
0.068061,0.078096,0.11816,0.14352,0.15632,0.16385,0.17011,0.17791,0.18752,0.20085,0.21486,0.23223,0.24854,0.26709,0.28361,0.30118,0.31653,0.33176,0.34503,0.357,0.36759,0.37579,0.3834,0.38773,0.39228,0.39299,0.39218,0.3922,0.3886,0.38617,0.38031,0.37578,0.36819,0.36193,0.35312,0.34552,0.33596,0.32739,0.31752,0.30836
0.039344,0.042223,0.051065,0.0492,0.040252,0.030334,0.02456,0.026133,0.033601,0.048928,0.065705,0.087325,0.10698,0.12844,0.14675,0.16446,0.17924,0.19153,0.20185,0.20826,0.21392,0.21476,0.21605,0.21213,0.2096,0.20192,0.19314,0.18576,0.1747,0.16514,0.15258,0.14144,0.12806,0.11585,0.10225,0.089458,0.076108,0.063159,0.050446,0.037698
0.077343,0.08577,0.11592,0.12977,0.13458,0.13968,0.1484,0.16262,0.17943,0.20025,0.22043,0.24226,0.26178,0.28098,0.29756,0.31206,0.3244,0.33309,0.34058,0.34325,0.34587,0.34312,0.34128,0.33408,0.32843,0.31785,0.30648,0.29618,0.283,0.27078,0.25666,0.24323,0.22894,0.21495,0.20111,0.18714,0.1742,0.16071,0.14894,0.13627
0.010083,0.005148,-0.014829,-0.034836,-0.047219,-0.045504,-0.031958,-0.0081671,0.018175,0.04828,0.075504,0.10237,0.12499,0.14471,0.16075,0.17214,0.18116,0.18428,0.18663,0.18247,0.17899,0.16909,0.16085,0.14681,0.13489,0.11816,0.10121,0.085389,0.067496,0.050444,0.032508,0.014985,-0.002286,-0.019635,-0.035738,-0.052394,-0.067034,-0.082618,-0.095679,-0.10995
0.06619,0.07157,0.089498,0.093638,0.093078,0.097327,0.10837,0.12665,0.14739,0.17081,0.19255,0.2133,0.23115,0.24546,0.25726,0.26363,0.26873,0.26737,0.26618,0.25846,0.25196,0.23959,0.22897,0.21364,0.20012,0.18335,0.167,0.15118,0.13514,0.11919,0.10431,0.089018,0.075818,0.06175,0.050455,0.037962,0.028571,0.017804,0.01013,0.0010652
0.0466,0.047696,0.051429,0.04627,0.040095,0.042276,0.053757,0.074097,0.096955,0.12208,0.14472,0.16501,0.18175,0.1933,0.20219,0.20429,0.20545,0.19952,0.19421,0.18252,0.17234,0.15708,0.14356,0.12657,0.11106,0.093822,0.07746,0.061117,0.045911,0.030183,0.016712,0.0022089,-0.0092461,-0.022118,-0.031484,-0.042485,-0.04986,-0.058905,-0.064508,-0.071656
0.10671,0.11646,0.14725,0.15406,0.15375,0.15926,0.17137,0.18929,0.20867,0.22893,0.24694,0.26161,0.27318,0.27853,0.2818,0.27757,0.27285,0.26067,0.24926,0.23129,0.21472,0.19309,0.17289,0.14952,0.1272,0.10378,0.081436,0.058691,0.037985,0.016447,-0.0019925,-0.021589,-0.037604,-0.054933,-0.068753,-0.083868,-0.095952,-0.10918,-0.12001,-0.13181
0.0067289,-0.0036147,-0.027816,-0.031808,-0.017515,0.01094,0.045455,0.082614,0.11613,0.1456,0.16903,0.18514,0.19632,0.19852,0.19823,0.18897,0.17949,0.16228,0.14617,0.12426,0.10386,0.07992,0.057306,0.033503,0.010445,-0.0116,-0.031994,-0.05294,-0.070578,-0.089118,-0.10387,-0.11972,-0.13189,-0.14515,-0.15528,-0.16636,-0.17499,-0.18441,-0.1921,-0.2004
-0.053579,-0.069964,-0.11632,-0.13533,-0.12805,-0.098063,-0.057789,-0.013768,0.025403,0.058266,0.083261,0.098319,0.10773,0.10675,0.10344,0.09125,0.079083,0.060339,0.042659,0.020923,0.00033755,-0.021795,-0.043281,-0.064028,-0.084911,-0.10319,-0.11992,-0.13774,-0.15169,-0.16692,-0.1782,-0.19073,-0.19968,-0.20972,-0.21684,-0.22482,-0.23066,-0.23713,-0.24232,-0.24786
-0.076775,-0.10481,-0.16871,-0.16897,-0.13453,-0.084903,-0.032735,0.017125,0.058962,0.092067,0.11638,0.12954,0.13676,0.13295,0.1266,0.11124,0.095621,0.073833,0.052753,0.028599,0.0051243,-0.018491,-0.042033,-0.063288,-0.085256,-0.10328,-0.1197,-0.13728,-0.15065,-0.16517,-0.17587,-0.18757,-0.19618,-0.20559,-0.21279,-0.22057,-0.22705,-0.2339,-0.24018,-0.24675
-0.11076,-0.13195,-0.18174,-0.18686,-0.16484,-0.12708,-0.084875,-0.044463,-0.011402,0.011741,0.026627,0.02941,0.027307,0.014508,0.0002797,-0.021392,-0.042634,-0.067583,-0.091707,-0.11603,-0.14001,-0.16133,-0.18312,-0.20035,-0.21873,-0.23165,-0.24293,-0.25512,-0.26298,-0.27161,-0.27683,-0.28262,-0.28609,-0.28987,-0.29245,-0.29509,-0.29738,-0.2996,-0.3019,-0.30422
-0.15094,-0.18432,-0.27046,-0.27697,-0.24536,-0.19786,-0.14757,-0.10113,-0.064746,-0.040491,-0.026012,-0.024551,-0.028396,-0.043055,-0.05932,-0.083022,-0.10661,-0.13399,-0.16105,-0.18836,-0.21598,-0.24071,-0.26655,-0.28712,-0.30938,-0.32514,-0.33907,-0.35395,-0.36392,-0.37455,-0.38162,-0.38903,-0.39439,-0.39976,-0.40438,-0.40871,-0.41316,-0.41722,-0.42174,-0.42604
-0.18009,-0.20352,-0.29444,-0.31244,-0.28901,-0.24799,-0.20093,-0.15606,-0.12132,-0.10064,-0.090413,-0.093938,-0.1021,-0.11921,-0.13713,-0.15939,-0.18125,-0.20395,-0.22648,-0.24734,-0.2688,-0.28688,-0.30622,-0.32118,-0.3377,-0.34938,-0.35993,-0.3712,-0.37898,-0.3873,-0.39309,-0.39927,-0.404,-0.40907,-0.41348,-0.41833,-0.42291,-0.42824,-0.43314,-0.43938
-0.046139,-0.085668,-0.12733,-0.10203,-0.054752,-0.006492,0.03254,0.058066,0.071097,0.06951,0.060455,0.0404,0.017775,-0.011424,-0.04066,-0.072397,-0.10352,-0.13383,-0.16394,-0.19109,-0.21871,-0.24244,-0.26707,-0.28766,-0.30927,-0.32721,-0.3444,-0.36214,-0.37771,-0.3941,-0.4089,-0.42502,-0.43957,-0.45632,-0.47075,-0.48862,-0.50285,-0.52197,-0.53591,-0.55612
-0.062037,-0.097108,-0.13877,-0.11478,-0.067103,-0.017731,0.022311,0.048521,0.062061,0.06106,0.052595,0.033259,0.011074,-0.017739,-0.047078,-0.07883,-0.11044,-0.14058,-0.17079,-0.19666,-0.22303,-0.24375,-0.26518,-0.28124,-0.29802,-0.31075,-0.32284,-0.33495,-0.3457,-0.35659,-0.36693,-0.37774,-0.38807,-0.39958,-0.40976,-0.4223,-0.43208,-0.44563,-0.45504,-0.46946
-0.062037,-0.097108,-0.13877,-0.11478,-0.067103,-0.017731,0.022311,0.048521,0.062061,0.06106,0.052595,0.033259,0.011074,-0.017739,-0.047078,-0.07883,-0.11044,-0.14058,-0.17079,-0.19666,-0.22303,-0.24375,-0.26518,-0.28124,-0.29802,-0.31075,-0.32284,-0.33495,-0.3457,-0.35659,-0.36693,-0.37774,-0.38807,-0.39958,-0.40976,-0.4223,-0.43208,-0.44563,-0.45504,-0.46946
-0.19171,-0.23383,-0.29875,-0.28137,-0.22735,-0.16508,-0.11249,-0.077705,-0.059725,-0.060643,-0.07082,-0.092911,-0.11774,-0.14728,-0.17688,-0.20569,-0.23416,-0.25826,-0.28237,-0.30055,-0.31899,-0.33179,-0.3449,-0.35386,-0.36311,-0.36998,-0.37672,-0.38339,-0.38972,-0.3964,-0.40283,-0.4103,-0.41684,-0.42544,-0.43216,-0.44199,-0.44896,-0.46009,-0.46698,-0.47924
-0.19171,-0.23383,-0.29875,-0.28137,-0.22735,-0.16508,-0.11249,-0.077705,-0.059725,-0.060643,-0.07082,-0.092911,-0.11774,-0.14728,-0.17688,-0.20569,-0.23416,-0.25826,-0.28237,-0.30055,-0.31899,-0.33179,-0.3449,-0.35386,-0.36311,-0.36998,-0.37672,-0.38339,-0.38972,-0.3964,-0.40283,-0.4103,-0.41684,-0.42544,-0.43216,-0.44199,-0.44896,-0.46009,-0.46698,-0.47924
0.020815,-0.028616,-0.072337,-0.038974,0.015666,0.064542,0.097731,0.11041,0.10821,0.089744,0.064337,0.03074,-0.0049621,-0.041501,-0.078512,-0.11055,-0.14298,-0.16688,-0.19131,-0.20635,-0.22177,-0.2294,-0.23708,-0.24005,-0.24258,-0.24358,-0.24449,-0.24401,-0.24439,-0.24355,-0.24392,-0.24329,-0.24437,-0.24456,-0.24614,-0.24746,-0.24887,-0.251,-0.2515,-0.25296
0.020815,-0.028616,-0.072337,-0.038974,0.015666,0.064542,0.097731,0.11041,0.10821,0.089744,0.064337,0.03074,-0.0049621,-0.041501,-0.078512,-0.11055,-0.14298,-0.16688,-0.19131,-0.20635,-0.22177,-0.2294,-0.23708,-0.24005,-0.24258,-0.24358,-0.24449,-0.24401,-0.24439,-0.24355,-0.24392,-0.24329,-0.24437,-0.24456,-0.24614,-0.24746,-0.24887,-0.251,-0.2515,-0.25296
0.020815,-0.028616,-0.072337,-0.038974,0.015666,0.064542,0.097731,0.11041,0.10821,0.089744,0.064337,0.03074,-0.0049621,-0.041501,-0.078512,-0.11055,-0.14298,-0.16688,-0.19131,-0.20635,-0.22177,-0.2294,-0.23708,-0.24005,-0.24258,-0.24358,-0.24449,-0.24401,-0.24439,-0.24355,-0.24392,-0.24329,-0.24437,-0.24456,-0.24614,-0.24746,-0.24887,-0.251,-0.2515,-0.25296
-0.093352,-0.14319,-0.20984,-0.1981,-0.15558,-0.10973,-0.074271,-0.055698,-0.050994,-0.059935,-0.07592,-0.096911,-0.12057,-0.14217,-0.16491,-0.18133,-0.19831,-0.20738,-0.21646,-0.21857,-0.22022,-0.21765,-0.21413,-0.20953,-0.20332,-0.19814,-0.19322,-0.18588,-0.18158,-0.1744,-0.17095,-0.16455,-0.16159,-0.15611,-0.15373,-0.14907,-0.14633,-0.14118,-0.14168,-0.13732
-0.093352,-0.14319,-0.20984,-0.1981,-0.15558,-0.10973,-0.074271,-0.055698,-0.050994,-0.059935,-0.07592,-0.096911,-0.12057,-0.14217,-0.16491,-0.18133,-0.19831,-0.20738,-0.21646,-0.21857,-0.22022,-0.21765,-0.21413,-0.20953,-0.20332,-0.19814,-0.19322,-0.18588,-0.18158,-0.1744,-0.17095,-0.16455,-0.16159,-0.15611,-0.15373,-0.14907,-0.14633,-0.14118,-0.14168,-0.13732
-0.093352,-0.14319,-0.20984,-0.1981,-0.15558,-0.10973,-0.074271,-0.055698,-0.050994,-0.059935,-0.07592,-0.096911,-0.12057,-0.14217,-0.16491,-0.18133,-0.19831,-0.20738,-0.21646,-0.21857,-0.22022,-0.21765,-0.21413,-0.20953,-0.20332,-0.19814,-0.19322,-0.18588,-0.18158,-0.1744,-0.17095,-0.16455,-0.16159,-0.15611,-0.15373,-0.14907,-0.14633,-0.14118,-0.14168,-0.13732
-0.1479,-0.20433,-0.26063,-0.23985,-0.19532,-0.15518,-0.1307,-0.12572,-0.13403,-0.15502,-0.18179,-0.21248,-0.24544,-0.27507,-0.30542,-0.32746,-0.34905,-0.36159,-0.37322,-0.37903,-0.3839,-0.38684,-0.38866,-0.39101,-0.39213,-0.39443,-0.39625,-0.39799,-0.39973,-0.40193,-0.4036,-0.40595,-0.40791,-0.40997,-0.41242,-0.41347,-0.41456,-0.41184,-0.41147,-0.40159
-0.31955,-0.33155,-0.37217,-0.37908,-0.36844,-0.35876,-0.35881,-0.3711,-0.39179,-0.41711,-0.44563,-0.47231,-0.50051,-0.52278,-0.54562,-0.55967,-0.57306,-0.57737,-0.58041,-0.57752,-0.57325,-0.56747,-0.55996,-0.55447,-0.54671,-0.54317,-0.5407,-0.53661,-0.53631,-0.53579,-0.5358,-0.53697,-0.53686,-0.53561,-0.54108,-0.53763,-0.54806,-0.54437,-0.54004,-0.52467
-0.31955,-0.33155,-0.37217,-0.37908,-0.36844,-0.35876,-0.35881,-0.3711,-0.39179,-0.41711,-0.44563,-0.47231,-0.50051,-0.52278,-0.54562,-0.55967,-0.57306,-0.57737,-0.58041,-0.57752,-0.57325,-0.56747,-0.55996,-0.55447,-0.54671,-0.54317,-0.5407,-0.53661,-0.53631,-0.53579,-0.5358,-0.53697,-0.53686,-0.53561,-0.54108,-0.53763,-0.54806,-0.54437,-0.54004,-0.52467
-0.31955,-0.33155,-0.37217,-0.37908,-0.36844,-0.35876,-0.35881,-0.3711,-0.39179,-0.41711,-0.44563,-0.47231,-0.50051,-0.52278,-0.54562,-0.55967,-0.57306,-0.57737,-0.58041,-0.57752,-0.57325,-0.56747,-0.55996,-0.55447,-0.54671,-0.54317,-0.5407,-0.53661,-0.53631,-0.53579,-0.5358,-0.53697,-0.53686,-0.53561,-0.54108,-0.53763,-0.54806,-0.54437,-0.54004,-0.52467
-0.3007,-0.31824,-0.36875,-0.3748,-0.36775,-0.36335,-0.36936,-0.38812,-0.41578,-0.44802,-0.48323,-0.51441,-0.54518,-0.5664,-0.58554,-0.59469,-0.60162,-0.6023,-0.60107,-0.59792,-0.59257,-0.58827,-0.58115,-0.57659,-0.56866,-0.56438,-0.56013,-0.55271,-0.54951,-0.54254,-0.54104,-0.53501,-0.53507,-0.53022,-0.52982,-0.52506,-0.5243,-0.51834,-0.51059,-0.49849
-0.3007,-0.31824,-0.36875,-0.3748,-0.36775,-0.36335,-0.36936,-0.38812,-0.41578,-0.44802,-0.48323,-0.51441,-0.54518,-0.5664,-0.58554,-0.59469,-0.60162,-0.6023,-0.60107,-0.59792,-0.59257,-0.58827,-0.58115,-0.57659,-0.56866,-0.56438,-0.56013,-0.55271,-0.54951,-0.54254,-0.54104,-0.53501,-0.53507,-0.53022,-0.52982,-0.52506,-0.5243,-0.51834,-0.51059,-0.49849
-0.32806,-0.31723,-0.20081,-0.097976,-0.041681,-0.02974,-0.049383,-0.088965,-0.13617,-0.18375,-0.22989,-0.26949,-0.30672,-0.33723,-0.36587,-0.38932,-0.41208,-0.43184,-0.45325,-0.47261,-0.49666,-0.51702,-0.54541,-0.56668,-0.59927,-0.61908,-0.63719,-0.66417,-0.67774,-0.69149,-0.71049,-0.71033,-0.72991,-0.71025,-0.72394,-0.66988,-0.73963,-0.67439,-0.82631,-0.78884
