0.012899,0.014727,0.021928,0.027659,0.032451,0.037042,0.041422,0.045805,0.049939,0.054251,0.058258,0.062595,0.066549,0.070947,0.074877,0.079339,0.083254,0.087773,0.091676,0.096246,0.10014,0.10476,0.10864,0.1133,0.11718,0.12188,0.12651,0.13049,0.13516,0.13914,0.14385,0.14782,0.15256,0.15653,0.16131,0.16528,0.17007,0.17403,0.17883,0.18279
0.020474,0.023309,0.035048,0.045003,0.053513,0.061909,0.0702,0.078748,0.08703,0.095774,0.10403,0.11296,0.12119,0.13029,0.13851,0.14777,0.15597,0.16536,0.17354,0.18298,0.19109,0.20048,0.20844,0.21767,0.2254,0.23436,0.24297,0.2504,0.25864,0.26569,0.27353,0.28019,0.28762,0.29389,0.30091,0.3068,0.31342,0.31896,0.32519,0.33039
0.028156,0.032473,0.049268,0.062918,0.075344,0.087995,0.10062,0.11364,0.12626,0.13954,0.1521,0.16556,0.17797,0.19143,0.2035,0.21662,0.2281,0.24055,0.25123,0.26278,0.27255,0.28311,0.29195,0.3015,0.30945,0.31803,0.32598,0.33279,0.33983,0.34585,0.352,0.35726,0.36254,0.36706,0.37147,0.37527,0.37883,0.38195,0.3847,0.38715
0.035397,0.040238,0.060256,0.078275,0.094843,0.11156,0.12816,0.14524,0.16178,0.179,0.19512,0.21183,0.2269,0.24239,0.25596,0.26989,0.28185,0.29417,0.30463,0.31544,0.32454,0.33388,0.3417,0.34956,0.35612,0.36245,0.36789,0.37257,0.37652,0.37996,0.38251,0.38479,0.38607,0.38731,0.38751,0.38784,0.38715,0.38672,0.38529,0.38425
0.039662,0.045601,0.070916,0.093678,0.11415,0.13471,0.15514,0.17598,0.19591,0.21592,0.23411,0.252,0.26768,0.28301,0.29616,0.30903,0.31994,0.33048,0.3393,0.34749,0.35428,0.36008,0.36486,0.36833,0.37121,0.37256,0.37297,0.37331,0.37219,0.37124,0.36892,0.36697,0.36375,0.36105,0.35715,0.35388,0.34948,0.34578,0.34099,0.33696
0.042407,0.049403,0.08071,0.10958,0.13501,0.15997,0.18406,0.20749,0.22883,0.24894,0.26638,0.28255,0.29617,0.30863,0.31891,0.3279,0.33513,0.34078,0.34515,0.34762,0.34938,0.34907,0.34859,0.34608,0.34384,0.33969,0.33503,0.33084,0.32524,0.32028,0.31401,0.30851,0.30177,0.29588,0.28879,0.28262,0.27526,0.26887,0.2613,0.25473
0.054293,0.062468,0.097724,0.12959,0.15788,0.18547,0.21147,0.23575,0.25705,0.27634,0.29263,0.30708,0.31893,0.32878,0.33647,0.34175,0.3455,0.34653,0.34681,0.34439,0.34193,0.33702,0.33261,0.32603,0.32032,0.31266,0.30478,0.29772,0.28925,0.28173,0.27285,0.26501,0.25583,0.24773,0.23831,0.23,0.22036,0.21184,0.20197,0.19322
0.068126,0.077058,0.1138,0.14685,0.17704,0.2062,0.2329,0.25708,0.27798,0.29685,0.31283,0.327,0.33854,0.34787,0.35499,0.3596,0.36271,0.36345,0.36345,0.36148,0.35937,0.3557,0.35226,0.34754,0.34327,0.33788,0.33234,0.32728,0.32138,0.31606,0.30992,0.30442,0.29811,0.29248,0.28601,0.28026,0.27361,0.26769,0.26079,0.25464
0.06048,0.070945,0.11685,0.15692,0.19065,0.2211,0.24731,0.2695,0.2875,0.30203,0.3131,0.32056,0.32527,0.32601,0.32504,0.32027,0.31495,0.30637,0.29815,0.28721,0.27719,0.26479,0.25366,0.24032,0.22843,0.21443,0.20039,0.18744,0.17289,0.15942,0.14436,0.13033,0.1147,0.09999,0.083686,0.068154,0.051051,0.034537,0.016538,-0.0011004
0.062799,0.072673,0.11669,0.15726,0.19195,0.22299,0.24939,0.27128,0.28868,0.30163,0.31061,0.31461,0.31567,0.31202,0.307,0.29827,0.28949,0.27797,0.26717,0.25423,0.24238,0.22871,0.21628,0.20216,0.1893,0.17478,0.16026,0.14647,0.13138,0.1169,0.10103,0.085558,0.068617,0.051804,0.033501,0.014954,-0.0049479,-0.025603,-0.04725,-0.070297
0.07728,0.087486,0.13071,0.16916,0.20089,0.22789,0.24989,0.26713,0.27977,0.28744,0.29129,0.29038,0.28723,0.28063,0.2734,0.26411,0.25516,0.24502,0.23564,0.22546,0.21618,0.20623,0.19722,0.1875,0.17871,0.16912,0.15965,0.15076,0.1411,0.13192,0.12177,0.11196,0.10097,0.090114,0.077911,0.065526,0.051702,0.037241,0.021402,0.0043128
0.075883,0.087008,0.13503,0.17475,0.20251,0.22112,0.2316,0.23431,0.23125,0.22121,0.20787,0.18895,0.16939,0.14597,0.12365,0.098568,0.075379,0.049835,0.026397,0.00057913,-0.023214,-0.049609,-0.074221,-0.10165,-0.12766,-0.15656,-0.18582,-0.2152,-0.24622,-0.27798,-0.31052,-0.34452,-0.37787,-0.41342,-0.44647,-0.48233,-0.51378,-0.54844,-0.5771,-0.60915
0.088162,0.09997,0.15001,0.19186,0.22253,0.24537,0.26095,0.26895,0.27048,0.26423,0.25371,0.23708,0.21908,0.19704,0.17545,0.15093,0.1276,0.10167,0.077074,0.049854,0.023757,-0.0050499,-0.033229,-0.064066,-0.09506,-0.12834,-0.1623,-0.19869,-0.23502,-0.27505,-0.313,-0.35588,-0.39394,-0.43785,-0.47403,-0.51642,-0.54877,-0.58714,-0.61452,-0.64726
0.083083,0.096475,0.15557,0.20524,0.2415,0.27059,0.29351,0.31003,0.32039,0.32421,0.32371,0.31851,0.31145,0.30147,0.29111,0.2786,0.26638,0.25224,0.23868,0.22325,0.2084,0.19167,0.17531,0.15693,0.13855,0.11803,0.096593,0.073731,0.049468,0.022886,-0.0044394,-0.035106,-0.065197,-0.099644,-0.13156,-0.16865,-0.20103,-0.23906,-0.27078,-0.30818
0.08459,0.098936,0.16526,0.22346,0.26544,0.29742,0.32057,0.33521,0.3425,0.3433,0.34015,0.33367,0.32593,0.31663,0.30733,0.2972,0.28766,0.27774,0.26865,0.25956,0.25141,0.24337,0.2364,0.22936,0.2236,0.21708,0.21047,0.20523,0.19766,0.19147,0.18162,0.17267,0.15942,0.14592,0.12892,0.11006,0.089529,0.065653,0.042438,0.014725
0.09259,0.1088,0.18091,0.23976,0.28096,0.31198,0.33402,0.34747,0.35399,0.35483,0.35224,0.34692,0.34032,0.3324,0.32432,0.31579,0.30776,0.30014,0.29346,0.28786,0.28369,0.28096,0.28047,0.28116,0.28563,0.28977,0.29526,0.3072,0.31529,0.33213,0.34127,0.36031,0.36879,0.38538,0.39228,0.40138,0.4079,0.40629,0.41594,0.40328
0.087853,0.10166,0.16398,0.212,0.23853,0.252,0.25572,0.25229,0.24513,0.23677,0.22883,0.22254,0.21771,0.21506,0.21394,0.21499,0.21774,0.22275,0.2301,0.23975,0.25319,0.26862,0.29055,0.31279,0.34604,0.37521,0.40751,0.4557,0.49264,0.54705,0.58448,0.63513,0.66977,0.70687,0.73968,0.7593,0.79432,0.79848,0.84146,0.83631
0.087853,0.10166,0.16398,0.212,0.23853,0.252,0.25572,0.25229,0.24513,0.23677,0.22883,0.22254,0.21771,0.21506,0.21394,0.21499,0.21774,0.22275,0.2301,0.23975,0.25319,0.26862,0.29055,0.31279,0.34604,0.37521,0.40751,0.4557,0.49264,0.54705,0.58448,0.63513,0.66977,0.70687,0.73968,0.7593,0.79432,0.79848,0.84146,0.83631
0.091972,0.10414,0.15491,0.18539,0.1942,0.1896,0.17403,0.14857,0.11772,0.082039,0.045451,0.0060722,-0.033057,-0.075267,-0.11774,-0.16391,-0.2116,-0.26255,-0.31667,-0.37144,-0.43092,-0.48574,-0.54599,-0.59523,-0.64948,-0.68862,-0.72372,-0.76019,-0.78598,-0.81196,-0.83127,-0.84958,-0.86487,-0.87804,-0.8909,-0.9007,-0.91223,-0.92006,-0.93033,-0.93733
0.090524,0.10239,0.15181,0.18475,0.19919,0.19844,0.18342,0.15571,0.12109,0.080208,0.037281,-0.009625,-0.057629,-0.10932,-0.16318,-0.22033,-0.28193,-0.34461,-0.41448,-0.47965,-0.55392,-0.61445,-0.68376,-0.73155,-0.78607,-0.81813,-0.84688,-0.87458,-0.89391,-0.90974,-0.92402,-0.93245,-0.94472,-0.94916,-0.96091,-0.96417,-0.97339,-0.97653,-0.97938,-0.98031
0.090524,0.10239,0.15181,0.18475,0.19919,0.19844,0.18342,0.15571,0.12109,0.080208,0.037281,-0.009625,-0.057629,-0.10932,-0.16318,-0.22033,-0.28193,-0.34461,-0.41448,-0.47965,-0.55392,-0.61445,-0.68376,-0.73155,-0.78607,-0.81813,-0.84688,-0.87458,-0.89391,-0.90974,-0.92402,-0.93245,-0.94472,-0.94916,-0.96091,-0.96417,-0.97339,-0.97653,-0.97938,-0.98031
0.10174,0.11405,0.16551,0.19302,0.19067,0.16695,0.12988,0.085679,0.040683,-0.0043385,-0.047368,-0.090637,-0.13371,-0.17884,-0.22701,-0.27779,-0.33594,-0.39419,-0.46452,-0.52732,-0.60461,-0.66253,-0.73241,-0.77546,-0.82448,-0.85269,-0.88085,-0.89991,-0.92095,-0.92889,-0.94731,-0.95019,-0.96643,-0.96826,-0.97825,-0.97902,-0.97946,-0.97453,-0.96452,-0.94521
0.077302,0.082003,0.095746,0.088353,0.060784,0.020846,-0.022985,-0.066066,-0.10579,-0.14333,-0.17902,-0.21564,-0.25335,-0.29459,-0.33996,-0.38908,-0.44577,-0.5024,-0.5699,-0.62845,-0.69887,-0.74914,-0.80884,-0.84337,-0.88312,-0.90386,-0.92461,-0.93855,-0.95384,-0.95862,-0.97288,-0.97404,-0.98705,-0.98823,-0.99426,-0.99415,-0.99187,-0.98589,-0.97828,-0.96088
0.072618,0.080206,0.1081,0.1158,0.10225,0.074924,0.041637,0.0071821,-0.026319,-0.059865,-0.094122,-0.13125,-0.17233,-0.21773,-0.27126,-0.32712,-0.3966,-0.46084,-0.5435,-0.60715,-0.68844,-0.73859,-0.7983,-0.83216,-0.8632,-0.88873,-0.9188,-0.92398,-0.95369,-0.9542,-0.97929,-0.98065,-0.98744,-0.98142,-0.96315,-0.92957,-0.91803,-0.85531,-0.91101,-0.85154
0.088981,0.0976,0.12866,0.13574,0.11731,0.081058,0.035913,-0.012168,-0.059522,-0.10602,-0.15219,-0.19886,-0.24837,-0.29909,-0.35684,-0.41315,-0.48123,-0.54017,-0.61423,-0.66751,-0.73499,-0.77399,-0.82158,-0.84687,-0.87146,-0.89144,-0.91682,-0.92219,-0.94877,-0.952,-0.97224,-0.97536,-0.97882,-0.97324,-0.96248,-0.93631,-0.9326,-0.88526,-0.92808,-0.88205
0.086153,0.098672,0.15001,0.18049,0.18148,0.16094,0.12794,0.088442,0.045674,0.00022062,-0.048591,-0.099121,-0.15566,-0.21029,-0.27437,-0.32811,-0.39333,-0.43645,-0.48843,-0.51223,-0.5373,-0.54437,-0.54185,-0.5427,-0.5204,-0.52593,-0.53203,-0.5095,-0.50957,-0.48755,-0.46754,-0.42794,-0.40517,-0.34349,-0.37904,-0.32983,-0.42111,-0.42163,-0.34822,-0.31365
0.086153,0.098672,0.15001,0.18049,0.18148,0.16094,0.12794,0.088442,0.045674,0.00022062,-0.048591,-0.099121,-0.15566,-0.21029,-0.27437,-0.32811,-0.39333,-0.43645,-0.48843,-0.51223,-0.5373,-0.54437,-0.54185,-0.5427,-0.5204,-0.52593,-0.53203,-0.5095,-0.50957,-0.48755,-0.46754,-0.42794,-0.40517,-0.34349,-0.37904,-0.32983,-0.42111,-0.42163,-0.34822,-0.31365
0.086153,0.098672,0.15001,0.18049,0.18148,0.16094,0.12794,0.088442,0.045674,0.00022062,-0.048591,-0.099121,-0.15566,-0.21029,-0.27437,-0.32811,-0.39333,-0.43645,-0.48843,-0.51223,-0.5373,-0.54437,-0.54185,-0.5427,-0.5204,-0.52593,-0.53203,-0.5095,-0.50957,-0.48755,-0.46754,-0.42794,-0.40517,-0.34349,-0.37904,-0.32983,-0.42111,-0.42163,-0.34822,-0.31365
0.062078,0.064462,0.074863,0.065034,0.030372,-0.017122,-0.06454,-0.10458,-0.1375,-0.16212,-0.18264,-0.19435,-0.20326,-0.19961,-0.19157,-0.16844,-0.13757,-0.096063,-0.043241,0.0091404,0.077163,0.13342,0.21002,0.26437,0.34379,0.38953,0.4304,0.48665,0.51327,0.53627,0.56846,0.55816,0.61412,0.58217,0.61924,0.54396,0.55687,0.44345,0.56091,0.46036
0.062078,0.064462,0.074863,0.065034,0.030372,-0.017122,-0.06454,-0.10458,-0.1375,-0.16212,-0.18264,-0.19435,-0.20326,-0.19961,-0.19157,-0.16844,-0.13757,-0.096063,-0.043241,0.0091404,0.077163,0.13342,0.21002,0.26437,0.34379,0.38953,0.4304,0.48665,0.51327,0.53627,0.56846,0.55816,0.61412,0.58217,0.61924,0.54396,0.55687,0.44345,0.56091,0.46036
0.062078,0.064462,0.074863,0.065034,0.030372,-0.017122,-0.06454,-0.10458,-0.1375,-0.16212,-0.18264,-0.19435,-0.20326,-0.19961,-0.19157,-0.16844,-0.13757,-0.096063,-0.043241,0.0091404,0.077163,0.13342,0.21002,0.26437,0.34379,0.38953,0.4304,0.48665,0.51327,0.53627,0.56846,0.55816,0.61412,0.58217,0.61924,0.54396,0.55687,0.44345,0.56091,0.46036
0.043194,0.052928,0.090314,0.1019,0.088192,0.0644,0.038642,0.015392,-0.0052619,-0.019307,-0.029343,-0.027638,-0.020623,-0.00084602,0.023777,0.055798,0.092458,0.12948,0.17322,0.2111,0.25949,0.29527,0.34645,0.37655,0.42659,0.44673,0.4697,0.49908,0.51817,0.5293,0.54215,0.52137,0.54104,0.48311,0.55484,0.48674,0.62715,0.57968,0.69591,0.65394
0.043194,0.052928,0.090314,0.1019,0.088192,0.0644,0.038642,0.015392,-0.0052619,-0.019307,-0.029343,-0.027638,-0.020623,-0.00084602,0.023777,0.055798,0.092458,0.12948,0.17322,0.2111,0.25949,0.29527,0.34645,0.37655,0.42659,0.44673,0.4697,0.49908,0.51817,0.5293,0.54215,0.52137,0.54104,0.48311,0.55484,0.48674,0.62715,0.57968,0.69591,0.65394
-0.015358,-0.022728,-0.055886,-0.099446,-0.13831,-0.16345,-0.17624,-0.17891,-0.17621,-0.16457,-0.14742,-0.11488,-0.072853,-0.013409,0.058175,0.13692,0.2292,0.31133,0.40937,0.48138,0.57148,0.62511,0.69693,0.72824,0.77266,0.78569,0.81274,0.81139,0.84912,0.82934,0.87429,0.83552,0.88982,0.83326,0.92543,0.87261,0.93265,0.85227,0.66578,0.50514
-0.015358,-0.022728,-0.055886,-0.099446,-0.13831,-0.16345,-0.17624,-0.17891,-0.17621,-0.16457,-0.14742,-0.11488,-0.072853,-0.013409,0.058175,0.13692,0.2292,0.31133,0.40937,0.48138,0.57148,0.62511,0.69693,0.72824,0.77266,0.78569,0.81274,0.81139,0.84912,0.82934,0.87429,0.83552,0.88982,0.83326,0.92543,0.87261,0.93265,0.85227,0.66578,0.50514
-0.015358,-0.022728,-0.055886,-0.099446,-0.13831,-0.16345,-0.17624,-0.17891,-0.17621,-0.16457,-0.14742,-0.11488,-0.072853,-0.013409,0.058175,0.13692,0.2292,0.31133,0.40937,0.48138,0.57148,0.62511,0.69693,0.72824,0.77266,0.78569,0.81274,0.81139,0.84912,0.82934,0.87429,0.83552,0.88982,0.83326,0.92543,0.87261,0.93265,0.85227,0.66578,0.50514
-0.045214,-0.06573,-0.14651,-0.23761,-0.32697,-0.41408,-0.50229,-0.59177,-0.68327,-0.76471,-0.83889,-0.88947,-0.9291,-0.95047,-0.96457,-0.9732,-0.97688,-0.98201,-0.98316,-0.98612,-0.98669,-0.98587,-0.98173,-0.98362,-0.97425,-0.98809,-0.98197,-0.9664,-0.96194,-0.92143,-0.96535,-0.93667,-0.94824,-0.90181,-0.69398,-0.53953,-0.59817,-0.49379,-0.85435,-0.83604
-0.045214,-0.06573,-0.14651,-0.23761,-0.32697,-0.41408,-0.50229,-0.59177,-0.68327,-0.76471,-0.83889,-0.88947,-0.9291,-0.95047,-0.96457,-0.9732,-0.97688,-0.98201,-0.98316,-0.98612,-0.98669,-0.98587,-0.98173,-0.98362,-0.97425,-0.98809,-0.98197,-0.9664,-0.96194,-0.92143,-0.96535,-0.93667,-0.94824,-0.90181,-0.69398,-0.53953,-0.59817,-0.49379,-0.85435,-0.83604
-0.045214,-0.06573,-0.14651,-0.23761,-0.32697,-0.41408,-0.50229,-0.59177,-0.68327,-0.76471,-0.83889,-0.88947,-0.9291,-0.95047,-0.96457,-0.9732,-0.97688,-0.98201,-0.98316,-0.98612,-0.98669,-0.98587,-0.98173,-0.98362,-0.97425,-0.98809,-0.98197,-0.9664,-0.96194,-0.92143,-0.96535,-0.93667,-0.94824,-0.90181,-0.69398,-0.53953,-0.59817,-0.49379,-0.85435,-0.83604
-0.037591,-0.061855,-0.15302,-0.25578,-0.35813,-0.45509,-0.547,-0.63282,-0.71655,-0.78887,-0.85621,-0.90302,-0.94166,-0.96289,-0.97738,-0.98626,-0.98974,-0.99503,-0.99564,-0.99835,-0.99813,-0.9965,-0.99093,-0.99298,-0.98237,-0.99655,-0.99024,-0.97294,-0.96908,-0.92495,-0.97132,-0.94096,-0.95512,-0.91541,-0.73075,-0.60371,-0.61281,-0.4802,-0.75501,-0.67286
