0.049468,0.058199,0.097627,0.13211,0.15918,0.18292,0.20384,0.22318,0.24012,0.2564,0.27046,0.28457,0.2966,0.30918,0.31977,0.33127,0.34083,0.35157,0.36041,0.37062,0.37892,0.38873,0.39661,0.40608,0.41361,0.42275,0.43155,0.4388,0.4473,0.45425,0.46246,0.46911,0.47704,0.48342,0.49108,0.4972,0.50461,0.51049,0.51768,0.52334
0.093133,0.10752,0.16473,0.20745,0.23903,0.26586,0.28896,0.31026,0.32907,0.34778,0.36435,0.3817,0.39684,0.41315,0.42709,0.44242,0.45526,0.46964,0.4815,0.49503,0.50604,0.51883,0.52915,0.5413,0.55102,0.56261,0.57366,0.58285,0.59336,0.60206,0.61201,0.62021,0.62958,0.63728,0.64604,0.65324,0.66137,0.66807,0.67559,0.68179
0.12927,0.14845,0.22099,0.27051,0.30555,0.33561,0.3623,0.38788,0.41101,0.43421,0.45477,0.47601,0.4944,0.51394,0.53056,0.5487,0.56394,0.58087,0.59493,0.61068,0.62365,0.63814,0.65,0.66314,0.67387,0.68562,0.69642,0.70561,0.71512,0.72323,0.73156,0.73869,0.74597,0.75222,0.75858,0.76408,0.76965,0.77449,0.77939,0.78368
0.14095,0.15988,0.2275,0.27288,0.30665,0.33696,0.3646,0.39124,0.41525,0.43917,0.46031,0.48215,0.50115,0.52124,0.53843,0.55667,0.57203,0.58818,0.60164,0.61559,0.62716,0.63899,0.64879,0.6587,0.66695,0.67522,0.68264,0.68907,0.69531,0.70074,0.70604,0.71068,0.71524,0.71926,0.72329,0.72683,0.73047,0.73366,0.73703,0.73996
0.19803,0.22249,0.30856,0.36516,0.40696,0.44429,0.47789,0.50982,0.53847,0.5669,0.5921,0.61761,0.63972,0.66195,0.68081,0.69945,0.71506,0.73025,0.74294,0.75521,0.76551,0.77548,0.78392,0.79212,0.79914,0.80603,0.81232,0.81791,0.8234,0.82829,0.83319,0.83757,0.842,0.84596,0.85002,0.85364,0.85737,0.86069,0.86414,0.86721
0.16727,0.18926,0.26444,0.31455,0.35414,0.39026,0.42293,0.45414,0.48234,0.5102,0.53483,0.55906,0.57984,0.59983,0.61663,0.63242,0.64557,0.65772,0.66784,0.67708,0.68481,0.69185,0.69778,0.70326,0.70789,0.71234,0.71642,0.7199,0.72348,0.72651,0.72981,0.73256,0.73573,0.73835,0.7415,0.74411,0.74732,0.75002,0.75334,0.75619
0.21538,0.23887,0.31739,0.37086,0.41276,0.45033,0.4843,0.51678,0.54598,0.57396,0.59815,0.62069,0.63958,0.65672,0.6709,0.68362,0.69412,0.70358,0.71143,0.71868,0.72473,0.7306,0.73552,0.74061,0.74484,0.74951,0.75399,0.75781,0.76214,0.76585,0.77013,0.77386,0.77815,0.78198,0.78642,0.79047,0.79518,0.79955,0.80463,0.80945
0.20112,0.22531,0.30672,0.36267,0.40721,0.44696,0.48235,0.51511,0.54368,0.56971,0.59154,0.61086,0.62671,0.64046,0.65165,0.66131,0.66919,0.67614,0.68185,0.68724,0.69167,0.69629,0.70006,0.70439,0.70789,0.71222,0.71652,0.72026,0.72476,0.72881,0.7337,0.73823,0.7437,0.74889,0.75508,0.76113,0.76812,0.77521,0.78315,0.79141
0.17083,0.19199,0.26611,0.32021,0.36392,0.40294,0.43748,0.46865,0.49513,0.5182,0.53704,0.55307,0.56593,0.57686,0.58559,0.5934,0.59969,0.60607,0.61127,0.61729,0.62223,0.62842,0.63358,0.64013,0.64577,0.65276,0.65982,0.66661,0.67436,0.68208,0.69068,0.69957,0.7092,0.71954,0.73039,0.74243,0.75452,0.76838,0.78153,0.79707
0.23896,0.26389,0.35101,0.41321,0.46329,0.50866,0.54851,0.58291,0.61084,0.63324,0.65042,0.66343,0.67305,0.68024,0.68543,0.68976,0.69283,0.69606,0.69828,0.70115,0.70313,0.70587,0.70788,0.7106,0.7128,0.71583,0.71905,0.72228,0.7264,0.73088,0.7365,0.74291,0.7506,0.75965,0.76967,0.78182,0.79406,0.80927,0.82285,0.84027
0.13665,0.15382,0.21394,0.25949,0.29891,0.3355,0.36765,0.39496,0.41662,0.43321,0.44518,0.4534,0.45863,0.46213,0.46389,0.46574,0.46644,0.46831,0.46922,0.47173,0.4734,0.47674,0.47945,0.48399,0.4882,0.49453,0.50181,0.50998,0.52041,0.53259,0.54705,0.56453,0.58346,0.60707,0.62998,0.65949,0.68464,0.71825,0.74301,0.77751
0.2058,0.22991,0.31453,0.37446,0.42306,0.46682,0.50414,0.53443,0.55743,0.57394,0.58507,0.59182,0.59526,0.59652,0.59575,0.59419,0.59116,0.58782,0.58323,0.57823,0.5721,0.56551,0.5578,0.54988,0.54088,0.53257,0.52487,0.51638,0.51104,0.50568,0.50501,0.50602,0.51175,0.52226,0.53487,0.55649,0.57448,0.60568,0.62625,0.66199
0.27377,0.30527,0.41333,0.48956,0.54954,0.59863,0.63614,0.66302,0.68118,0.69269,0.69954,0.70378,0.70579,0.70726,0.70725,0.70686,0.70517,0.70245,0.69859,0.6932,0.68683,0.67881,0.67003,0.66031,0.65009,0.64059,0.63239,0.62476,0.62062,0.61911,0.62152,0.62969,0.63967,0.6591,0.67483,0.70284,0.72125,0.75133,0.76907,0.79414
0.27132,0.30421,0.4196,0.49851,0.55669,0.60274,0.63659,0.65879,0.6716,0.67677,0.67688,0.67351,0.66764,0.66046,0.6516,0.64166,0.63013,0.6168,0.60174,0.58439,0.56498,0.5436,0.5197,0.49572,0.46848,0.44463,0.42242,0.3967,0.37914,0.35914,0.34831,0.33767,0.3344,0.33501,0.33921,0.35041,0.36046,0.37807,0.39061,0.40725
0.15281,0.17388,0.24875,0.30451,0.34845,0.38396,0.41063,0.42927,0.44114,0.44828,0.45177,0.45394,0.45421,0.45438,0.45311,0.45122,0.44795,0.44313,0.43691,0.4286,0.41883,0.40754,0.39461,0.38216,0.36808,0.35719,0.34799,0.33924,0.33552,0.33513,0.33853,0.3489,0.35931,0.37902,0.39414,0.41658,0.43709,0.45425,0.48386,0.4899
0.15484,0.17606,0.24861,0.2994,0.33727,0.36523,0.3829,0.39094,0.39123,0.38562,0.3758,0.36367,0.34919,0.3336,0.3159,0.2964,0.27427,0.24965,0.22146,0.19153,0.15651,0.12277,0.081411,0.046401,0.00017578,-0.034001,-0.068853,-0.11686,-0.15165,-0.20187,-0.23601,-0.2853,-0.32002,-0.36175,-0.40275,-0.43109,-0.48254,-0.49378,-0.55776,-0.55023
0.26584,0.29466,0.39272,0.45918,0.50312,0.52921,0.53977,0.53794,0.52774,0.5119,0.49204,0.46813,0.44051,0.40612,0.36663,0.31727,0.26056,0.1936,0.11569,0.032442,-0.067113,-0.16038,-0.27589,-0.36843,-0.48661,-0.5645,-0.63529,-0.71887,-0.76783,-0.82069,-0.85446,-0.88205,-0.90591,-0.91594,-0.93617,-0.93533,-0.96129,-0.95833,-0.98422,-0.98403
0.24322,0.27265,0.37407,0.44005,0.48031,0.50109,0.50468,0.49353,0.4717,0.4412,0.40424,0.36021,0.30993,0.2501,0.1819,0.1025,0.01167,-0.08571,-0.19778,-0.30245,-0.42402,-0.51846,-0.62915,-0.69931,-0.78213,-0.82491,-0.86157,-0.8974,-0.91933,-0.93521,-0.95199,-0.95733,-0.97102,-0.97112,-0.98284,-0.98059,-0.99339,-0.99238,-0.99884,-0.99758
0.29821,0.33055,0.42661,0.47869,0.50661,0.51548,0.50752,0.48483,0.45091,0.40725,0.35558,0.2962,0.22873,0.1528,0.066453,-0.026544,-0.13291,-0.236,-0.35495,-0.45284,-0.56736,-0.64407,-0.73485,-0.78538,-0.84403,-0.87404,-0.90202,-0.92194,-0.94189,-0.94793,-0.96779,-0.96927,-0.98463,-0.98488,-0.99013,-0.98624,-0.9891,-0.98001,-0.97897,-0.96007
0.023522,0.038525,0.091953,0.13173,0.15956,0.17677,0.18388,0.18332,0.17711,0.16735,0.154,0.13629,0.11378,0.084047,0.046838,0.0014198,-0.055823,-0.11751,-0.19767,-0.27226,-0.3729,-0.45093,-0.55817,-0.62352,-0.71069,-0.7568,-0.80752,-0.84218,-0.8824,-0.89222,-0.93384,-0.93375,-0.97473,-0.97617,-0.99327,-0.99028,-0.98493,-0.96585,-0.94637,-0.89949
-0.0040158,0.0089725,0.05905,0.096603,0.11843,0.12417,0.11458,0.092668,0.061807,0.024385,-0.019062,-0.06881,-0.1261,-0.18967,-0.26368,-0.33828,-0.42655,-0.50334,-0.59593,-0.66345,-0.74494,-0.7939,-0.85097,-0.87996,-0.9097,-0.92871,-0.95004,-0.9567,-0.97335,-0.974,-0.98848,-0.98803,-0.99577,-0.99347,-0.98686,-0.97252,-0.97201,-0.94513,-0.96815,-0.94061
-0.0040158,0.0089725,0.05905,0.096603,0.11843,0.12417,0.11458,0.092668,0.061807,0.024385,-0.019062,-0.06881,-0.1261,-0.18967,-0.26368,-0.33828,-0.42655,-0.50334,-0.59593,-0.66345,-0.74494,-0.7939,-0.85097,-0.87996,-0.9097,-0.92871,-0.95004,-0.9567,-0.97335,-0.974,-0.98848,-0.98803,-0.99577,-0.99347,-0.98686,-0.97252,-0.97201,-0.94513,-0.96815,-0.94061
0.16319,0.18445,0.25641,0.29792,0.31228,0.30588,0.2823,0.24383,0.19206,0.12377,0.039309,-0.064405,-0.18663,-0.31563,-0.45832,-0.57872,-0.70241,-0.78284,-0.86055,-0.89977,-0.93571,-0.95387,-0.96661,-0.97654,-0.97831,-0.98793,-0.99608,-0.99658,-0.99849,-0.99684,-0.99697,-0.99213,-0.98742,-0.97317,-0.98399,-0.96838,-0.9954,-0.99125,-0.96856,-0.93737
0.16319,0.18445,0.25641,0.29792,0.31228,0.30588,0.2823,0.24383,0.19206,0.12377,0.039309,-0.064405,-0.18663,-0.31563,-0.45832,-0.57872,-0.70241,-0.78284,-0.86055,-0.89977,-0.93571,-0.95387,-0.96661,-0.97654,-0.97831,-0.98793,-0.99608,-0.99658,-0.99849,-0.99684,-0.99697,-0.99213,-0.98742,-0.97317,-0.98399,-0.96838,-0.9954,-0.99125,-0.96856,-0.93737
0.16319,0.18445,0.25641,0.29792,0.31228,0.30588,0.2823,0.24383,0.19206,0.12377,0.039309,-0.064405,-0.18663,-0.31563,-0.45832,-0.57872,-0.70241,-0.78284,-0.86055,-0.89977,-0.93571,-0.95387,-0.96661,-0.97654,-0.97831,-0.98793,-0.99608,-0.99658,-0.99849,-0.99684,-0.99697,-0.99213,-0.98742,-0.97317,-0.98399,-0.96838,-0.9954,-0.99125,-0.96856,-0.93737
0.14777,0.16634,0.22055,0.23121,0.205,0.15216,0.079141,-0.0092087,-0.10997,-0.22215,-0.34416,-0.46751,-0.59312,-0.69667,-0.79411,-0.85646,-0.91147,-0.93999,-0.9634,-0.97479,-0.98166,-0.98893,-0.98999,-0.9952,-0.99437,-0.99805,-0.99914,-0.99755,-0.99447,-0.98699,-0.99471,-0.9885,-0.99358,-0.98613,-0.983,-0.96331,-0.95069,-0.89915,-0.88218,-0.788
0.14777,0.16634,0.22055,0.23121,0.205,0.15216,0.079141,-0.0092087,-0.10997,-0.22215,-0.34416,-0.46751,-0.59312,-0.69667,-0.79411,-0.85646,-0.91147,-0.93999,-0.9634,-0.97479,-0.98166,-0.98893,-0.98999,-0.9952,-0.99437,-0.99805,-0.99914,-0.99755,-0.99447,-0.98699,-0.99471,-0.9885,-0.99358,-0.98613,-0.983,-0.96331,-0.95069,-0.89915,-0.88218,-0.788
0.14777,0.16634,0.22055,0.23121,0.205,0.15216,0.079141,-0.0092087,-0.10997,-0.22215,-0.34416,-0.46751,-0.59312,-0.69667,-0.79411,-0.85646,-0.91147,-0.93999,-0.9634,-0.97479,-0.98166,-0.98893,-0.98999,-0.9952,-0.99437,-0.99805,-0.99914,-0.99755,-0.99447,-0.98699,-0.99471,-0.9885,-0.99358,-0.98613,-0.983,-0.96331,-0.95069,-0.89915,-0.88218,-0.788
-0.19402,-0.19364,-0.19068,-0.19324,-0.21001,-0.24299,-0.29011,-0.35193,-0.4289,-0.51926,-0.6215,-0.71671,-0.80954,-0.87284,-0.9259,-0.95327,-0.97305,-0.9836,-0.98847,-0.99412,-0.99432,-0.99887,-0.99897,-0.99914,-0.9972,-0.99516,-0.99642,-0.99126,-0.9991,-0.99798,-0.9904,-0.97641,-0.96203,-0.9174,-0.94747,-0.90006,-0.98811,-0.97833,-0.85961,-0.78192
-0.19402,-0.19364,-0.19068,-0.19324,-0.21001,-0.24299,-0.29011,-0.35193,-0.4289,-0.51926,-0.6215,-0.71671,-0.80954,-0.87284,-0.9259,-0.95327,-0.97305,-0.9836,-0.98847,-0.99412,-0.99432,-0.99887,-0.99897,-0.99914,-0.9972,-0.99516,-0.99642,-0.99126,-0.9991,-0.99798,-0.9904,-0.97641,-0.96203,-0.9174,-0.94747,-0.90006,-0.98811,-0.97833,-0.85961,-0.78192
-0.19402,-0.19364,-0.19068,-0.19324,-0.21001,-0.24299,-0.29011,-0.35193,-0.4289,-0.51926,-0.6215,-0.71671,-0.80954,-0.87284,-0.9259,-0.95327,-0.97305,-0.9836,-0.98847,-0.99412,-0.99432,-0.99887,-0.99897,-0.99914,-0.9972,-0.99516,-0.99642,-0.99126,-0.9991,-0.99798,-0.9904,-0.97641,-0.96203,-0.9174,-0.94747,-0.90006,-0.98811,-0.97833,-0.85961,-0.78192
-0.19402,-0.19364,-0.19068,-0.19324,-0.21001,-0.24299,-0.29011,-0.35193,-0.4289,-0.51926,-0.6215,-0.71671,-0.80954,-0.87284,-0.9259,-0.95327,-0.97305,-0.9836,-0.98847,-0.99412,-0.99432,-0.99887,-0.99897,-0.99914,-0.9972,-0.99516,-0.99642,-0.99126,-0.9991,-0.99798,-0.9904,-0.97641,-0.96203,-0.9174,-0.94747,-0.90006,-0.98811,-0.97833,-0.85961,-0.78192
-0.20238,-0.21073,-0.24396,-0.28573,-0.34718,-0.42711,-0.51726,-0.61056,-0.70432,-0.78731,-0.86145,-0.9118,-0.95054,-0.97101,-0.98421,-0.99129,-0.99403,-0.99767,-0.99799,-0.99936,-0.99873,-0.99825,-0.99482,-0.9955,-0.98809,-0.99815,-0.99348,-0.9818,-0.98135,-0.95363,-0.97927,-0.95672,-0.9693,-0.94042,-0.80838,-0.70459,-0.74971,-0.64396,-0.76172,-0.6974
-0.20238,-0.21073,-0.24396,-0.28573,-0.34718,-0.42711,-0.51726,-0.61056,-0.70432,-0.78731,-0.86145,-0.9118,-0.95054,-0.97101,-0.98421,-0.99129,-0.99403,-0.99767,-0.99799,-0.99936,-0.99873,-0.99825,-0.99482,-0.9955,-0.98809,-0.99815,-0.99348,-0.9818,-0.98135,-0.95363,-0.97927,-0.95672,-0.9693,-0.94042,-0.80838,-0.70459,-0.74971,-0.64396,-0.76172,-0.6974
-0.20238,-0.21073,-0.24396,-0.28573,-0.34718,-0.42711,-0.51726,-0.61056,-0.70432,-0.78731,-0.86145,-0.9118,-0.95054,-0.97101,-0.98421,-0.99129,-0.99403,-0.99767,-0.99799,-0.99936,-0.99873,-0.99825,-0.99482,-0.9955,-0.98809,-0.99815,-0.99348,-0.9818,-0.98135,-0.95363,-0.97927,-0.95672,-0.9693,-0.94042,-0.80838,-0.70459,-0.74971,-0.64396,-0.76172,-0.6974
-0.20238,-0.21073,-0.24396,-0.28573,-0.34718,-0.42711,-0.51726,-0.61056,-0.70432,-0.78731,-0.86145,-0.9118,-0.95054,-0.97101,-0.98421,-0.99129,-0.99403,-0.99767,-0.99799,-0.99936,-0.99873,-0.99825,-0.99482,-0.9955,-0.98809,-0.99815,-0.99348,-0.9818,-0.98135,-0.95363,-0.97927,-0.95672,-0.9693,-0.94042,-0.80838,-0.70459,-0.74971,-0.64396,-0.76172,-0.6974
-0.20238,-0.21073,-0.24396,-0.28573,-0.34718,-0.42711,-0.51726,-0.61056,-0.70432,-0.78731,-0.86145,-0.9118,-0.95054,-0.97101,-0.98421,-0.99129,-0.99403,-0.99767,-0.99799,-0.99936,-0.99873,-0.99825,-0.99482,-0.9955,-0.98809,-0.99815,-0.99348,-0.9818,-0.98135,-0.95363,-0.97927,-0.95672,-0.9693,-0.94042,-0.80838,-0.70459,-0.74971,-0.64396,-0.76172,-0.6974
-0.24004,-0.24851,-0.29433,-0.36604,-0.46707,-0.58509,-0.70022,-0.79591,-0.87204,-0.92249,-0.9573,-0.97581,-0.98642,-0.99282,-0.99533,-0.99781,-0.99815,-0.99867,-0.99726,-0.99709,-0.99175,-0.99923,-0.99768,-0.98445,-0.95278,-0.97302,-0.98584,-0.96628,-0.92412,-0.84294,-0.8145,-0.70793,-0.89526,-0.85189,-0.064928,-0.017169,0.067736,-0.078541,-0.7194,-0.73564
-0.12978,-0.13275,-0.17975,-0.26987,-0.37755,-0.49507,-0.62029,-0.73966,-0.84311,-0.91187,-0.95732,-0.97926,-0.99033,-0.99605,-0.9973,-0.9996,-0.9995,-0.99957,-0.99811,-0.99726,-0.99133,-0.99812,-0.99389,-0.98976,-0.96763,-0.9598,-0.98772,-0.96916,-0.93298,-0.86226,-0.78897,-0.66131,-0.73722,-0.57842,0.14437,0.21164,-0.011721,-0.099676,-0.62043,-0.64291
-0.12978,-0.13275,-0.17975,-0.26987,-0.37755,-0.49507,-0.62029,-0.73966,-0.84311,-0.91187,-0.95732,-0.97926,-0.99033,-0.99605,-0.9973,-0.9996,-0.9995,-0.99957,-0.99811,-0.99726,-0.99133,-0.99812,-0.99389,-0.98976,-0.96763,-0.9598,-0.98772,-0.96916,-0.93298,-0.86226,-0.78897,-0.66131,-0.73722,-0.57842,0.14437,0.21164,-0.011721,-0.099676,-0.62043,-0.64291
