-0.0072565,-0.0085493,-0.014606,-0.020404,-0.02551,-0.030516,-0.035393,-0.040289,-0.044951,-0.049703,-0.054116,-0.05868,-0.062821,-0.067162,-0.071026,-0.075128,-0.078724,-0.082591,-0.08594,-0.089587,-0.092712,-0.096148,-0.099066,-0.10229,-0.10501,-0.10802,-0.11086,-0.11332,-0.11594,-0.11818,-0.12059,-0.12264,-0.12487,-0.12674,-0.12882,-0.13056,-0.13253,-0.13416,-0.13608,-0.13763
-0.01268,-0.014899,-0.025227,-0.034901,-0.043095,-0.050767,-0.057895,-0.064667,-0.070849,-0.076836,-0.082221,-0.087507,-0.092151,-0.096708,-0.10062,-0.10452,-0.10782,-0.1113,-0.11423,-0.11761,-0.12042,-0.12397,-0.12687,-0.13078,-0.13394,-0.13837,-0.14306,-0.14699,-0.15237,-0.15683,-0.16299,-0.16807,-0.17507,-0.18081,-0.1887,-0.19514,-0.20392,-0.21109,-0.22075,-0.22863
-0.02218,-0.026003,-0.043698,-0.059969,-0.073374,-0.085706,-0.097071,-0.10769,-0.1171,-0.1257,-0.13305,-0.14015,-0.14631,-0.15305,-0.159,-0.16625,-0.17262,-0.18088,-0.18806,-0.19766,-0.20589,-0.21707,-0.22654,-0.2394,-0.25019,-0.26474,-0.2798,-0.29295,-0.30944,-0.32374,-0.34141,-0.35668,-0.37524,-0.39125,-0.41038,-0.42689,-0.44629,-0.46305,-0.48241,-0.49918
-0.020661,-0.023907,-0.038532,-0.051091,-0.060647,-0.068794,-0.075621,-0.081564,-0.086776,-0.092373,-0.097829,-0.10477,-0.11164,-0.12092,-0.12989,-0.14217,-0.15373,-0.16938,-0.18379,-0.20286,-0.22012,-0.24235,-0.26222,-0.2871,-0.30917,-0.33597,-0.36287,-0.38757,-0.41514,-0.44036,-0.46778,-0.49285,-0.5194,-0.54368,-0.56876,-0.59173,-0.61494,-0.63623,-0.65737,-0.67677
-0.024312,-0.027867,-0.043769,-0.057141,-0.067092,-0.075834,-0.08381,-0.091811,-0.099712,-0.10913,-0.11888,-0.13172,-0.14483,-0.16233,-0.1796,-0.2021,-0.22362,-0.25067,-0.27593,-0.30649,-0.33456,-0.36724,-0.39692,-0.43019,-0.46023,-0.49265,-0.52361,-0.55227,-0.58086,-0.60724,-0.63296,-0.65658,-0.67926,-0.69999,-0.71981,-0.73778,-0.75505,-0.77053,-0.7856,-0.79891
-0.02875,-0.032798,-0.051363,-0.067394,-0.078447,-0.087338,-0.095565,-0.10469,-0.11439,-0.12647,-0.13927,-0.15587,-0.17308,-0.19534,-0.21775,-0.24576,-0.2732,-0.30581,-0.3371,-0.3722,-0.4054,-0.44046,-0.47332,-0.50598,-0.53647,-0.56515,-0.59138,-0.61607,-0.63804,-0.65858,-0.6768,-0.69367,-0.7089,-0.72278,-0.73574,-0.74729,-0.75853,-0.76828,-0.77817,-0.78654
-0.036568,-0.041586,-0.064543,-0.084759,-0.10024,-0.11496,-0.13037,-0.14867,-0.16894,-0.19445,-0.22173,-0.25538,-0.28944,-0.32943,-0.36805,-0.411,-0.45108,-0.4934,-0.532,-0.57088,-0.6058,-0.63969,-0.66978,-0.69839,-0.7235,-0.74743,-0.76921,-0.78811,-0.80642,-0.82193,-0.8374,-0.85011,-0.86318,-0.87357,-0.88448,-0.8929,-0.90181,-0.90854,-0.91562,-0.92094
-0.033336,-0.038111,-0.060103,-0.07959,-0.094378,-0.10802,-0.12195,-0.13834,-0.15675,-0.18024,-0.20606,-0.23788,-0.271,-0.30896,-0.34657,-0.38632,-0.42425,-0.46126,-0.49568,-0.52717,-0.55602,-0.58155,-0.60477,-0.62545,-0.64414,-0.66137,-0.67733,-0.69161,-0.70542,-0.71784,-0.72987,-0.74095,-0.7514,-0.76153,-0.77046,-0.7799,-0.78714,-0.79589,-0.80145,-0.80927
-0.056914,-0.065012,-0.10254,-0.13628,-0.16147,-0.18346,-0.20464,-0.22835,-0.2541,-0.28545,-0.31873,-0.35713,-0.39546,-0.43588,-0.47415,-0.51109,-0.54476,-0.57504,-0.6019,-0.62533,-0.64561,-0.66358,-0.67867,-0.69271,-0.70399,-0.71514,-0.72499,-0.73245,-0.74002,-0.74562,-0.75114,-0.75528,-0.7588,-0.76157,-0.76339,-0.76459,-0.76593,-0.76571,-0.76779,-0.76699
-0.091844,-0.10491,-0.16483,-0.21721,-0.25526,-0.2889,-0.32224,-0.3597,-0.39925,-0.44435,-0.48936,-0.53739,-0.5824,-0.62714,-0.66718,-0.70495,-0.73766,-0.76794,-0.79344,-0.81733,-0.83689,-0.85573,-0.87065,-0.88537,-0.89658,-0.90781,-0.91706,-0.92421,-0.93049,-0.93545,-0.93921,-0.94213,-0.94437,-0.94548,-0.94746,-0.94741,-0.95017,-0.95027,-0.9505,-0.94927
-0.059519,-0.0683,-0.11038,-0.15424,-0.19492,-0.23835,-0.28626,-0.34081,-0.39711,-0.45635,-0.51234,-0.56718,-0.61612,-0.66182,-0.70111,-0.73728,-0.76753,-0.79581,-0.81883,-0.84089,-0.85825,-0.87514,-0.88796,-0.90023,-0.90933,-0.91766,-0.9238,-0.92864,-0.9321,-0.93446,-0.9369,-0.93759,-0.94038,-0.94093,-0.94044,-0.9386,-0.93526,-0.92707,-0.9315,-0.9208
-0.0023731,-0.0053511,-0.018799,-0.031253,-0.041849,-0.054135,-0.070154,-0.09128,-0.11629,-0.14472,-0.17444,-0.20437,-0.23353,-0.26151,-0.28842,-0.31474,-0.34068,-0.36652,-0.39305,-0.41872,-0.44667,-0.47156,-0.50108,-0.52398,-0.55451,-0.57416,-0.59292,-0.62007,-0.63532,-0.6591,-0.66895,-0.68506,-0.69059,-0.69361,-0.70103,-0.68844,-0.70152,-0.67197,-0.69076,-0.64127
-0.0079082,-0.01015,-0.022277,-0.035848,-0.048755,-0.061885,-0.076496,-0.093695,-0.11353,-0.13465,-0.15622,-0.17514,-0.1923,-0.20512,-0.21588,-0.22365,-0.22979,-0.2348,-0.23843,-0.24197,-0.24428,-0.24672,-0.2483,-0.2495,-0.25029,-0.25053,-0.2513,-0.25113,-0.25235,-0.25254,-0.25193,-0.25067,-0.2477,-0.24114,-0.24705,-0.24124,-0.2533,-0.25358,-0.23586,-0.22394
-0.059811,-0.068705,-0.10761,-0.14421,-0.17779,-0.21477,-0.25739,-0.30584,-0.35596,-0.40458,-0.44843,-0.48613,-0.51729,-0.54355,-0.56419,-0.5824,-0.59603,-0.60838,-0.61725,-0.62478,-0.6302,-0.63375,-0.6359,-0.63814,-0.63806,-0.6413,-0.64069,-0.63865,-0.63742,-0.62964,-0.6397,-0.63607,-0.63701,-0.6302,-0.59073,-0.55536,-0.57225,-0.53882,-0.62231,-0.60884
-0.059811,-0.068705,-0.10761,-0.14421,-0.17779,-0.21477,-0.25739,-0.30584,-0.35596,-0.40458,-0.44843,-0.48613,-0.51729,-0.54355,-0.56419,-0.5824,-0.59603,-0.60838,-0.61725,-0.62478,-0.6302,-0.63375,-0.6359,-0.63814,-0.63806,-0.6413,-0.64069,-0.63865,-0.63742,-0.62964,-0.6397,-0.63607,-0.63701,-0.6302,-0.59073,-0.55536,-0.57225,-0.53882,-0.62231,-0.60884
-0.10964,-0.12165,-0.17301,-0.22345,-0.27352,-0.32967,-0.39177,-0.45802,-0.52286,-0.58397,-0.63834,-0.68639,-0.72774,-0.76371,-0.79497,-0.82154,-0.84575,-0.86476,-0.88379,-0.89666,-0.91142,-0.91922,-0.92938,-0.93316,-0.93685,-0.9407,-0.94516,-0.93989,-0.94542,-0.92898,-0.95245,-0.93733,-0.96961,-0.96116,-0.93363,-0.89135,-0.8866,-0.82321,-0.79659,-0.69169
-0.11942,-0.13308,-0.18979,-0.24316,-0.29382,-0.3485,-0.40679,-0.4655,-0.51954,-0.56637,-0.60455,-0.63613,-0.66033,-0.68093,-0.69599,-0.70864,-0.71763,-0.72409,-0.72849,-0.7315,-0.73268,-0.73535,-0.73615,-0.73352,-0.72685,-0.72982,-0.73725,-0.73682,-0.716,-0.69163,-0.6935,-0.66127,-0.72077,-0.70444,-0.10543,-0.025339,-0.35304,-0.42021,-0.71363,-0.71367
-0.11942,-0.13308,-0.18979,-0.24316,-0.29382,-0.3485,-0.40679,-0.4655,-0.51954,-0.56637,-0.60455,-0.63613,-0.66033,-0.68093,-0.69599,-0.70864,-0.71763,-0.72409,-0.72849,-0.7315,-0.73268,-0.73535,-0.73615,-0.73352,-0.72685,-0.72982,-0.73725,-0.73682,-0.716,-0.69163,-0.6935,-0.66127,-0.72077,-0.70444,-0.10543,-0.025339,-0.35304,-0.42021,-0.71363,-0.71367
-0.21732,-0.2344,-0.30358,-0.37809,-0.4588,-0.54532,-0.63131,-0.71203,-0.78201,-0.83957,-0.88452,-0.91863,-0.94347,-0.96168,-0.97419,-0.98297,-0.98882,-0.99224,-0.99438,-0.9955,-0.99523,-0.99717,-0.997,-0.99405,-0.98595,-0.98982,-0.99766,-0.99533,-0.97695,-0.95051,-0.94956,-0.91298,-0.96326,-0.93782,-0.35715,-0.28504,-0.52508,-0.6133,-0.93034,-0.93468
-0.242,-0.26371,-0.35067,-0.44148,-0.53308,-0.62176,-0.70114,-0.76892,-0.82324,-0.86741,-0.90068,-0.9275,-0.94669,-0.96092,-0.97068,-0.97675,-0.98042,-0.9833,-0.98464,-0.98344,-0.97769,-0.98466,-0.98171,-0.97399,-0.95536,-0.93755,-0.96775,-0.93902,-0.025384,0.061556,-0.91502,-0.93344,-0.81332,-0.8233,-0.77986,-0.78437,-0.73907,-0.72075,-0.36207,-0.39098
-0.242,-0.26371,-0.35067,-0.44148,-0.53308,-0.62176,-0.70114,-0.76892,-0.82324,-0.86741,-0.90068,-0.9275,-0.94669,-0.96092,-0.97068,-0.97675,-0.98042,-0.9833,-0.98464,-0.98344,-0.97769,-0.98466,-0.98171,-0.97399,-0.95536,-0.93755,-0.96775,-0.93902,-0.025384,0.061556,-0.91502,-0.93344,-0.81332,-0.8233,-0.77986,-0.78437,-0.73907,-0.72075,-0.36207,-0.39098
-0.242,-0.26371,-0.35067,-0.44148,-0.53308,-0.62176,-0.70114,-0.76892,-0.82324,-0.86741,-0.90068,-0.9275,-0.94669,-0.96092,-0.97068,-0.97675,-0.98042,-0.9833,-0.98464,-0.98344,-0.97769,-0.98466,-0.98171,-0.97399,-0.95536,-0.93755,-0.96775,-0.93902,-0.025384,0.061556,-0.91502,-0.93344,-0.81332,-0.8233,-0.77986,-0.78437,-0.73907,-0.72075,-0.36207,-0.39098
0.03658,0.039772,0.045285,0.046094,0.041026,0.024913,-0.0056036,-0.051551,-0.11364,-0.18546,-0.27289,-0.35546,-0.45342,-0.52832,-0.61393,-0.66768,-0.71231,-0.75654,-0.74451,-0.81386,-0.75338,-0.9182,-0.90681,-0.92801,-0.79143,-0.54919,-0.29795,0.1394,0.24296,0.31361,0.23259,0.11831,0.15679,0.12751,0.18667,0.17399,0.27125,0.30877,0.47222,0.45906
0.03658,0.039772,0.045285,0.046094,0.041026,0.024913,-0.0056036,-0.051551,-0.11364,-0.18546,-0.27289,-0.35546,-0.45342,-0.52832,-0.61393,-0.66768,-0.71231,-0.75654,-0.74451,-0.81386,-0.75338,-0.9182,-0.90681,-0.92801,-0.79143,-0.54919,-0.29795,0.1394,0.24296,0.31361,0.23259,0.11831,0.15679,0.12751,0.18667,0.17399,0.27125,0.30877,0.47222,0.45906
0.10978,0.13456,0.21335,0.26482,0.29262,0.30235,0.3017,0.29671,0.29119,0.28664,0.28317,0.28094,0.27966,0.27845,0.27799,0.27789,0.27892,0.27803,0.27916,0.28522,0.29797,0.297,0.33605,0.47933,0.41427,0.30029,0.35137,0.34718,0.49571,0.50763,0.36468,0.35881,0.2976,0.29775,0.34583,0.34635,0.54185,0.54564,0.34402,0.34098
0.10978,0.13456,0.21335,0.26482,0.29262,0.30235,0.3017,0.29671,0.29119,0.28664,0.28317,0.28094,0.27966,0.27845,0.27799,0.27789,0.27892,0.27803,0.27916,0.28522,0.29797,0.297,0.33605,0.47933,0.41427,0.30029,0.35137,0.34718,0.49571,0.50763,0.36468,0.35881,0.2976,0.29775,0.34583,0.34635,0.54185,0.54564,0.34402,0.34098
0.10978,0.13456,0.21335,0.26482,0.29262,0.30235,0.3017,0.29671,0.29119,0.28664,0.28317,0.28094,0.27966,0.27845,0.27799,0.27789,0.27892,0.27803,0.27916,0.28522,0.29797,0.297,0.33605,0.47933,0.41427,0.30029,0.35137,0.34718,0.49571,0.50763,0.36468,0.35881,0.2976,0.29775,0.34583,0.34635,0.54185,0.54564,0.34402,0.34098
0.10978,0.13456,0.21335,0.26482,0.29262,0.30235,0.3017,0.29671,0.29119,0.28664,0.28317,0.28094,0.27966,0.27845,0.27799,0.27789,0.27892,0.27803,0.27916,0.28522,0.29797,0.297,0.33605,0.47933,0.41427,0.30029,0.35137,0.34718,0.49571,0.50763,0.36468,0.35881,0.2976,0.29775,0.34583,0.34635,0.54185,0.54564,0.34402,0.34098
0.10978,0.13456,0.21335,0.26482,0.29262,0.30235,0.3017,0.29671,0.29119,0.28664,0.28317,0.28094,0.27966,0.27845,0.27799,0.27789,0.27892,0.27803,0.27916,0.28522,0.29797,0.297,0.33605,0.47933,0.41427,0.30029,0.35137,0.34718,0.49571,0.50763,0.36468,0.35881,0.2976,0.29775,0.34583,0.34635,0.54185,0.54564,0.34402,0.34098
0.10978,0.13456,0.21335,0.26482,0.29262,0.30235,0.3017,0.29671,0.29119,0.28664,0.28317,0.28094,0.27966,0.27845,0.27799,0.27789,0.27892,0.27803,0.27916,0.28522,0.29797,0.297,0.33605,0.47933,0.41427,0.30029,0.35137,0.34718,0.49571,0.50763,0.36468,0.35881,0.2976,0.29775,0.34583,0.34635,0.54185,0.54564,0.34402,0.34098
0.084686,0.098556,0.13308,0.1416,0.1151,0.047169,-0.057633,-0.18311,-0.32808,-0.46098,-0.59487,-0.6964,-0.76626,-0.84386,-0.84394,-0.94973,-0.95523,-0.98156,-0.8393,-0.70557,-0.37031,-0.61318,-0.25293,0.63028,0.50524,0.14649,-0.46703,-0.46976,0.82911,0.83936,0.31752,0.28633,-0.56166,-0.55598,0.24094,0.25681,0.80334,0.80044,-0.34012,-0.34119
0.084686,0.098556,0.13308,0.1416,0.1151,0.047169,-0.057633,-0.18311,-0.32808,-0.46098,-0.59487,-0.6964,-0.76626,-0.84386,-0.84394,-0.94973,-0.95523,-0.98156,-0.8393,-0.70557,-0.37031,-0.61318,-0.25293,0.63028,0.50524,0.14649,-0.46703,-0.46976,0.82911,0.83936,0.31752,0.28633,-0.56166,-0.55598,0.24094,0.25681,0.80334,0.80044,-0.34012,-0.34119
0.28075,0.30259,0.36602,0.39635,0.40238,0.39803,0.39147,0.38631,0.38306,0.38107,0.38012,0.37987,0.37971,0.38009,0.38143,0.38171,0.39672,0.38267,0.3806,0.39449,0.39314,0.48114,0.47963,0.38006,0.37998,0.39276,0.47341,0.46795,0.37992,0.37988,0.39311,0.3933,0.45486,0.45022,0.37983,0.3798,0.39375,0.39396,0.44131,0.43826
0.28075,0.30259,0.36602,0.39635,0.40238,0.39803,0.39147,0.38631,0.38306,0.38107,0.38012,0.37987,0.37971,0.38009,0.38143,0.38171,0.39672,0.38267,0.3806,0.39449,0.39314,0.48114,0.47963,0.38006,0.37998,0.39276,0.47341,0.46795,0.37992,0.37988,0.39311,0.3933,0.45486,0.45022,0.37983,0.3798,0.39375,0.39396,0.44131,0.43826
0.28075,0.30259,0.36602,0.39635,0.40238,0.39803,0.39147,0.38631,0.38306,0.38107,0.38012,0.37987,0.37971,0.38009,0.38143,0.38171,0.39672,0.38267,0.3806,0.39449,0.39314,0.48114,0.47963,0.38006,0.37998,0.39276,0.47341,0.46795,0.37992,0.37988,0.39311,0.3933,0.45486,0.45022,0.37983,0.3798,0.39375,0.39396,0.44131,0.43826
0.28075,0.30259,0.36602,0.39635,0.40238,0.39803,0.39147,0.38631,0.38306,0.38107,0.38012,0.37987,0.37971,0.38009,0.38143,0.38171,0.39672,0.38267,0.3806,0.39449,0.39314,0.48114,0.47963,0.38006,0.37998,0.39276,0.47341,0.46795,0.37992,0.37988,0.39311,0.3933,0.45486,0.45022,0.37983,0.3798,0.39375,0.39396,0.44131,0.43826
0.28075,0.30259,0.36602,0.39635,0.40238,0.39803,0.39147,0.38631,0.38306,0.38107,0.38012,0.37987,0.37971,0.38009,0.38143,0.38171,0.39672,0.38267,0.3806,0.39449,0.39314,0.48114,0.47963,0.38006,0.37998,0.39276,0.47341,0.46795,0.37992,0.37988,0.39311,0.3933,0.45486,0.45022,0.37983,0.3798,0.39375,0.39396,0.44131,0.43826
0.28075,0.30259,0.36602,0.39635,0.40238,0.39803,0.39147,0.38631,0.38306,0.38107,0.38012,0.37987,0.37971,0.38009,0.38143,0.38171,0.39672,0.38267,0.3806,0.39449,0.39314,0.48114,0.47963,0.38006,0.37998,0.39276,0.47341,0.46795,0.37992,0.37988,0.39311,0.3933,0.45486,0.45022,0.37983,0.3798,0.39375,0.39396,0.44131,0.43826
0.28075,0.30259,0.36602,0.39635,0.40238,0.39803,0.39147,0.38631,0.38306,0.38107,0.38012,0.37987,0.37971,0.38009,0.38143,0.38171,0.39672,0.38267,0.3806,0.39449,0.39314,0.48114,0.47963,0.38006,0.37998,0.39276,0.47341,0.46795,0.37992,0.37988,0.39311,0.3933,0.45486,0.45022,0.37983,0.3798,0.39375,0.39396,0.44131,0.43826
0.28075,0.30259,0.36602,0.39635,0.40238,0.39803,0.39147,0.38631,0.38306,0.38107,0.38012,0.37987,0.37971,0.38009,0.38143,0.38171,0.39672,0.38267,0.3806,0.39449,0.39314,0.48114,0.47963,0.38006,0.37998,0.39276,0.47341,0.46795,0.37992,0.37988,0.39311,0.3933,0.45486,0.45022,0.37983,0.3798,0.39375,0.39396,0.44131,0.43826
