0.0077722,0.0091616,0.015678,0.021939,0.027489,0.032976,0.038371,0.043858,0.049143,0.05464,0.059811,0.065315,0.070376,0.075879,0.080836,0.086331,0.091189,0.096664,0.10143,0.10687,0.11154,0.11695,0.12152,0.12687,0.13135,0.13663,0.14178,0.14622,0.15127,0.1556,0.16055,0.16476,0.16959,0.17367,0.17836,0.1823,0.18683,0.19063,0.19498,0.19862
0.015405,0.018152,0.031017,0.043334,0.054197,0.064878,0.075319,0.08586,0.095948,0.10633,0.11603,0.12619,0.13546,0.14531,0.15409,0.1635,0.17174,0.18058,0.18819,0.1963,0.2032,0.2104,0.21648,0.22257,0.22771,0.23249,0.23639,0.23983,0.24213,0.24428,0.24482,0.24559,0.24429,0.24363,0.24044,0.23836,0.23334,0.22988,0.22313,0.21839
0.02293,0.027006,0.046071,0.064249,0.080177,0.095721,0.11079,0.12582,0.14003,0.15434,0.16748,0.18073,0.19255,0.2043,0.21448,0.22419,0.23236,0.23937,0.24512,0.24883,0.25179,0.25173,0.25168,0.24766,0.24457,0.23672,0.22724,0.2195,0.20697,0.19685,0.18185,0.16973,0.15274,0.13896,0.12042,0.10525,0.085443,0.069109,0.048346,0.031054
0.030687,0.036105,0.061387,0.085326,0.10609,0.12608,0.14512,0.16352,0.18038,0.19629,0.21012,0.22225,0.23208,0.23888,0.24366,0.24374,0.24274,0.2355,0.2287,0.21465,0.20276,0.18329,0.16736,0.14404,0.12511,0.099132,0.072831,0.050084,0.022202,-0.0020497,-0.031023,-0.056394,-0.085958,-0.11203,-0.14163,-0.16793,-0.19698,-0.223,-0.25095,-0.27622
0.038361,0.045084,0.076389,0.10585,0.13112,0.15509,0.17748,0.19841,0.21683,0.23269,0.2453,0.25344,0.25837,0.25665,0.25292,0.24096,0.22907,0.20834,0.18979,0.16256,0.139,0.10727,0.080024,0.045219,0.01524,-0.021491,-0.057857,-0.0909,-0.12756,-0.16097,-0.19681,-0.22965,-0.26367,-0.29504,-0.32646,-0.35567,-0.38395,-0.41053,-0.43548,-0.4592
0.044854,0.05267,0.088948,0.12268,0.15094,0.17673,0.1995,0.21855,0.23306,0.24117,0.24427,0.23839,0.22921,0.21004,0.19044,0.16136,0.13411,0.098431,0.065878,0.026304,-0.0094227,-0.050295,-0.087025,-0.12674,-0.16243,-0.19905,-0.23294,-0.26445,-0.29393,-0.3215,-0.34637,-0.36986,-0.39038,-0.41001,-0.42671,-0.44292,-0.4565,-0.46985,-0.48104,-0.49214
0.051535,0.060578,0.10266,0.1421,0.17558,0.20648,0.23392,0.25666,0.27352,0.28206,0.28419,0.2756,0.26276,0.23918,0.21427,0.17994,0.1465,0.10557,0.066991,0.023421,-0.016956,-0.059533,-0.09869,-0.13746,-0.17313,-0.20645,-0.23641,-0.26468,-0.289,-0.31216,-0.33147,-0.3501,-0.36542,-0.38039,-0.39282,-0.40508,-0.41556,-0.42596,-0.43523,-0.44446
0.062061,0.072688,0.12177,0.16667,0.20299,0.23373,0.25731,0.27065,0.27422,0.26388,0.24629,0.21551,0.18201,0.13767,0.093761,0.041552,-0.0082251,-0.063185,-0.11446,-0.16747,-0.21635,-0.26392,-0.30764,-0.34794,-0.38517,-0.41792,-0.44703,-0.47455,-0.4978,-0.52002,-0.53889,-0.5571,-0.57283,-0.58821,-0.60192,-0.61541,-0.62784,-0.64011,-0.65173,-0.66325
0.066164,0.077936,0.13298,0.185,0.2288,0.26717,0.29745,0.31561,0.32165,0.31186,0.29276,0.25996,0.22262,0.17468,0.12555,0.068787,0.013209,-0.046339,-0.10307,-0.15981,-0.21302,-0.2631,-0.30981,-0.35178,-0.39107,-0.42553,-0.45687,-0.48672,-0.51306,-0.53845,-0.56128,-0.58354,-0.60389,-0.62397,-0.64248,-0.66098,-0.67801,-0.69533,-0.71114,-0.72758
0.073042,0.085768,0.14488,0.19968,0.24436,0.28146,0.30826,0.32071,0.32016,0.30323,0.27709,0.23734,0.19308,0.13906,0.084093,0.023938,-0.034518,-0.093139,-0.14858,-0.20002,-0.24809,-0.28999,-0.32921,-0.36225,-0.39353,-0.42001,-0.44431,-0.46768,-0.48871,-0.50917,-0.5283,-0.54712,-0.56518,-0.58316,-0.60056,-0.61821,-0.63506,-0.65274,-0.66885,-0.68667
0.076132,0.090543,0.15907,0.22585,0.28262,0.33039,0.3646,0.38056,0.37996,0.36157,0.33196,0.28943,0.24059,0.18316,0.12317,0.059943,-0.002616,-0.06284,-0.12053,-0.17263,-0.22204,-0.26576,-0.30749,-0.34505,-0.38145,-0.41509,-0.44736,-0.4794,-0.50944,-0.53993,-0.56809,-0.59753,-0.62374,-0.65231,-0.67608,-0.7035,-0.72456,-0.75023,-0.76876,-0.792
0.077693,0.091551,0.15495,0.20895,0.24223,0.25335,0.24145,0.20676,0.15755,0.095467,0.029622,-0.038345,-0.10253,-0.16082,-0.21275,-0.25563,-0.29294,-0.32159,-0.34645,-0.36477,-0.38087,-0.39262,-0.40318,-0.41107,-0.41828,-0.42398,-0.42918,-0.43394,-0.43838,-0.44291,-0.44734,-0.45263,-0.45772,-0.46467,-0.47119,-0.48063,-0.48939,-0.50215,-0.51328,-0.52991
0.08244,0.097104,0.16406,0.22028,0.25286,0.25981,0.24152,0.19917,0.14212,0.071018,-0.0044513,-0.083896,-0.16,-0.23146,-0.29628,-0.35215,-0.40172,-0.44185,-0.4775,-0.5053,-0.53047,-0.54984,-0.56789,-0.58195,-0.59539,-0.60631,-0.6164,-0.62627,-0.63496,-0.64412,-0.65244,-0.66195,-0.6705,-0.68112,-0.69038,-0.70256,-0.71269,-0.72653,-0.73771,-0.75325
0.095363,0.11165,0.18609,0.24858,0.28545,0.29647,0.28194,0.2432,0.18987,0.12688,0.063233,0.0036281,-0.049634,-0.092307,-0.12806,-0.15278,-0.17264,-0.18441,-0.19338,-0.19782,-0.20052,-0.2014,-0.20076,-0.20005,-0.19762,-0.19613,-0.19423,-0.19084,-0.18858,-0.18504,-0.18289,-0.1796,-0.1782,-0.17568,-0.1756,-0.17452,-0.17586,-0.17683,-0.17822,-0.18061
0.10636,0.1245,0.20741,0.27659,0.31587,0.32517,0.30592,0.26041,0.1982,0.12458,0.048492,-0.022979,-0.087854,-0.13972,-0.18417,-0.21711,-0.2457,-0.26818,-0.28892,-0.30776,-0.32626,-0.34493,-0.36435,-0.38419,-0.40649,-0.4276,-0.44889,-0.47613,-0.49916,-0.53028,-0.55471,-0.58916,-0.61337,-0.64926,-0.66987,-0.70286,-0.71757,-0.74192,-0.75451,-0.76744
0.1147,0.13394,0.22102,0.29068,0.32444,0.32293,0.29035,0.23021,0.15268,0.061674,-0.03329,-0.12536,-0.21111,-0.28265,-0.34558,-0.39372,-0.43624,-0.46908,-0.49935,-0.52472,-0.54925,-0.5716,-0.59428,-0.61537,-0.63832,-0.65856,-0.67816,-0.70189,-0.72058,-0.74462,-0.76228,-0.78593,-0.80134,-0.82339,-0.83396,-0.85166,-0.85712,-0.86709,-0.87085,-0.87122
0.1267,0.14724,0.23658,0.2943,0.29767,0.25538,0.18155,0.085811,-0.020329,-0.12885,-0.23196,-0.32193,-0.40048,-0.46388,-0.51892,-0.56457,-0.60605,-0.6427,-0.67769,-0.70908,-0.74048,-0.7675,-0.79623,-0.81859,-0.84423,-0.8622,-0.87955,-0.89879,-0.91257,-0.92779,-0.93716,-0.94764,-0.95373,-0.95941,-0.96496,-0.96724,-0.97208,-0.97165,-0.97107,-0.96411
0.1019,0.12496,0.23238,0.32309,0.37027,0.37574,0.34551,0.28764,0.21225,0.12743,0.041486,-0.036638,-0.10638,-0.16092,-0.20688,-0.23977,-0.26696,-0.28552,-0.30037,-0.31033,-0.31769,-0.32276,-0.32623,-0.32946,-0.33189,-0.33579,-0.3414,-0.34683,-0.3553,-0.36529,-0.37376,-0.38608,-0.39307,-0.40144,-0.41114,-0.41095,-0.42234,-0.40889,-0.42207,-0.39179
0.11229,0.13648,0.25077,0.34816,0.40003,0.4107,0.38777,0.34108,0.27895,0.21161,0.14433,0.086023,0.034004,-0.0083504,-0.046471,-0.078883,-0.11003,-0.13731,-0.16613,-0.19098,-0.22092,-0.24544,-0.2791,-0.30707,-0.34742,-0.37985,-0.41378,-0.45754,-0.49346,-0.53066,-0.57205,-0.59715,-0.63184,-0.63043,-0.65178,-0.60629,-0.67768,-0.60665,-0.77746,-0.71778
0.14342,0.16336,0.24373,0.28097,0.26066,0.19569,0.10108,-0.0069501,-0.11386,-0.20608,-0.28347,-0.34157,-0.38933,-0.42798,-0.46311,-0.49691,-0.53068,-0.56463,-0.60097,-0.63457,-0.67338,-0.70492,-0.74381,-0.77213,-0.80821,-0.8312,-0.85094,-0.87486,-0.88819,-0.90138,-0.91373,-0.91799,-0.92518,-0.9169,-0.92582,-0.90241,-0.94159,-0.92053,-0.96111,-0.94364
0.14342,0.16336,0.24373,0.28097,0.26066,0.19569,0.10108,-0.0069501,-0.11386,-0.20608,-0.28347,-0.34157,-0.38933,-0.42798,-0.46311,-0.49691,-0.53068,-0.56463,-0.60097,-0.63457,-0.67338,-0.70492,-0.74381,-0.77213,-0.80821,-0.8312,-0.85094,-0.87486,-0.88819,-0.90138,-0.91373,-0.91799,-0.92518,-0.9169,-0.92582,-0.90241,-0.94159,-0.92053,-0.96111,-0.94364
0.1397,0.17045,0.29987,0.37175,0.37162,0.33096,0.27047,0.20788,0.15361,0.11483,0.090146,0.078626,0.078306,0.086364,0.10513,0.12962,0.16701,0.20609,0.26253,0.3114,0.38353,0.43527,0.51316,0.5585,0.6237,0.65753,0.7001,0.71973,0.75911,0.74116,0.81168,0.77498,0.90244,0.88821,0.90771,0.8439,0.79342,0.66332,0.63454,0.48691
0.1397,0.17045,0.29987,0.37175,0.37162,0.33096,0.27047,0.20788,0.15361,0.11483,0.090146,0.078626,0.078306,0.086364,0.10513,0.12962,0.16701,0.20609,0.26253,0.3114,0.38353,0.43527,0.51316,0.5585,0.6237,0.65753,0.7001,0.71973,0.75911,0.74116,0.81168,0.77498,0.90244,0.88821,0.90771,0.8439,0.79342,0.66332,0.63454,0.48691
0.15331,0.18711,0.32604,0.39221,0.37141,0.29751,0.19053,0.069146,-0.051182,-0.15592,-0.24498,-0.31493,-0.37238,-0.41847,-0.45683,-0.48958,-0.51853,-0.54521,-0.57151,-0.59745,-0.6256,-0.653,-0.68534,-0.70059,-0.71871,-0.72997,-0.75755,-0.75095,-0.7723,-0.731,-0.76729,-0.68274,-0.7922,-0.68902,-0.62851,-0.42953,-0.61266,-0.44864,-0.53403,-0.43473
0.15331,0.18711,0.32604,0.39221,0.37141,0.29751,0.19053,0.069146,-0.051182,-0.15592,-0.24498,-0.31493,-0.37238,-0.41847,-0.45683,-0.48958,-0.51853,-0.54521,-0.57151,-0.59745,-0.6256,-0.653,-0.68534,-0.70059,-0.71871,-0.72997,-0.75755,-0.75095,-0.7723,-0.731,-0.76729,-0.68274,-0.7922,-0.68902,-0.62851,-0.42953,-0.61266,-0.44864,-0.53403,-0.43473
0.15331,0.18711,0.32604,0.39221,0.37141,0.29751,0.19053,0.069146,-0.051182,-0.15592,-0.24498,-0.31493,-0.37238,-0.41847,-0.45683,-0.48958,-0.51853,-0.54521,-0.57151,-0.59745,-0.6256,-0.653,-0.68534,-0.70059,-0.71871,-0.72997,-0.75755,-0.75095,-0.7723,-0.731,-0.76729,-0.68274,-0.7922,-0.68902,-0.62851,-0.42953,-0.61266,-0.44864,-0.53403,-0.43473
0.17065,0.19929,0.31549,0.35797,0.32171,0.24437,0.14506,0.043664,-0.051533,-0.13638,-0.21871,-0.30083,-0.39109,-0.4809,-0.58245,-0.67018,-0.76014,-0.82676,-0.88191,-0.9182,-0.93721,-0.96439,-0.97034,-0.97731,-0.9666,-0.96691,-0.98596,-0.97024,-0.9715,-0.93367,-0.95986,-0.90617,-0.83439,-0.6856,-0.76191,-0.60513,-0.86471,-0.76725,-0.40718,-0.23321
0.17547,0.19726,0.28987,0.33494,0.32987,0.31666,0.31607,0.33725,0.37539,0.42814,0.48943,0.55602,0.62645,0.69359,0.7604,0.81386,0.86432,0.89718,0.9276,0.94361,0.95788,0.965,0.96745,0.97319,0.96585,0.97938,0.98966,0.98389,0.9849,0.9644,0.98381,0.95951,0.9401,0.88962,0.84671,0.77038,0.82512,0.75446,0.80013,0.76673
0.17547,0.19726,0.28987,0.33494,0.32987,0.31666,0.31607,0.33725,0.37539,0.42814,0.48943,0.55602,0.62645,0.69359,0.7604,0.81386,0.86432,0.89718,0.9276,0.94361,0.95788,0.965,0.96745,0.97319,0.96585,0.97938,0.98966,0.98389,0.9849,0.9644,0.98381,0.95951,0.9401,0.88962,0.84671,0.77038,0.82512,0.75446,0.80013,0.76673
0.17547,0.19726,0.28987,0.33494,0.32987,0.31666,0.31607,0.33725,0.37539,0.42814,0.48943,0.55602,0.62645,0.69359,0.7604,0.81386,0.86432,0.89718,0.9276,0.94361,0.95788,0.965,0.96745,0.97319,0.96585,0.97938,0.98966,0.98389,0.9849,0.9644,0.98381,0.95951,0.9401,0.88962,0.84671,0.77038,0.82512,0.75446,0.80013,0.76673
0.17547,0.19726,0.28987,0.33494,0.32987,0.31666,0.31607,0.33725,0.37539,0.42814,0.48943,0.55602,0.62645,0.69359,0.7604,0.81386,0.86432,0.89718,0.9276,0.94361,0.95788,0.965,0.96745,0.97319,0.96585,0.97938,0.98966,0.98389,0.9849,0.9644,0.98381,0.95951,0.9401,0.88962,0.84671,0.77038,0.82512,0.75446,0.80013,0.76673
0.20208,0.22239,0.30702,0.33596,0.30457,0.25298,0.20388,0.17409,0.16383,0.17314,0.19467,0.22464,0.26218,0.30368,0.35237,0.39878,0.4537,0.49436,0.54331,0.57192,0.59467,0.62384,0.61629,0.62368,0.55223,0.61733,0.79849,0.77203,0.62817,0.55364,0.53718,0.43256,0.51072,0.5168,0.3854,0.38149,0.33106,0.3482,0.68194,0.67186
0.25822,0.28111,0.36078,0.39384,0.38502,0.36203,0.34058,0.32677,0.32537,0.33816,0.37089,0.42619,0.51152,0.61492,0.73393,0.8321,0.90055,0.9481,0.95767,0.96473,0.92087,0.98483,0.9559,0.87162,0.72551,0.82459,0.8444,0.73702,0.6616,0.52156,0.51545,0.47196,0.57417,0.55375,0.38724,0.38669,0.45925,0.45801,0.59127,0.58733
0.25822,0.28111,0.36078,0.39384,0.38502,0.36203,0.34058,0.32677,0.32537,0.33816,0.37089,0.42619,0.51152,0.61492,0.73393,0.8321,0.90055,0.9481,0.95767,0.96473,0.92087,0.98483,0.9559,0.87162,0.72551,0.82459,0.8444,0.73702,0.6616,0.52156,0.51545,0.47196,0.57417,0.55375,0.38724,0.38669,0.45925,0.45801,0.59127,0.58733
0.25822,0.28111,0.36078,0.39384,0.38502,0.36203,0.34058,0.32677,0.32537,0.33816,0.37089,0.42619,0.51152,0.61492,0.73393,0.8321,0.90055,0.9481,0.95767,0.96473,0.92087,0.98483,0.9559,0.87162,0.72551,0.82459,0.8444,0.73702,0.6616,0.52156,0.51545,0.47196,0.57417,0.55375,0.38724,0.38669,0.45925,0.45801,0.59127,0.58733
0.25822,0.28111,0.36078,0.39384,0.38502,0.36203,0.34058,0.32677,0.32537,0.33816,0.37089,0.42619,0.51152,0.61492,0.73393,0.8321,0.90055,0.9481,0.95767,0.96473,0.92087,0.98483,0.9559,0.87162,0.72551,0.82459,0.8444,0.73702,0.6616,0.52156,0.51545,0.47196,0.57417,0.55375,0.38724,0.38669,0.45925,0.45801,0.59127,0.58733
0.25822,0.28111,0.36078,0.39384,0.38502,0.36203,0.34058,0.32677,0.32537,0.33816,0.37089,0.42619,0.51152,0.61492,0.73393,0.8321,0.90055,0.9481,0.95767,0.96473,0.92087,0.98483,0.9559,0.87162,0.72551,0.82459,0.8444,0.73702,0.6616,0.52156,0.51545,0.47196,0.57417,0.55375,0.38724,0.38669,0.45925,0.45801,0.59127,0.58733
0.25822,0.28111,0.36078,0.39384,0.38502,0.36203,0.34058,0.32677,0.32537,0.33816,0.37089,0.42619,0.51152,0.61492,0.73393,0.8321,0.90055,0.9481,0.95767,0.96473,0.92087,0.98483,0.9559,0.87162,0.72551,0.82459,0.8444,0.73702,0.6616,0.52156,0.51545,0.47196,0.57417,0.55375,0.38724,0.38669,0.45925,0.45801,0.59127,0.58733
0.32577,0.34005,0.36482,0.31775,0.207,0.065338,-0.079866,-0.21864,-0.34956,-0.47276,-0.58717,-0.6817,-0.76448,-0.82023,-0.86755,-0.89273,-0.90494,-0.92842,-0.91929,-0.92778,-0.85484,-0.94566,-0.87637,-0.84226,-0.66114,-0.54216,-0.26397,0.13617,0.54866,0.58321,0.35122,0.23026,-0.03576,-0.064631,0.26242,0.2537,0.52969,0.54444,0.56233,0.53948
0.32577,0.34005,0.36482,0.31775,0.207,0.065338,-0.079866,-0.21864,-0.34956,-0.47276,-0.58717,-0.6817,-0.76448,-0.82023,-0.86755,-0.89273,-0.90494,-0.92842,-0.91929,-0.92778,-0.85484,-0.94566,-0.87637,-0.84226,-0.66114,-0.54216,-0.26397,0.13617,0.54866,0.58321,0.35122,0.23026,-0.03576,-0.064631,0.26242,0.2537,0.52969,0.54444,0.56233,0.53948
