0.081507,0.096277,0.16587,0.23071,0.28256,0.32649,0.36237,0.39218,0.41582,0.43623,0.4524,0.46719,0.47893,0.49028,0.49926,0.50838,0.51557,0.52315,0.52908,0.53554,0.54054,0.5461,0.55038,0.55521,0.55891,0.56313,0.56698,0.57003,0.57341,0.57608,0.57905,0.58139,0.58402,0.58607,0.58839,0.5902,0.59224,0.59383,0.59563,0.59703
0.16756,0.19616,0.3142,0.39426,0.44076,0.47291,0.49639,0.51516,0.5298,0.54267,0.55289,0.56242,0.56994,0.57721,0.58291,0.58855,0.59294,0.59736,0.60078,0.60423,0.60688,0.60952,0.61154,0.61347,0.61495,0.61624,0.6172,0.61796,0.61838,0.61872,0.61863,0.61859,0.61804,0.61765,0.61665,0.61593,0.61453,0.61351,0.61173,0.61044
0.23856,0.27353,0.3962,0.46367,0.49997,0.52463,0.5426,0.55689,0.56788,0.57725,0.58452,0.59097,0.59595,0.60039,0.60376,0.60664,0.60876,0.61031,0.61139,0.61178,0.61198,0.61134,0.61076,0.60919,0.60792,0.60551,0.60276,0.60049,0.59706,0.59429,0.59028,0.58708,0.58258,0.579,0.57409,0.5702,0.56494,0.56078,0.55522,0.55083
0.30285,0.33869,0.44684,0.49888,0.52761,0.54781,0.56264,0.5743,0.58315,0.59043,0.59588,0.60024,0.60333,0.60538,0.60662,0.60673,0.60645,0.60487,0.60331,0.60026,0.59762,0.59332,0.58977,0.58444,0.58013,0.57397,0.56759,0.56223,0.55526,0.54944,0.54199,0.53579,0.52792,0.52139,0.51314,0.50631,0.49771,0.49058,0.48164,0.47422
0.3442,0.37988,0.479,0.52329,0.54733,0.5637,0.57521,0.58366,0.58956,0.59357,0.59596,0.5967,0.5965,0.59456,0.59229,0.58811,0.58416,0.57816,0.57288,0.56545,0.55914,0.55061,0.5435,0.53413,0.52639,0.51633,0.50617,0.49739,0.48666,0.47742,0.46614,0.45644,0.44461,0.43445,0.42206,0.41141,0.39846,0.38731,0.37378,0.36211
0.37544,0.40686,0.48898,0.52525,0.54566,0.5598,0.56977,0.57682,0.58136,0.58373,0.58449,0.58317,0.58101,0.57665,0.57219,0.56542,0.55918,0.5506,0.54305,0.53313,0.5246,0.51365,0.50433,0.49253,0.48252,0.46994,0.45723,0.44597,0.4325,0.42058,0.40634,0.39373,0.3787,0.36537,0.34952,0.33543,0.31874,0.30385,0.28632,0.27061
0.3971,0.42718,0.50535,0.53896,0.55652,0.56771,0.57474,0.57854,0.57985,0.57845,0.57561,0.57008,0.56407,0.55533,0.54699,0.53591,0.52588,0.51309,0.50181,0.48769,0.47537,0.46008,0.44681,0.43041,0.41621,0.39869,0.38094,0.36487,0.34598,0.32887,0.30884,0.29066,0.26947,0.25018,0.22789,0.20747,0.18413,0.1626,0.13832,0.11572
0.43771,0.46658,0.53883,0.56923,0.58547,0.59578,0.60188,0.60453,0.60461,0.60188,0.59781,0.59122,0.58432,0.57514,0.5664,0.5555,0.54549,0.5333,0.52226,0.50895,0.49694,0.48253,0.46952,0.45395,0.43988,0.42311,0.40601,0.38988,0.37154,0.35417,0.33459,0.31594,0.29518,0.27523,0.25338,0.23217,0.20936,0.18694,0.16332,0.13976
0.41429,0.43904,0.50175,0.52957,0.54442,0.55296,0.55685,0.55664,0.55356,0.54695,0.53898,0.52784,0.51663,0.50246,0.48909,0.47277,0.45775,0.4396,0.42308,0.40316,0.38509,0.36334,0.34361,0.31992,0.29838,0.27267,0.24639,0.22142,0.19315,0.16612,0.13596,0.10686,0.075024,0.043939,0.010693,-0.02222,-0.056534,-0.09105,-0.12604,-0.16185
0.4226,0.44577,0.50243,0.52726,0.54088,0.54864,0.55179,0.55081,0.54698,0.53991,0.53157,0.52059,0.50945,0.49587,0.48275,0.4671,0.45223,0.43459,0.41796,0.39829,0.37977,0.35797,0.33742,0.31343,0.2907,0.26449,0.23764,0.21108,0.18216,0.15325,0.12237,0.091072,0.058361,0.024627,-0.009796,-0.04602,-0.081973,-0.12069,-0.15786,-0.19892
0.42264,0.44521,0.50079,0.52542,0.53918,0.54737,0.55103,0.55055,0.5472,0.54083,0.53325,0.52351,0.51355,0.50173,0.49011,0.47659,0.46345,0.44821,0.43344,0.41634,0.39978,0.38069,0.36213,0.34098,0.32028,0.29709,0.27333,0.24906,0.22349,0.19697,0.1697,0.14089,0.11198,0.080712,0.050172,0.01623,-0.015946,-0.052783,-0.086491,-0.12627
0.37534,0.39422,0.43794,0.45462,0.46134,0.46212,0.45812,0.44947,0.43803,0.42281,0.40652,0.38667,0.36676,0.34302,0.31983,0.29233,0.26581,0.23452,0.2045,0.16933,0.13559,0.096597,0.058958,0.016385,-0.025155,-0.070841,-0.11703,-0.16422,-0.21242,-0.26242,-0.31154,-0.36334,-0.41189,-0.46396,-0.51011,-0.5604,-0.60226,-0.64853,-0.68462,-0.72499
0.37754,0.39674,0.44114,0.45873,0.46661,0.46844,0.46521,0.45738,0.44675,0.43283,0.41774,0.39965,0.38113,0.35923,0.33726,0.31129,0.28549,0.2551,0.22496,0.18986,0.15489,0.11505,0.074887,0.030535,-0.015004,-0.063404,-0.11273,-0.16598,-0.21806,-0.27548,-0.32877,-0.38869,-0.44086,-0.50045,-0.5487,-0.60436,-0.64612,-0.6945,-0.72844,-0.76755
0.45208,0.47672,0.53354,0.55435,0.56223,0.56282,0.558,0.54855,0.53656,0.52146,0.5054,0.48649,0.46721,0.44473,0.42211,0.3958,0.36946,0.33906,0.30857,0.27401,0.23906,0.20055,0.16104,0.11896,0.074836,0.029602,-0.01639,-0.067047,-0.11541,-0.16998,-0.21964,-0.27688,-0.32601,-0.38346,-0.4296,-0.48389,-0.52481,-0.57273,-0.60746,-0.64717
0.47033,0.4886,0.53177,0.54804,0.55309,0.55144,0.54525,0.53586,0.52496,0.51258,0.49959,0.48516,0.47012,0.45318,0.4355,0.41553,0.3947,0.37157,0.34737,0.32146,0.29407,0.26612,0.236,0.2067,0.17419,0.14384,0.11292,0.07732,0.044798,0.0064466,-0.027757,-0.068616,-0.10378,-0.14548,-0.18041,-0.22015,-0.2541,-0.28931,-0.3221,-0.35127
0.46221,0.48109,0.52599,0.54319,0.54895,0.54815,0.54309,0.53538,0.52624,0.51604,0.505,0.49299,0.48006,0.46593,0.45077,0.43444,0.41705,0.39909,0.38003,0.36163,0.34208,0.32469,0.30621,0.29103,0.27513,0.26268,0.25097,0.24038,0.23067,0.22353,0.21503,0.2104,0.20232,0.19861,0.19075,0.18644,0.17987,0.17435,0.17108,0.16501
0.42686,0.44555,0.49204,0.51181,0.51988,0.52145,0.51903,0.51456,0.50869,0.50224,0.49467,0.48669,0.47749,0.46808,0.4575,0.4475,0.43661,0.42784,0.41879,0.41385,0.40983,0.41147,0.41638,0.42676,0.44462,0.46433,0.48757,0.52484,0.55475,0.60115,0.63322,0.67857,0.70924,0.74329,0.77296,0.79115,0.82374,0.82781,0.86835,0.86421
0.42686,0.44555,0.49204,0.51181,0.51988,0.52145,0.51903,0.51456,0.50869,0.50224,0.49467,0.48669,0.47749,0.46808,0.4575,0.4475,0.43661,0.42784,0.41879,0.41385,0.40983,0.41147,0.41638,0.42676,0.44462,0.46433,0.48757,0.52484,0.55475,0.60115,0.63322,0.67857,0.70924,0.74329,0.77296,0.79115,0.82374,0.82781,0.86835,0.86421
0.35012,0.36083,0.38547,0.393,0.38965,0.37758,0.35897,0.33446,0.30591,0.27158,0.23402,0.18977,0.14253,0.087989,0.030267,-0.034043,-0.10222,-0.17435,-0.25153,-0.32778,-0.41023,-0.48453,-0.5652,-0.63001,-0.69992,-0.74962,-0.79349,-0.83668,-0.86681,-0.89458,-0.91481,-0.93131,-0.94514,-0.95396,-0.96436,-0.96825,-0.97759,-0.97903,-0.98787,-0.98898
0.30083,0.31564,0.34988,0.36064,0.35814,0.34631,0.32759,0.3027,0.27305,0.23726,0.19725,0.15043,0.099363,0.041495,-0.021225,-0.089217,-0.16353,-0.2395,-0.32387,-0.40321,-0.49223,-0.56653,-0.6494,-0.70909,-0.77437,-0.81544,-0.85167,-0.88487,-0.90844,-0.92668,-0.94274,-0.95117,-0.9642,-0.9672,-0.97977,-0.9813,-0.99103,-0.99275,-0.9946,-0.99392
0.30083,0.31564,0.34988,0.36064,0.35814,0.34631,0.32759,0.3027,0.27305,0.23726,0.19725,0.15043,0.099363,0.041495,-0.021225,-0.089217,-0.16353,-0.2395,-0.32387,-0.40321,-0.49223,-0.56653,-0.6494,-0.70909,-0.77437,-0.81544,-0.85167,-0.88487,-0.90844,-0.92668,-0.94274,-0.95117,-0.9642,-0.9672,-0.97977,-0.9813,-0.99103,-0.99275,-0.9946,-0.99392
0.30325,0.32117,0.36078,0.37341,0.37269,0.36371,0.34889,0.32913,0.3048,0.27485,0.23988,0.19803,0.15022,0.095587,0.033271,-0.033522,-0.11104,-0.18787,-0.27926,-0.36099,-0.45897,-0.53521,-0.624,-0.68378,-0.74845,-0.79072,-0.83159,-0.86045,-0.89083,-0.90511,-0.93003,-0.93648,-0.9575,-0.96111,-0.97496,-0.97677,-0.97869,-0.9737,-0.96214,-0.9399
0.25837,0.27477,0.30913,0.31881,0.31634,0.30534,0.28725,0.26249,0.2319,0.19478,0.15236,0.1035,0.049153,-0.010602,-0.077139,-0.14662,-0.22555,-0.30236,-0.39161,-0.46942,-0.56024,-0.62802,-0.70564,-0.75478,-0.80894,-0.84052,-0.8705,-0.8929,-0.91503,-0.92533,-0.94534,-0.95038,-0.96814,-0.97259,-0.98075,-0.98282,-0.97876,-0.97162,-0.96419,-0.94292
0.26831,0.28842,0.3314,0.3437,0.34232,0.33333,0.31845,0.29824,0.27246,0.24073,0.20295,0.15928,0.10862,0.054262,-0.009195,-0.07197,-0.14753,-0.21567,-0.30006,-0.36728,-0.44963,-0.50655,-0.5713,-0.61513,-0.65631,-0.69212,-0.73047,-0.74869,-0.78583,-0.79914,-0.83193,-0.84562,-0.86018,-0.86614,-0.85245,-0.82815,-0.81586,-0.75544,-0.81315,-0.74972
0.17004,0.19228,0.2391,0.25467,0.25553,0.24674,0.22974,0.20547,0.17433,0.13696,0.093519,0.045401,-0.0090409,-0.06573,-0.13082,-0.19431,-0.26984,-0.33679,-0.41876,-0.4819,-0.55952,-0.61052,-0.6715,-0.7091,-0.74898,-0.7798,-0.8158,-0.83494,-0.87058,-0.8859,-0.91222,-0.92445,-0.93048,-0.92915,-0.92222,-0.89664,-0.8988,-0.85016,-0.89305,-0.83962
0.18643,0.21014,0.26222,0.28129,0.28612,0.28279,0.27228,0.25533,0.23123,0.20134,0.1644,0.12489,0.07841,0.035523,-0.01475,-0.053895,-0.10043,-0.1294,-0.16336,-0.17884,-0.19466,-0.20021,-0.20055,-0.20247,-0.19298,-0.19798,-0.20454,-0.19701,-0.20132,-0.19584,-0.18722,-0.17044,-0.1578,-0.12223,-0.14931,-0.11698,-0.18246,-0.17811,-0.12622,-0.085717
0.18643,0.21014,0.26222,0.28129,0.28612,0.28279,0.27228,0.25533,0.23123,0.20134,0.1644,0.12489,0.07841,0.035523,-0.01475,-0.053895,-0.10043,-0.1294,-0.16336,-0.17884,-0.19466,-0.20021,-0.20055,-0.20247,-0.19298,-0.19798,-0.20454,-0.19701,-0.20132,-0.19584,-0.18722,-0.17044,-0.1578,-0.12223,-0.14931,-0.11698,-0.18246,-0.17811,-0.12622,-0.085717
0.18643,0.21014,0.26222,0.28129,0.28612,0.28279,0.27228,0.25533,0.23123,0.20134,0.1644,0.12489,0.07841,0.035523,-0.01475,-0.053895,-0.10043,-0.1294,-0.16336,-0.17884,-0.19466,-0.20021,-0.20055,-0.20247,-0.19298,-0.19798,-0.20454,-0.19701,-0.20132,-0.19584,-0.18722,-0.17044,-0.1578,-0.12223,-0.14931,-0.11698,-0.18246,-0.17811,-0.12622,-0.085717
0.077762,0.10499,0.1704,0.19903,0.21003,0.21038,0.20172,0.1866,0.16448,0.14055,0.11231,0.091156,0.069279,0.064419,0.062563,0.081589,0.10669,0.14578,0.19288,0.24098,0.29943,0.34808,0.41018,0.45452,0.51589,0.55163,0.58336,0.62526,0.64489,0.6611,0.68437,0.67531,0.71993,0.69786,0.72437,0.6724,0.66843,0.58978,0.6569,0.58741
0.077762,0.10499,0.1704,0.19903,0.21003,0.21038,0.20172,0.1866,0.16448,0.14055,0.11231,0.091156,0.069279,0.064419,0.062563,0.081589,0.10669,0.14578,0.19288,0.24098,0.29943,0.34808,0.41018,0.45452,0.51589,0.55163,0.58336,0.62526,0.64489,0.6611,0.68437,0.67531,0.71993,0.69786,0.72437,0.6724,0.66843,0.58978,0.6569,0.58741
0.077762,0.10499,0.1704,0.19903,0.21003,0.21038,0.20172,0.1866,0.16448,0.14055,0.11231,0.091156,0.069279,0.064419,0.062563,0.081589,0.10669,0.14578,0.19288,0.24098,0.29943,0.34808,0.41018,0.45452,0.51589,0.55163,0.58336,0.62526,0.64489,0.6611,0.68437,0.67531,0.71993,0.69786,0.72437,0.6724,0.66843,0.58978,0.6569,0.58741
0.091144,0.11427,0.17288,0.20139,0.21624,0.22268,0.22048,0.21187,0.1958,0.18083,0.16371,0.16136,0.16286,0.18575,0.21334,0.25508,0.2998,0.34699,0.39748,0.44131,0.4909,0.52732,0.57297,0.60042,0.6402,0.65781,0.67545,0.69731,0.70981,0.71746,0.72791,0.71625,0.73045,0.698,0.73644,0.69504,0.78021,0.7506,0.83422,0.81701
0.091144,0.11427,0.17288,0.20139,0.21624,0.22268,0.22048,0.21187,0.1958,0.18083,0.16371,0.16136,0.16286,0.18575,0.21334,0.25508,0.2998,0.34699,0.39748,0.44131,0.4909,0.52732,0.57297,0.60042,0.6402,0.65781,0.67545,0.69731,0.70981,0.71746,0.72791,0.71625,0.73045,0.698,0.73644,0.69504,0.78021,0.7506,0.83422,0.81701
-0.011236,0.012365,0.070287,0.096033,0.10605,0.1071,0.10104,0.093442,0.083904,0.084454,0.089521,0.11742,0.15458,0.21679,0.28819,0.37012,0.45797,0.53583,0.61869,0.67817,0.74432,0.78321,0.83006,0.85052,0.8771,0.88535,0.90124,0.901,0.92132,0.91069,0.93403,0.9123,0.93973,0.90781,0.95199,0.91744,0.96383,0.92185,0.82131,0.73897
-0.011236,0.012365,0.070287,0.096033,0.10605,0.1071,0.10104,0.093442,0.083904,0.084454,0.089521,0.11742,0.15458,0.21679,0.28819,0.37012,0.45797,0.53583,0.61869,0.67817,0.74432,0.78321,0.83006,0.85052,0.8771,0.88535,0.90124,0.901,0.92132,0.91069,0.93403,0.9123,0.93973,0.90781,0.95199,0.91744,0.96383,0.92185,0.82131,0.73897
-0.011236,0.012365,0.070287,0.096033,0.10605,0.1071,0.10104,0.093442,0.083904,0.084454,0.089521,0.11742,0.15458,0.21679,0.28819,0.37012,0.45797,0.53583,0.61869,0.67817,0.74432,0.78321,0.83006,0.85052,0.8771,0.88535,0.90124,0.901,0.92132,0.91069,0.93403,0.9123,0.93973,0.90781,0.95199,0.91744,0.96383,0.92185,0.82131,0.73897
-0.21818,-0.19116,-0.15623,-0.16608,-0.20213,-0.26238,-0.34361,-0.43782,-0.54069,-0.63389,-0.72018,-0.78128,-0.83058,-0.86166,-0.88448,-0.90151,-0.91321,-0.92446,-0.93246,-0.93975,-0.94576,-0.94895,-0.95008,-0.95202,-0.94394,-0.95811,-0.95868,-0.94515,-0.93239,-0.87868,-0.94302,-0.90726,-0.94516,-0.90447,-0.67371,-0.51176,-0.58267,-0.4476,-0.82121,-0.75456
-0.21818,-0.19116,-0.15623,-0.16608,-0.20213,-0.26238,-0.34361,-0.43782,-0.54069,-0.63389,-0.72018,-0.78128,-0.83058,-0.86166,-0.88448,-0.90151,-0.91321,-0.92446,-0.93246,-0.93975,-0.94576,-0.94895,-0.95008,-0.95202,-0.94394,-0.95811,-0.95868,-0.94515,-0.93239,-0.87868,-0.94302,-0.90726,-0.94516,-0.90447,-0.67371,-0.51176,-0.58267,-0.4476,-0.82121,-0.75456
-0.21818,-0.19116,-0.15623,-0.16608,-0.20213,-0.26238,-0.34361,-0.43782,-0.54069,-0.63389,-0.72018,-0.78128,-0.83058,-0.86166,-0.88448,-0.90151,-0.91321,-0.92446,-0.93246,-0.93975,-0.94576,-0.94895,-0.95008,-0.95202,-0.94394,-0.95811,-0.95868,-0.94515,-0.93239,-0.87868,-0.94302,-0.90726,-0.94516,-0.90447,-0.67371,-0.51176,-0.58267,-0.4476,-0.82121,-0.75456
-0.39532,-0.37328,-0.34313,-0.35329,-0.38698,-0.43988,-0.50698,-0.57986,-0.65768,-0.72817,-0.79652,-0.84707,-0.8912,-0.9187,-0.94072,-0.95533,-0.9658,-0.97521,-0.98117,-0.98559,-0.98782,-0.98862,-0.98494,-0.98754,-0.97722,-0.99175,-0.99134,-0.979,-0.96652,-0.91898,-0.98286,-0.96324,-0.93512,-0.87479,-0.74234,-0.6133,-0.69555,-0.57828,-0.56715,-0.40576
