0.092404,0.10868,0.18354,0.25051,0.30261,0.34623,0.38193,0.41222,0.43697,0.45933,0.47774,0.49527,0.50963,0.52385,0.53537,0.54717,0.55665,0.5667,0.57469,0.58344,0.59035,0.59812,0.60422,0.61125,0.61672,0.62317,0.62922,0.63411,0.63973,0.64425,0.64951,0.65371,0.65865,0.66258,0.66724,0.67093,0.67534,0.67882,0.68299,0.68629
0.18637,0.21729,0.34062,0.42294,0.474,0.51172,0.54047,0.56412,0.5831,0.60038,0.61465,0.6287,0.64038,0.65248,0.66247,0.67316,0.68192,0.69151,0.6993,0.70796,0.71496,0.72281,0.72913,0.73622,0.74192,0.74828,0.75413,0.75906,0.7642,0.76856,0.773,0.77679,0.78051,0.78374,0.78674,0.78941,0.79168,0.79379,0.79532,0.79687
0.27897,0.31737,0.4499,0.5268,0.57364,0.60864,0.6361,0.6597,0.67934,0.69782,0.71343,0.72891,0.74193,0.75527,0.76641,0.77802,0.78766,0.79773,0.80607,0.81468,0.8218,0.82896,0.83491,0.84061,0.84542,0.84965,0.85304,0.85609,0.85806,0.85996,0.86054,0.8613,0.86055,0.86021,0.85821,0.8568,0.85368,0.85129,0.8472,0.84391
0.33017,0.36966,0.49444,0.55881,0.59639,0.62494,0.64811,0.66861,0.68601,0.70235,0.71623,0.72957,0.74077,0.75142,0.76025,0.76823,0.77478,0.78002,0.78431,0.78675,0.78878,0.78842,0.78819,0.78509,0.78264,0.77697,0.77027,0.76444,0.75574,0.74812,0.73788,0.72878,0.71749,0.7073,0.69542,0.68451,0.67244,0.66115,0.64929,0.63794
0.38847,0.42813,0.54345,0.60188,0.63905,0.66882,0.69341,0.71495,0.73308,0.74942,0.76301,0.7749,0.78451,0.79198,0.79775,0.80072,0.80272,0.80123,0.79953,0.79382,0.78859,0.77914,0.77072,0.75829,0.7472,0.73271,0.71793,0.70391,0.68831,0.67332,0.65763,0.64229,0.62718,0.61208,0.59817,0.58389,0.57176,0.55887,0.54907,0.53813
0.46578,0.50749,0.62431,0.68374,0.7238,0.7576,0.78685,0.81372,0.83728,0.85946,0.87862,0.89635,0.9114,0.92467,0.93583,0.94482,0.95237,0.95759,0.96197,0.96421,0.96605,0.96631,0.96637,0.96549,0.96448,0.96304,0.96156,0.95987,0.95833,0.95659,0.95525,0.95372,0.95283,0.95176,0.95153,0.95115,0.95171,0.95215,0.95352,0.95479
0.45849,0.49702,0.61395,0.6788,0.72147,0.75622,0.78542,0.81064,0.83156,0.84884,0.8625,0.87211,0.87897,0.88129,0.88189,0.87791,0.87316,0.86456,0.85582,0.84446,0.83325,0.82082,0.80855,0.7965,0.7845,0.77417,0.76531,0.75643,0.75097,0.74556,0.7442,0.74303,0.74587,0.7491,0.75559,0.76268,0.77186,0.78181,0.79223,0.80375
0.51244,0.55201,0.66696,0.72807,0.76851,0.80173,0.82961,0.85329,0.87266,0.88802,0.89993,0.90774,0.91311,0.91446,0.91433,0.9108,0.90647,0.89981,0.89266,0.88426,0.87537,0.86626,0.85648,0.84757,0.83777,0.83007,0.82338,0.81579,0.81164,0.80659,0.80555,0.80371,0.80592,0.80751,0.81242,0.81711,0.8237,0.83073,0.83831,0.84687
0.53041,0.57002,0.68466,0.74828,0.79244,0.82897,0.85952,0.88519,0.90619,0.92285,0.93607,0.94529,0.9523,0.95617,0.95889,0.95984,0.9603,0.96015,0.95975,0.95939,0.95884,0.95872,0.95842,0.95889,0.95915,0.96043,0.96209,0.96351,0.96593,0.96797,0.97076,0.9732,0.97571,0.97812,0.98033,0.98248,0.9844,0.98624,0.98788,0.98941
0.57733,0.61388,0.71293,0.76777,0.80843,0.84253,0.87023,0.89129,0.90647,0.91492,0.91906,0.9175,0.91341,0.90584,0.89698,0.88698,0.8762,0.86623,0.85569,0.84781,0.8395,0.83547,0.83107,0.83177,0.83211,0.83729,0.84354,0.85036,0.85853,0.8677,0.87662,0.88683,0.89559,0.90594,0.91371,0.92354,0.92962,0.9383,0.943,0.95027
0.56831,0.60323,0.69692,0.74809,0.78362,0.81099,0.83157,0.84571,0.85463,0.85777,0.85741,0.8528,0.84634,0.83778,0.82841,0.81898,0.80947,0.80194,0.79537,0.79291,0.79301,0.79845,0.80822,0.82184,0.8406,0.85848,0.87628,0.89691,0.91171,0.92757,0.93813,0.94792,0.9559,0.96077,0.96859,0.97072,0.97915,0.98064,0.9866,0.98753
0.61294,0.65357,0.76431,0.82427,0.86638,0.89964,0.92551,0.94434,0.95767,0.96514,0.96922,0.96991,0.96908,0.96731,0.96505,0.96329,0.9616,0.96134,0.96152,0.96349,0.96592,0.96967,0.97357,0.97775,0.9818,0.98484,0.98764,0.99008,0.99219,0.99371,0.99507,0.99583,0.99674,0.9969,0.99818,0.9983,0.99859,0.99831,0.99845,0.99768
0.6387,0.6735,0.7679,0.81996,0.85634,0.88371,0.9031,0.91472,0.92068,0.92106,0.91851,0.91334,0.90706,0.9004,0.89366,0.8884,0.88401,0.88278,0.8832,0.88721,0.89291,0.90067,0.90952,0.91797,0.92711,0.93471,0.9417,0.94875,0.95434,0.95962,0.9649,0.96907,0.97388,0.9776,0.97924,0.9812,0.98094,0.9799,0.98058,0.97668
0.58122,0.60913,0.68313,0.71326,0.72207,0.71699,0.69983,0.66896,0.6274,0.573,0.50981,0.43777,0.35854,0.27782,0.19117,0.11276,0.029182,-0.037196,-0.10857,-0.15879,-0.21437,-0.25116,-0.29386,-0.32288,-0.35771,-0.38524,-0.41771,-0.4491,-0.48494,-0.52005,-0.55035,-0.58401,-0.59785,-0.61186,-0.62208,-0.60585,-0.6315,-0.58846,-0.62131,-0.55208
0.63904,0.67187,0.76361,0.81313,0.843,0.85921,0.8632,0.85506,0.83826,0.81376,0.78384,0.75134,0.71565,0.6848,0.65381,0.63544,0.61951,0.61792,0.61978,0.63047,0.64542,0.66225,0.68477,0.70299,0.72912,0.74589,0.76217,0.78669,0.80013,0.82165,0.83284,0.85007,0.85658,0.86651,0.87064,0.87118,0.87751,0.8677,0.87402,0.85056
0.57844,0.61602,0.72184,0.77979,0.81656,0.84007,0.8527,0.85634,0.8544,0.84937,0.84248,0.83661,0.83055,0.82893,0.82855,0.83528,0.84402,0.85847,0.87448,0.89076,0.90837,0.9221,0.9374,0.94692,0.9584,0.96443,0.96964,0.97562,0.97826,0.98091,0.98398,0.9848,0.98591,0.98374,0.98592,0.98076,0.98941,0.98498,0.98789,0.97972
0.53475,0.56351,0.6459,0.68586,0.69843,0.68927,0.66087,0.61381,0.5504,0.47189,0.37619,0.27203,0.14802,0.029215,-0.11222,-0.23003,-0.36717,-0.46695,-0.56881,-0.64154,-0.69189,-0.74792,-0.75337,-0.82759,-0.82267,-0.90655,-0.90043,-0.87157,-0.84272,-0.74376,-0.85367,-0.76814,-0.90052,-0.84568,-0.6374,-0.45403,-0.39891,-0.19683,-0.33958,-0.15425
0.59347,0.62586,0.71778,0.75791,0.7674,0.75597,0.72682,0.68064,0.62058,0.54817,0.46325,0.37102,0.26436,0.15938,0.035873,-0.071494,-0.2016,-0.29955,-0.41443,-0.49937,-0.57647,-0.66312,-0.7057,-0.78544,-0.79416,-0.8757,-0.91247,-0.89634,-0.84865,-0.74204,-0.82911,-0.71166,-0.96206,-0.94238,-0.67771,-0.48807,-0.39686,-0.18855,-0.31309,-0.12702
0.48348,0.49762,0.51498,0.4814,0.40949,0.302,0.16222,-0.0039193,-0.18563,-0.36144,-0.5274,-0.65721,-0.7663,-0.83641,-0.89085,-0.92155,-0.94441,-0.95774,-0.96682,-0.9749,-0.97895,-0.9853,-0.98848,-0.98849,-0.98705,-0.98606,-0.99081,-0.98708,-0.99004,-0.98246,-0.98319,-0.96416,-0.9654,-0.92466,-0.92322,-0.85041,-0.94791,-0.90797,-0.87968,-0.80056
0.48348,0.49762,0.51498,0.4814,0.40949,0.302,0.16222,-0.0039193,-0.18563,-0.36144,-0.5274,-0.65721,-0.7663,-0.83641,-0.89085,-0.92155,-0.94441,-0.95774,-0.96682,-0.9749,-0.97895,-0.9853,-0.98848,-0.98849,-0.98705,-0.98606,-0.99081,-0.98708,-0.99004,-0.98246,-0.98319,-0.96416,-0.9654,-0.92466,-0.92322,-0.85041,-0.94791,-0.90797,-0.87968,-0.80056
0.62962,0.66439,0.768,0.80774,0.80533,0.77611,0.72411,0.65086,0.55443,0.44583,0.32104,0.21132,0.10434,0.026866,-0.03466,-0.085263,-0.11897,-0.158,-0.18407,-0.21644,-0.24051,-0.25981,-0.26304,-0.2624,-0.20156,-0.28324,-0.30948,-0.2277,-0.13229,0.038861,-0.15082,-0.0086501,-0.26535,-0.11913,0.34617,0.48013,0.38651,0.47497,0.042392,0.14253
0.33884,0.355,0.38786,0.36902,0.30803,0.21698,0.10571,-0.012206,-0.13316,-0.23685,-0.33028,-0.38984,-0.43312,-0.44925,-0.45075,-0.44998,-0.43549,-0.44114,-0.43507,-0.44412,-0.44502,-0.45043,-0.4291,-0.443,-0.38207,-0.4672,-0.52098,-0.3917,-0.25867,-0.022377,-0.41887,-0.30656,-0.21245,-0.1521,0.15828,0.24857,0.27082,0.36479,0.31151,0.34831
0.33884,0.355,0.38786,0.36902,0.30803,0.21698,0.10571,-0.012206,-0.13316,-0.23685,-0.33028,-0.38984,-0.43312,-0.44925,-0.45075,-0.44998,-0.43549,-0.44114,-0.43507,-0.44412,-0.44502,-0.45043,-0.4291,-0.443,-0.38207,-0.4672,-0.52098,-0.3917,-0.25867,-0.022377,-0.41887,-0.30656,-0.21245,-0.1521,0.15828,0.24857,0.27082,0.36479,0.31151,0.34831
0.33884,0.355,0.38786,0.36902,0.30803,0.21698,0.10571,-0.012206,-0.13316,-0.23685,-0.33028,-0.38984,-0.43312,-0.44925,-0.45075,-0.44998,-0.43549,-0.44114,-0.43507,-0.44412,-0.44502,-0.45043,-0.4291,-0.443,-0.38207,-0.4672,-0.52098,-0.3917,-0.25867,-0.022377,-0.41887,-0.30656,-0.21245,-0.1521,0.15828,0.24857,0.27082,0.36479,0.31151,0.34831
0.21315,0.20537,0.14492,0.037357,-0.11609,-0.29924,-0.48603,-0.64427,-0.76683,-0.84387,-0.89347,-0.92084,-0.93702,-0.948,-0.95479,-0.96102,-0.96564,-0.96915,-0.9715,-0.97239,-0.96687,-0.97857,-0.97634,-0.96255,-0.9205,-0.93548,-0.98829,-0.98153,-0.84177,-0.68664,-0.7983,-0.6796,-0.63593,-0.5108,0.36405,0.40954,0.28696,0.14422,-0.26257,-0.30751
0.21315,0.20537,0.14492,0.037357,-0.11609,-0.29924,-0.48603,-0.64427,-0.76683,-0.84387,-0.89347,-0.92084,-0.93702,-0.948,-0.95479,-0.96102,-0.96564,-0.96915,-0.9715,-0.97239,-0.96687,-0.97857,-0.97634,-0.96255,-0.9205,-0.93548,-0.98829,-0.98153,-0.84177,-0.68664,-0.7983,-0.6796,-0.63593,-0.5108,0.36405,0.40954,0.28696,0.14422,-0.26257,-0.30751
0.33371,0.31695,0.2191,0.0757,-0.10476,-0.30325,-0.49647,-0.6611,-0.7937,-0.88097,-0.93918,-0.96847,-0.98412,-0.99269,-0.9955,-0.99848,-0.99862,-0.99886,-0.99679,-0.99648,-0.98948,-0.99914,-0.99722,-0.98019,-0.93911,-0.96351,-0.98393,-0.96069,-0.89743,-0.78822,-0.74827,-0.58813,-0.83368,-0.71986,0.63156,0.71694,0.362,0.20019,-0.5574,-0.5885
0.33371,0.31695,0.2191,0.0757,-0.10476,-0.30325,-0.49647,-0.6611,-0.7937,-0.88097,-0.93918,-0.96847,-0.98412,-0.99269,-0.9955,-0.99848,-0.99862,-0.99886,-0.99679,-0.99648,-0.98948,-0.99914,-0.99722,-0.98019,-0.93911,-0.96351,-0.98393,-0.96069,-0.89743,-0.78822,-0.74827,-0.58813,-0.83368,-0.71986,0.63156,0.71694,0.362,0.20019,-0.5574,-0.5885
0.5324,0.54842,0.57585,0.52263,0.40159,0.23252,0.03354,-0.1476,-0.28408,-0.35481,-0.36942,-0.36671,-0.33188,-0.31031,-0.26951,-0.23813,-0.1855,-0.19414,-0.19151,-0.046236,0.085362,0.031622,0.13455,0.3244,0.42808,0.28187,0.20095,0.23328,0.9166,0.92391,0.48653,0.42974,0.35035,0.34905,0.49623,0.4947,0.54145,0.55602,0.72378,0.71191
0.5324,0.54842,0.57585,0.52263,0.40159,0.23252,0.03354,-0.1476,-0.28408,-0.35481,-0.36942,-0.36671,-0.33188,-0.31031,-0.26951,-0.23813,-0.1855,-0.19414,-0.19151,-0.046236,0.085362,0.031622,0.13455,0.3244,0.42808,0.28187,0.20095,0.23328,0.9166,0.92391,0.48653,0.42974,0.35035,0.34905,0.49623,0.4947,0.54145,0.55602,0.72378,0.71191
0.5324,0.54842,0.57585,0.52263,0.40159,0.23252,0.03354,-0.1476,-0.28408,-0.35481,-0.36942,-0.36671,-0.33188,-0.31031,-0.26951,-0.23813,-0.1855,-0.19414,-0.19151,-0.046236,0.085362,0.031622,0.13455,0.3244,0.42808,0.28187,0.20095,0.23328,0.9166,0.92391,0.48653,0.42974,0.35035,0.34905,0.49623,0.4947,0.54145,0.55602,0.72378,0.71191
0.5324,0.54842,0.57585,0.52263,0.40159,0.23252,0.03354,-0.1476,-0.28408,-0.35481,-0.36942,-0.36671,-0.33188,-0.31031,-0.26951,-0.23813,-0.1855,-0.19414,-0.19151,-0.046236,0.085362,0.031622,0.13455,0.3244,0.42808,0.28187,0.20095,0.23328,0.9166,0.92391,0.48653,0.42974,0.35035,0.34905,0.49623,0.4947,0.54145,0.55602,0.72378,0.71191
0.5324,0.54842,0.57585,0.52263,0.40159,0.23252,0.03354,-0.1476,-0.28408,-0.35481,-0.36942,-0.36671,-0.33188,-0.31031,-0.26951,-0.23813,-0.1855,-0.19414,-0.19151,-0.046236,0.085362,0.031622,0.13455,0.3244,0.42808,0.28187,0.20095,0.23328,0.9166,0.92391,0.48653,0.42974,0.35035,0.34905,0.49623,0.4947,0.54145,0.55602,0.72378,0.71191
0.5324,0.54842,0.57585,0.52263,0.40159,0.23252,0.03354,-0.1476,-0.28408,-0.35481,-0.36942,-0.36671,-0.33188,-0.31031,-0.26951,-0.23813,-0.1855,-0.19414,-0.19151,-0.046236,0.085362,0.031622,0.13455,0.3244,0.42808,0.28187,0.20095,0.23328,0.9166,0.92391,0.48653,0.42974,0.35035,0.34905,0.49623,0.4947,0.54145,0.55602,0.72378,0.71191
0.5324,0.54842,0.57585,0.52263,0.40159,0.23252,0.03354,-0.1476,-0.28408,-0.35481,-0.36942,-0.36671,-0.33188,-0.31031,-0.26951,-0.23813,-0.1855,-0.19414,-0.19151,-0.046236,0.085362,0.031622,0.13455,0.3244,0.42808,0.28187,0.20095,0.23328,0.9166,0.92391,0.48653,0.42974,0.35035,0.34905,0.49623,0.4947,0.54145,0.55602,0.72378,0.71191
0.75148,0.76492,0.81155,0.80287,0.74335,0.65516,0.54286,0.42138,0.30022,0.20467,0.13643,0.07792,0.050917,0.0059683,0.018835,0.0098529,0.060986,-0.043933,-0.0082995,0.13163,0.25746,0.13583,0.23493,0.26101,0.38979,0.50697,0.37398,0.4858,0.92467,0.92966,0.7954,0.74588,0.73926,0.73198,0.62875,0.62441,0.68222,0.68669,0.90751,0.90354
0.32094,0.24937,-0.10453,-0.4709,-0.73112,-0.87677,-0.94453,-0.97245,-0.98409,-0.98984,-0.99315,-0.99507,-0.99528,-0.99732,-0.99378,-0.99547,-0.97676,-0.99635,-0.98366,-0.87355,-0.67803,-0.59949,-0.094772,0.62468,0.18211,-0.35477,-0.16157,-0.19334,0.46838,0.53324,0.14354,0.0944,-0.55476,-0.55713,-0.42484,-0.42095,0.88437,0.89201,-0.11319,-0.13955
0.32094,0.24937,-0.10453,-0.4709,-0.73112,-0.87677,-0.94453,-0.97245,-0.98409,-0.98984,-0.99315,-0.99507,-0.99528,-0.99732,-0.99378,-0.99547,-0.97676,-0.99635,-0.98366,-0.87355,-0.67803,-0.59949,-0.094772,0.62468,0.18211,-0.35477,-0.16157,-0.19334,0.46838,0.53324,0.14354,0.0944,-0.55476,-0.55713,-0.42484,-0.42095,0.88437,0.89201,-0.11319,-0.13955
0.32094,0.24937,-0.10453,-0.4709,-0.73112,-0.87677,-0.94453,-0.97245,-0.98409,-0.98984,-0.99315,-0.99507,-0.99528,-0.99732,-0.99378,-0.99547,-0.97676,-0.99635,-0.98366,-0.87355,-0.67803,-0.59949,-0.094772,0.62468,0.18211,-0.35477,-0.16157,-0.19334,0.46838,0.53324,0.14354,0.0944,-0.55476,-0.55713,-0.42484,-0.42095,0.88437,0.89201,-0.11319,-0.13955
0.32094,0.24937,-0.10453,-0.4709,-0.73112,-0.87677,-0.94453,-0.97245,-0.98409,-0.98984,-0.99315,-0.99507,-0.99528,-0.99732,-0.99378,-0.99547,-0.97676,-0.99635,-0.98366,-0.87355,-0.67803,-0.59949,-0.094772,0.62468,0.18211,-0.35477,-0.16157,-0.19334,0.46838,0.53324,0.14354,0.0944,-0.55476,-0.55713,-0.42484,-0.42095,0.88437,0.89201,-0.11319,-0.13955
