-0.01345,-0.015863,-0.027201,-0.038151,-0.047931,-0.057688,-0.06737,-0.077335,-0.087041,-0.097286,-0.10704,-0.1176,-0.12743,-0.13834,-0.14828,-0.15955,-0.16962,-0.18125,-0.19147,-0.20344,-0.21382,-0.22609,-0.23659,-0.24908,-0.25963,-0.27221,-0.28455,-0.29522,-0.30743,-0.31787,-0.32982,-0.33994,-0.35151,-0.36123,-0.37237,-0.38166,-0.39231,-0.40114,-0.41129,-0.41967
-0.028667,-0.033841,-0.058225,-0.081962,-0.1034,-0.12504,-0.14677,-0.16943,-0.19176,-0.21558,-0.23845,-0.26315,-0.28607,-0.31077,-0.33285,-0.35648,-0.37696,-0.39881,-0.41734,-0.43718,-0.4538,-0.47166,-0.48655,-0.50258,-0.51593,-0.53023,-0.54339,-0.55483,-0.5664,-0.5765,-0.58652,-0.59533,-0.60383,-0.61138,-0.61843,-0.62476,-0.63043,-0.63561,-0.64,-0.64409
-0.042974,-0.050782,-0.087741,-0.1241,-0.15734,-0.19122,-0.2255,-0.26108,-0.29561,-0.33064,-0.36249,-0.39383,-0.42093,-0.44717,-0.46931,-0.49052,-0.50827,-0.52486,-0.53874,-0.55111,-0.56149,-0.56996,-0.57714,-0.58213,-0.58642,-0.58841,-0.58915,-0.58974,-0.58842,-0.58719,-0.58436,-0.5818,-0.57802,-0.5746,-0.5704,-0.56659,-0.56243,-0.55866,-0.55499,-0.55171
-0.057805,-0.068424,-0.11898,-0.16942,-0.21626,-0.26424,-0.31169,-0.35809,-0.39999,-0.43947,-0.47369,-0.506,-0.53372,-0.55974,-0.58191,-0.60207,-0.61913,-0.63384,-0.64619,-0.6561,-0.66433,-0.67036,-0.67529,-0.67855,-0.68114,-0.68275,-0.68409,-0.68516,-0.68653,-0.68796,-0.69036,-0.69321,-0.69748,-0.70273,-0.70941,-0.71775,-0.72697,-0.73867,-0.75004,-0.76473
-0.072738,-0.086141,-0.15016,-0.21424,-0.27331,-0.33188,-0.38672,-0.43671,-0.47952,-0.51773,-0.54999,-0.57907,-0.6036,-0.62533,-0.64352,-0.65895,-0.67174,-0.6821,-0.69069,-0.69762,-0.70354,-0.70891,-0.71393,-0.71956,-0.72546,-0.73289,-0.7414,-0.75133,-0.76244,-0.77572,-0.78888,-0.80478,-0.8186,-0.83545,-0.84815,-0.86388,-0.87406,-0.88705,-0.8944,-0.90404
-0.094589,-0.11172,-0.19324,-0.27352,-0.34402,-0.4078,-0.46139,-0.50537,-0.54016,-0.56838,-0.5903,-0.60714,-0.61926,-0.6268,-0.63067,-0.63062,-0.62774,-0.62197,-0.61407,-0.60478,-0.59394,-0.58365,-0.57238,-0.56357,-0.55439,-0.54891,-0.54512,-0.54194,-0.54158,-0.54204,-0.54388,-0.54654,-0.54908,-0.55248,-0.55502,-0.55832,-0.56078,-0.56378,-0.56619,-0.56892
-0.10589,-0.12572,-0.22127,-0.31271,-0.3837,-0.44292,-0.49286,-0.53433,-0.56732,-0.59113,-0.6078,-0.61671,-0.62129,-0.62155,-0.62024,-0.61849,-0.61747,-0.61933,-0.62424,-0.6339,-0.64941,-0.66848,-0.69633,-0.72243,-0.75878,-0.78518,-0.81013,-0.84033,-0.85866,-0.87853,-0.89129,-0.90161,-0.91089,-0.91444,-0.92279,-0.92237,-0.93243,-0.93115,-0.94066,-0.94009
-0.13127,-0.15472,-0.26645,-0.36875,-0.44032,-0.49187,-0.5285,-0.55231,-0.56533,-0.56704,-0.56023,-0.54391,-0.52105,-0.49137,-0.45655,-0.41892,-0.37716,-0.33806,-0.29545,-0.26131,-0.22385,-0.1988,-0.17071,-0.15531,-0.13785,-0.12986,-0.12233,-0.11751,-0.11307,-0.11274,-0.1102,-0.11232,-0.11134,-0.11476,-0.11532,-0.11951,-0.12272,-0.12829,-0.13388,-0.14183
-0.13252,-0.15685,-0.27424,-0.38423,-0.4621,-0.51708,-0.55435,-0.57595,-0.58526,-0.58164,-0.56905,-0.54676,-0.51844,-0.48563,-0.44955,-0.41584,-0.3816,-0.35615,-0.33331,-0.32179,-0.31688,-0.31891,-0.33033,-0.34251,-0.35988,-0.38113,-0.419,-0.43192,-0.50636,-0.52287,-0.63511,-0.66201,-0.70263,-0.65021,-0.59411,-0.4881,-0.46682,-0.37906,-0.43612,-0.35508
-0.15792,-0.18671,-0.32535,-0.45254,-0.53791,-0.59539,-0.63393,-0.65899,-0.67495,-0.68508,-0.69288,-0.70186,-0.71417,-0.73164,-0.75594,-0.78227,-0.81466,-0.83997,-0.86725,-0.8828,-0.89762,-0.90527,-0.91059,-0.9153,-0.91593,-0.92052,-0.92397,-0.92396,-0.92511,-0.92431,-0.9236,-0.9206,-0.91894,-0.91172,-0.91535,-0.90569,-0.91756,-0.9102,-0.90955,-0.89437
-0.15631,-0.18544,-0.32265,-0.43293,-0.49768,-0.53861,-0.5637,-0.57686,-0.58396,-0.58894,-0.59716,-0.61207,-0.63775,-0.67134,-0.71815,-0.76063,-0.80952,-0.84045,-0.86938,-0.88607,-0.8962,-0.90707,-0.90814,-0.91823,-0.91742,-0.92388,-0.92442,-0.92118,-0.91832,-0.90762,-0.91275,-0.89785,-0.91907,-0.91158,-0.89817,-0.86818,-0.84325,-0.78254,-0.79985,-0.73436
-0.15669,-0.18102,-0.29054,-0.36735,-0.40207,-0.41691,-0.41856,-0.41036,-0.39517,-0.37803,-0.3604,-0.35039,-0.34559,-0.35269,-0.36623,-0.38597,-0.4097,-0.43214,-0.45734,-0.4793,-0.50417,-0.52588,-0.55115,-0.57261,-0.59904,-0.61823,-0.63446,-0.65784,-0.66955,-0.68648,-0.69843,-0.70793,-0.72295,-0.72688,-0.72363,-0.70405,-0.69947,-0.64774,-0.67462,-0.61319
-0.17159,-0.19688,-0.30813,-0.3781,-0.39705,-0.38943,-0.3628,-0.31941,-0.26085,-0.19003,-0.10501,-0.01791,0.08144,0.16458,0.25162,0.30835,0.357,0.38766,0.40411,0.42427,0.42738,0.44336,0.44484,0.44879,0.44489,0.43674,0.44138,0.42628,0.44862,0.44398,0.42373,0.38597,0.34757,0.25538,0.32676,0.24251,0.411,0.3813,0.19151,0.098924
-0.27485,-0.31526,-0.46068,-0.53681,-0.57036,-0.58349,-0.58449,-0.58062,-0.57607,-0.57562,-0.57862,-0.58456,-0.59073,-0.59527,-0.59835,-0.60034,-0.60127,-0.60238,-0.60266,-0.60323,-0.60316,-0.60353,-0.6032,-0.60276,-0.60099,-0.6029,-0.60283,-0.60119,-0.59964,-0.59471,-0.59914,-0.59431,-0.59018,-0.57944,-0.60029,-0.60949,-0.57358,-0.57581,-0.49801,-0.45984
-0.27485,-0.31526,-0.46068,-0.53681,-0.57036,-0.58349,-0.58449,-0.58062,-0.57607,-0.57562,-0.57862,-0.58456,-0.59073,-0.59527,-0.59835,-0.60034,-0.60127,-0.60238,-0.60266,-0.60323,-0.60316,-0.60353,-0.6032,-0.60276,-0.60099,-0.6029,-0.60283,-0.60119,-0.59964,-0.59471,-0.59914,-0.59431,-0.59018,-0.57944,-0.60029,-0.60949,-0.57358,-0.57581,-0.49801,-0.45984
-0.26296,-0.3067,-0.47335,-0.56987,-0.61764,-0.64363,-0.66157,-0.68414,-0.72038,-0.77084,-0.83321,-0.88692,-0.93288,-0.95969,-0.97612,-0.98646,-0.99002,-0.99477,-0.9948,-0.99712,-0.99575,-0.99639,-0.99206,-0.99148,-0.97944,-0.99131,-0.99013,-0.97485,-0.96761,-0.92844,-0.95304,-0.90937,-0.94882,-0.90448,-0.81144,-0.76053,-0.73096,-0.68525,-0.68555,-0.5831
-0.27298,-0.31453,-0.46357,-0.52836,-0.5332,-0.50615,-0.46027,-0.40878,-0.36087,-0.33106,-0.32502,-0.34654,-0.39485,-0.47685,-0.53395,-0.70891,-0.78108,-0.85581,-0.72702,-0.72231,-0.51939,-0.88578,-0.74844,-0.42543,-0.32458,-0.31811,-0.62118,-0.43331,-0.30876,-0.33258,-0.29224,-0.32588,-0.13459,-0.10866,-0.77009,-0.80017,-0.5718,-0.52975,-0.14299,-0.15361
-0.27298,-0.31453,-0.46357,-0.52836,-0.5332,-0.50615,-0.46027,-0.40878,-0.36087,-0.33106,-0.32502,-0.34654,-0.39485,-0.47685,-0.53395,-0.70891,-0.78108,-0.85581,-0.72702,-0.72231,-0.51939,-0.88578,-0.74844,-0.42543,-0.32458,-0.31811,-0.62118,-0.43331,-0.30876,-0.33258,-0.29224,-0.32588,-0.13459,-0.10866,-0.77009,-0.80017,-0.5718,-0.52975,-0.14299,-0.15361
-0.37416,-0.40837,-0.50391,-0.50908,-0.47838,-0.4447,-0.41784,-0.40113,-0.39346,-0.39086,-0.39031,-0.38762,-0.38278,-0.37849,-0.3719,-0.37009,-0.36692,-0.36729,-0.36728,-0.36764,-0.36048,-0.3758,-0.3704,-0.3526,-0.32356,-0.32232,-0.42383,-0.37844,-0.27664,-0.27931,-0.28833,-0.32864,-0.39316,-0.4872,-0.83046,-0.88694,-0.52661,-0.47288,-0.41049,-0.39934
-0.40455,-0.44946,-0.6082,-0.6871,-0.73137,-0.77552,-0.82279,-0.86389,-0.89271,-0.90906,-0.91768,-0.92307,-0.92585,-0.92798,-0.92908,-0.92963,-0.92915,-0.93049,-0.93004,-0.92828,-0.92111,-0.92644,-0.91778,-0.9174,-0.90045,-0.87178,-0.88738,-0.83557,-0.92642,-0.94387,-0.78326,-0.80336,-0.83953,-0.84158,-0.79507,-0.79552,-0.69807,-0.69944,-0.86547,-0.86099
-0.40455,-0.44946,-0.6082,-0.6871,-0.73137,-0.77552,-0.82279,-0.86389,-0.89271,-0.90906,-0.91768,-0.92307,-0.92585,-0.92798,-0.92908,-0.92963,-0.92915,-0.93049,-0.93004,-0.92828,-0.92111,-0.92644,-0.91778,-0.9174,-0.90045,-0.87178,-0.88738,-0.83557,-0.92642,-0.94387,-0.78326,-0.80336,-0.83953,-0.84158,-0.79507,-0.79552,-0.69807,-0.69944,-0.86547,-0.86099
-0.40455,-0.44946,-0.6082,-0.6871,-0.73137,-0.77552,-0.82279,-0.86389,-0.89271,-0.90906,-0.91768,-0.92307,-0.92585,-0.92798,-0.92908,-0.92963,-0.92915,-0.93049,-0.93004,-0.92828,-0.92111,-0.92644,-0.91778,-0.9174,-0.90045,-0.87178,-0.88738,-0.83557,-0.92642,-0.94387,-0.78326,-0.80336,-0.83953,-0.84158,-0.79507,-0.79552,-0.69807,-0.69944,-0.86547,-0.86099
-0.24357,-0.26788,-0.34916,-0.38921,-0.4233,-0.47509,-0.54195,-0.60762,-0.66386,-0.70725,-0.745,-0.77674,-0.81001,-0.83541,-0.86378,-0.88177,-0.89576,-0.91265,-0.90825,-0.92914,-0.89802,-0.96424,-0.95053,-0.96243,-0.90192,-0.75006,-0.80134,-0.70031,-0.36143,-0.36333,-0.68122,-0.69532,-0.50504,-0.51576,-0.55936,-0.56306,-0.72249,-0.72045,-0.45079,-0.44962
-0.24357,-0.26788,-0.34916,-0.38921,-0.4233,-0.47509,-0.54195,-0.60762,-0.66386,-0.70725,-0.745,-0.77674,-0.81001,-0.83541,-0.86378,-0.88177,-0.89576,-0.91265,-0.90825,-0.92914,-0.89802,-0.96424,-0.95053,-0.96243,-0.90192,-0.75006,-0.80134,-0.70031,-0.36143,-0.36333,-0.68122,-0.69532,-0.50504,-0.51576,-0.55936,-0.56306,-0.72249,-0.72045,-0.45079,-0.44962
-0.33448,-0.35197,-0.40246,-0.40295,-0.39117,-0.40107,-0.45285,-0.54464,-0.64712,-0.7572,-0.83938,-0.89823,-0.91438,-0.96502,-0.96244,-0.87638,-0.64757,-0.89426,-0.6953,-0.45242,-0.39327,-0.4016,-0.40805,-0.59091,-0.53053,-0.39114,-0.44111,-0.43567,-0.5687,-0.57994,-0.47143,-0.46356,-0.39209,-0.39197,-0.43359,-0.43414,-0.60959,-0.61303,-0.44297,-0.43866
-0.33448,-0.35197,-0.40246,-0.40295,-0.39117,-0.40107,-0.45285,-0.54464,-0.64712,-0.7572,-0.83938,-0.89823,-0.91438,-0.96502,-0.96244,-0.87638,-0.64757,-0.89426,-0.6953,-0.45242,-0.39327,-0.4016,-0.40805,-0.59091,-0.53053,-0.39114,-0.44111,-0.43567,-0.5687,-0.57994,-0.47143,-0.46356,-0.39209,-0.39197,-0.43359,-0.43414,-0.60959,-0.61303,-0.44297,-0.43866
-0.33448,-0.35197,-0.40246,-0.40295,-0.39117,-0.40107,-0.45285,-0.54464,-0.64712,-0.7572,-0.83938,-0.89823,-0.91438,-0.96502,-0.96244,-0.87638,-0.64757,-0.89426,-0.6953,-0.45242,-0.39327,-0.4016,-0.40805,-0.59091,-0.53053,-0.39114,-0.44111,-0.43567,-0.5687,-0.57994,-0.47143,-0.46356,-0.39209,-0.39197,-0.43359,-0.43414,-0.60959,-0.61303,-0.44297,-0.43866
-0.33448,-0.35197,-0.40246,-0.40295,-0.39117,-0.40107,-0.45285,-0.54464,-0.64712,-0.7572,-0.83938,-0.89823,-0.91438,-0.96502,-0.96244,-0.87638,-0.64757,-0.89426,-0.6953,-0.45242,-0.39327,-0.4016,-0.40805,-0.59091,-0.53053,-0.39114,-0.44111,-0.43567,-0.5687,-0.57994,-0.47143,-0.46356,-0.39209,-0.39197,-0.43359,-0.43414,-0.60959,-0.61303,-0.44297,-0.43866
-0.33448,-0.35197,-0.40246,-0.40295,-0.39117,-0.40107,-0.45285,-0.54464,-0.64712,-0.7572,-0.83938,-0.89823,-0.91438,-0.96502,-0.96244,-0.87638,-0.64757,-0.89426,-0.6953,-0.45242,-0.39327,-0.4016,-0.40805,-0.59091,-0.53053,-0.39114,-0.44111,-0.43567,-0.5687,-0.57994,-0.47143,-0.46356,-0.39209,-0.39197,-0.43359,-0.43414,-0.60959,-0.61303,-0.44297,-0.43866
-0.33448,-0.35197,-0.40246,-0.40295,-0.39117,-0.40107,-0.45285,-0.54464,-0.64712,-0.7572,-0.83938,-0.89823,-0.91438,-0.96502,-0.96244,-0.87638,-0.64757,-0.89426,-0.6953,-0.45242,-0.39327,-0.4016,-0.40805,-0.59091,-0.53053,-0.39114,-0.44111,-0.43567,-0.5687,-0.57994,-0.47143,-0.46356,-0.39209,-0.39197,-0.43359,-0.43414,-0.60959,-0.61303,-0.44297,-0.43866
-0.44489,-0.42149,-0.30815,-0.21222,-0.19594,-0.26702,-0.41279,-0.60599,-0.77469,-0.93061,-0.97699,-0.99693,-0.92564,-0.90876,-0.67811,-0.65848,-0.39069,-0.71236,-0.47101,-0.36213,-0.38331,-0.61341,-0.72309,-0.019549,-0.031253,-0.52845,-0.44403,-0.44686,-0.19683,-0.19127,-0.42453,-0.42554,-0.5745,-0.56663,-0.07053,-0.073816,-0.53799,-0.53642,-0.47563,-0.47471
-0.44489,-0.42149,-0.30815,-0.21222,-0.19594,-0.26702,-0.41279,-0.60599,-0.77469,-0.93061,-0.97699,-0.99693,-0.92564,-0.90876,-0.67811,-0.65848,-0.39069,-0.71236,-0.47101,-0.36213,-0.38331,-0.61341,-0.72309,-0.019549,-0.031253,-0.52845,-0.44403,-0.44686,-0.19683,-0.19127,-0.42453,-0.42554,-0.5745,-0.56663,-0.07053,-0.073816,-0.53799,-0.53642,-0.47563,-0.47471
-0.3754,-0.36382,-0.31817,-0.2963,-0.35751,-0.56244,-0.83522,-0.97982,-0.9962,-0.99599,-0.9538,-0.98978,-0.92047,-0.59204,-0.36159,-0.34305,-0.41409,-0.33595,-0.3917,-0.40063,-0.3925,-0.59853,-0.59706,-0.49577,-0.52777,-0.39046,-0.59071,-0.58467,-0.5686,-0.59653,-0.39274,-0.39373,-0.56814,-0.56145,-0.65483,-0.67711,-0.39655,-0.39767,-0.54705,-0.54159
-0.3754,-0.36382,-0.31817,-0.2963,-0.35751,-0.56244,-0.83522,-0.97982,-0.9962,-0.99599,-0.9538,-0.98978,-0.92047,-0.59204,-0.36159,-0.34305,-0.41409,-0.33595,-0.3917,-0.40063,-0.3925,-0.59853,-0.59706,-0.49577,-0.52777,-0.39046,-0.59071,-0.58467,-0.5686,-0.59653,-0.39274,-0.39373,-0.56814,-0.56145,-0.65483,-0.67711,-0.39655,-0.39767,-0.54705,-0.54159
-0.3754,-0.36382,-0.31817,-0.2963,-0.35751,-0.56244,-0.83522,-0.97982,-0.9962,-0.99599,-0.9538,-0.98978,-0.92047,-0.59204,-0.36159,-0.34305,-0.41409,-0.33595,-0.3917,-0.40063,-0.3925,-0.59853,-0.59706,-0.49577,-0.52777,-0.39046,-0.59071,-0.58467,-0.5686,-0.59653,-0.39274,-0.39373,-0.56814,-0.56145,-0.65483,-0.67711,-0.39655,-0.39767,-0.54705,-0.54159
-0.3754,-0.36382,-0.31817,-0.2963,-0.35751,-0.56244,-0.83522,-0.97982,-0.9962,-0.99599,-0.9538,-0.98978,-0.92047,-0.59204,-0.36159,-0.34305,-0.41409,-0.33595,-0.3917,-0.40063,-0.3925,-0.59853,-0.59706,-0.49577,-0.52777,-0.39046,-0.59071,-0.58467,-0.5686,-0.59653,-0.39274,-0.39373,-0.56814,-0.56145,-0.65483,-0.67711,-0.39655,-0.39767,-0.54705,-0.54159
-0.3754,-0.36382,-0.31817,-0.2963,-0.35751,-0.56244,-0.83522,-0.97982,-0.9962,-0.99599,-0.9538,-0.98978,-0.92047,-0.59204,-0.36159,-0.34305,-0.41409,-0.33595,-0.3917,-0.40063,-0.3925,-0.59853,-0.59706,-0.49577,-0.52777,-0.39046,-0.59071,-0.58467,-0.5686,-0.59653,-0.39274,-0.39373,-0.56814,-0.56145,-0.65483,-0.67711,-0.39655,-0.39767,-0.54705,-0.54159
-0.3754,-0.36382,-0.31817,-0.2963,-0.35751,-0.56244,-0.83522,-0.97982,-0.9962,-0.99599,-0.9538,-0.98978,-0.92047,-0.59204,-0.36159,-0.34305,-0.41409,-0.33595,-0.3917,-0.40063,-0.3925,-0.59853,-0.59706,-0.49577,-0.52777,-0.39046,-0.59071,-0.58467,-0.5686,-0.59653,-0.39274,-0.39373,-0.56814,-0.56145,-0.65483,-0.67711,-0.39655,-0.39767,-0.54705,-0.54159
-0.3754,-0.36382,-0.31817,-0.2963,-0.35751,-0.56244,-0.83522,-0.97982,-0.9962,-0.99599,-0.9538,-0.98978,-0.92047,-0.59204,-0.36159,-0.34305,-0.41409,-0.33595,-0.3917,-0.40063,-0.3925,-0.59853,-0.59706,-0.49577,-0.52777,-0.39046,-0.59071,-0.58467,-0.5686,-0.59653,-0.39274,-0.39373,-0.56814,-0.56145,-0.65483,-0.67711,-0.39655,-0.39767,-0.54705,-0.54159
-0.3754,-0.36382,-0.31817,-0.2963,-0.35751,-0.56244,-0.83522,-0.97982,-0.9962,-0.99599,-0.9538,-0.98978,-0.92047,-0.59204,-0.36159,-0.34305,-0.41409,-0.33595,-0.3917,-0.40063,-0.3925,-0.59853,-0.59706,-0.49577,-0.52777,-0.39046,-0.59071,-0.58467,-0.5686,-0.59653,-0.39274,-0.39373,-0.56814,-0.56145,-0.65483,-0.67711,-0.39655,-0.39767,-0.54705,-0.54159
