0.0074093,0.0087355,0.014959,0.02095,0.026276,0.031559,0.036772,0.0421,0.047255,0.05265,0.05775,0.063221,0.068279,0.073831,0.078858,0.084494,0.089503,0.095224,0.10023,0.10604,0.11104,0.11694,0.12196,0.12795,0.13299,0.13908,0.14511,0.15033,0.15646,0.16172,0.16795,0.17325,0.17958,0.18492,0.19135,0.19674,0.20327,0.2087,0.21532,0.2208
0.014722,0.01736,0.02975,0.041708,0.052373,0.062999,0.073532,0.084357,0.094893,0.106,0.11657,0.12801,0.13866,0.15047,0.16125,0.17346,0.1844,0.19702,0.20814,0.22114,0.23244,0.24582,0.25729,0.27098,0.28259,0.29651,0.31023,0.32218,0.33589,0.34769,0.36119,0.3727,0.3858,0.39686,0.40938,0.41987,0.43169,0.44152,0.45255,0.46167
0.021975,0.02592,0.044483,0.062472,0.078613,0.094802,0.11097,0.12774,0.14421,0.16175,0.17861,0.19701,0.21429,0.23356,0.25125,0.27128,0.28929,0.30982,0.32788,0.3484,0.36607,0.38591,0.40268,0.42123,0.43664,0.45347,0.46905,0.48222,0.49594,0.50742,0.51941,0.52936,0.53982,0.54844,0.55759,0.5651,0.57316,0.57976,0.58689,0.59273
0.028995,0.034216,0.058839,0.082838,0.10454,0.1265,0.14865,0.17186,0.19488,0.21961,0.24355,0.26973,0.29438,0.32146,0.34609,0.37276,0.39617,0.42091,0.44193,0.46368,0.48171,0.50017,0.5152,0.53062,0.54304,0.55589,0.56741,0.57697,0.58664,0.59468,0.60285,0.60968,0.61656,0.62239,0.62817,0.63317,0.63799,0.64227,0.64628,0.64996
0.035355,0.041746,0.071968,0.10163,0.1287,0.15638,0.18458,0.21441,0.24423,0.27618,0.30693,0.33945,0.36916,0.39955,0.4259,0.45205,0.47385,0.4952,0.51257,0.52964,0.54337,0.55703,0.56799,0.57897,0.58783,0.59667,0.60437,0.61097,0.6171,0.62249,0.62735,0.63177,0.63562,0.63926,0.64237,0.64541,0.64796,0.65052,0.65264,0.65481
0.043526,0.051426,0.088909,0.12601,0.16024,0.19554,0.23167,0.26973,0.30728,0.3461,0.38184,0.41702,0.44718,0.47583,0.49932,0.52159,0.53951,0.55686,0.5708,0.58456,0.59568,0.60668,0.61572,0.62448,0.63186,0.63877,0.64477,0.65024,0.65503,0.65954,0.66343,0.66718,0.67036,0.67351,0.67612,0.67876,0.68087,0.68309,0.68476,0.68659
0.049344,0.058375,0.10142,0.14445,0.18445,0.22557,0.2672,0.30994,0.35068,0.39052,0.42547,0.45776,0.48428,0.50795,0.52676,0.54338,0.55651,0.56792,0.57706,0.58453,0.59079,0.59529,0.59942,0.60182,0.60444,0.60556,0.60631,0.60747,0.60756,0.6081,0.60767,0.60773,0.60684,0.60649,0.60513,0.6044,0.6026,0.6015,0.59933,0.59791
0.054582,0.064627,0.11273,0.16136,0.20718,0.25484,0.30329,0.35211,0.39714,0.43844,0.4726,0.50164,0.52418,0.54262,0.55668,0.56753,0.57592,0.58134,0.58584,0.58754,0.58942,0.58895,0.58921,0.5876,0.58689,0.58467,0.58235,0.58072,0.57797,0.57596,0.5728,0.57045,0.56694,0.56428,0.56049,0.55755,0.55357,0.55042,0.54636,0.54306
0.066808,0.07908,0.13794,0.19727,0.25215,0.30765,0.3615,0.4117,0.45414,0.48994,0.51782,0.54105,0.55905,0.57431,0.58645,0.59628,0.6045,0.61035,0.61574,0.61898,0.62241,0.624,0.62607,0.62648,0.6275,0.62692,0.62592,0.62556,0.62369,0.6226,0.62003,0.61829,0.6152,0.61295,0.60955,0.60694,0.60346,0.60068,0.5974,0.59466
0.072117,0.085452,0.14978,0.21556,0.27735,0.33957,0.39787,0.44894,0.48952,0.52209,0.5468,0.56707,0.58291,0.59597,0.60663,0.61505,0.62235,0.62788,0.633,0.63673,0.64036,0.64273,0.64522,0.64638,0.64787,0.64789,0.64744,0.64749,0.64619,0.64548,0.64355,0.64225,0.63997,0.63829,0.636,0.63418,0.63218,0.6305,0.62911,0.62786
0.074169,0.088068,0.15558,0.22559,0.29145,0.35555,0.41231,0.45913,0.49452,0.52126,0.54059,0.55427,0.56416,0.56923,0.57302,0.57252,0.57237,0.56878,0.56624,0.56088,0.55684,0.55029,0.54522,0.5378,0.53196,0.52401,0.51619,0.50952,0.50171,0.49495,0.48754,0.48097,0.47433,0.46828,0.46273,0.45752,0.45336,0.44928,0.44663,0.44388
0.085577,0.10178,0.181,0.26419,0.3408,0.40884,0.46221,0.50281,0.53302,0.55697,0.5755,0.58975,0.60102,0.60863,0.61498,0.61852,0.62175,0.62276,0.62396,0.62317,0.62289,0.62071,0.61929,0.61613,0.61385,0.61012,0.6065,0.60352,0.6001,0.59721,0.59449,0.59213,0.59048,0.58904,0.5887,0.58847,0.58954,0.59068,0.59299,0.59547
0.08683,0.10316,0.18334,0.26726,0.34315,0.41017,0.4626,0.50067,0.52687,0.54406,0.55538,0.56017,0.5628,0.56052,0.55822,0.55237,0.54735,0.53944,0.53277,0.5234,0.51555,0.50528,0.49659,0.48594,0.47678,0.46633,0.45655,0.44752,0.4388,0.43054,0.42333,0.41629,0.41082,0.40529,0.40159,0.39768,0.39544,0.39302,0.39177,0.39048
0.099593,0.11878,0.21251,0.30778,0.38955,0.45745,0.50749,0.54169,0.56423,0.57744,0.58576,0.588,0.58916,0.58662,0.58447,0.57969,0.57581,0.56959,0.56459,0.55755,0.55186,0.54471,0.53883,0.53226,0.52679,0.52163,0.51764,0.51421,0.51247,0.51116,0.51202,0.51327,0.51668,0.52064,0.52623,0.53269,0.53977,0.54817,0.5557,0.56509
0.10908,0.12934,0.22834,0.32678,0.40421,0.46169,0.50095,0.52616,0.54192,0.54859,0.55177,0.54882,0.54587,0.53917,0.53368,0.52548,0.51884,0.50984,0.50252,0.49327,0.4856,0.4767,0.46918,0.46145,0.45475,0.44904,0.44476,0.44087,0.43932,0.43796,0.43924,0.44066,0.44445,0.44854,0.4542,0.46047,0.46703,0.47462,0.4811,0.48896
0.10337,0.12377,0.22581,0.33074,0.41342,0.47441,0.51656,0.54543,0.56526,0.57749,0.58578,0.58933,0.5915,0.59028,0.58879,0.58414,0.57992,0.5727,0.56638,0.55762,0.54994,0.54082,0.53269,0.52431,0.51667,0.5099,0.5042,0.49875,0.49484,0.4911,0.48851,0.48613,0.48402,0.48224,0.47956,0.47741,0.4734,0.47003,0.46429,0.45915
0.11519,0.13633,0.23824,0.33918,0.41852,0.47744,0.51767,0.54303,0.55845,0.56429,0.56648,0.56304,0.559,0.55116,0.54392,0.53344,0.5242,0.51239,0.50207,0.49033,0.48,0.46974,0.46058,0.45293,0.44598,0.44147,0.43839,0.43575,0.43499,0.43472,0.43512,0.43618,0.43627,0.43725,0.43582,0.4354,0.43175,0.42906,0.42295,0.41758
0.12427,0.14793,0.2633,0.36712,0.43013,0.46464,0.48125,0.48428,0.48152,0.47207,0.46249,0.4498,0.43858,0.42499,0.41323,0.39932,0.38727,0.3738,0.36202,0.35009,0.3395,0.33019,0.32173,0.31571,0.31005,0.3073,0.30567,0.30431,0.30446,0.30494,0.30552,0.30656,0.30624,0.30648,0.30433,0.3027,0.29824,0.29414,0.28736,0.28058
0.12311,0.14784,0.27114,0.39217,0.47561,0.52541,0.55023,0.55609,0.5532,0.54212,0.52989,0.51378,0.49886,0.48131,0.46566,0.44846,0.43314,0.41764,0.40371,0.39118,0.37975,0.37109,0.36306,0.35843,0.3541,0.35266,0.35184,0.35162,0.35138,0.35184,0.35043,0.34976,0.34598,0.34282,0.33614,0.32982,0.32031,0.3107,0.29886,0.28607
0.14366,0.17079,0.29736,0.39956,0.45472,0.47901,0.48543,0.479,0.46888,0.45401,0.44032,0.42421,0.41026,0.39441,0.38084,0.36651,0.35423,0.34303,0.33339,0.32669,0.32096,0.31931,0.3182,0.32107,0.32439,0.33031,0.33643,0.34377,0.34985,0.35724,0.36147,0.3668,0.36785,0.36949,0.3669,0.364,0.35784,0.3501,0.34142,0.32904
0.14032,0.16537,0.28316,0.38116,0.43524,0.46081,0.46942,0.46506,0.45627,0.44198,0.42827,0.41154,0.39682,0.37989,0.36548,0.35013,0.33723,0.32502,0.31483,0.30668,0.29997,0.29576,0.2925,0.29094,0.29007,0.28916,0.28753,0.2866,0.28313,0.28021,0.27422,0.26854,0.26011,0.25157,0.24107,0.22984,0.21769,0.20387,0.19083,0.17454
0.15196,0.17894,0.30052,0.38556,0.41981,0.42528,0.41552,0.39415,0.37116,0.34417,0.31989,0.29333,0.27027,0.24614,0.22521,0.20499,0.18722,0.17197,0.15819,0.14803,0.1384,0.13219,0.12594,0.12167,0.11723,0.11257,0.10664,0.10103,0.092592,0.08444,0.073115,0.061868,0.047951,0.033599,0.017841,0.00059031,-0.016007,-0.03584,-0.05232,-0.07426
0.15188,0.18188,0.32199,0.42029,0.46473,0.48113,0.48043,0.46686,0.44862,0.42486,0.40107,0.37396,0.34814,0.32113,0.29575,0.27199,0.24956,0.23101,0.21311,0.19947,0.18581,0.17459,0.163,0.15074,0.13808,0.12212,0.10393,0.085247,0.062887,0.039545,0.013852,-0.013873,-0.041477,-0.07309,-0.10101,-0.13581,-0.16287,-0.19989,-0.22572,-0.26397
0.16189,0.19198,0.32845,0.42495,0.46901,0.48541,0.48573,0.47432,0.45918,0.43978,0.42111,0.4005,0.38174,0.36296,0.3463,0.33213,0.32003,0.31235,0.30667,0.30529,0.30605,0.3082,0.31273,0.31384,0.31735,0.31349,0.30714,0.3014,0.28942,0.27681,0.26037,0.24163,0.22261,0.19871,0.1791,0.15117,0.132,0.10129,0.08267,0.05028
0.16189,0.19198,0.32845,0.42495,0.46901,0.48541,0.48573,0.47432,0.45918,0.43978,0.42111,0.4005,0.38174,0.36296,0.3463,0.33213,0.32003,0.31235,0.30667,0.30529,0.30605,0.3082,0.31273,0.31384,0.31735,0.31349,0.30714,0.3014,0.28942,0.27681,0.26037,0.24163,0.22261,0.19871,0.1791,0.15117,0.132,0.10129,0.08267,0.05028
0.18061,0.21059,0.34146,0.42716,0.46054,0.4675,0.46133,0.44561,0.4271,0.40282,0.37898,0.35177,0.32669,0.30221,0.28017,0.26222,0.24595,0.23479,0.22431,0.21712,0.20994,0.20275,0.19535,0.18536,0.17517,0.16162,0.14673,0.13085,0.11338,0.093662,0.07498,0.051782,0.033198,0.0072393,-0.010828,-0.038773,-0.056239,-0.085531,-0.10212,-0.13224
0.18061,0.21059,0.34146,0.42716,0.46054,0.4675,0.46133,0.44561,0.4271,0.40282,0.37898,0.35177,0.32669,0.30221,0.28017,0.26222,0.24595,0.23479,0.22431,0.21712,0.20994,0.20275,0.19535,0.18536,0.17517,0.16162,0.14673,0.13085,0.11338,0.093662,0.07498,0.051782,0.033198,0.0072393,-0.010828,-0.038773,-0.056239,-0.085531,-0.10212,-0.13224
0.19865,0.23681,0.41326,0.51671,0.52617,0.50041,0.46623,0.42982,0.39627,0.36324,0.33304,0.30477,0.27859,0.25687,0.23678,0.22336,0.21115,0.20561,0.20097,0.20017,0.20005,0.1996,0.19958,0.19612,0.19283,0.18555,0.17777,0.16784,0.15859,0.14527,0.13588,0.12057,0.11073,0.094221,0.083632,0.066011,0.056211,0.038244,0.033146,0.019001
0.19865,0.23681,0.41326,0.51671,0.52617,0.50041,0.46623,0.42982,0.39627,0.36324,0.33304,0.30477,0.27859,0.25687,0.23678,0.22336,0.21115,0.20561,0.20097,0.20017,0.20005,0.1996,0.19958,0.19612,0.19283,0.18555,0.17777,0.16784,0.15859,0.14527,0.13588,0.12057,0.11073,0.094221,0.083632,0.066011,0.056211,0.038244,0.033146,0.019001
0.19865,0.23681,0.41326,0.51671,0.52617,0.50041,0.46623,0.42982,0.39627,0.36324,0.33304,0.30477,0.27859,0.25687,0.23678,0.22336,0.21115,0.20561,0.20097,0.20017,0.20005,0.1996,0.19958,0.19612,0.19283,0.18555,0.17777,0.16784,0.15859,0.14527,0.13588,0.12057,0.11073,0.094221,0.083632,0.066011,0.056211,0.038244,0.033146,0.019001
0.24059,0.2752,0.40439,0.46449,0.47457,0.46453,0.44925,0.4312,0.41467,0.39773,0.38376,0.37367,0.36809,0.37017,0.37819,0.39381,0.4174,0.44336,0.4791,0.50805,0.54591,0.56884,0.59596,0.60919,0.61844,0.62576,0.63502,0.62389,0.63058,0.61123,0.61309,0.58841,0.58216,0.55102,0.53456,0.49312,0.48653,0.44451,0.47246,0.4488
0.24059,0.2752,0.40439,0.46449,0.47457,0.46453,0.44925,0.4312,0.41467,0.39773,0.38376,0.37367,0.36809,0.37017,0.37819,0.39381,0.4174,0.44336,0.4791,0.50805,0.54591,0.56884,0.59596,0.60919,0.61844,0.62576,0.63502,0.62389,0.63058,0.61123,0.61309,0.58841,0.58216,0.55102,0.53456,0.49312,0.48653,0.44451,0.47246,0.4488
0.24059,0.2752,0.40439,0.46449,0.47457,0.46453,0.44925,0.4312,0.41467,0.39773,0.38376,0.37367,0.36809,0.37017,0.37819,0.39381,0.4174,0.44336,0.4791,0.50805,0.54591,0.56884,0.59596,0.60919,0.61844,0.62576,0.63502,0.62389,0.63058,0.61123,0.61309,0.58841,0.58216,0.55102,0.53456,0.49312,0.48653,0.44451,0.47246,0.4488
0.22396,0.26071,0.41001,0.48461,0.48999,0.46964,0.44483,0.41972,0.3988,0.37946,0.36461,0.3531,0.34583,0.34212,0.34134,0.34066,0.341,0.33727,0.33343,0.32468,0.31548,0.30312,0.28966,0.27533,0.25824,0.24378,0.23018,0.21039,0.197,0.17574,0.16293,0.14059,0.1299,0.10787,0.10291,0.086347,0.090285,0.089758,0.086997,0.10311
0.20731,0.19723,0.19153,0.16031,0.10398,0.049802,0.0046543,-0.035566,-0.071687,-0.10459,-0.13611,-0.16292,-0.19011,-0.21221,-0.23549,-0.25443,-0.27359,-0.28909,-0.30307,-0.31462,-0.32376,-0.33226,-0.33879,-0.34554,-0.35163,-0.35793,-0.36447,-0.37258,-0.3798,-0.39049,-0.39543,-0.40506,-0.40747,-0.40922,-0.41996,-0.41486,-0.43381,-0.42516,-0.42023,-0.38834
0.20731,0.19723,0.19153,0.16031,0.10398,0.049802,0.0046543,-0.035566,-0.071687,-0.10459,-0.13611,-0.16292,-0.19011,-0.21221,-0.23549,-0.25443,-0.27359,-0.28909,-0.30307,-0.31462,-0.32376,-0.33226,-0.33879,-0.34554,-0.35163,-0.35793,-0.36447,-0.37258,-0.3798,-0.39049,-0.39543,-0.40506,-0.40747,-0.40922,-0.41996,-0.41486,-0.43381,-0.42516,-0.42023,-0.38834
0.20731,0.19723,0.19153,0.16031,0.10398,0.049802,0.0046543,-0.035566,-0.071687,-0.10459,-0.13611,-0.16292,-0.19011,-0.21221,-0.23549,-0.25443,-0.27359,-0.28909,-0.30307,-0.31462,-0.32376,-0.33226,-0.33879,-0.34554,-0.35163,-0.35793,-0.36447,-0.37258,-0.3798,-0.39049,-0.39543,-0.40506,-0.40747,-0.40922,-0.41996,-0.41486,-0.43381,-0.42516,-0.42023,-0.38834
0.21616,0.21891,0.23963,0.21054,0.14943,0.091009,0.042927,-0.00017956,-0.039502,-0.077427,-0.11546,-0.15065,-0.18815,-0.22048,-0.25538,-0.28366,-0.31199,-0.33469,-0.35377,-0.3711,-0.3819,-0.39501,-0.40023,-0.40928,-0.41107,-0.41501,-0.41648,-0.41415,-0.41482,-0.4101,-0.41101,-0.40291,-0.40651,-0.39353,-0.39991,-0.38113,-0.38338,-0.35622,-0.33716,-0.29097
0.21616,0.21891,0.23963,0.21054,0.14943,0.091009,0.042927,-0.00017956,-0.039502,-0.077427,-0.11546,-0.15065,-0.18815,-0.22048,-0.25538,-0.28366,-0.31199,-0.33469,-0.35377,-0.3711,-0.3819,-0.39501,-0.40023,-0.40928,-0.41107,-0.41501,-0.41648,-0.41415,-0.41482,-0.4101,-0.41101,-0.40291,-0.40651,-0.39353,-0.39991,-0.38113,-0.38338,-0.35622,-0.33716,-0.29097
0.24432,0.28011,0.39733,0.4151,0.38232,0.3388,0.29319,0.24698,0.20396,0.16845,0.1387,0.11752,0.099813,0.082902,0.065487,0.040678,0.012129,-0.024532,-0.067249,-0.11064,-0.16393,-0.20807,-0.26706,-0.31001,-0.37176,-0.40965,-0.44175,-0.4872,-0.5097,-0.52792,-0.56474,-0.56118,-0.59491,-0.5582,-0.57043,-0.46824,-0.57125,-0.45251,-0.68101,-0.59885
