0.014112,0.016633,0.028459,0.039824,0.049898,0.05986,0.069657,0.079621,0.089228,0.099214,0.10862,0.11862,0.12784,0.13784,0.14688,0.15687,0.16574,0.17571,0.18443,0.19438,0.20298,0.21289,0.22138,0.23126,0.23964,0.24947,0.25908,0.26747,0.27698,0.28522,0.29459,0.30266,0.31186,0.31975,0.32876,0.33645,0.34526,0.35274,0.36134,0.36861
0.028047,0.033037,0.056434,0.078873,0.098681,0.11817,0.13726,0.15653,0.17505,0.19414,0.21214,0.2311,0.24864,0.2674,0.28445,0.30281,0.31919,0.33691,0.3525,0.36939,0.3841,0.40009,0.41389,0.42893,0.44183,0.45585,0.46909,0.48078,0.49298,0.50368,0.51481,0.52453,0.53464,0.54342,0.55261,0.56054,0.56896,0.57616,0.58393,0.59052
0.038771,0.045619,0.077711,0.10837,0.13523,0.16147,0.18703,0.21271,0.23735,0.2624,0.28582,0.3096,0.33123,0.35314,0.37268,0.39248,0.40988,0.42753,0.44286,0.45839,0.47173,0.48526,0.49679,0.50861,0.51861,0.52909,0.53892,0.54749,0.55651,0.5644,0.57289,0.58031,0.58839,0.59548,0.60325,0.61009,0.61763,0.62428,0.63162,0.63812
0.058142,0.068338,0.11613,0.16168,0.20139,0.24002,0.27744,0.31416,0.34845,0.38165,0.4118,0.44114,0.46747,0.49319,0.51593,0.53788,0.55697,0.57528,0.591,0.60638,0.61951,0.6329,0.64431,0.65633,0.66658,0.67766,0.68813,0.69743,0.70726,0.71598,0.7252,0.73341,0.7423,0.75014,0.75863,0.76616,0.77444,0.78174,0.78986,0.79697
0.068822,0.080741,0.13661,0.18984,0.2364,0.28175,0.32518,0.36677,0.40497,0.44135,0.47401,0.50481,0.53162,0.55647,0.57763,0.59757,0.61452,0.63125,0.6456,0.66033,0.67305,0.68638,0.69794,0.71022,0.72093,0.73256,0.7438,0.75396,0.76498,0.7749,0.78573,0.7955,0.80606,0.81563,0.82577,0.83504,0.84441,0.85318,0.86165,0.86978
0.058995,0.069015,0.11582,0.15985,0.1977,0.23371,0.26696,0.29697,0.32288,0.34524,0.36362,0.3787,0.39069,0.40058,0.40862,0.41587,0.42219,0.4287,0.43477,0.4418,0.44861,0.45721,0.46555,0.4763,0.48666,0.49984,0.51382,0.52762,0.54333,0.55884,0.57551,0.59214,0.60899,0.62605,0.64231,0.6591,0.67428,0.69028,0.70392,0.71869
0.070854,0.082442,0.13674,0.18765,0.22984,0.26836,0.30329,0.33501,0.36316,0.3892,0.41269,0.43567,0.45705,0.47893,0.49952,0.52088,0.54096,0.56202,0.58177,0.60291,0.62262,0.64397,0.66373,0.68481,0.70429,0.72416,0.74262,0.76043,0.77654,0.79237,0.80574,0.81924,0.82981,0.84087,0.84892,0.85768,0.86372,0.87052,0.87513,0.88042
0.080268,0.093183,0.15393,0.21134,0.25872,0.3003,0.33561,0.36484,0.38817,0.40696,0.42203,0.43527,0.44683,0.4585,0.46959,0.48236,0.49518,0.5112,0.52754,0.54807,0.56898,0.59385,0.61928,0.64707,0.67594,0.70462,0.73232,0.7625,0.7881,0.81671,0.83867,0.86395,0.88142,0.90224,0.91528,0.93131,0.94032,0.95186,0.95783,0.9656
0.073757,0.085155,0.13797,0.18367,0.2175,0.24652,0.27133,0.29197,0.30883,0.32332,0.33601,0.34835,0.36026,0.37353,0.38726,0.40409,0.42178,0.44356,0.46628,0.49268,0.52016,0.54952,0.58041,0.61043,0.64262,0.67099,0.69755,0.72667,0.74924,0.77435,0.79245,0.81299,0.82688,0.84322,0.85415,0.86729,0.87611,0.88691,0.89457,0.90366
0.11306,0.13087,0.21527,0.29172,0.34853,0.39526,0.43341,0.4644,0.48961,0.51178,0.53148,0.5515,0.57092,0.59335,0.61608,0.64307,0.67044,0.70085,0.73149,0.762,0.7929,0.82004,0.84806,0.86952,0.89238,0.90765,0.92072,0.93461,0.94306,0.95223,0.95776,0.96361,0.96727,0.97088,0.97372,0.97591,0.97855,0.97985,0.98257,0.9834
0.028161,0.031587,0.04751,0.060814,0.067564,0.068575,0.065161,0.058625,0.051523,0.044626,0.039477,0.037277,0.037896,0.04419,0.053766,0.070622,0.091314,0.11911,0.15219,0.19037,0.23647,0.28365,0.34184,0.39439,0.45987,0.51138,0.56123,0.61911,0.66034,0.70664,0.7386,0.77222,0.79832,0.82146,0.84572,0.86205,0.8853,0.89825,0.91557,0.92549
0.11687,0.13366,0.21285,0.28115,0.32448,0.35336,0.37274,0.38612,0.39727,0.40886,0.42218,0.44045,0.4617,0.48952,0.51963,0.55387,0.58932,0.6243,0.66002,0.69115,0.72319,0.74845,0.77518,0.795,0.81699,0.83282,0.84776,0.8648,0.87739,0.89236,0.90315,0.91615,0.92484,0.93552,0.94243,0.95075,0.95481,0.96015,0.96292,0.9653
0.12174,0.13996,0.22173,0.28979,0.33406,0.36147,0.37696,0.38568,0.39223,0.39979,0.40999,0.42622,0.44763,0.47728,0.51355,0.55553,0.60501,0.65309,0.70871,0.75381,0.80503,0.83957,0.87787,0.89983,0.9234,0.93615,0.94803,0.95606,0.96476,0.96751,0.97625,0.97718,0.98564,0.98703,0.99014,0.99018,0.98703,0.98153,0.97865,0.96578
0.070525,0.079736,0.12197,0.15565,0.17248,0.17972,0.18201,0.18208,0.18189,0.18403,0.18847,0.19703,0.20766,0.21894,0.2308,0.23681,0.242,0.23581,0.22724,0.20611,0.18,0.1459,0.10244,0.060398,0.0026308,-0.04195,-0.086759,-0.15302,-0.19725,-0.26559,-0.30396,-0.36572,-0.39273,-0.43265,-0.45555,-0.46442,-0.49481,-0.47287,-0.50265,-0.44494
0.13769,0.15731,0.24263,0.31158,0.35961,0.39909,0.4358,0.47372,0.51326,0.55719,0.60425,0.65465,0.70723,0.7563,0.80518,0.84331,0.87987,0.90398,0.92649,0.93987,0.95177,0.95929,0.96494,0.96994,0.9722,0.97654,0.98074,0.98202,0.98505,0.98616,0.98538,0.98325,0.98153,0.97351,0.98054,0.97132,0.98785,0.98487,0.97574,0.95994
0.038969,0.043032,0.058995,0.068406,0.071364,0.071569,0.07238,0.077826,0.089276,0.11065,0.1399,0.17977,0.22775,0.28317,0.34669,0.41075,0.48153,0.54347,0.6102,0.66154,0.71738,0.75633,0.79996,0.82906,0.86161,0.88297,0.90086,0.91915,0.9297,0.93921,0.94557,0.94635,0.95116,0.94198,0.95166,0.93338,0.96451,0.95073,0.97596,0.96325
0.03015,0.032565,0.039558,0.036552,0.022582,-0.00078192,-0.031252,-0.066912,-0.10695,-0.14936,-0.19816,-0.2488,-0.31169,-0.37448,-0.45629,-0.52976,-0.62175,-0.69266,-0.76614,-0.81963,-0.8525,-0.89208,-0.88504,-0.9423,-0.92576,-0.99422,-0.98254,-0.94812,-0.91908,-0.82805,-0.92202,-0.84783,-0.95528,-0.90772,-0.71912,-0.5699,-0.53351,-0.39183,-0.49317,-0.36869
0.10187,0.11698,0.18092,0.21917,0.22544,0.21763,0.20475,0.19107,0.17782,0.16584,0.15329,0.13825,0.11885,0.091285,0.052622,0.0028103,-0.068753,-0.1427,-0.24481,-0.33019,-0.43337,-0.52111,-0.60108,-0.6772,-0.71728,-0.78966,-0.83685,-0.83314,-0.81221,-0.72692,-0.81428,-0.71458,-0.94451,-0.92399,-0.7204,-0.56582,-0.50245,-0.34688,-0.41667,-0.26939
0.036262,0.038366,0.030956,-0.0084614,-0.068856,-0.1419,-0.22108,-0.30201,-0.38233,-0.45831,-0.53065,-0.59452,-0.6534,-0.70271,-0.74819,-0.78485,-0.82037,-0.84711,-0.87504,-0.89409,-0.91535,-0.92807,-0.94337,-0.94881,-0.9562,-0.95876,-0.96557,-0.96429,-0.97056,-0.96285,-0.97265,-0.95811,-0.97495,-0.95563,-0.95762,-0.91841,-0.95763,-0.92027,-0.90691,-0.84278
0.036262,0.038366,0.030956,-0.0084614,-0.068856,-0.1419,-0.22108,-0.30201,-0.38233,-0.45831,-0.53065,-0.59452,-0.6534,-0.70271,-0.74819,-0.78485,-0.82037,-0.84711,-0.87504,-0.89409,-0.91535,-0.92807,-0.94337,-0.94881,-0.9562,-0.95876,-0.96557,-0.96429,-0.97056,-0.96285,-0.97265,-0.95811,-0.97495,-0.95563,-0.95762,-0.91841,-0.95763,-0.92027,-0.90691,-0.84278
0.056249,0.067213,0.1164,0.15088,0.1624,0.16512,0.16928,0.1822,0.20792,0.24556,0.2981,0.34881,0.40155,0.43378,0.44791,0.4511,0.42746,0.41265,0.36706,0.34243,0.28404,0.25462,0.18898,0.16807,0.11855,0.1263,0.08558,0.092853,0.034253,0.058691,-0.0044636,0.044248,-0.21211,-0.18708,-0.10389,-0.074235,-0.047331,0.0062699,0.3958,0.49122
-0.19737,-0.21174,-0.29781,-0.39718,-0.48672,-0.56582,-0.63386,-0.68963,-0.73644,-0.77092,-0.79811,-0.81202,-0.81797,-0.81301,-0.79772,-0.78206,-0.75212,-0.73789,-0.70872,-0.69782,-0.67616,-0.67084,-0.65106,-0.643,-0.60922,-0.63596,-0.6474,-0.5577,-0.40497,-0.25819,-0.58148,-0.5665,-0.49263,-0.52398,-0.37152,-0.39093,-0.25192,-0.23597,-0.097557,-0.11534
-0.19737,-0.21174,-0.29781,-0.39718,-0.48672,-0.56582,-0.63386,-0.68963,-0.73644,-0.77092,-0.79811,-0.81202,-0.81797,-0.81301,-0.79772,-0.78206,-0.75212,-0.73789,-0.70872,-0.69782,-0.67616,-0.67084,-0.65106,-0.643,-0.60922,-0.63596,-0.6474,-0.5577,-0.40497,-0.25819,-0.58148,-0.5665,-0.49263,-0.52398,-0.37152,-0.39093,-0.25192,-0.23597,-0.097557,-0.11534
-0.19737,-0.21174,-0.29781,-0.39718,-0.48672,-0.56582,-0.63386,-0.68963,-0.73644,-0.77092,-0.79811,-0.81202,-0.81797,-0.81301,-0.79772,-0.78206,-0.75212,-0.73789,-0.70872,-0.69782,-0.67616,-0.67084,-0.65106,-0.643,-0.60922,-0.63596,-0.6474,-0.5577,-0.40497,-0.25819,-0.58148,-0.5665,-0.49263,-0.52398,-0.37152,-0.39093,-0.25192,-0.23597,-0.097557,-0.11534
-0.20984,-0.23389,-0.35577,-0.48617,-0.60481,-0.70907,-0.7943,-0.85764,-0.90306,-0.9325,-0.95199,-0.96465,-0.97293,-0.97895,-0.98289,-0.98598,-0.98786,-0.98968,-0.99038,-0.99032,-0.98687,-0.99227,-0.99019,-0.98476,-0.96605,-0.97119,-0.99089,-0.98136,-0.9178,-0.8359,-0.89298,-0.84388,-0.79714,-0.75754,-0.46514,-0.4561,-0.40692,-0.46391,-0.50306,-0.53754
-0.20984,-0.23389,-0.35577,-0.48617,-0.60481,-0.70907,-0.7943,-0.85764,-0.90306,-0.9325,-0.95199,-0.96465,-0.97293,-0.97895,-0.98289,-0.98598,-0.98786,-0.98968,-0.99038,-0.99032,-0.98687,-0.99227,-0.99019,-0.98476,-0.96605,-0.97119,-0.99089,-0.98136,-0.9178,-0.8359,-0.89298,-0.84388,-0.79714,-0.75754,-0.46514,-0.4561,-0.40692,-0.46391,-0.50306,-0.53754
-0.11977,-0.14376,-0.28583,-0.46453,-0.61855,-0.73413,-0.81732,-0.87688,-0.92132,-0.95095,-0.97135,-0.98258,-0.98954,-0.99366,-0.99592,-0.99737,-0.99782,-0.99834,-0.99755,-0.99746,-0.99355,-0.99876,-0.99634,-0.9903,-0.97042,-0.98399,-0.98625,-0.96688,-0.95611,-0.90918,-0.86158,-0.77472,-0.85228,-0.78495,-0.23717,-0.19789,-0.30469,-0.3958,-0.7,-0.72141
-0.11977,-0.14376,-0.28583,-0.46453,-0.61855,-0.73413,-0.81732,-0.87688,-0.92132,-0.95095,-0.97135,-0.98258,-0.98954,-0.99366,-0.99592,-0.99737,-0.99782,-0.99834,-0.99755,-0.99746,-0.99355,-0.99876,-0.99634,-0.9903,-0.97042,-0.98399,-0.98625,-0.96688,-0.95611,-0.90918,-0.86158,-0.77472,-0.85228,-0.78495,-0.23717,-0.19789,-0.30469,-0.3958,-0.7,-0.72141
-0.18742,-0.20612,-0.29863,-0.39997,-0.48017,-0.54042,-0.58939,-0.62447,-0.64181,-0.63928,-0.61501,-0.58567,-0.53755,-0.50071,-0.44797,-0.4093,-0.36247,-0.34244,-0.34524,-0.24034,-0.2313,-0.11104,-0.072727,-0.034117,-0.10179,-0.31987,-0.2116,-0.29321,-0.60114,-0.61859,-0.22706,-0.23029,-0.52767,-0.52073,-0.36907,-0.36567,-0.071909,-0.075408,-0.4846,-0.48586
-0.18742,-0.20612,-0.29863,-0.39997,-0.48017,-0.54042,-0.58939,-0.62447,-0.64181,-0.63928,-0.61501,-0.58567,-0.53755,-0.50071,-0.44797,-0.4093,-0.36247,-0.34244,-0.34524,-0.24034,-0.2313,-0.11104,-0.072727,-0.034117,-0.10179,-0.31987,-0.2116,-0.29321,-0.60114,-0.61859,-0.22706,-0.23029,-0.52767,-0.52073,-0.36907,-0.36567,-0.071909,-0.075408,-0.4846,-0.48586
-0.18742,-0.20612,-0.29863,-0.39997,-0.48017,-0.54042,-0.58939,-0.62447,-0.64181,-0.63928,-0.61501,-0.58567,-0.53755,-0.50071,-0.44797,-0.4093,-0.36247,-0.34244,-0.34524,-0.24034,-0.2313,-0.11104,-0.072727,-0.034117,-0.10179,-0.31987,-0.2116,-0.29321,-0.60114,-0.61859,-0.22706,-0.23029,-0.52767,-0.52073,-0.36907,-0.36567,-0.071909,-0.075408,-0.4846,-0.48586
-0.18742,-0.20612,-0.29863,-0.39997,-0.48017,-0.54042,-0.58939,-0.62447,-0.64181,-0.63928,-0.61501,-0.58567,-0.53755,-0.50071,-0.44797,-0.4093,-0.36247,-0.34244,-0.34524,-0.24034,-0.2313,-0.11104,-0.072727,-0.034117,-0.10179,-0.31987,-0.2116,-0.29321,-0.60114,-0.61859,-0.22706,-0.23029,-0.52767,-0.52073,-0.36907,-0.36567,-0.071909,-0.075408,-0.4846,-0.48586
-0.18742,-0.20612,-0.29863,-0.39997,-0.48017,-0.54042,-0.58939,-0.62447,-0.64181,-0.63928,-0.61501,-0.58567,-0.53755,-0.50071,-0.44797,-0.4093,-0.36247,-0.34244,-0.34524,-0.24034,-0.2313,-0.11104,-0.072727,-0.034117,-0.10179,-0.31987,-0.2116,-0.29321,-0.60114,-0.61859,-0.22706,-0.23029,-0.52767,-0.52073,-0.36907,-0.36567,-0.071909,-0.075408,-0.4846,-0.48586
-0.18742,-0.20612,-0.29863,-0.39997,-0.48017,-0.54042,-0.58939,-0.62447,-0.64181,-0.63928,-0.61501,-0.58567,-0.53755,-0.50071,-0.44797,-0.4093,-0.36247,-0.34244,-0.34524,-0.24034,-0.2313,-0.11104,-0.072727,-0.034117,-0.10179,-0.31987,-0.2116,-0.29321,-0.60114,-0.61859,-0.22706,-0.23029,-0.52767,-0.52073,-0.36907,-0.36567,-0.071909,-0.075408,-0.4846,-0.48586
-0.18742,-0.20612,-0.29863,-0.39997,-0.48017,-0.54042,-0.58939,-0.62447,-0.64181,-0.63928,-0.61501,-0.58567,-0.53755,-0.50071,-0.44797,-0.4093,-0.36247,-0.34244,-0.34524,-0.24034,-0.2313,-0.11104,-0.072727,-0.034117,-0.10179,-0.31987,-0.2116,-0.29321,-0.60114,-0.61859,-0.22706,-0.23029,-0.52767,-0.52073,-0.36907,-0.36567,-0.071909,-0.075408,-0.4846,-0.48586
-0.0045598,-0.025723,-0.082855,-0.10198,-0.088121,-0.054017,-0.010239,0.030764,0.063406,0.083723,0.07994,0.087591,0.068377,0.074888,0.042001,-0.0095823,-0.022031,-0.044471,0.0082021,-0.018526,-0.028468,-0.006948,-0.0021215,-0.033697,-0.048356,-0.039013,-0.00047566,-0.0052218,-0.21446,-0.20978,0.24197,0.23208,-0.22127,-0.21526,-0.078006,-0.07045,0.162,0.15313,-0.43814,-0.42401
-0.19234,-0.23452,-0.40174,-0.53972,-0.63894,-0.71594,-0.78081,-0.8355,-0.88304,-0.91717,-0.94465,-0.96191,-0.97201,-0.98255,-0.98159,-0.99416,-0.99107,-0.99706,-0.97816,-0.93263,-0.82131,-0.82303,-0.58088,-0.123,-0.30311,-0.56727,-0.69439,-0.70396,0.10401,0.12794,-0.38477,-0.41342,-0.83143,-0.83168,-0.55969,-0.55057,0.15613,0.15523,-0.70359,-0.70912
-0.19234,-0.23452,-0.40174,-0.53972,-0.63894,-0.71594,-0.78081,-0.8355,-0.88304,-0.91717,-0.94465,-0.96191,-0.97201,-0.98255,-0.98159,-0.99416,-0.99107,-0.99706,-0.97816,-0.93263,-0.82131,-0.82303,-0.58088,-0.123,-0.30311,-0.56727,-0.69439,-0.70396,0.10401,0.12794,-0.38477,-0.41342,-0.83143,-0.83168,-0.55969,-0.55057,0.15613,0.15523,-0.70359,-0.70912
-0.19234,-0.23452,-0.40174,-0.53972,-0.63894,-0.71594,-0.78081,-0.8355,-0.88304,-0.91717,-0.94465,-0.96191,-0.97201,-0.98255,-0.98159,-0.99416,-0.99107,-0.99706,-0.97816,-0.93263,-0.82131,-0.82303,-0.58088,-0.123,-0.30311,-0.56727,-0.69439,-0.70396,0.10401,0.12794,-0.38477,-0.41342,-0.83143,-0.83168,-0.55969,-0.55057,0.15613,0.15523,-0.70359,-0.70912
-0.19234,-0.23452,-0.40174,-0.53972,-0.63894,-0.71594,-0.78081,-0.8355,-0.88304,-0.91717,-0.94465,-0.96191,-0.97201,-0.98255,-0.98159,-0.99416,-0.99107,-0.99706,-0.97816,-0.93263,-0.82131,-0.82303,-0.58088,-0.123,-0.30311,-0.56727,-0.69439,-0.70396,0.10401,0.12794,-0.38477,-0.41342,-0.83143,-0.83168,-0.55969,-0.55057,0.15613,0.15523,-0.70359,-0.70912
