0.071514,0.058258,0.052212,0.053716,0.066397,0.052683,0.051608,0.051393,0.052065,0.061187,0.054882,0.054846,0.054789,0.053773,0.053119,0.053194,0.058471,0.052738,0.053306,0.058182,0.056387,0.058021,0.05409,0.057157,0.056255,0.059577,0.054135,0.054084,0.054086,0.053117,0.055385,0.053649,0.059904,0.054915,0.056702,0.054751,0.054074,0.0546,0.055509,0.056871
0.035554,0.051272,0.050633,0.051831,0.043316,0.045328,0.037212,0.03461,0.035811,0.055177,0.042623,0.048648,0.048077,0.056876,0.036725,0.047296,0.049241,0.06445,0.042793,0.036611,0.050174,0.062359,0.050889,0.037967,0.050929,0.045811,0.059299,0.04808,0.049576,0.048253,0.049549,0.049576,0.0472,0.057874,0.038794,0.041862,0.052197,0.04662,0.049943,0.055625
0.039629,0.04542,0.048043,0.03982,0.031656,0.033723,0.033024,0.031239,0.042602,0.040576,0.056641,0.048753,0.047253,0.056944,0.04681,0.050065,0.050021,0.048904,0.048741,0.049477,0.031551,0.031523,0.057145,0.054223,0.042399,0.046779,0.049202,0.05611,0.031081,0.056618,0.045722,0.055887,0.042262,0.033492,0.059822,0.033903,0.039591,0.049936,0.051986,0.051722
0.057073,0.037796,0.037973,0.038399,0.04691,0.049064,0.056462,0.037671,0.056109,0.050926,0.044878,0.056876,0.04631,0.047109,0.045721,0.046713,0.051324,0.036995,0.054967,0.045486,0.037434,0.04766,0.051186,0.033465,0.048556,0.056866,0.052942,0.03683,0.033842,0.063209,0.04054,0.050653,0.052506,0.032863,0.043557,0.031112,0.049136,0.060091,0.055393,0.04312
0.041875,0.048244,0.049691,0.056359,0.047832,0.043514,0.054977,0.047606,0.056787,0.048494,0.051583,0.027927,0.052603,0.030037,0.054809,0.05624,0.041181,0.048496,0.056721,0.049321,0.047297,0.049926,0.029811,0.031562,0.043465,0.02972,0.054222,0.030212,0.029932,0.057766,0.04114,0.04863,0.04919,0.037382,0.040786,0.030284,0.045798,0.055508,0.037256,0.041344
0.046127,0.049319,0.050036,0.061202,0.041062,0.048356,0.033949,0.048448,0.032721,0.053366,0.035991,0.048147,0.046819,0.031897,0.042552,0.030151,0.051059,0.02863,0.036628,0.034582,0.029104,0.031812,0.036862,0.044391,0.043844,0.050545,0.029114,0.049379,0.062807,0.039275,0.047953,0.053839,0.044612,0.047727,0.05175,0.043426,0.043638,0.061685,0.040909,0.05878
0.043243,0.036778,0.044135,0.043083,0.067184,0.030925,0.059583,0.034845,0.031079,0.02884,0.055313,0.046627,0.043422,0.058338,0.057453,0.039352,0.02956,0.030975,0.043296,0.048033,0.049627,0.047902,0.054968,0.035559,0.029141,0.046755,0.048885,0.048902,0.055863,0.040309,0.03794,0.050365,0.054328,0.060196,0.037638,0.061387,0.036078,0.029894,0.041432,0.054387
0.038813,0.049854,0.049027,0.049326,0.05532,0.049874,0.030071,0.034238,0.03407,0.030114,0.036602,0.03201,0.036947,0.044797,0.04793,0.041546,0.050693,0.02795,0.046443,0.037463,0.04733,0.054866,0.049911,0.047294,0.050073,0.03182,0.047995,0.0602,0.04974,0.041897,0.053715,0.049828,0.029105,0.054152,0.03863,0.028413,0.029436,0.057085,0.049624,0.031378
0.027573,0.037057,0.049999,0.052043,0.045119,0.049277,0.054749,0.029752,0.053581,0.049426,0.047744,0.05153,0.040616,0.038658,0.039837,0.048953,0.02942,0.050615,0.05034,0.04407,0.029259,0.028171,0.055576,0.045486,0.044008,0.061461,0.028228,0.043207,0.05406,0.04747,0.043873,0.029399,0.027944,0.047867,0.060949,0.050479,0.037598,0.037658,0.048597,0.057373
0.04877,0.048057,0.036915,0.027965,0.030259,0.039662,0.046013,0.050007,0.047821,0.055401,0.050925,0.054934,0.042026,0.047377,0.050007,0.037577,0.029177,0.033142,0.052854,0.036624,0.047133,0.047558,0.032404,0.052772,0.030246,0.038843,0.037608,0.028254,0.029072,0.033945,0.034614,0.0476,0.037417,0.051991,0.049439,0.048593,0.037096,0.027542,0.048262,0.036807
0.028176,0.039726,0.046866,0.049153,0.050443,0.052991,0.048957,0.04945,0.047585,0.032083,0.048198,0.060828,0.049748,0.04885,0.049179,0.048285,0.047615,0.032124,0.039847,0.02791,0.047657,0.055008,0.029076,0.054413,0.048695,0.055766,0.042538,0.047395,0.037397,0.035541,0.028668,0.035105,0.031008,0.037139,0.029536,0.037637,0.0292,0.032114,0.039279,0.030452
0.034613,0.040131,0.029621,0.039073,0.027978,0.026828,0.035878,0.030302,0.05188,0.048772,0.056496,0.049454,0.048578,0.048069,0.047934,0.049829,0.046664,0.05838,0.04857,0.048518,0.047398,0.049794,0.03476,0.049056,0.049474,0.048441,0.064009,0.040951,0.028972,0.055064,0.048583,0.048748,0.05004,0.031176,0.040232,0.035022,0.02769,0.052779,0.048529,0.042082
0.043223,0.047097,0.049025,0.048792,0.046445,0.046841,0.027966,0.028137,0.052914,0.030905,0.039423,0.053188,0.044645,0.028637,0.045462,0.028351,0.027423,0.051238,0.044085,0.060592,0.037368,0.035758,0.038421,0.049214,0.048246,0.03678,0.047309,0.047983,0.057599,0.048152,0.046188,0.050381,0.048632,0.056865,0.050308,0.027734,0.047104,0.056215,0.048299,0.048642
0.04695,0.058136,0.049898,0.04789,0.04883,0.030532,0.05396,0.027475,0.044072,0.02714,0.048882,0.046978,0.054923,0.049137,0.048863,0.055953,0.04183,0.058196,0.048985,0.0451,0.045938,0.053061,0.032634,0.040009,0.034958,0.045883,0.049053,0.030256,0.033381,0.039839,0.031086,0.045801,0.032572,0.059495,0.041642,0.049175,0.055074,0.048228,0.030736,0.030252
0.038783,0.02863,0.037706,0.028312,0.042963,0.037668,0.027015,0.034246,0.027261,0.037653,0.032831,0.037247,0.035245,0.028148,0.028011,0.044765,0.027295,0.029434,0.03383,0.031003,0.061075,0.028487,0.028663,0.04281,0.02688,0.027432,0.048861,0.040506,0.029158,0.035752,0.035011,0.027483,0.048316,0.039896,0.028728,0.043619,0.028127,0.028651,0.03664,0.039137
0.027733,0.028906,0.039369,0.036471,0.02874,0.03102,0.032021,0.051961,0.032844,0.044839,0.028774,0.026843,0.055128,0.037129,0.026895,0.034337,0.035834,0.028067,0.033359,0.031504,0.052964,0.029169,0.05411,0.039432,0.027045,0.034796,0.052427,0.02726,0.035704,0.030511,0.03783,0.028799,0.042367,0.027618,0.029481,0.040147,0.037248,0.028068,0.046522,0.046728
0.050899,0.040269,0.027474,0.04427,0.028003,0.027387,0.049204,0.040957,0.027605,0.05867,0.045454,0.049677,0.048333,0.033411,0.033354,0.052451,0.049618,0.047479,0.028783,0.039661,0.028219,0.036398,0.028694,0.039793,0.02899,0.046252,0.030454,0.027173,0.028392,0.037582,0.029992,0.042985,0.027996,0.051496,0.046561,0.049595,0.031151,0.03742,0.030366,0.036604
0.041078,0.037214,0.038297,0.028821,0.043615,0.029015,0.03229,0.028838,0.039568,0.027559,0.040345,0.030967,0.026859,0.038504,0.02935,0.03834,0.034231,0.027787,0.045036,0.02677,0.027258,0.035405,0.039371,0.029234,0.031881,0.02965,0.042404,0.048913,0.027608,0.033296,0.031879,0.039917,0.02742,0.053537,0.049879,0.056148,0.027582,0.047435,0.050731,0.031425
0.034988,0.039332,0.02688,0.033111,0.030475,0.040212,0.026404,0.039108,0.027773,0.038668,0.036599,0.035145,0.036473,0.027843,0.027137,0.036966,0.035302,0.027374,0.040063,0.028255,0.030322,0.037396,0.030411,0.045231,0.027254,0.049619,0.049049,0.049015,0.031023,0.034811,0.039447,0.026221,0.032042,0.034639,0.033832,0.037068,0.028535,0.034303,0.035615,0.051015
0.047934,0.032476,0.044276,0.028651,0.026708,0.033318,0.033681,0.034189,0.034152,0.046656,0.055588,0.0497,0.048057,0.029442,0.040773,0.027532,0.049279,0.035561,0.035287,0.028034,0.037356,0.029921,0.040227,0.02751,0.03389,0.032646,0.032744,0.037384,0.028524,0.034713,0.035498,0.033526,0.028701,0.043009,0.027506,0.030462,0.042867,0.026971,0.052468,0.036073
0.027036,0.030875,0.038185,0.02831,0.040627,0.028133,0.048308,0.049056,0.055028,0.049894,0.047482,0.056008,0.041902,0.050993,0.036859,0.033319,0.04747,0.031171,0.035942,0.035361,0.029096,0.034896,0.032996,0.034293,0.033524,0.034099,0.029528,0.036546,0.029879,0.036873,0.033704,0.030607,0.040455,0.028305,0.034164,0.03214,0.030549,0.041372,0.036889,0.026444
0.041204,0.02837,0.028021,0.035109,0.028925,0.036818,0.030059,0.037197,0.044515,0.056974,0.04995,0.047756,0.047593,0.050859,0.038038,0.027522,0.037688,0.028534,0.03592,0.0348,0.048499,0.056297,0.026715,0.03478,0.035686,0.027517,0.038171,0.029074,0.046691,0.027572,0.036593,0.027232,0.029427,0.03829,0.036645,0.027138,0.054642,0.027065,0.034437,0.029845
0.038669,0.02783,0.037405,0.031343,0.034874,0.060169,0.031616,0.034374,0.029309,0.039459,0.059315,0.029984,0.030259,0.036134,0.03102,0.037515,0.032698,0.029316,0.035699,0.029336,0.03656,0.035724,0.027177,0.042947,0.02689,0.035806,0.041714,0.027619,0.026842,0.03947,0.027546,0.036898,0.033913,0.032629,0.031651,0.034919,0.029994,0.037037,0.028329,0.038765
0.035526,0.035573,0.045396,0.049103,0.048187,0.038228,0.035929,0.02809,0.02817,0.043274,0.030471,0.027314,0.041265,0.026402,0.044878,0.032379,0.027577,0.026754,0.051607,0.037495,0.036778,0.027781,0.031732,0.042294,0.027158,0.035582,0.027733,0.035908,0.034462,0.046723,0.03186,0.037452,0.028131,0.056178,0.027417,0.042463,0.02703,0.030866,0.041517,0.027268
0.039112,0.029541,0.029164,0.042914,0.026886,0.030184,0.046683,0.02738,0.03551,0.027177,0.030567,0.035457,0.033045,0.036671,0.032277,0.029644,0.046673,0.041425,0.028677,0.040107,0.026867,0.033748,0.034886,0.031429,0.036264,0.029398,0.043459,0.026914,0.028103,0.037642,0.050376,0.033579,0.048146,0.035171,0.030091,0.036234,0.05167,0.028542,0.038572,0.028241
0.045073,0.033412,0.026463,0.028122,0.033512,0.035652,0.039434,0.025995,0.035123,0.048568,0.031328,0.036838,0.035423,0.028443,0.04868,0.037165,0.030488,0.038419,0.027746,0.05557,0.028633,0.035681,0.046976,0.037024,0.033395,0.034555,0.047006,0.056889,0.027506,0.029874,0.054114,0.034618,0.036966,0.036978,0.027687,0.052682,0.042267,0.035102,0.028803,0.040167
0.027556,0.037008,0.034922,0.041159,0.029175,0.046235,0.036528,0.034445,0.029842,0.027799,0.037899,0.05005,0.047926,0.048884,0.048299,0.055813,0.029197,0.056094,0.041427,0.055453,0.048664,0.056283,0.026666,0.034306,0.028441,0.049271,0.057182,0.048591,0.0562,0.026302,0.031556,0.05289,0.02794,0.037877,0.037953,0.02768,0.029823,0.043419,0.027108,0.028654
0.060685,0.026752,0.030142,0.042713,0.027602,0.033318,0.048697,0.054992,0.027509,0.036924,0.034149,0.03677,0.026959,0.048468,0.035204,0.044885,0.052413,0.038026,0.027949,0.039676,0.027841,0.049326,0.03896,0.036025,0.026421,0.035107,0.04067,0.034148,0.029036,0.027643,0.034502,0.051998,0.03125,0.039695,0.027905,0.032516,0.035494,0.036043,0.027278,0.054213
0.027519,0.050524,0.032817,0.037165,0.039584,0.039251,0.039915,0.027604,0.045588,0.027001,0.033899,0.035924,0.040974,0.047948,0.041011,0.029471,0.038269,0.030608,0.030146,0.046637,0.027934,0.04885,0.047856,0.048161,0.048761,0.037381,0.033577,0.029389,0.052701,0.048134,0.04978,0.031187,0.044492,0.033287,0.02737,0.02676,0.036689,0.02959,0.040208,0.027424
0.036621,0.032769,0.039163,0.027329,0.031144,0.041418,0.027611,0.054106,0.049381,0.056084,0.0287,0.027154,0.035778,0.033153,0.030208,0.033848,0.032793,0.03464,0.036537,0.035004,0.026675,0.038079,0.029235,0.035737,0.030946,0.03857,0.027353,0.037159,0.029848,0.038432,0.028269,0.0368,0.02934,0.039145,0.02827,0.035567,0.031155,0.035779,0.034248,0.033141
0.040615,0.027675,0.029767,0.034565,0.046703,0.056101,0.049013,0.028264,0.043185,0.027743,0.029051,0.039745,0.027832,0.042312,0.027471,0.028893,0.060204,0.026239,0.04047,0.027391,0.029477,0.037291,0.030742,0.033191,0.03539,0.03295,0.048506,0.047851,0.050399,0.056168,0.037046,0.0269,0.033089,0.031818,0.038605,0.036596,0.027612,0.054709,0.027285,0.055248
0.049767,0.042381,0.037033,0.029832,0.043408,0.026785,0.028605,0.050818,0.053694,0.049542,0.044792,0.041278,0.035737,0.026885,0.033152,0.036498,0.027918,0.061061,0.050237,0.026599,0.033819,0.027614,0.039801,0.029003,0.03374,0.033675,0.041416,0.033691,0.041149,0.034394,0.033792,0.049674,0.034931,0.029533,0.038701,0.031121,0.036243,0.02892,0.040669,0.027022
0.031315,0.038445,0.027812,0.034922,0.030677,0.044923,0.031,0.043623,0.057788,0.027105,0.030261,0.04044,0.028,0.030739,0.03896,0.027237,0.03577,0.031787,0.033713,0.05336,0.029964,0.039158,0.027325,0.032449,0.042158,0.027129,0.032253,0.031484,0.041856,0.02807,0.030534,0.035332,0.030663,0.052117,0.03681,0.034534,0.027124,0.056671,0.027782,0.054914
0.049035,0.027192,0.055983,0.047609,0.042338,0.026847,0.03008,0.036165,0.04643,0.056433,0.030085,0.027486,0.039144,0.028455,0.060873,0.051669,0.041317,0.047511,0.034183,0.030155,0.054394,0.049246,0.042757,0.031855,0.027916,0.038623,0.026839,0.048766,0.029633,0.053835,0.031232,0.038243,0.029166,0.039919,0.031719,0.034498,0.047389,0.055012,0.027829,0.027061
0.04452,0.028863,0.027186,0.041133,0.028117,0.041805,0.026836,0.030949,0.058961,0.025585,0.034068,0.045296,0.056136,0.029239,0.053781,0.047711,0.057167,0.026496,0.031863,0.040778,0.029125,0.02997,0.034519,0.031183,0.040276,0.027682,0.049974,0.033192,0.05108,0.030821,0.053769,0.055112,0.027008,0.031314,0.044339,0.026806,0.031348,0.031387,0.03456,0.037117
0.03716,0.033787,0.026877,0.030341,0.039893,0.027527,0.032337,0.035671,0.029786,0.042094,0.026607,0.033384,0.041295,0.03477,0.027527,0.045294,0.05018,0.054791,0.030181,0.053893,0.048784,0.048531,0.049959,0.04812,0.036276,0.047119,0.031938,0.051931,0.031015,0.053965,0.055562,0.02701,0.031246,0.037037,0.031942,0.041232,0.028328,0.032872,0.026745,0.040723
0.032013,0.034071,0.029515,0.033433,0.045422,0.036076,0.035161,0.056705,0.027572,0.04649,0.045162,0.037009,0.03752,0.044199,0.027468,0.034584,0.036601,0.035675,0.038828,0.031413,0.038782,0.027904,0.053756,0.029151,0.033485,0.038882,0.026808,0.054199,0.037672,0.027963,0.032614,0.032044,0.04041,0.035013,0.026432,0.047792,0.039434,0.027834,0.031362,0.041244
0.027878,0.048696,0.037887,0.029646,0.033978,0.050531,0.048546,0.03554,0.031267,0.052482,0.055774,0.050221,0.049956,0.02713,0.032949,0.049049,0.034999,0.029015,0.05437,0.043515,0.041832,0.041804,0.042877,0.027583,0.034183,0.037678,0.039091,0.027913,0.02683,0.039266,0.044686,0.048758,0.048544,0.055255,0.056781,0.027063,0.028664,0.036751,0.053325,0.048457
0.049296,0.054761,0.027948,0.030431,0.035885,0.046272,0.056682,0.029345,0.037433,0.0382,0.028715,0.026476,0.035687,0.047472,0.038589,0.036488,0.02839,0.034538,0.03711,0.035739,0.026476,0.028971,0.034749,0.035193,0.030373,0.046676,0.02829,0.02635,0.048501,0.037987,0.029431,0.041482,0.026571,0.034115,0.032905,0.030562,0.047342,0.03905,0.049872,0.031862
0.039964,0.027181,0.05539,0.026951,0.050182,0.055552,0.048278,0.047944,0.032281,0.051721,0.031052,0.03541,0.029687,0.050671,0.057078,0.036621,0.026609,0.030271,0.041001,0.027269,0.037108,0.02802,0.040523,0.033933,0.028047,0.05456,0.027634,0.04874,0.055667,0.048766,0.02887,0.041672,0.03542,0.028061,0.029064,0.052607,0.048452,0.031376,0.037965,0.027872
