0.1133,0.084897,0.089845,0.090507,0.077605,0.075873,0.075468,0.082477,0.078134,0.082067,0.075749,0.08022,0.082418,0.079108,0.078756,0.078455,0.077376,0.077474,0.083942,0.077666,0.081714,0.09154,0.085388,0.086526,0.081928,0.0787,0.077618,0.076016,0.078725,0.077993,0.079611,0.080567,0.081471,0.082627,0.080362,0.082504,0.079459,0.078902,0.07585,0.07833
0.046585,0.056595,0.04717,0.046511,0.052968,0.048415,0.047158,0.052965,0.046755,0.051204,0.053422,0.046424,0.047406,0.055858,0.04634,0.052091,0.045826,0.065037,0.049709,0.047607,0.048019,0.046901,0.059672,0.05135,0.04728,0.047553,0.060159,0.058003,0.050331,0.055848,0.047922,0.053391,0.053909,0.051357,0.047679,0.053947,0.051487,0.047767,0.045658,0.050518
0.040895,0.046717,0.046829,0.040815,0.042767,0.040383,0.043329,0.038915,0.048122,0.04813,0.047132,0.049897,0.039318,0.043815,0.053101,0.046096,0.041305,0.046238,0.045253,0.044832,0.041355,0.061861,0.040557,0.040079,0.041107,0.040601,0.042184,0.041535,0.045,0.040504,0.045151,0.060993,0.040966,0.049468,0.047792,0.042629,0.040211,0.059602,0.049886,0.04755
0.045434,0.044901,0.061031,0.049318,0.041127,0.049802,0.055609,0.041095,0.05501,0.046501,0.037337,0.042528,0.037419,0.052787,0.050571,0.039251,0.040481,0.047402,0.044484,0.038752,0.053077,0.047899,0.063629,0.03799,0.05384,0.048358,0.052269,0.050726,0.041201,0.03742,0.063749,0.043521,0.051647,0.046601,0.051687,0.047928,0.039771,0.051802,0.039354,0.046458
0.036538,0.05116,0.053752,0.043582,0.05031,0.060996,0.038377,0.052454,0.055051,0.040884,0.041187,0.04409,0.036521,0.038952,0.035908,0.056791,0.066947,0.036911,0.05599,0.055909,0.049783,0.052856,0.041191,0.042457,0.041085,0.059174,0.048125,0.049959,0.044167,0.052999,0.056596,0.037891,0.062615,0.046902,0.053483,0.043707,0.037664,0.038963,0.037597,0.036934
0.036678,0.037002,0.035895,0.050604,0.035791,0.054791,0.048878,0.05432,0.043035,0.055898,0.039045,0.051671,0.055607,0.051646,0.044352,0.034876,0.050388,0.045751,0.05254,0.056018,0.045365,0.051659,0.055608,0.046916,0.039939,0.04146,0.053989,0.044828,0.054281,0.043368,0.05242,0.035201,0.035848,0.041269,0.037434,0.050154,0.051094,0.035814,0.041841,0.035168
0.036502,0.046515,0.057745,0.047486,0.055138,0.03723,0.053477,0.049649,0.035986,0.045665,0.056261,0.047921,0.057324,0.041515,0.055844,0.045895,0.044601,0.053816,0.040411,0.045196,0.050208,0.054862,0.036286,0.063402,0.045725,0.051163,0.049521,0.045934,0.056789,0.045706,0.051623,0.047225,0.060054,0.041953,0.047591,0.041933,0.040011,0.036541,0.054889,0.044031
0.058925,0.043852,0.053578,0.044161,0.05079,0.055917,0.054207,0.039627,0.049259,0.050945,0.048491,0.048968,0.048049,0.045247,0.050651,0.060547,0.056441,0.039433,0.043941,0.05838,0.047925,0.050628,0.049467,0.04729,0.049382,0.04962,0.054316,0.053164,0.053851,0.042957,0.045121,0.058084,0.04425,0.062854,0.040935,0.053193,0.043982,0.046977,0.055695,0.044648
0.042167,0.03982,0.035658,0.035507,0.045153,0.056739,0.047869,0.048756,0.049361,0.048831,0.054645,0.049057,0.048802,0.056305,0.036982,0.040701,0.033721,0.049405,0.0486,0.049437,0.055085,0.036508,0.034538,0.035458,0.056497,0.046066,0.049371,0.056036,0.049085,0.03487,0.049642,0.046767,0.049504,0.062044,0.034909,0.058111,0.049312,0.05326,0.037637,0.053595
0.037091,0.045488,0.057591,0.047494,0.050223,0.054078,0.039845,0.050821,0.056333,0.048855,0.05012,0.048811,0.055337,0.036072,0.040704,0.056025,0.044107,0.035453,0.034814,0.042596,0.051562,0.049731,0.035081,0.035174,0.034695,0.054243,0.037001,0.049111,0.053487,0.057075,0.049146,0.049229,0.035169,0.035493,0.038506,0.036836,0.043354,0.048438,0.041397,0.033973
0.03477,0.047837,0.049467,0.054551,0.033842,0.035146,0.035333,0.034944,0.061544,0.041433,0.05159,0.056354,0.048333,0.047942,0.050062,0.048186,0.056518,0.034464,0.047087,0.050492,0.049663,0.047489,0.051085,0.034962,0.034225,0.04526,0.033744,0.041873,0.035063,0.036863,0.034647,0.049942,0.050524,0.054406,0.05062,0.046186,0.050724,0.053022,0.050103,0.049364
0.050608,0.048372,0.054473,0.048356,0.047406,0.050708,0.049016,0.039306,0.033714,0.059905,0.054943,0.041527,0.057361,0.045124,0.051519,0.050548,0.047756,0.056024,0.043707,0.053365,0.049041,0.049374,0.056194,0.040498,0.055433,0.050483,0.049223,0.036164,0.034362,0.03802,0.034629,0.057783,0.048981,0.047965,0.03644,0.047832,0.048492,0.04924,0.049598,0.055435
0.049808,0.048079,0.048936,0.047474,0.049447,0.056909,0.044545,0.055745,0.046167,0.033958,0.050106,0.048158,0.057983,0.046152,0.049585,0.047176,0.049891,0.043821,0.053418,0.034097,0.03383,0.055725,0.038368,0.061302,0.04043,0.058144,0.04837,0.04734,0.056286,0.037004,0.050559,0.051761,0.05555,0.050908,0.047879,0.04905,0.048427,0.048021,0.056901,0.050235
0.047654,0.035612,0.048332,0.048982,0.034256,0.034461,0.034648,0.034638,0.038337,0.037984,0.049936,0.048766,0.04331,0.033818,0.034913,0.035246,0.036781,0.036358,0.034858,0.040452,0.036508,0.043741,0.036182,0.036335,0.041658,0.037197,0.036614,0.035368,0.033819,0.032555,0.034123,0.040547,0.034147,0.048519,0.048976,0.034066,0.035599,0.034976,0.034546,0.034901
0.044306,0.035091,0.046881,0.038477,0.035153,0.036843,0.033233,0.034902,0.034321,0.033854,0.033721,0.034354,0.0346,0.034522,0.033688,0.034471,0.035445,0.034745,0.038053,0.040368,0.036514,0.035146,0.040238,0.033671,0.033444,0.033184,0.033669,0.034576,0.0351,0.037277,0.035812,0.038429,0.034232,0.03526,0.034477,0.03511,0.034744,0.035431,0.034615,0.034166
0.042459,0.033887,0.033962,0.034455,0.033837,0.034637,0.034275,0.03347,0.036692,0.037145,0.032717,0.03401,0.034348,0.033298,0.033076,0.041574,0.033807,0.033593,0.045672,0.032671,0.033052,0.03405,0.033498,0.033588,0.033898,0.034257,0.035102,0.034622,0.032792,0.041731,0.033644,0.033306,0.034651,0.034535,0.033975,0.033751,0.033285,0.033663,0.034804,0.034455
0.033631,0.034482,0.034195,0.043983,0.040585,0.035101,0.036459,0.032935,0.033282,0.033491,0.034186,0.0335,0.034443,0.03379,0.040124,0.040442,0.034748,0.033578,0.033921,0.034027,0.032578,0.033396,0.034071,0.034311,0.03391,0.032846,0.033475,0.034182,0.033713,0.034408,0.035015,0.035173,0.043026,0.033558,0.032909,0.034229,0.04592,0.032723,0.034562,0.032011
0.032916,0.034379,0.03231,0.036109,0.039868,0.035584,0.046894,0.04826,0.034729,0.034019,0.046672,0.052993,0.047239,0.047793,0.057373,0.035037,0.033582,0.038118,0.040768,0.03552,0.034165,0.035407,0.039845,0.041687,0.032977,0.043435,0.049166,0.055984,0.0342,0.033743,0.044339,0.050262,0.034463,0.036245,0.034285,0.033921,0.043104,0.039825,0.038095,0.03677
0.033458,0.045958,0.041594,0.033798,0.03337,0.032192,0.032881,0.033751,0.034375,0.038984,0.041249,0.039551,0.034378,0.033975,0.033982,0.033625,0.039996,0.036097,0.034941,0.034907,0.034308,0.033478,0.034949,0.035448,0.035856,0.036033,0.032932,0.033271,0.032968,0.034336,0.033166,0.035072,0.033744,0.033233,0.034065,0.034007,0.033015,0.034281,0.034699,0.033314
0.033736,0.034087,0.038667,0.045182,0.038542,0.039736,0.033524,0.033322,0.033221,0.033606,0.033028,0.033609,0.034402,0.032276,0.033288,0.034261,0.043554,0.035802,0.041009,0.032849,0.034232,0.034856,0.033809,0.041768,0.03283,0.034393,0.057972,0.043327,0.034308,0.034639,0.040313,0.03249,0.053264,0.03434,0.036648,0.033538,0.037839,0.034633,0.035002,0.039639
0.031926,0.032741,0.042305,0.034059,0.034469,0.033894,0.037541,0.051681,0.039077,0.043046,0.058355,0.033306,0.034443,0.034421,0.050129,0.035237,0.042737,0.033686,0.033743,0.034604,0.033629,0.034103,0.033504,0.033916,0.038805,0.034791,0.034082,0.038545,0.035166,0.034053,0.036109,0.039431,0.033962,0.046012,0.036532,0.034222,0.044272,0.03465,0.035597,0.03694
0.031952,0.051014,0.034772,0.033126,0.04636,0.034194,0.033778,0.033623,0.033408,0.033007,0.033303,0.043003,0.034694,0.034728,0.036047,0.033774,0.033553,0.034209,0.033174,0.049417,0.033957,0.033971,0.032525,0.033649,0.040581,0.034742,0.034133,0.033577,0.034644,0.036134,0.045123,0.03495,0.033642,0.033322,0.044448,0.034436,0.034034,0.03428,0.033581,0.047288
0.045098,0.03955,0.040293,0.035435,0.034738,0.033427,0.042443,0.033995,0.033586,0.034369,0.033571,0.044684,0.048329,0.033261,0.038374,0.034464,0.033791,0.039489,0.032462,0.040606,0.038805,0.03427,0.057532,0.032639,0.033634,0.039447,0.039398,0.039651,0.033406,0.034221,0.033588,0.034546,0.035137,0.033865,0.040904,0.033882,0.033808,0.040946,0.034292,0.034793
0.048201,0.033179,0.039626,0.053916,0.034344,0.037431,0.033509,0.033013,0.038618,0.040296,0.033959,0.033864,0.034555,0.033541,0.034373,0.034406,0.033671,0.038645,0.044164,0.043228,0.033703,0.033665,0.032977,0.033082,0.034383,0.032653,0.03435,0.037647,0.033447,0.034573,0.035289,0.038528,0.043649,0.033601,0.044043,0.032534,0.03297,0.032454,0.03423,0.032625
0.032855,0.037906,0.03311,0.033682,0.033758,0.04579,0.033388,0.050836,0.054376,0.033602,0.033073,0.032576,0.033379,0.049254,0.033929,0.048889,0.033969,0.033142,0.044622,0.048182,0.049545,0.056187,0.04957,0.033041,0.039216,0.033437,0.036325,0.051575,0.034239,0.042938,0.033518,0.03947,0.039623,0.032972,0.038034,0.033203,0.032873,0.040914,0.034471,0.033355
0.033189,0.032783,0.031995,0.03377,0.033577,0.033047,0.033826,0.032944,0.032423,0.033922,0.049269,0.034477,0.032534,0.032088,0.033515,0.034341,0.037929,0.033887,0.033629,0.032887,0.033832,0.033684,0.033041,0.032895,0.039852,0.036656,0.038552,0.0333,0.038242,0.03298,0.046414,0.049004,0.055958,0.033181,0.034057,0.043873,0.034248,0.039398,0.037222,0.035842
0.033769,0.034286,0.034714,0.039758,0.033157,0.033178,0.032624,0.032089,0.032516,0.034309,0.033786,0.042177,0.051802,0.033802,0.034164,0.033625,0.03316,0.032792,0.037727,0.034998,0.032584,0.047788,0.050023,0.054281,0.041373,0.03798,0.033353,0.033632,0.033296,0.033871,0.034574,0.033192,0.032294,0.048007,0.050079,0.033181,0.032833,0.034313,0.034187,0.034219
0.034593,0.034342,0.033437,0.033854,0.037767,0.035654,0.033104,0.032393,0.033533,0.034963,0.032067,0.043051,0.046855,0.039564,0.041162,0.052215,0.034215,0.034512,0.034184,0.04191,0.033044,0.03311,0.035518,0.042638,0.039557,0.056314,0.032762,0.033977,0.033985,0.032817,0.033155,0.034369,0.033521,0.033898,0.032945,0.036988,0.045268,0.033798,0.045945,0.032335
0.033128,0.034111,0.032648,0.032734,0.034133,0.043098,0.035172,0.040617,0.03824,0.032712,0.033583,0.033637,0.033294,0.043844,0.056623,0.036081,0.0351,0.042063,0.034586,0.033823,0.032566,0.037204,0.061953,0.032826,0.0331,0.043265,0.050919,0.048457,0.048885,0.043184,0.033163,0.033147,0.040443,0.033423,0.033839,0.042079,0.033317,0.046321,0.034217,0.032562
0.036575,0.033005,0.033484,0.033307,0.049229,0.03391,0.041054,0.040684,0.032385,0.03236,0.03228,0.033151,0.035941,0.034,0.033461,0.051001,0.033686,0.033946,0.033595,0.042788,0.032134,0.032816,0.033828,0.034985,0.038189,0.032642,0.033628,0.034232,0.033419,0.034108,0.051131,0.032847,0.031541,0.032966,0.050115,0.038529,0.040222,0.03511,0.033321,0.033886
0.032719,0.03257,0.035704,0.034456,0.032022,0.032079,0.032466,0.034293,0.033359,0.03224,0.031515,0.036483,0.03414,0.035971,0.032936,0.050173,0.048134,0.033236,0.033943,0.034602,0.034049,0.034189,0.034079,0.03411,0.040606,0.032414,0.032035,0.032543,0.056245,0.048541,0.049283,0.033629,0.049726,0.054167,0.044518,0.054951,0.047916,0.057156,0.033074,0.042527
0.055267,0.047243,0.032651,0.033867,0.033324,0.032687,0.050909,0.038225,0.032893,0.034431,0.03334,0.039814,0.032581,0.060841,0.034733,0.041154,0.045306,0.034225,0.034369,0.033638,0.033952,0.033477,0.033344,0.039582,0.039084,0.039454,0.033802,0.035916,0.036402,0.034263,0.034319,0.038114,0.034215,0.038187,0.033822,0.033435,0.033896,0.033439,0.032533,0.034384
0.033979,0.034349,0.032974,0.034556,0.048795,0.03312,0.034209,0.034189,0.03871,0.032618,0.033471,0.03388,0.04245,0.033836,0.031783,0.033405,0.036465,0.036583,0.035348,0.036109,0.037285,0.032884,0.035117,0.035595,0.035325,0.039263,0.038541,0.038035,0.036134,0.035082,0.035982,0.035895,0.03829,0.034418,0.040814,0.033468,0.033584,0.03445,0.032873,0.037626
0.033493,0.033437,0.032413,0.040324,0.045614,0.034019,0.040733,0.035213,0.038891,0.034531,0.033491,0.033295,0.033106,0.033401,0.033403,0.049139,0.049074,0.032336,0.033554,0.053274,0.048285,0.034299,0.037301,0.034399,0.035602,0.037254,0.032974,0.047105,0.033517,0.032951,0.035407,0.034524,0.033079,0.032682,0.033072,0.032321,0.03262,0.051401,0.046919,0.053014
0.048856,0.04949,0.035997,0.038737,0.034864,0.03307,0.034258,0.038557,0.034274,0.033579,0.038189,0.032657,0.050237,0.047659,0.033536,0.032911,0.031797,0.034352,0.032822,0.032181,0.041793,0.034265,0.033197,0.033793,0.040086,0.033774,0.033932,0.032059,0.038867,0.032879,0.033666,0.034233,0.034021,0.034783,0.040677,0.040273,0.046658,0.03398,0.033437,0.0342
0.033264,0.033533,0.0379,0.033535,0.033074,0.0339,0.039704,0.060688,0.048387,0.033749,0.034201,0.032674,0.0335,0.03429,0.044297,0.039442,0.033825,0.032124,0.031946,0.032883,0.034031,0.033769,0.033242,0.034066,0.033356,0.032874,0.039715,0.035454,0.049762,0.033996,0.0347,0.032415,0.032415,0.04319,0.03416,0.033491,0.033402,0.0335,0.03531,0.034889
0.039322,0.033797,0.032491,0.03308,0.032566,0.038362,0.034552,0.03407,0.037093,0.035467,0.057166,0.034021,0.039158,0.03737,0.056721,0.033865,0.03298,0.040714,0.039194,0.03695,0.034033,0.033321,0.045706,0.033011,0.032764,0.038244,0.033461,0.0336,0.034473,0.034311,0.033542,0.03449,0.032432,0.03461,0.034043,0.045044,0.033139,0.03365,0.033653,0.039113
0.034202,0.040616,0.033087,0.033583,0.032379,0.032895,0.034358,0.03375,0.033808,0.03403,0.032568,0.03225,0.033154,0.033333,0.033615,0.034249,0.034327,0.039602,0.039551,0.033036,0.032471,0.033693,0.033284,0.041415,0.033273,0.03441,0.039058,0.032011,0.034104,0.033277,0.034307,0.033383,0.037984,0.036371,0.034433,0.046819,0.033731,0.032682,0.034321,0.033366
0.034245,0.032022,0.032814,0.040728,0.036218,0.043326,0.041548,0.036898,0.033262,0.034066,0.033411,0.044615,0.049386,0.035719,0.033102,0.033791,0.032941,0.032438,0.032611,0.034502,0.043104,0.034309,0.034934,0.038889,0.036617,0.033402,0.034522,0.033724,0.033775,0.035361,0.035362,0.035076,0.041126,0.034185,0.034288,0.033351,0.042542,0.034791,0.034709,0.040231
0.034352,0.034333,0.032607,0.034142,0.033094,0.033787,0.033589,0.033762,0.035286,0.03846,0.033804,0.03379,0.033288,0.033116,0.033786,0.032591,0.034242,0.047185,0.032829,0.034973,0.033582,0.034559,0.034282,0.033705,0.034217,0.042601,0.035188,0.035317,0.033596,0.034577,0.034678,0.041938,0.03815,0.039606,0.037811,0.036213,0.033856,0.034532,0.033763,0.033312
