0.12691,0.09088,0.092389,0.087454,0.090594,0.085326,0.095384,0.089027,0.092417,0.096251,0.084666,0.086377,0.086326,0.086272,0.087195,0.093507,0.088108,0.088797,0.086566,0.089152,0.092369,0.093199,0.086856,0.087608,0.092446,0.089467,0.086536,0.08603,0.08769,0.084407,0.085682,0.086668,0.095892,0.093906,0.099682,0.09071,0.096891,0.094126,0.092613,0.085347
0.062971,0.0635,0.080468,0.058589,0.060349,0.058734,0.057977,0.058085,0.05796,0.058928,0.058207,0.060105,0.064828,0.059205,0.059029,0.058137,0.058083,0.059765,0.061571,0.067355,0.068612,0.067771,0.058412,0.058844,0.065311,0.058671,0.057263,0.067551,0.057661,0.058297,0.059228,0.057185,0.059281,0.063817,0.064257,0.065538,0.065006,0.065928,0.059753,0.059279
0.054039,0.049892,0.056341,0.052761,0.051665,0.050461,0.055114,0.056622,0.054067,0.065587,0.050917,0.056586,0.057505,0.052406,0.052665,0.05467,0.050719,0.054453,0.051635,0.052123,0.052678,0.056765,0.051879,0.053008,0.053627,0.05237,0.054264,0.05627,0.051745,0.049325,0.050005,0.053088,0.052124,0.054327,0.060343,0.067081,0.054652,0.055597,0.05537,0.064872
0.064711,0.053796,0.062765,0.057821,0.052228,0.054832,0.046996,0.055186,0.057743,0.057304,0.050851,0.049274,0.049501,0.053735,0.066244,0.051114,0.066438,0.055549,0.050143,0.056121,0.058363,0.052778,0.056572,0.05125,0.060336,0.049564,0.049596,0.049339,0.0502,0.054774,0.048528,0.051427,0.05127,0.047753,0.05071,0.051441,0.050738,0.048731,0.050168,0.049677
0.061884,0.054219,0.047583,0.047205,0.049262,0.045518,0.04733,0.047957,0.049244,0.050014,0.054912,0.054686,0.061317,0.052932,0.047822,0.050442,0.060843,0.050442,0.049326,0.0535,0.067572,0.057065,0.04664,0.052515,0.049681,0.048093,0.05562,0.05296,0.054688,0.061187,0.060577,0.047392,0.059735,0.05009,0.050024,0.067237,0.049228,0.05008,0.05093,0.049128
0.0468,0.044568,0.047683,0.049407,0.054611,0.0459,0.058909,0.049458,0.046843,0.054655,0.050323,0.049762,0.062121,0.053725,0.052472,0.048829,0.049483,0.05038,0.047928,0.046562,0.044417,0.050759,0.049329,0.054894,0.047111,0.062693,0.066613,0.051301,0.059702,0.051535,0.050656,0.050082,0.051354,0.048771,0.049357,0.049823,0.050493,0.053518,0.048252,0.054303
0.04643,0.047251,0.049843,0.049221,0.046265,0.054071,0.050057,0.048403,0.047017,0.054378,0.054722,0.055749,0.060841,0.056256,0.049681,0.049802,0.047138,0.054323,0.046398,0.047883,0.051143,0.058792,0.045895,0.045156,0.048695,0.06057,0.050843,0.050584,0.049158,0.048224,0.047143,0.048782,0.049844,0.049846,0.045391,0.04935,0.058044,0.053234,0.050181,0.049638
0.049686,0.045943,0.058901,0.052579,0.048173,0.0616,0.04965,0.045193,0.047912,0.045572,0.05591,0.046641,0.047806,0.051552,0.048798,0.04966,0.055681,0.045373,0.054589,0.044745,0.048316,0.055899,0.050326,0.049676,0.046772,0.048759,0.06399,0.046813,0.044126,0.045828,0.055118,0.049069,0.060617,0.055417,0.050698,0.052195,0.048267,0.060527,0.046066,0.047006
0.055282,0.047602,0.046252,0.045999,0.057343,0.046469,0.055837,0.047382,0.045493,0.054934,0.04908,0.044429,0.044953,0.04595,0.046889,0.04514,0.045629,0.051137,0.059724,0.051014,0.048516,0.051557,0.048698,0.046821,0.045395,0.047942,0.04906,0.047979,0.048015,0.048632,0.049548,0.049876,0.044251,0.047356,0.04706,0.061219,0.052556,0.048137,0.046692,0.047803
0.045106,0.045279,0.063442,0.048036,0.050588,0.044946,0.046602,0.058964,0.046882,0.048599,0.044899,0.05548,0.05535,0.046168,0.059258,0.060956,0.061767,0.050799,0.048505,0.045524,0.050182,0.061494,0.048479,0.046793,0.048062,0.045588,0.049895,0.05399,0.055878,0.050375,0.049768,0.046793,0.048547,0.054097,0.052355,0.048731,0.046057,0.048292,0.046638,0.053122
0.052729,0.052513,0.049694,0.045858,0.053114,0.047147,0.048894,0.049031,0.044863,0.051103,0.049201,0.051482,0.04805,0.056473,0.05565,0.061229,0.048674,0.044812,0.050616,0.053283,0.044879,0.043976,0.046318,0.0491,0.050022,0.05589,0.050809,0.049964,0.05022,0.049291,0.050195,0.049402,0.046033,0.048953,0.051986,0.05016,0.048455,0.050998,0.048111,0.046421
0.04813,0.052621,0.049627,0.047135,0.054929,0.046855,0.0487,0.063161,0.048505,0.049653,0.050352,0.049153,0.04619,0.04622,0.046274,0.056338,0.044567,0.060202,0.045944,0.043886,0.049129,0.052945,0.047138,0.04611,0.046227,0.053961,0.048988,0.046556,0.046144,0.045567,0.055635,0.049761,0.044347,0.045203,0.044616,0.044691,0.05544,0.049554,0.046148,0.047803
0.052201,0.047991,0.046004,0.04829,0.044859,0.056289,0.04491,0.043032,0.049057,0.053087,0.049169,0.048082,0.051287,0.049395,0.046153,0.047587,0.048744,0.043798,0.056999,0.055564,0.064111,0.048379,0.044116,0.055473,0.04534,0.049013,0.055708,0.046014,0.049061,0.048873,0.049864,0.045722,0.050189,0.055133,0.048812,0.05007,0.057079,0.054983,0.059091,0.046411
0.048698,0.044513,0.056829,0.048932,0.046006,0.045961,0.048479,0.048557,0.045713,0.061059,0.052042,0.054661,0.046611,0.045162,0.067506,0.045911,0.046838,0.05903,0.050562,0.046816,0.052139,0.048182,0.053679,0.046642,0.055426,0.055553,0.047802,0.04548,0.045533,0.05319,0.047154,0.046271,0.048313,0.044827,0.044393,0.045408,0.049718,0.049366,0.05595,0.057062
0.060211,0.054364,0.059775,0.051223,0.049466,0.045894,0.04841,0.049396,0.045557,0.044021,0.051864,0.055249,0.048353,0.060068,0.056102,0.050976,0.056645,0.056415,0.047411,0.055631,0.056088,0.050187,0.044077,0.055073,0.045435,0.045379,0.04904,0.049953,0.047584,0.047048,0.049666,0.048778,0.050823,0.045428,0.045083,0.047528,0.05283,0.048027,0.055613,0.045552
0.047484,0.049364,0.050937,0.05319,0.053665,0.044149,0.052156,0.047109,0.052062,0.047267,0.056453,0.046942,0.048135,0.051368,0.050869,0.049756,0.050601,0.043792,0.044396,0.04784,0.045583,0.049243,0.045349,0.048885,0.045734,0.043683,0.049075,0.051546,0.050081,0.045108,0.053044,0.056331,0.054321,0.050189,0.053605,0.048547,0.047133,0.046373,0.049093,0.04516
0.049154,0.050669,0.055373,0.055549,0.043886,0.045789,0.056677,0.044234,0.050242,0.049955,0.0477,0.045459,0.045229,0.054112,0.044472,0.045962,0.045754,0.048009,0.043959,0.053478,0.046737,0.044033,0.048568,0.046547,0.045052,0.04319,0.046673,0.046287,0.045848,0.043151,0.04997,0.056368,0.049715,0.044385,0.045538,0.044878,0.05735,0.049341,0.049646,0.048824
0.04572,0.045237,0.047724,0.054649,0.044941,0.051047,0.049079,0.049609,0.06183,0.045785,0.045551,0.046257,0.051064,0.046393,0.04494,0.048226,0.055295,0.044976,0.045584,0.04795,0.05083,0.048963,0.054993,0.050281,0.046166,0.045466,0.045469,0.046942,0.049114,0.045429,0.04987,0.047337,0.046942,0.044116,0.056557,0.058294,0.046832,0.048914,0.052468,0.058834
0.046131,0.043793,0.049221,0.051843,0.053346,0.04543,0.048981,0.046879,0.048119,0.04825,0.046346,0.045404,0.049393,0.050284,0.049778,0.051424,0.050315,0.046779,0.056073,0.045426,0.055916,0.043496,0.049705,0.050719,0.04923,0.049929,0.054016,0.046422,0.056286,0.043671,0.050366,0.057221,0.047812,0.045374,0.048458,0.050536,0.056854,0.043265,0.054848,0.045103
0.054679,0.046313,0.054642,0.044547,0.050203,0.060305,0.047517,0.044082,0.045804,0.047266,0.049279,0.045544,0.044823,0.047708,0.049798,0.06204,0.046541,0.052247,0.041806,0.046,0.056819,0.045674,0.049301,0.045469,0.045392,0.043645,0.064422,0.046932,0.045019,0.049549,0.044452,0.044488,0.044127,0.044273,0.048195,0.055823,0.044852,0.062266,0.053925,0.055378
0.043924,0.050294,0.052362,0.057166,0.046684,0.043899,0.059169,0.053459,0.048519,0.055767,0.049838,0.055312,0.044496,0.04786,0.047511,0.044186,0.054944,0.047449,0.047684,0.058622,0.061396,0.046671,0.044518,0.045494,0.044593,0.044492,0.047578,0.056327,0.044772,0.055553,0.045788,0.048598,0.050374,0.049664,0.055128,0.058264,0.048052,0.045781,0.045982,0.046417
0.05288,0.047,0.062682,0.044993,0.053994,0.043641,0.044625,0.045709,0.046796,0.046611,0.045082,0.051193,0.044945,0.047945,0.049598,0.046028,0.048566,0.055028,0.045423,0.049795,0.046139,0.060022,0.048634,0.046541,0.044163,0.047508,0.057013,0.045367,0.055925,0.049548,0.050935,0.047634,0.054438,0.04619,0.045084,0.057463,0.048358,0.048884,0.049477,0.045645
0.048606,0.053037,0.044457,0.048061,0.045411,0.046544,0.051582,0.0449,0.05636,0.04381,0.055554,0.045578,0.052054,0.066771,0.046019,0.051656,0.048378,0.055566,0.049953,0.050375,0.04904,0.056348,0.044788,0.054681,0.045452,0.044201,0.045782,0.048888,0.044256,0.044454,0.048617,0.049799,0.061939,0.044253,0.045255,0.052844,0.048266,0.054389,0.049311,0.045734
0.055358,0.044814,0.045968,0.051379,0.0527,0.059294,0.046319,0.048652,0.04968,0.056406,0.048152,0.05698,0.044959,0.053975,0.066616,0.061665,0.045838,0.051801,0.045205,0.045787,0.056933,0.049515,0.045033,0.045621,0.046345,0.047007,0.044313,0.05618,0.044076,0.048589,0.046261,0.045921,0.047016,0.045543,0.048689,0.046998,0.048172,0.054203,0.051,0.048585
0.056834,0.051165,0.04463,0.049953,0.044736,0.047885,0.04579,0.0457,0.048122,0.060866,0.051283,0.042799,0.045704,0.05349,0.047974,0.04756,0.055862,0.045456,0.048609,0.046125,0.043405,0.047062,0.057391,0.056202,0.045731,0.048577,0.046103,0.04858,0.044691,0.049219,0.065765,0.056915,0.044149,0.046646,0.047815,0.046763,0.053948,0.045464,0.048088,0.04434
0.051392,0.048989,0.056907,0.04354,0.045155,0.044146,0.055734,0.048796,0.044995,0.056014,0.048186,0.053096,0.051303,0.049755,0.049553,0.047758,0.052451,0.051732,0.06668,0.047078,0.050704,0.047565,0.04481,0.055767,0.044354,0.044516,0.046197,0.049049,0.055951,0.059738,0.04798,0.05202,0.053842,0.051402,0.050483,0.055263,0.044245,0.050714,0.048872,0.04985
0.050361,0.051212,0.051215,0.047673,0.045803,0.043951,0.05035,0.044269,0.050128,0.06052,0.049479,0.053524,0.062126,0.04566,0.043732,0.052331,0.047854,0.057001,0.055197,0.048871,0.049253,0.042474,0.047353,0.060591,0.045501,0.04413,0.063211,0.047953,0.047445,0.053408,0.048534,0.051227,0.044864,0.053845,0.045619,0.0448,0.043925,0.044401,0.04394,0.055002
0.043931,0.061458,0.045522,0.04414,0.052681,0.053755,0.044573,0.05758,0.046877,0.046712,0.055154,0.04539,0.046631,0.050446,0.050829,0.048585,0.050629,0.05263,0.045181,0.059286,0.049257,0.04512,0.04929,0.055418,0.044276,0.046376,0.044257,0.046076,0.045252,0.056941,0.047051,0.054858,0.056015,0.047741,0.043042,0.046963,0.05394,0.055203,0.046967,0.043707
0.04333,0.044303,0.044511,0.048417,0.050226,0.052606,0.047761,0.05697,0.044621,0.054397,0.043862,0.053751,0.046086,0.056605,0.044178,0.04678,0.053744,0.061099,0.051836,0.047993,0.055277,0.061138,0.044865,0.048576,0.05088,0.055288,0.046025,0.048454,0.044531,0.045351,0.048249,0.044263,0.055632,0.046133,0.044753,0.047544,0.046141,0.047011,0.047393,0.044031
0.056073,0.04342,0.045729,0.048658,0.04474,0.04392,0.056073,0.045597,0.045814,0.052427,0.052379,0.047339,0.060727,0.052346,0.048458,0.044038,0.045373,0.044882,0.044909,0.044211,0.050022,0.055047,0.044298,0.056159,0.045296,0.048925,0.051039,0.054068,0.046539,0.04787,0.046071,0.045599,0.048454,0.044993,0.047926,0.053343,0.046305,0.05704,0.043506,0.048692
0.046692,0.053051,0.058046,0.055476,0.04368,0.045426,0.050002,0.052189,0.046749,0.055521,0.044774,0.044671,0.044463,0.04404,0.052636,0.046314,0.046948,0.047801,0.045551,0.04621,0.047835,0.051289,0.048072,0.056894,0.04449,0.049838,0.060462,0.045195,0.044342,0.0605,0.04478,0.05052,0.05101,0.043343,0.048624,0.049497,0.046055,0.05161,0.048354,0.049498
0.045873,0.04455,0.047948,0.047281,0.047738,0.044786,0.045068,0.048795,0.056461,0.044967,0.048299,0.052633,0.053749,0.04418,0.050704,0.048469,0.05752,0.054683,0.049657,0.045129,0.05384,0.045644,0.044735,0.04846,0.046136,0.044344,0.050479,0.044665,0.054176,0.044456,0.051263,0.05315,0.045399,0.051065,0.049167,0.055185,0.04482,0.049765,0.055683,0.045405
0.054865,0.049378,0.044206,0.055276,0.044687,0.045607,0.044688,0.049662,0.045741,0.047905,0.051189,0.048398,0.049805,0.05758,0.053631,0.045644,0.043004,0.050278,0.051312,0.051998,0.053306,0.04515,0.055448,0.053732,0.043255,0.046629,0.055424,0.04459,0.051255,0.047819,0.050558,0.057251,0.046149,0.045828,0.051624,0.048367,0.051758,0.049081,0.056323,0.051767
0.044739,0.047091,0.055658,0.043419,0.064533,0.050663,0.045218,0.046805,0.044712,0.05541,0.045782,0.059152,0.044414,0.050249,0.045043,0.049847,0.055494,0.044103,0.048937,0.056275,0.046259,0.048071,0.051993,0.048749,0.048918,0.056021,0.045069,0.056426,0.049056,0.045151,0.047794,0.045941,0.044209,0.04447,0.048017,0.046544,0.044617,0.044867,0.048785,0.045402
0.045303,0.045065,0.046155,0.062091,0.049818,0.044147,0.042148,0.058389,0.045672,0.055275,0.045238,0.045475,0.047538,0.044929,0.044227,0.065267,0.063943,0.048968,0.049478,0.045207,0.045065,0.048784,0.045969,0.048566,0.053203,0.06329,0.043845,0.044805,0.04579,0.044416,0.05474,0.051206,0.25149,0.048691,0.046177,0.057333,0.053723,0.043888,0.054873,0.0532
0.044899,0.054609,0.047233,0.047344,0.064144,0.047553,0.044691,0.044373,0.049076,0.047975,0.047261,0.051519,0.050614,0.048712,0.045365,0.04486,0.053552,0.044585,0.050389,0.04865,0.066229,0.049403,0.046405,0.044945,0.058795,0.056528,0.050323,0.04432,0.04957,0.045837,0.043007,0.04325,0.056796,0.056317,0.044288,0.044576,0.04681,0.048578,0.048469,0.044851
0.045147,0.0452,0.048716,0.046537,0.047731,0.044152,0.04929,0.055223,0.045011,0.050545,0.051661,0.047969,0.049682,0.051702,0.048525,0.046059,0.048867,0.049395,0.044327,0.044338,0.04635,0.048143,0.044434,0.046451,0.049158,0.049713,0.049594,0.053446,0.046974,0.049314,0.045801,0.048628,0.050015,0.05021,0.045037,0.044319,0.054907,0.057593,0.049436,0.04936
0.052699,0.047379,0.045667,0.047704,0.045153,0.056112,0.044076,0.050946,0.048396,0.055277,0.054111,0.044616,0.043578,0.047424,0.050251,0.053474,0.051946,0.049088,0.057088,0.056517,0.048087,0.049028,0.045938,0.054673,0.050974,0.045141,0.045899,0.054863,0.048247,0.045306,0.054203,0.043713,0.046709,0.048627,0.044777,0.044802,0.046167,0.064484,0.050735,0.048328
0.04508,0.049101,0.055276,0.050145,0.045806,0.043809,0.051064,0.048663,0.060117,0.046302,0.04631,0.047653,0.05025,0.050023,0.050407,0.051711,0.045742,0.043655,0.050726,0.044128,0.045822,0.04484,0.044638,0.044894,0.043657,0.043871,0.049099,0.045983,0.045757,0.045244,0.051172,0.044616,0.045636,0.046951,0.044351,0.044744,0.04588,0.054096,0.050473,0.054386
0.045531,0.045768,0.046254,0.045331,0.045108,0.044924,0.047058,0.043626,0.04459,0.04442,0.05227,0.044497,0.043744,0.047017,0.044314,0.044261,0.044847,0.044341,0.043458,0.050004,0.045125,0.05192,0.045938,0.046261,0.045461,0.052832,0.052218,0.044125,0.04761,0.046011,0.055178,0.045249,0.045252,0.044437,0.052767,0.046651,0.053633,0.05509,0.050645,0.058195
