0.089123,0.069161,0.068536,0.064877,0.070198,0.058866,0.067954,0.059495,0.060779,0.059103,0.065055,0.071391,0.06974,0.066718,0.066953,0.065756,0.058814,0.061424,0.065776,0.067077,0.059684,0.070468,0.06105,0.064841,0.068136,0.062843,0.063346,0.059745,0.061094,0.066518,0.06628,0.061339,0.060586,0.081665,0.066709,0.066519,0.067403,0.069143,0.065054,0.062357
0.05227,0.043511,0.043195,0.052472,0.043797,0.047998,0.061201,0.041492,0.046381,0.045354,0.043031,0.046274,0.049334,0.044358,0.042404,0.046309,0.047279,0.049015,0.051355,0.048165,0.043214,0.048552,0.055675,0.044812,0.04391,0.044846,0.051758,0.045008,0.050298,0.042542,0.047415,0.053982,0.044624,0.043715,0.04306,0.050017,0.044136,0.051053,0.047245,0.043727
0.039507,0.039754,0.037471,0.038857,0.040362,0.041675,0.042156,0.036521,0.040552,0.038571,0.037919,0.038723,0.039364,0.039394,0.040564,0.038738,0.041155,0.039692,0.038296,0.0472,0.043351,0.037924,0.03808,0.045102,0.038117,0.038417,0.039943,0.03912,0.03936,0.047274,0.043153,0.039836,0.038821,0.037709,0.039933,0.039371,0.03783,0.038524,0.043387,0.04464
0.043027,0.047439,0.037634,0.040413,0.041426,0.042135,0.042559,0.04468,0.058866,0.042685,0.049911,0.048493,0.035646,0.053874,0.051218,0.062647,0.048705,0.047696,0.036801,0.046423,0.049453,0.051735,0.055333,0.037323,0.050437,0.058642,0.048543,0.044529,0.042606,0.044353,0.047431,0.049616,0.063564,0.039645,0.050162,0.040843,0.045802,0.051907,0.041415,0.060118
0.043295,0.035306,0.045135,0.055852,0.048663,0.037597,0.045934,0.047967,0.038784,0.04068,0.052735,0.048442,0.050168,0.035578,0.03505,0.047479,0.034461,0.055559,0.039556,0.035012,0.057716,0.040473,0.053523,0.051506,0.035445,0.04713,0.051663,0.034837,0.050118,0.048507,0.034878,0.046084,0.033908,0.034306,0.034283,0.048748,0.049768,0.035849,0.047453,0.050141
0.035212,0.053168,0.047306,0.042392,0.040306,0.047103,0.033789,0.033727,0.05061,0.034364,0.04991,0.03473,0.042883,0.055609,0.048272,0.033366,0.03367,0.035027,0.043432,0.035241,0.050536,0.047783,0.049982,0.033832,0.045618,0.048123,0.040914,0.040535,0.041304,0.033184,0.057452,0.039259,0.051116,0.033939,0.050122,0.056354,0.034934,0.048358,0.032977,0.034595
0.034811,0.046862,0.034882,0.034066,0.045742,0.033814,0.034761,0.03812,0.039385,0.050017,0.057089,0.034876,0.045755,0.033363,0.033607,0.033079,0.034344,0.034943,0.034812,0.043929,0.034549,0.035297,0.034074,0.034436,0.035655,0.049202,0.04431,0.033435,0.052293,0.033955,0.033523,0.034133,0.034686,0.044143,0.051318,0.034593,0.033576,0.033932,0.048161,0.052644
0.034151,0.047656,0.033786,0.033473,0.035413,0.044521,0.047409,0.04829,0.057573,0.049421,0.047745,0.032852,0.04994,0.050253,0.049067,0.032021,0.050901,0.042087,0.038153,0.050788,0.031986,0.051753,0.05915,0.061182,0.055526,0.051377,0.044562,0.051353,0.034738,0.046983,0.035,0.034791,0.047493,0.051696,0.034223,0.06385,0.048792,0.055088,0.048035,0.042882
0.048154,0.056759,0.033433,0.033225,0.034061,0.043877,0.048297,0.050924,0.057295,0.037778,0.051221,0.035766,0.040707,0.048244,0.049795,0.054553,0.046841,0.051963,0.034488,0.050856,0.047737,0.035648,0.046287,0.050153,0.034215,0.033067,0.049495,0.034304,0.035214,0.05083,0.04583,0.045074,0.032559,0.052452,0.033144,0.03797,0.045108,0.056792,0.041898,0.034579
0.042573,0.042923,0.054697,0.04724,0.03932,0.04397,0.033331,0.034127,0.038958,0.03724,0.033874,0.033563,0.033734,0.037893,0.043716,0.035957,0.033459,0.033156,0.034703,0.037573,0.039691,0.03807,0.033583,0.033048,0.038756,0.03983,0.045502,0.045055,0.05269,0.048132,0.033953,0.034201,0.034106,0.034795,0.042519,0.058,0.043922,0.032328,0.05622,0.047847
0.035036,0.037652,0.043981,0.033133,0.032603,0.032465,0.05148,0.033206,0.034228,0.03484,0.03491,0.043849,0.056021,0.049352,0.046182,0.050519,0.032221,0.034074,0.036147,0.043347,0.048914,0.03282,0.039579,0.032744,0.032405,0.032366,0.047028,0.056074,0.048496,0.032759,0.033113,0.035038,0.045398,0.053442,0.032984,0.032784,0.037785,0.04617,0.034235,0.033327
0.034202,0.046475,0.052337,0.040014,0.039082,0.054859,0.031701,0.032886,0.032652,0.047601,0.057171,0.047784,0.033606,0.033514,0.032976,0.032461,0.035139,0.03894,0.03914,0.03183,0.050152,0.036468,0.05488,0.045122,0.052375,0.048981,0.033225,0.050678,0.032097,0.035889,0.032563,0.033535,0.033689,0.032964,0.032931,0.044371,0.050488,0.056687,0.033682,0.049533
0.033726,0.032561,0.039306,0.035979,0.052305,0.038617,0.034099,0.03342,0.036383,0.042069,0.052781,0.031645,0.052806,0.048194,0.048966,0.055817,0.045015,0.05424,0.046646,0.048703,0.05123,0.047308,0.032872,0.033159,0.05344,0.031891,0.050595,0.048576,0.032758,0.034106,0.03179,0.052473,0.052338,0.034299,0.034964,0.034667,0.038808,0.033713,0.033416,0.035462
0.033013,0.037669,0.034415,0.034573,0.034523,0.033862,0.033503,0.03392,0.041719,0.031935,0.043509,0.044989,0.033028,0.032075,0.032946,0.047956,0.044006,0.039561,0.032381,0.031775,0.0338,0.033344,0.033125,0.034647,0.033426,0.032943,0.036561,0.03314,0.048304,0.031082,0.03304,0.03289,0.03258,0.032801,0.035907,0.032116,0.033569,0.031733,0.032477,0.038539
0.030934,0.035566,0.032208,0.039565,0.032947,0.046802,0.032825,0.032751,0.042104,0.035638,0.035244,0.054379,0.032396,0.03189,0.039743,0.03785,0.038679,0.03621,0.05513,0.045952,0.033467,0.031902,0.032798,0.03288,0.041532,0.043462,0.033425,0.034291,0.034453,0.042919,0.035167,0.033841,0.042468,0.03938,0.033851,0.042161,0.033657,0.034306,0.035828,0.036153
0.032977,0.037642,0.037356,0.032888,0.033878,0.035226,0.035266,0.033472,0.042164,0.033768,0.032739,0.033384,0.033814,0.045475,0.033786,0.035211,0.033015,0.041374,0.034407,0.038842,0.034522,0.033371,0.032812,0.034632,0.033635,0.03868,0.03396,0.039145,0.035829,0.042727,0.033681,0.034262,0.032863,0.034125,0.033558,0.034916,0.034634,0.034312,0.034463,0.041326
0.046487,0.033621,0.032623,0.032908,0.030809,0.032169,0.032452,0.038478,0.031467,0.031322,0.041804,0.039779,0.035647,0.031621,0.031555,0.04182,0.032511,0.033375,0.040401,0.045364,0.033934,0.045211,0.032974,0.031539,0.03178,0.033138,0.032571,0.033075,0.043088,0.046995,0.031952,0.032176,0.032395,0.030892,0.032081,0.039607,0.033637,0.033285,0.033138,0.032042
0.030893,0.032324,0.039626,0.032412,0.032728,0.032268,0.032069,0.031711,0.031617,0.055461,0.03121,0.041502,0.046195,0.032065,0.032568,0.031923,0.032359,0.032789,0.032158,0.031976,0.033418,0.042684,0.034564,0.038254,0.035097,0.032178,0.042364,0.034488,0.043841,0.033489,0.040066,0.038434,0.03598,0.031782,0.034933,0.034386,0.035138,0.042265,0.038803,0.036247
0.032962,0.033044,0.032018,0.034456,0.036617,0.043162,0.040005,0.033162,0.032978,0.040882,0.03444,0.037302,0.033272,0.032355,0.032717,0.040356,0.035309,0.034043,0.033991,0.03358,0.033615,0.032892,0.034284,0.039662,0.033249,0.033281,0.031813,0.034212,0.033076,0.035642,0.039585,0.032291,0.039641,0.034524,0.038891,0.032034,0.031995,0.031947,0.038409,0.041793
0.033753,0.034031,0.037279,0.034592,0.031964,0.032859,0.03135,0.054943,0.032226,0.031937,0.035291,0.035054,0.032175,0.032818,0.032503,0.042466,0.041118,0.034185,0.032697,0.039428,0.044675,0.032486,0.031019,0.033027,0.03298,0.042345,0.036843,0.037195,0.033433,0.03347,0.033713,0.034509,0.045411,0.034881,0.037027,0.033195,0.033552,0.039538,0.033643,0.034492
0.04394,0.031981,0.036927,0.032939,0.032213,0.032391,0.033189,0.032449,0.032529,0.030673,0.032123,0.041077,0.032518,0.034156,0.032193,0.032535,0.032259,0.039699,0.045387,0.032367,0.032023,0.031433,0.031942,0.033651,0.03274,0.033245,0.033408,0.033725,0.032804,0.033691,0.032625,0.032759,0.032631,0.039921,0.040712,0.034888,0.034932,0.034317,0.031947,0.032269
0.039025,0.036145,0.031977,0.050776,0.032498,0.031718,0.041745,0.042174,0.031204,0.031144,0.032275,0.056896,0.032606,0.032002,0.030937,0.032351,0.033029,0.037472,0.034108,0.030929,0.057052,0.04889,0.037467,0.040504,0.030514,0.033974,0.032637,0.03258,0.039395,0.032744,0.042605,0.036883,0.039181,0.033425,0.032119,0.040822,0.037914,0.031228,0.051848,0.033053
0.032037,0.04288,0.047574,0.032495,0.032689,0.030267,0.0338,0.040735,0.03375,0.034038,0.032859,0.039634,0.039607,0.03226,0.031661,0.053571,0.032601,0.03157,0.03283,0.03263,0.031566,0.032561,0.032779,0.039099,0.030715,0.031704,0.031397,0.038908,0.038409,0.043314,0.032211,0.031865,0.033466,0.032853,0.032924,0.033285,0.036547,0.037366,0.040329,0.037856
0.050243,0.05482,0.03268,0.032203,0.03794,0.051378,0.039783,0.031243,0.033214,0.034734,0.035463,0.035968,0.047259,0.030693,0.031432,0.039531,0.0389,0.041829,0.030668,0.039039,0.032035,0.040743,0.033901,0.034268,0.038261,0.034443,0.038262,0.03405,0.04075,0.04432,0.034387,0.033242,0.031755,0.032101,0.032865,0.038834,0.042921,0.033171,0.037448,0.033842
0.037764,0.040403,0.039181,0.032821,0.034161,0.034211,0.042005,0.032384,0.031643,0.031721,0.045663,0.03682,0.034723,0.034103,0.032302,0.033513,0.033098,0.051044,0.043134,0.043053,0.035578,0.032347,0.031819,0.040324,0.045368,0.030886,0.031345,0.051137,0.03019,0.032233,0.040371,0.032049,0.030856,0.039566,0.032906,0.032226,0.030911,0.03837,0.043698,0.031549
0.040747,0.032272,0.032101,0.035462,0.033229,0.037283,0.040911,0.031243,0.032008,0.033118,0.032499,0.033613,0.032262,0.039618,0.032963,0.031911,0.033022,0.055425,0.049174,0.032082,0.031929,0.045237,0.056967,0.032739,0.032596,0.032162,0.030405,0.032652,0.032123,0.038604,0.04184,0.040036,0.030235,0.040371,0.031906,0.040851,0.04583,0.035149,0.041796,0.035195
0.043128,0.040557,0.035502,0.032144,0.031986,0.030288,0.031453,0.040475,0.032042,0.031131,0.037644,0.033144,0.031996,0.031764,0.031135,0.044348,0.036386,0.052182,0.031345,0.034292,0.03345,0.032385,0.032596,0.037675,0.030917,0.032931,0.032574,0.032977,0.050851,0.049455,0.048814,0.056396,0.049718,0.04725,0.045861,0.059074,0.040981,0.058295,0.032841,0.032389
0.031935,0.031648,0.057083,0.031914,0.048524,0.032149,0.030853,0.031439,0.037639,0.031821,0.030981,0.03162,0.034091,0.045504,0.045484,0.03133,0.032484,0.032172,0.055236,0.033876,0.051251,0.044883,0.038056,0.046047,0.032647,0.031842,0.031474,0.031504,0.032918,0.032368,0.040139,0.031958,0.030703,0.030943,0.035877,0.031238,0.033839,0.03704,0.035221,0.035583
0.037633,0.037037,0.039545,0.032625,0.032126,0.040242,0.043941,0.030855,0.030231,0.03313,0.034152,0.038413,0.03148,0.030463,0.043352,0.046521,0.032374,0.032681,0.032081,0.04309,0.041232,0.031009,0.036446,0.033364,0.031886,0.035356,0.033313,0.030398,0.030916,0.036687,0.035254,0.031336,0.033569,0.031981,0.041173,0.037885,0.043143,0.033806,0.03384,0.037806
0.038724,0.031938,0.039373,0.036754,0.047977,0.052337,0.039063,0.046973,0.060636,0.036722,0.045508,0.033549,0.032965,0.042559,0.039838,0.031744,0.031443,0.031746,0.033327,0.045547,0.036968,0.039776,0.031525,0.031393,0.04075,0.043755,0.031481,0.044155,0.041154,0.029835,0.031795,0.036245,0.031881,0.033131,0.033431,0.033258,0.032842,0.03318,0.032979,0.043062
0.040539,0.032729,0.039754,0.033082,0.032167,0.031055,0.031036,0.042236,0.034137,0.034067,0.044302,0.031702,0.038986,0.041028,0.037151,0.031259,0.038473,0.033394,0.031884,0.032902,0.033616,0.032567,0.03407,0.031275,0.031324,0.032603,0.033268,0.040536,0.03272,0.040132,0.037198,0.031895,0.033952,0.036958,0.030938,0.031428,0.062242,0.045864,0.033173,0.032118
0.03074,0.030125,0.03218,0.033469,0.035104,0.036243,0.0305,0.03587,0.043375,0.036269,0.03223,0.062354,0.040438,0.048555,0.047978,0.037226,0.041444,0.048183,0.032788,0.031856,0.031149,0.031819,0.031036,0.039418,0.03295,0.031897,0.031528,0.030973,0.039263,0.031652,0.030225,0.032377,0.0429,0.04887,0.050168,0.047374,0.032428,0.032122,0.030897,0.031426
0.032704,0.033924,0.032169,0.035757,0.039968,0.033691,0.033096,0.032537,0.033439,0.038148,0.033782,0.037917,0.034906,0.03236,0.034935,0.031591,0.036128,0.036592,0.033168,0.033027,0.031832,0.031704,0.031818,0.032773,0.034529,0.032224,0.033562,0.039901,0.034006,0.033459,0.032521,0.032466,0.032312,0.032079,0.032034,0.032171,0.032368,0.041244,0.033963,0.033355
0.032452,0.035706,0.03421,0.032954,0.038034,0.03906,0.032406,0.030557,0.033296,0.031989,0.041951,0.050864,0.04436,0.031395,0.030887,0.032882,0.043065,0.046736,0.031891,0.032235,0.042353,0.036209,0.033847,0.054739,0.032319,0.032649,0.041115,0.032495,0.047432,0.032715,0.032716,0.032049,0.031666,0.031234,0.030709,0.034436,0.037357,0.04205,0.04272,0.032853
0.030423,0.030905,0.043724,0.048434,0.031697,0.031675,0.031068,0.031412,0.032144,0.034815,0.032446,0.032726,0.054166,0.031965,0.03939,0.032018,0.030772,0.031397,0.030548,0.042619,0.033965,0.045977,0.031014,0.030667,0.031678,0.034533,0.031759,0.039799,0.031958,0.038214,0.040339,0.034455,0.033878,0.033426,0.049935,0.031955,0.034476,0.046302,0.037843,0.030775
0.041544,0.031173,0.032018,0.030961,0.032683,0.0342,0.032339,0.03158,0.042935,0.032514,0.032709,0.032147,0.037632,0.046034,0.044036,0.051622,0.048629,0.032921,0.032701,0.034479,0.032811,0.045067,0.045814,0.033128,0.032865,0.033031,0.032087,0.032113,0.037247,0.036073,0.04596,0.0324,0.032883,0.032125,0.032279,0.036742,0.033259,0.032671,0.033312,0.041954
0.034564,0.038105,0.03342,0.032524,0.032568,0.033296,0.034354,0.033491,0.034746,0.043384,0.044783,0.039822,0.038647,0.033312,0.034624,0.032311,0.035814,0.035489,0.034051,0.034662,0.03478,0.034857,0.033767,0.033593,0.033253,0.03544,0.034394,0.035069,0.034411,0.033506,0.033039,0.033746,0.034575,0.035111,0.032849,0.037095,0.033067,0.041655,0.042048,0.034053
0.041174,0.034817,0.033732,0.034546,0.034651,0.033715,0.042063,0.034296,0.034352,0.032974,0.03352,0.034208,0.034008,0.033507,0.032985,0.039861,0.034998,0.034512,0.035024,0.040612,0.03485,0.040325,0.035388,0.03657,0.033214,0.033671,0.039561,0.033856,0.045916,0.040448,0.034705,0.035214,0.034058,0.035475,0.031303,0.032977,0.033287,0.039513,0.036289,0.032624
0.040023,0.043693,0.032006,0.032528,0.031837,0.031705,0.031819,0.033669,0.032157,0.032165,0.040086,0.034871,0.035245,0.047781,0.031521,0.035614,0.032819,0.033474,0.032874,0.032376,0.032778,0.031801,0.032104,0.036019,0.041879,0.035723,0.048396,0.047006,0.044263,0.03297,0.032576,0.032609,0.036218,0.032854,0.03438,0.032764,0.033312,0.033712,0.033017,0.031566
0.032625,0.032298,0.03324,0.032754,0.03394,0.042684,0.037327,0.033819,0.031744,0.035055,0.034932,0.032778,0.034001,0.036917,0.032092,0.031509,0.03048,0.05114,0.042473,0.044575,0.031948,0.03757,0.031347,0.032046,0.039625,0.039505,0.032168,0.034691,0.032453,0.041578,0.038452,0.040897,0.033792,0.032854,0.047565,0.033572,0.033111,0.031968,0.056864,0.032923
