0.097626,0.082409,0.081684,0.08414,0.08822,0.085406,0.084779,0.08485,0.085647,0.084934,0.089137,0.10557,0.086603,0.083957,0.10494,0.085666,0.083548,0.086874,0.09143,0.090368,0.085201,0.095507,0.090357,0.084699,0.092629,0.084601,0.082836,0.08406,0.08388,0.083867,0.1008,0.09821,0.086967,0.086969,0.092877,0.088772,0.08692,0.087948,0.085978,0.086565
0.064103,0.077994,0.063296,0.063025,0.066829,0.065555,0.072561,0.063681,0.065757,0.074898,0.071976,0.072423,0.064105,0.073631,0.072492,0.060522,0.060668,0.079433,0.060762,0.063902,0.066141,0.075934,0.062879,0.068362,0.062592,0.065281,0.075025,0.065186,0.068204,0.069646,0.069987,0.06938,0.06213,0.063451,0.068983,0.063192,0.064794,0.067725,0.066761,0.066972
0.063464,0.062464,0.060468,0.060529,0.067523,0.060246,0.059731,0.07214,0.069095,0.094928,0.075683,0.057148,0.068693,0.06405,0.072615,0.062033,0.064629,0.071456,0.063784,0.073244,0.068989,0.077296,0.072907,0.065842,0.058037,0.072116,0.17733,0.06881,0.065829,0.063279,0.060613,0.060043,0.063513,0.065498,0.064937,0.057798,0.059629,0.064865,0.066606,0.060906
0.06815,0.060427,0.065561,0.055862,0.061617,0.05319,0.052783,0.062817,0.054077,0.062229,0.067062,0.062445,0.072128,0.062354,0.067018,0.069826,0.064503,0.059534,0.061029,0.062998,0.062435,0.059449,0.055068,0.057563,0.068914,0.064894,0.061471,0.061596,0.059386,0.067604,0.064127,0.058638,0.057041,0.057482,0.058776,0.060482,0.057569,0.066123,0.06646,0.069953
0.053542,0.056319,0.053203,0.066442,0.063898,0.054295,0.068613,0.064734,0.062099,0.053159,0.06409,0.07098,0.062209,0.059468,0.056532,0.059472,0.053299,0.052501,0.055049,0.066325,0.068883,0.060844,0.059494,0.0555,0.064209,0.054275,0.058047,0.060784,0.055354,0.054232,0.055982,0.054244,0.061576,0.05433,0.074147,0.060932,0.05607,0.054801,0.054405,0.061633
0.060871,0.058198,0.053046,0.067142,0.063048,0.058325,0.062577,0.057558,0.056327,0.064181,0.059483,0.056304,0.054599,0.066366,0.062948,0.063708,0.070438,0.071596,0.055401,0.055386,0.052488,0.053705,0.053919,0.054913,0.06791,0.052582,0.063559,0.054923,0.065541,0.074681,0.055373,0.055256,0.061135,0.05458,0.059157,0.05775,0.055815,0.056167,0.059142,0.057396
0.05259,0.060308,0.053042,0.052945,0.06382,0.05345,0.062853,0.054016,0.069085,0.055741,0.052445,0.053315,0.052447,0.05309,0.057171,0.060146,0.058521,0.061276,0.055988,0.052882,0.053359,0.057488,0.057009,0.052831,0.054003,0.055257,0.05321,0.051801,0.063193,0.053496,0.057727,0.057858,0.058525,0.058872,0.052425,0.056409,0.054166,0.053763,0.062895,0.055298
0.060966,0.052137,0.050328,0.064854,0.059583,0.051223,0.056491,0.0649,0.052146,0.052576,0.062302,0.052847,0.066017,0.074589,0.053218,0.063214,0.056275,0.078396,0.055933,0.053951,0.064527,0.058891,0.05648,0.055535,0.060787,0.05093,0.060256,0.055365,0.052843,0.063648,0.072078,0.060752,0.053479,0.053842,0.054145,0.054905,0.052926,0.058097,0.056145,0.053918
0.056333,0.057249,0.050169,0.052071,0.057458,0.056172,0.051853,0.067371,0.073527,0.056976,0.052444,0.067698,0.071058,0.058838,0.059777,0.053457,0.070111,0.054598,0.058818,0.051158,0.058275,0.060857,0.060582,0.052603,0.05237,0.062337,0.055007,0.053528,0.061204,0.055699,0.062962,0.053481,0.064429,0.051192,0.052145,0.062986,0.052137,0.052463,0.061472,0.067291
0.052386,0.063833,0.052657,0.074328,0.055727,0.051485,0.057952,0.061138,0.05683,0.054131,0.053258,0.051562,0.063767,0.055674,0.061486,0.053561,0.062503,0.062628,0.053689,0.059832,0.055242,0.061093,0.058827,0.074527,0.057776,0.052915,0.063974,0.0528,0.06358,0.059976,0.053926,0.055101,0.064703,0.068798,0.05734,0.057352,0.053515,0.067954,0.055446,0.053877
0.053176,0.051777,0.058698,0.054115,0.055555,0.069106,0.05872,0.052204,0.0537,0.054853,0.053278,0.063003,0.070718,0.063307,0.052356,0.062962,0.063254,0.05728,0.062834,0.054705,0.056347,0.065996,0.069756,0.063287,0.06527,0.052701,0.059191,0.051563,0.058672,0.056959,0.052545,0.053382,0.053377,0.059891,0.067381,0.053559,0.069219,0.055312,0.061249,0.054702
0.054259,0.055848,0.062351,0.051509,0.064147,0.052848,0.064242,0.054615,0.063551,0.055039,0.060672,0.050955,0.068478,0.065953,0.067643,0.062396,0.051933,0.059122,0.055179,0.06049,0.057777,0.067431,0.052287,0.066293,0.065069,0.052615,0.062186,0.055224,0.062417,0.053379,0.065025,0.064364,0.052372,0.06661,0.059974,0.054446,0.065537,0.05215,0.068578,0.061844
0.053516,0.052178,0.066486,0.065058,0.068183,0.062646,0.054818,0.062241,0.051955,0.066107,0.074796,0.052932,0.063864,0.061124,0.068688,0.059689,0.054058,0.062869,0.050041,0.048619,0.050632,0.051651,0.071927,0.054395,0.051515,0.05482,0.051721,0.052775,0.061713,0.052696,0.069568,0.067463,0.063443,0.056839,0.059163,0.057572,0.056935,0.053595,0.074009,0.065207
0.05662,0.053568,0.064061,0.052281,0.060074,0.053327,0.051804,0.051008,0.059283,0.05574,0.05294,0.06262,0.079036,0.054823,0.050352,0.053171,0.063162,0.052293,0.064021,0.051605,0.052618,0.062132,0.05366,0.063508,0.052987,0.066913,0.057254,0.051708,0.061003,0.063341,0.06418,0.053722,0.067134,0.064559,0.065096,0.053389,0.064298,0.061885,0.057766,0.060436
0.060361,0.058932,0.060397,0.064033,0.054348,0.055925,0.050041,0.063869,0.051572,0.075852,0.058689,0.066656,0.056554,0.066959,0.054122,0.055715,0.051796,0.061088,0.053778,0.072865,0.053766,0.063331,0.054129,0.061964,0.059113,0.053491,0.063621,0.051387,0.064058,0.053988,0.055747,0.050564,0.054996,0.066862,0.052688,0.073699,0.057122,0.052217,0.064642,0.051974
0.051612,0.062654,0.051599,0.052076,0.063958,0.054782,0.055826,0.05465,0.051804,0.05361,0.063276,0.051245,0.052579,0.059967,0.073171,0.061402,0.052346,0.064014,0.051153,0.05173,0.075523,0.054506,0.051459,0.054975,0.055191,0.051908,0.053175,0.05669,0.058639,0.054904,0.063514,0.053538,0.063346,0.04982,0.053063,0.0696,0.063348,0.053218,0.061145,0.052214
0.052151,0.061007,0.052277,0.052216,0.063936,0.051339,0.063457,0.05137,0.050379,0.06315,0.062571,0.05781,0.052446,0.064779,0.064231,0.050756,0.052187,0.049836,0.062742,0.054238,0.051818,0.061961,0.054926,0.072545,0.057441,0.058993,0.057039,0.052286,0.061518,0.050682,0.057548,0.055084,0.050851,0.053899,0.05134,0.052992,0.057141,0.056382,0.053106,0.063159
0.055939,0.061328,0.052003,0.067786,0.066999,0.055858,0.053976,0.052605,0.052336,0.0662,0.060762,0.054247,0.051413,0.052552,0.063028,0.054967,0.055733,0.052848,0.069349,0.055489,0.058277,0.0533,0.06158,0.055626,0.062692,0.049692,0.053592,0.066328,0.051069,0.054358,0.055029,0.0531,0.063536,0.052384,0.053489,0.056567,0.054552,0.051528,0.052235,0.052387
0.050328,0.051689,0.067173,0.063401,0.055051,0.061778,0.053583,0.062967,0.051332,0.054045,0.055328,0.05135,0.051273,0.053283,0.052044,0.051435,0.064127,0.054072,0.061858,0.053311,0.066083,0.053573,0.060953,0.051154,0.054153,0.055522,0.055195,0.053047,0.06338,0.052529,0.070603,0.060489,0.052805,0.060068,0.052131,0.052586,0.052811,0.06307,0.05209,0.052377
0.062035,0.052044,0.06532,0.051333,0.051308,0.052765,0.049233,0.071623,0.056671,0.066777,0.050427,0.052014,0.066646,0.068849,0.056498,0.050946,0.054211,0.048999,0.057136,0.055831,0.054601,0.052029,0.051083,0.06767,0.054419,0.058336,0.060372,0.056469,0.051608,0.070451,0.062121,0.049769,0.052516,0.063615,0.052433,0.064367,0.0528,0.063099,0.050243,0.050507
0.05464,0.056934,0.054071,0.052538,0.063329,0.05401,0.057886,0.049574,0.050861,0.051052,0.054269,0.061047,0.055369,0.05161,0.051796,0.068514,0.065479,0.06405,0.051602,0.062237,0.061921,0.058483,0.051815,0.068541,0.054077,0.059112,0.051089,0.049808,0.072765,0.060354,0.052037,0.062017,0.051106,0.06587,0.054634,0.058235,0.067603,0.065512,0.063948,0.051853
0.059992,0.058807,0.061823,0.052319,0.052237,0.050175,0.063444,0.055103,0.053491,0.069341,0.06097,0.053605,0.069551,0.059549,0.054003,0.064987,0.052234,0.062756,0.053396,0.063614,0.06814,0.055704,0.063556,0.062872,0.052786,0.074272,0.053092,0.062724,0.058039,0.067526,0.053777,0.062407,0.054578,0.059494,0.053698,0.062097,0.051938,0.052518,0.074575,0.055433
0.053521,0.06361,0.05946,0.054039,0.052249,0.050959,0.053164,0.062659,0.053466,0.054766,0.058519,0.054097,0.062834,0.052653,0.05113,0.063778,0.054676,0.061633,0.053112,0.062008,0.061353,0.057101,0.053016,0.065612,0.049386,0.051195,0.04917,0.063809,0.052319,0.061567,0.053517,0.067577,0.053485,0.05609,0.050995,0.053862,0.053084,0.066496,0.064177,0.060241
0.058323,0.054874,0.069771,0.05748,0.050814,0.050433,0.054001,0.060641,0.050858,0.050205,0.050578,0.052252,0.063052,0.050292,0.050567,0.050238,0.071097,0.061126,0.051022,0.054295,0.057857,0.048731,0.05256,0.052286,0.05183,0.051312,0.052927,0.061002,0.05221,0.061228,0.053041,0.054656,0.057049,0.051673,0.052875,0.04968,0.047528,0.059305,0.054708,0.051557
0.049963,0.052554,0.051459,0.051873,0.051604,0.063541,0.049612,0.057446,0.063625,0.059563,0.052848,0.051316,0.054178,0.054385,0.056296,0.051749,0.050971,0.075861,0.059085,0.062655,0.055938,0.060638,0.051871,0.065139,0.05142,0.05079,0.064621,0.054036,0.051359,0.06287,0.060583,0.054098,0.051225,0.055125,0.060533,0.052006,0.051846,0.062311,0.054426,0.062076
0.053503,0.062709,0.051032,0.052263,0.063484,0.053181,0.069551,0.05734,0.053973,0.052133,0.050771,0.064773,0.059086,0.055972,0.048349,0.052406,0.051199,0.049958,0.052533,0.051891,0.058239,0.051662,0.052056,0.05156,0.051367,0.060241,0.05162,0.051289,0.051661,0.052283,0.061722,0.051065,0.050453,0.052362,0.050362,0.06549,0.053408,0.062062,0.05121,0.064389
0.052554,0.057799,0.056271,0.052562,0.068512,0.055892,0.058149,0.057841,0.055545,0.051499,0.050403,0.065205,0.05093,0.053849,0.050782,0.060917,0.052506,0.052095,0.066392,0.065044,0.057013,0.058125,0.052734,0.066626,0.064052,0.066253,0.050517,0.051607,0.057946,0.055904,0.051043,0.051293,0.063761,0.050737,0.055266,0.058115,0.063272,0.057085,0.056993,0.05951
0.051569,0.052474,0.055357,0.050318,0.055079,0.051271,0.061004,0.056265,0.054811,0.050901,0.054189,0.066765,0.056807,0.054619,0.065579,0.055035,0.056042,0.05725,0.060749,0.06101,0.051468,0.05186,0.050728,0.0517,0.050465,0.052557,0.050683,0.06389,0.077088,0.053986,0.055754,0.052841,0.053986,0.055819,0.054865,0.061822,0.050486,0.051658,0.064641,0.051019
0.050773,0.065595,0.066132,0.075659,0.052236,0.055595,0.051972,0.067387,0.063106,0.051077,0.05182,0.064373,0.067684,0.051367,0.0624,0.051946,0.050861,0.050658,0.052123,0.066928,0.056867,0.051975,0.052513,0.055764,0.059515,0.052818,0.052169,0.051228,0.052839,0.055171,0.055171,0.052443,0.051233,0.072785,0.059723,0.060449,0.057752,0.054588,0.054185,0.053368
0.049717,0.052783,0.051078,0.062812,0.051271,0.051326,0.06168,0.05265,0.066209,0.052035,0.064627,0.052735,0.050152,0.066587,0.062949,0.050005,0.051752,0.053078,0.08019,0.051471,0.067034,0.059572,0.053972,0.05142,0.050612,0.052417,0.062582,0.052934,0.052765,0.061659,0.051844,0.051177,0.050359,0.051564,0.054576,0.056036,0.053162,0.051673,0.063829,0.052246
0.062285,0.050934,0.051473,0.054477,0.060799,0.05497,0.061299,0.067203,0.048644,0.049095,0.052115,0.051739,0.064255,0.051884,0.050637,0.067226,0.063991,0.051127,0.050812,0.048671,0.052721,0.062882,0.0521,0.050954,0.063972,0.06156,0.055177,0.052618,0.064745,0.055162,0.061765,0.052573,0.062415,0.052367,0.076215,0.055217,0.050604,0.048017,0.051787,0.071029
0.061898,0.066389,0.067276,0.052267,0.058098,0.050518,0.058906,0.062642,0.058781,0.063079,0.061701,0.04899,0.051751,0.054787,0.053829,0.052393,0.050265,0.055176,0.050766,0.051481,0.066295,0.064298,0.051979,0.051744,0.050701,0.053219,0.054298,0.057477,0.049682,0.052096,0.057458,0.055257,0.054951,0.057269,0.05385,0.060119,0.054343,0.052556,0.066704,0.05224
0.051775,0.061718,0.053357,0.051234,0.063111,0.063672,0.058793,0.064844,0.063238,0.053584,0.062103,0.052281,0.0503,0.052011,0.062252,0.055336,0.05699,0.059768,0.058699,0.054371,0.053393,0.063629,0.052629,0.063921,0.061732,0.055609,0.052498,0.061069,0.050725,0.051561,0.067148,0.064203,0.050461,0.052151,0.063519,0.05122,0.082394,0.051517,0.067993,0.063621
0.060301,0.056486,0.051392,0.050722,0.063044,0.057188,0.060415,0.052335,0.053753,0.05935,0.051741,0.052386,0.051055,0.063024,0.04874,0.061769,0.056107,0.06085,0.05117,0.056417,0.061724,0.048284,0.055095,0.052344,0.0635,0.053327,0.064107,0.060356,0.050715,0.053465,0.052571,0.053128,0.073256,0.049164,0.060042,0.0515,0.061726,0.050577,0.053892,0.060459
0.051195,0.052154,0.061964,0.051014,0.052699,0.052287,0.052541,0.06082,0.052315,0.058887,0.054251,0.062107,0.053783,0.050793,0.058777,0.068339,0.053553,0.052363,0.052938,0.053293,0.064667,0.051545,0.050717,0.058502,0.05604,0.051929,0.052374,0.06076,0.060488,0.05008,0.050928,0.054677,0.049925,0.05337,0.064333,0.052863,0.062651,0.058244,0.058411,0.051468
0.052199,0.063473,0.050341,0.050749,0.050606,0.065103,0.060131,0.056416,0.054937,0.061624,0.052025,0.067263,0.0674,0.068425,0.05867,0.054169,0.05064,0.075919,0.055346,0.050721,0.06618,0.053614,0.062483,0.052403,0.054439,0.060633,0.053168,0.062863,0.058401,0.061354,0.074893,0.060631,0.055127,0.056119,0.054151,0.054801,0.049314,0.050785,0.070995,0.054143
0.050111,0.049494,0.051393,0.064914,0.069293,0.064342,0.066987,0.052384,0.056884,0.052022,0.055318,0.051566,0.051698,0.062772,0.051424,0.050768,0.062057,0.053232,0.050923,0.049058,0.059985,0.050526,0.052938,0.062532,0.057878,0.059857,0.051165,0.05979,0.055143,0.050916,0.055365,0.051889,0.075971,0.054848,0.049806,0.051879,0.067373,0.064475,0.066768,0.05233
0.064778,0.057195,0.061452,0.050874,0.063102,0.049732,0.051854,0.051048,0.058087,0.050708,0.049703,0.051111,0.053728,0.051731,0.065442,0.053831,0.062503,0.051737,0.050046,0.050588,0.051792,0.050099,0.050297,0.063011,0.051116,0.051682,0.050311,0.063766,0.051437,0.062704,0.064537,0.051327,0.053661,0.051364,0.05183,0.066731,0.062939,0.05294,0.05797,0.051041
0.050883,0.053225,0.053688,0.063449,0.050282,0.069946,0.062305,0.05196,0.052417,0.061122,0.065202,0.049942,0.060178,0.059773,0.053053,0.058498,0.049556,0.052032,0.053995,0.069582,0.072771,0.051552,0.055174,0.050532,0.052872,0.061143,0.058009,0.060242,0.051719,0.053049,0.057608,0.051663,0.047381,0.050723,0.049605,0.05363,0.065465,0.058777,0.059657,0.053151
0.057878,0.053657,0.058897,0.058844,0.050118,0.052405,0.053088,0.05128,0.051618,0.053947,0.054608,0.052348,0.052861,0.062643,0.051893,0.065499,0.050084,0.052855,0.0656,0.051458,0.055781,0.055599,0.078263,0.05018,0.056608,0.059622,0.056863,0.059984,0.049658,0.052923,0.05506,0.055159,0.060969,0.052063,0.051357,0.064667,0.059732,0.050789,0.053824,0.056954
