0.10403,0.069023,0.071009,0.075926,0.077838,0.077399,0.070446,0.085155,0.074592,0.073068,0.072458,0.066849,0.07506,0.081285,0.072766,0.077399,0.073996,0.073521,0.076291,0.073079,0.067244,0.073491,0.070139,0.0731,0.077959,0.069094,0.073098,0.071399,0.071969,0.06958,0.07024,0.072225,0.068819,0.074603,0.079775,0.073458,0.079143,0.074651,0.071568,0.074429
0.042638,0.044696,0.046592,0.048477,0.044249,0.052921,0.04758,0.045583,0.047722,0.045349,0.042457,0.049123,0.05229,0.043622,0.044789,0.047659,0.052011,0.047823,0.044886,0.046741,0.048601,0.043461,0.049286,0.0511,0.046448,0.049144,0.045252,0.058418,0.044655,0.046888,0.046751,0.050062,0.045293,0.045323,0.045676,0.054104,0.049642,0.050668,0.055927,0.05066
0.046142,0.039737,0.036771,0.036815,0.042688,0.051917,0.049702,0.047726,0.051722,0.057018,0.04585,0.055843,0.04947,0.041117,0.038334,0.047901,0.038002,0.066077,0.049381,0.053552,0.04897,0.038823,0.057108,0.063066,0.055717,0.064496,0.046733,0.054436,0.05836,0.056168,0.051526,0.046575,0.056209,0.043308,0.056234,0.040998,0.054554,0.0493,0.045294,0.058811
0.041246,0.042776,0.05735,0.046592,0.042362,0.037404,0.045005,0.035189,0.043962,0.037903,0.053994,0.042402,0.037356,0.035897,0.04236,0.052049,0.048779,0.050302,0.051276,0.053225,0.049912,0.053853,0.052717,0.049054,0.051057,0.037161,0.0565,0.040926,0.03447,0.058529,0.044661,0.036079,0.036844,0.046493,0.040442,0.041275,0.055981,0.040825,0.052628,0.048256
0.051847,0.047397,0.053234,0.034153,0.035162,0.047425,0.033661,0.033623,0.041901,0.039581,0.03755,0.04352,0.034999,0.055814,0.039685,0.05272,0.056716,0.049315,0.046989,0.034605,0.036466,0.045232,0.052574,0.038938,0.035825,0.057936,0.035703,0.046757,0.03479,0.050434,0.04865,0.034731,0.04937,0.041621,0.042637,0.047927,0.035945,0.045726,0.049986,0.048803
0.047466,0.048273,0.056542,0.03524,0.045685,0.060266,0.035641,0.033615,0.055541,0.054574,0.043083,0.05603,0.062415,0.048695,0.046651,0.050121,0.048287,0.062067,0.040385,0.046478,0.037532,0.055581,0.039085,0.041717,0.033204,0.03421,0.057472,0.03709,0.037857,0.050272,0.034456,0.034132,0.034791,0.048258,0.034406,0.048397,0.036083,0.044227,0.037162,0.047007
0.049137,0.046271,0.048316,0.041506,0.052765,0.047719,0.053244,0.045038,0.034649,0.044577,0.036972,0.0444,0.037834,0.051937,0.044644,0.033686,0.033042,0.033671,0.034038,0.03857,0.037962,0.049961,0.041375,0.049453,0.055431,0.05051,0.047651,0.050032,0.037517,0.047652,0.047917,0.04104,0.050983,0.043847,0.035843,0.043205,0.040193,0.041997,0.056962,0.044014
0.045607,0.049602,0.032921,0.057974,0.033742,0.03466,0.035171,0.046258,0.033057,0.032461,0.033025,0.03285,0.033732,0.03354,0.04991,0.033558,0.033631,0.033598,0.033774,0.034945,0.035321,0.045945,0.034311,0.033823,0.033427,0.0352,0.047556,0.032947,0.034083,0.034795,0.048145,0.034106,0.034156,0.04476,0.053819,0.049729,0.047904,0.056712,0.048853,0.04246
0.047882,0.056034,0.033715,0.032944,0.03385,0.034714,0.052918,0.037688,0.052593,0.048673,0.050333,0.052685,0.051078,0.032912,0.051918,0.033678,0.041255,0.036746,0.033947,0.047501,0.04888,0.056425,0.04361,0.061559,0.045471,0.052322,0.032885,0.034238,0.03409,0.049939,0.048461,0.051394,0.04596,0.051091,0.032725,0.033408,0.052554,0.050904,0.047238,0.049631
0.054855,0.043084,0.031886,0.049514,0.050943,0.054562,0.033509,0.034323,0.043499,0.059858,0.044632,0.032332,0.040746,0.041575,0.052638,0.049556,0.033116,0.032279,0.032449,0.049403,0.047828,0.046114,0.050303,0.057506,0.049555,0.049011,0.055581,0.039769,0.0482,0.058272,0.032087,0.03445,0.043948,0.048703,0.033945,0.050594,0.043138,0.045947,0.032857,0.052085
0.035629,0.040252,0.048399,0.05792,0.031783,0.03334,0.044371,0.048724,0.057008,0.032096,0.051877,0.049673,0.032029,0.052023,0.032537,0.04416,0.033835,0.055644,0.032651,0.050136,0.032339,0.03272,0.032484,0.049615,0.049077,0.048315,0.056313,0.04231,0.054877,0.055503,0.06467,0.033438,0.03357,0.049363,0.033804,0.032908,0.032744,0.032976,0.033596,0.042148
0.057174,0.050516,0.048507,0.047152,0.031462,0.052824,0.047838,0.048788,0.048512,0.057503,0.044329,0.052208,0.049926,0.047938,0.048995,0.056742,0.04927,0.052282,0.052816,0.045855,0.052304,0.03423,0.048443,0.050796,0.047702,0.048144,0.048626,0.0568,0.038903,0.048742,0.045153,0.046864,0.049974,0.048246,0.049423,0.04703,0.0501,0.033425,0.058154,0.033636
0.047713,0.0327,0.034043,0.053279,0.041519,0.048037,0.050341,0.042855,0.046588,0.03256,0.05231,0.033365,0.032746,0.033254,0.033491,0.033922,0.032501,0.032791,0.033171,0.031452,0.048364,0.03192,0.056364,0.031513,0.033199,0.053264,0.046628,0.031697,0.046032,0.03172,0.051828,0.045984,0.048193,0.043354,0.051975,0.048577,0.048731,0.047465,0.050363,0.03703
0.03293,0.031532,0.060281,0.037685,0.033956,0.034041,0.055189,0.033333,0.037401,0.04541,0.032657,0.032783,0.030917,0.038397,0.049812,0.033342,0.032932,0.032724,0.033265,0.042782,0.032269,0.055132,0.03372,0.052255,0.033341,0.031466,0.031625,0.031384,0.038461,0.03309,0.033092,0.032889,0.032772,0.032197,0.032525,0.032281,0.032302,0.033611,0.031991,0.056377
0.032611,0.032142,0.032498,0.03106,0.030985,0.037939,0.034964,0.033444,0.043951,0.041038,0.035601,0.033034,0.033002,0.033986,0.038324,0.039589,0.033023,0.039481,0.050943,0.037528,0.042808,0.031965,0.031174,0.032274,0.032196,0.031399,0.032045,0.038463,0.031845,0.038822,0.037927,0.041643,0.034025,0.033972,0.032803,0.043778,0.040422,0.033677,0.03913,0.041065
0.032334,0.031632,0.032456,0.041466,0.053824,0.039583,0.041979,0.045005,0.035022,0.033072,0.031794,0.031685,0.031495,0.030541,0.03505,0.032945,0.032711,0.041565,0.03292,0.033234,0.033163,0.033519,0.033833,0.033348,0.032822,0.032567,0.032963,0.031179,0.031986,0.031233,0.051421,0.048958,0.035168,0.042651,0.043325,0.033154,0.033765,0.032368,0.03234,0.032335
0.030867,0.033035,0.032977,0.032427,0.034619,0.033412,0.032585,0.032993,0.043935,0.042105,0.031529,0.033314,0.032496,0.038662,0.03051,0.036468,0.032428,0.031673,0.031385,0.033523,0.033585,0.039157,0.033193,0.04149,0.037541,0.036398,0.032281,0.039627,0.044797,0.038081,0.032291,0.047724,0.032555,0.032192,0.032243,0.032025,0.032737,0.032666,0.031974,0.033874
0.032828,0.032586,0.035479,0.031413,0.037834,0.035143,0.032006,0.03227,0.031453,0.032173,0.037085,0.031884,0.032742,0.031943,0.032773,0.043111,0.040889,0.033557,0.032431,0.033003,0.033356,0.033871,0.044515,0.043938,0.032305,0.031487,0.032145,0.032095,0.040395,0.033083,0.031816,0.032745,0.030869,0.037034,0.031048,0.031766,0.03111,0.032397,0.043205,0.04601
0.055568,0.047834,0.047177,0.045267,0.055323,0.03177,0.032181,0.031205,0.031521,0.040183,0.032527,0.031428,0.031185,0.044937,0.042842,0.033258,0.032664,0.038972,0.040653,0.030398,0.032554,0.038718,0.030697,0.03258,0.032632,0.040526,0.031956,0.033182,0.041231,0.042934,0.038844,0.038352,0.038737,0.030714,0.032643,0.033194,0.047127,0.038424,0.031164,0.043077
0.043115,0.041621,0.03894,0.03239,0.03189,0.034526,0.033678,0.044532,0.04944,0.039682,0.030404,0.03616,0.032784,0.042279,0.045461,0.032484,0.031518,0.030594,0.032702,0.037195,0.033165,0.031955,0.0316,0.033969,0.032425,0.051933,0.031281,0.039654,0.032413,0.037836,0.04744,0.03251,0.032899,0.03148,0.032019,0.031752,0.037991,0.033804,0.045018,0.036359
0.0313,0.058422,0.041403,0.031248,0.031955,0.032981,0.044065,0.032187,0.032419,0.032018,0.038821,0.046155,0.038072,0.043747,0.030417,0.031579,0.036767,0.035333,0.034034,0.03343,0.038776,0.045135,0.033083,0.032864,0.031707,0.030511,0.031149,0.034513,0.031591,0.037193,0.03174,0.032567,0.040177,0.03156,0.03184,0.031031,0.049475,0.048909,0.032071,0.044755
0.038776,0.032551,0.036673,0.031725,0.031514,0.033387,0.037638,0.039333,0.047359,0.03127,0.031928,0.030548,0.03173,0.055442,0.032251,0.033214,0.039909,0.046106,0.032086,0.031737,0.031945,0.048256,0.032321,0.032697,0.037935,0.032387,0.032032,0.051711,0.03196,0.035378,0.039563,0.049109,0.03274,0.031599,0.032781,0.032285,0.032016,0.033283,0.035645,0.03276
0.037967,0.046507,0.031658,0.030505,0.03086,0.033068,0.038606,0.05181,0.031837,0.030402,0.03216,0.032478,0.032636,0.033165,0.033143,0.032856,0.054532,0.030713,0.041212,0.032324,0.031728,0.0319,0.054503,0.032144,0.031705,0.030926,0.031283,0.044115,0.043921,0.032555,0.042298,0.035686,0.033237,0.03821,0.030296,0.03272,0.039477,0.032306,0.031969,0.039176
0.04402,0.034403,0.032334,0.03206,0.032489,0.032739,0.036493,0.038278,0.033983,0.033104,0.032755,0.039931,0.03349,0.039273,0.033624,0.031472,0.034995,0.03289,0.032024,0.034245,0.032065,0.032502,0.033176,0.03235,0.032233,0.032704,0.033017,0.04208,0.032959,0.032747,0.031115,0.037005,0.036637,0.033123,0.044919,0.032059,0.049645,0.030314,0.030702,0.033161
0.033928,0.034128,0.03184,0.036189,0.031943,0.039472,0.030948,0.030445,0.04092,0.033726,0.045549,0.032707,0.032729,0.032537,0.037661,0.036322,0.044629,0.031663,0.031128,0.03242,0.03294,0.032089,0.034118,0.033122,0.032346,0.039886,0.032823,0.031446,0.030415,0.031202,0.05449,0.05022,0.047042,0.043928,0.043667,0.030805,0.032004,0.03161,0.041308,0.03248
0.03126,0.043005,0.037354,0.033028,0.032236,0.03414,0.031975,0.03379,0.032284,0.037861,0.031395,0.032049,0.033588,0.042203,0.03204,0.031481,0.031437,0.030387,0.031705,0.037223,0.031614,0.0325,0.032183,0.033797,0.034254,0.039355,0.032494,0.039111,0.04263,0.051785,0.033166,0.029764,0.030865,0.045452,0.042288,0.031831,0.03093,0.035238,0.030317,0.050962
0.031938,0.033642,0.06025,0.043725,0.039006,0.031615,0.031315,0.030659,0.036827,0.033335,0.033422,0.037086,0.045975,0.030257,0.038821,0.038613,0.04898,0.046087,0.031195,0.031391,0.037687,0.033633,0.032341,0.032595,0.037115,0.043145,0.030244,0.030846,0.04151,0.033237,0.03253,0.031319,0.032464,0.035225,0.030783,0.030979,0.054609,0.048916,0.047857,0.030668
0.052744,0.049956,0.037155,0.035445,0.032648,0.031265,0.031091,0.050246,0.031844,0.057388,0.030716,0.053551,0.056644,0.054933,0.043304,0.042446,0.031383,0.031284,0.031843,0.03141,0.040436,0.053589,0.04819,0.031857,0.032368,0.037823,0.050301,0.05092,0.040826,0.037086,0.033084,0.031666,0.045935,0.041265,0.033533,0.032088,0.03281,0.031386,0.03209,0.030056
0.032427,0.031858,0.042159,0.031195,0.029749,0.052993,0.048293,0.05801,0.039677,0.032898,0.036477,0.030596,0.042309,0.031841,0.032389,0.031807,0.030722,0.031344,0.03553,0.037035,0.032645,0.032685,0.030482,0.048365,0.040457,0.033046,0.031564,0.031872,0.030703,0.036802,0.03355,0.031607,0.031262,0.033232,0.032971,0.032563,0.032899,0.032708,0.052455,0.061152
0.042395,0.031225,0.031467,0.03214,0.037164,0.031601,0.03228,0.031637,0.038091,0.032432,0.038363,0.031974,0.033318,0.043731,0.033795,0.037299,0.031057,0.030889,0.034878,0.032464,0.033025,0.03185,0.033852,0.032781,0.050249,0.056816,0.032468,0.032137,0.03146,0.031928,0.034511,0.032381,0.039003,0.030992,0.030788,0.031282,0.032443,0.032922,0.035576,0.037569
0.031213,0.031686,0.031036,0.033277,0.034291,0.032578,0.035467,0.034071,0.032133,0.031453,0.034008,0.052222,0.032094,0.036045,0.031001,0.032215,0.033658,0.033035,0.032726,0.037832,0.031323,0.030605,0.04387,0.032466,0.032313,0.039226,0.040131,0.039007,0.044069,0.031625,0.042033,0.046694,0.032652,0.051139,0.053177,0.042023,0.04849,0.037177,0.035837,0.038019
0.041802,0.040285,0.042628,0.031998,0.032177,0.032039,0.03271,0.03878,0.038436,0.045166,0.030725,0.035687,0.0375,0.042077,0.032136,0.033656,0.032069,0.034402,0.034398,0.032441,0.035603,0.034269,0.038203,0.031447,0.03187,0.030198,0.031126,0.05188,0.033396,0.058567,0.045717,0.032293,0.032144,0.030095,0.040718,0.032217,0.031264,0.030818,0.030918,0.040364
0.033057,0.031642,0.031969,0.030808,0.032212,0.034021,0.042736,0.048253,0.05306,0.039588,0.033603,0.045238,0.040769,0.029789,0.032802,0.031944,0.039531,0.032967,0.031299,0.029813,0.038035,0.030609,0.03245,0.041829,0.032798,0.030991,0.031833,0.031336,0.031824,0.035243,0.036758,0.035932,0.032128,0.033089,0.032289,0.031273,0.049346,0.031504,0.031863,0.033187
0.032536,0.03858,0.030979,0.03126,0.031798,0.033244,0.041306,0.030682,0.030521,0.032622,0.033439,0.041592,0.043712,0.030581,0.032362,0.033074,0.034907,0.034002,0.031488,0.034403,0.057909,0.031849,0.033804,0.041068,0.038828,0.031259,0.032871,0.032736,0.032685,0.039611,0.032212,0.031481,0.031015,0.033585,0.031513,0.032958,0.034474,0.034206,0.031482,0.037373
0.031135,0.032978,0.046431,0.039423,0.03044,0.059659,0.050216,0.047977,0.048798,0.030718,0.030307,0.032668,0.032517,0.032995,0.05607,0.030673,0.030948,0.0319,0.041123,0.03293,0.03195,0.031496,0.03208,0.043966,0.048013,0.044869,0.031934,0.042868,0.043634,0.032195,0.032912,0.03057,0.03157,0.032805,0.032893,0.033358,0.034236,0.04039,0.032084,0.032571
0.031067,0.030267,0.041073,0.043466,0.030936,0.037928,0.045965,0.032469,0.032838,0.053317,0.03742,0.036091,0.032199,0.031749,0.038863,0.045535,0.03144,0.035354,0.031554,0.032071,0.030833,0.031159,0.03883,0.031149,0.030999,0.037457,0.033115,0.031256,0.031894,0.032074,0.036261,0.032473,0.031989,0.033483,0.03178,0.047324,0.041858,0.030739,0.030695,0.032354
0.042684,0.032219,0.031604,0.038892,0.045644,0.031843,0.033753,0.03211,0.030031,0.041862,0.032834,0.032353,0.031739,0.03209,0.031237,0.031305,0.031831,0.032772,0.042995,0.032529,0.033473,0.034191,0.032695,0.032086,0.031643,0.032045,0.031449,0.031713,0.032394,0.032078,0.041434,0.047562,0.065312,0.034919,0.031381,0.030954,0.032068,0.041188,0.031394,0.03125
0.032375,0.031392,0.054315,0.039524,0.046109,0.032038,0.0409,0.034951,0.03569,0.034236,0.032379,0.033745,0.03239,0.032994,0.040407,0.031762,0.031492,0.03101,0.033672,0.032219,0.033889,0.032495,0.032835,0.040845,0.031214,0.030123,0.033441,0.032037,0.041922,0.033289,0.032372,0.031652,0.035799,0.032274,0.031792,0.029878,0.032123,0.040747,0.032273,0.033191
0.031479,0.031538,0.030195,0.03243,0.038639,0.033092,0.037432,0.032522,0.037578,0.04493,0.032102,0.0317,0.030266,0.040748,0.032224,0.032539,0.032089,0.031825,0.031444,0.031793,0.033017,0.031777,0.046384,0.043441,0.031818,0.034535,0.031295,0.031133,0.033681,0.040922,0.032557,0.032764,0.041664,0.041564,0.0429,0.032998,0.034377,0.03595,0.032776,0.030925
0.033522,0.032513,0.03566,0.037142,0.035698,0.031737,0.04468,0.031122,0.057051,0.038644,0.045479,0.048319,0.031179,0.030285,0.032345,0.040244,0.03181,0.030789,0.03128,0.032252,0.041183,0.030518,0.030888,0.032707,0.032724,0.035185,0.040225,0.034235,0.033393,0.04818,0.031343,0.035422,0.031253,0.03236,0.032407,0.036985,0.032148,0.031723,0.032359,0.0312
