0.1143,0.080007,0.07919,0.079889,0.078268,0.08673,0.077789,0.076921,0.078152,0.081368,0.08292,0.083709,0.093643,0.077145,0.078436,0.085324,0.08538,0.080434,0.078515,0.076159,0.079538,0.084717,0.079849,0.079104,0.079284,0.084239,0.076067,0.08289,0.087185,0.081012,0.078947,0.083332,0.07776,0.086815,0.077931,0.080744,0.076696,0.078872,0.088999,0.08142
0.055197,0.057679,0.048071,0.047777,0.049713,0.0473,0.055719,0.046714,0.050554,0.054748,0.047363,0.046595,0.04842,0.059865,0.057586,0.046648,0.051703,0.047096,0.047669,0.049943,0.048275,0.047939,0.047707,0.045967,0.059127,0.051764,0.051268,0.046876,0.048064,0.056279,0.046959,0.053021,0.051315,0.048496,0.047117,0.046874,0.045746,0.058301,0.048653,0.047478
0.040441,0.04374,0.054408,0.060482,0.044656,0.041569,0.055942,0.043927,0.040577,0.047922,0.047395,0.05533,0.047246,0.051672,0.042378,0.044055,0.045802,0.051119,0.045443,0.039056,0.046954,0.050056,0.041976,0.041581,0.050878,0.048785,0.052698,0.042701,0.060968,0.040764,0.040488,0.050316,0.056037,0.048643,0.052085,0.040828,0.041505,0.051316,0.041435,0.042274
0.04041,0.03932,0.050184,0.06652,0.041257,0.039559,0.043061,0.054951,0.041028,0.055892,0.042987,0.058385,0.04548,0.062654,0.048452,0.050867,0.045566,0.041302,0.053388,0.04649,0.052234,0.049949,0.046235,0.063094,0.048083,0.037845,0.062084,0.043604,0.045294,0.038479,0.045586,0.04199,0.04363,0.042363,0.040662,0.049559,0.052077,0.058268,0.042094,0.050589
0.045499,0.061787,0.037987,0.05403,0.049641,0.053358,0.037764,0.055627,0.037896,0.043854,0.056005,0.044827,0.061306,0.039176,0.05032,0.048781,0.049232,0.056128,0.046999,0.051618,0.049022,0.048444,0.04806,0.052816,0.04422,0.056899,0.049262,0.047833,0.048461,0.037424,0.050744,0.03824,0.047777,0.047592,0.048373,0.052155,0.047797,0.0456,0.039947,0.036731
0.037479,0.056421,0.054798,0.048483,0.04707,0.043125,0.049913,0.05639,0.048206,0.048288,0.056591,0.046218,0.03645,0.036435,0.04116,0.038465,0.043538,0.037208,0.037586,0.044494,0.050019,0.056001,0.046414,0.052583,0.049768,0.046249,0.04869,0.05612,0.042485,0.056824,0.047393,0.049348,0.048873,0.058308,0.037526,0.057914,0.054017,0.048587,0.046133,0.050744
0.035533,0.042073,0.040639,0.053635,0.039911,0.035827,0.055455,0.041857,0.035519,0.052248,0.050291,0.039017,0.036468,0.035211,0.034701,0.034599,0.050126,0.042099,0.045752,0.051457,0.053674,0.038836,0.056563,0.049018,0.046858,0.048473,0.051472,0.052979,0.048484,0.050184,0.048315,0.048513,0.036422,0.036074,0.044405,0.050437,0.052693,0.047185,0.047428,0.056411
0.056241,0.046651,0.051927,0.036,0.0514,0.056355,0.05084,0.043313,0.035906,0.052293,0.053357,0.042919,0.054686,0.058084,0.044434,0.037968,0.035226,0.062922,0.03838,0.057709,0.044069,0.058583,0.044001,0.054134,0.053563,0.041105,0.046598,0.06306,0.040289,0.052761,0.046103,0.038381,0.047157,0.058341,0.038862,0.050207,0.054847,0.048775,0.051248,0.054534
0.037418,0.034707,0.05085,0.034625,0.036195,0.035455,0.03523,0.044047,0.052195,0.04955,0.050127,0.034896,0.046062,0.051031,0.055068,0.045586,0.051469,0.050711,0.047865,0.056885,0.041742,0.055481,0.04606,0.051799,0.045081,0.052624,0.046246,0.057462,0.051922,0.042739,0.044673,0.052903,0.05099,0.035188,0.03534,0.034032,0.049801,0.047887,0.058545,0.034117
0.059939,0.055277,0.034946,0.057132,0.035564,0.042395,0.056572,0.046995,0.04883,0.055521,0.048952,0.049305,0.035265,0.039205,0.035536,0.033644,0.035307,0.03553,0.03468,0.035902,0.0356,0.043146,0.035836,0.034665,0.043808,0.049975,0.034181,0.03585,0.036137,0.035709,0.035806,0.03504,0.036527,0.034654,0.035264,0.040801,0.036156,0.035877,0.036061,0.034408
0.034022,0.033638,0.034102,0.059299,0.033728,0.057432,0.049073,0.053955,0.037704,0.040899,0.034159,0.044056,0.041638,0.045146,0.051035,0.056404,0.037719,0.034843,0.038946,0.034488,0.035238,0.045521,0.036017,0.035826,0.035142,0.039442,0.046293,0.043033,0.043149,0.035099,0.033843,0.047017,0.040054,0.035664,0.041936,0.034405,0.034915,0.033237,0.051005,0.055147
0.049929,0.048019,0.047806,0.050036,0.048084,0.049197,0.056203,0.049475,0.053596,0.03821,0.059339,0.049796,0.049851,0.048758,0.049205,0.048692,0.035816,0.033389,0.035015,0.039688,0.03748,0.055807,0.054978,0.042316,0.04319,0.053273,0.050907,0.034007,0.050049,0.053968,0.035239,0.041713,0.036071,0.035596,0.034528,0.047389,0.049325,0.033712,0.03902,0.045473
0.049532,0.034599,0.035143,0.051527,0.044678,0.052145,0.053807,0.042109,0.034854,0.051501,0.035458,0.036644,0.037826,0.054091,0.055049,0.05243,0.03478,0.045908,0.049624,0.056248,0.034552,0.053117,0.049785,0.048687,0.03481,0.033952,0.033509,0.041172,0.034466,0.038405,0.035041,0.034268,0.039201,0.034678,0.046069,0.048232,0.05613,0.048072,0.048533,0.050569
0.04884,0.047906,0.056109,0.043671,0.054638,0.048832,0.049453,0.035408,0.034421,0.045004,0.051558,0.033713,0.033243,0.047688,0.051923,0.04929,0.043883,0.052993,0.05025,0.047893,0.035333,0.04954,0.04032,0.040189,0.034994,0.033397,0.039987,0.048093,0.036184,0.035466,0.046689,0.049217,0.033929,0.034314,0.033142,0.045378,0.055361,0.033859,0.040376,0.034812
0.033026,0.04081,0.033525,0.03379,0.046402,0.035572,0.032667,0.044928,0.033862,0.033933,0.035093,0.034739,0.034254,0.045932,0.049129,0.034389,0.033334,0.033785,0.040769,0.035344,0.035214,0.040876,0.041294,0.039375,0.033781,0.034051,0.034964,0.03511,0.03581,0.043235,0.032762,0.033275,0.035614,0.039322,0.03378,0.038029,0.040405,0.0371,0.04248,0.035005
0.034272,0.042627,0.037074,0.042512,0.033962,0.042255,0.034519,0.034231,0.033057,0.033751,0.033772,0.040497,0.036245,0.033967,0.041602,0.047459,0.034703,0.034727,0.03523,0.039713,0.038272,0.034136,0.034052,0.034057,0.035499,0.043258,0.035064,0.034319,0.054209,0.033861,0.0343,0.040072,0.040303,0.034092,0.035316,0.039348,0.038391,0.035715,0.038222,0.036271
0.034448,0.034236,0.034623,0.043334,0.034591,0.036574,0.03518,0.033867,0.034165,0.033378,0.034235,0.035062,0.03818,0.034769,0.035869,0.033171,0.040059,0.044637,0.032303,0.033409,0.034391,0.03399,0.033656,0.04413,0.040573,0.040394,0.034565,0.038381,0.034165,0.060482,0.037366,0.034099,0.034936,0.044602,0.034658,0.035245,0.03488,0.033729,0.034888,0.035021
0.033647,0.034393,0.033824,0.034412,0.034101,0.034654,0.034603,0.046426,0.033349,0.035046,0.034064,0.044536,0.035695,0.038052,0.039247,0.03326,0.035814,0.041638,0.04242,0.034573,0.03475,0.035552,0.048709,0.03765,0.035025,0.039422,0.054202,0.033484,0.041196,0.037802,0.034379,0.033196,0.033956,0.033706,0.035259,0.034402,0.034854,0.034447,0.033965,0.036146
0.036545,0.041226,0.034159,0.034081,0.034854,0.038723,0.043568,0.037396,0.03478,0.038049,0.036751,0.050422,0.03597,0.03371,0.044151,0.03272,0.031812,0.032457,0.038841,0.033554,0.034052,0.034837,0.036217,0.034427,0.039192,0.034159,0.040024,0.037355,0.036066,0.033918,0.046257,0.038658,0.03339,0.034612,0.039884,0.035234,0.033994,0.03838,0.034501,0.034306
0.034876,0.034305,0.03393,0.035272,0.034418,0.044913,0.032642,0.034298,0.040732,0.042014,0.033532,0.034367,0.033986,0.034515,0.039758,0.038548,0.055129,0.049866,0.034161,0.033358,0.034966,0.034319,0.044304,0.03502,0.03402,0.033778,0.034892,0.034606,0.033786,0.034301,0.047543,0.035117,0.033243,0.043853,0.033965,0.033993,0.034246,0.034458,0.035122,0.041597
0.033403,0.056375,0.038603,0.039441,0.055359,0.046135,0.032818,0.033929,0.033744,0.038237,0.033556,0.033907,0.034412,0.039787,0.032284,0.038307,0.034555,0.034991,0.033449,0.033805,0.049146,0.034381,0.05045,0.034166,0.045546,0.054707,0.034849,0.039404,0.033607,0.033453,0.033703,0.033002,0.036616,0.032817,0.032079,0.032908,0.033476,0.033266,0.033278,0.035262
0.034442,0.035432,0.033921,0.034913,0.046248,0.034142,0.038186,0.060686,0.048721,0.055228,0.042256,0.033892,0.033628,0.033174,0.033491,0.033316,0.048269,0.056471,0.047789,0.050282,0.037612,0.034258,0.037868,0.035368,0.033372,0.044557,0.037723,0.034192,0.041209,0.033728,0.034809,0.034343,0.035266,0.034683,0.034685,0.04269,0.034138,0.033523,0.035632,0.038544
0.033139,0.054489,0.048524,0.038394,0.034792,0.033723,0.035161,0.044066,0.033846,0.033036,0.032989,0.033418,0.039308,0.03504,0.034091,0.040919,0.034904,0.0344,0.034105,0.038769,0.03474,0.033485,0.034941,0.033193,0.055228,0.04899,0.038689,0.033226,0.045258,0.037642,0.033684,0.034475,0.035999,0.034536,0.053018,0.043842,0.043312,0.034618,0.037024,0.043634
0.034028,0.033202,0.033626,0.033423,0.033964,0.033661,0.034142,0.032985,0.033256,0.034406,0.032917,0.032507,0.033536,0.032966,0.048555,0.064336,0.033302,0.033439,0.032676,0.032197,0.032756,0.055656,0.032656,0.035204,0.033713,0.04395,0.034079,0.034444,0.036065,0.042527,0.038064,0.044516,0.034748,0.033849,0.033647,0.034368,0.032654,0.037898,0.03382,0.032696
0.032547,0.040682,0.040885,0.057552,0.033194,0.038145,0.039058,0.033332,0.033086,0.038419,0.033615,0.032982,0.034135,0.033133,0.034096,0.033086,0.04148,0.048341,0.03288,0.050707,0.033085,0.033807,0.032933,0.03221,0.033781,0.043857,0.032734,0.033483,0.045797,0.032067,0.032812,0.033073,0.042544,0.035391,0.035571,0.033318,0.035867,0.031992,0.032954,0.058349
0.034061,0.034672,0.034556,0.038479,0.03833,0.032075,0.032884,0.034922,0.034385,0.033564,0.033615,0.049086,0.035473,0.033084,0.039147,0.033833,0.033701,0.034396,0.033159,0.039291,0.038064,0.033963,0.033361,0.041327,0.033453,0.039616,0.035263,0.034069,0.044896,0.032869,0.048492,0.051246,0.050572,0.054299,0.032484,0.03205,0.047051,0.048569,0.055356,0.042655
0.054233,0.038261,0.041864,0.032505,0.032326,0.039754,0.03683,0.042154,0.033031,0.049847,0.040816,0.032691,0.03316,0.038974,0.034571,0.032387,0.032952,0.033088,0.040738,0.033444,0.034176,0.033769,0.033543,0.040442,0.035423,0.045986,0.043806,0.033562,0.032936,0.034169,0.033928,0.033668,0.03468,0.034171,0.032324,0.03143,0.031957,0.037466,0.037444,0.033568
0.037968,0.033193,0.049982,0.031963,0.039605,0.037891,0.034107,0.041078,0.033155,0.032789,0.033924,0.033511,0.033701,0.035785,0.034194,0.033277,0.033167,0.03946,0.038293,0.040587,0.033833,0.047005,0.034015,0.034084,0.043674,0.041158,0.034071,0.04547,0.035116,0.034036,0.033431,0.033684,0.039974,0.033895,0.03677,0.033688,0.034011,0.032592,0.034177,0.033834
0.03264,0.041076,0.034678,0.042478,0.038568,0.033705,0.033043,0.032826,0.03474,0.033123,0.03268,0.042368,0.033412,0.033326,0.037673,0.038114,0.032872,0.03989,0.03389,0.032448,0.032521,0.053727,0.055488,0.03244,0.032592,0.037839,0.050666,0.035586,0.043738,0.033952,0.033384,0.042895,0.034429,0.033523,0.034283,0.033192,0.034052,0.033974,0.034089,0.033128
0.036418,0.032816,0.033118,0.032243,0.033674,0.032953,0.031571,0.032692,0.033918,0.039872,0.043414,0.033162,0.033152,0.034307,0.037902,0.032554,0.033897,0.038552,0.034476,0.034365,0.032769,0.031431,0.032096,0.033918,0.033226,0.043018,0.035335,0.033539,0.033923,0.033304,0.041666,0.052184,0.048492,0.04243,0.035059,0.034847,0.045965,0.037657,0.033396,0.035001
0.032963,0.050316,0.057667,0.0329,0.047948,0.033162,0.033337,0.032162,0.034353,0.032775,0.035484,0.033053,0.045279,0.033054,0.032956,0.033703,0.033268,0.033136,0.033399,0.033763,0.033351,0.033108,0.032874,0.032023,0.034597,0.041856,0.033047,0.033341,0.033749,0.033591,0.033742,0.036891,0.035059,0.032514,0.042604,0.03242,0.034088,0.048174,0.046937,0.03875
0.033304,0.041548,0.048349,0.039925,0.032782,0.034247,0.033001,0.032664,0.033264,0.032731,0.046517,0.035117,0.033768,0.032728,0.040709,0.048347,0.038608,0.034409,0.035435,0.041105,0.032288,0.032917,0.03294,0.033562,0.033231,0.03921,0.033673,0.041148,0.033751,0.033757,0.034227,0.034022,0.034505,0.044781,0.034135,0.043388,0.038017,0.033215,0.034057,0.033369
0.033045,0.047505,0.033294,0.061141,0.038124,0.040005,0.033028,0.033883,0.03236,0.032992,0.033016,0.032465,0.04044,0.038588,0.039837,0.033603,0.03435,0.033679,0.034357,0.033105,0.039013,0.038203,0.032369,0.033813,0.0331,0.034009,0.041784,0.033994,0.034083,0.034827,0.038105,0.033079,0.035658,0.032212,0.03228,0.033465,0.034866,0.032649,0.056545,0.033935
0.033652,0.04321,0.032376,0.054016,0.034089,0.033289,0.033743,0.032992,0.033476,0.033701,0.033724,0.033984,0.034313,0.033624,0.033505,0.033554,0.034238,0.032629,0.040957,0.032659,0.040975,0.03331,0.033479,0.033363,0.033485,0.03847,0.041783,0.034546,0.040148,0.034001,0.034204,0.034114,0.035046,0.035106,0.035681,0.033158,0.033887,0.032729,0.033264,0.032617
0.036887,0.034135,0.034777,0.032513,0.048422,0.039789,0.038999,0.032982,0.035934,0.037589,0.044503,0.033078,0.034523,0.033891,0.033547,0.03386,0.032912,0.055305,0.045259,0.033599,0.034184,0.03918,0.033462,0.041109,0.034845,0.034584,0.034652,0.033183,0.033613,0.036014,0.033832,0.033816,0.033619,0.04006,0.032529,0.033946,0.033507,0.053847,0.035989,0.036489
0.033204,0.034123,0.037537,0.032569,0.03399,0.045488,0.032779,0.032149,0.03272,0.033372,0.03369,0.035009,0.032779,0.034466,0.033383,0.046224,0.033759,0.033182,0.033155,0.034998,0.032388,0.04724,0.032676,0.034493,0.033523,0.033617,0.034126,0.033226,0.034708,0.033733,0.034146,0.032703,0.034456,0.034204,0.038896,0.03304,0.032608,0.033836,0.034028,0.049852
0.04154,0.038739,0.045075,0.034085,0.033442,0.034039,0.035098,0.038707,0.044788,0.04377,0.036829,0.033221,0.032814,0.032358,0.033109,0.037623,0.040298,0.04769,0.032183,0.037583,0.033784,0.034134,0.033555,0.034257,0.034383,0.035367,0.03385,0.034,0.04464,0.032662,0.033251,0.033666,0.034104,0.034021,0.034063,0.033519,0.034353,0.032746,0.039216,0.038067
0.032683,0.031991,0.031855,0.057298,0.0462,0.032627,0.031469,0.034053,0.03276,0.033794,0.041406,0.038869,0.045036,0.033724,0.045928,0.051656,0.034271,0.034342,0.034264,0.033734,0.034771,0.034748,0.043871,0.033121,0.034302,0.041836,0.038095,0.036342,0.033459,0.034443,0.048872,0.034324,0.034031,0.033156,0.033438,0.036919,0.039953,0.033841,0.032474,0.034592
0.033304,0.034378,0.03312,0.033981,0.044139,0.034047,0.033454,0.039247,0.034724,0.03317,0.032449,0.033784,0.033683,0.034145,0.033911,0.033862,0.033823,0.034538,0.034239,0.03321,0.035183,0.043382,0.033749,0.032688,0.032619,0.033858,0.033167,0.033874,0.033282,0.033122,0.033238,0.033526,0.034492,0.033132,0.040636,0.03659,0.032515,0.032029,0.033868,0.034885
0.031828,0.039498,0.049022,0.034641,0.033914,0.032974,0.033912,0.033705,0.038821,0.039166,0.033631,0.042367,0.033079,0.033026,0.041306,0.031632,0.032524,0.056317,0.033064,0.050863,0.032983,0.034242,0.034516,0.035061,0.033222,0.045073,0.032731,0.040508,0.034352,0.045254,0.036248,0.039937,0.045079,0.036327,0.041098,0.033454,0.033105,0.033229,0.04464,0.036357
