0.12875,0.092659,0.08956,0.09487,0.090296,0.091042,0.091992,0.088284,0.089003,0.088933,0.091498,0.085278,0.093596,0.088105,0.089532,0.089069,0.089469,0.094888,0.094061,0.10348,0.095601,0.091711,0.094189,0.097803,0.090746,0.088859,0.08961,0.091929,0.092952,0.096593,0.095323,0.091128,0.089274,0.096188,0.088338,0.09358,0.088539,0.090431,0.095103,0.090336
0.056686,0.057035,0.055774,0.056538,0.05529,0.056837,0.070027,0.059522,0.059344,0.065926,0.069012,0.060235,0.058165,0.072478,0.071319,0.061135,0.060032,0.073785,0.057283,0.065284,0.06214,0.066649,0.067987,0.05963,0.060391,0.059395,0.056271,0.059862,0.058691,0.069645,0.067344,0.061267,0.073874,0.058588,0.072679,0.066567,0.059298,0.056792,0.063945,0.057541
0.056796,0.059905,0.050462,0.049132,0.067634,0.048631,0.048695,0.049119,0.049733,0.049187,0.050816,0.049158,0.04964,0.049823,0.049765,0.057432,0.049556,0.048077,0.048601,0.049621,0.04885,0.050793,0.048499,0.052136,0.053703,0.052796,0.058645,0.050097,0.049801,0.056843,0.057672,0.052162,0.056385,0.053084,0.052808,0.050671,0.049735,0.064209,0.057961,0.050301
0.046643,0.045746,0.047189,0.05202,0.054438,0.050378,0.064217,0.05285,0.044887,0.051098,0.052098,0.04844,0.054055,0.051745,0.049123,0.047609,0.046196,0.05678,0.047026,0.054417,0.054679,0.051953,0.045808,0.052636,0.04849,0.052998,0.058054,0.048503,0.04741,0.046172,0.046692,0.055902,0.047565,0.053064,0.047057,0.057391,0.046139,0.046794,0.052772,0.0539
0.049495,0.046232,0.046796,0.047208,0.05571,0.045395,0.052942,0.046614,0.053331,0.070861,0.050884,0.04426,0.048038,0.045315,0.044302,0.062901,0.048067,0.045312,0.044267,0.051062,0.044722,0.051582,0.045616,0.048634,0.054614,0.046157,0.052286,0.047601,0.044394,0.044891,0.046085,0.045926,0.056672,0.043984,0.055817,0.044159,0.058237,0.043898,0.0457,0.049
0.057236,0.064769,0.049618,0.051244,0.048201,0.06208,0.053374,0.046521,0.045143,0.045636,0.046151,0.054331,0.046702,0.048421,0.044644,0.043857,0.049003,0.048381,0.045803,0.050233,0.042659,0.043813,0.048759,0.060264,0.045627,0.045671,0.048998,0.047274,0.04496,0.04731,0.043268,0.054846,0.054839,0.047731,0.053746,0.056309,0.057395,0.049465,0.049959,0.044232
0.05402,0.045475,0.044327,0.041696,0.049563,0.044585,0.057757,0.044601,0.043272,0.041601,0.042979,0.042675,0.047286,0.049175,0.051838,0.049935,0.053276,0.059144,0.065036,0.047356,0.048872,0.051533,0.043609,0.044132,0.056869,0.04822,0.049978,0.053601,0.050167,0.051515,0.053651,0.051294,0.049562,0.046834,0.048831,0.054429,0.049032,0.051944,0.047067,0.057343
0.044165,0.045159,0.045287,0.044914,0.053997,0.051406,0.063135,0.055289,0.050557,0.042268,0.054446,0.045593,0.057319,0.043521,0.053636,0.05303,0.043466,0.054623,0.053013,0.045186,0.048187,0.053208,0.046112,0.053082,0.048823,0.051557,0.054086,0.04375,0.047713,0.042382,0.059905,0.051263,0.052299,0.05453,0.047542,0.045483,0.061497,0.043461,0.046441,0.052572
0.043219,0.052787,0.050663,0.046934,0.055479,0.043553,0.055033,0.044406,0.053769,0.04435,0.054628,0.057391,0.04547,0.043896,0.057457,0.051557,0.04325,0.050275,0.053767,0.042084,0.056096,0.04683,0.044471,0.042641,0.044486,0.056674,0.064201,0.05068,0.05845,0.042209,0.05036,0.045145,0.05437,0.045653,0.04774,0.057065,0.045519,0.054692,0.045722,0.053062
0.047471,0.050905,0.048182,0.053231,0.049614,0.046182,0.056595,0.043926,0.056703,0.043319,0.05333,0.05445,0.045169,0.053125,0.055833,0.042336,0.044598,0.055301,0.053958,0.048114,0.043039,0.052787,0.044877,0.059521,0.05279,0.047693,0.044377,0.049577,0.045946,0.060231,0.043575,0.053727,0.05066,0.046468,0.046111,0.05807,0.043725,0.054555,0.045012,0.042695
0.048808,0.05319,0.041603,0.042884,0.042247,0.045307,0.053112,0.053316,0.050924,0.048976,0.04699,0.047621,0.054539,0.053026,0.043061,0.050865,0.050048,0.049396,0.049309,0.041641,0.044979,0.043921,0.041917,0.044753,0.051978,0.054624,0.046872,0.04581,0.054743,0.047047,0.055017,0.043446,0.055321,0.054107,0.043211,0.048684,0.050983,0.05191,0.05415,0.042239
0.042966,0.042788,0.070992,0.054715,0.040967,0.047185,0.056544,0.04397,0.052476,0.044024,0.062857,0.040412,0.049133,0.054978,0.044512,0.041825,0.041715,0.05361,0.048973,0.050714,0.046498,0.05342,0.046506,0.054174,0.049528,0.050379,0.054309,0.052386,0.042651,0.045101,0.053876,0.045917,0.056844,0.044223,0.05536,0.045415,0.058876,0.053574,0.042971,0.044186
0.055411,0.055256,0.04191,0.043986,0.060411,0.041905,0.054311,0.047791,0.042355,0.043113,0.049908,0.044825,0.054209,0.048646,0.052514,0.048723,0.049072,0.053217,0.047224,0.046437,0.042185,0.046812,0.042875,0.04127,0.042848,0.056934,0.063609,0.049823,0.055372,0.043407,0.053881,0.05125,0.044389,0.050016,0.054533,0.051825,0.044082,0.043048,0.041178,0.0448
0.046673,0.042592,0.052932,0.047997,0.043124,0.041367,0.048263,0.04941,0.054465,0.050608,0.04345,0.050692,0.058491,0.04318,0.06544,0.043522,0.041991,0.045015,0.053419,0.043085,0.041123,0.051171,0.045701,0.05712,0.062494,0.050256,0.047046,0.055553,0.047279,0.048407,0.048214,0.040523,0.043208,0.041872,0.041939,0.041464,0.042928,0.041087,0.045868,0.047555
0.041938,0.050358,0.041484,0.052165,0.043139,0.041806,0.053821,0.04665,0.042592,0.048638,0.049209,0.04208,0.043516,0.042958,0.043041,0.042852,0.042988,0.042919,0.058894,0.042904,0.043204,0.043333,0.056088,0.048515,0.043044,0.042637,0.047004,0.046835,0.048424,0.0431,0.041222,0.051141,0.051059,0.045103,0.041721,0.042446,0.042821,0.042919,0.047357,0.049277
0.044466,0.043688,0.046998,0.041576,0.040389,0.042814,0.040909,0.041949,0.04643,0.044972,0.042986,0.04168,0.048591,0.041458,0.040524,0.043781,0.063877,0.041734,0.046841,0.041142,0.063925,0.049559,0.042706,0.050326,0.041479,0.042919,0.04085,0.047979,0.046448,0.044285,0.042101,0.053941,0.071062,0.044086,0.049453,0.04202,0.041913,0.052258,0.045126,0.042498
0.041123,0.050109,0.042043,0.045554,0.053827,0.041371,0.042722,0.04999,0.042523,0.041203,0.041064,0.04162,0.039753,0.042718,0.04399,0.042419,0.040675,0.042459,0.048183,0.050952,0.051096,0.042177,0.045597,0.043706,0.041545,0.042889,0.041097,0.044111,0.042063,0.045166,0.040443,0.048538,0.045238,0.041246,0.045662,0.042544,0.04192,0.043711,0.050302,0.040378
0.047093,0.042733,0.041841,0.042574,0.041626,0.044715,0.042701,0.041895,0.04274,0.041889,0.049158,0.04237,0.042194,0.049384,0.050287,0.048019,0.05265,0.045258,0.042318,0.042819,0.043093,0.045332,0.043437,0.054662,0.066526,0.062417,0.054509,0.044128,0.044957,0.041145,0.042563,0.040644,0.04114,0.042819,0.045912,0.042314,0.04341,0.045323,0.041562,0.049302
0.051961,0.042832,0.060063,0.04294,0.041265,0.049861,0.041579,0.040745,0.042314,0.042259,0.041599,0.040813,0.039764,0.040622,0.043132,0.041563,0.053151,0.04044,0.041853,0.041231,0.04748,0.041496,0.042096,0.040966,0.044537,0.042,0.042067,0.041565,0.040569,0.040746,0.041722,0.042533,0.043059,0.042426,0.04262,0.055552,0.044515,0.046493,0.041868,0.042294
0.040585,0.041723,0.039535,0.048716,0.054032,0.043112,0.041725,0.041416,0.049159,0.042622,0.040767,0.043283,0.041968,0.041152,0.041729,0.042605,0.041154,0.042166,0.046564,0.047411,0.048282,0.046948,0.042355,0.04273,0.042643,0.041273,0.042377,0.040843,0.041711,0.041108,0.042131,0.041205,0.048619,0.042162,0.040377,0.042549,0.04087,0.058761,0.041858,0.043607
0.040424,0.041052,0.045374,0.044578,0.051236,0.054164,0.063971,0.049361,0.054866,0.04153,0.042168,0.044611,0.045746,0.04114,0.042401,0.04141,0.042859,0.043589,0.049789,0.041318,0.041666,0.041134,0.042486,0.043042,0.043103,0.041556,0.043515,0.04276,0.043252,0.041274,0.042467,0.054564,0.043766,0.043192,0.044078,0.041692,0.059247,0.051061,0.053235,0.043827
0.040076,0.043742,0.052077,0.045524,0.05322,0.046003,0.042545,0.04635,0.056528,0.040032,0.04131,0.041871,0.041841,0.041812,0.040273,0.041964,0.057674,0.045095,0.041295,0.04386,0.04271,0.046932,0.040691,0.056518,0.040859,0.042071,0.042325,0.046702,0.040064,0.041622,0.040562,0.042031,0.041771,0.041718,0.040523,0.043199,0.041916,0.042211,0.039889,0.042027
0.04081,0.044868,0.04126,0.047925,0.042979,0.040968,0.044012,0.04072,0.047012,0.041531,0.047109,0.043417,0.041688,0.04113,0.040608,0.047411,0.04402,0.060188,0.042579,0.042828,0.041306,0.041553,0.041061,0.042186,0.045254,0.046869,0.041993,0.040931,0.044073,0.041126,0.040863,0.041294,0.04138,0.041698,0.040573,0.04208,0.050699,0.052832,0.048639,0.048394
0.041172,0.041556,0.043464,0.04078,0.040456,0.041171,0.040645,0.042782,0.040805,0.041656,0.040573,0.054394,0.041553,0.040563,0.040036,0.040683,0.041272,0.045776,0.04273,0.042585,0.042747,0.051774,0.051516,0.041788,0.041583,0.046875,0.047159,0.045926,0.041428,0.044031,0.042296,0.047584,0.045639,0.048981,0.042041,0.047909,0.042199,0.040909,0.040988,0.040448
0.051465,0.041826,0.04374,0.040239,0.040549,0.051115,0.041536,0.045666,0.042131,0.047284,0.042285,0.041198,0.042064,0.040433,0.052541,0.052153,0.042344,0.043094,0.042729,0.043578,0.04544,0.044914,0.041655,0.041031,0.040419,0.039883,0.056936,0.065001,0.057343,0.041441,0.041789,0.041134,0.042746,0.041697,0.045001,0.040639,0.046827,0.04258,0.041656,0.041266
0.040815,0.041882,0.046844,0.041577,0.047555,0.049895,0.041057,0.052216,0.041629,0.056961,0.04302,0.041513,0.043968,0.039659,0.048865,0.048914,0.047008,0.04186,0.041458,0.053562,0.048381,0.067063,0.047526,0.040909,0.040948,0.040591,0.043312,0.047916,0.041257,0.0435,0.043378,0.045556,0.043959,0.041737,0.042029,0.041895,0.044001,0.041245,0.050275,0.042619
0.051286,0.042288,0.040824,0.047476,0.042555,0.040197,0.040867,0.040483,0.041935,0.042729,0.040931,0.041561,0.042312,0.043852,0.041867,0.040523,0.04654,0.040868,0.042893,0.041002,0.042357,0.041919,0.042611,0.041364,0.052391,0.039837,0.039625,0.048529,0.050141,0.0467,0.042143,0.044774,0.048053,0.041915,0.042424,0.051702,0.044239,0.042563,0.04108,0.043123
0.040843,0.041447,0.047909,0.041457,0.039553,0.042694,0.039679,0.063264,0.05126,0.054566,0.042279,0.041236,0.043816,0.040029,0.046827,0.051979,0.049994,0.047724,0.048137,0.043708,0.040991,0.041983,0.041256,0.046324,0.039813,0.055032,0.047475,0.042192,0.040048,0.063771,0.068939,0.05244,0.040823,0.051522,0.052181,0.047051,0.047075,0.040812,0.052712,0.04232
0.041396,0.043171,0.058947,0.040978,0.041082,0.040814,0.040751,0.041508,0.040317,0.046049,0.045106,0.042215,0.043367,0.042234,0.041558,0.048765,0.054959,0.046125,0.040918,0.040673,0.04493,0.051172,0.046062,0.042835,0.041053,0.044408,0.041669,0.04985,0.046601,0.043504,0.045784,0.043091,0.043145,0.04284,0.043799,0.041964,0.04349,0.054619,0.040624,0.040504
0.04892,0.042041,0.041223,0.043232,0.040338,0.044877,0.049126,0.041662,0.046182,0.045551,0.042182,0.041317,0.040105,0.043855,0.04104,0.050766,0.04106,0.042979,0.039926,0.041689,0.045037,0.04132,0.041105,0.041622,0.041015,0.040073,0.043092,0.042728,0.045107,0.044879,0.05643,0.041719,0.046541,0.040844,0.044592,0.041739,0.043638,0.044336,0.040851,0.040029
0.041765,0.04139,0.042267,0.042804,0.041602,0.064502,0.044328,0.040917,0.040884,0.041288,0.040961,0.042419,0.042604,0.041541,0.04695,0.040906,0.042022,0.055822,0.070767,0.042867,0.041392,0.041095,0.043962,0.041607,0.041738,0.041256,0.049678,0.041296,0.040536,0.041316,0.06228,0.050856,0.046613,0.043659,0.040447,0.041195,0.040985,0.04007,0.042152,0.040683
0.043375,0.040277,0.04525,0.045052,0.040826,0.042581,0.040692,0.041879,0.044793,0.03941,0.040194,0.041905,0.040369,0.047762,0.050567,0.045504,0.039832,0.041236,0.049953,0.041007,0.042562,0.040062,0.042046,0.040266,0.047703,0.042561,0.040652,0.040938,0.044489,0.044376,0.043939,0.041938,0.040911,0.047264,0.042172,0.041011,0.046278,0.04174,0.044353,0.041378
0.044828,0.046355,0.039776,0.042879,0.040122,0.043194,0.055348,0.046122,0.05345,0.050974,0.048225,0.050731,0.051302,0.043584,0.055969,0.042907,0.054506,0.04526,0.040179,0.044067,0.041224,0.043065,0.044951,0.040417,0.04064,0.041817,0.041386,0.041628,0.042346,0.040085,0.047006,0.044772,0.049672,0.041877,0.049077,0.042024,0.041436,0.040079,0.043085,0.048707
0.042308,0.045071,0.045058,0.041953,0.045922,0.050371,0.04267,0.040457,0.041672,0.042355,0.041029,0.049904,0.040938,0.041233,0.040695,0.040393,0.044049,0.041832,0.042113,0.043145,0.047366,0.041596,0.041646,0.051441,0.048405,0.049271,0.043361,0.051312,0.044006,0.041851,0.047299,0.042063,0.041109,0.047971,0.04071,0.046494,0.048234,0.055993,0.042798,0.041959
0.040311,0.042091,0.041406,0.046094,0.042435,0.043782,0.041551,0.043099,0.042185,0.041723,0.041916,0.042323,0.042122,0.040365,0.041508,0.042428,0.041634,0.04155,0.041829,0.040707,0.041329,0.041829,0.041105,0.042195,0.041336,0.047566,0.045089,0.048889,0.041981,0.042819,0.042383,0.051187,0.049044,0.042,0.041704,0.041669,0.040364,0.040638,0.039784,0.042503
0.040967,0.043423,0.048725,0.041788,0.043211,0.054155,0.056926,0.04232,0.044173,0.040147,0.046766,0.045478,0.041812,0.042828,0.057814,0.042858,0.041613,0.041977,0.041734,0.042072,0.049389,0.041753,0.04063,0.041434,0.043404,0.042629,0.042072,0.041606,0.041072,0.041649,0.043506,0.043023,0.041721,0.043556,0.040718,0.042648,0.040945,0.047772,0.049829,0.050584
0.045729,0.039539,0.04926,0.041022,0.041222,0.04907,0.051765,0.053723,0.042927,0.040859,0.039735,0.04069,0.046101,0.041063,0.048672,0.049991,0.040479,0.040963,0.04285,0.058139,0.053923,0.040437,0.041929,0.048856,0.050303,0.040857,0.046468,0.040889,0.06689,0.044986,0.040593,0.043039,0.043991,0.041779,0.041518,0.046309,0.054402,0.041323,0.054607,0.043987
0.052443,0.06501,0.050439,0.041506,0.049671,0.041624,0.042657,0.041031,0.041503,0.04037,0.040961,0.041403,0.041499,0.05275,0.042261,0.050686,0.048426,0.045321,0.042434,0.050269,0.04263,0.049684,0.045464,0.040694,0.04194,0.040632,0.042476,0.041025,0.041085,0.040463,0.040145,0.045124,0.042012,0.040891,0.04135,0.061199,0.041496,0.041475,0.04185,0.040797
0.046842,0.041603,0.052288,0.048737,0.042328,0.04321,0.040716,0.040572,0.041199,0.042893,0.040103,0.040773,0.042366,0.040854,0.042998,0.041915,0.041941,0.041165,0.044702,0.042416,0.04063,0.047922,0.046601,0.041939,0.048872,0.047047,0.04942,0.04206,0.054004,0.043265,0.052499,0.053793,0.041563,0.041966,0.04173,0.044152,0.041189,0.040685,0.040695,0.044641
0.045766,0.041926,0.043398,0.041661,0.042919,0.040987,0.0425,0.040744,0.043198,0.04076,0.044811,0.042012,0.0406,0.04154,0.040545,0.04288,0.045342,0.042105,0.048195,0.041203,0.049487,0.049417,0.053337,0.050333,0.049848,0.04304,0.040964,0.043838,0.040846,0.040279,0.040739,0.04916,0.042253,0.042911,0.044398,0.04321,0.044829,0.047929,0.048274,0.043124
