0.11019,0.10188,0.086819,0.09103,0.087249,0.083854,0.086468,0.084575,0.083839,0.10135,0.082301,0.091663,0.092902,0.086206,0.089484,0.08808,0.083759,0.085371,0.084311,0.084637,0.083119,0.088973,0.084702,0.08807,0.083474,0.083589,0.083678,0.084636,0.084927,0.084236,0.083379,0.083895,0.094647,0.08326,0.093004,0.08205,0.091146,0.090012,0.086843,0.088044
0.062718,0.061091,0.067703,0.069386,0.061346,0.061679,0.062475,0.062417,0.064386,0.066239,0.067571,0.074159,0.063931,0.06407,0.063409,0.065517,0.068822,0.066108,0.070995,0.076805,0.068827,0.067278,0.067486,0.064725,0.066727,0.064822,0.063517,0.075407,0.068138,0.062639,0.0607,0.064299,0.069575,0.06403,0.06343,0.07016,0.068669,0.067372,0.071107,0.067107
0.057448,0.058907,0.063183,0.056982,0.06692,0.054327,0.062645,0.062473,0.063543,0.059275,0.067173,0.058203,0.057185,0.056803,0.059851,0.059011,0.057253,0.058257,0.058539,0.059944,0.067789,0.070297,0.067973,0.059639,0.060702,0.071758,0.068122,0.065823,0.065937,0.059012,0.069038,0.063097,0.060428,0.056862,0.059612,0.056663,0.060827,0.072216,0.059646,0.060761
0.055285,0.060549,0.065575,0.069442,0.062567,0.057598,0.07802,0.069053,0.066111,0.06104,0.052189,0.06513,0.053231,0.062204,0.054985,0.072172,0.056308,0.058241,0.053782,0.065296,0.057025,0.064487,0.055736,0.064018,0.066586,0.062008,0.062624,0.072621,0.061329,0.056525,0.05579,0.067035,0.070551,0.058764,0.065868,0.075603,0.056154,0.054848,0.056584,0.053741
0.054752,0.073577,0.055193,0.053889,0.06741,0.072165,0.057374,0.06872,0.064557,0.060957,0.055427,0.05549,0.060775,0.052879,0.074959,0.054906,0.061621,0.056991,0.067395,0.058212,0.068249,0.056497,0.068644,0.058645,0.059726,0.05889,0.053004,0.060586,0.055622,0.060282,0.0564,0.054291,0.063565,0.053697,0.066243,0.056719,0.056245,0.060161,0.058998,0.056894
0.055453,0.055881,0.059604,0.058235,0.055397,0.060371,0.059515,0.053424,0.058742,0.05279,0.05255,0.053437,0.070998,0.070128,0.060686,0.066012,0.061931,0.053518,0.058074,0.073528,0.06679,0.059703,0.05547,0.054858,0.065869,0.064178,0.053657,0.061787,0.052172,0.052653,0.063208,0.056445,0.05438,0.054629,0.055106,0.062942,0.057147,0.058223,0.070685,0.052993
0.057282,0.053134,0.056074,0.054112,0.066419,0.055881,0.051267,0.067707,0.075496,0.056001,0.052151,0.073853,0.066618,0.056785,0.052065,0.059335,0.054893,0.052468,0.059901,0.060397,0.055443,0.056199,0.072172,0.053897,0.056319,0.054541,0.062399,0.053895,0.062936,0.053688,0.063066,0.053284,0.073498,0.061957,0.061694,0.060577,0.055751,0.05326,0.073662,0.056546
0.053421,0.065777,0.06419,0.053031,0.065843,0.067709,0.05598,0.050913,0.055726,0.05412,0.066078,0.06112,0.051957,0.053677,0.072821,0.05451,0.057592,0.059493,0.061744,0.057417,0.056171,0.061765,0.060306,0.064296,0.05763,0.052837,0.075099,0.054612,0.052287,0.075838,0.055676,0.052548,0.068343,0.060299,0.058062,0.057136,0.059145,0.062858,0.059159,0.056116
0.052383,0.06612,0.070628,0.060918,0.052897,0.063078,0.066226,0.068829,0.068062,0.062159,0.053236,0.053407,0.056375,0.055309,0.053515,0.060081,0.063051,0.051987,0.053572,0.052818,0.064495,0.059621,0.059404,0.065018,0.052244,0.069158,0.061058,0.054615,0.062356,0.055931,0.06063,0.061042,0.055444,0.068049,0.075871,0.054276,0.059506,0.053981,0.055113,0.060421
0.055519,0.051247,0.050695,0.065254,0.052554,0.064328,0.064455,0.051733,0.051695,0.05078,0.053748,0.055133,0.055479,0.053795,0.065248,0.06457,0.051933,0.070168,0.061414,0.055891,0.059527,0.053024,0.061135,0.054132,0.066512,0.052301,0.063836,0.059319,0.052279,0.054617,0.053415,0.068685,0.061087,0.053234,0.065913,0.067636,0.066368,0.068606,0.071428,0.057106
0.055112,0.066827,0.066307,0.071457,0.061865,0.058003,0.05532,0.051648,0.066585,0.062857,0.072249,0.059763,0.055551,0.062038,0.052575,0.067994,0.074228,0.051481,0.053748,0.053387,0.064183,0.054021,0.057517,0.053039,0.051839,0.052745,0.050864,0.052388,0.055395,0.050885,0.05288,0.055716,0.058811,0.051524,0.051725,0.054333,0.051984,0.060761,0.05316,0.063695
0.051975,0.069426,0.061845,0.050465,0.051482,0.064166,0.053771,0.065559,0.062802,0.05232,0.065371,0.053331,0.063775,0.05436,0.062409,0.060362,0.056003,0.052416,0.052627,0.062781,0.059207,0.056629,0.052216,0.064938,0.051882,0.058587,0.061252,0.061563,0.05296,0.064036,0.05125,0.051238,0.066666,0.05704,0.05292,0.058125,0.054579,0.057447,0.053478,0.061112
0.064372,0.055661,0.055275,0.054759,0.054833,0.051155,0.056588,0.053817,0.055324,0.052862,0.073165,0.060201,0.068522,0.059835,0.062975,0.056237,0.053665,0.062965,0.053158,0.064735,0.053364,0.061954,0.051474,0.062957,0.061517,0.067019,0.051984,0.054117,0.051588,0.052189,0.062303,0.056924,0.070604,0.057014,0.065015,0.057034,0.064869,0.05981,0.052812,0.051306
0.052427,0.05811,0.052427,0.052703,0.054948,0.055194,0.053647,0.052885,0.055303,0.067473,0.060059,0.055335,0.051157,0.064227,0.05306,0.059645,0.055463,0.061986,0.055745,0.05103,0.059127,0.051607,0.053123,0.055454,0.054192,0.058933,0.060552,0.053396,0.066699,0.062356,0.05406,0.06334,0.054547,0.056497,0.05316,0.062162,0.056474,0.052564,0.050652,0.06908
0.067187,0.054379,0.0566,0.065385,0.061017,0.051225,0.053254,0.051727,0.051896,0.052075,0.057568,0.065769,0.054481,0.056451,0.052152,0.063707,0.069578,0.054371,0.055116,0.051445,0.068512,0.060626,0.05349,0.053321,0.067279,0.052019,0.060572,0.062551,0.058776,0.0646,0.067446,0.063365,0.052571,0.062102,0.07871,0.055904,0.054638,0.062721,0.051829,0.067507
0.060002,0.053415,0.052368,0.049213,0.065404,0.051012,0.050895,0.074379,0.051048,0.055675,0.05091,0.066205,0.057681,0.060855,0.058021,0.056037,0.053395,0.069618,0.054086,0.052301,0.054417,0.060044,0.052507,0.052057,0.053406,0.054045,0.063421,0.067522,0.068087,0.062461,0.051445,0.055074,0.0621,0.069509,0.057882,0.054096,0.052358,0.052283,0.059787,0.052024
0.054339,0.062963,0.065379,0.05209,0.051678,0.063264,0.053125,0.063135,0.054301,0.063446,0.055811,0.063092,0.063896,0.052828,0.067378,0.071621,0.052118,0.053095,0.062766,0.054369,0.063609,0.051941,0.063762,0.05267,0.053798,0.052526,0.068832,0.062387,0.051392,0.074939,0.054332,0.057672,0.063821,0.051708,0.061808,0.054519,0.054958,0.057319,0.054011,0.061944
0.05137,0.052672,0.059777,0.057178,0.064948,0.050696,0.063016,0.054006,0.061811,0.057979,0.05994,0.05121,0.050767,0.068426,0.073514,0.057388,0.05438,0.061979,0.05193,0.067097,0.073901,0.054411,0.061154,0.053104,0.052522,0.050229,0.053208,0.070602,0.05001,0.050904,0.055137,0.051608,0.059313,0.057793,0.052448,0.057751,0.057978,0.051342,0.051499,0.05121
0.05096,0.0547,0.051662,0.05177,0.05554,0.049882,0.05139,0.051945,0.066426,0.057153,0.055907,0.051618,0.055473,0.055653,0.053804,0.051472,0.051093,0.048862,0.052655,0.05895,0.054154,0.050761,0.052845,0.069234,0.05858,0.05248,0.066369,0.053355,0.062951,0.052002,0.054082,0.060223,0.051265,0.052987,0.058514,0.054082,0.051246,0.053126,0.06557,0.058075
0.052624,0.053781,0.050989,0.049962,0.049653,0.054386,0.054957,0.055599,0.060342,0.056976,0.051321,0.068567,0.062569,0.05084,0.051447,0.051514,0.063168,0.060011,0.05642,0.052654,0.050915,0.060165,0.050998,0.055322,0.062938,0.053657,0.063881,0.05234,0.067532,0.06086,0.051209,0.068148,0.051719,0.0641,0.052757,0.053482,0.062265,0.05802,0.053213,0.058362
0.064755,0.050704,0.063518,0.054089,0.052823,0.053084,0.051299,0.055969,0.052265,0.06678,0.066251,0.051696,0.063357,0.051803,0.067396,0.074364,0.054888,0.051881,0.052037,0.06313,0.054385,0.060896,0.051821,0.051806,0.076301,0.052257,0.05198,0.050825,0.071836,0.060838,0.050777,0.056458,0.059906,0.052362,0.071136,0.055236,0.049758,0.054838,0.054319,0.061821
0.050621,0.05067,0.065597,0.060968,0.056301,0.053042,0.070759,0.052507,0.055479,0.050964,0.050594,0.055983,0.058187,0.062356,0.057221,0.053445,0.057195,0.053002,0.050831,0.057317,0.053969,0.05622,0.066969,0.060137,0.052718,0.053753,0.053863,0.056603,0.055927,0.050614,0.053561,0.062905,0.0522,0.051401,0.079557,0.053317,0.061133,0.063435,0.050558,0.052592
0.058423,0.065694,0.0569,0.050276,0.054435,0.052922,0.057451,0.058426,0.051403,0.051055,0.057441,0.052564,0.052237,0.053235,0.051858,0.061098,0.054573,0.067246,0.059525,0.052177,0.05009,0.053462,0.073019,0.055951,0.051023,0.056451,0.054195,0.051095,0.053866,0.055315,0.061447,0.052511,0.056228,0.063836,0.06099,0.0512,0.055348,0.059991,0.052321,0.052662
0.061263,0.050617,0.050445,0.051164,0.049075,0.048862,0.050623,0.049695,0.047332,0.051379,0.047698,0.048905,0.068506,0.064122,0.055802,0.076274,0.051259,0.0547,0.053386,0.051649,0.057585,0.052797,0.0582,0.060665,0.052053,0.065808,0.053659,0.062216,0.050958,0.065259,0.050887,0.059512,0.058642,0.063833,0.050498,0.05185,0.064015,0.053107,0.074188,0.05245
0.053673,0.050771,0.056536,0.05785,0.052578,0.052039,0.07052,0.053869,0.056379,0.053845,0.063095,0.051867,0.058212,0.05275,0.060136,0.059946,0.059956,0.05757,0.051244,0.049313,0.055007,0.048753,0.055659,0.051234,0.052337,0.051977,0.051683,0.050432,0.058728,0.051395,0.051892,0.053934,0.051423,0.068546,0.06619,0.05911,0.055586,0.070756,0.060727,0.052203
0.066411,0.075454,0.055354,0.052897,0.06398,0.055361,0.054543,0.053382,0.051795,0.061361,0.063378,0.054706,0.055919,0.052938,0.065947,0.075447,0.05449,0.054493,0.063215,0.051271,0.04984,0.051129,0.060022,0.055635,0.051774,0.049803,0.064839,0.051267,0.063855,0.056663,0.059916,0.050738,0.050811,0.060439,0.061348,0.060145,0.055491,0.060986,0.050798,0.050895
0.05909,0.052026,0.053572,0.050744,0.051472,0.050794,0.064383,0.051865,0.051639,0.062672,0.05156,0.051767,0.048549,0.063162,0.051919,0.052626,0.052636,0.061311,0.051103,0.052453,0.064479,0.07549,0.056959,0.053311,0.059341,0.051889,0.049677,0.051466,0.050942,0.055011,0.063651,0.053057,0.066691,0.06104,0.051811,0.052712,0.062392,0.051712,0.052351,0.063902
0.05208,0.073273,0.054482,0.0532,0.052035,0.068234,0.061566,0.051713,0.051772,0.064444,0.064333,0.049963,0.05175,0.055156,0.061356,0.051953,0.051838,0.05719,0.05469,0.056378,0.060745,0.051372,0.050432,0.051992,0.050722,0.063282,0.052518,0.065211,0.059448,0.057026,0.051983,0.064447,0.055395,0.053488,0.053825,0.05318,0.055363,0.0603,0.053831,0.064252
0.051014,0.049647,0.05284,0.064336,0.053564,0.062551,0.050693,0.052119,0.067476,0.05595,0.053389,0.057639,0.055461,0.055383,0.055458,0.053228,0.05836,0.051685,0.06749,0.064275,0.051769,0.063226,0.050751,0.053535,0.063477,0.060975,0.051514,0.054072,0.063992,0.052436,0.067998,0.052598,0.062691,0.053857,0.063561,0.052066,0.070786,0.060065,0.055172,0.055021
0.058578,0.065278,0.060539,0.049932,0.04992,0.055556,0.049485,0.056402,0.05445,0.052041,0.052677,0.054257,0.053659,0.054031,0.053666,0.051454,0.05047,0.057114,0.054806,0.051446,0.052856,0.051562,0.05182,0.051147,0.059196,0.053964,0.053294,0.071699,0.058209,0.053736,0.062551,0.051557,0.052566,0.072884,0.055631,0.07194,0.063449,0.051872,0.063801,0.052011
0.07676,0.059159,0.056408,0.056331,0.05477,0.051504,0.054921,0.054687,0.055478,0.054647,0.056039,0.051353,0.050494,0.050952,0.058815,0.049871,0.055805,0.051148,0.049894,0.051236,0.064841,0.052303,0.057867,0.050533,0.05319,0.062011,0.057077,0.065943,0.055622,0.058482,0.052346,0.04778,0.053877,0.051045,0.068604,0.054308,0.058413,0.055163,0.052439,0.052761
0.051304,0.053873,0.050358,0.052542,0.050775,0.062267,0.050527,0.057181,0.053105,0.051676,0.05559,0.053541,0.069495,0.06524,0.071771,0.051405,0.0556,0.053251,0.068418,0.06118,0.056091,0.054477,0.056571,0.051911,0.067773,0.052588,0.055458,0.051309,0.054039,0.060698,0.055947,0.052957,0.065341,0.051484,0.065781,0.058406,0.050564,0.056069,0.052913,0.063149
0.061382,0.05527,0.053022,0.06378,0.053248,0.063373,0.052507,0.051069,0.068704,0.055582,0.048756,0.062872,0.054433,0.057,0.063322,0.069107,0.052158,0.070109,0.070833,0.052199,0.054294,0.053208,0.053498,0.058646,0.051674,0.050972,0.051077,0.053481,0.051611,0.057103,0.051372,0.052599,0.051291,0.053706,0.059277,0.054605,0.061983,0.051372,0.052443,0.055097
0.055139,0.063555,0.051312,0.050352,0.055045,0.051205,0.052652,0.062964,0.059564,0.052324,0.05424,0.066232,0.052516,0.064232,0.07242,0.058098,0.051022,0.052109,0.061033,0.055901,0.067242,0.05215,0.068596,0.073216,0.053678,0.050371,0.055986,0.055332,0.056485,0.050552,0.050615,0.052521,0.062966,0.054464,0.062044,0.054107,0.066008,0.064621,0.054942,0.053093
0.052557,0.054298,0.051711,0.052126,0.063382,0.049736,0.057596,0.056132,0.052488,0.051662,0.053005,0.057089,0.059118,0.065296,0.050784,0.064105,0.054715,0.061756,0.049387,0.053087,0.06375,0.050741,0.051604,0.05183,0.062978,0.065741,0.063875,0.063215,0.062123,0.063838,0.067639,0.063368,0.055685,0.058486,0.054058,0.059136,0.062204,0.060788,0.054266,0.052013
0.060002,0.051314,0.051159,0.052581,0.051949,0.051524,0.050418,0.052076,0.052035,0.049666,0.051965,0.052535,0.054856,0.058765,0.058201,0.056202,0.050186,0.051684,0.053084,0.054185,0.059687,0.052674,0.052967,0.063435,0.052194,0.053096,0.06336,0.064448,0.051732,0.069257,0.056921,0.05951,0.051611,0.060751,0.05213,0.053713,0.071238,0.057737,0.05254,0.070888
0.060479,0.054593,0.063398,0.056642,0.04905,0.050458,0.051613,0.055182,0.051587,0.071348,0.061392,0.0518,0.058184,0.055753,0.052786,0.070483,0.060308,0.052811,0.067196,0.057272,0.055962,0.056041,0.061485,0.052441,0.052866,0.063869,0.063208,0.053877,0.062499,0.053237,0.064302,0.066039,0.054121,0.052052,0.061166,0.053457,0.062355,0.060769,0.050819,0.052581
0.068592,0.05115,0.050343,0.053153,0.052285,0.060752,0.051738,0.051833,0.063192,0.05156,0.051619,0.04943,0.050442,0.051224,0.062228,0.049765,0.051408,0.052044,0.063196,0.050981,0.051488,0.069571,0.056101,0.051282,0.050604,0.059963,0.055283,0.054126,0.051333,0.051551,0.052917,0.06198,0.05455,0.052746,0.053672,0.058004,0.058443,0.054019,0.052385,0.053828
0.05996,0.057851,0.061182,0.057083,0.054055,0.05867,0.062612,0.077718,0.050705,0.054917,0.053827,0.062853,0.060523,0.055029,0.061574,0.051506,0.051553,0.053366,0.050665,0.051668,0.072819,0.057726,0.068577,0.04904,0.069636,0.057691,0.04897,0.051445,0.054834,0.052282,0.050541,0.065189,0.052348,0.050051,0.064672,0.051139,0.064254,0.050371,0.052783,0.057072
0.05422,0.051865,0.053432,0.051056,0.063013,0.062862,0.053136,0.052455,0.067864,0.063011,0.052411,0.069899,0.055461,0.05038,0.055268,0.050675,0.051954,0.065918,0.062416,0.055421,0.057977,0.057659,0.052081,0.062083,0.052063,0.050543,0.054976,0.05366,0.053463,0.04936,0.058124,0.051606,0.054796,0.051873,0.053446,0.051931,0.060185,0.074551,0.052379,0.057394
