0.28984,0.27021,0.26986,0.28715,0.27854,0.27936,0.28647,0.28325,0.28307,0.28948,0.29179,0.27549,0.28299,0.3089,0.31527,0.30681,0.28965,0.32578,0.36024,0.332,0.28506,0.29706,0.28467,0.29461,0.27182,0.28256,0.27696,0.28496,0.28407,0.28533,0.28204,0.29529,0.29453,0.31583,0.33119,0.3286,0.33241,0.32277,0.29423,0.29554
0.16925,0.16978,0.17238,0.17485,0.17773,0.23616,0.19329,0.17162,0.18522,0.23431,0.22101,0.16928,0.1618,0.20146,0.16591,0.16554,0.17776,0.17235,0.16829,0.23116,0.18834,0.19924,0.17138,0.16231,0.15954,0.16311,0.17113,0.22075,0.19091,0.17555,0.22206,0.17716,0.16703,0.17238,0.17254,0.17717,0.16465,0.18207,0.24327,0.1773
0.14543,0.20952,0.15711,0.17205,0.14907,0.14514,0.14337,0.14606,0.13989,0.14701,0.14907,0.17062,0.1422,0.14732,0.14173,0.15204,0.14441,0.15428,0.15127,0.14556,0.15307,0.18358,0.14296,0.16866,0.18433,0.17014,0.16236,0.14458,0.13937,0.14128,0.13825,0.14,0.18366,0.19839,0.14467,0.14486,0.18768,0.17538,0.15698,0.15451
0.13443,0.13809,0.14369,0.12985,0.12906,0.13845,0.18029,0.16872,0.16836,0.15514,0.16231,0.16687,0.13627,0.13774,0.13528,0.13641,0.13452,0.14038,0.13178,0.14268,0.196,0.1473,0.14576,0.18127,0.1727,0.1617,0.16026,0.15597,0.17104,0.14277,0.15955,0.15086,0.14994,0.13821,0.13313,0.14442,0.14391,0.14606,0.14911,0.13434
0.15128,0.14995,0.13296,0.18513,0.15189,0.14248,0.14458,0.22179,0.14051,0.14318,0.14073,0.14887,0.14009,0.13318,0.1395,0.23361,0.14281,0.13559,0.14646,0.15883,0.14833,0.14045,0.13101,0.14735,0.144,0.2207,0.13937,0.13449,0.15518,0.14614,0.13351,0.15328,0.16416,0.15188,0.16207,0.13145,0.13433,0.1308,0.13319,0.13281
0.12823,0.13261,0.13976,0.12551,0.13612,0.12611,0.12065,0.13416,0.1351,0.13761,0.13657,0.12631,0.1241,0.12417,0.12869,0.12164,0.12744,0.12238,0.12942,0.12042,0.12601,0.12479,0.12868,0.14796,0.135,0.13251,0.13518,0.14791,0.24667,0.13373,0.13626,0.13824,0.13839,0.15366,0.13516,0.12562,0.13432,0.12316,0.12716,0.12604
0.12375,0.13073,0.12666,0.13122,0.13562,0.12462,0.11747,0.12026,0.11979,0.12671,0.12408,0.12097,0.13213,0.13254,0.12799,0.14478,0.12557,0.12586,0.12133,0.13896,0.13452,0.13037,0.12945,0.1487,0.12804,0.13155,0.1339,0.12774,0.1287,0.12866,0.12707,0.1338,0.13262,0.13463,0.12386,0.12899,0.1246,0.13786,0.12974,0.1268
0.11993,0.11986,0.13467,0.12545,0.12884,0.13394,0.1391,0.12751,0.12494,0.1229,0.13392,0.12375,0.13026,0.12387,0.12441,0.12344,0.12255,0.14508,0.12522,0.12397,0.12757,0.13054,0.13809,0.12738,0.12681,0.12266,0.13501,0.12797,0.12157,0.19068,0.13137,0.11977,0.12223,0.12535,0.14337,0.14,0.13031,0.12651,0.13884,0.13081
0.12793,0.12087,0.13116,0.1326,0.1193,0.135,0.13826,0.12814,0.13327,0.12476,0.12079,0.11931,0.12468,0.12215,0.14082,0.13525,0.13146,0.13952,0.14317,0.1181,0.12517,0.12356,0.12225,0.1317,0.11953,0.12373,0.12408,0.12746,0.13214,0.1252,0.11829,0.12757,0.13426,0.137,0.15342,0.14225,0.12712,0.14231,0.12535,0.12555
0.12714,0.12952,0.13458,0.12808,0.12459,0.12046,0.12538,0.12117,0.12652,0.12921,0.12323,0.12113,0.12701,0.12131,0.122,0.151,0.12679,0.12698,0.12556,0.12914,0.13036,0.13581,0.12545,0.1242,0.12685,0.12904,0.13298,0.12911,0.12681,0.12684,0.12842,0.11924,0.13217,0.15807,0.13886,0.13947,0.1291,0.12893,0.13577,0.12091
0.1306,0.11918,0.13206,0.12193,0.11815,0.12947,0.11973,0.1344,0.12053,0.12601,0.12449,0.15718,0.12942,0.12927,0.12575,0.1258,0.11952,0.13124,0.11758,0.12049,0.12782,0.12138,0.13356,0.11947,0.12746,0.12026,0.12882,0.12244,0.12625,0.13242,0.12234,0.13939,0.13871,0.12325,0.1321,0.12465,0.12236,0.13386,0.12071,0.12671
0.12043,0.12345,0.12331,0.12071,0.13129,0.13304,0.14106,0.12768,0.12616,0.12192,0.13669,0.15344,0.12104,0.1273,0.15324,0.16815,0.12915,0.12195,0.12292,0.13284,0.11301,0.11383,0.11757,0.1135,0.12377,0.11054,0.11816,0.12627,0.12418,0.11198,0.11568,0.11516,0.13063,0.12182,0.11237,0.13168,0.12795,0.11582,0.10844,0.10956
0.10748,0.11592,0.11063,0.11546,0.11701,0.12083,0.11729,0.12371,0.11475,0.119,0.11073,0.11318,0.12037,0.11722,0.11487,0.12096,0.1141,0.10991,0.12229,0.11474,0.1171,0.11879,0.11973,0.117,0.12134,0.12589,0.12124,0.11449,0.11445,0.12181,0.12332,0.11585,0.1205,0.1174,0.11359,0.11733,0.11472,0.12374,0.14246,0.11162
0.10945,0.11176,0.11341,0.11397,0.11192,0.11113,0.1118,0.11391,0.11307,0.11183,0.10905,0.11385,0.11317,0.12005,0.16994,0.12351,0.12134,0.11839,0.11105,0.12062,0.11286,0.11311,0.11828,0.11424,0.12467,0.11257,0.1184,0.11245,0.13514,0.11179,0.11038,0.11495,0.11007,0.11514,0.11812,0.11832,0.20644,0.11551,0.11155,0.11738
0.11343,0.11009,0.11076,0.11317,0.1191,0.1089,0.11972,0.10734,0.11075,0.10898,0.10854,0.10918,0.11075,0.11632,0.10959,0.1122,0.11292,0.1114,0.11337,0.12372,0.11389,0.11397,0.11368,0.11165,0.11785,0.11688,0.11016,0.11349,0.11085,0.11219,0.11683,0.11933,0.12429,0.11168,0.116,0.11038,0.11275,0.11147,0.11564,0.11155
0.11643,0.11424,0.13869,0.11401,0.1145,0.11418,0.11124,0.12814,0.15901,0.11322,0.10845,0.1166,0.11157,0.11835,0.11186,0.12286,0.12011,0.11591,0.11652,0.11421,0.11786,0.11153,0.10986,0.11233,0.12016,0.11306,0.11107,0.11404,0.11128,0.11292,0.11192,0.10999,0.1172,0.11701,0.11087,0.11165,0.11245,0.11539,0.11446,0.11669
0.11452,0.11118,0.11199,0.11204,0.11903,0.11416,0.11699,0.1169,0.11191,0.11025,0.12153,0.11371,0.11342,0.114,0.11158,0.11799,0.11647,0.11707,0.11751,0.11608,0.12231,0.11166,0.11583,0.11574,0.1197,0.11548,0.11484,0.11199,0.12067,0.12014,0.11332,0.11981,0.11565,0.11597,0.12005,0.11587,0.11575,0.11583,0.11653,0.12407
0.11863,0.11548,0.1113,0.11063,0.12176,0.11557,0.11368,0.12422,0.11176,0.12127,0.11625,0.11022,0.11149,0.11291,0.11041,0.11926,0.11803,0.10975,0.10925,0.10971,0.11794,0.11457,0.11233,0.11592,0.10984,0.11303,0.10897,0.1125,0.11291,0.11543,0.11184,0.11054,0.11249,0.11524,0.11404,0.11416,0.11328,0.11336,0.11448,0.11155
0.11584,0.11525,0.11595,0.11001,0.11148,0.11177,0.11442,0.11863,0.12608,0.11309,0.11499,0.11923,0.11388,0.11602,0.11797,0.11501,0.11879,0.11856,0.11092,0.11083,0.1116,0.11396,0.11635,0.116,0.11397,0.11152,0.11653,0.11287,0.12005,0.11359,0.11379,0.11282,0.11377,0.1107,0.1129,0.12137,0.11674,0.11407,0.11451,0.11382
0.13736,0.11315,0.11446,0.11241,0.12842,0.11148,0.11422,0.11013,0.11536,0.12069,0.12165,0.10936,0.11472,0.11429,0.12096,0.11751,0.11038,0.11457,0.11562,0.11185,0.10765,0.10983,0.11367,0.11202,0.11583,0.12341,0.1101,0.11157,0.11239,0.11221,0.11152,0.11376,0.11224,0.11221,0.11522,0.11389,0.11643,0.11543,0.11717,0.11436
0.11991,0.11401,0.11372,0.10969,0.1077,0.10949,0.11007,0.12216,0.111,0.11195,0.11212,0.11962,0.11459,0.11345,0.11277,0.11303,0.11505,0.1186,0.11237,0.12022,0.12316,0.11274,0.1149,0.1093,0.11523,0.11124,0.11507,0.113,0.11247,0.11466,0.11069,0.11801,0.11678,0.12491,0.11155,0.11524,0.11642,0.11271,0.1198,0.12191
0.12831,0.12063,0.1159,0.11443,0.11893,0.11215,0.12755,0.14005,0.11416,0.10771,0.10863,0.11002,0.12502,0.11251,0.11063,0.10719,0.10729,0.10764,0.1163,0.11868,0.10993,0.10762,0.10769,0.10794,0.11031,0.1092,0.10721,0.10861,0.11027,0.11125,0.1109,0.11215,0.11316,0.11179,0.11636,0.11515,0.11675,0.11585,0.11435,0.12063
0.11073,0.11061,0.11124,0.11363,0.11588,0.11196,0.11195,0.11214,0.10964,0.11401,0.11108,0.11425,0.11174,0.10623,0.11429,0.11201,0.11484,0.12107,0.11116,0.1126,0.11827,0.11365,0.11572,0.11567,0.11652,0.11523,0.11391,0.1113,0.11032,0.11515,0.11663,0.11306,0.11168,0.11017,0.11643,0.11675,0.10677,0.10977,0.11471,0.10991
0.11362,0.11528,0.11158,0.11972,0.11585,0.11426,0.11127,0.11072,0.11239,0.11772,0.11178,0.12515,0.11414,0.11947,0.11195,0.11946,0.11284,0.11785,0.12275,0.11079,0.11729,0.11867,0.11151,0.12202,0.11361,0.11496,0.10998,0.11627,0.1193,0.11807,0.12291,0.11972,0.11387,0.11413,0.1134,0.12335,0.11981,0.11984,0.12219,0.11978
0.13105,0.11976,0.12269,0.13186,0.11825,0.12226,0.12362,0.12145,0.11876,0.11153,0.1115,0.11396,0.11978,0.11487,0.11415,0.10978,0.11028,0.22039,0.11103,0.11854,0.11008,0.11482,0.1104,0.11475,0.11614,0.1191,0.12758,0.10991,0.11133,0.11882,0.11493,0.12533,0.11207,0.11134,0.11331,0.11336,0.11098,0.11315,0.12275,0.11621
0.11177,0.11145,0.11206,0.11878,0.11192,0.11145,0.11341,0.10755,0.11317,0.11518,0.11597,0.11501,0.1176,0.11644,0.11687,0.10761,0.11916,0.12008,0.12552,0.11226,0.11652,0.11502,0.11243,0.10944,0.11221,0.11754,0.11412,0.11143,0.11032,0.1118,0.1104,0.11965,0.10858,0.11658,0.11603,0.11436,0.11092,0.11096,0.11408,0.11461
0.10995,0.10994,0.10993,0.11872,0.11372,0.11898,0.11199,0.11251,0.10884,0.11585,0.11697,0.11333,0.1181,0.1175,0.10938,0.11136,0.11378,0.11656,0.10915,0.10961,0.11716,0.11459,0.11794,0.115,0.10933,0.10985,0.11119,0.10829,0.10981,0.10831,0.10703,0.11624,0.10879,0.11099,0.1137,0.1104,0.11281,0.10691,0.11893,0.10949
0.11381,0.11195,0.10928,0.10979,0.11522,0.10967,0.11834,0.11236,0.12428,0.12756,0.10779,0.11488,0.1127,0.10923,0.11115,0.10798,0.113,0.11536,0.11836,0.11601,0.11297,0.10852,0.11214,0.10955,0.11228,0.11079,0.11462,0.11588,0.11121,0.11202,0.11463,0.1143,0.11439,0.11724,0.11471,0.11123,0.10692,0.10803,0.10713,0.10813
0.10748,0.1081,0.10824,0.11056,0.10805,0.11613,0.10961,0.11271,0.11861,0.10865,0.10946,0.10958,0.10828,0.11038,0.11012,0.11587,0.11034,0.11446,0.11481,0.11539,0.10624,0.11302,0.11754,0.11425,0.12057,0.11562,0.11349,0.12694,0.11584,0.11165,0.11403,0.11202,0.11298,0.11149,0.12183,0.12281,0.1201,0.11412,0.1249,0.12803
0.12012,0.11447,0.11443,0.11445,0.11533,0.11772,0.12475,0.11787,0.13343,0.1281,0.10687,0.11067,0.10935,0.10687,0.1095,0.11673,0.11504,0.11513,0.11235,0.11135,0.11087,0.11358,0.11588,0.10804,0.11004,0.11254,0.11997,0.13409,0.13942,0.12284,0.10924,0.12715,0.11752,0.11001,0.10969,0.11286,0.1206,0.11349,0.11306,0.11492
0.11566,0.10983,0.12012,0.10977,0.11214,0.10819,0.12389,0.15218,0.10944,0.11211,0.11309,0.11067,0.10766,0.11128,0.12851,0.12035,0.11223,0.11609,0.11157,0.10808,0.10815,0.10955,0.10855,0.11001,0.10682,0.12148,0.11227,0.11666,0.14111,0.11455,0.11677,0.10828,0.11052,0.11273,0.13362,0.11306,0.14611,0.1139,0.12064,0.11236
0.11423,0.12119,0.13037,0.11016,0.11535,0.11187,0.11183,0.14885,0.1587,0.12909,0.10841,0.11214,0.11415,0.11066,0.10819,0.11574,0.10885,0.11376,0.1138,0.10743,0.10644,0.11291,0.11056,0.11754,0.13047,0.10958,0.11057,0.11681,0.117,0.10975,0.10964,0.1115,0.11548,0.10824,0.12092,0.11863,0.11038,0.10947,0.11032,0.10855
0.10914,0.11128,0.10924,0.10743,0.11591,0.10747,0.10851,0.1085,0.10837,0.11456,0.10805,0.10922,0.11037,0.11558,0.10927,0.12399,0.10973,0.11315,0.11122,0.10903,0.11265,0.1171,0.10829,0.11262,0.11269,0.11601,0.10955,0.12066,0.13132,0.11285,0.11926,0.10866,0.11559,0.11449,0.10991,0.10958,0.11834,0.11834,0.11366,0.12356
0.12161,0.11756,0.10947,0.11693,0.1129,0.11236,0.1202,0.1127,0.1125,0.12219,0.12188,0.10824,0.11342,0.11419,0.12933,0.11781,0.1226,0.10983,0.11539,0.11306,0.11723,0.11632,0.11333,0.10933,0.11009,0.11304,0.12196,0.12954,0.12322,0.1183,0.14288,0.14132,0.15857,0.12031,0.12014,0.13606,0.21163,0.13726,0.13401,0.14075
0.14371,0.13158,0.12831,0.13342,0.14676,0.16968,0.14556,0.15339,0.14552,0.13923,0.12567,0.1355,0.12094,0.1196,0.11427,0.12106,0.11947,0.11826,0.15001,0.11792,0.12629,0.12234,0.12326,0.1195,0.12548,0.12135,0.12152,0.13464,0.26892,0.16037,0.12904,0.13824,0.13337,0.12254,0.12221,0.15326,0.19194,0.18467,0.14228,0.15057
0.12386,0.15256,0.17542,0.13161,0.1642,0.12576,0.11109,0.11072,0.10937,0.16286,0.12597,0.11793,0.11865,0.12405,0.11982,0.11696,0.11107,0.11319,0.11198,0.1121,0.11424,0.12089,0.10908,0.11207,0.12061,0.11615,0.11213,0.10983,0.10976,0.1111,0.12094,0.11139,0.11177,0.11333,0.11541,0.11633,0.11874,0.11495,0.11337,0.11593
0.11251,0.1127,0.11438,0.11175,0.11053,0.11146,0.11114,0.11672,0.11516,0.12294,0.11778,0.13622,0.1223,0.11803,0.10935,0.10968,0.11587,0.12105,0.11967,0.11244,0.11382,0.11515,0.11878,0.11174,0.11227,0.11098,0.1109,0.1112,0.11305,0.1143,0.11709,0.11366,0.11044,0.11342,0.11339,0.11217,0.111,0.1116,0.11335,0.1113
0.10839,0.11422,0.10993,0.11789,0.11122,0.11477,0.12513,0.10907,0.11277,0.1115,0.10985,0.11033,0.11351,0.11203,0.11736,0.10955,0.11249,0.1183,0.11891,0.11522,0.1206,0.11302,0.1149,0.11406,0.11865,0.11877,0.11565,0.11534,0.12376,0.13699,0.12137,0.11941,0.11583,0.11332,0.11604,0.1121,0.12005,0.11853,0.12622,0.13211
0.13259,0.12055,0.12244,0.11522,0.10966,0.12166,0.10998,0.11066,0.11612,0.11252,0.10723,0.10929,0.10936,0.11274,0.11672,0.11148,0.12062,0.11574,0.10958,0.11006,0.11259,0.10813,0.11188,0.11541,0.11679,0.10945,0.11829,0.11353,0.12123,0.1181,0.11318,0.11309,0.11279,0.1174,0.12039,0.11143,0.12299,0.11749,0.10952,0.11864
0.11377,0.12086,0.11576,0.11441,0.11853,0.11632,0.11617,0.11156,0.11746,0.12175,0.11494,0.11606,0.10912,0.11334,0.11353,0.11173,0.12034,0.1128,0.1106,0.1146,0.11684,0.11082,0.11077,0.12008,0.11323,0.11441,0.12172,0.11323,0.11034,0.11023,0.11053,0.11545,0.1134,0.11003,0.11275,0.11941,0.12069,0.10713,0.11087,0.11238
