0.12484,0.12116,0.11685,0.1154,0.12404,0.12263,0.1183,0.12094,0.11786,0.12241,0.11411,0.12662,0.11804,0.11689,0.11636,0.12645,0.11356,0.12944,0.13054,0.12205,0.12744,0.11172,0.12969,0.12797,0.11425,0.12873,0.11175,0.12792,0.11557,0.11518,0.11792,0.13224,0.12231,0.11825,0.11666,0.12002,0.11742,0.12507,0.1155,0.12097
0.061375,0.060751,0.05925,0.0649,0.062099,0.061129,0.060462,0.061098,0.066647,0.070314,0.061392,0.06188,0.059826,0.069537,0.060004,0.060824,0.06322,0.06813,0.061816,0.068386,0.06066,0.060123,0.07113,0.065666,0.068184,0.070201,0.066381,0.063376,0.064507,0.062756,0.0705,0.068527,0.070555,0.071781,0.063794,0.060901,0.071066,0.071152,0.064999,0.064372
0.056435,0.052417,0.051051,0.050769,0.053148,0.056141,0.049844,0.051199,0.052291,0.051881,0.051284,0.064981,0.050868,0.060415,0.056626,0.055652,0.05906,0.0515,0.051576,0.0507,0.051368,0.054832,0.052133,0.051542,0.050126,0.05311,0.058757,0.051227,0.06088,0.050371,0.059237,0.051363,0.050361,0.051665,0.055637,0.058736,0.059038,0.056628,0.054236,0.063296
0.052076,0.048523,0.049628,0.047231,0.046174,0.046147,0.056635,0.045465,0.064191,0.051935,0.058483,0.05093,0.051944,0.047279,0.048008,0.046672,0.048088,0.052937,0.053229,0.047887,0.046461,0.051009,0.056638,0.049516,0.056476,0.04828,0.060182,0.05636,0.051476,0.055804,0.047901,0.047052,0.049379,0.054153,0.059719,0.051766,0.055601,0.048676,0.0472,0.064469
0.049914,0.045978,0.044908,0.053405,0.0503,0.051406,0.045412,0.04514,0.051991,0.045407,0.053717,0.053584,0.044092,0.059344,0.046144,0.045805,0.06109,0.04802,0.048972,0.056033,0.057474,0.04532,0.047595,0.048398,0.050673,0.054924,0.043369,0.057185,0.044397,0.046756,0.056349,0.048021,0.056122,0.05191,0.04383,0.046368,0.049107,0.053973,0.048009,0.047593
0.052484,0.051006,0.043945,0.053615,0.0436,0.042707,0.0462,0.043985,0.044266,0.05213,0.0516,0.047913,0.044963,0.056921,0.050327,0.048825,0.051863,0.045692,0.054799,0.042545,0.049913,0.050671,0.056966,0.047895,0.043553,0.052004,0.049545,0.054233,0.042555,0.044895,0.043003,0.051945,0.055244,0.04429,0.04441,0.056307,0.044067,0.053221,0.044497,0.044303
0.041683,0.05049,0.053446,0.043665,0.058909,0.042565,0.053459,0.046283,0.052986,0.048561,0.053178,0.045295,0.058005,0.043527,0.049601,0.052923,0.044959,0.043505,0.042669,0.043501,0.042231,0.045226,0.054232,0.045594,0.054654,0.047034,0.05292,0.046512,0.045767,0.042238,0.063383,0.053684,0.052004,0.042957,0.060975,0.044483,0.053671,0.051821,0.043748,0.043685
0.052315,0.05214,0.045983,0.041029,0.045807,0.055415,0.048814,0.051328,0.044005,0.051428,0.043826,0.058589,0.051579,0.050955,0.044271,0.052816,0.051457,0.044252,0.043761,0.041914,0.045455,0.052198,0.043715,0.043646,0.049857,0.04703,0.049774,0.044882,0.054496,0.044042,0.043624,0.04685,0.052039,0.063454,0.048623,0.052964,0.04731,0.049999,0.05111,0.047361
0.050915,0.053932,0.047845,0.043574,0.0412,0.0546,0.043048,0.045913,0.053556,0.051542,0.043114,0.042445,0.042811,0.044878,0.042093,0.051883,0.056863,0.043047,0.053583,0.046385,0.044321,0.04759,0.04243,0.046639,0.047749,0.042937,0.041548,0.053606,0.048726,0.04417,0.048999,0.043217,0.049107,0.045063,0.056625,0.04906,0.058274,0.046618,0.043625,0.05223
0.041476,0.056897,0.0507,0.052642,0.040434,0.05717,0.043757,0.043098,0.042475,0.05424,0.043567,0.053407,0.041846,0.041022,0.045225,0.057887,0.046183,0.043108,0.042415,0.050555,0.044203,0.056717,0.042474,0.059282,0.041109,0.058388,0.045228,0.04201,0.04138,0.049528,0.052859,0.047339,0.056821,0.043044,0.055365,0.042098,0.053138,0.04967,0.055525,0.049567
0.042591,0.054087,0.043042,0.043051,0.041067,0.045454,0.04641,0.04167,0.042094,0.043757,0.051799,0.051127,0.045786,0.056101,0.043197,0.061707,0.04983,0.040751,0.056101,0.063651,0.049288,0.048831,0.054397,0.050772,0.040714,0.043368,0.043808,0.050814,0.04687,0.041687,0.042718,0.05449,0.052889,0.051519,0.041291,0.049785,0.052948,0.046845,0.054527,0.042969
0.054794,0.046425,0.050453,0.050226,0.055541,0.042917,0.04203,0.043035,0.051935,0.053681,0.042083,0.060538,0.041408,0.054451,0.047316,0.055645,0.055275,0.040415,0.052142,0.046791,0.054006,0.043551,0.057805,0.043305,0.040823,0.043854,0.050397,0.060863,0.040689,0.042495,0.041359,0.042679,0.057237,0.042513,0.042156,0.040706,0.040437,0.046153,0.068896,0.046853
0.044999,0.04137,0.050201,0.050327,0.050004,0.052839,0.055738,0.04115,0.052718,0.056638,0.051532,0.044608,0.04319,0.041131,0.042349,0.061439,0.05871,0.043877,0.061841,0.042021,0.046338,0.044119,0.047576,0.048519,0.042224,0.068583,0.05259,0.046935,0.056101,0.044377,0.051266,0.051151,0.05557,0.042007,0.055911,0.04204,0.04227,0.044272,0.041467,0.042669
0.052196,0.046673,0.054673,0.050348,0.043333,0.042111,0.044917,0.041858,0.044341,0.041542,0.039578,0.043597,0.041638,0.042558,0.053607,0.050213,0.04126,0.043408,0.040834,0.050201,0.040849,0.041953,0.040865,0.041765,0.051063,0.04093,0.042146,0.041575,0.042911,0.040983,0.041117,0.04069,0.040204,0.042706,0.049831,0.041108,0.041531,0.046488,0.042337,0.044029
0.041935,0.041104,0.040724,0.04221,0.042174,0.042974,0.044157,0.049806,0.039843,0.03997,0.039833,0.038825,0.049049,0.04164,0.041177,0.050511,0.043355,0.041216,0.052983,0.04178,0.040602,0.044524,0.041856,0.043541,0.040883,0.061933,0.04382,0.053507,0.040713,0.040311,0.041387,0.042076,0.042315,0.041826,0.040817,0.046705,0.048266,0.050948,0.040078,0.040876
0.04004,0.040384,0.042675,0.045276,0.04047,0.04888,0.041813,0.041123,0.050466,0.04096,0.050645,0.050177,0.049533,0.041673,0.040002,0.041299,0.046964,0.043028,0.042132,0.041151,0.043801,0.046668,0.048589,0.044112,0.040554,0.055951,0.042343,0.042974,0.041506,0.042524,0.039688,0.041392,0.04078,0.041184,0.041147,0.041567,0.041129,0.040955,0.046619,0.040956
0.039467,0.049479,0.041449,0.042921,0.040895,0.041381,0.049763,0.043263,0.042601,0.047286,0.041878,0.042174,0.043599,0.041193,0.048832,0.042954,0.049614,0.043899,0.043788,0.044332,0.041603,0.051796,0.046479,0.039665,0.044932,0.041647,0.046517,0.041754,0.045528,0.042479,0.050228,0.041505,0.052491,0.042291,0.04499,0.042451,0.041049,0.040918,0.040958,0.040773
0.041345,0.040167,0.042147,0.041215,0.049225,0.048503,0.047923,0.040753,0.040375,0.040707,0.041443,0.039508,0.040089,0.050808,0.040218,0.042614,0.04096,0.040821,0.04574,0.061941,0.056523,0.048875,0.049067,0.042757,0.04251,0.04592,0.042972,0.048437,0.048836,0.040752,0.040631,0.04246,0.044546,0.049505,0.040034,0.040954,0.041862,0.039744,0.047629,0.050492
0.046703,0.042154,0.040252,0.044552,0.040909,0.042367,0.040003,0.044572,0.040477,0.040709,0.04503,0.046108,0.052631,0.046877,0.042124,0.03998,0.039716,0.043487,0.044001,0.039475,0.040312,0.042541,0.040525,0.042378,0.039943,0.050181,0.042452,0.041042,0.043506,0.051479,0.046283,0.040761,0.042555,0.040892,0.042975,0.040892,0.043365,0.040933,0.041719,0.041219
0.043565,0.051125,0.049079,0.039907,0.042953,0.042381,0.041395,0.041108,0.04568,0.041285,0.040472,0.047378,0.039986,0.042547,0.041732,0.045049,0.045691,0.038551,0.039817,0.044527,0.041997,0.040218,0.040024,0.040357,0.050369,0.04015,0.042125,0.060284,0.040764,0.051619,0.055701,0.041616,0.041518,0.050348,0.042048,0.039703,0.042672,0.040214,0.048409,0.04201
0.040483,0.039475,0.039542,0.040595,0.042217,0.041664,0.040163,0.041332,0.045218,0.063442,0.039454,0.04017,0.039107,0.040573,0.049949,0.041142,0.056766,0.043577,0.05396,0.041063,0.040636,0.039349,0.045016,0.039196,0.046375,0.047779,0.041168,0.042192,0.040845,0.040786,0.057211,0.042214,0.041572,0.044016,0.041538,0.040843,0.053906,0.046006,0.039853,0.043779
0.041868,0.041333,0.040638,0.041128,0.040153,0.042784,0.048711,0.046421,0.048782,0.046877,0.061087,0.046213,0.03966,0.049618,0.050074,0.040764,0.040691,0.039825,0.0425,0.040205,0.042366,0.057434,0.042871,0.053255,0.050334,0.040878,0.038674,0.039716,0.044314,0.058885,0.041529,0.040166,0.04235,0.041275,0.043423,0.042821,0.04161,0.041503,0.041352,0.041006
0.038393,0.039468,0.050215,0.048556,0.041579,0.039699,0.040953,0.041033,0.041194,0.042405,0.048703,0.039953,0.043253,0.039351,0.043085,0.040169,0.049357,0.040433,0.038729,0.03942,0.042366,0.040117,0.049725,0.049091,0.041044,0.039512,0.039849,0.061024,0.051091,0.055024,0.040942,0.040661,0.049344,0.0424,0.041207,0.047667,0.044312,0.039367,0.040468,0.046186
0.042125,0.05678,0.044971,0.040416,0.042627,0.039949,0.04186,0.03986,0.04265,0.040185,0.044019,0.039621,0.048491,0.041069,0.040209,0.04142,0.045864,0.042365,0.040728,0.049036,0.044563,0.040942,0.044148,0.041035,0.040128,0.039684,0.048318,0.040866,0.041571,0.041751,0.040468,0.04095,0.047759,0.04059,0.039058,0.048937,0.05329,0.047575,0.04473,0.040972
0.05197,0.041382,0.038644,0.046938,0.053613,0.041172,0.046,0.040665,0.040493,0.040511,0.040206,0.042919,0.038912,0.040189,0.040226,0.039339,0.047119,0.042319,0.039523,0.039668,0.042673,0.04818,0.046419,0.039621,0.04088,0.041417,0.040689,0.047193,0.048484,0.056296,0.04977,0.050488,0.041467,0.038976,0.043684,0.03977,0.043344,0.041782,0.03924,0.041559
0.042457,0.041501,0.042525,0.040983,0.040912,0.039976,0.040737,0.039707,0.045981,0.040818,0.040229,0.039617,0.038403,0.041155,0.039473,0.047419,0.039046,0.04203,0.040007,0.04246,0.041577,0.045475,0.04057,0.041936,0.042692,0.041257,0.039421,0.043863,0.052276,0.043489,0.040183,0.043155,0.055825,0.040739,0.040046,0.040286,0.048768,0.042446,0.041065,0.051834
0.041525,0.043532,0.04793,0.047253,0.045127,0.053738,0.044925,0.042037,0.040937,0.03914,0.041225,0.040304,0.042626,0.039033,0.039137,0.047074,0.040097,0.038748,0.043319,0.048948,0.041969,0.041172,0.042148,0.052911,0.048067,0.040309,0.046074,0.055392,0.039561,0.040542,0.043495,0.040314,0.041304,0.039706,0.048893,0.043914,0.040194,0.042919,0.04152,0.042746
0.040728,0.042214,0.041028,0.042112,0.050159,0.039822,0.042347,0.050186,0.039033,0.040658,0.040412,0.039758,0.048083,0.047188,0.040877,0.040557,0.040215,0.041487,0.040194,0.040908,0.040595,0.041344,0.046075,0.041543,0.046262,0.040568,0.04223,0.039676,0.044129,0.039508,0.053859,0.049027,0.046265,0.051348,0.050619,0.047944,0.041988,0.041761,0.040193,0.048322
0.051779,0.047548,0.042359,0.039962,0.045318,0.040531,0.042645,0.040164,0.045621,0.041853,0.040802,0.039573,0.041017,0.042587,0.054497,0.039006,0.046889,0.050933,0.039451,0.042911,0.040487,0.041753,0.040915,0.050571,0.042496,0.040394,0.042332,0.040795,0.043046,0.040305,0.050962,0.042224,0.042725,0.044766,0.041205,0.040649,0.046593,0.042706,0.042229,0.046619
0.041047,0.040782,0.041297,0.040476,0.040203,0.040963,0.041873,0.04099,0.042173,0.040916,0.044223,0.039582,0.05434,0.049853,0.040183,0.041361,0.042609,0.041496,0.041062,0.04744,0.041234,0.043208,0.041256,0.041157,0.038985,0.042791,0.041346,0.04073,0.039859,0.040608,0.039845,0.042005,0.050188,0.040523,0.040908,0.040795,0.040598,0.041254,0.040411,0.048464
0.043096,0.04169,0.043581,0.040782,0.042638,0.037801,0.038728,0.051459,0.039978,0.039528,0.045207,0.045861,0.040565,0.041115,0.040179,0.041106,0.041475,0.040721,0.041868,0.038962,0.041974,0.03974,0.040998,0.041026,0.040436,0.041452,0.041635,0.041961,0.040082,0.04164,0.040761,0.04766,0.043748,0.039967,0.046991,0.047578,0.04085,0.042995,0.039893,0.044339
0.038858,0.041755,0.039436,0.051511,0.042654,0.054269,0.046278,0.042243,0.041246,0.039308,0.043434,0.059126,0.041786,0.04567,0.038573,0.044377,0.049647,0.046478,0.041369,0.0403,0.042208,0.057619,0.045647,0.040209,0.041151,0.041514,0.041601,0.041115,0.04346,0.040215,0.041803,0.040477,0.042417,0.040563,0.049879,0.042668,0.040802,0.041263,0.038745,0.046034
0.040444,0.041908,0.053772,0.040574,0.041572,0.040382,0.049869,0.044443,0.039171,0.043506,0.040141,0.042126,0.04473,0.040699,0.041042,0.040662,0.03968,0.062696,0.053076,0.060184,0.039676,0.042627,0.039127,0.066033,0.04986,0.048317,0.050009,0.049169,0.058512,0.041925,0.041195,0.040056,0.051843,0.053243,0.050735,0.046505,0.03977,0.049069,0.055563,0.039954
0.051676,0.041372,0.041859,0.043999,0.04024,0.043703,0.040529,0.041672,0.04043,0.049463,0.043227,0.040528,0.042756,0.040185,0.044162,0.04126,0.049443,0.047658,0.050791,0.041729,0.048516,0.039173,0.044788,0.04017,0.039814,0.042199,0.041343,0.040652,0.040862,0.048086,0.045317,0.045478,0.048366,0.041133,0.050972,0.041164,0.039899,0.039541,0.050166,0.041854
0.044008,0.039527,0.041165,0.043709,0.038801,0.041957,0.037673,0.038769,0.044604,0.040473,0.045315,0.046288,0.052423,0.040128,0.040591,0.039242,0.051187,0.049215,0.042861,0.042415,0.040025,0.041982,0.040447,0.039735,0.046092,0.039422,0.064082,0.042088,0.040383,0.047832,0.041554,0.038731,0.046208,0.050944,0.039223,0.051539,0.052244,0.046526,0.042283,0.039309
0.040092,0.044823,0.040673,0.038821,0.041107,0.043694,0.040809,0.049729,0.04155,0.040409,0.045891,0.05276,0.043857,0.040668,0.042814,0.045855,0.040533,0.043959,0.040022,0.039995,0.040146,0.040321,0.045136,0.054837,0.042737,0.055249,0.039886,0.041522,0.04111,0.040435,0.041496,0.042064,0.041545,0.048944,0.045033,0.039859,0.04207,0.041818,0.0476,0.040589
0.054209,0.040807,0.038986,0.040859,0.041958,0.039436,0.047034,0.057454,0.044396,0.040392,0.040589,0.039915,0.042818,0.046771,0.042977,0.04299,0.040473,0.042387,0.046964,0.040253,0.039692,0.040419,0.040012,0.05296,0.040227,0.047056,0.039507,0.040395,0.039273,0.039813,0.04311,0.040072,0.051863,0.040998,0.040122,0.043913,0.041548,0.04109,0.04185,0.053997
0.040913,0.039402,0.065522,0.049066,0.041721,0.039299,0.040265,0.039883,0.04005,0.042074,0.039683,0.046725,0.039036,0.040846,0.039852,0.052716,0.042102,0.041095,0.042316,0.039851,0.046155,0.041161,0.03925,0.039732,0.045398,0.04157,0.038797,0.039387,0.046899,0.039678,0.047815,0.04506,0.040544,0.039542,0.039857,0.041364,0.050669,0.039102,0.048835,0.054891
0.041973,0.039135,0.051404,0.048366,0.041007,0.044427,0.041739,0.041058,0.041676,0.048102,0.040009,0.042088,0.040028,0.039477,0.059477,0.040546,0.041031,0.039616,0.041075,0.051296,0.040455,0.039813,0.039387,0.039574,0.045542,0.045033,0.040699,0.039954,0.039774,0.039858,0.045444,0.039942,0.040598,0.040553,0.041305,0.040279,0.050061,0.042887,0.042495,0.040828
0.039734,0.03862,0.039756,0.057673,0.063748,0.048912,0.044669,0.039796,0.046526,0.039698,0.042516,0.039668,0.043573,0.053186,0.039563,0.044739,0.054737,0.041224,0.039929,0.044832,0.054808,0.045311,0.060378,0.040234,0.041554,0.041298,0.048474,0.039785,0.042749,0.051856,0.039868,0.04235,0.061649,0.039798,0.039277,0.051328,0.043418,0.039494,0.04777,0.043957
