0.081215,0.060146,0.063878,0.067076,0.062314,0.061052,0.064173,0.060825,0.058129,0.058997,0.059258,0.06938,0.061294,0.060398,0.06013,0.059468,0.063062,0.070614,0.070841,0.069829,0.061214,0.061796,0.06917,0.062224,0.063591,0.069437,0.06964,0.073247,0.060899,0.065237,0.064995,0.059721,0.063618,0.072424,0.068969,0.06063,0.074514,0.062305,0.063338,0.063211
0.041491,0.041406,0.054013,0.047938,0.0532,0.040117,0.049819,0.053157,0.050601,0.054804,0.049474,0.046877,0.046603,0.053142,0.049026,0.055347,0.04096,0.052079,0.050178,0.049189,0.053419,0.050296,0.044099,0.059457,0.040793,0.057751,0.044904,0.051874,0.050337,0.061816,0.042281,0.040483,0.05788,0.044029,0.059078,0.040778,0.053396,0.060421,0.048682,0.050879
0.037705,0.04819,0.036816,0.048467,0.051165,0.054364,0.035333,0.05811,0.03668,0.04322,0.052356,0.047388,0.053452,0.053152,0.045544,0.051492,0.048982,0.049734,0.046503,0.052214,0.054153,0.047794,0.049826,0.055883,0.039048,0.058245,0.048474,0.048149,0.04205,0.041327,0.053651,0.046955,0.044887,0.035798,0.049113,0.05049,0.0553,0.046572,0.038324,0.044148
0.051848,0.049362,0.039347,0.040387,0.034643,0.060535,0.049945,0.046605,0.051169,0.045605,0.047788,0.043454,0.054617,0.049716,0.056184,0.042689,0.056015,0.057168,0.046319,0.040888,0.05586,0.045233,0.053498,0.046231,0.035421,0.037524,0.054359,0.035522,0.035125,0.034529,0.055449,0.046939,0.060546,0.051694,0.035393,0.049453,0.056497,0.050518,0.056125,0.03866
0.033167,0.039299,0.039346,0.0559,0.034322,0.03413,0.05306,0.046824,0.049101,0.03511,0.046375,0.035444,0.035204,0.045278,0.051248,0.049688,0.049147,0.04867,0.049845,0.055682,0.047914,0.048868,0.037812,0.048025,0.05225,0.043492,0.044458,0.049244,0.036704,0.044613,0.036855,0.035806,0.034498,0.053331,0.048499,0.048479,0.055439,0.04641,0.051736,0.048853
0.044427,0.034771,0.032807,0.03539,0.045983,0.047471,0.039155,0.054021,0.03419,0.035232,0.04266,0.033622,0.046593,0.048092,0.051574,0.056997,0.050189,0.047324,0.050824,0.048017,0.053957,0.033547,0.033433,0.033503,0.033849,0.034716,0.06176,0.053846,0.032543,0.033897,0.039234,0.050709,0.049186,0.048229,0.046629,0.036625,0.038393,0.035377,0.041654,0.035754
0.04518,0.03512,0.045065,0.033215,0.032363,0.046109,0.049451,0.057068,0.033742,0.034148,0.034952,0.046554,0.03327,0.033821,0.033555,0.033104,0.033995,0.034256,0.033669,0.046655,0.050204,0.033056,0.038543,0.044911,0.038802,0.046163,0.034427,0.033778,0.033539,0.045899,0.054428,0.063516,0.054349,0.041507,0.050891,0.054426,0.048232,0.052126,0.033896,0.033372
0.050976,0.047824,0.033581,0.041295,0.033279,0.04941,0.063826,0.045394,0.033302,0.033772,0.035755,0.044826,0.052046,0.03334,0.033322,0.033042,0.036598,0.059065,0.050584,0.054616,0.047917,0.054386,0.048745,0.049319,0.033052,0.033528,0.034444,0.034014,0.045814,0.033132,0.033128,0.047209,0.056762,0.046524,0.034273,0.034443,0.040587,0.034525,0.053058,0.034144
0.031934,0.053613,0.048261,0.031742,0.051124,0.048343,0.050152,0.056795,0.032353,0.03373,0.041114,0.03298,0.033836,0.054868,0.049592,0.055522,0.040409,0.056437,0.032589,0.031658,0.04791,0.056288,0.032379,0.032154,0.053012,0.034212,0.045791,0.033632,0.034119,0.034315,0.034603,0.034131,0.043364,0.054019,0.049579,0.054266,0.056971,0.048717,0.047111,0.058824
0.032392,0.032684,0.052152,0.038019,0.044208,0.050535,0.033448,0.049051,0.050979,0.033542,0.04974,0.033615,0.033408,0.033423,0.033021,0.032425,0.051568,0.032847,0.048607,0.038128,0.044995,0.039159,0.042948,0.031546,0.046204,0.057408,0.0344,0.032489,0.051835,0.034374,0.034741,0.045792,0.03398,0.034485,0.032727,0.039151,0.040381,0.054031,0.034094,0.032732
0.032047,0.033252,0.0326,0.050191,0.032943,0.05171,0.032627,0.032768,0.032378,0.049438,0.031743,0.051574,0.054775,0.0627,0.050487,0.049293,0.033501,0.037792,0.047109,0.032899,0.033769,0.034368,0.03295,0.032669,0.03273,0.031847,0.053518,0.032914,0.033471,0.033037,0.031991,0.0335,0.032737,0.034131,0.046384,0.032169,0.033787,0.033127,0.032639,0.032725
0.030516,0.033349,0.061953,0.049561,0.045666,0.05615,0.042108,0.046326,0.056014,0.032398,0.044233,0.032446,0.032887,0.052564,0.056423,0.031917,0.032351,0.048865,0.047699,0.055999,0.033375,0.031246,0.036073,0.03229,0.032263,0.054809,0.04643,0.032489,0.032066,0.046518,0.054841,0.048569,0.049644,0.054661,0.039718,0.061554,0.047037,0.04757,0.049349,0.048315
0.055364,0.03468,0.046894,0.051185,0.032515,0.031379,0.048021,0.055255,0.032484,0.045267,0.047705,0.048409,0.033451,0.059388,0.033703,0.033192,0.033018,0.033022,0.032089,0.032634,0.032858,0.032621,0.050007,0.032419,0.052556,0.031511,0.052024,0.032564,0.03149,0.031536,0.049553,0.057952,0.047232,0.034594,0.032348,0.040291,0.04554,0.041602,0.048163,0.04862
0.056591,0.049795,0.055086,0.042255,0.056668,0.032835,0.032476,0.03345,0.033047,0.03878,0.039906,0.030724,0.03189,0.035559,0.031056,0.036418,0.031793,0.050755,0.031995,0.033569,0.032443,0.042781,0.033471,0.033501,0.033255,0.033003,0.032251,0.032306,0.032609,0.032225,0.031662,0.031663,0.031581,0.034824,0.032843,0.034092,0.037304,0.032352,0.031881,0.031861
0.030792,0.060082,0.032414,0.039723,0.035357,0.034253,0.033272,0.031749,0.034439,0.032504,0.032772,0.033431,0.058346,0.031728,0.031638,0.030801,0.03947,0.036745,0.045537,0.032649,0.032622,0.032462,0.04346,0.036335,0.033108,0.032581,0.036179,0.031477,0.049895,0.048309,0.048587,0.039234,0.045469,0.050595,0.054289,0.050682,0.042225,0.037221,0.039327,0.031456
0.031706,0.031389,0.031946,0.033874,0.031758,0.038951,0.04567,0.03246,0.040033,0.03663,0.038932,0.042112,0.030374,0.039884,0.038614,0.032909,0.04283,0.03222,0.048889,0.041826,0.054127,0.031374,0.03345,0.031193,0.045022,0.047558,0.037982,0.045839,0.03167,0.031574,0.030437,0.033586,0.032782,0.03629,0.046931,0.047642,0.057373,0.033012,0.043769,0.040327
0.031187,0.042343,0.041117,0.037971,0.031912,0.032674,0.048468,0.052017,0.032945,0.032212,0.040338,0.041948,0.031244,0.03089,0.034707,0.031072,0.034008,0.038481,0.035614,0.032261,0.030861,0.030314,0.031409,0.034699,0.0397,0.032773,0.031277,0.0316,0.03113,0.048513,0.039944,0.031407,0.035594,0.04625,0.030979,0.032754,0.042365,0.032885,0.033286,0.032887
0.033071,0.035631,0.039884,0.034429,0.037222,0.043139,0.036328,0.039303,0.031992,0.030964,0.03146,0.033067,0.032415,0.032001,0.058328,0.031182,0.0295,0.03272,0.031579,0.056471,0.035294,0.031528,0.031234,0.030199,0.058649,0.034325,0.046764,0.030031,0.045233,0.034337,0.032494,0.033957,0.043841,0.046201,0.031239,0.031224,0.031633,0.054764,0.056637,0.054649
0.041235,0.031699,0.03097,0.037896,0.032173,0.04939,0.038294,0.04233,0.03988,0.038792,0.033801,0.032701,0.041503,0.032248,0.031377,0.031583,0.032004,0.051604,0.031987,0.032008,0.034199,0.046139,0.040864,0.030689,0.031207,0.03627,0.044214,0.045321,0.032704,0.042874,0.031447,0.03855,0.03623,0.032364,0.032361,0.032517,0.032709,0.031112,0.030673,0.037413
0.032046,0.031081,0.031927,0.042808,0.032193,0.031698,0.031366,0.032286,0.030279,0.032904,0.034107,0.033487,0.041297,0.031868,0.030576,0.048011,0.031625,0.035737,0.046637,0.048246,0.039407,0.03111,0.0332,0.038706,0.032371,0.032387,0.038241,0.032651,0.032569,0.03263,0.032297,0.035553,0.03129,0.032635,0.031887,0.030604,0.043517,0.045977,0.031449,0.032235
0.031349,0.030524,0.033637,0.032705,0.040024,0.031428,0.030439,0.032591,0.056709,0.031057,0.041104,0.03793,0.03787,0.034855,0.030977,0.030811,0.030541,0.053491,0.030805,0.03811,0.039511,0.045825,0.030888,0.030376,0.037225,0.030549,0.031361,0.032117,0.03607,0.036793,0.031696,0.031316,0.034318,0.035518,0.03873,0.048329,0.032668,0.032034,0.030742,0.030876
0.050079,0.031339,0.031904,0.040532,0.03181,0.031576,0.035449,0.031164,0.030869,0.037907,0.030294,0.03064,0.038191,0.030643,0.030877,0.033306,0.037177,0.040646,0.032582,0.031923,0.032258,0.031593,0.031531,0.030819,0.036502,0.039857,0.034572,0.042864,0.034962,0.039425,0.042389,0.030355,0.032543,0.041714,0.031675,0.030833,0.035391,0.031872,0.031396,0.054117
0.032433,0.031256,0.030063,0.032405,0.044522,0.044445,0.031344,0.032464,0.037198,0.031801,0.031576,0.031614,0.036597,0.033075,0.036133,0.030565,0.039817,0.046628,0.0373,0.044402,0.031086,0.033977,0.030527,0.03122,0.031607,0.038596,0.031634,0.031417,0.033215,0.032954,0.051699,0.033232,0.033998,0.039211,0.032417,0.031801,0.030861,0.029477,0.03268,0.03737
0.031204,0.036642,0.056499,0.042505,0.030199,0.032726,0.041991,0.038322,0.0429,0.031879,0.031805,0.037903,0.036691,0.045036,0.032313,0.031286,0.030958,0.033846,0.031898,0.055628,0.030425,0.040574,0.031858,0.032303,0.03578,0.033228,0.031943,0.03283,0.030534,0.038745,0.036418,0.045936,0.031386,0.032809,0.03033,0.031146,0.031455,0.036408,0.031983,0.032367
0.033106,0.033095,0.039784,0.031239,0.038351,0.030533,0.031694,0.031304,0.031106,0.032644,0.056296,0.030763,0.037915,0.032768,0.045094,0.032673,0.031826,0.032624,0.044265,0.045709,0.050427,0.048743,0.050102,0.030444,0.031222,0.03247,0.032436,0.033843,0.046987,0.040496,0.038701,0.033379,0.031777,0.031533,0.03207,0.032004,0.030963,0.048796,0.057614,0.04975
0.03201,0.030471,0.03352,0.036826,0.032123,0.029981,0.030596,0.032749,0.034437,0.033662,0.056705,0.032056,0.050596,0.038622,0.045512,0.037614,0.047263,0.032926,0.032633,0.031366,0.030516,0.031627,0.031815,0.034178,0.040202,0.045211,0.05059,0.049913,0.03611,0.034164,0.031331,0.031075,0.033176,0.038169,0.031956,0.033157,0.031344,0.031716,0.033499,0.039176
0.033126,0.032006,0.032625,0.031247,0.030741,0.035789,0.031055,0.031124,0.037939,0.043157,0.037047,0.033352,0.032078,0.046446,0.042293,0.029588,0.030959,0.036746,0.030699,0.059499,0.031712,0.031458,0.047002,0.057732,0.030934,0.031456,0.055903,0.044331,0.03405,0.038318,0.042635,0.036856,0.032605,0.031012,0.04948,0.030832,0.031007,0.054225,0.031707,0.03146
0.035433,0.034955,0.030291,0.031521,0.044081,0.039363,0.034025,0.035683,0.047488,0.050072,0.043383,0.048911,0.037513,0.046958,0.032877,0.03198,0.032799,0.031051,0.030564,0.035253,0.036463,0.031763,0.049741,0.031406,0.029668,0.048918,0.045909,0.042256,0.053525,0.031667,0.032709,0.03113,0.03123,0.032669,0.039079,0.031947,0.035328,0.051244,0.03603,0.049439
0.050363,0.046301,0.031367,0.030216,0.032442,0.032843,0.044189,0.044962,0.037824,0.0452,0.030468,0.031011,0.032651,0.034263,0.033563,0.031941,0.040475,0.032936,0.032096,0.032128,0.030988,0.031271,0.033874,0.037362,0.041255,0.042646,0.029855,0.032619,0.032414,0.043101,0.031576,0.031843,0.048387,0.054117,0.033848,0.032633,0.031864,0.030577,0.030427,0.038584
0.031576,0.030251,0.04254,0.04454,0.031159,0.031493,0.032615,0.033319,0.031457,0.039587,0.036291,0.031844,0.030473,0.03106,0.031923,0.033871,0.040757,0.030967,0.03115,0.030232,0.03184,0.045066,0.044196,0.041439,0.041671,0.032086,0.030242,0.033227,0.032357,0.033667,0.032576,0.035511,0.031945,0.032108,0.033545,0.033047,0.033465,0.034081,0.033096,0.038111
0.037027,0.031582,0.032827,0.032677,0.03108,0.049753,0.031732,0.031084,0.034138,0.04244,0.037303,0.0412,0.031907,0.039125,0.032111,0.030697,0.031253,0.032802,0.037992,0.030672,0.032634,0.031213,0.03202,0.0343,0.032517,0.058344,0.03209,0.03134,0.03259,0.030844,0.055274,0.032524,0.031028,0.029994,0.041421,0.032376,0.044334,0.03144,0.03965,0.031604
0.030594,0.031869,0.033588,0.041468,0.031967,0.030905,0.039836,0.044845,0.031072,0.030341,0.032542,0.038421,0.031054,0.039091,0.032759,0.030974,0.029446,0.032536,0.04226,0.038977,0.039389,0.040674,0.040718,0.030488,0.041854,0.03359,0.031812,0.03215,0.031447,0.03683,0.031431,0.031716,0.040411,0.043179,0.036653,0.035906,0.058212,0.031098,0.046686,0.045287
0.031759,0.030094,0.029912,0.037621,0.030621,0.0329,0.032455,0.044608,0.044606,0.037765,0.043752,0.03071,0.032084,0.03186,0.056313,0.048892,0.049287,0.030831,0.031204,0.038414,0.040328,0.045297,0.031042,0.04535,0.036632,0.031082,0.031977,0.035957,0.031303,0.033569,0.03209,0.037841,0.040608,0.038429,0.057291,0.037368,0.047005,0.032037,0.031025,0.04206
0.039034,0.042834,0.040267,0.029978,0.042026,0.037876,0.04511,0.029702,0.030384,0.033657,0.032753,0.033393,0.035826,0.031008,0.032745,0.047152,0.04372,0.029905,0.040357,0.044546,0.051588,0.031865,0.039791,0.040644,0.031066,0.034789,0.031566,0.033109,0.057912,0.04931,0.0326,0.03168,0.034797,0.032954,0.030176,0.030002,0.038112,0.035985,0.031229,0.033203
0.036359,0.031433,0.030179,0.0313,0.034305,0.032219,0.033668,0.039493,0.034519,0.03244,0.033479,0.041309,0.033512,0.040439,0.031864,0.030351,0.031075,0.042071,0.034011,0.032403,0.030787,0.030893,0.043698,0.041832,0.030159,0.039864,0.037684,0.044018,0.030897,0.0305,0.032591,0.035766,0.052528,0.056222,0.041752,0.032036,0.058197,0.039241,0.032998,0.052451
0.033181,0.030852,0.040894,0.030842,0.030219,0.049769,0.033249,0.040442,0.032033,0.037139,0.040136,0.032341,0.036631,0.030476,0.034711,0.033301,0.031772,0.04009,0.041784,0.037982,0.030201,0.040426,0.032502,0.032029,0.031633,0.03131,0.031186,0.033286,0.040719,0.030753,0.030988,0.054305,0.050765,0.055636,0.044024,0.035351,0.033333,0.03269,0.031927,0.031667
0.031832,0.032129,0.032532,0.048257,0.057752,0.031662,0.031098,0.056295,0.03105,0.031158,0.030597,0.04031,0.035766,0.042941,0.039381,0.044982,0.031229,0.029808,0.03387,0.037742,0.040636,0.045226,0.031329,0.053119,0.031952,0.040692,0.03547,0.033382,0.037167,0.031312,0.047766,0.057514,0.04877,0.054552,0.044565,0.030386,0.031525,0.040205,0.03852,0.044889
0.031049,0.029372,0.0445,0.041064,0.030361,0.038082,0.032346,0.03092,0.034217,0.038253,0.031691,0.030764,0.047912,0.041274,0.031782,0.030837,0.038707,0.046989,0.032233,0.030821,0.040676,0.041216,0.030442,0.040015,0.031776,0.038259,0.031388,0.031999,0.031506,0.03061,0.031567,0.039661,0.031465,0.030769,0.031595,0.043208,0.032764,0.033148,0.035331,0.045372
0.055262,0.043728,0.030985,0.029679,0.037284,0.031261,0.039284,0.031928,0.033151,0.031662,0.030341,0.033649,0.03892,0.030215,0.03102,0.032548,0.030826,0.040662,0.03007,0.030181,0.032454,0.033989,0.042428,0.031058,0.036329,0.031713,0.031908,0.039378,0.037746,0.037166,0.033159,0.031674,0.041155,0.037089,0.040046,0.031197,0.036102,0.03051,0.041896,0.045039
0.031059,0.03168,0.033401,0.032504,0.039975,0.030133,0.030796,0.033283,0.032627,0.032353,0.05081,0.03364,0.031026,0.042058,0.031386,0.049525,0.041599,0.046123,0.031457,0.031152,0.031216,0.030594,0.033453,0.044736,0.039062,0.034226,0.033266,0.032801,0.032504,0.038621,0.030223,0.03585,0.030234,0.031569,0.034266,0.031787,0.03511,0.040557,0.031408,0.031255
