0.13882,0.089265,0.088985,0.097276,0.095541,0.087967,0.086791,0.095228,0.088505,0.087196,0.090252,0.099473,0.088908,0.099851,0.095442,0.088892,0.092278,0.087925,0.088043,0.087045,0.096295,0.091542,0.092411,0.092332,0.088849,0.096529,0.094424,0.087122,0.088124,0.10187,0.099604,0.10688,0.097145,0.093989,0.090655,0.097176,0.090278,0.088071,0.090157,0.090658
0.055033,0.055397,0.05934,0.056967,0.064148,0.062021,0.061355,0.056543,0.055694,0.062551,0.058053,0.060491,0.062167,0.055813,0.059047,0.063448,0.054957,0.055554,0.060175,0.055381,0.056091,0.058262,0.062218,0.065102,0.056062,0.056855,0.058109,0.056488,0.056846,0.063516,0.05592,0.060479,0.057115,0.06803,0.063202,0.065895,0.05767,0.080118,0.059926,0.057113
0.054028,0.050682,0.049677,0.049984,0.0564,0.049421,0.053422,0.049133,0.052416,0.0478,0.047407,0.048548,0.049924,0.048542,0.04875,0.050037,0.051326,0.050107,0.051716,0.051315,0.050925,0.048456,0.047374,0.049277,0.060946,0.0559,0.052614,0.051705,0.048843,0.050234,0.052494,0.059967,0.052515,0.057944,0.049722,0.060615,0.056056,0.049454,0.049163,0.04922
0.059703,0.046285,0.059945,0.049245,0.053525,0.050206,0.059882,0.049107,0.058988,0.055948,0.050824,0.04581,0.050179,0.055769,0.04533,0.049322,0.054406,0.050159,0.048163,0.047259,0.057442,0.061478,0.051008,0.05068,0.047788,0.052622,0.051531,0.046047,0.051231,0.045788,0.059487,0.066045,0.05073,0.050674,0.051359,0.051961,0.046379,0.053026,0.047355,0.045926
0.045371,0.046646,0.054594,0.055849,0.04496,0.051273,0.068861,0.050795,0.045078,0.05858,0.046968,0.052092,0.051073,0.04388,0.046895,0.052324,0.054058,0.053798,0.04529,0.054225,0.044823,0.057322,0.050787,0.047353,0.044884,0.054573,0.045352,0.044098,0.057174,0.048052,0.046405,0.053786,0.05498,0.048532,0.045761,0.044685,0.050645,0.046877,0.049285,0.048016
0.043054,0.050177,0.046641,0.045955,0.055266,0.045619,0.057675,0.045026,0.046351,0.054933,0.044927,0.059097,0.044741,0.046244,0.058505,0.043366,0.056556,0.044716,0.049003,0.05062,0.0527,0.068459,0.043835,0.053878,0.046334,0.04732,0.06159,0.045267,0.0444,0.044945,0.043704,0.054953,0.044785,0.051184,0.046703,0.045845,0.044511,0.044776,0.055223,0.050166
0.048771,0.044446,0.05103,0.046389,0.054212,0.044162,0.055058,0.045226,0.045951,0.04916,0.050163,0.048165,0.045333,0.054549,0.048378,0.044328,0.046526,0.059134,0.043253,0.0499,0.043035,0.044128,0.046243,0.051914,0.046227,0.044075,0.043567,0.053013,0.064859,0.05518,0.050617,0.044154,0.049559,0.054068,0.068198,0.052282,0.044592,0.053528,0.048033,0.048623
0.049217,0.045214,0.058543,0.051462,0.045817,0.050738,0.043097,0.051682,0.048627,0.050417,0.049801,0.05176,0.060362,0.043392,0.055064,0.047603,0.042021,0.051653,0.044567,0.055151,0.043544,0.042097,0.058763,0.04473,0.041779,0.043567,0.043798,0.044892,0.053898,0.047615,0.05669,0.043358,0.044022,0.044332,0.05158,0.043851,0.063718,0.043495,0.043606,0.053297
0.048925,0.045872,0.048092,0.055494,0.045082,0.054562,0.04456,0.055646,0.044865,0.054095,0.048229,0.056306,0.051345,0.0426,0.04413,0.042727,0.047008,0.045713,0.059062,0.045846,0.045335,0.056922,0.044127,0.054423,0.048774,0.048849,0.043671,0.042129,0.049344,0.049047,0.047784,0.056354,0.044334,0.057386,0.042344,0.057382,0.042603,0.051729,0.043528,0.041649
0.068742,0.044721,0.050524,0.044705,0.042406,0.044181,0.055721,0.043092,0.058686,0.043619,0.053383,0.042679,0.043497,0.047053,0.048279,0.04457,0.044637,0.042772,0.045028,0.04309,0.041575,0.05791,0.046344,0.049648,0.042048,0.04225,0.053377,0.044024,0.05895,0.044597,0.042159,0.042756,0.04783,0.05511,0.042087,0.050129,0.054456,0.045339,0.043263,0.041203
0.043047,0.042532,0.04838,0.047267,0.062492,0.042582,0.048489,0.043905,0.043367,0.044821,0.05211,0.04843,0.05156,0.051075,0.044243,0.053551,0.049139,0.053143,0.052355,0.048683,0.043661,0.054878,0.055332,0.048832,0.043515,0.049594,0.05176,0.047735,0.05351,0.050157,0.052713,0.043832,0.055206,0.050793,0.043087,0.058432,0.044244,0.060617,0.042495,0.043912
0.05327,0.048708,0.051526,0.051538,0.043293,0.055589,0.045286,0.053948,0.05408,0.043127,0.053537,0.048918,0.048594,0.051591,0.053211,0.04315,0.058736,0.041904,0.051833,0.051133,0.053439,0.044144,0.055173,0.042878,0.043032,0.042975,0.049308,0.054793,0.048436,0.053186,0.046602,0.044291,0.061479,0.068667,0.041888,0.042718,0.045043,0.042567,0.052446,0.04909
0.051645,0.045295,0.054081,0.06384,0.054978,0.062462,0.051645,0.054369,0.049205,0.049861,0.043878,0.054196,0.046291,0.04315,0.043579,0.048751,0.051097,0.048469,0.050818,0.046096,0.053196,0.055006,0.042771,0.053299,0.046192,0.05513,0.044297,0.060275,0.041376,0.044144,0.04151,0.048233,0.053328,0.052138,0.048104,0.045313,0.042651,0.042346,0.043248,0.049731
0.04357,0.044091,0.041204,0.042736,0.044347,0.048994,0.041924,0.041537,0.04384,0.043512,0.040844,0.050238,0.046834,0.046249,0.049429,0.041325,0.043102,0.040966,0.04265,0.041554,0.052654,0.050224,0.043679,0.052324,0.043307,0.042912,0.041149,0.042425,0.042117,0.041619,0.046397,0.042108,0.042348,0.042008,0.041927,0.055315,0.043253,0.043702,0.043382,0.045841
0.043516,0.040276,0.042723,0.041134,0.052798,0.044729,0.046272,0.042274,0.041773,0.043278,0.042443,0.043299,0.041292,0.045188,0.043042,0.044042,0.047892,0.042461,0.041902,0.048077,0.052584,0.044674,0.053662,0.049044,0.053261,0.043963,0.044249,0.042287,0.043162,0.041404,0.057055,0.041004,0.044339,0.047457,0.046671,0.043437,0.043019,0.042021,0.045117,0.043665
0.0422,0.043989,0.041709,0.043572,0.0415,0.043462,0.042106,0.042846,0.049873,0.044087,0.041795,0.044604,0.042608,0.043839,0.041883,0.043047,0.04662,0.042083,0.043127,0.057979,0.041848,0.043249,0.041979,0.041604,0.050673,0.042733,0.043875,0.041458,0.044668,0.041762,0.054673,0.043879,0.042321,0.042451,0.052481,0.04319,0.048731,0.054771,0.04209,0.042128
0.048826,0.049313,0.041955,0.042287,0.043967,0.04991,0.043592,0.042811,0.052802,0.042823,0.042781,0.040741,0.040363,0.043815,0.053499,0.053057,0.048763,0.048874,0.042954,0.041829,0.067424,0.041675,0.04219,0.044211,0.042901,0.048087,0.047346,0.042933,0.04241,0.042242,0.042863,0.040781,0.041213,0.041799,0.043915,0.042506,0.050818,0.050421,0.043898,0.05385
0.050723,0.052669,0.043618,0.041849,0.048447,0.04904,0.04355,0.041815,0.041972,0.040352,0.041634,0.043033,0.041575,0.053645,0.047993,0.043379,0.041193,0.05004,0.046985,0.043471,0.041696,0.043468,0.042075,0.049384,0.048242,0.055519,0.042667,0.042747,0.042395,0.056993,0.053256,0.042423,0.053124,0.04332,0.042849,0.045555,0.062516,0.042003,0.04203,0.042501
0.042465,0.047929,0.043238,0.04159,0.050231,0.044321,0.041265,0.051541,0.040317,0.041879,0.04556,0.041996,0.042342,0.057834,0.042686,0.048066,0.05068,0.052652,0.043646,0.056143,0.052957,0.040843,0.042472,0.046961,0.043651,0.042646,0.041408,0.042169,0.042359,0.04183,0.042865,0.044851,0.040631,0.061006,0.057124,0.049649,0.04531,0.042163,0.045599,0.049173
0.050152,0.046534,0.041808,0.040017,0.043218,0.04222,0.044878,0.043254,0.044615,0.042645,0.040555,0.042529,0.042407,0.042253,0.041827,0.047043,0.047477,0.04263,0.044407,0.042614,0.041421,0.043109,0.046834,0.041845,0.04092,0.041585,0.040445,0.068439,0.041925,0.04722,0.040128,0.045853,0.049415,0.041242,0.049706,0.042629,0.042439,0.041424,0.044055,0.042406
0.042194,0.040523,0.052197,0.041436,0.039663,0.050383,0.057937,0.043385,0.046541,0.040605,0.04469,0.043825,0.042626,0.042373,0.042361,0.042338,0.04031,0.04621,0.062038,0.040599,0.043983,0.041196,0.042653,0.040433,0.042446,0.040885,0.063327,0.049828,0.043963,0.04216,0.042397,0.041996,0.043126,0.041748,0.050909,0.040879,0.041605,0.041734,0.042501,0.044553
0.043758,0.040924,0.059288,0.056746,0.049666,0.043867,0.052061,0.044216,0.042619,0.041743,0.040346,0.071231,0.052815,0.042943,0.042915,0.061721,0.040817,0.041508,0.044848,0.046511,0.041269,0.047413,0.071386,0.041599,0.041526,0.041965,0.045367,0.042864,0.048115,0.046,0.041419,0.041592,0.042291,0.044203,0.047278,0.042569,0.043846,0.041916,0.043486,0.041865
0.040802,0.040753,0.03955,0.044047,0.040591,0.040843,0.041699,0.043247,0.040344,0.043932,0.042015,0.044558,0.047863,0.051434,0.041108,0.042668,0.039937,0.043859,0.041089,0.041823,0.047524,0.047232,0.050576,0.040109,0.04086,0.049492,0.042188,0.059035,0.041491,0.042875,0.042159,0.050045,0.061131,0.042308,0.051218,0.041431,0.041467,0.043326,0.041353,0.05267
0.041716,0.042893,0.042936,0.043261,0.055752,0.068355,0.053051,0.039733,0.043163,0.042508,0.042858,0.041895,0.041779,0.040915,0.046524,0.05652,0.064788,0.040558,0.039697,0.049194,0.040494,0.043028,0.04972,0.040927,0.047199,0.047283,0.047727,0.047653,0.040633,0.043762,0.042456,0.040622,0.042098,0.042838,0.046703,0.042192,0.042791,0.042539,0.04334,0.044371
0.040954,0.041089,0.051977,0.043258,0.043042,0.04303,0.042662,0.046302,0.042687,0.043467,0.041626,0.05121,0.041269,0.042989,0.041368,0.042843,0.042238,0.047332,0.049294,0.042057,0.042404,0.044892,0.041119,0.04243,0.04388,0.043121,0.051061,0.044638,0.043279,0.042592,0.040712,0.044163,0.042882,0.046096,0.04436,0.048083,0.050879,0.052958,0.05108,0.044619
0.041891,0.041795,0.041721,0.04177,0.039543,0.044173,0.042683,0.041417,0.041261,0.04225,0.040106,0.044847,0.040311,0.040261,0.05346,0.047825,0.043402,0.05128,0.042046,0.051184,0.043399,0.041025,0.066475,0.048601,0.062496,0.041122,0.045907,0.041072,0.042251,0.048157,0.043485,0.0414,0.051474,0.059881,0.040635,0.048136,0.047954,0.042973,0.04034,0.041298
0.042128,0.040804,0.040409,0.054121,0.051682,0.059034,0.059521,0.063632,0.068933,0.048771,0.063641,0.049924,0.041343,0.041192,0.051704,0.042485,0.04025,0.04095,0.041494,0.042144,0.040696,0.051892,0.050252,0.054582,0.041174,0.041614,0.041437,0.040791,0.050374,0.047707,0.04342,0.041558,0.046172,0.04166,0.039886,0.049427,0.041793,0.042728,0.04982,0.039057
0.046837,0.04229,0.041758,0.046465,0.042426,0.041627,0.041102,0.040621,0.040185,0.059618,0.05575,0.043721,0.053804,0.049361,0.040538,0.04046,0.040823,0.043232,0.042203,0.040634,0.040425,0.041667,0.051985,0.040166,0.046145,0.0489,0.040117,0.039354,0.055722,0.043511,0.041822,0.051397,0.049842,0.047111,0.044721,0.045005,0.040547,0.042729,0.051385,0.039195
0.042035,0.041601,0.042036,0.041091,0.041669,0.040449,0.042044,0.040117,0.0422,0.046671,0.062629,0.052375,0.050541,0.04297,0.041075,0.045491,0.041715,0.047519,0.049303,0.043482,0.041123,0.042826,0.040799,0.043187,0.04957,0.041479,0.041377,0.041748,0.041838,0.042195,0.044976,0.042784,0.040869,0.04731,0.050151,0.042936,0.043059,0.048326,0.040979,0.041428
0.041478,0.04046,0.040566,0.046076,0.043379,0.041571,0.04344,0.04123,0.044454,0.048406,0.04078,0.042479,0.04141,0.042749,0.041449,0.041211,0.041251,0.041017,0.041955,0.04379,0.040773,0.041666,0.057348,0.040775,0.039767,0.047478,0.042098,0.039256,0.040775,0.042353,0.056759,0.043478,0.041419,0.04144,0.041594,0.049765,0.048186,0.042349,0.04125,0.042159
0.05636,0.044488,0.040015,0.043931,0.042964,0.040819,0.04472,0.041904,0.041964,0.050785,0.054199,0.060101,0.041352,0.042413,0.047385,0.040893,0.041186,0.045258,0.042744,0.040223,0.040423,0.04757,0.043939,0.040389,0.042577,0.042239,0.040696,0.041111,0.042501,0.042208,0.041703,0.042384,0.041232,0.057395,0.042004,0.039811,0.042371,0.04091,0.04719,0.052449
0.042311,0.040455,0.053905,0.042793,0.040904,0.040147,0.041264,0.045869,0.048027,0.039496,0.040587,0.040837,0.042949,0.041178,0.040767,0.053142,0.041603,0.042131,0.047746,0.040343,0.047691,0.047818,0.039996,0.041039,0.042944,0.040394,0.042857,0.042669,0.041949,0.049441,0.040983,0.04148,0.048968,0.041285,0.041808,0.045399,0.040504,0.040744,0.041262,0.047932
0.043836,0.042,0.041637,0.040508,0.043926,0.043032,0.041147,0.041934,0.039462,0.041371,0.040708,0.041477,0.041667,0.039706,0.04276,0.048613,0.042348,0.045428,0.039546,0.045361,0.040968,0.040564,0.040199,0.046593,0.045431,0.041104,0.042421,0.04258,0.041621,0.04319,0.047083,0.042198,0.042548,0.040099,0.041513,0.041928,0.040242,0.042127,0.040766,0.042943
0.043854,0.040611,0.041785,0.039182,0.041194,0.046617,0.041479,0.039663,0.040292,0.041861,0.051057,0.041807,0.040858,0.049007,0.041088,0.048086,0.048565,0.041084,0.041232,0.04059,0.041687,0.042577,0.044734,0.043813,0.041695,0.042702,0.051492,0.045325,0.041821,0.046819,0.043324,0.040806,0.049205,0.05843,0.045022,0.054512,0.040883,0.04229,0.042845,0.05051
0.042108,0.041134,0.042132,0.042032,0.047629,0.044514,0.050441,0.041354,0.051628,0.044469,0.043196,0.043595,0.046523,0.055766,0.052165,0.050975,0.041302,0.042845,0.04182,0.052401,0.06817,0.042684,0.040701,0.047602,0.046601,0.045992,0.040529,0.042747,0.042137,0.04916,0.047383,0.041909,0.04704,0.04136,0.043466,0.041358,0.041209,0.049414,0.062676,0.049406
0.045874,0.040981,0.050374,0.056764,0.040903,0.043841,0.040554,0.049613,0.043985,0.041558,0.047065,0.047282,0.042113,0.041298,0.041679,0.040477,0.042434,0.041817,0.046012,0.044694,0.04141,0.045567,0.041875,0.04672,0.052008,0.050388,0.054018,0.042483,0.049414,0.042809,0.047476,0.042571,0.040364,0.043214,0.041545,0.042911,0.041851,0.041696,0.042418,0.047455
0.041361,0.040991,0.041835,0.043722,0.047237,0.052177,0.049588,0.039334,0.048646,0.04022,0.052859,0.043244,0.05535,0.049741,0.047706,0.04705,0.041012,0.045972,0.041008,0.042654,0.04088,0.043915,0.046974,0.056422,0.041428,0.041317,0.043448,0.041316,0.049304,0.042391,0.040795,0.04653,0.043534,0.042959,0.04135,0.040953,0.042857,0.03945,0.056829,0.041332
0.047312,0.04104,0.044732,0.048353,0.041712,0.040269,0.040618,0.047115,0.044699,0.0408,0.041789,0.040252,0.043315,0.042253,0.045226,0.05406,0.051108,0.041566,0.044517,0.048607,0.040832,0.041777,0.041034,0.041908,0.041876,0.053718,0.045112,0.059631,0.041885,0.042411,0.041475,0.041735,0.040398,0.040873,0.040951,0.048497,0.0433,0.042535,0.040755,0.052815
0.047716,0.04268,0.054614,0.064078,0.051735,0.044058,0.040941,0.042264,0.054729,0.043038,0.040755,0.043935,0.041228,0.064177,0.056056,0.043487,0.041061,0.040299,0.041667,0.047295,0.046021,0.045619,0.040728,0.058727,0.04088,0.061322,0.056953,0.04358,0.051411,0.041724,0.041315,0.040856,0.041713,0.041038,0.042134,0.042312,0.0422,0.045315,0.040752,0.047612
0.042333,0.041594,0.042757,0.041041,0.048911,0.050189,0.052096,0.05618,0.041674,0.04141,0.042947,0.042263,0.040492,0.041208,0.039415,0.042745,0.041097,0.039961,0.047802,0.046829,0.042964,0.041699,0.041001,0.040635,0.043271,0.040473,0.056304,0.042858,0.055095,0.043092,0.04056,0.043791,0.041019,0.049225,0.042701,0.040459,0.055304,0.03963,0.041066,0.041963
