0.070821,0.06062,0.054309,0.053606,0.053136,0.053589,0.055957,0.055732,0.055841,0.052947,0.056482,0.05497,0.053655,0.060629,0.054153,0.058927,0.052498,0.053208,0.064931,0.065209,0.053979,0.054111,0.055442,0.055504,0.058231,0.056864,0.058051,0.053884,0.05524,0.053423,0.061814,0.052262,0.053726,0.054666,0.064978,0.053121,0.053865,0.060417,0.054663,0.061086
0.035795,0.051058,0.051105,0.04315,0.036362,0.062043,0.040318,0.046497,0.058604,0.047391,0.049208,0.048395,0.056107,0.037894,0.050163,0.050354,0.056453,0.057008,0.036625,0.053877,0.05718,0.039462,0.036284,0.035748,0.037531,0.043136,0.036178,0.049322,0.054228,0.04073,0.049483,0.063773,0.036651,0.053116,0.036316,0.040612,0.040465,0.036934,0.04075,0.037737
0.051075,0.048922,0.048142,0.05699,0.039646,0.051952,0.030712,0.050134,0.031763,0.051925,0.055901,0.032955,0.05133,0.034913,0.033045,0.042215,0.058018,0.037634,0.039058,0.03207,0.031859,0.03182,0.056236,0.037865,0.036622,0.040432,0.03193,0.050338,0.033178,0.03152,0.051857,0.03895,0.03703,0.041472,0.032825,0.032281,0.033875,0.032992,0.038045,0.042502
0.051976,0.049721,0.056275,0.057087,0.043563,0.03491,0.047004,0.046542,0.037579,0.030706,0.050749,0.047649,0.057081,0.040419,0.044593,0.043343,0.033866,0.048298,0.033188,0.036178,0.050964,0.046689,0.056601,0.047066,0.030705,0.053805,0.042532,0.050388,0.054501,0.043126,0.039127,0.030244,0.030439,0.07277,0.041188,0.034002,0.044478,0.050518,0.048504,0.053739
0.04098,0.047523,0.047576,0.049356,0.048487,0.056489,0.048612,0.04877,0.033639,0.050419,0.032207,0.050058,0.043332,0.030178,0.054042,0.048394,0.048949,0.042237,0.047917,0.055357,0.051721,0.048705,0.047399,0.049415,0.03263,0.050706,0.055597,0.048315,0.050776,0.047069,0.029772,0.053587,0.047939,0.049544,0.031808,0.050967,0.057322,0.028824,0.047665,0.055866
0.048115,0.049721,0.048939,0.029013,0.053873,0.054751,0.042939,0.055235,0.050322,0.048033,0.050488,0.046931,0.030812,0.052739,0.036552,0.04879,0.048319,0.047776,0.049167,0.058542,0.040041,0.040946,0.028421,0.056843,0.029554,0.033376,0.046966,0.047753,0.05024,0.056633,0.048323,0.036407,0.028877,0.053663,0.056061,0.040448,0.056028,0.030794,0.046484,0.055627
0.049204,0.048268,0.050054,0.047652,0.048677,0.049069,0.057334,0.049451,0.038384,0.045151,0.036128,0.04494,0.044713,0.045533,0.039214,0.05193,0.050847,0.028654,0.056565,0.046974,0.045592,0.035174,0.058653,0.028457,0.046343,0.056142,0.040657,0.033855,0.051495,0.036828,0.048787,0.051978,0.039353,0.045788,0.03504,0.029072,0.028972,0.057093,0.029425,0.032709
0.034358,0.054275,0.048354,0.049359,0.028024,0.036536,0.046651,0.048654,0.048621,0.048056,0.041987,0.04981,0.04455,0.052088,0.057272,0.044235,0.053474,0.047668,0.046915,0.034406,0.051809,0.030648,0.052359,0.046811,0.039109,0.038002,0.036509,0.030359,0.028713,0.028903,0.038559,0.036346,0.028521,0.047382,0.048079,0.034654,0.050585,0.034025,0.053772,0.043704
0.054065,0.050094,0.037324,0.028351,0.053156,0.049026,0.048748,0.028182,0.053521,0.043789,0.061618,0.028006,0.047835,0.049587,0.050268,0.053195,0.029083,0.035392,0.036497,0.028571,0.037804,0.03143,0.046871,0.056325,0.037989,0.028362,0.045192,0.04868,0.05604,0.049566,0.048859,0.030456,0.032106,0.046411,0.040625,0.044591,0.055739,0.048986,0.029717,0.053793
0.048103,0.031856,0.052332,0.049373,0.036776,0.034523,0.048919,0.035528,0.046642,0.04592,0.05078,0.037127,0.028164,0.052775,0.056763,0.028462,0.031012,0.051274,0.029302,0.04254,0.035397,0.028907,0.048016,0.029744,0.030244,0.042334,0.028534,0.032303,0.03549,0.028512,0.039851,0.028915,0.035231,0.034347,0.051168,0.049322,0.047872,0.049388,0.031738,0.057213
0.050848,0.046356,0.051058,0.048826,0.048175,0.048931,0.046226,0.043288,0.029382,0.048733,0.049587,0.034632,0.048689,0.048319,0.048525,0.038063,0.045881,0.049113,0.036813,0.046832,0.041778,0.041949,0.056347,0.049816,0.047493,0.049207,0.048197,0.037303,0.046925,0.048055,0.057758,0.048991,0.046828,0.047794,0.037885,0.047686,0.035915,0.047862,0.055331,0.043044
0.047208,0.056611,0.056167,0.050928,0.044964,0.043015,0.056456,0.049198,0.048392,0.046675,0.038031,0.028126,0.047287,0.058,0.0468,0.048011,0.049259,0.048809,0.05519,0.048862,0.048499,0.039777,0.028003,0.050998,0.037663,0.02672,0.046561,0.041962,0.027015,0.047896,0.052589,0.036496,0.029349,0.03663,0.03821,0.048317,0.027176,0.055937,0.027853,0.048605
0.047045,0.058592,0.054488,0.041677,0.055342,0.049251,0.048926,0.043915,0.053191,0.03698,0.054606,0.041276,0.046627,0.039205,0.029374,0.052166,0.036921,0.054869,0.042165,0.054652,0.027938,0.048403,0.033766,0.050225,0.055613,0.049202,0.049695,0.048458,0.048314,0.049075,0.056378,0.049866,0.047395,0.04864,0.047186,0.049994,0.047714,0.045068,0.028484,0.046591
0.048626,0.055643,0.049948,0.048332,0.047103,0.049166,0.048754,0.049688,0.049236,0.038976,0.053772,0.026804,0.047059,0.03794,0.042491,0.039603,0.047738,0.056999,0.028348,0.036952,0.053504,0.028129,0.029864,0.037598,0.028134,0.036881,0.030788,0.033789,0.038981,0.048703,0.049062,0.028297,0.041723,0.037131,0.034179,0.031829,0.028376,0.03755,0.026856,0.02753
0.054653,0.055375,0.02887,0.030457,0.036092,0.051644,0.027999,0.042784,0.030211,0.027544,0.035882,0.029108,0.057397,0.050267,0.027881,0.033237,0.057516,0.030508,0.027446,0.041253,0.034415,0.027406,0.034051,0.029387,0.041612,0.028024,0.046577,0.035456,0.036383,0.02975,0.036071,0.050105,0.049735,0.048568,0.030109,0.048749,0.040223,0.029492,0.038025,0.027536
0.041987,0.038536,0.040194,0.036954,0.02766,0.037248,0.031088,0.02981,0.041745,0.026395,0.046512,0.039856,0.029646,0.037181,0.026918,0.039033,0.028306,0.039263,0.054304,0.027119,0.037754,0.034612,0.035455,0.0277,0.028696,0.0416,0.026357,0.030383,0.043186,0.02715,0.038741,0.035951,0.03528,0.037206,0.038359,0.033083,0.028499,0.037821,0.030149,0.040531
0.027943,0.033538,0.030753,0.034288,0.036463,0.028701,0.040461,0.027622,0.041469,0.032077,0.027918,0.034038,0.030598,0.029145,0.035105,0.040721,0.031538,0.028395,0.061064,0.027618,0.030037,0.036178,0.02986,0.038559,0.027649,0.041022,0.036731,0.028352,0.027494,0.04105,0.028724,0.032763,0.032289,0.045109,0.038006,0.03388,0.033536,0.037503,0.029243,0.032944
0.032603,0.03779,0.02877,0.036452,0.055104,0.026884,0.034753,0.049804,0.049787,0.047906,0.048815,0.044048,0.028269,0.027741,0.036046,0.029184,0.040727,0.034533,0.028694,0.036239,0.028344,0.050113,0.041542,0.033015,0.028402,0.029261,0.033226,0.035446,0.050012,0.049821,0.056313,0.027181,0.029726,0.053253,0.048343,0.036913,0.035805,0.036084,0.027254,0.032543
0.030658,0.04066,0.027008,0.037401,0.039585,0.027145,0.033405,0.027782,0.032146,0.038722,0.028585,0.04069,0.037134,0.027043,0.03621,0.034368,0.028028,0.034244,0.033764,0.043977,0.054003,0.048755,0.040921,0.031288,0.034992,0.027477,0.03445,0.029887,0.042442,0.027016,0.030779,0.044168,0.027627,0.04097,0.032105,0.037979,0.035609,0.033255,0.031261,0.052147
0.049143,0.035605,0.033355,0.034573,0.032749,0.032017,0.03485,0.028817,0.041073,0.027255,0.042315,0.026829,0.030969,0.039409,0.026788,0.049986,0.055495,0.026849,0.04223,0.038022,0.044943,0.026766,0.033359,0.035105,0.029857,0.035554,0.029467,0.054834,0.029492,0.040014,0.031296,0.03047,0.0418,0.027007,0.02967,0.037941,0.027567,0.040094,0.047974,0.049115
0.058077,0.027827,0.02871,0.040199,0.029172,0.039574,0.027879,0.030373,0.03717,0.027059,0.039329,0.04807,0.033066,0.031264,0.03767,0.03222,0.029749,0.038457,0.02844,0.055249,0.04811,0.03093,0.039348,0.027719,0.030266,0.043087,0.027574,0.031984,0.033755,0.031562,0.038642,0.049584,0.047002,0.049906,0.047441,0.037997,0.029323,0.041679,0.03516,0.027414
0.027974,0.053036,0.041811,0.025928,0.029267,0.037596,0.047333,0.054464,0.048938,0.03249,0.028979,0.038428,0.034424,0.035754,0.027593,0.054866,0.028772,0.031085,0.039237,0.03555,0.027827,0.033474,0.036149,0.028057,0.053936,0.046599,0.044919,0.027672,0.027654,0.04103,0.028245,0.035319,0.036882,0.02696,0.042098,0.02701,0.029475,0.036325,0.033079,0.032409
0.047352,0.057958,0.034785,0.027791,0.027573,0.05496,0.030185,0.036495,0.035003,0.028422,0.036807,0.032832,0.037387,0.027149,0.041816,0.026993,0.030818,0.03453,0.032347,0.035241,0.02967,0.038437,0.029505,0.037812,0.028735,0.035672,0.035832,0.028541,0.038904,0.028815,0.042732,0.027742,0.028305,0.037272,0.038353,0.035085,0.027264,0.027741,0.039747,0.03238
0.029112,0.034555,0.036625,0.030428,0.034414,0.030098,0.037304,0.028973,0.042028,0.02842,0.03099,0.039671,0.028351,0.030627,0.044377,0.027502,0.037123,0.02816,0.032372,0.035796,0.028721,0.039921,0.02685,0.041638,0.037203,0.031468,0.028435,0.027343,0.037154,0.037014,0.028021,0.030766,0.035701,0.030616,0.054613,0.028028,0.037141,0.04097,0.035315,0.026875
0.028286,0.035351,0.036682,0.028635,0.051403,0.033792,0.044094,0.041737,0.027994,0.032953,0.032671,0.059222,0.027057,0.034637,0.037336,0.026788,0.035253,0.04761,0.035059,0.035457,0.028578,0.039384,0.028558,0.031525,0.055436,0.02734,0.04419,0.027714,0.039854,0.027225,0.028585,0.06159,0.028301,0.03494,0.026791,0.03541,0.029437,0.047008,0.027588,0.036965
0.035768,0.03919,0.035684,0.029541,0.039788,0.036351,0.027193,0.028021,0.041374,0.026074,0.056749,0.036988,0.02705,0.027579,0.040919,0.034255,0.027308,0.033289,0.038439,0.027904,0.036818,0.04665,0.035926,0.034248,0.028759,0.038049,0.030187,0.042428,0.0354,0.026968,0.047486,0.05693,0.049133,0.02718,0.048784,0.035423,0.047091,0.037449,0.028574,0.041858
0.026782,0.03093,0.037952,0.037621,0.026242,0.040474,0.030601,0.031521,0.029372,0.037806,0.028089,0.051694,0.055978,0.026666,0.036063,0.03067,0.035309,0.031086,0.044164,0.027237,0.027601,0.041841,0.026448,0.03059,0.061497,0.027288,0.0287,0.055029,0.049316,0.047741,0.038036,0.027894,0.041337,0.026619,0.034232,0.030517,0.041623,0.026511,0.032853,0.044268
0.026773,0.02963,0.037081,0.027775,0.03421,0.039391,0.03777,0.027618,0.026939,0.042382,0.026483,0.032713,0.030831,0.038532,0.032082,0.037359,0.030286,0.033111,0.029436,0.055286,0.047405,0.051112,0.055032,0.028158,0.030074,0.040453,0.027167,0.034581,0.031056,0.037164,0.029262,0.041248,0.028063,0.033129,0.03125,0.04043,0.027593,0.034429,0.032301,0.042985
0.026502,0.02938,0.037999,0.028659,0.037548,0.029436,0.03383,0.033287,0.040705,0.026814,0.049377,0.056874,0.048686,0.029064,0.052353,0.029744,0.034232,0.039007,0.026581,0.039822,0.027404,0.036272,0.029341,0.035542,0.034003,0.033578,0.033541,0.039523,0.026687,0.028482,0.038513,0.029409,0.05193,0.036155,0.046942,0.050437,0.032421,0.03126,0.039122,0.027542
0.03605,0.031306,0.036633,0.038305,0.028001,0.031281,0.035348,0.030654,0.038974,0.038121,0.048017,0.026837,0.04872,0.056475,0.028016,0.04982,0.048159,0.040644,0.027798,0.039609,0.027985,0.034136,0.030178,0.034341,0.034324,0.033726,0.030414,0.040218,0.027413,0.034252,0.041213,0.02748,0.02901,0.045837,0.028304,0.027172,0.036733,0.03586,0.02787,0.033977
0.038519,0.027813,0.050332,0.03082,0.041779,0.035447,0.027609,0.028228,0.037491,0.056794,0.030293,0.047254,0.029896,0.053177,0.029344,0.036952,0.034548,0.028272,0.03567,0.039503,0.027,0.029966,0.059702,0.028447,0.048924,0.036402,0.033459,0.028102,0.036527,0.02894,0.04736,0.028829,0.027735,0.032485,0.031024,0.037445,0.049235,0.031035,0.037466,0.028234
0.037002,0.029832,0.036948,0.028351,0.052022,0.052962,0.028013,0.055254,0.049717,0.048569,0.032641,0.040092,0.026777,0.048467,0.038439,0.027194,0.045434,0.033455,0.028488,0.028286,0.034454,0.032546,0.035726,0.039021,0.028407,0.028834,0.033799,0.036568,0.029642,0.039007,0.028048,0.042017,0.02731,0.033545,0.029822,0.047716,0.049654,0.046685,0.027448,0.0281
0.036185,0.034848,0.028041,0.042559,0.02687,0.035965,0.029314,0.043102,0.027894,0.031051,0.046594,0.036807,0.055624,0.026564,0.037818,0.033767,0.02814,0.039957,0.027093,0.038661,0.047131,0.031856,0.034344,0.03251,0.033902,0.048958,0.039981,0.027021,0.035723,0.049433,0.029548,0.042401,0.027385,0.035719,0.046336,0.050113,0.04069,0.050236,0.027429,0.028581
0.054722,0.029858,0.033704,0.033702,0.040281,0.026699,0.02963,0.040442,0.027705,0.052147,0.03146,0.036573,0.029758,0.05532,0.049609,0.037373,0.027244,0.040045,0.026826,0.029507,0.062972,0.036113,0.053732,0.055786,0.027614,0.031858,0.052093,0.03488,0.049,0.032907,0.050241,0.031343,0.037789,0.028696,0.04669,0.0583,0.048919,0.028147,0.055044,0.045404
0.043986,0.025929,0.029,0.042577,0.038095,0.028884,0.027188,0.032707,0.032154,0.032345,0.039511,0.027396,0.044785,0.027743,0.02783,0.035723,0.041637,0.036537,0.03763,0.049213,0.032741,0.03936,0.034232,0.026723,0.037379,0.028527,0.036257,0.02958,0.036786,0.05537,0.02867,0.031369,0.033374,0.032228,0.037724,0.029109,0.040029,0.027825,0.032794,0.034543
0.031938,0.037935,0.027183,0.042711,0.02664,0.031859,0.04574,0.041965,0.029055,0.037797,0.03195,0.029212,0.043973,0.027264,0.029787,0.032845,0.035717,0.032232,0.033149,0.035997,0.036433,0.028008,0.032931,0.039189,0.027303,0.052797,0.053985,0.028902,0.033869,0.029512,0.035728,0.037525,0.028777,0.032557,0.058143,0.027133,0.031115,0.038557,0.027774,0.035442
0.030285,0.040415,0.028158,0.035124,0.047102,0.035012,0.032187,0.0374,0.028734,0.03187,0.043157,0.028297,0.029832,0.034862,0.031616,0.038868,0.027683,0.036681,0.032412,0.056503,0.027198,0.028781,0.042136,0.02811,0.036644,0.028127,0.03619,0.030937,0.036172,0.030203,0.036724,0.041504,0.027575,0.027569,0.040429,0.028291,0.032646,0.03848,0.027889,0.036297
0.029649,0.041786,0.035195,0.027815,0.053861,0.027216,0.034114,0.028917,0.037067,0.02983,0.031725,0.034897,0.036919,0.029817,0.037776,0.039946,0.031127,0.036184,0.027592,0.033652,0.027656,0.037612,0.027907,0.038528,0.029941,0.034683,0.030779,0.033968,0.034374,0.032318,0.033359,0.033162,0.037882,0.029415,0.034394,0.033791,0.055475,0.036424,0.027252,0.03618
0.026895,0.035118,0.035426,0.02919,0.034555,0.031769,0.031303,0.036746,0.029884,0.041003,0.031347,0.031514,0.034973,0.031999,0.048096,0.040755,0.027132,0.046967,0.036288,0.033248,0.03186,0.039656,0.036765,0.028311,0.028008,0.036605,0.029324,0.049625,0.055294,0.048659,0.05533,0.044076,0.034691,0.02842,0.041383,0.047518,0.049242,0.044727,0.040678,0.02824
0.034232,0.03833,0.037383,0.027166,0.027513,0.03643,0.03618,0.028459,0.048261,0.04492,0.027382,0.029404,0.040418,0.02796,0.038804,0.027026,0.035948,0.028961,0.051843,0.049767,0.048774,0.038209,0.029168,0.039866,0.034433,0.035466,0.026876,0.054349,0.028106,0.033639,0.035521,0.028235,0.042158,0.026727,0.048578,0.057204,0.03231,0.026357,0.036903,0.033164
