-3.1321,51.509
-3.1999,51.511
-3.1789,51.482
-3.1773,51.482
-3.1654,51.464
-3.1717,51.483
-3.1768,51.48
-3.1735,51.482
-3.208,51.472
-3.1316,51.509
-3.1797,51.477
-3.1657,51.494
-3.1771,51.48
-3.1784,51.488
-3.1803,51.481
-3.1649,51.465
-3.166,51.465
-3.1876,51.501
-3.1664,51.494
-3.1781,51.481
-3.1994,51.511
-3.2081,51.472
-3.208,51.472
-3.1577,51.485
-3.1816,51.494
-3.2,51.512
-3.1775,51.489
-3.1785,51.481
-3.1761,51.477
-3.165,51.485
-3.1877,51.529
-3.1673,51.494
-3.1743,51.482
-3.1886,51.529
-3.17,51.493
-3.1792,51.476
-3.1739,51.483
-3.172,51.483
-3.1754,51.48
-3.1321,51.509
-3.1737,51.482
-3.2348,51.499
-3.1318,51.509
-3.1936,51.538
-3.1775,51.481
-3.1789,51.482
