-1.1501,52.953
-1.1565,52.976
-1.1478,52.952
-1.147,52.947
-1.1778,52.964
-1.1355,52.976
-1.1291,52.957
-1.1454,52.982
-1.1472,52.953
-1.1474,52.954
-1.1474,52.954
-1.1217,52.955
-1.2298,52.95
-1.1477,52.954
-1.1517,52.953
-1.139,52.952
-1.146,52.982
-1.1481,52.957
-1.1494,52.952
-1.1534,52.971
-1.1948,52.938
-1.1849,52.985
-1.1747,52.949
-1.1478,52.954
-1.1475,52.955
-1.1473,52.954
-1.1473,52.953
-1.1525,52.972
-1.1715,52.947
-1.1472,52.955
-1.1483,52.955
-1.1513,52.962
-1.161,52.972
-1.1479,52.954
-1.1499,52.952
-1.2296,52.956
-1.211,52.936
-1.143,52.959
-1.1837,52.947
-1.1325,52.952
-1.1595,52.986
-1.1773,52.956
-1.2333,52.946
-1.2318,52.946
-1.1474,52.957
-1.1494,52.953
-1.1634,52.946
