-3.5050835,50.721496
-3.5177569,50.7225762
-3.5336897,50.734947
-3.5050636,50.7214584
-3.4816498,50.7085989
-3.5403149,50.7176622
-3.4656978,50.7227148
-3.5153409,50.723983
-3.5246882,50.7266254
-3.5297368,50.7349653
-3.4698826,50.7403016
-3.5292674,50.7240739
-3.5276863,50.7255964
-3.5292313,50.7247748
-3.5395202,50.7170517
-3.5277667,50.724309
-3.4653289,50.6830371
-3.5275106,50.7255472
-3.5290927,50.7243313
-3.5330007,50.7223501
-3.5268366,50.7235885
-3.4817769,50.7086409
-3.5296464,50.724556
-3.5045245,50.7214295
-3.5431342,50.7293183
-3.4817161,50.7086252
-3.481313,50.7101289
-3.4660871,50.684145
-3.4795961,50.7331295
-3.5279439,50.7254225
-3.504022,50.7339302
-3.5298871,50.7246949
-3.5317436,50.7230773
-3.5323595,50.7242409
-3.5398903,50.71732
-3.5319835,50.7186907
-3.5205416,50.7210728
-3.5270024,50.7037178
-3.5045551,50.721397
