-2.5913,51.475
-2.5969,51.453
-2.6066,51.457
-2.6073,51.466
-2.5893,51.457
-2.5955,51.454
-2.5476,51.5
-2.5916,51.474
-2.597,51.53
-2.5326,51.478
-2.6096,51.464
-2.6007,51.453
-2.6117,51.441
-2.5999,51.453
-2.5787,51.442
-2.6771,51.495
-2.5038,51.481
-2.5029,51.489
-2.5548,51.459
-2.5914,51.473
-2.5912,51.473
-2.5402,51.526
-2.5709,51.528
-2.5952,51.454
-2.6096,51.464
-2.5029,51.489
-2.6128,51.468
-2.5912,51.457
-2.612,51.467
-2.6128,51.468
-2.59,51.464
-2.6128,51.457
-2.5918,51.472
-2.6205,51.455
-2.6136,51.469
-2.5536,51.46
-2.5743,51.509
-2.595,51.524
-2.6082,51.457
-2.5655,51.458
-2.607,51.457
-2.5735,51.51
-2.6094,51.464
-2.6094,51.463
-2.5999,51.45
-2.6062,51.456
-2.6083,51.458
-2.549,51.536
-2.5807,51.449
-2.5404,51.49
-2.5918,51.472
-2.6093,51.463
-2.6189,51.455
-2.6182,51.495
-2.4979,51.45
-2.5702,51.528
-2.4933,51.438
-2.6093,51.464
-2.5599,51.442
-2.5875,51.458
-2.6093,51.464
-2.6202,51.521
-2.5933,51.47
-2.5029,51.489
-2.6187,51.455
-2.5533,51.508
-2.625,51.488
-2.5572,51.474
-2.6209,51.455
