-1.6129671,54.9767689
-1.6127813,54.9737206
-1.6139409,54.9785907
-1.6130636,54.9770043
-1.6133987,54.9769365
-1.6136537,54.9775431
-1.6119094,54.9747523
-1.6131308,54.9771999
-1.6150407,54.9788155
-1.6133264,54.9776477
-1.6048925,54.9701342
-1.6128122,54.9730484
-1.586992,54.9759883
-1.6175409,54.9743092
-1.6366951,55.0483079
-1.6617709,55.0140578
-1.6981003,54.9928856
-1.6151182,54.9788661
-1.6650925,55.0130047
-1.7139384,55.037752
-1.6113942,54.9732565
-1.6134391,54.977052
-1.613026,54.9769012
