-1.8383858,53.8484715
-1.9090424,53.8670781
-1.9085059,53.8681187
-1.8365389,53.8467239
-1.7327389,53.771994
-1.8236599,53.9260557
-1.8364618,53.8472911
-1.7307022,53.8355681
-1.8385739,53.8487145
-1.9030245,53.8749494
-1.7321808,53.8245005
-1.7340224,53.8426999
-1.8390856,53.8492824
-1.9074493,53.8679405
-1.7537208,53.803861
-1.7567629,53.7910928
-1.7872278,53.8360854
-1.7409392,53.8893209
-1.9042448,53.8687467
-1.7762557,53.8340718
-1.7471223,53.7916054
-1.8170823,53.9243295
-1.909495,53.8670019
-1.7798622,53.8320796
-1.8236298,53.9247349
-1.8382314,53.8484003
-1.8877437,53.8593763
-1.9621753,53.8977328
-1.7730799,53.8055138
-1.7765347,53.8329207
-1.8417536,53.7680872
-1.7732802,53.805695
-1.8239728,53.9243302
-1.754263,53.7934027
-1.7778248,53.8336537
-1.8236276,53.9248601
-1.9084126,53.865813
-1.9020707,53.8695193
-1.9095142,53.8667459
-1.7306779,53.8349032
-1.9073929,53.8658996
-1.8157644,53.8160599
-1.8384472,53.8484473
-1.9079551,53.865794
