-0.28606,51.477
-0.12707,51.495
0.13662,51.458
-0.10821,51.519
-0.12581,51.514
0.052755,51.451
-0.038102,51.476
0.014965,51.403
-0.19806,51.415
-0.12036,51.559
-0.35775,51.45
-0.093264,51.375
-0.16241,51.546
-0.084353,51.526
-0.17792,51.492
-0.080241,51.53
-0.14486,51.496
-0.035238,51.474
-0.35174,51.568
-0.32575,51.484
-0.1413,51.549
-0.39927,51.556
-0.075413,51.549
-0.089941,51.544
-0.34665,51.569
0.075218,51.517
0.056556,51.526
0.026249,51.593
-0.11273,51.471
-0.096632,51.507
-0.14337,51.497
-0.20443,51.534
0.01501,51.403
-0.12684,51.524
-0.3578,51.452
-0.028228,51.407
0.24926,51.556
-0.21626,51.463
0.0032364,51.485
-0.077621,51.529
-0.11488,51.57
-0.24298,51.596
0.1996,51.586
-0.14067,51.55
-0.14082,51.508
-0.13791,51.492
0.026377,51.593
-0.17544,51.461
-0.10165,51.52
-0.12928,51.513
-0.07456,51.558
-0.35235,51.528
-0.11865,51.558
-0.071218,51.515
-0.12151,51.519
-0.09854,51.53
-0.14185,51.538
-0.19474,51.509
0.21761,51.563
0.14678,51.465
0.023414,51.595
-0.11806,51.563
-0.11876,51.564
-0.14168,51.545
-0.087426,51.553
-0.11195,51.513
-0.22318,51.503
-0.11088,51.525
-0.24248,51.379
-0.10462,51.547
-0.2051,51.526
-0.17656,51.617
-0.32976,51.427
-0.19676,51.651
-0.32804,51.446
-0.088348,51.497
0.023099,51.517
-0.10645,51.532
-0.075713,51.546
-0.0595,51.588
-0.095832,51.489
-0.32833,51.447
-0.040528,51.549
-0.11316,51.518
-0.098364,51.523
-0.18748,51.511
-0.0092222,51.507
-0.13814,51.461
-0.10355,51.544
0.21855,51.563
-0.14218,51.539
-0.12132,51.519
-0.19903,51.48
-0.091498,51.528
-0.098595,51.578
-0.13957,51.507
-0.12321,51.51
-0.13308,51.519
-0.025723,51.502
-0.10437,51.547
-0.15166,51.445
-0.11208,51.569
-0.18704,51.442
-0.13873,51.535
-0.13152,51.515
0.035542,51.536
-0.1454,51.538
-0.20967,51.517
-0.35053,51.552
-0.37298,51.608
-0.099723,51.496
-0.17193,51.492
-0.069587,51.592
-0.37754,51.426
-0.16833,51.428
-0.10954,51.597
-0.12103,51.532
-0.1032,51.591
-0.14522,51.497
-0.07405,51.561
-0.25641,51.403
-0.30295,51.462
-0.39926,51.579
-0.22583,51.502
-0.18919,51.478
-0.19615,51.572
-0.10569,51.593
-0.12262,51.489
0.1479,51.54
-0.25554,51.4
-0.1062,51.593
0.14706,51.561
-0.30394,51.404
-0.047073,51.544
-0.077457,51.524
0.066553,51.522
-0.22427,51.507
-0.15345,51.513
-0.21984,51.485
-0.161,51.365
-0.17008,51.479
-0.12856,51.512
-0.201,51.475
-0.19243,51.361
0.24939,51.557
-0.1245,51.508
0.0099188,51.633
-0.14263,51.539
0.015333,51.404
-0.19533,51.402
-0.10947,51.596
-0.37133,51.576
0.0019554,51.542
-0.056928,51.406
-0.073729,51.561
-0.28561,51.477
-0.016073,51.504
-0.019221,51.528
-0.12274,51.511
-0.256,51.401
-0.25586,51.401
-0.056258,51.511
-0.27266,51.507
-0.165,51.465
0.057088,51.451
-0.012246,51.494
-0.071917,51.584
-0.15285,51.444
0.035263,51.536
-0.33984,51.605
-0.04429,51.495
-0.20782,51.421
-0.15017,51.466
-0.019855,51.586
-0.13126,51.426
-0.21076,51.518
-0.18988,51.516
-0.33036,51.485
0.0083188,51.633
-0.1116,51.552
-0.13754,51.524
-0.21581,51.557
-0.13169,51.648
-0.15622,51.44
-0.31506,51.5
-0.054311,51.439
-0.14275,51.496
-0.12351,51.569
-0.036987,51.527
-0.11693,51.542
-0.1309,51.508
-0.083209,51.496
-0.1954,51.402
-0.1564,51.519
-0.30208,51.514
-0.087469,51.526
-0.1246,51.508
-0.12037,51.511
-0.13758,51.462
-0.11454,51.56
-0.085958,51.505
-0.12403,51.569
-0.10559,51.534
-0.14069,51.549
-0.31683,51.601
0.033673,51.315
-0.15264,51.443
-0.041259,51.513
-0.070681,51.525
-0.3021,51.463
-0.16581,51.464
-0.32813,51.447
0.23281,51.593
-0.14428,51.495
-0.03341,51.581
-0.13387,51.528
-0.1356,51.522
-0.012883,51.583
-0.018446,51.594
-0.1216,51.519
-0.10573,51.534
-0.023527,51.584
-0.037359,51.476
-0.014593,51.504
-0.17617,51.403
-0.22748,51.513
-0.12466,51.522
0.0082551,51.633
0.0061236,51.501
-0.10608,51.534
-0.11921,51.5
-0.13262,51.514
0.063857,51.508
-0.053315,51.547
-0.073812,51.562
-0.094713,51.375
0.0077098,51.633
-0.12383,51.53
-0.15995,51.513
-0.0088116,51.556
-0.12577,51.502
-0.13071,51.499
-0.10951,51.597
-0.11426,51.464
-0.39666,51.488
-0.023046,51.584
-0.16133,51.491
-0.16587,51.517
-0.09384,51.485
-0.13943,51.536
-0.086176,51.505
-0.021668,51.534
0.0008677,51.541
-0.33957,51.571
0.0087746,51.516
-0.09963,51.582
-0.12486,51.508
0.015494,51.532
-0.21352,51.491
-0.30604,51.5
0.033568,51.563
-0.13313,51.509
-0.19462,51.48
-0.065365,51.515
-0.21527,51.358
0.019091,51.521
-0.074038,51.561
-0.17803,51.483
-0.12393,51.53
-0.075302,51.529
-0.12926,51.497
-0.19115,51.359
-0.18834,51.46
-0.0081339,51.503
-0.17619,51.515
-0.33413,51.579
-0.20678,51.421
-0.30338,51.461
-0.21507,51.46
-0.27945,51.585
-0.028444,51.526
-0.10661,51.533
-0.045578,51.529
-0.035924,51.474
-0.13512,51.564
-0.21494,51.556
-0.057256,51.533
-0.12524,51.486
-0.21691,51.461
-0.30684,51.501
0.055591,51.451
-0.072538,51.507
-0.10525,51.535
-0.21666,51.462
-0.1483,51.492
-0.21666,51.358
-0.043603,51.513
-0.15427,51.442
-0.38407,51.595
-0.075721,51.546
-0.21652,51.464
-0.040509,51.513
-0.084774,51.462
-0.38387,51.595
-0.12303,51.58
-0.10041,51.495
-0.094741,51.541
0.14784,51.541
-0.1075,51.518
-0.18223,51.473
-0.20541,51.445
-0.14111,51.497
-0.14839,51.492
-0.028245,51.515
-0.32037,51.511
-0.30211,51.515
-0.016938,51.519
-0.0426,51.477
-0.061971,51.492
-0.20116,51.524
-0.48022,51.547
-0.21661,51.425
-0.16974,51.464
-0.1294,51.432
-0.28596,51.477
-0.027537,51.583
-0.12316,51.531
0.08459,51.359
-0.14876,51.571
-0.1408,51.549
-0.078538,51.509
-0.14317,51.516
-0.0423,51.49
-0.076668,51.538
-0.19324,51.403
-0.10447,51.592
-0.15002,51.651
-0.17819,51.419
-0.21521,51.556
-0.095142,51.577
-0.028074,51.512
-0.081895,51.527
0.026272,51.593
-0.07463,51.557
-0.12385,51.578
-0.1877,51.442
-0.073241,51.515
0.0094055,51.568
-0.14446,51.516
-0.090813,51.543
-0.1291,51.513
-0.20664,51.445
-0.087022,51.519
-0.30621,51.512
0.0003098,51.542
-0.12856,51.512
-0.15133,51.506
-0.30575,51.498
-0.19279,51.415
-0.0019556,51.509
-0.016205,51.504
-0.21664,51.358
-0.12034,51.559
-0.21625,51.358
-0.075448,51.549
-0.13639,51.523
-0.071402,51.524
-0.07498,51.397
-0.12016,51.53
-0.33989,51.604
-0.029929,51.533
-0.073538,51.417
-0.039704,51.523
-0.094122,51.488
-0.10521,51.535
-0.12331,51.511
-0.30341,51.376
-0.13034,51.648
-0.21674,51.461
-0.17604,51.515
-0.19297,51.363
-0.12389,51.578
-0.1266,51.512
-0.13275,51.525
-0.28072,51.517
0.0095071,51.568
-0.09867,51.578
-0.205,51.497
-0.15574,51.439
-0.3333,51.427
0.025727,51.593
0.068619,51.49
-0.11846,51.559
0.21964,51.607
0.0033582,51.631
-0.10892,51.55
0.010542,51.568
-0.046123,51.522
-0.17248,51.533
0.062159,51.534
-0.32791,51.447
-0.032207,51.476
-0.20198,51.485
-0.35372,51.572
-0.096187,51.489
-0.082468,51.505
-0.09277,51.474
-0.19121,51.549
-0.079022,51.527
-0.30277,51.514
-0.30285,51.462
-0.30229,51.514
-0.3013,51.514
-0.13416,51.52
-0.1603,51.366
-0.27208,51.508
-0.22062,51.467
-0.21394,51.355
-0.11072,51.518
-0.12575,51.523
-0.067934,51.462
-0.076432,51.519
-0.12906,51.419
-0.13025,51.513
-0.31746,51.504
-0.12507,51.501
-0.2557,51.401
-0.29918,51.552
-0.19294,51.362
-0.21667,51.359
0.013324,51.534
-0.33703,51.579
0.20288,51.565
-0.036281,51.475
-0.13336,51.516
-0.15464,51.516
-0.1061,51.507
-0.1886,51.495
-0.15183,51.445
-0.106,51.532
-0.30457,51.512
0.15526,51.551
-0.30207,51.514
-0.14258,51.539
0.023259,51.596
0.021809,51.522
-0.1462,51.514
-0.12393,51.53
-0.20582,51.489
-0.2695,51.53
-0.19987,51.482
-0.089022,51.536
-0.095022,51.577
-0.17408,51.494
-0.095477,51.488
-0.20741,51.492
-0.15266,51.514
-0.078977,51.531
-0.15686,51.498
0.0085821,51.568
-0.14896,51.515
-0.21346,51.49
0.15615,51.529
-0.21591,51.424
0.20013,51.586
-0.081097,51.497
-0.11496,51.504
-0.16432,51.405
-0.13002,51.5
-0.21838,51.504
-0.13499,51.498
-0.30189,51.41
-0.099642,51.495
-0.12907,51.432
-0.14286,51.539
-0.15257,51.444
-0.30283,51.514
-0.07694,51.524
-0.10345,51.545
-0.081928,51.652
-0.08365,51.529
-0.13663,51.487
0.025749,51.593
-0.12021,51.559
-0.2695,51.507
-0.19233,51.417
-0.12222,51.507
-0.13744,51.524
-0.016381,51.59
-0.075147,51.613
-0.30137,51.515
-0.33509,51.58
-0.21471,51.556
-0.17488,51.494
-0.091015,51.653
-0.18241,51.494
-0.302,51.41
-0.0051214,51.543
-0.20615,51.475
-0.13191,51.564
-0.11375,51.504
-0.14009,51.516
-0.47414,51.515
-0.023576,51.584
-0.087817,51.52
-0.19557,51.571
0.15524,51.551
-0.031586,51.484
-0.25067,51.56
-0.023496,51.584
-0.0018873,51.509
-0.091461,51.525
-0.20693,51.474
-0.10444,51.592
0.090269,51.499
-0.053595,51.514
-0.074827,51.519
-0.1194,51.455
-0.19192,51.537
-0.21491,51.465
-0.045637,51.538
-0.12853,51.51
-0.12906,51.432
-0.046869,51.529
-0.054564,51.439
0.14785,51.541
-0.12979,51.495
-0.30466,51.461
-0.26833,51.53
-0.12222,51.507
-0.35801,51.45
-0.01395,51.513
-0.10549,51.533
-0.12656,51.509
-0.18746,51.441
-0.078753,51.504
-0.15687,51.52
-0.30759,51.483
-0.057743,51.406
-0.09699,51.387
-0.13093,51.428
-0.12117,51.517
-0.1913,51.358
-0.23074,51.506
-0.19646,51.572
-0.1045,51.52
-0.13154,51.523
-0.13192,51.516
-0.13828,51.509
-0.3256,51.497
-0.016646,51.59
-0.02498,51.409
-0.10464,51.508
-0.12339,51.511
0.14823,51.541
-0.28059,51.585
-0.082109,51.622
-0.30538,51.411
-0.30532,51.513
0.10559,51.507
-0.3143,51.499
-0.11074,51.646
-0.11213,51.503
-0.22463,51.548
-0.30718,51.483
-0.14834,51.492
-0.13647,51.485
-0.082598,51.418
-0.010543,51.482
-0.09323,51.375
0.004557,51.632
-0.14695,51.493
-0.41109,51.561
-0.017348,51.5
-0.09971,51.583
-0.13062,51.51
-0.20793,51.421
0.0006504,51.54
-0.087635,51.526
-0.12337,51.511
-0.13335,51.526
0.016391,51.403
-0.19997,51.482
0.0035218,51.543
-0.10749,51.566
-0.11209,51.503
-0.19624,51.48
-0.18821,51.462
-0.10887,51.519
-0.058824,51.515
-0.19061,51.516
0.24887,51.555
-0.15143,51.445
-0.12587,51.501
-0.47406,51.533
-0.074283,51.613
-0.31314,51.497
-0.025213,51.409
0.23395,51.594
-0.12361,51.579
-0.1592,51.513
-0.10533,51.592
-0.21583,51.464
-0.081899,51.491
-0.029077,51.407
-0.015434,51.496
-0.04568,51.55
-0.25069,51.56
-0.3021,51.514
0.037426,51.309
-0.13664,51.462
-0.30545,51.46
-0.10335,51.565
-0.15124,51.543
-0.12357,51.579
-0.085984,51.505
-0.11155,51.503
-0.12045,51.517
-0.19502,51.509
0.24835,51.604
-0.17324,51.427
-0.017474,51.505
0.21967,51.562
-0.20264,51.546
-0.080115,51.664
-0.43952,51.569
-0.10856,51.594
-0.19303,51.457
-0.24283,51.596
-0.31526,51.526
-0.30207,51.514
-0.1423,51.496
-0.32568,51.497
-0.035918,51.474
-0.15232,51.55
-0.22465,51.512
-0.37453,51.608
0.042972,51.549
-0.10619,51.593
-0.0105,51.481
-0.1733,51.397
-0.15347,51.513
-0.33387,51.58
-0.33082,51.445
0.1479,51.54
-0.12746,51.574
-0.093353,51.473
-0.13213,51.499
-0.13632,51.463
-0.20628,51.507
-0.208,51.403
-0.13804,51.513
-0.16379,51.55
0.14765,51.542
-0.13296,51.51
-0.093247,51.375
0.14737,51.462
-0.11299,51.521
-0.073367,51.574
-0.10219,51.528
-0.025052,51.584
-0.18879,51.647
-0.30285,51.514
-0.077586,51.524
-0.2103,51.498
-0.21633,51.358
-0.14136,51.515
-0.11525,51.56
-0.20122,51.574
-0.086524,51.526
-0.11274,51.499
-0.33415,51.581
-0.021329,51.528
-0.12635,51.496
-0.14069,51.537
-0.37484,51.607
-0.080764,51.524
-0.089437,51.526
-0.09317,51.473
-0.085297,51.505
-0.13746,51.509
-0.33847,51.475
0.058177,51.515
-0.036434,51.456
-0.16313,51.405
-0.095808,51.488
-0.13567,51.566
-0.29699,51.544
-0.0065295,51.543
-0.32567,51.533
-0.17666,51.617
0.0097983,51.568
-0.1764,51.516
0.036257,51.31
-0.14156,51.537
-0.17895,51.542
-0.3023,51.411
-0.10568,51.593
0.015474,51.403
-0.13786,51.516
-0.12163,51.52
-0.072108,51.573
0.0049346,51.632
-0.1493,51.543
-0.17698,51.499
-0.23829,51.598
-0.20164,51.654
0.0022352,51.631
-0.19129,51.55
-0.13294,51.519
-0.33424,51.58
-0.30284,51.514
-0.023304,51.584
-0.35481,51.428
-0.13678,51.523
-0.096282,51.524
-0.08168,51.504
-0.18876,51.46
-0.2183,51.503
-0.073995,51.38
-0.39664,51.557
-0.17366,51.486
-0.080316,51.497
-0.0027559,51.542
-0.13812,51.461
-0.10865,51.518
0.13286,51.464
-0.11941,51.529
-0.23677,51.529
0.014076,51.407
-0.10762,51.567
-0.2043,51.515
-0.19626,51.48
-0.070228,51.462
-0.10335,51.546
-0.014615,51.504
-0.088427,51.504
-0.1054,51.554
-0.14146,51.537
-0.039,51.531
0.026863,51.592
-0.05097,51.521
0.034938,51.536
-0.032662,51.58
-0.35526,51.428
-0.17643,51.493
-0.089789,51.497
-0.21526,51.464
0.02635,51.593
-0.25542,51.4
-0.080532,51.497
-0.17027,51.533
-0.11023,51.484
-0.20641,51.537
-0.35675,51.562
-0.14094,51.548
-0.11602,51.518
-0.19223,51.492
-0.01085,51.498
-0.14116,51.548
-0.21981,51.484
-0.056784,51.514
-0.16809,51.488
-0.17803,51.418
-0.11332,51.522
-0.1356,51.497
-0.20733,51.421
-0.073428,51.563
-0.22378,51.491
-0.31456,51.581
-0.023381,51.584
-0.35327,51.564
-0.03302,51.513
-0.12484,51.511
-0.30244,51.463
-0.078735,51.504
-0.03222,51.582
0.035196,51.536
-0.064761,51.492
-0.30141,51.514
-0.39667,51.557
-0.021404,51.528
-0.097772,51.539
-0.1411,51.515
-0.30223,51.411
-0.30709,51.431
-0.18299,51.474
-0.16076,51.365
-0.10305,51.565
-0.16769,51.462
-0.16811,51.488
-0.35797,51.449
-0.059707,51.527
-0.13495,51.498
-0.30158,51.514
-0.19724,51.528
-0.080626,51.527
0.21848,51.563
-0.0094036,51.509
-0.13334,51.463
-0.30565,51.46
-0.19312,51.457
-0.090565,51.494
-0.21992,51.484
-0.10568,51.593
-0.093386,51.473
-0.11552,51.462
0.057122,51.526
-0.18197,51.415
-0.31196,51.618
-0.20716,51.422
-0.16311,51.406
-0.44223,51.567
-0.25594,51.402
-0.14993,51.651
-0.33588,51.426
-0.16352,51.516
-0.067599,51.457
-0.33113,51.445
-0.3381,51.459
-0.095353,51.487
-0.14328,51.516
-0.17654,51.515
-0.42425,51.468
-0.14999,51.493
-0.2117,51.386
-0.12776,51.507
-0.28116,51.585
-0.30537,51.563
-0.12763,51.513
-0.073466,51.562
-0.17689,51.616
-0.14149,51.515
-0.14288,51.539
-0.17756,51.493
-0.02757,51.583
-0.1056,51.564
-0.19219,51.361
-0.09314,51.472
-0.17624,51.556
-0.30414,51.461
-0.38787,51.489
-0.15239,51.443
-0.16309,51.49
-0.020508,51.604
0.13209,51.463
-0.16483,51.405
-0.037094,51.474
-0.063161,51.492
0.025596,51.511
-0.10122,51.505
-0.080553,51.652
-0.049111,51.528
-0.084655,51.526
-0.38455,51.595
0.015335,51.404
-0.15692,51.499
0.031868,51.522
-0.30675,51.501
-0.1323,51.528
-0.28026,51.503
-0.055102,51.545
-0.11319,51.552
-0.20764,51.52
-0.16839,51.464
-0.25693,51.403
-0.11574,51.462
0.1482,51.541
-0.075916,51.399
0.26677,51.562
-0.32066,51.534
-0.10593,51.52
-0.17693,51.617
-0.14066,51.492
-0.21002,51.517
-0.19436,51.481
-0.10009,51.494
-0.37069,51.573
-0.28528,51.477
-0.093984,51.486
