-2.1412186,53.0497028
-2.179146,53.048581
-2.1920709,53.0308405
-2.198818,52.981345
-2.181362,53.0235548
-2.2101944,53.0588039
-2.1847409,53.0038603
-2.1715583,53.0482447
-2.1333709,52.9875277
-2.1354273,52.9892697
-2.1848754,53.0036785
-2.1461809,52.9944186
-2.1366738,52.9892855
-2.1736926,53.051733
-2.200533,53.053612
-2.215953,53.071232
-2.1645572,52.9993828
-2.165631,53.008743
-2.1982841,52.9760702
-2.141296,52.990339
-2.166227,53.0097808
-2.1368932,52.9888832
-2.190606,53.05956
-2.1942196,53.0718267
