-1.8004,53.886
-1.8003,53.886
-1.7996,53.889
-1.7948,53.894
-1.7945,53.896
-1.7922,53.898
-1.7909,53.898
-1.7873,53.897
-1.7841,53.896
-1.7818,53.895
-1.7845,53.893
-1.778,53.891
-1.7743,53.892
-1.7717,53.891
-1.7703,53.892
-1.7683,53.891
-1.7665,53.89
-1.7654,53.889
-1.7635,53.889
-1.7619,53.888
-1.7614,53.887
-1.7607,53.887
-1.7608,53.887
-1.7606,53.887
-1.7585,53.886
-1.7573,53.885
-1.757,53.885
-1.7564,53.885
-1.7536,53.885
-1.7514,53.885
-1.7506,53.885
-1.7493,53.886
-1.7488,53.886
-1.7432,53.885
-1.7423,53.885
-1.7398,53.886
-1.7379,53.886
-1.7354,53.887
-1.7327,53.887
-1.7298,53.886
-1.7296,53.886
-1.7278,53.886
-1.7248,53.886
-1.7266,53.888
-1.7255,53.889
-1.7248,53.89
-1.7233,53.891
-1.7218,53.891
-1.7215,53.891
-1.7202,53.891
-1.7171,53.891
-1.717,53.892
-1.7175,53.893
-1.7196,53.893
-1.7207,53.894
-1.7258,53.894
-1.7268,53.894
-1.728,53.894
-1.7287,53.894
-1.7289,53.895
-1.7299,53.895
-1.7319,53.896
-1.7321,53.896
-1.7317,53.897
-1.7314,53.897
-1.7309,53.897
-1.7315,53.898
-1.7318,53.898
-1.732,53.898
-1.7321,53.899
-1.7322,53.899
-1.7325,53.9
-1.7314,53.901
-1.7311,53.902
-1.7312,53.902
-1.7312,53.903
-1.7308,53.904
-1.7308,53.904
-1.7304,53.905
-1.7301,53.905
-1.7294,53.906
-1.7294,53.907
-1.7289,53.908
-1.7276,53.909
-1.7279,53.91
-1.7281,53.91
-1.7273,53.91
-1.7259,53.91
-1.7246,53.911
-1.7238,53.912
-1.7233,53.912
-1.7224,53.912
-1.7219,53.912
-1.7214,53.911
-1.7211,53.911
-1.721,53.91
-1.7209,53.91
-1.72,53.91
-1.7182,53.908
-1.7179,53.909
-1.7181,53.911
-1.7181,53.911
-1.7181,53.911
-1.7181,53.911
-1.7176,53.912
-1.7175,53.912
-1.7176,53.912
-1.7175,53.913
-1.7175,53.914
-1.7165,53.916
-1.7163,53.917
-1.7159,53.917
-1.7157,53.918
-1.7153,53.918
-1.7146,53.918
-1.7139,53.918
-1.7131,53.918
-1.7128,53.918
-1.7125,53.918
-1.7121,53.918
-1.7102,53.918
-1.7092,53.918
-1.7089,53.918
-1.7086,53.918
-1.7084,53.918
-1.7081,53.917
-1.7064,53.917
-1.7058,53.917
-1.7066,53.919
-1.7073,53.919
-1.707,53.919
-1.7063,53.919
-1.7052,53.919
-1.7043,53.919
-1.7045,53.919
-1.7018,53.918
-1.6976,53.917
-1.697,53.918
-1.6934,53.917
-1.6932,53.917
-1.6903,53.917
-1.6901,53.917
-1.6879,53.917
-1.687,53.916
-1.6874,53.915
-1.6877,53.915
-1.6887,53.913
-1.689,53.913
-1.6885,53.912
-1.6879,53.912
-1.6845,53.912
-1.6845,53.911
-1.68,53.91
-1.6782,53.91
-1.675,53.911
-1.6719,53.911
-1.6705,53.911
-1.6696,53.911
-1.6671,53.913
-1.6666,53.913
-1.6658,53.913
-1.6642,53.913
-1.662,53.913
-1.6598,53.913
-1.6572,53.913
-1.6561,53.913
-1.6544,53.912
-1.6528,53.911
-1.6523,53.911
-1.6523,53.911
-1.6533,53.91
-1.6544,53.909
-1.6545,53.908
-1.6536,53.907
-1.6521,53.906
-1.6515,53.906
-1.6483,53.906
-1.6454,53.907
-1.6422,53.907
-1.6386,53.906
-1.6374,53.905
-1.6357,53.905
-1.6326,53.905
-1.63,53.905
-1.6279,53.905
-1.627,53.905
-1.6238,53.904
-1.6222,53.903
-1.6196,53.904
-1.6141,53.906
-1.6102,53.908
-1.6095,53.908
-1.605,53.909
-1.6021,53.91
-1.6003,53.91
-1.6,53.909
-1.6006,53.909
-1.6014,53.907
-1.6014,53.906
-1.6002,53.904
-1.599,53.904
-1.5976,53.903
-1.596,53.903
-1.594,53.903
-1.5923,53.902
-1.5891,53.901
-1.5867,53.901
-1.5855,53.902
-1.5852,53.902
-1.5854,53.903
-1.5861,53.904
-1.5862,53.905
-1.5863,53.905
-1.5845,53.909
-1.5843,53.909
-1.5837,53.909
-1.58,53.91
-1.5774,53.91
-1.5741,53.91
-1.572,53.91
-1.5703,53.911
-1.569,53.911
-1.568,53.911
-1.567,53.911
-1.5665,53.91
-1.566,53.909
-1.5647,53.907
-1.5634,53.904
-1.563,53.904
-1.5626,53.904
-1.5621,53.904
-1.5604,53.904
-1.5601,53.905
-1.5593,53.905
-1.5584,53.905
-1.5573,53.905
-1.5563,53.905
-1.5555,53.905
-1.5548,53.904
-1.5537,53.904
-1.5533,53.903
-1.5529,53.903
-1.5523,53.903
-1.5517,53.903
-1.5511,53.903
-1.5506,53.904
-1.5503,53.904
-1.5501,53.905
-1.5503,53.906
-1.5504,53.906
-1.5505,53.907
-1.5502,53.908
-1.5495,53.908
-1.5492,53.909
-1.5492,53.91
-1.5496,53.91
-1.5494,53.911
-1.5485,53.911
-1.5478,53.911
-1.5475,53.911
-1.5466,53.91
-1.5462,53.91
-1.5453,53.91
-1.544,53.91
-1.5423,53.91
-1.5409,53.91
-1.5394,53.91
-1.5376,53.91
-1.5356,53.91
-1.5343,53.91
-1.5327,53.909
-1.532,53.909
-1.5314,53.909
-1.5295,53.909
-1.5282,53.909
-1.5273,53.909
-1.5266,53.91
-1.5262,53.91
-1.526,53.91
-1.5255,53.91
-1.5247,53.91
-1.5243,53.91
-1.5239,53.911
-1.5229,53.911
-1.5215,53.911
-1.5195,53.912
-1.5175,53.912
-1.515,53.912
-1.5133,53.912
-1.5122,53.912
-1.5106,53.911
-1.5098,53.911
-1.5094,53.912
-1.5072,53.912
-1.5058,53.912
-1.5043,53.913
-1.5043,53.913
-1.5042,53.914
-1.5036,53.914
-1.502,53.914
-1.5,53.915
-1.4986,53.915
-1.4973,53.915
-1.4968,53.915
-1.4958,53.915
-1.495,53.915
-1.4941,53.915
-1.4932,53.915
-1.4923,53.915
-1.4913,53.914
-1.4907,53.913
-1.4904,53.913
-1.4899,53.913
-1.4896,53.912
-1.489,53.912
-1.4871,53.911
-1.4859,53.911
-1.4844,53.911
-1.4832,53.911
-1.4822,53.911
-1.481,53.911
-1.4796,53.911
-1.4787,53.911
-1.4768,53.911
-1.476,53.911
-1.4753,53.912
-1.4746,53.911
-1.4739,53.911
-1.4731,53.911
-1.4725,53.911
-1.4712,53.911
-1.4693,53.911
-1.4684,53.911
-1.4673,53.911
-1.4658,53.91
-1.4651,53.909
-1.4649,53.909
-1.465,53.908
-1.4651,53.908
-1.465,53.908
-1.4649,53.907
-1.4649,53.907
-1.4653,53.907
-1.4654,53.907
-1.4649,53.906
-1.4641,53.906
-1.4636,53.906
-1.4632,53.906
-1.4628,53.906
-1.4624,53.906
-1.4621,53.906
-1.4617,53.906
-1.4614,53.907
-1.4611,53.907
-1.4608,53.907
-1.4598,53.907
-1.4578,53.907
-1.4561,53.907
-1.4545,53.907
-1.4529,53.907
-1.4516,53.907
-1.4506,53.907
-1.4499,53.907
-1.4489,53.908
-1.4476,53.909
-1.4473,53.909
-1.4465,53.909
-1.4457,53.909
-1.4453,53.91
-1.4447,53.91
-1.4443,53.911
-1.444,53.911
-1.4439,53.912
-1.4436,53.912
-1.4433,53.912
-1.443,53.913
-1.4424,53.913
-1.4418,53.913
-1.4413,53.914
-1.4407,53.914
-1.4401,53.914
-1.4394,53.914
-1.4389,53.914
-1.4384,53.914
-1.4379,53.914
-1.437,53.914
-1.4366,53.913
-1.4364,53.913
-1.4363,53.913
-1.4355,53.912
-1.4347,53.91
-1.4344,53.91
-1.4324,53.912
-1.4319,53.913
-1.4303,53.914
-1.4305,53.914
-1.4314,53.916
-1.431,53.916
-1.4307,53.918
-1.4321,53.921
-1.4317,53.922
-1.4312,53.924
-1.4331,53.926
-1.4323,53.928
-1.4315,53.928
-1.4292,53.929
-1.424,53.929
-1.4157,53.928
-1.4069,53.928
-1.4069,53.928
-1.4085,53.929
-1.4094,53.929
-1.4105,53.93
-1.4106,53.93
-1.4101,53.931
-1.4099,53.932
-1.4088,53.934
-1.4085,53.935
-1.4082,53.936
-1.4063,53.935
-1.4053,53.937
-1.4035,53.937
-1.4022,53.937
-1.4002,53.938
-1.4007,53.939
-1.4003,53.939
-1.4004,53.94
-1.3998,53.94
-1.3999,53.941
-1.3973,53.942
-1.3967,53.942
-1.3956,53.943
-1.395,53.942
-1.3934,53.943
-1.3924,53.943
-1.3882,53.942
-1.3822,53.942
-1.3778,53.941
-1.3738,53.943
-1.3712,53.943
-1.3699,53.943
-1.3663,53.942
-1.3593,53.942
-1.3538,53.944
-1.3491,53.945
-1.3438,53.945
-1.3408,53.946
-1.3402,53.946
-1.3411,53.944
-1.3427,53.944
-1.344,53.94
-1.3412,53.941
-1.3396,53.941
-1.3376,53.94
-1.3361,53.939
-1.3341,53.94
-1.3322,53.94
-1.3319,53.94
-1.33,53.939
-1.3283,53.938
-1.3282,53.938
-1.3249,53.937
-1.323,53.936
-1.3203,53.937
-1.3195,53.936
-1.3169,53.935
-1.3149,53.935
-1.31,53.935
-1.308,53.935
-1.3067,53.934
-1.3078,53.932
-1.3086,53.928
-1.3091,53.924
-1.3071,53.924
-1.3062,53.925
-1.3051,53.927
-1.3032,53.927
-1.3003,53.929
-1.2949,53.928
-1.2939,53.927
-1.2941,53.927
-1.3026,53.925
-1.3037,53.924
-1.3054,53.923
-1.3055,53.923
-1.3073,53.921
-1.3026,53.921
-1.3006,53.922
-1.3014,53.921
-1.3003,53.92
-1.2978,53.922
-1.2966,53.922
-1.2968,53.921
-1.2992,53.919
-1.2996,53.919
-1.3015,53.914
-1.303,53.911
-1.3045,53.91
-1.3051,53.91
-1.3055,53.911
-1.3069,53.911
-1.3085,53.911
-1.3112,53.91
-1.3111,53.908
-1.3099,53.909
-1.3081,53.908
-1.3064,53.908
-1.3055,53.909
-1.3008,53.908
-1.3009,53.908
-1.3066,53.907
-1.3119,53.906
-1.3139,53.905
-1.314,53.905
-1.3146,53.905
-1.3155,53.905
-1.3163,53.904
-1.3176,53.904
-1.3181,53.904
-1.3209,53.904
-1.3218,53.903
-1.322,53.901
-1.3223,53.899
-1.3228,53.898
-1.3194,53.898
-1.3183,53.895
-1.3189,53.895
-1.3175,53.892
-1.3173,53.892
-1.3183,53.892
-1.3181,53.888
-1.3203,53.888
-1.3204,53.885
-1.3216,53.883
-1.3189,53.882
-1.3166,53.882
-1.3169,53.881
-1.316,53.88
-1.3201,53.879
-1.3181,53.878
-1.319,53.877
-1.3167,53.868
-1.3131,53.866
-1.3158,53.863
-1.3221,53.861
-1.3345,53.859
-1.3366,53.859
-1.3376,53.859
-1.3438,53.858
-1.3505,53.858
-1.3516,53.857
-1.3526,53.857
-1.3528,53.857
-1.353,53.857
-1.3493,53.854
-1.3476,53.854
-1.3451,53.851
-1.3404,53.851
-1.3421,53.847
-1.3434,53.845
-1.3386,53.844
-1.3372,53.843
-1.3326,53.841
-1.3287,53.841
-1.328,53.841
-1.3271,53.84
-1.3259,53.838
-1.3261,53.836
-1.3256,53.835
-1.327,53.835
-1.3275,53.835
-1.3279,53.835
-1.3284,53.835
-1.3293,53.835
-1.33,53.835
-1.3313,53.835
-1.3314,53.835
-1.3332,53.835
-1.3344,53.834
-1.3344,53.833
-1.3356,53.833
-1.3332,53.833
-1.3319,53.832
-1.3286,53.83
-1.3231,53.827
-1.316,53.824
-1.3136,53.823
-1.3093,53.822
-1.3104,53.819
-1.3094,53.819
-1.3058,53.816
-1.3028,53.815
-1.3013,53.815
-1.3026,53.814
-1.3046,53.814
-1.3064,53.814
-1.3077,53.813
-1.3105,53.814
-1.3128,53.813
-1.313,53.812
-1.3129,53.81
-1.3133,53.809
-1.3159,53.809
-1.3142,53.806
-1.3142,53.804
-1.3138,53.799
-1.3125,53.796
-1.3125,53.792
-1.3136,53.789
-1.3125,53.788
-1.3124,53.788
-1.3117,53.788
-1.3117,53.787
-1.3136,53.787
-1.3142,53.784
-1.3136,53.781
-1.3118,53.78
-1.3028,53.775
-1.3069,53.772
-1.3015,53.772
-1.2975,53.773
-1.2954,53.772
-1.2944,53.77
-1.2925,53.769
-1.291,53.766
-1.2896,53.764
-1.2912,53.76
-1.2913,53.761
-1.293,53.761
-1.2929,53.76
-1.2959,53.759
-1.2944,53.756
-1.2948,53.755
-1.2991,53.756
-1.2996,53.755
-1.3022,53.756
-1.306,53.755
-1.3066,53.755
-1.3098,53.755
-1.31,53.756
-1.3118,53.755
-1.3126,53.754
-1.3127,53.754
-1.3127,53.754
-1.3125,53.752
-1.3136,53.748
-1.3157,53.742
-1.3118,53.744
-1.3099,53.744
-1.3128,53.742
-1.3129,53.741
-1.3151,53.74
-1.3194,53.736
-1.3234,53.735
-1.3277,53.736
-1.3321,53.735
-1.3381,53.736
-1.3411,53.735
-1.3428,53.734
-1.3462,53.733
-1.35,53.733
-1.3498,53.733
-1.3497,53.733
-1.3496,53.733
-1.3497,53.733
-1.3562,53.731
-1.3608,53.732
-1.3678,53.729
-1.3747,53.729
-1.3792,53.727
-1.3826,53.726
-1.3829,53.726
-1.3939,53.723
-1.396,53.722
-1.396,53.722
-1.3967,53.72
-1.3996,53.719
-1.4018,53.72
-1.4042,53.719
-1.4056,53.72
-1.4061,53.721
-1.4111,53.723
-1.4173,53.722
-1.4197,53.722
-1.4211,53.723
-1.4248,53.722
-1.4294,53.72
-1.431,53.722
-1.4338,53.724
-1.4358,53.725
-1.4391,53.726
-1.4435,53.727
-1.4475,53.727
-1.4505,53.727
-1.456,53.727
-1.4577,53.726
-1.4602,53.727
-1.4647,53.727
-1.4723,53.727
-1.4802,53.727
-1.4878,53.727
-1.4903,53.723
-1.4954,53.724
-1.5003,53.724
-1.5033,53.724
-1.5042,53.725
-1.5026,53.725
-1.5036,53.726
-1.5071,53.726
-1.507,53.728
-1.5107,53.729
-1.5119,53.729
-1.5139,53.727
-1.517,53.724
-1.5196,53.723
-1.5221,53.721
-1.5274,53.719
-1.532,53.716
-1.5343,53.714
-1.5352,53.714
-1.5366,53.714
-1.54,53.713
-1.5445,53.711
-1.5478,53.709
-1.5508,53.707
-1.5529,53.704
-1.5543,53.702
-1.5564,53.702
-1.5601,53.698
-1.5646,53.701
-1.5651,53.702
-1.5669,53.704
-1.5695,53.705
-1.5715,53.707
-1.5725,53.708
-1.5764,53.71
-1.5783,53.71
-1.5784,53.711
-1.5795,53.713
-1.5802,53.713
-1.5802,53.713
-1.5829,53.715
-1.5828,53.715
-1.5831,53.716
-1.5854,53.717
-1.586,53.717
-1.586,53.717
-1.5862,53.717
-1.5877,53.717
-1.5904,53.718
-1.5934,53.718
-1.5958,53.718
-1.5984,53.719
-1.6019,53.719
-1.6052,53.72
-1.6061,53.721
-1.6094,53.721
-1.6106,53.721
-1.6131,53.72
-1.616,53.719
-1.6184,53.719
-1.6199,53.719
-1.6229,53.718
-1.6229,53.719
-1.623,53.72
-1.6228,53.722
-1.6254,53.723
-1.6285,53.725
-1.631,53.728
-1.6325,53.729
-1.6326,53.731
-1.6318,53.731
-1.6319,53.731
-1.6327,53.733
-1.6333,53.734
-1.6334,53.734
-1.6345,53.736
-1.6362,53.737
-1.6371,53.74
-1.6361,53.742
-1.6381,53.744
-1.6395,53.745
-1.6455,53.745
-1.6482,53.746
-1.6489,53.747
-1.6534,53.747
-1.6557,53.746
-1.6594,53.747
-1.6623,53.747
-1.6645,53.748
-1.6757,53.753
-1.677,53.753
-1.6785,53.754
-1.6806,53.755
-1.6822,53.755
-1.6822,53.756
-1.6811,53.756
-1.6781,53.759
-1.6759,53.761
-1.6727,53.762
-1.6715,53.762
-1.6653,53.764
-1.6633,53.766
-1.6624,53.767
-1.658,53.767
-1.6555,53.767
-1.6536,53.767
-1.652,53.767
-1.65,53.768
-1.6481,53.77
-1.6467,53.771
-1.6434,53.772
-1.641,53.774
-1.6413,53.775
-1.6406,53.777
-1.6406,53.779
-1.6417,53.78
-1.6431,53.78
-1.6439,53.78
-1.6455,53.78
-1.6479,53.78
-1.6517,53.78
-1.6523,53.78
-1.6574,53.78
-1.6577,53.78
-1.659,53.78
-1.6648,53.78
-1.6671,53.78
-1.6703,53.78
-1.6737,53.78
-1.6745,53.78
-1.6757,53.78
-1.6759,53.781
-1.6777,53.782
-1.6777,53.782
-1.6808,53.784
-1.6826,53.786
-1.6836,53.786
-1.6844,53.786
-1.6851,53.785
-1.6863,53.785
-1.6884,53.786
-1.693,53.785
-1.6937,53.784
-1.6979,53.784
-1.6998,53.784
-1.7041,53.784
-1.7105,53.783
-1.712,53.783
-1.7082,53.786
-1.7078,53.788
-1.7078,53.788
-1.7074,53.79
-1.7107,53.791
-1.7074,53.795
-1.703,53.803
-1.7033,53.803
-1.7067,53.804
-1.7079,53.805
-1.72,53.807
-1.7148,53.807
-1.7129,53.808
-1.7086,53.809
-1.7068,53.813
-1.7086,53.814
-1.7061,53.82
-1.7053,53.823
-1.7062,53.826
-1.7056,53.827
-1.7066,53.83
-1.7049,53.832
-1.7044,53.832
-1.7048,53.834
-1.7002,53.841
-1.6963,53.847
-1.6938,53.851
-1.6931,53.851
-1.6937,53.852
-1.6936,53.853
-1.6958,53.856
-1.6953,53.857
-1.6953,53.858
-1.6977,53.858
-1.6982,53.857
-1.6998,53.857
-1.701,53.859
-1.7019,53.861
-1.7046,53.86
-1.7053,53.861
-1.706,53.861
-1.7078,53.862
-1.7083,53.864
-1.7091,53.865
-1.7097,53.864
-1.7111,53.864
-1.7135,53.865
-1.7148,53.866
-1.7191,53.864
-1.721,53.864
-1.7226,53.865
-1.7249,53.866
-1.7261,53.865
-1.7289,53.865
-1.7303,53.865
-1.7329,53.864
-1.7338,53.864
-1.7357,53.864
-1.7385,53.864
-1.7404,53.864
-1.7404,53.865
-1.7424,53.865
-1.7446,53.865
-1.7461,53.866
-1.7493,53.867
-1.7517,53.867
-1.754,53.868
-1.7541,53.866
-1.7579,53.866
-1.7599,53.864
-1.76,53.864
-1.7617,53.864
-1.7624,53.865
-1.764,53.866
-1.7653,53.867
-1.768,53.867
-1.7709,53.867
-1.771,53.868
-1.7725,53.868
-1.7737,53.87
-1.7751,53.87
-1.7755,53.87
-1.7782,53.871
-1.7797,53.872
-1.7791,53.874
-1.7797,53.875
-1.7792,53.876
-1.7797,53.878
-1.7791,53.88
-1.7813,53.88
-1.7829,53.88
-1.784,53.881
-1.7885,53.881
-1.7917,53.88
-1.7947,53.88
-1.7983,53.885
-1.8004,53.886
