-1.9589484,52.6835724
-1.9536269,52.6836244
-1.9527686,52.6864861
-1.9492495,52.688255
-1.9491637,52.6889313
-1.9483912,52.6894516
-1.9474471,52.6901279
-1.9474471,52.6913764
-1.9471038,52.6929891
-1.9493354,52.6955381
-1.9474471,52.69559
-1.9447863,52.695174
-1.9420397,52.6962663
-1.9372332,52.6950179
-1.9346583,52.6949659
-1.93277,52.695174
-1.9314826,52.69559
-1.9337142,52.6974107
-1.9318259,52.698451
-1.930128,52.7020154
-1.9296801,52.7027159
-1.929251,52.703288
-1.9293368,52.7039641
-1.9266629,52.7061321
-1.9259803,52.7069793
-1.9258049,52.707197
-1.9255603,52.7075005
-1.920994,52.7080803
-1.9207628,52.7081097
-1.9198518,52.7083867
-1.9177584,52.7090231
-1.9180072,52.7095286
-1.9234145,52.7128565
-1.9296801,52.7136365
-1.9319976,52.7124926
-1.9333708,52.7132205
-1.9364608,52.7137924
-1.9365466,52.7148844
-1.9360316,52.7163922
-1.934315,52.7181599
-1.9340575,52.7204475
-1.9329417,52.7208114
-1.9336283,52.7231508
-1.9336283,52.7265296
-1.9262469,52.7309478
-1.9253028,52.7314156
-1.9247019,52.7328189
-1.9182646,52.7380159
-1.9173205,52.7388473
-1.9148314,52.7387954
-1.9131148,52.7411338
-1.9119132,52.7411338
-1.9118273,52.742173
-1.9131282,52.7448418
-1.9133723,52.7453426
-1.9128573,52.7459142
-1.9112265,52.7498628
-1.9106257,52.7512135
-1.9138873,52.7540707
-1.9166339,52.7550058
-1.9144881,52.7560967
-1.9113589,52.7589672
-1.91152,52.7591752
-1.911905,52.7595034
-1.9125798,52.7598192
-1.9134043,52.7600539
-1.9146813,52.7602482
-1.9162838,52.7605119
-1.9178941,52.760842
-1.919342,52.761483
-1.9205765,52.7617657
-1.9210026,52.761835
-1.921435,52.7619461
-1.9223524,52.7622182
-1.9233977,52.7626312
-1.9247162,52.7634124
-1.9270789,52.7645175
-1.9289994,52.7662975
-1.9288589,52.7672343
-1.9302641,52.7684054
-1.9319976,52.7678867
-1.9338858,52.7686657
-1.9364947,52.7711412
-1.9394599,52.7720685
-1.9425069,52.7731848
-1.9441055,52.7739768
-1.9463478,52.7770856
-1.9489335,52.7788054
-1.9511865,52.7796491
-1.9510061,52.7804168
-1.9501478,52.7803648
-1.9486392,52.7828937
-1.9471437,52.7854005
-1.9465429,52.7852447
-1.9456846,52.7868538
-1.9460343,52.7868458
-1.9452554,52.7887226
-1.9475596,52.7891231
-1.9482595,52.7888264
-1.9484312,52.7891898
-1.9492895,52.7893455
-1.9492036,52.7903836
-1.9504053,52.7900722
-1.9509202,52.7914217
-1.948517,52.7932902
-1.949032,52.7941206
-1.9516069,52.7958851
-1.9570142,52.7980129
-1.9583875,52.7983762
-1.9521219,52.8011784
-1.9526369,52.8019048
-1.9509202,52.8047588
-1.9508344,52.807405
-1.9488079,52.8074339
-1.9488079,52.8076932
-1.9426281,52.8075376
-1.9403107,52.8069149
-1.9351608,52.806033
-1.9355042,52.8047877
-1.9330151,52.8052547
-1.9331867,52.8046839
-1.9309551,52.8052028
-1.9309551,52.8048396
-1.9304401,52.8047358
-1.9307835,52.8029716
-1.9264919,52.8025565
-1.9246895,52.8016743
-1.9219429,52.8012591
-1.9191105,52.7999099
-1.9181664,52.8001695
-1.914819,52.7990278
-1.9110424,52.7998062
-1.9070942,52.7980418
-1.9045193,52.7976785
-1.9012577,52.794928
-1.8967945,52.7956027
-1.8958504,52.7961216
-1.8950779,52.7963292
-1.8926746,52.7978341
-1.8921597,52.7989759
-1.8903572,52.8000138
-1.8888123,52.7998062
-1.8873531,52.7985608
-1.886409,52.7986646
-1.8856365,52.7981456
-1.8842632,52.798405
-1.8829758,52.7966406
-1.8801434,52.7959659
-1.8779118,52.7960696
-1.875766,52.7952913
-1.875766,52.7950317
-1.8754227,52.7947204
-1.8739635,52.7947204
-1.8713028,52.7932153
-1.8714745,52.7929039
-1.8711311,52.7924367
-1.8704445,52.7924886
-1.8699295,52.7921253
-1.869672,52.791762
-1.869157,52.7918139
-1.869157,52.7914506
-1.8679554,52.7914506
-1.8662388,52.790672
-1.8655521,52.7900492
-1.8642647,52.7898935
-1.8640072,52.7895301
-1.8623764,52.7894782
-1.8612606,52.7890111
-1.8619473,52.7868309
-1.8614323,52.7865195
-1.8614323,52.7861041
-1.8596298,52.7853775
-1.8598015,52.7848584
-1.8592865,52.7847545
-1.8591148,52.7844431
-1.8573982,52.7841835
-1.8570549,52.7837682
-1.8558533,52.7839759
-1.8547375,52.783872
-1.8535358,52.7828338
-1.8517334,52.7828338
-1.8519909,52.7836644
-1.8491585,52.784495
-1.8476135,52.7849103
-1.8442661,52.7878172
-1.8440945,52.7935267
-1.8422062,52.7953432
-1.8353397,52.7952913
-1.8285591,52.7925923
-1.8222076,52.793371
-1.8194611,52.7928
-1.8167145,52.7918657
-1.8153412,52.7907758
-1.8109638,52.7861561
-1.810363,52.7830414
-1.8095047,52.7822626
-1.811393,52.7806014
-1.811908,52.7808091
-1.8146545,52.7786286
-1.8204052,52.7771229
-1.8204052,52.7762922
-1.827615,52.7709959
-1.8270142,52.7709439
-1.8280441,52.768711
-1.8234093,52.7689187
-1.8233234,52.7667895
-1.8226368,52.7668413
-1.8181736,52.7582717
-1.8178303,52.7569212
-1.8163712,52.7553107
-1.815942,52.7555186
-1.8132813,52.7555706
-1.8129379,52.7564017
-1.8104488,52.7564017
-1.8078739,52.7572328
-1.8068673,52.756827
-1.8050519,52.7562476
-1.803142,52.7556382
-1.8028845,52.7551188
-1.8017799,52.7547914
-1.801765,52.7546603
-1.8016941,52.7538044
-1.8004813,52.753924
-1.7956001,52.7519342
-1.7943127,52.7523498
-1.7932827,52.7540122
-1.7899353,52.7532329
-1.7893345,52.7522978
-1.7904503,52.751103
-1.7892913,52.7502083
-1.7880956,52.7495189
-1.7876201,52.749333
-1.7869348,52.7489582
-1.7866737,52.7467908
-1.7848713,52.7458036
-1.7831547,52.7458036
-1.7822621,52.7456486
-1.7804081,52.7455957
-1.7798328,52.7456513
-1.7787773,52.7460114
-1.7780048,52.747674
-1.7774899,52.7481415
-1.777919,52.7484014
-1.778434,52.7481415
-1.7786915,52.7486092
-1.7778332,52.7493366
-1.7758591,52.7506354
-1.7737991,52.7506354
-1.7725975,52.7497003
-1.7731125,52.748921
-1.7722542,52.7482975
-1.7709667,52.7485573
-1.7699368,52.7480377
-1.7693359,52.7481936
-1.7698509,52.7491288
-1.7692501,52.7492327
-1.7702801,52.7502717
-1.7689926,52.7500639
-1.7678768,52.7503237
-1.7680485,52.7508952
-1.7675335,52.7508952
-1.7647869,52.7490249
-1.7604954,52.7473623
-1.7590363,52.7461673
-1.7574055,52.7454399
-1.7582638,52.7443488
-1.7567188,52.7429978
-1.7568905,52.742686
-1.756118,52.741283
-1.7564613,52.7405555
-1.7530281,52.7396202
-1.7506248,52.7385809
-1.7482216,52.7389446
-1.74599,52.7385809
-1.7453033,52.7388407
-1.7446167,52.7386328
-1.7436726,52.7389966
-1.7440159,52.7378014
-1.7395527,52.7380092
-1.7375786,52.7385289
-1.733802,52.7389966
-1.7338879,52.7396722
-1.7326862,52.7396722
-1.7320854,52.7394123
-1.7333729,52.7386848
-1.7329437,52.738269
-1.7321712,52.7384769
-1.7312271,52.7378014
-1.729253,52.7378533
-1.7275364,52.7382171
-1.7265064,52.7371778
-1.7256481,52.7373856
-1.7253906,52.738373
-1.7230732,52.738373
-1.7239315,52.736814
-1.7227299,52.7374896
-1.7213566,52.7371258
-1.7209274,52.7356707
-1.7217857,52.7353069
-1.7217857,52.7347352
-1.7200691,52.7342674
-1.7202408,52.7330721
-1.7197258,52.7327083
-1.7177517,52.7329681
-1.7173895,52.7319203
-1.7169792,52.7307332
-1.7149193,52.7303694
-1.7116471,52.7298595
-1.7099927,52.7298754
-1.7076573,52.7304845
-1.7056385,52.7313903
-1.7024411,52.7282465
-1.6985729,52.7271533
-1.6953924,52.7266327
-1.6935872,52.7265286
-1.6910084,52.726841
-1.6892033,52.726841
-1.6879138,52.7268929
-1.6857648,52.7268929
-1.6821545,52.7268929
-1.6782863,52.7272054
-1.6744181,52.7263724
-1.6756215,52.7254353
-1.6751917,52.7248627
-1.6736444,52.7244462
-1.6714068,52.7240466
-1.6691395,52.7235822
-1.668143,52.723457
-1.6656501,52.7236652
-1.6646186,52.7235091
-1.6628994,52.7235091
-1.6623836,52.7224677
-1.6610942,52.7223637
-1.6589452,52.721791
-1.6573979,52.7213744
-1.6565383,52.7209579
-1.6561085,52.7196042
-1.6563664,52.7176256
-1.6561085,52.715751
-1.6575699,52.7154906
-1.6579997,52.7142409
-1.6592891,52.7135638
-1.6578276,52.7116371
-1.6578276,52.7101789
-1.6564524,52.7101268
-1.6568822,52.7083561
-1.6546472,52.7080436
-1.6546472,52.7028873
-1.6556787,52.7018976
-1.6552489,52.7000224
-1.6564524,52.6992931
-1.655163,52.6987201
-1.6516647,52.6993115
-1.6491385,52.6991545
-1.6484259,52.6982431
-1.6417311,52.7001155
-1.640446,52.6994163
-1.6379546,52.6994914
-1.6372679,52.7013638
-1.6354714,52.7021767
-1.6334635,52.7011563
-1.6318417,52.7002854
-1.6301326,52.7000401
-1.6283728,52.7010674
-1.6248495,52.7006638
-1.623952,52.7016981
-1.6204441,52.7055914
-1.6183714,52.7070828
-1.6168816,52.7086917
-1.6120237,52.7072005
-1.6075544,52.7055522
-1.6079418,52.7049698
-1.6097965,52.7035502
-1.6092595,52.7011842
-1.6114071,52.6985223
-1.6095036,52.6985519
-1.6075512,52.6981082
-1.6077466,52.6971912
-1.606868,52.6975462
-1.6063799,52.6965701
-1.6049386,52.6967092
-1.6039305,52.6965618
-1.6023315,52.696962
-1.6004197,52.6974465
-1.5993074,52.6981206
-1.5983341,52.6984577
-1.5984731,52.6990264
-1.5996202,52.6993003
-1.5993074,52.6997848
-1.5982645,52.7001429
-1.5971174,52.7003956
-1.5955967,52.6997993
-1.5931451,52.6987925
-1.5907879,52.697987
-1.5900112,52.6961339
-1.5884684,52.6955942
-1.5867754,52.6946033
-1.5875854,52.6937774
-1.5885038,52.6929568
-1.5884812,52.690485
-1.5894171,52.6879659
-1.5896576,52.6872371
-1.5896528,52.6872169
-1.589676,52.6870944
-1.5918539,52.6857961
-1.5931777,52.6850075
-1.5944597,52.6842325
-1.5963738,52.683134
-1.5987871,52.6816091
-1.6008026,52.6804018
-1.6019237,52.6797302
-1.6043384,52.6790174
-1.6039541,52.6784339
-1.6042129,52.6782586
-1.6039264,52.67786
-1.6045837,52.6775636
-1.6054435,52.6773388
-1.6062181,52.6770483
-1.605865,52.6767869
-1.6055278,52.6764087
-1.6052918,52.6764394
-1.6043814,52.6747733
-1.6039601,52.6741703
-1.6040352,52.6739188
-1.6042972,52.6737205
-1.6048366,52.6735672
-1.6051907,52.6733423
-1.6077193,52.6729539
-1.6089162,52.6728414
-1.6106206,52.67252
-1.6119673,52.6722793
-1.6133159,52.672177
-1.6155748,52.6719624
-1.6157712,52.6717615
-1.6157938,52.6709913
-1.6155411,52.6698055
-1.6155748,52.6688165
-1.6156775,52.6683818
-1.6191328,52.6683685
-1.6200325,52.6681469
-1.6225084,52.6668371
-1.6257219,52.6655592
-1.6265647,52.6648084
-1.6277402,52.6640713
-1.6281188,52.6638339
-1.6280134,52.6635304
-1.6298045,52.6630192
-1.6322014,52.6621724
-1.6324911,52.6619489
-1.6349144,52.6609424
-1.6364421,52.6602075
-1.6392681,52.6592669
-1.6394146,52.6587923
-1.6408076,52.6584137
-1.6409471,52.6583758
-1.6411933,52.6583015
-1.6416949,52.6581501
-1.6420898,52.6580309
-1.6423948,52.6579389
-1.6433619,52.6577809
-1.644171,52.6576488
-1.6449609,52.6575198
-1.6449957,52.657324
-1.6448147,52.6571502
-1.6444981,52.6569764
-1.6441427,52.6566713
-1.6494241,52.6560453
-1.652124,52.6551658
-1.6564236,52.6539829
-1.6586234,52.6525879
-1.6650228,52.6515263
-1.667335,52.6515452
-1.6677548,52.6515487
-1.6687224,52.6515566
-1.673272,52.6502524
-1.682775,52.6480546
-1.6836877,52.6475515
-1.6838324,52.6474716
-1.6894886,52.6506217
-1.6948101,52.6503093
-1.6961413,52.6502656
-1.6974708,52.6501531
-1.7026207,52.650778
-1.7105171,52.6495282
-1.7130062,52.650778
-1.7200443,52.6509342
-1.7218468,52.6507259
-1.7208168,52.6491117
-1.7227051,52.6489034
-1.7221901,52.6480702
-1.7209885,52.6471328
-1.725795,52.6457268
-1.7255375,52.6453102
-1.7338631,52.6441124
-1.7333481,52.6416125
-1.7329189,52.6396854
-1.7333481,52.6388
-1.7325756,52.6383312
-1.7325756,52.636977
-1.7361805,52.636404
-1.7348072,52.6352059
-1.7329189,52.6349976
-1.7315456,52.6321846
-1.7264816,52.6317679
-1.7206451,52.6279128
-1.7126629,52.6250473
-1.7076847,52.6185341
-1.702043,52.6152426
-1.6949818,52.6163976
-1.6919252,52.6171894
-1.6914383,52.6159181
-1.691162,52.6151968
-1.6908637,52.6144178
-1.6913221,52.613541
-1.6917524,52.612718
-1.6919252,52.6123874
-1.6921963,52.6119721
-1.6925261,52.6114669
-1.6906917,52.6100745
-1.6908866,52.6098181
-1.6916089,52.6088677
-1.6916089,52.6071967
-1.6897745,52.6058042
-1.6900775,52.6054288
-1.6901007,52.6054001
-1.690618,52.6047591
-1.6912771,52.6039426
-1.6916853,52.6034369
-1.6930611,52.602787
-1.693749,52.6008836
-1.6945898,52.598841
-1.6964242,52.5981446
-1.6974943,52.5975875
-1.6977083,52.5974819
-1.6987173,52.5969839
-1.6990854,52.5972224
-1.6998638,52.5977267
-1.7036943,52.5961571
-1.7043734,52.5952196
-1.7024625,52.5947553
-1.7020039,52.593966
-1.7006281,52.5935946
-1.7009338,52.5922016
-1.701423,52.5914773
-1.7003933,52.5908986
-1.7034654,52.5905648
-1.7035629,52.5906472
-1.7041136,52.590629
-1.7041997,52.5905671
-1.7043007,52.5903216
-1.7043622,52.5902255
-1.7043271,52.5901455
-1.70427,52.5900922
-1.7041602,52.5900575
-1.7040416,52.5900708
-1.7034662,52.5902656
-1.7033125,52.5903216
-1.7032213,52.5903087
-1.70315,52.5902869
-1.7031237,52.5902336
-1.70315,52.5901749
-1.7035497,52.5896573
-1.7037605,52.5895879
-1.7039713,52.5895452
-1.704169,52.5894331
-1.7042393,52.5893396
-1.7042709,52.5892006
-1.7042596,52.5891606
-1.7042326,52.589121
-1.7041629,52.5890705
-1.703531,52.5888806
-1.7034185,52.5888368
-1.7033511,52.5887754
-1.7033241,52.5887262
-1.7033106,52.588647
-1.7033466,52.5885677
-1.7034243,52.5885103
-1.7035265,52.5884816
-1.7036389,52.5884748
-1.7037176,52.5885035
-1.703983,52.5885418
-1.7040482,52.5885431
-1.7041291,52.5885322
-1.7041854,52.5885158
-1.7042236,52.5884871
-1.7042281,52.5884379
-1.7041305,52.5882886
-1.7039155,52.5880622
-1.7038908,52.5879965
-1.7039492,52.5876161
-1.7047948,52.5874952
-1.7049117,52.5876059
-1.7049567,52.5876523
-1.7050107,52.5876742
-1.7051703,52.5876824
-1.7054514,52.5876797
-1.7059551,52.58761
-1.7062003,52.5875417
-1.706243,52.5874857
-1.7065476,52.5874084
-1.7069131,52.5873914
-1.7070615,52.5873914
-1.7077002,52.5874447
-1.7085165,52.5875772
-1.7087211,52.58761
-1.709147,52.5877405
-1.7101806,52.5879515
-1.7106478,52.5880182
-1.7116794,52.5882999
-1.7121713,52.5884092
-1.7125957,52.5885288
-1.713893,52.5888094
-1.7147196,52.5888757
-1.7151358,52.5889014
-1.7154854,52.5889267
-1.7156873,52.5889203
-1.7158649,52.5889045
-1.7161878,52.5888451
-1.7172085,52.5886961
-1.7173573,52.5886772
-1.7175658,52.5886623
-1.7176182,52.5886925
-1.7176532,52.5887648
-1.7176595,52.5889122
-1.7176002,52.5891113
-1.7177819,52.5890893
-1.7180661,52.5890018
-1.7189743,52.5888458
-1.7192328,52.5888307
-1.7199993,52.5886116
-1.7202532,52.5884942
-1.7205402,52.588408
-1.7207703,52.5883381
-1.7215177,52.5881485
-1.7217703,52.5881108
-1.7222967,52.5880576
-1.7225774,52.588005
-1.7226209,52.5879372
-1.7232393,52.5878262
-1.723426,52.5878445
-1.7236976,52.5879327
-1.7237738,52.5880797
-1.7241637,52.5883211
-1.7242438,52.5884069
-1.724346,52.5884345
-1.7260948,52.588328
-1.7266334,52.5883366
-1.7274965,52.5883282
-1.7280784,52.5882561
-1.7282193,52.5882134
-1.7285784,52.5881603
-1.7288836,52.5880364
-1.7292459,52.587944
-1.7293084,52.5879236
-1.7296497,52.5880449
-1.7300216,52.5881907
-1.7300434,52.5882389
-1.7300792,52.5882989
-1.7303113,52.5883218
-1.7307449,52.588333
-1.7310879,52.5883466
-1.7317444,52.5883686
-1.7322889,52.5884577
-1.7328252,52.5885203
-1.7331847,52.5885741
-1.7333018,52.5886049
-1.7334726,52.5887793
-1.7335185,52.5890561
-1.7335743,52.5890818
-1.7340961,52.5890301
-1.7345121,52.5889897
-1.7359501,52.5890546
-1.7363816,52.5890806
-1.7365812,52.5890846
-1.7367401,52.5890276
-1.7370477,52.5890379
-1.7372904,52.5889967
-1.7375577,52.588986
-1.7379657,52.5891423
-1.738629,52.5892442
-1.7388826,52.5892794
-1.7390199,52.5892868
-1.7399043,52.5898032
-1.7402919,52.5900409
-1.740365,52.5900947
-1.7403772,52.5903887
-1.7402702,52.5908795
-1.7402448,52.5909323
-1.7400963,52.5909587
-1.740013,52.5910754
-1.7399589,52.5911899
-1.7398049,52.591575
-1.7397702,52.5916828
-1.7397521,52.5922374
-1.7397231,52.5924223
-1.739714,52.5926513
-1.7393645,52.5932057
-1.7391993,52.5935301
-1.7399985,52.593839
-1.7407538,52.5941457
-1.7412882,52.5943061
-1.741698,52.5943175
-1.742366,52.594318
-1.7426478,52.5942816
-1.7440017,52.5939034
-1.7444763,52.5937999
-1.7450835,52.5937337
-1.7454798,52.5937141
-1.745766,52.5937162
-1.7461718,52.5937647
-1.7464906,52.5937757
-1.7473528,52.5937273
-1.7478881,52.5937165
-1.7483455,52.5937009
-1.7491968,52.5936041
-1.7501895,52.5935006
-1.7510652,52.5934053
-1.7511449,52.5933722
-1.7521731,52.5929776
-1.753658,52.592597
-1.7548167,52.5919453
-1.755718,52.5916741
-1.7572156,52.5914141
-1.7575215,52.591361
-1.7577668,52.5913184
-1.7580865,52.591147
-1.7587353,52.5910956
-1.7600438,52.5908711
-1.7618006,52.5906615
-1.7632367,52.5904227
-1.7648563,52.5900388
-1.7658719,52.5897075
-1.7673995,52.5893225
-1.7685153,52.5891035
-1.770301,52.5892144
-1.7705866,52.5893199
-1.7726581,52.5907132
-1.7739141,52.591721
-1.7739654,52.5918817
-1.7738548,52.5920324
-1.7741201,52.592159
-1.7743814,52.5922233
-1.7744969,52.5922209
-1.7746415,52.5922866
-1.7759793,52.5922485
-1.7763571,52.5922092
-1.7765262,52.5921752
-1.7765738,52.5921656
-1.7766639,52.5921523
-1.7772288,52.5920591
-1.7781171,52.5919126
-1.7786317,52.5918246
-1.7791092,52.5916954
-1.7791092,52.591731
-1.7795159,52.5916056
-1.7800028,52.5915232
-1.7805831,52.5913769
-1.7810117,52.5912564
-1.7810411,52.5912481
-1.7812074,52.5911639
-1.7813892,52.5910216
-1.7816388,52.5907483
-1.7818686,52.5905356
-1.7824553,52.5900034
-1.7830992,52.5896159
-1.7835513,52.5893147
-1.7839619,52.5890955
-1.7843779,52.5889346
-1.7846274,52.5888709
-1.7856543,52.5887112
-1.7862477,52.5886
-1.7871046,52.5883269
-1.7876321,52.5880718
-1.7880983,52.5878591
-1.7883111,52.5885097
-1.7883608,52.5886087
-1.7890148,52.5895097
-1.7891825,52.5899397
-1.7893034,52.5902743
-1.7894184,52.5906287
-1.7895518,52.5911216
-1.7897299,52.5915273
-1.7904861,52.5920636
-1.7904886,52.5921607
-1.7905652,52.5922058
-1.79147,52.5928358
-1.7924528,52.5935477
-1.7927647,52.593763
-1.7928549,52.593739
-1.7936951,52.5943086
-1.7944447,52.5947136
-1.794681,52.5948131
-1.7953213,52.5950827
-1.7942788,52.5960869
-1.794627,52.5964453
-1.79494,52.5967551
-1.7952291,52.5971197
-1.7955404,52.5974816
-1.7957022,52.5976167
-1.7958312,52.5978093
-1.7959426,52.597992
-1.7960759,52.5982224
-1.796199,52.5984159
-1.7962926,52.5986039
-1.7963935,52.5988216
-1.7964784,52.5989737
-1.7965354,52.5991069
-1.7969368,52.5991758
-1.7971976,52.5992392
-1.7974484,52.5992918
-1.7975226,52.5992133
-1.797579,52.5991536
-1.797766,52.5992429
-1.7980868,52.599488
-1.7993512,52.6000034
-1.8001189,52.6003356
-1.8003547,52.6004295
-1.8005197,52.6005008
-1.8006789,52.6005765
-1.8012548,52.6008679
-1.8015083,52.6009771
-1.8016114,52.6010276
-1.8016851,52.6010565
-1.8018163,52.6010963
-1.8020287,52.6011496
-1.8021998,52.6011859
-1.8023002,52.6011977
-1.8023858,52.6012015
-1.8028302,52.6011932
-1.8029262,52.6011961
-1.8030221,52.6012052
-1.803564,52.6012775
-1.8037584,52.6013035
-1.8038765,52.6013163
-1.8039429,52.6013362
-1.8040534,52.6013903
-1.804414,52.6015267
-1.8062732,52.60223
-1.8085226,52.603092
-1.8103417,52.6037891
-1.8118245,52.6043929
-1.8128924,52.6046606
-1.8135412,52.6048157
-1.8167207,52.6055753
-1.8183504,52.6059646
-1.8190703,52.6061446
-1.8198431,52.6063481
-1.8201382,52.6064257
-1.8214185,52.6067856
-1.8248271,52.6077678
-1.8265913,52.6082702
-1.8276193,52.6085702
-1.8277282,52.6086151
-1.8278685,52.608673
-1.8279019,52.60868
-1.8279933,52.6086991
-1.8280663,52.6087048
-1.8281357,52.6087058
-1.8282376,52.6086979
-1.8284385,52.6086712
-1.8291435,52.6085194
-1.8294022,52.6084468
-1.8296255,52.6083663
-1.830242,52.6081811
-1.8304076,52.6081373
-1.8305702,52.6081007
-1.8309677,52.6080159
-1.8319504,52.6078482
-1.8324719,52.607778
-1.8327762,52.6077478
-1.8330391,52.6077437
-1.8336091,52.6077526
-1.8337686,52.6077402
-1.8339104,52.6077242
-1.8339636,52.6077135
-1.8345489,52.6075732
-1.8347986,52.6075304
-1.8349538,52.6074893
-1.8350602,52.607475
-1.8352522,52.6074618
-1.8354826,52.607463
-1.8359847,52.6074449
-1.8363126,52.6074192
-1.8368401,52.6073382
-1.8374771,52.6071988
-1.8380414,52.6067303
-1.8381418,52.6067331
-1.838288,52.6067369
-1.8386641,52.6068561
-1.8394418,52.6065821
-1.8399134,52.6064299
-1.8415661,52.605952
-1.8423272,52.6057678
-1.843579,52.6054441
-1.8441836,52.6052804
-1.8444777,52.6052079
-1.8452564,52.6050436
-1.8457322,52.6049354
-1.8459154,52.6049159
-1.8461477,52.6049007
-1.8467263,52.604863
-1.8474809,52.6048325
-1.8475355,52.6048281
-1.8476818,52.6048085
-1.8482683,52.6047085
-1.848558,52.6046369
-1.8487088,52.6045922
-1.8488433,52.6045421
-1.8490415,52.6044578
-1.8492101,52.6043797
-1.8526625,52.6025502
-1.8533133,52.6022121
-1.8537836,52.601988
-1.8539579,52.601907
-1.8543902,52.6016255
-1.85455,52.6014972
-1.8546522,52.6014028
-1.8547574,52.6012951
-1.8548938,52.6011335
-1.854906,52.601116
-1.8550911,52.6008479
-1.8554308,52.6003787
-1.8556458,52.6000816
-1.8559231,52.5997242
-1.8570616,52.5984632
-1.8577441,52.5977073
-1.8588909,52.5964349
-1.8611977,52.5938287
-1.8623694,52.5925482
-1.8628773,52.5920435
-1.8637878,52.5912093
-1.8642081,52.5908422
-1.8644523,52.5906474
-1.8650128,52.5902912
-1.8659134,52.5897654
-1.8673019,52.5889371
-1.8679909,52.588537
-1.8678115,52.5883157
-1.8681336,52.5882018
-1.8684703,52.5880933
-1.8686035,52.5880512
-1.8690528,52.5878496
-1.8694681,52.5876558
-1.8695967,52.5875904
-1.8701483,52.587261
-1.8705786,52.5869837
-1.8707235,52.5868832
-1.8709527,52.5867414
-1.8711007,52.5866211
-1.8711954,52.5865304
-1.8715581,52.5861442
-1.872047,52.5855443
-1.8725714,52.5849383
-1.8726703,52.5849516
-1.8732383,52.5848913
-1.8736105,52.5850219
-1.8742833,52.5852883
-1.8742364,52.5853402
-1.8744652,52.5854307
-1.8745149,52.5853871
-1.8745896,52.5854162
-1.8754844,52.5858507
-1.875617,52.5861445
-1.8765677,52.5865792
-1.8778863,52.5874711
-1.8783526,52.5878457
-1.8796671,52.5889777
-1.8802964,52.589647
-1.8807404,52.5901745
-1.8812418,52.590713
-1.8820676,52.5918262
-1.8831151,52.5930962
-1.8841009,52.5941406
-1.8852871,52.595124
-1.8880414,52.596934
-1.8892138,52.5974991
-1.8906545,52.5980687
-1.8901953,52.5984708
-1.8922721,52.599155
-1.892343,52.5994291
-1.8922619,52.600029
-1.8920253,52.6004903
-1.8917001,52.601037
-1.890802,52.6019612
-1.8896942,52.6031164
-1.8893425,52.6035441
-1.8890014,52.6044456
-1.8886553,52.604928
-1.8881275,52.6055619
-1.8875175,52.6062094
-1.8871456,52.6066099
-1.8869297,52.6070355
-1.8868481,52.6074772
-1.8866894,52.6081879
-1.8862648,52.6089038
-1.8856331,52.6097056
-1.8853703,52.6099435
-1.8850389,52.6105329
-1.8850734,52.611987
-1.8852414,52.6131986
-1.8856381,52.6147372
-1.8857187,52.6149177
-1.886139,52.6154418
-1.8865952,52.6158663
-1.8876082,52.6166083
-1.8887821,52.6176216
-1.8899673,52.6187597
-1.8920935,52.6208614
-1.8927989,52.6215896
-1.8945635,52.6227918
-1.8954668,52.6234471
-1.8964685,52.6241545
-1.8966669,52.6242358
-1.8970438,52.6245278
-1.8975016,52.624743
-1.8991365,52.6254188
-1.900908,52.6261525
-1.9026375,52.6268516
-1.9040828,52.6274635
-1.9047252,52.6277727
-1.9052013,52.6281369
-1.9055137,52.6282784
-1.9060096,52.6286998
-1.9080068,52.6299563
-1.9085734,52.6303794
-1.9090842,52.63087
-1.9096842,52.6315472
-1.9102425,52.6319006
-1.9117422,52.6326969
-1.9132745,52.6335155
-1.9146085,52.6342529
-1.9153325,52.6347344
-1.9160101,52.6352779
-1.9153594,52.6356104
-1.9152949,52.6355653
-1.9141439,52.6361674
-1.91366,52.635878
-1.9132954,52.6359801
-1.9129657,52.6362355
-1.9132322,52.6364143
-1.9129657,52.6365207
-1.9127554,52.6367037
-1.9131551,52.6370442
-1.9110792,52.6382954
-1.910939,52.6381932
-1.9100132,52.6388018
-1.9098616,52.6387574
-1.9079935,52.6400615
-1.9075166,52.639819
-1.9075681,52.6406045
-1.9058685,52.6417638
-1.9065067,52.6421297
-1.9053704,52.6427981
-1.9055746,52.6429035
-1.9051059,52.6432281
-1.9090657,52.6447509
-1.9097104,52.6442635
-1.9125159,52.6465744
-1.9148442,52.6476977
-1.9162745,52.6486708
-1.918018,52.6498787
-1.9172866,52.6502819
-1.9162799,52.6511769
-1.9160295,52.6513724
-1.9158736,52.6514572
-1.9162008,52.6517497
-1.9163967,52.6518633
-1.9164872,52.6519513
-1.9165529,52.6520904
-1.9165839,52.6522431
-1.9156432,52.6524353
-1.9086753,52.6539987
-1.9121842,52.657536
-1.9129117,52.6582694
-1.9162351,52.6576467
-1.9210848,52.6564594
-1.9237599,52.6555066
-1.9240012,52.6556655
-1.924734,52.6558165
-1.9255475,52.6559399
-1.925814,52.6560526
-1.9262916,52.6564022
-1.9273429,52.6574203
-1.9286194,52.6586448
-1.9301192,52.6592352
-1.9311407,52.6599451
-1.9322367,52.6605947
-1.9331293,52.661091
-1.933604,52.6615938
-1.9338781,52.6615214
-1.9354771,52.6596923
-1.9365992,52.6600368
-1.9364098,52.6590202
-1.9394824,52.6565061
-1.9444177,52.6567403
-1.94828,52.6599682
-1.9495675,52.6592915
-1.952244,52.6612215
-1.952203,52.661289
-1.9522087,52.6613925
-1.952999,52.6620442
-1.9530135,52.6621318
-1.9534023,52.6623992
-1.9536713,52.6627199
-1.9564598,52.6672093
-1.9579184,52.6755587
-1.9581759,52.6780566
-1.9577468,52.6798779
-1.9589484,52.6835724
