-1.6464365,54.7463081
-1.64342,54.7501725
-1.6387872,54.754005
-1.6221629,54.7706245
-1.6374251,54.7812662
-1.6417776,54.7831304
-1.642477,54.7849297
-1.6395675,54.7868802
-1.6155403,54.8002503
-1.5732229,54.8112882
-1.5515248,54.8064112
-1.5354118,54.7978674
-1.5224872,54.7938182
-1.5055787,54.778734
-1.4977758,54.7735706
-1.5003449,54.7729162
-1.5225355,54.767263
-1.5374585,54.7493386
-1.5901817,54.7529071
-1.6193156,54.7510339
-1.6401524,54.7419581
-1.6443094,54.744859
-1.6447225,54.7451407
-1.64563,54.745758
-1.6464365,54.7463081
