0.068639,52.216
0.068651,52.216
0.070223,52.216
0.072784,52.217
0.074971,52.217
0.075141,52.217
0.077303,52.217
0.078712,52.218
0.080506,52.218
0.081543,52.218
0.081855,52.218
0.082215,52.219
0.084068,52.219
0.084325,52.22
0.084579,52.22
0.084781,52.22
0.08508,52.22
0.085634,52.22
0.085985,52.22
0.086678,52.221
0.087548,52.221
0.087741,52.221
0.088127,52.221
0.089109,52.221
0.089405,52.222
0.090026,52.221
0.09035,52.221
0.091465,52.222
0.09251,52.223
0.093783,52.223
0.094205,52.223
0.0945,52.224
0.094732,52.224
0.095385,52.224
0.095515,52.224
0.095646,52.224
0.096385,52.225
0.096602,52.225
0.097344,52.225
0.097716,52.225
0.098639,52.226
0.099192,52.226
0.099364,52.226
0.10118,52.227
0.10125,52.227
0.10126,52.227
0.10254,52.228
0.10348,52.228
0.10396,52.228
0.10495,52.229
0.10593,52.229
0.10658,52.23
0.10783,52.231
0.11154,52.23
0.11168,52.229
0.11194,52.229
0.11224,52.229
0.11254,52.229
0.11305,52.229
0.11407,52.229
0.11741,52.228
0.11826,52.23
0.11871,52.231
0.11916,52.232
0.11975,52.232
0.12048,52.232
0.12185,52.233
0.12185,52.233
0.12263,52.233
0.12367,52.234
0.12461,52.234
0.125,52.234
0.12592,52.234
0.12614,52.234
0.12639,52.234
0.12672,52.234
0.12709,52.234
0.12761,52.234
0.12861,52.235
0.12987,52.236
0.13218,52.235
0.13358,52.234
0.13638,52.233
0.13827,52.233
0.13959,52.232
0.1405,52.232
0.14222,52.232
0.14453,52.231
0.14652,52.23
0.14752,52.23
0.14766,52.23
0.14802,52.23
0.14829,52.23
0.14917,52.231
0.1493,52.231
0.14993,52.232
0.15046,52.232
0.15085,52.233
0.15126,52.233
0.15175,52.233
0.15245,52.234
0.15403,52.236
0.15474,52.237
0.15528,52.237
0.15648,52.237
0.15832,52.236
0.16009,52.236
0.16174,52.235
0.16542,52.234
0.16623,52.234
0.16651,52.235
0.16656,52.235
0.16668,52.235
0.16681,52.235
0.1669,52.235
0.16699,52.235
0.16707,52.235
0.16717,52.236
0.16725,52.236
0.16734,52.236
0.1684,52.236
0.16945,52.235
0.16955,52.235
0.16988,52.235
0.17009,52.234
0.17101,52.234
0.17144,52.234
0.17145,52.234
0.17145,52.234
0.17144,52.234
0.17138,52.233
0.17134,52.233
0.17052,52.233
0.16906,52.234
0.16838,52.233
0.16804,52.232
0.16771,52.232
0.16775,52.232
0.16665,52.23
0.16454,52.231
0.16415,52.231
0.16346,52.23
0.16098,52.231
0.15992,52.23
0.15774,52.228
0.15732,52.227
0.15485,52.226
0.15531,52.226
0.15556,52.226
0.15585,52.225
0.15602,52.225
0.15617,52.225
0.15632,52.225
0.15647,52.224
0.15661,52.224
0.15669,52.224
0.15674,52.224
0.1568,52.224
0.15686,52.223
0.15798,52.223
0.15925,52.222
0.16093,52.221
0.16213,52.22
0.16358,52.219
0.16383,52.219
0.16448,52.219
0.1647,52.219
0.16497,52.219
0.16502,52.219
0.16507,52.219
0.16517,52.219
0.16527,52.218
0.16537,52.218
0.16548,52.218
0.16792,52.218
0.17045,52.218
0.17185,52.217
0.17307,52.217
0.17498,52.217
0.17537,52.217
0.17584,52.217
0.17526,52.216
0.17474,52.216
0.1752,52.216
0.17405,52.214
0.17361,52.213
0.17338,52.213
0.17301,52.213
0.1729,52.213
0.17217,52.212
0.17189,52.211
0.17183,52.211
0.17169,52.211
0.17166,52.211
0.1712,52.21
0.17105,52.21
0.17084,52.209
0.17074,52.209
0.17068,52.209
0.17051,52.209
0.17045,52.209
0.17041,52.209
0.17039,52.209
0.1704,52.209
0.17044,52.208
0.17055,52.208
0.17054,52.208
0.17053,52.208
0.17049,52.208
0.17036,52.207
0.17032,52.207
0.1703,52.207
0.17029,52.207
0.1703,52.207
0.17032,52.207
0.17035,52.207
0.17041,52.207
0.1705,52.206
0.17077,52.206
0.17088,52.206
0.17056,52.206
0.17027,52.206
0.1701,52.206
0.16941,52.205
0.16915,52.205
0.16903,52.205
0.16859,52.205
0.1683,52.205
0.16781,52.205
0.16734,52.204
0.16769,52.204
0.16788,52.204
0.16809,52.204
0.16903,52.204
0.16954,52.204
0.17019,52.204
0.17059,52.204
0.171,52.204
0.17124,52.204
0.17136,52.204
0.17144,52.204
0.17152,52.204
0.17182,52.204
0.17282,52.204
0.17308,52.204
0.17375,52.204
0.174,52.204
0.17575,52.205
0.1768,52.205
0.17828,52.204
0.17741,52.203
0.17992,52.202
0.17893,52.201
0.17958,52.201
0.18044,52.201
0.17993,52.2
0.18003,52.2
0.1815,52.2
0.18076,52.199
0.18184,52.198
0.18269,52.198
0.18151,52.197
0.18109,52.197
0.18297,52.196
0.1835,52.196
0.18324,52.195
0.18331,52.195
0.18288,52.195
0.18257,52.195
0.18272,52.195
0.18229,52.194
0.1822,52.194
0.1818,52.193
0.1817,52.193
0.18168,52.193
0.18288,52.193
0.18331,52.192
0.18405,52.192
0.18455,52.191
0.18385,52.191
0.18372,52.191
0.18347,52.191
0.18304,52.191
0.18285,52.19
0.18257,52.19
0.18218,52.19
0.18204,52.19
0.18166,52.189
0.18157,52.189
0.18136,52.189
0.18125,52.189
0.1812,52.189
0.18118,52.189
0.18102,52.188
0.18103,52.188
0.18232,52.188
0.18266,52.188
0.1832,52.188
0.18312,52.187
0.18166,52.187
0.18135,52.187
0.18153,52.186
0.18168,52.186
0.18172,52.185
0.18166,52.185
0.18163,52.184
0.18159,52.184
0.18158,52.184
0.1815,52.183
0.18118,52.183
0.18129,52.181
0.18133,52.18
0.18148,52.177
0.18139,52.177
0.18146,52.175
0.18157,52.173
0.18171,52.171
0.18133,52.169
0.18087,52.17
0.17965,52.17
0.17812,52.17
0.17647,52.171
0.17642,52.171
0.17553,52.171
0.17277,52.171
0.17196,52.171
0.17031,52.171
0.1688,52.172
0.16766,52.172
0.16629,52.172
0.16371,52.172
0.16263,52.172
0.16091,52.17
0.15988,52.168
0.15978,52.168
0.15944,52.168
0.15932,52.168
0.15878,52.168
0.15812,52.167
0.15792,52.167
0.15673,52.166
0.15519,52.165
0.15493,52.165
0.15172,52.166
0.14647,52.169
0.14357,52.17
0.14358,52.17
0.14176,52.171
0.14145,52.171
0.14058,52.171
0.14014,52.171
0.13953,52.17
0.13863,52.17
0.13733,52.17
0.13582,52.169
0.13559,52.169
0.13437,52.169
0.13205,52.168
0.13059,52.168
0.13018,52.168
0.12721,52.167
0.127,52.167
0.12681,52.167
0.12682,52.167
0.12531,52.166
0.12353,52.166
0.12244,52.165
0.12095,52.165
0.12058,52.165
0.11961,52.165
0.11868,52.164
0.11858,52.164
0.11858,52.164
0.11781,52.164
0.11686,52.163
0.11609,52.163
0.1157,52.163
0.11397,52.162
0.1136,52.162
0.11334,52.162
0.1125,52.162
0.11069,52.161
0.11028,52.161
0.1093,52.16
0.1069,52.159
0.10552,52.159
0.10505,52.159
0.10421,52.158
0.10343,52.158
0.10276,52.159
0.1011,52.161
0.10234,52.162
0.1026,52.162
0.10299,52.162
0.10326,52.162
0.10373,52.163
0.10396,52.163
0.10407,52.163
0.1043,52.163
0.10458,52.163
0.10468,52.163
0.10474,52.164
0.10486,52.164
0.10497,52.164
0.10508,52.164
0.10522,52.165
0.10535,52.165
0.10564,52.166
0.10573,52.166
0.10583,52.166
0.10623,52.167
0.10636,52.167
0.10644,52.167
0.10657,52.167
0.1067,52.167
0.10686,52.167
0.10702,52.168
0.10717,52.168
0.10771,52.168
0.1078,52.168
0.10783,52.168
0.10785,52.168
0.10785,52.168
0.10785,52.168
0.10609,52.168
0.10654,52.169
0.10695,52.17
0.10591,52.17
0.10543,52.17
0.10381,52.17
0.1036,52.171
0.10134,52.171
0.099307,52.171
0.099287,52.171
0.09954,52.171
0.09965,52.172
0.099865,52.172
0.099972,52.172
0.10003,52.172
0.099994,52.172
0.099994,52.172
0.10006,52.173
0.099931,52.173
0.099927,52.173
0.10007,52.173
0.10051,52.173
0.10069,52.173
0.10095,52.174
0.10131,52.174
0.10138,52.174
0.10141,52.174
0.10154,52.174
0.10157,52.175
0.10158,52.175
0.10158,52.175
0.10156,52.175
0.10153,52.175
0.1015,52.175
0.10125,52.175
0.10123,52.176
0.10122,52.176
0.10123,52.176
0.10126,52.176
0.10132,52.176
0.10139,52.176
0.10062,52.176
0.10041,52.176
0.10033,52.176
0.10025,52.176
0.099952,52.176
0.099749,52.176
0.099578,52.177
0.099515,52.177
0.099496,52.177
0.099492,52.177
0.099616,52.177
0.099635,52.177
0.099599,52.177
0.099557,52.178
0.099555,52.178
0.099581,52.178
0.099688,52.178
0.099781,52.178
0.099782,52.178
0.099763,52.178
0.09965,52.179
0.099637,52.179
0.099634,52.179
0.099623,52.179
0.099559,52.179
0.099166,52.18
0.099016,52.18
0.09888,52.18
0.098503,52.18
0.098425,52.18
0.098318,52.18
0.098273,52.18
0.098237,52.18
0.098204,52.18
0.098173,52.18
0.098148,52.18
0.098134,52.18
0.098132,52.181
0.098139,52.181
0.098161,52.181
0.098206,52.181
0.098254,52.181
0.098296,52.181
0.098362,52.181
0.098445,52.181
0.098489,52.181
0.098779,52.182
0.099145,52.182
0.099248,52.182
0.09928,52.182
0.099328,52.182
0.099362,52.182
0.099532,52.182
0.099686,52.182
0.099809,52.182
0.099951,52.182
0.1002,52.182
0.10025,52.182
0.10034,52.182
0.10042,52.183
0.10045,52.183
0.10045,52.183
0.10044,52.183
0.10023,52.183
0.1002,52.183
0.10021,52.183
0.10032,52.184
0.10034,52.184
0.10033,52.184
0.10029,52.184
0.10013,52.184
0.10004,52.185
0.099925,52.185
0.099913,52.185
0.099921,52.185
0.099946,52.185
0.099989,52.185
0.10004,52.185
0.10014,52.185
0.10057,52.185
0.10075,52.186
0.10104,52.186
0.10121,52.186
0.10146,52.186
0.10203,52.187
0.10203,52.187
0.10204,52.187
0.10205,52.187
0.10214,52.187
0.10219,52.187
0.10223,52.188
0.10239,52.188
0.10256,52.188
0.10283,52.188
0.10335,52.189
0.10349,52.189
0.10354,52.189
0.10371,52.189
0.10445,52.189
0.10469,52.189
0.10473,52.189
0.10475,52.189
0.10477,52.189
0.10478,52.189
0.10477,52.189
0.10484,52.189
0.10487,52.189
0.10496,52.19
0.10498,52.19
0.10498,52.19
0.10496,52.19
0.10492,52.19
0.10486,52.19
0.10483,52.19
0.10468,52.19
0.10466,52.19
0.10464,52.19
0.10464,52.191
0.10467,52.191
0.10471,52.191
0.10458,52.191
0.1037,52.191
0.10406,52.192
0.10277,52.192
0.10154,52.192
0.101,52.192
0.10025,52.192
0.09996,52.192
0.099937,52.192
0.099855,52.192
0.099724,52.192
0.096852,52.192
0.096785,52.192
0.096531,52.193
0.096385,52.193
0.096482,52.193
0.09667,52.193
0.096871,52.194
0.096971,52.194
0.096991,52.194
0.097022,52.194
0.097066,52.194
0.097188,52.194
0.097223,52.195
0.0973,52.195
0.097338,52.195
0.097407,52.195
0.097424,52.195
0.09743,52.195
0.097424,52.195
0.097392,52.196
0.097387,52.196
0.097401,52.196
0.097357,52.196
0.097357,52.196
0.097374,52.197
0.097389,52.197
0.097414,52.197
0.097493,52.197
0.097571,52.197
0.097028,52.197
0.096911,52.197
0.096784,52.197
0.096625,52.197
0.096309,52.198
0.09623,52.198
0.096149,52.198
0.096012,52.198
0.09596,52.198
0.095721,52.198
0.095602,52.198
0.095228,52.199
0.094999,52.199
0.094891,52.199
0.094076,52.199
0.093909,52.199
0.093862,52.199
0.093839,52.199
0.093776,52.199
0.093733,52.199
0.09368,52.199
0.093591,52.199
0.093419,52.199
0.093229,52.199
0.093201,52.199
0.092997,52.199
0.092937,52.199
0.092876,52.199
0.09236,52.199
0.092311,52.199
0.091803,52.2
0.091647,52.2
0.091408,52.2
0.091194,52.2
0.090872,52.2
0.090536,52.2
0.090369,52.2
0.089923,52.2
0.087574,52.201
0.086945,52.201
0.08661,52.201
0.086323,52.201
0.085376,52.201
0.084698,52.201
0.084703,52.202
0.084735,52.202
0.084783,52.202
0.084938,52.202
0.085072,52.202
0.085385,52.203
0.085534,52.203
0.082643,52.204
0.081619,52.204
0.081622,52.204
0.080866,52.204
0.079729,52.204
0.078957,52.204
0.078989,52.204
0.07905,52.205
0.079164,52.205
0.079193,52.205
0.079215,52.205
0.079209,52.205
0.079163,52.206
0.079037,52.206
0.078219,52.206
0.077568,52.206
0.077583,52.206
0.07766,52.207
0.07763,52.207
0.077602,52.207
0.077546,52.207
0.077525,52.207
0.077369,52.208
0.077336,52.208
0.077328,52.208
0.076495,52.208
0.076434,52.208
0.076302,52.208
0.076121,52.208
0.076051,52.208
0.075396,52.208
0.075136,52.208
0.07499,52.208
0.074877,52.208
0.074679,52.208
0.074237,52.208
0.073947,52.208
0.073957,52.209
0.073949,52.209
0.073953,52.209
0.073972,52.209
0.074101,52.21
0.073824,52.21
0.073666,52.21
0.074127,52.211
0.074242,52.212
0.072664,52.212
0.07267,52.212
0.072236,52.212
0.072138,52.212
0.071832,52.212
0.071686,52.212
0.071299,52.212
0.070534,52.212
0.07049,52.212
0.069802,52.212
0.069944,52.213
0.069964,52.213
0.070071,52.213
0.070163,52.213
0.070515,52.214
0.07054,52.214
0.070562,52.214
0.070593,52.214
0.070611,52.214
0.070731,52.214
0.070854,52.214
0.070881,52.214
0.070968,52.215
0.071038,52.215
0.071103,52.215
0.071117,52.215
0.070879,52.215
0.070613,52.215
0.07023,52.215
0.06889,52.215
0.068804,52.215
0.06864,52.215
0.068639,52.216
