-1.4790049,50.9250354
-1.4789925,50.9251731
-1.4789661,50.9252526
-1.4787726,50.9255354
-1.478667,50.9256315
-1.4784487,50.9257416
-1.4782681,50.9257923
-1.4780277,50.9258164
-1.4778634,50.9258016
-1.4775643,50.9257147
-1.477359,50.9256796
-1.4772036,50.9256962
-1.4771198,50.925738
-1.4769719,50.9258848
-1.4769572,50.926029
-1.4769847,50.926162
-1.4771091,50.9264069
-1.477142,50.9265484
-1.4771185,50.9266556
-1.4770486,50.9268006
-1.4769546,50.9269005
-1.4764701,50.927167
-1.4761555,50.9273616
-1.4758857,50.9276204
-1.4757538,50.9277996
-1.4756759,50.9279812
-1.4756737,50.9281857
-1.4760151,50.9283024
-1.476285,50.9283756
-1.4764337,50.9284084
-1.4765352,50.928423
-1.4767639,50.9284403
-1.4770821,50.9284575
-1.4771732,50.9284609
-1.4773509,50.928471
-1.4773083,50.9286631
-1.4770581,50.9287032
-1.4768401,50.9290569
-1.4763908,50.9291481
-1.4759267,50.9291478
-1.4752151,50.9289575
-1.4750307,50.928925
-1.4747579,50.9289223
-1.4741291,50.9289491
-1.4743667,50.9295238
-1.4735927,50.9297044
-1.4718792,50.9300284
-1.4715773,50.931624
-1.4704073,50.9315164
-1.4703282,50.9315272
-1.4701401,50.9316053
-1.4700339,50.9316681
-1.4698984,50.9317768
-1.4698767,50.9318383
-1.4698546,50.9319847
-1.4698258,50.9320977
-1.4697661,50.932187
-1.4696658,50.9322719
-1.4689894,50.9326884
-1.4688786,50.9327059
-1.4687989,50.9327282
-1.4687369,50.9328105
-1.4686219,50.9329053
-1.468434,50.9330225
-1.4683571,50.9330938
-1.4682824,50.9332364
-1.4678966,50.9336117
-1.4676105,50.9338876
-1.4672627,50.9337765
-1.4662273,50.9347107
-1.4654121,50.9348843
-1.4641215,50.9351144
-1.4644603,50.9356535
-1.4647153,50.9359346
-1.4647304,50.9360097
-1.4648544,50.93602
-1.4649809,50.937336
-1.4651227,50.9379552
-1.4650789,50.9381316
-1.4650406,50.9382001
-1.4647614,50.9386917
-1.4645182,50.9389749
-1.4642652,50.9392749
-1.4641287,50.939436
-1.4636757,50.9399405
-1.4615265,50.941719
-1.4613578,50.9417801
-1.4604563,50.9424457
-1.4602645,50.9426045
-1.4600056,50.9428521
-1.459749,50.9430502
-1.4594554,50.9431827
-1.45937,50.9432647
-1.459363,50.9434609
-1.4593319,50.9435648
-1.4576481,50.9448257
-1.4560062,50.946051
-1.4559634,50.9460746
-1.4558932,50.9460308
-1.4558253,50.945983
-1.4555473,50.9457192
-1.4554154,50.9456214
-1.4548278,50.9452533
-1.4544923,50.9450471
-1.4543838,50.9449788
-1.4541784,50.9448771
-1.4539247,50.9447916
-1.4537556,50.9446091
-1.4536509,50.9444508
-1.4524469,50.9436061
-1.4510147,50.9443339
-1.4510491,50.9445812
-1.4510527,50.9446873
-1.4510394,50.944722
-1.4510127,50.9448093
-1.450996,50.9448913
-1.4509465,50.9450581
-1.4506788,50.9456412
-1.4504534,50.9460777
-1.450203,50.9465563
-1.4500328,50.9468823
-1.4499961,50.9469854
-1.4499693,50.9471936
-1.4499902,50.947233
-1.450824,50.9481202
-1.4513315,50.9486502
-1.4517809,50.9491381
-1.4516503,50.9492834
-1.4511779,50.9494401
-1.4506638,50.9495999
-1.449981,50.9498082
-1.449555,50.9499185
-1.4492766,50.9490425
-1.4492696,50.9490035
-1.4492165,50.9489731
-1.4486455,50.9487619
-1.4482093,50.9485905
-1.4470147,50.9481581
-1.4468104,50.9480946
-1.4466113,50.9482682
-1.443531,50.9473973
-1.4425914,50.9473765
-1.4421358,50.9472292
-1.4418941,50.947163
-1.4416046,50.9471021
-1.4413012,50.9470647
-1.4407494,50.9470666
-1.4401859,50.9479465
-1.4401924,50.9480481
-1.4401325,50.948116
-1.4400759,50.948148
-1.4398923,50.9482038
-1.4396569,50.9483279
-1.4395434,50.9483079
-1.439308,50.9483005
-1.439091,50.9483121
-1.4382848,50.9484037
-1.4377539,50.9484993
-1.4373467,50.9486177
-1.437217,50.9486629
-1.4369451,50.9487437
-1.4364084,50.9488606
-1.436074,50.9489487
-1.4357397,50.9489982
-1.4352994,50.9489992
-1.4351228,50.948982
-1.4347458,50.9489296
-1.4346256,50.9489379
-1.4345385,50.948888
-1.4345112,50.9488611
-1.4342382,50.9487182
-1.434042,50.9486172
-1.4335933,50.9485049
-1.4329154,50.9483494
-1.432497,50.948277
-1.4322704,50.9482242
-1.4319845,50.9481935
-1.4317472,50.9481426
-1.4313847,50.9480112
-1.4309524,50.9478222
-1.4302725,50.9475103
-1.4300647,50.9474359
-1.4297605,50.947377
-1.4295691,50.9473536
-1.4291451,50.9473365
-1.4288689,50.9472992
-1.4282277,50.9471913
-1.42661,50.9471644
-1.4254157,50.9471917
-1.4236728,50.9472448
-1.423339,50.9483654
-1.423079,50.9490067
-1.4228314,50.9494564
-1.4220084,50.9508879
-1.4217608,50.9512411
-1.4212779,50.951617
-1.4210325,50.9516953
-1.420739,50.9517357
-1.4196051,50.951677
-1.418469,50.9516907
-1.4176269,50.9516478
-1.4174986,50.9517165
-1.4171871,50.951738
-1.4172128,50.9515024
-1.4171958,50.9511487
-1.4164767,50.9514151
-1.4163736,50.9508542
-1.4151333,50.9508457
-1.4149959,50.9504805
-1.4146869,50.9499484
-1.4142754,50.9493456
-1.4135516,50.9496634
-1.4128131,50.9499868
-1.4127132,50.9500901
-1.412521,50.9500597
-1.4122815,50.9500697
-1.412157,50.9501275
-1.4119352,50.9503758
-1.4108521,50.9499646
-1.4096218,50.9497663
-1.4095589,50.950039
-1.4093384,50.9505947
-1.4092916,50.9516098
-1.4092652,50.9517109
-1.4090298,50.9520533
-1.4088472,50.9522378
-1.408203,50.9527796
-1.4077801,50.9531324
-1.4075618,50.953328
-1.4074063,50.9534969
-1.4072952,50.9536555
-1.4071926,50.9542975
-1.4071323,50.9547008
-1.4065013,50.9547229
-1.4064765,50.9554903
-1.4065224,50.955865
-1.4064328,50.9560106
-1.4063653,50.9560707
-1.4062621,50.9561207
-1.4061823,50.9561284
-1.4060992,50.9561307
-1.4060278,50.9561157
-1.4056584,50.9558505
-1.4053208,50.9556304
-1.4046658,50.9552819
-1.4042644,50.9552926
-1.4039247,50.9554183
-1.4025474,50.9552558
-1.4028586,50.9549849
-1.4034066,50.9542394
-1.4036372,50.9535127
-1.4037776,50.9529801
-1.4039275,50.9523617
-1.4030228,50.9516885
-1.4025844,50.9513196
-1.4021056,50.9509361
-1.4016019,50.9505528
-1.4011783,50.9502871
-1.4007514,50.9500429
-1.4001601,50.9497618
-1.4003751,50.9504428
-1.4003642,50.9504845
-1.4003085,50.9505085
-1.4002176,50.9505085
-1.4001108,50.9504853
-1.3998393,50.9502646
-1.3996041,50.9500931
-1.3991119,50.9499412
-1.3987277,50.9498082
-1.3984139,50.9496031
-1.3981139,50.9494623
-1.3963814,50.9493315
-1.3955231,50.9492677
-1.3951337,50.9492745
-1.3928708,50.9493918
-1.3928889,50.9488846
-1.3925199,50.9486823
-1.3921692,50.9485728
-1.3918757,50.9484363
-1.3913602,50.9481197
-1.391298,50.9481175
-1.3910927,50.9473445
-1.390829,50.946502
-1.3908057,50.94647
-1.3907798,50.9464399
-1.3907278,50.9464099
-1.3902967,50.9461795
-1.3898309,50.9459479
-1.3891835,50.9461547
-1.3889734,50.9461889
-1.3887222,50.9462134
-1.3884082,50.946253
-1.3882009,50.9462919
-1.3879273,50.9463635
-1.3876501,50.9463922
-1.3872819,50.946384
-1.3870783,50.9463321
-1.3870069,50.9462871
-1.3868877,50.9462462
-1.3867686,50.9462175
-1.3866127,50.9462052
-1.3862969,50.9462497
-1.3862532,50.9462039
-1.3861362,50.9462066
-1.3860257,50.9461957
-1.385872,50.9461411
-1.385768,50.9461165
-1.3852287,50.9460824
-1.3847976,50.9460973
-1.3847219,50.946107
-1.3846929,50.946169
-1.3842562,50.9462339
-1.3839963,50.9462407
-1.3831387,50.9461957
-1.3830732,50.9461658
-1.3830825,50.9459636
-1.3815646,50.946077
-1.381302,50.9462816
-1.3808189,50.9468234
-1.3806631,50.9471154
-1.3806068,50.9473733
-1.3804949,50.9476187
-1.3799073,50.9475267
-1.3782983,50.9473376
-1.3768244,50.9472193
-1.3765894,50.9471381
-1.3738661,50.9466327
-1.3717903,50.946236
-1.3709764,50.9460621
-1.3708438,50.946118
-1.3707542,50.94614
-1.3707143,50.9461854
-1.3706521,50.9462905
-1.3705326,50.946358
-1.3705227,50.9464348
-1.3705525,50.946496
-1.3704554,50.9465399
-1.3704156,50.9465509
-1.3703758,50.9466073
-1.370336,50.9466763
-1.3702887,50.9467281
-1.3701841,50.9467924
-1.3700024,50.9468551
-1.3699277,50.9468818
-1.3698929,50.9469131
-1.369873,50.9469853
-1.3698625,50.9470361
-1.3698336,50.9470911
-1.3694726,50.9471005
-1.3692037,50.9471254
-1.3690904,50.9471554
-1.3690247,50.9471753
-1.368926,50.9472137
-1.3688814,50.9471966
-1.3688444,50.9471347
-1.3687909,50.9471047
-1.36868,50.9470771
-1.3685132,50.9470203
-1.3684535,50.9470495
-1.3683269,50.9470111
-1.3682082,50.9469401
-1.3680601,50.9468945
-1.3678653,50.9468623
-1.3674805,50.9468086
-1.3673197,50.946807
-1.3671273,50.94685
-1.3669324,50.9468821
-1.3660044,50.9465016
-1.3648255,50.9459845
-1.3643506,50.9457604
-1.3636212,50.9454408
-1.3622692,50.9447946
-1.3611492,50.9442262
-1.360111,50.9437129
-1.3595025,50.9433865
-1.3581311,50.9427164
-1.3552198,50.9412751
-1.3547068,50.9410317
-1.35475,50.9410109
-1.3547613,50.9409448
-1.354679,50.9407801
-1.3545403,50.940656
-1.3545306,50.9406347
-1.3545366,50.9405957
-1.3545758,50.9405523
-1.3546113,50.9405391
-1.3547323,50.9404618
-1.3549163,50.9403439
-1.3550712,50.9402676
-1.3551874,50.9402178
-1.3553133,50.9401801
-1.3554649,50.9401385
-1.3559588,50.9400246
-1.3560249,50.9399991
-1.3567269,50.9395914
-1.3569664,50.9394753
-1.3572209,50.9392473
-1.3573535,50.9390961
-1.3575639,50.9389036
-1.357731,50.9387637
-1.3580233,50.9385605
-1.3585698,50.9382267
-1.3590046,50.9379657
-1.3578238,50.9379211
-1.3574535,50.9378389
-1.3567773,50.9376907
-1.3566429,50.9376969
-1.3563887,50.9375089
-1.3559512,50.9373491
-1.3550985,50.937079
-1.3545884,50.9368663
-1.354275,50.9366623
-1.3540583,50.9364323
-1.3537546,50.9360749
-1.3536899,50.9359047
-1.353652,50.935834
-1.3536026,50.9357685
-1.3535178,50.9356907
-1.353412,50.9356151
-1.3530551,50.9354051
-1.3527826,50.9353691
-1.3528503,50.9353006
-1.35291,50.9352586
-1.3531401,50.9350965
-1.3536213,50.934797
-1.3542715,50.9345106
-1.3544092,50.9344404
-1.354528,50.9343799
-1.3549887,50.9341036
-1.355239,50.9338462
-1.3553422,50.9337401
-1.3558159,50.9333868
-1.3562068,50.9331649
-1.3564816,50.933051
-1.3568467,50.9329069
-1.357125,50.9327385
-1.3572616,50.9325822
-1.3573321,50.9324074
-1.3573812,50.9320979
-1.3574329,50.9317714
-1.3574711,50.9316185
-1.357606,50.9313095
-1.357786,50.9309791
-1.3578595,50.9308606
-1.3579442,50.9307594
-1.3579185,50.9307215
-1.3575729,50.9304803
-1.3574369,50.9303741
-1.357169,50.9301611
-1.3569819,50.9300011
-1.3561995,50.9296827
-1.3559136,50.9294905
-1.3554001,50.9291081
-1.3551486,50.9289533
-1.3549296,50.9287985
-1.3548155,50.9286812
-1.3547047,50.9285224
-1.3545478,50.9282613
-1.3545212,50.9281904
-1.3544847,50.9279557
-1.3544297,50.9277914
-1.3543966,50.9277166
-1.3543037,50.9275377
-1.3540109,50.9270814
-1.3537926,50.9268313
-1.3533292,50.9264006
-1.3531431,50.9261649
-1.3521419,50.9263978
-1.351148,50.9266742
-1.3508815,50.9264567
-1.3506435,50.9261635
-1.350163,50.9258127
-1.3497815,50.9255953
-1.3491884,50.9253414
-1.3483408,50.9250661
-1.3478038,50.9247895
-1.3471669,50.9244238
-1.3464951,50.923998
-1.346249,50.9238172
-1.3460327,50.923618
-1.3457725,50.9233371
-1.3450668,50.9230606
-1.3448813,50.9230272
-1.3445154,50.9228575
-1.34355,50.9230315
-1.342011,50.9232847
-1.3394972,50.9237235
-1.338724,50.9232063
-1.3377457,50.9224896
-1.3381085,50.9219546
-1.3385042,50.9214924
-1.337497,50.9209405
-1.3366477,50.9204945
-1.3362863,50.9208424
-1.3361495,50.9209213
-1.3359995,50.9209934
-1.335819,50.9210527
-1.3356502,50.9210609
-1.3354961,50.9210447
-1.3353868,50.9210238
-1.335247,50.9209886
-1.3351224,50.9209357
-1.3349495,50.9208331
-1.3340641,50.9203275
-1.3333566,50.9198856
-1.3331648,50.9195958
-1.3326714,50.918965
-1.3328834,50.9187298
-1.3327064,50.9184728
-1.3323754,50.9180848
-1.3316636,50.9173062
-1.3316064,50.9173125
-1.3302476,50.9157844
-1.3301234,50.9156154
-1.329831,50.9156221
-1.3298099,50.9153976
-1.3298249,50.9149488
-1.3295897,50.9148983
-1.3292753,50.9148021
-1.3285835,50.9145838
-1.3287324,50.9144417
-1.3290123,50.9143704
-1.328798,50.9139482
-1.3288889,50.9139174
-1.328805,50.9137072
-1.3286512,50.9135073
-1.3285968,50.913457
-1.3290498,50.9133147
-1.3286613,50.9128659
-1.3283625,50.9125564
-1.3280599,50.91221
-1.3276962,50.9118077
-1.3267825,50.91082
-1.326424,50.9104019
-1.3254766,50.9093911
-1.3247025,50.9085409
-1.3246432,50.9084446
-1.3275942,50.9071701
-1.3287288,50.9066783
-1.3277163,50.9055566
-1.3280411,50.9052823
-1.3280283,50.9051876
-1.3275392,50.9046538
-1.3278757,50.9044651
-1.3260508,50.9044625
-1.3240368,50.9044222
-1.3219862,50.9009665
-1.3350605,50.8973704
-1.3350817,50.8963862
-1.3350962,50.8962992
-1.3352198,50.8961726
-1.3358962,50.8956193
-1.3359735,50.8955433
-1.3360128,50.8954848
-1.3360583,50.8954165
-1.3361523,50.895341
-1.3366011,50.8951253
-1.3368399,50.895152
-1.3373791,50.894969
-1.3377382,50.8948881
-1.338187,50.8948126
-1.3386401,50.8947128
-1.3390761,50.894605
-1.3394993,50.8945295
-1.3396649,50.8945357
-1.3403926,50.8944324
-1.3412347,50.8942814
-1.3414787,50.8942273
-1.3416707,50.8941278
-1.3418417,50.8939849
-1.3421196,50.8936128
-1.3427736,50.8925343
-1.3429873,50.8918629
-1.3432307,50.8914536
-1.343372,50.8913398
-1.3435729,50.8912077
-1.3448429,50.8906874
-1.3449408,50.8906361
-1.3449621,50.8905741
-1.3449557,50.8904751
-1.345113,50.8902988
-1.3469285,50.8894322
-1.3480317,50.8891542
-1.349117,50.8888522
-1.3495164,50.8884788
-1.3502032,50.8877374
-1.3504116,50.8874928
-1.3510303,50.8868464
-1.3512162,50.8867734
-1.353358,50.8862147
-1.3536706,50.8861015
-1.3541341,50.8859531
-1.3547314,50.8857497
-1.3549597,50.8856941
-1.3551119,50.885684
-1.3560119,50.8856269
-1.3563416,50.8855729
-1.3569275,50.885446
-1.357403,50.8853606
-1.3582522,50.8851803
-1.3586566,50.8850321
-1.3591573,50.8847213
-1.3595898,50.8844535
-1.3599297,50.8843247
-1.3601433,50.8842036
-1.3602981,50.8840886
-1.3604196,50.883981
-1.3610406,50.883174
-1.3612192,50.882987
-1.3619854,50.8823354
-1.362703,50.881668
-1.3629368,50.8816527
-1.3631122,50.8815816
-1.3633983,50.8814419
-1.3636257,50.8812841
-1.3636982,50.8811963
-1.3640381,50.8808134
-1.3645115,50.8802826
-1.3646467,50.8801577
-1.3650296,50.8801094
-1.3651465,50.8800311
-1.3681138,50.877716
-1.372558,50.8742666
-1.3755265,50.8719578
-1.3762214,50.8715095
-1.3796598,50.8730241
-1.3821148,50.8742439
-1.3853591,50.8760465
-1.3905552,50.8790154
-1.3919855,50.8797145
-1.3926352,50.8799716
-1.3940668,50.8803395
-1.3961412,50.8808555
-1.3968579,50.8810023
-1.3975067,50.8811713
-1.3990835,50.8818921
-1.4012659,50.8845892
-1.403632,50.886067
-1.403933,50.886309
-1.40419,50.8865823
-1.4047407,50.8874887
-1.4051227,50.8879692
-1.4050919,50.8880047
-1.4060497,50.8894006
-1.4071218,50.8910261
-1.4074995,50.891575
-1.4077995,50.8919102
-1.4081258,50.8921891
-1.4084415,50.8924214
-1.4088402,50.8926481
-1.4099782,50.8930887
-1.4109676,50.8934936
-1.4116895,50.8938551
-1.4129427,50.894469
-1.4146207,50.8953608
-1.4162014,50.8964857
-1.4176381,50.8972849
-1.4204674,50.8985033
-1.4228109,50.8992835
-1.4235553,50.8996546
-1.4259892,50.9005372
-1.427419,50.9008346
-1.4280123,50.9009401
-1.4321884,50.9021081
-1.4334214,50.9026279
-1.4342348,50.9033766
-1.4350702,50.9037925
-1.4393171,50.9053223
-1.4397046,50.9053966
-1.4401991,50.905448
-1.4407228,50.9054358
-1.4412824,50.9053573
-1.4417099,50.9052201
-1.4420752,50.905024
-1.4429401,50.904424
-1.4434276,50.9041271
-1.444096,50.9037987
-1.4472068,50.9027648
-1.4515702,50.9030532
-1.4567904,50.9052563
-1.457956,50.9056142
-1.4583807,50.9056728
-1.4587285,50.9057002
-1.4594247,50.9056977
-1.4601565,50.9057328
-1.4609309,50.905848
-1.4616736,50.9060158
-1.462178,50.9061736
-1.4623607,50.9062512
-1.4627697,50.9065016
-1.4629127,50.9066669
-1.4630557,50.9069424
-1.4632261,50.9077055
-1.4634407,50.9079808
-1.4635787,50.908165
-1.4641631,50.9084926
-1.4651372,50.9088048
-1.4655703,50.9089987
-1.4667687,50.9095418
-1.4678161,50.9107295
-1.4681462,50.9111031
-1.4681928,50.9114615
-1.4681306,50.9116968
-1.4681596,50.9119635
-1.4682788,50.9122852
-1.4687402,50.91302
-1.4688066,50.9131743
-1.4691504,50.9136063
-1.4698866,50.9145527
-1.4703038,50.9150675
-1.4709449,50.9157195
-1.4711499,50.9160219
-1.4712951,50.9163305
-1.4713988,50.9165083
-1.4715398,50.9168273
-1.4716704,50.9173063
-1.4717679,50.9175804
-1.4718882,50.917834
-1.4720416,50.9180039
-1.4723705,50.9182645
-1.4726752,50.9186365
-1.4729043,50.9189112
-1.4730993,50.9191126
-1.4732527,50.9191753
-1.4735008,50.9192566
-1.4736675,50.9194472
-1.4737297,50.9195675
-1.47385,50.9199309
-1.4740619,50.9202725
-1.4741173,50.9203672
-1.4741823,50.9205692
-1.4741911,50.920682
-1.4743025,50.9208428
-1.4746456,50.921146
-1.474977,50.9216082
-1.4751394,50.9219024
-1.4753292,50.9220668
-1.4756885,50.9222276
-1.4758457,50.9223661
-1.4759425,50.9224685
-1.476084,50.922581
-1.4764088,50.9227199
-1.4766991,50.9228937
-1.4769367,50.9230638
-1.4769461,50.92333
-1.4769191,50.9236535
-1.4769279,50.9237589
-1.4770481,50.9240916
-1.4772216,50.9243234
-1.4773998,50.9244772
-1.4777168,50.9246222
-1.4779895,50.9247165
-1.4784382,50.9247867
-1.4788254,50.9249161
-1.4790049,50.9250354
