-2.3013858,51.831667
-2.301274,51.831717
-2.300797,51.8318787
-2.3005791,51.831998
-2.300154,51.8321645
-2.2999385,51.8322144
-2.2998834,51.8322224
-2.2997792,51.8322253
-2.2994993,51.832213
-2.29893,51.8321247
-2.298711,51.8321167
-2.2985623,51.8321942
-2.2984662,51.8322673
-2.298155,51.8325723
-2.2977886,51.8324342
-2.297129,51.8323311
-2.2963565,51.8322463
-2.2945541,51.8323683
-2.2929405,51.8328297
-2.2919534,51.8332965
-2.2912925,51.833742
-2.2908033,51.8342936
-2.290561,51.8346645
-2.2903855,51.8351071
-2.2902991,51.8359893
-2.290413,51.8365399
-2.290594,51.8370732
-2.2906477,51.8374488
-2.2906401,51.837898
-2.2905285,51.8384281
-2.2903915,51.8387042
-2.2901938,51.838897
-2.2900161,51.8390687
-2.2891539,51.8396564
-2.2883914,51.8400903
-2.2871617,51.8406766
-2.28582,51.8413099
-2.2848349,51.8417695
-2.283316,51.8423413
-2.2825912,51.8426117
-2.2813276,51.8430492
-2.280412,51.8434486
-2.2798448,51.8438457
-2.2795605,51.8442111
-2.2792711,51.8448587
-2.2792544,51.845273
-2.2793228,51.8455577
-2.2795964,51.8464243
-2.2798427,51.8470368
-2.2805293,51.8480018
-2.2814992,51.8493592
-2.2830356,51.8513739
-2.2846664,51.8536112
-2.2853788,51.8545761
-2.2867091,51.8561294
-2.2882541,51.8580802
-2.2885803,51.8586845
-2.2884258,51.859363
-2.2878679,51.8599567
-2.2870834,51.8603733
-2.286265,51.8606517
-2.2852705,51.8608558
-2.2838167,51.8610168
-2.28192,51.861262
-2.2797569,51.8614833
-2.2785155,51.8616355
-2.2776501,51.8617887
-2.2765049,51.862129
-2.2755808,51.8623823
-2.274778,51.8628385
-2.2741433,51.8632326
-2.2733812,51.8638742
-2.2727732,51.8645367
-2.2725266,51.8650547
-2.2719892,51.8663331
-2.2716194,51.8668699
-2.2713018,51.8671272
-2.270466,51.8676741
-2.2701617,51.8679777
-2.2699953,51.8681974
-2.2699333,51.8683729
-2.269911,51.8686211
-2.2699785,51.8689732
-2.2700506,51.8692209
-2.270285,51.8697533
-2.27038,51.8700345
-2.2704027,51.8704481
-2.2703465,51.8707929
-2.2702658,51.8710406
-2.2701037,51.8714324
-2.2699593,51.871676
-2.2695301,51.8721947
-2.2692786,51.8724609
-2.268716,51.872957
-2.268446,51.8732972
-2.2681339,51.8736753
-2.2679838,51.873974
-2.2679716,51.874305
-2.267999,51.8744508
-2.2678704,51.8751672
-2.2668792,51.8752383
-2.2666521,51.8752463
-2.2658019,51.875313
-2.2656808,51.8753799
-2.2655486,51.8755417
-2.265496,51.8756709
-2.2643503,51.8757261
-2.2641348,51.8757051
-2.263829,51.8756387
-2.2636963,51.8756304
-2.26353,51.8756281
-2.2624866,51.8756864
-2.2621653,51.8756794
-2.2620597,51.8755931
-2.2619914,51.8754461
-2.2612013,51.8755021
-2.2604024,51.875554
-2.2596177,51.8756062
-2.2583748,51.8757113
-2.2583785,51.8758506
-2.2583415,51.8759374
-2.2582453,51.8759648
-2.2581048,51.8759945
-2.2575586,51.8760673
-2.2574486,51.8760705
-2.2572873,51.8760784
-2.2569367,51.8760721
-2.2567345,51.8760816
-2.2554956,51.8763154
-2.2548327,51.8764813
-2.2540341,51.8767247
-2.2536062,51.8768792
-2.2532451,51.8770328
-2.252789,51.8771842
-2.2520298,51.8775267
-2.2519275,51.8776334
-2.2519185,51.8777093
-2.251933,51.877787
-2.2516696,51.8778546
-2.2515855,51.8778267
-2.2515529,51.8778233
-2.2515112,51.8778222
-2.2514199,51.8778507
-2.2508078,51.8781886
-2.2506886,51.8782954
-2.249543,51.8791043
-2.248772,51.8796451
-2.248468,51.8798933
-2.2480233,51.8801884
-2.2473751,51.880582
-2.2469992,51.880778
-2.2471232,51.8810004
-2.2469921,51.8810841
-2.2467946,51.8808966
-2.246076,51.8812375
-2.2451515,51.8815939
-2.2444218,51.8818584
-2.243887,51.8820158
-2.2435399,51.8820989
-2.24309,51.8822126
-2.2421655,51.8824028
-2.2419353,51.8824597
-2.2414571,51.8825253
-2.2408975,51.8825821
-2.2401466,51.8826521
-2.239497,51.8827282
-2.2391085,51.882801
-2.2389174,51.8828583
-2.2386404,51.8829642
-2.238388,51.8830701
-2.2380571,51.8832531
-2.2380204,51.883238
-2.2380057,51.8832183
-2.2379996,51.8831929
-2.2380253,51.8831276
-2.2379867,51.8831155
-2.2378709,51.8830671
-2.2379616,51.8828553
-2.2380155,51.8827932
-2.237991,51.8827448
-2.2379052,51.8826677
-2.2377565,51.8825724
-2.2375393,51.8824961
-2.236518,51.8822516
-2.2358206,51.8821191
-2.2357925,51.8821881
-2.2352313,51.8820852
-2.2345373,51.8819946
-2.2342583,51.881946
-2.2338844,51.8819301
-2.2327206,51.8819085
-2.2311236,51.8819199
-2.2303826,51.8819376
-2.2295983,51.8820117
-2.2289621,51.8821064
-2.2288441,51.8821205
-2.2286774,51.8821405
-2.2283367,51.8822221
-2.2282019,51.8822363
-2.22804,51.8822473
-2.2279145,51.8823371
-2.2277001,51.8822298
-2.2266496,51.8824698
-2.2257983,51.8826917
-2.2240889,51.8832047
-2.2239634,51.8832051
-2.2215689,51.8839483
-2.2193304,51.8846387
-2.2186012,51.8847916
-2.2179097,51.8849021
-2.2171916,51.884982
-2.2167324,51.8850532
-2.2161171,51.8851145
-2.2150535,51.8851768
-2.2147619,51.8851663
-2.2141921,51.885204
-2.2140003,51.8852034
-2.212919,51.8851999
-2.2121706,51.8851283
-2.2118394,51.8850829
-2.21082,51.8849432
-2.2089736,51.8845432
-2.2073033,51.8840332
-2.2072893,51.8839318
-2.2067683,51.8837406
-2.2066264,51.883757
-2.2061534,51.8835813
-2.2055527,51.8833031
-2.2047822,51.8828893
-2.204873,51.8828138
-2.2038709,51.8821692
-2.2032806,51.8817119
-2.2029509,51.8814565
-2.2025942,51.8811407
-2.2022563,51.8808104
-2.2019043,51.8804047
-2.2012285,51.8795533
-2.2003414,51.8800082
-2.2000469,51.8802972
-2.1991293,51.8806267
-2.1985206,51.8796199
-2.1980214,51.8786826
-2.1992273,51.8781337
-2.1996374,51.8779227
-2.1995909,51.8775016
-2.199493,51.8770764
-2.1993764,51.8767368
-2.1990874,51.8755075
-2.198848,51.8747367
-2.1986462,51.8740557
-2.1983694,51.8734928
-2.1982101,51.8730625
-2.1980575,51.8727879
-2.1978251,51.872206
-2.1977038,51.8719562
-2.197677,51.8719024
-2.197419,51.8713068
-2.1973042,51.871114
-2.1971802,51.8708418
-2.1969873,51.8704901
-2.1967018,51.8698413
-2.1965468,51.8695624
-2.196444,51.8693001
-2.1962834,51.8685267
-2.1960992,51.8676554
-2.1960947,51.8670781
-2.1962516,51.8664842
-2.1962789,51.8662733
-2.1963976,51.8655825
-2.1960048,51.8655018
-2.1950544,51.8652531
-2.1942775,51.8650779
-2.1937679,51.8649432
-2.1927113,51.8646348
-2.1913646,51.8641456
-2.1895606,51.8634037
-2.1883334,51.8628188
-2.1875283,51.8623854
-2.1866887,51.8619626
-2.1861784,51.8616482
-2.186113,51.8615993
-2.185874,51.8613746
-2.1851205,51.8608726
-2.1845983,51.8605774
-2.1830829,51.8596273
-2.181857,51.8588184
-2.1812161,51.858459
-2.1807836,51.8580574
-2.180544,51.8579383
-2.1803823,51.8578172
-2.1802767,51.8575998
-2.180148,51.857593
-2.1799266,51.8575261
-2.1789924,51.857022
-2.177871,51.8563582
-2.1776349,51.8562166
-2.177446,51.8560833
-2.1772638,51.8559208
-2.1774611,51.8557855
-2.1778664,51.8555441
-2.1783674,51.8552447
-2.1789305,51.8548509
-2.1798042,51.854253
-2.1802712,51.8538736
-2.1806644,51.853548
-2.180965,51.8532837
-2.1812287,51.8530643
-2.1814285,51.8528493
-2.1816084,51.8525848
-2.1820198,51.8520961
-2.1823507,51.8516775
-2.1827366,51.8512147
-2.1828606,51.8509719
-2.1828393,51.8508896
-2.1831392,51.8505479
-2.1834407,51.8502001
-2.1837448,51.850185
-2.1836958,51.8499199
-2.1838867,51.8497214
-2.1840538,51.849617
-2.1845439,51.8490988
-2.1843873,51.8490383
-2.1847379,51.8486263
-2.185063,51.8481992
-2.1856177,51.8475381
-2.1863568,51.846553
-2.1865847,51.846275
-2.1866946,51.8461582
-2.187432,51.8453541
-2.1877384,51.8449908
-2.1881121,51.84462
-2.188526,51.8442119
-2.1889683,51.8438534
-2.1900412,51.8429732
-2.1911399,51.8422095
-2.1916376,51.8418861
-2.1925646,51.8413664
-2.1935002,51.8408467
-2.1942813,51.8404172
-2.1950789,51.8401019
-2.1955904,51.839841
-2.1959023,51.839684
-2.1967607,51.839247
-2.1974245,51.8388836
-2.1979893,51.8385534
-2.1985051,51.8381331
-2.198638,51.8380114
-2.1987915,51.8379151
-2.1991521,51.8377965
-2.1992199,51.8377552
-2.1993991,51.8376444
-2.1996392,51.837465
-2.1999576,51.8375117
-2.2003883,51.8374721
-2.2004433,51.837448
-2.200354,51.8373362
-2.2003288,51.8371903
-2.2003605,51.8370701
-2.2004319,51.8369454
-2.2005556,51.8368322
-2.2007947,51.8367151
-2.2013524,51.8364855
-2.2017088,51.8363303
-2.2020409,51.8361686
-2.2022431,51.8360276
-2.2023244,51.8358873
-2.2023838,51.8357231
-2.202584,51.8355923
-2.2028189,51.8353642
-2.2033105,51.8348847
-2.2035643,51.8345292
-2.2038146,51.834276
-2.2047275,51.833636
-2.2049132,51.8334173
-2.2053839,51.8330212
-2.2061593,51.8322578
-2.2063533,51.8320506
-2.20698,51.831427
-2.2068803,51.8313561
-2.2069953,51.8312647
-2.2071038,51.8311764
-2.2072038,51.8311818
-2.2076805,51.8306994
-2.2079029,51.8304153
-2.2081474,51.8301642
-2.208551,51.8297781
-2.2090269,51.8294282
-2.2102849,51.8285423
-2.2109702,51.8281325
-2.2114426,51.8277727
-2.2117974,51.8275232
-2.21205,51.8273799
-2.2122991,51.8273174
-2.2124364,51.8272694
-2.2126597,51.8271276
-2.2126347,51.8269678
-2.2127129,51.8269392
-2.2127461,51.826925
-2.2128663,51.8269165
-2.2132399,51.8266772
-2.2138072,51.8263188
-2.2141496,51.8261224
-2.2145062,51.825923
-2.21488,51.8257232
-2.2159764,51.8251822
-2.21703,51.824588
-2.2175353,51.8243282
-2.2181339,51.8239926
-2.2190315,51.8235357
-2.219306,51.8232626
-2.2194625,51.8231955
-2.2196398,51.8231472
-2.2206212,51.8226382
-2.2211114,51.8223958
-2.2213981,51.8222139
-2.2218469,51.8219878
-2.2227558,51.821489
-2.2231159,51.82132
-2.2232389,51.8212594
-2.2233927,51.8211747
-2.223513,51.8212351
-2.2234862,51.8213919
-2.2236781,51.8212967
-2.2239741,51.8212647
-2.2244781,51.8212519
-2.2249288,51.8212859
-2.2252302,51.8213502
-2.2255102,51.8213749
-2.2258383,51.8214982
-2.2258315,51.8215466
-2.2257942,51.8216663
-2.2253932,51.8221197
-2.2249326,51.822589
-2.224763,51.8227641
-2.2255897,51.8229177
-2.2258195,51.8229665
-2.2262712,51.8230718
-2.2261402,51.8233333
-2.2260368,51.8234948
-2.2259675,51.8236035
-2.2258436,51.8238418
-2.2256619,51.8240678
-2.22554,51.8242604
-2.2252545,51.8245864
-2.2250937,51.824717
-2.2247318,51.8248625
-2.2245025,51.8249385
-2.224348,51.8249907
-2.2239767,51.8251575
-2.223677,51.8252819
-2.2234757,51.825426
-2.2240509,51.8256398
-2.2242142,51.8256955
-2.2245881,51.8258225
-2.22477,51.8258975
-2.2236457,51.8261773
-2.2239935,51.8263458
-2.2242238,51.8264381
-2.2247528,51.8264679
-2.2250746,51.8265316
-2.2252683,51.8266495
-2.2253704,51.8267323
-2.2255718,51.8269163
-2.225803,51.8271467
-2.2259967,51.8273015
-2.2262164,51.8274865
-2.2265459,51.8276866
-2.2268292,51.8278402
-2.2271548,51.828051
-2.2275229,51.8282844
-2.2278833,51.8281213
-2.2280528,51.8280057
-2.2283091,51.82787
-2.2287292,51.8276104
-2.2288314,51.8276139
-2.2292091,51.8273031
-2.229687,51.8270303
-2.2299086,51.8269339
-2.2301321,51.8268743
-2.2303306,51.8267945
-2.2306608,51.8265973
-2.2307826,51.8265265
-2.2309507,51.8264698
-2.231337,51.8264035
-2.2318627,51.8263571
-2.232281,51.8263306
-2.2323673,51.8263302
-2.2328338,51.8263202
-2.2330253,51.8262592
-2.2330642,51.8262188
-2.2334183,51.8260859
-2.2336222,51.8259923
-2.2339547,51.8258996
-2.2343088,51.8258134
-2.2345234,51.8258001
-2.2346629,51.82582
-2.2348453,51.8258332
-2.2354568,51.8257205
-2.2357143,51.8256608
-2.2360157,51.825623
-2.23609,51.8256134
-2.2363813,51.8256062
-2.2366205,51.8255897
-2.2368623,51.8255547
-2.237251,51.8255245
-2.2376094,51.8254658
-2.2379763,51.8253755
-2.2380465,51.8253255
-2.2381107,51.8252835
-2.2385893,51.8253925
-2.2389151,51.8255286
-2.2392391,51.8255781
-2.2393584,51.82554
-2.2396422,51.8255374
-2.2396505,51.8255959
-2.2397574,51.8256493
-2.239959,51.8256493
-2.2401317,51.8255933
-2.2402551,51.8255933
-2.2404155,51.8256671
-2.2404854,51.8257764
-2.2406646,51.8258161
-2.2409256,51.825901
-2.2410736,51.8260357
-2.2413163,51.826056
-2.2415137,51.8261069
-2.2416988,51.8261221
-2.2418627,51.8261569
-2.2420649,51.8261552
-2.2421636,51.8260764
-2.2423076,51.8260687
-2.2426654,51.8260662
-2.2428217,51.8260992
-2.2430726,51.8260586
-2.2433564,51.826084
-2.2434634,51.826112
-2.2437184,51.826084
-2.2439076,51.8261526
-2.2441503,51.8261679
-2.2442819,51.826084
-2.2443806,51.8260687
-2.2444917,51.826117
-2.2446027,51.8260637
-2.2446603,51.8259772
-2.2447015,51.8260026
-2.2447714,51.8260128
-2.2450384,51.8259354
-2.2453421,51.82591
-2.2456103,51.8259237
-2.2459124,51.8260649
-2.2461667,51.8260484
-2.2464382,51.8259877
-2.2466117,51.8259064
-2.2469171,51.825804
-2.2473032,51.8256004
-2.2477062,51.82539
-2.2479885,51.8252878
-2.2483423,51.8252102
-2.248693,51.8251832
-2.2488252,51.8251833
-2.2492322,51.825212
-2.24938,51.8252384
-2.2494862,51.825031
-2.2495379,51.824954
-2.2496503,51.8249522
-2.2497201,51.8248114
-2.2498295,51.8246874
-2.2501119,51.8245147
-2.2504369,51.8242707
-2.2507923,51.8240248
-2.2510414,51.823944
-2.2512419,51.823638
-2.2520832,51.8226468
-2.2527454,51.8227481
-2.2528699,51.822735
-2.2530309,51.8225698
-2.2532708,51.8223914
-2.253526,51.8222694
-2.2542033,51.8218301
-2.2546862,51.8214659
-2.2549323,51.821218
-2.2552315,51.820946
-2.2553666,51.8208577
-2.2554664,51.8208876
-2.255702,51.8210958
-2.2558055,51.821116
-2.2560286,51.8211441
-2.2561865,51.8212063
-2.2564462,51.8212924
-2.2565732,51.8213781
-2.2566335,51.8214573
-2.2567931,51.8211288
-2.2570219,51.8207447
-2.2572115,51.8203725
-2.2574089,51.8199328
-2.2576183,51.8195401
-2.2577801,51.8191764
-2.2579228,51.8187862
-2.2582971,51.8179688
-2.2586044,51.8172007
-2.2590821,51.8161094
-2.2593356,51.815516
-2.2594388,51.8151984
-2.2595734,51.8149987
-2.2596407,51.8148476
-2.2598156,51.8144954
-2.2600691,51.8139116
-2.2601678,51.813662
-2.2603539,51.8133139
-2.2607644,51.8122684
-2.2610605,51.8115473
-2.2611524,51.8113129
-2.261361,51.8106265
-2.26161,51.809983
-2.2619465,51.8093312
-2.2620676,51.8091107
-2.2625992,51.8081787
-2.262745,51.8078681
-2.2627971,51.8076156
-2.2632108,51.8077949
-2.2636707,51.808044
-2.2644796,51.8083695
-2.2657009,51.8088343
-2.2671854,51.8093678
-2.267601,51.8095326
-2.2680831,51.8096993
-2.2683686,51.8098287
-2.2687874,51.8099346
-2.2691363,51.8094266
-2.2704971,51.8097385
-2.2703462,51.8098958
-2.2703039,51.8099743
-2.270215,51.8101392
-2.2704729,51.8103049
-2.2706221,51.8103236
-2.2707151,51.8102917
-2.2708576,51.8103389
-2.2713174,51.8106282
-2.2714538,51.8107459
-2.2716092,51.8108832
-2.2718535,51.810995
-2.2721883,51.8110942
-2.2721345,51.8113812
-2.2720504,51.8116821
-2.272536,51.8118201
-2.2725808,51.811782
-2.2730844,51.8118146
-2.2730463,51.8118978
-2.2733278,51.8119512
-2.2740702,51.8122243
-2.2743607,51.8123561
-2.2746231,51.8124518
-2.2749741,51.8125142
-2.2757341,51.8127426
-2.2762353,51.81287
-2.276727,51.813025
-2.2770347,51.813023
-2.2773456,51.8130073
-2.2772916,51.8131211
-2.2769057,51.8131253
-2.276911,51.813236
-2.277162,51.8132502
-2.2773678,51.8132414
-2.2776848,51.8133207
-2.2780322,51.8134668
-2.2785254,51.8136198
-2.278757,51.8135237
-2.2791091,51.8135688
-2.279569,51.8136855
-2.2805429,51.8140042
-2.2811075,51.8142219
-2.2812423,51.8140728
-2.2827629,51.8145505
-2.2825612,51.8147829
-2.2822311,51.8150181
-2.2818873,51.8152675
-2.281681,51.8155452
-2.2816077,51.8157039
-2.281424,51.8159131
-2.2819727,51.8162166
-2.282881,51.8166897
-2.2835734,51.8170575
-2.2842043,51.8174104
-2.2849338,51.8178083
-2.2854917,51.8181797
-2.2860496,51.8184715
-2.286393,51.8189225
-2.286767,51.8190289
-2.286973,51.8191032
-2.287179,51.8192146
-2.2875652,51.8193632
-2.2880716,51.8194587
-2.2883124,51.8194947
-2.2883549,51.819501
-2.2885094,51.8195276
-2.2888354,51.8196656
-2.2890537,51.8197979
-2.2893419,51.8199627
-2.2894792,51.820037
-2.2895258,51.8201163
-2.289397,51.8206468
-2.2895393,51.8212148
-2.2895737,51.8212678
-2.2900885,51.8217771
-2.2901614,51.8218109
-2.290226,51.8218407
-2.2905128,51.8220527
-2.2912288,51.8223391
-2.2917352,51.822477
-2.2919154,51.8224982
-2.2920957,51.8226096
-2.2924133,51.8227847
-2.2930484,51.8230977
-2.2935598,51.8234851
-2.2942893,51.8236708
-2.2951048,51.8236708
-2.2956207,51.8238186
-2.2966262,51.8239621
-2.2970413,51.8240674
-2.2974605,51.824298
-2.2979445,51.8245144
-2.2981834,51.8244718
-2.2984317,51.824466
-2.2989517,51.8244269
-2.2992235,51.8245225
-2.2994882,51.8249973
-2.2995373,51.8251899
-2.2996228,51.8251942
-2.29974,51.8252442
-2.2997957,51.8252757
-2.299903,51.8253619
-2.3001497,51.8256338
-2.3005253,51.8260648
-2.3006813,51.826249
-2.3010411,51.8266105
-2.3011062,51.826766
-2.3010617,51.8269864
-2.3011261,51.8271456
-2.3010832,51.8273844
-2.3011475,51.8275899
-2.3011154,51.8277557
-2.3011846,51.8280587
-2.3012441,51.8283192
-2.3013085,51.8288365
-2.301287,51.8291945
-2.3012119,51.8294067
-2.3010852,51.8297956
-2.3003517,51.8298569
-2.3000369,51.8301753
-2.3013858,51.831667
