-1.4570262,51.0411148
-1.4562537,51.0426799
-1.4550521,51.0444068
-1.4541078,51.0451623
-1.4517905,51.0457019
-1.4513614,51.04554
-1.4494731,51.0469969
-1.4493873,51.0477524
-1.4481856,51.0486157
-1.4479281,51.0505042
-1.4471557,51.0511517
-1.447499,51.0518531
-1.4467265,51.0521229
-1.4458682,51.0533099
-1.444409,51.0551982
-1.4427783,51.0556837
-1.4423491,51.0563851
-1.4386584,51.058543
-1.4354826,51.059568
-1.4340236,51.0596759
-1.433251,51.0602153
-1.4308478,51.0601614
-1.4300754,51.060539
-1.4287879,51.0606469
-1.4260413,51.060485
-1.4227797,51.060485
-1.4214065,51.0611324
-1.4158275,51.0628046
-1.4165999,51.0634518
-1.4157416,51.0649083
-1.4139392,51.0669579
-1.4124801,51.0692232
-1.4118793,51.0704098
-1.4126517,51.071812
-1.4123084,51.0728906
-1.4111068,51.0746703
-1.4104201,51.0763419
-1.4105918,51.0781755
-1.4138534,51.0779059
-1.4159991,51.0774745
-1.4147117,51.0798471
-1.4131667,51.0814647
-1.4124801,51.083244
-1.4122226,51.0861554
-1.4147975,51.091385
-1.41454,51.0933256
-1.4147975,51.0957513
-1.4168574,51.0958591
-1.4197757,51.0951045
-1.4233806,51.0949967
-1.4289596,51.0947272
-1.4338519,51.0941342
-1.4383151,51.0919779
-1.4395167,51.0934334
-1.4386584,51.094242
-1.436856,51.0979073
-1.4352252,51.0996322
-1.4337661,51.1024349
-1.4346244,51.1053452
-1.4356544,51.1071236
-1.4362552,51.107878
-1.4360835,51.108848
-1.4361693,51.1094947
-1.4362552,51.1123506
-1.4342811,51.1134822
-1.4347102,51.1138055
-1.4335944,51.1155297
-1.4311912,51.116715
-1.4281013,51.1147753
-1.4215781,51.1110035
-1.4208915,51.1110035
-1.4191918,51.1099041
-1.4180591,51.1091714
-1.4171149,51.1099796
-1.4142825,51.1110035
-1.41454,51.112189
-1.4141108,51.1124044
-1.4116218,51.1106802
-1.4086177,51.1114346
-1.407931,51.1109496
-1.4042403,51.1128355
-1.4055278,51.1146676
-1.4044978,51.1149909
-1.4052703,51.1162301
-1.4050128,51.1163379
-1.4066436,51.1181159
-1.4062144,51.1184391
-1.4076735,51.1205403
-1.4029529,51.1218871
-1.3975455,51.122803
-1.3901641,51.1239343
-1.38819,51.1247423
-1.380551,51.1241496
-1.37964,51.1247378
-1.377547,51.126089
-1.3774611,51.12652
-1.3764312,51.1272741
-1.3739421,51.1276512
-1.3705947,51.1290517
-1.3778903,51.1362151
-1.3748004,51.1386386
-1.3717105,51.1409004
-1.3711097,51.1412773
-1.3696506,51.1430543
-1.3694789,51.1445621
-1.3683631,51.1461775
-1.3654447,51.149085
-1.3623549,51.1512924
-1.3596942,51.1525845
-1.3563468,51.1537151
-1.3511111,51.1553301
-1.3504245,51.1546841
-1.3482787,51.1558146
-1.3478496,51.1597981
-1.3425281,51.1594213
-1.3408973,51.1590984
-1.3370349,51.1590984
-1.3371207,51.1595828
-1.3362624,51.1605517
-1.3368632,51.1616821
-1.3355758,51.1629201
-1.3357474,51.1639966
-1.3368632,51.1643734
-1.3371207,51.1647501
-1.3364341,51.1651807
-1.3375499,51.1660957
-1.3369558,51.1675998
-1.3358333,51.1672259
-1.3346316,51.167495
-1.3340735,51.1678749
-1.3331725,51.1681947
-1.3320567,51.1681408
-1.3308551,51.1694325
-1.3284518,51.1717466
-1.3308551,51.17363
-1.329396,51.1755673
-1.328366,51.1752443
-1.3278509,51.1766435
-1.3266494,51.1781501
-1.3248469,51.1805714
-1.321757,51.1824545
-1.3189245,51.1851445
-1.3171222,51.1861667
-1.3137748,51.1885875
-1.3105132,51.1909007
-1.3097032,51.191994
-1.3093974,51.1924068
-1.3086249,51.1948274
-1.3088823,51.1953652
-1.3084533,51.1956342
-1.3069941,51.1953652
-1.3064792,51.1948811
-1.3056209,51.1951501
-1.3055349,51.1955266
-1.3042476,51.1956879
-1.3030459,51.1963334
-1.3019301,51.1964947
-1.3007285,51.1967099
-1.3000419,51.1967099
-1.2989261,51.1969787
-1.2950637,51.1959569
-1.2950637,51.1954728
-1.2947204,51.1951501
-1.2934329,51.1948274
-1.2922313,51.1943433
-1.2911155,51.1943433
-1.2901713,51.1939667
-1.2876822,51.1956342
-1.2875106,51.196172
-1.2862231,51.1957417
-1.2853648,51.1952039
-1.2828757,51.1949887
-1.2821033,51.1939667
-1.2801291,51.1951501
-1.2795283,51.1950963
-1.2795283,51.1950195
-1.2795283,51.1941281
-1.2790346,51.1942181
-1.2753066,51.1948977
-1.2748076,51.1949887
-1.2744643,51.1946122
-1.2739132,51.1946338
-1.273091,51.194666
-1.2730052,51.1941818
-1.2712886,51.1941818
-1.2712886,51.1937516
-1.2615038,51.193644
-1.2588431,51.1931599
-1.2542083,51.1918151
-1.2532641,51.1906855
-1.2491443,51.1909544
-1.2442519,51.1912772
-1.2424854,51.1913879
-1.2321498,51.1910083
-1.2313772,51.1911158
-1.2279441,51.1908468
-1.2262028,51.190139
-1.2247684,51.1895558
-1.2235666,51.1884799
-1.2195327,51.1858439
-1.2183174,51.185463
-1.2178161,51.1853059
-1.2164428,51.1843913
-1.2148978,51.1842299
-1.2142112,51.1840685
-1.2096621,51.1821317
-1.2071731,51.1812708
-1.2069156,51.1808404
-1.2064514,51.1813338
-1.2049415,51.1829387
-1.2038257,51.1839609
-1.2027957,51.1850369
-1.2017657,51.1855211
-1.2003924,51.1856287
-1.1991908,51.1852521
-1.1978031,51.1852737
-1.1975758,51.1846902
-1.1976509,51.1843045
-1.1969468,51.1842979
-1.1964796,51.1847184
-1.1960299,51.1849757
-1.1949665,51.185205
-1.1938693,51.184983
-1.1929137,51.1846804
-1.1923128,51.1847067
-1.1917057,51.1847427
-1.1911541,51.1841871
-1.1908012,51.1840296
-1.1903262,51.1837598
-1.190042,51.1829582
-1.1897943,51.1827368
-1.1897497,51.1825128
-1.1896412,51.1824043
-1.190078,51.1821853
-1.1914084,51.1809748
-1.19186,51.1805373
-1.1923525,51.1800601
-1.1929588,51.1794687
-1.1921808,51.1787149
-1.1908934,51.1777733
-1.1892197,51.1767509
-1.1873743,51.1762936
-1.1854229,51.175842
-1.1833029,51.1755031
-1.1819897,51.1753363
-1.1818382,51.1752443
-1.1817922,51.1750618
-1.1818812,51.174464
-1.182024,51.1735928
-1.182024,51.1728232
-1.1820412,51.1711442
-1.1821613,51.170493
-1.182539,51.1701648
-1.183011,51.1693467
-1.1837694,51.1684636
-1.1849508,51.1670702
-1.1858294,51.1661494
-1.1868048,51.165095
-1.186779,51.1650788
-1.1858785,51.1643215
-1.1857536,51.164204
-1.1855771,51.1641028
-1.1853885,51.1640649
-1.1872603,51.1639966
-1.1926677,51.1632969
-1.1959567,51.1619218
-1.1970857,51.1614498
-1.1978175,51.1611438
-1.1992053,51.161243
-1.204598,51.1616282
-1.2055423,51.1618436
-1.2074306,51.1614668
-1.2083747,51.1605517
-1.209233,51.1596367
-1.2113015,51.1589684
-1.2119335,51.1587642
-1.2120654,51.1587216
-1.2146402,51.1587754
-1.2146744,51.1583057
-1.2147262,51.1575911
-1.2140395,51.1568913
-1.2136104,51.1548995
-1.2138971,51.1525154
-1.2139537,51.1520461
-1.2107779,51.1514
-1.2094047,51.1505387
-1.2079454,51.1506463
-1.2077904,51.1506286
-1.204169,51.1502156
-1.2007358,51.150431
-1.199019,51.1498926
-1.1961867,51.1486542
-1.1957268,51.1485099
-1.1952804,51.14837
-1.1898353,51.1466621
-1.1849429,51.1444544
-1.1841704,51.1419774
-1.1846854,51.1404696
-1.1865737,51.1381539
-1.1845138,51.1375077
-1.1840846,51.1369152
-1.1781623,51.1342763
-1.1781623,51.1338454
-1.1742141,51.1335222
-1.1689784,51.1348687
-1.1650301,51.1349764
-1.1617054,51.1349469
-1.1614024,51.1350083
-1.1569379,51.1364374
-1.1567904,51.1364844
-1.1557605,51.1361613
-1.1550704,51.1361928
-1.1527133,51.1363003
-1.1510398,51.1363767
-1.1517264,51.1373999
-1.1517538,51.1376234
-1.1518123,51.1381
-1.1518123,51.1390693
-1.1467483,51.1399849
-1.1426284,51.1414927
-1.1413289,51.1406774
-1.1412551,51.1406311
-1.1401393,51.1414389
-1.1379935,51.1420851
-1.1371659,51.142321
-1.1332728,51.1434313
-1.1315526,51.1438022
-1.1305656,51.1418637
-1.1303939,51.1404097
-1.1303319,51.1402697
-1.1299648,51.1394404
-1.1291494,51.1387671
-1.1280765,51.1386595
-1.1273469,51.1383633
-1.1265316,51.1382556
-1.1261882,51.1385249
-1.1249437,51.1391172
-1.1217679,51.1386056
-1.1170043,51.1374208
-1.1160173,51.1374477
-1.1128845,51.1372862
-1.1115112,51.1367207
-1.1095371,51.1373131
-1.1070909,51.1382556
-1.1048164,51.1393327
-1.1023273,51.1405711
-1.0994949,51.1408944
-1.0952462,51.1405443
-1.0952462,51.1374477
-1.0946883,51.1369631
-1.0934438,51.1371785
-1.0935725,51.135132
-1.0944309,51.1335162
-1.0940876,51.1321427
-1.092843,51.1308501
-1.092843,51.129288
-1.0948171,51.1263523
-1.0949459,51.1241168
-1.0937013,51.1220966
-1.0912122,51.1201571
-1.0913409,51.1182176
-1.0911264,51.11582
-1.090783,51.1157392
-1.0906543,51.1139611
-1.0901393,51.1120481
-1.0912981,51.110755
-1.0912981,51.110297
-1.0928859,51.1094348
-1.0940876,51.107872
-1.0899677,51.1087881
-1.0869207,51.1098659
-1.0802259,51.1097042
-1.0744752,51.1081145
-1.072544,51.1077912
-1.0718574,51.1072523
-1.0720291,51.1070906
-1.0726299,51.1071714
-1.0750761,51.1070098
-1.076621,51.106417
-1.0790671,51.1058781
-1.0809125,51.1044499
-1.0831012,51.1032912
-1.0835733,51.1008389
-1.0827579,51.0993837
-1.0856332,51.097578
-1.0892381,51.0963113
-1.0904827,51.0962035
-1.0921133,51.0955836
-1.0946455,51.0952602
-1.0986795,51.0938048
-1.0992374,51.0941551
-1.1000957,51.0943169
-1.1009986,51.0931166
-1.1003961,51.0917293
-1.1011257,51.0913789
-1.101941,51.0917563
-1.1058233,51.0905995
-1.1059966,51.0906151
-1.1062755,51.0887643
-1.1076488,51.0886295
-1.1072626,51.0873895
-1.1081209,51.0873356
-1.1080779,51.0859878
-1.1073484,51.0841546
-1.1068334,51.0826179
-1.1061897,51.0810543
-1.1069621,51.0788974
-1.1025848,51.074772
-1.1012973,51.07337
-1.1000957,51.0713476
-1.097907,51.0699183
-1.0962333,51.0690824
-1.0933151,51.0679228
-1.0916843,51.0674643
-1.0939588,51.0656035
-1.0945167,51.0656844
-1.0950143,51.0636671
-1.0949459,51.063338
-1.094388,51.0626098
-1.0913409,51.0615039
-1.0900535,51.0619085
-1.0885944,51.0606678
-1.0883369,51.059481
-1.0887659,51.0565679
-1.0909975,51.0559474
-1.0906543,51.0550842
-1.0886802,51.0534387
-1.0879935,51.0533308
-1.0847749,51.0508219
-1.0836162,51.0504982
-1.082715,51.0489874
-1.08117,51.0490144
-1.0808696,51.0482859
-1.0820974,51.0467496
-1.0816981,51.0464318
-1.0812971,51.0464243
-1.0801401,51.0469909
-1.078123,51.0479082
-1.0760202,51.0483399
-1.0733165,51.0477463
-1.0712995,51.0477463
-1.0697116,51.0470718
-1.067523,51.0475845
-1.0666646,51.0469369
-1.0653772,51.0450483
-1.062931,51.0446975
-1.0626306,51.0444547
-1.0602273,51.0456148
-1.0604848,51.0466132
-1.0556535,51.0474399
-1.0548869,51.0473287
-1.0544889,51.0473318
-1.0541007,51.047409
-1.0539238,51.047375
-1.0537322,51.0471681
-1.0537715,51.0469827
-1.0544496,51.0462289
-1.0552029,51.0457664
-1.0559542,51.045483
-1.0587689,51.0446254
-1.060839,51.0439455
-1.0631641,51.0431276
-1.0634421,51.0430477
-1.0639177,51.0428415
-1.0644366,51.0425943
-1.0652733,51.0419385
-1.0667641,51.0405862
-1.0681429,51.0393302
-1.0692389,51.038315
-1.0698075,51.0377833
-1.0703967,51.0371516
-1.0711244,51.0363642
-1.0718109,51.0356752
-1.0722587,51.0352638
-1.0727272,51.034884
-1.0732617,51.0344794
-1.0738485,51.0339348
-1.0740197,51.0334498
-1.0742228,51.0328715
-1.0743356,51.032687
-1.0744315,51.0324991
-1.0743658,51.0324328
-1.073442,51.0322165
-1.0728081,51.0317035
-1.0728192,51.0312878
-1.0723088,51.0312658
-1.0714159,51.0312302
-1.0705375,51.0311791
-1.0697042,51.031122
-1.0682301,51.0310175
-1.0671886,51.0309657
-1.0668349,51.0309497
-1.0663507,51.0309444
-1.0655157,51.0309632
-1.0649798,51.0309499
-1.0650883,51.0301521
-1.065049,51.0298956
-1.0646166,51.0293053
-1.0642824,51.0287367
-1.0640171,51.0274881
-1.0639679,51.0261437
-1.0633193,51.026088
-1.0632898,51.0258995
-1.0633684,51.0256461
-1.0635699,51.0249445
-1.0634618,51.0244932
-1.0631325,51.024181
-1.0630588,51.0233589
-1.0629458,51.0221132
-1.0625969,51.0212261
-1.062403,51.0211555
-1.0624534,51.0207405
-1.0624432,51.0201438
-1.0625839,51.0194146
-1.0628386,51.0182681
-1.06312,51.0178002
-1.0637499,51.0167927
-1.0639012,51.0161553
-1.0640304,51.0155746
-1.0643812,51.0137743
-1.0647043,51.0126708
-1.0647454,51.0117317
-1.0647335,51.0114174
-1.0678234,51.0111474
-1.0677375,51.0099594
-1.0699691,51.0089063
-1.0690679,51.0075562
-1.0687246,51.006206
-1.0681238,51.0038566
-1.0685529,51.001831
-1.0691108,51.0002106
-1.0689821,50.9983742
-1.0696258,50.9966996
-1.0691967,50.9946739
-1.0697975,50.9937285
-1.0683383,50.992783
-1.0681667,50.9920807
-1.0669651,50.9906491
-1.0676517,50.9895686
-1.0669651,50.9887582
-1.0671367,50.9876506
-1.06748,50.9874615
-1.0678234,50.9866781
-1.0671796,50.9854894
-1.0667933,50.9853003
-1.0643901,50.9806803
-1.0633602,50.9775459
-1.0629739,50.9776811
-1.0619869,50.9782756
-1.0612573,50.9780323
-1.0603561,50.9784107
-1.0594978,50.9781675
-1.0568799,50.9777622
-1.0565795,50.9773839
-1.0556783,50.977573
-1.053833,50.9747088
-1.0541763,50.9728712
-1.0540905,50.9720875
-1.0530605,50.9705471
-1.0510864,50.969277
-1.0452928,50.9685203
-1.0459795,50.9676014
-1.046194,50.9663852
-1.0455931,50.9656014
-1.0447778,50.9630877
-1.0459049,50.9588287
-1.0462343,50.9559051
-1.0463228,50.9543295
-1.0444773,50.9541673
-1.0435333,50.9529778
-1.0415163,50.9529508
-1.0405292,50.951599
-1.0377826,50.9511394
-1.0354652,50.9514909
-1.0366239,50.9491657
-1.038464,50.9455458
-1.0384421,50.9436856
-1.0371128,50.9401533
-1.0367898,50.937858
-1.0370098,50.9352352
-1.0376539,50.9339143
-1.0378685,50.9330218
-1.0367527,50.9328595
-1.037096,50.9321293
-1.036581,50.9313178
-1.0369243,50.9301547
-1.0374822,50.9292621
-1.0389413,50.9283154
-1.0391988,50.9273958
-1.0390272,50.9270171
-1.037568,50.9252318
-1.0366239,50.9239062
-1.0361518,50.9216879
-1.036273,50.9215351
-1.037096,50.9204976
-1.0383405,50.9191178
-1.0404863,50.9174675
-1.0425033,50.9164394
-1.043662,50.9154112
-1.0440483,50.9154112
-1.0448207,50.914383
-1.0450782,50.9133549
-1.0446062,50.9118125
-1.0460669,50.9100854
-1.0467948,50.9071041
-1.0479106,50.9033694
-1.0480719,50.9026738
-1.047529,50.9025188
-1.046963,50.9025321
-1.0455626,50.9024867
-1.0424412,50.9025441
-1.0404287,50.9027406
-1.0393422,50.903027
-1.0385087,50.9033305
-1.0375216,50.9039286
-1.0341321,50.9041714
-1.0340825,50.9041593
-1.0341048,50.9034959
-1.034144,50.9029081
-1.0340507,50.902606
-1.0339108,50.9022191
-1.0352342,50.9021104
-1.0355824,50.902054
-1.0362595,50.901975
-1.037529,50.9015134
-1.0376476,50.9014883
-1.0379986,50.901501
-1.0383275,50.9011333
-1.0389158,50.9003989
-1.0403802,50.898616
-1.0410136,50.8978209
-1.0415517,50.8971023
-1.0421347,50.8963409
-1.0424902,50.8959203
-1.0429258,50.8956217
-1.044606,50.8945356
-1.0465045,50.8932652
-1.0474879,50.8925952
-1.0484461,50.8919726
-1.0491473,50.8914747
-1.0488314,50.891277
-1.0480874,50.8908771
-1.0475877,50.8905592
-1.0467185,50.890026
-1.0458727,50.8895317
-1.0452974,50.8891619
-1.0451348,50.8890454
-1.0453032,50.8890171
-1.0453995,50.8889667
-1.0457073,50.8887893
-1.0457878,50.8886776
-1.0459507,50.8884964
-1.0461988,50.8881828
-1.0464545,50.8879178
-1.046525,50.8878068
-1.0466385,50.8876783
-1.0467189,50.8876375
-1.0468204,50.8876105
-1.0468393,50.8875927
-1.0468369,50.8875684
-1.0468119,50.8875385
-1.0467324,50.8874668
-1.046705,50.8874126
-1.0467055,50.8873892
-1.0467396,50.8873203
-1.0467344,50.8872969
-1.0466633,50.8872279
-1.0466537,50.887209
-1.0466554,50.8871955
-1.0467006,50.8871428
-1.0467067,50.887124
-1.0467073,50.8870934
-1.0466517,50.886959
-1.0465547,50.8867666
-1.0462882,50.8863814
-1.0459608,50.8857771
-1.0458523,50.8855891
-1.0458523,50.8855882
-1.0454653,50.8849088
-1.0453137,50.8846765
-1.0452887,50.8846448
-1.0452022,50.8845667
-1.0450826,50.8845046
-1.0447898,50.8844357
-1.0442913,50.8843408
-1.0446321,50.8840135
-1.0447416,50.8838714
-1.0447785,50.8838025
-1.0447741,50.8836037
-1.0446838,50.8835023
-1.044512,50.8833525
-1.0443442,50.8832828
-1.0439888,50.8831477
-1.0438052,50.8830859
-1.0434304,50.8829929
-1.042912,50.8829023
-1.0424449,50.8828023
-1.0422599,50.8827459
-1.0419968,50.8826098
-1.0419402,50.8826003
-1.041882,50.8825935
-1.0417796,50.8825945
-1.0415235,50.8826077
-1.0412182,50.8826591
-1.0411669,50.882665
-1.0407925,50.8826215
-1.0383532,50.8824125
-1.0369637,50.8823103
-1.0366146,50.8822795
-1.03536,50.881012
-1.0352598,50.8809059
-1.0350379,50.8806397
-1.0355315,50.8804846
-1.0359446,50.8804404
-1.0362227,50.8803995
-1.0365175,50.8803723
-1.0369744,50.8802708
-1.0377968,50.8802326
-1.0379124,50.8802102
-1.0381347,50.8798397
-1.0382626,50.8794937
-1.0384466,50.8790519
-1.0384908,50.8789731
-1.0385833,50.8788309
-1.0386869,50.8787022
-1.0389473,50.8784085
-1.0390229,50.87833
-1.0391446,50.8782177
-1.0391969,50.8781606
-1.0392379,50.8781015
-1.0393072,50.8779834
-1.0393549,50.8778732
-1.0394054,50.8776965
-1.0404349,50.8778155
-1.0411865,50.8779017
-1.0414346,50.8779344
-1.041388,50.8777784
-1.0413831,50.8777397
-1.0413923,50.8776372
-1.0416635,50.8770972
-1.0417762,50.8768724
-1.0421267,50.8759949
-1.0422548,50.8756435
-1.0424303,50.8752618
-1.0425155,50.875124
-1.0426584,50.8749498
-1.0430907,50.8750091
-1.0432412,50.8745293
-1.0433883,50.874285
-1.0434426,50.8742054
-1.0435712,50.8740293
-1.0439719,50.8734795
-1.0441925,50.8732547
-1.0444066,50.8733491
-1.0450191,50.8736338
-1.0456694,50.8738711
-1.0460313,50.874035
-1.0461557,50.874072
-1.0465088,50.8741091
-1.0466782,50.8737453
-1.0470732,50.8731245
-1.0476154,50.8723942
-1.0476553,50.8721787
-1.047766,50.871908
-1.0478094,50.871313
-1.0478095,50.8710999
-1.0472906,50.8709653
-1.0469969,50.8708712
-1.0462384,50.8707112
-1.0457123,50.8705891
-1.0462102,50.8700743
-1.0463016,50.869915
-1.0463836,50.8697259
-1.0464036,50.8696532
-1.0464023,50.8696442
-1.0460894,50.8695167
-1.0455657,50.8692777
-1.0456735,50.8690061
-1.0457252,50.8688392
-1.0457686,50.8687353
-1.0459297,50.8684983
-1.0459875,50.8683854
-1.0459985,50.8679161
-1.0460364,50.8675873
-1.0460602,50.8675362
-1.0460875,50.8675239
-1.0461218,50.8675133
-1.0463584,50.8674775
-1.046455,50.8669226
-1.0468924,50.8669378
-1.0474528,50.866982
-1.0474012,50.8661659
-1.0473967,50.8657594
-1.0476207,50.8657864
-1.0480733,50.865889
-1.049583,50.8662089
-1.050443,50.8664083
-1.0512567,50.8665759
-1.0520488,50.8667586
-1.0531185,50.8669822
-1.0534578,50.8670722
-1.0544602,50.8673941
-1.0546323,50.8674585
-1.0547316,50.8672578
-1.0548551,50.867052
-1.054899,50.8669202
-1.0548792,50.8667033
-1.0548475,50.8665133
-1.0547886,50.8664049
-1.0547788,50.8663958
-1.0535397,50.8663939
-1.0535421,50.8662069
-1.0537756,50.8656233
-1.0538816,50.8652294
-1.0539418,50.8651346
-1.0540393,50.8650202
-1.0538932,50.8650074
-1.0535204,50.8650295
-1.053239,50.8650344
-1.0530957,50.8650207
-1.0529597,50.8650708
-1.0528983,50.8650856
-1.0528341,50.8650977
-1.0527259,50.8651076
-1.0526164,50.8651157
-1.0525127,50.865114
-1.0524091,50.8651077
-1.0521765,50.8650843
-1.0519733,50.8650844
-1.0511348,50.8651612
-1.0506466,50.8651968
-1.0497239,50.8653638
-1.049278,50.865415
-1.0489075,50.8654669
-1.0488102,50.865083
-1.048766,50.864811
-1.0487009,50.8645884
-1.0488203,50.8642377
-1.0488292,50.864147
-1.0488338,50.8640607
-1.0488042,50.8639085
-1.0487648,50.8635395
-1.0487777,50.8632545
-1.0487903,50.8631979
-1.0488297,50.863076
-1.0488894,50.8629326
-1.0489265,50.8628564
-1.0489735,50.8627822
-1.0490232,50.8627115
-1.0492734,50.8624285
-1.0493861,50.8620589
-1.0495421,50.8615836
-1.0496292,50.8614197
-1.0495562,50.8613769
-1.0499055,50.86069
-1.0504141,50.8596429
-1.0504546,50.8596081
-1.0506753,50.859725
-1.0508942,50.8597897
-1.0511827,50.8598586
-1.0515583,50.8599732
-1.0519511,50.8600798
-1.0523827,50.8601669
-1.0525671,50.8601855
-1.052555,50.8600092
-1.0525586,50.8599714
-1.052591,50.8599159
-1.0527007,50.8597595
-1.0529921,50.859475
-1.053061,50.8593694
-1.0530847,50.859321
-1.0531166,50.859217
-1.0531277,50.8591622
-1.053161,50.8587821
-1.0531677,50.8585879
-1.053253,50.858308
-1.0534559,50.8578304
-1.05403,50.8565607
-1.0542628,50.856358
-1.0544227,50.8558823
-1.0543024,50.8552877
-1.054352,50.8551173
-1.0548629,50.855142
-1.0595196,50.8554506
-1.0598387,50.8554624
-1.0621562,50.8554894
-1.0620934,50.857339
-1.062192,50.8573543
-1.0621742,50.8576425
-1.0624743,50.8576503
-1.0624886,50.8576947
-1.0629419,50.8577089
-1.0636469,50.8577134
-1.0646177,50.8576813
-1.0652488,50.8576757
-1.0652684,50.8579407
-1.0654762,50.8579482
-1.0655211,50.8579899
-1.0656014,50.8581003
-1.0657224,50.8584715
-1.0661092,50.8585013
-1.0663785,50.8584924
-1.0668438,50.8584089
-1.0668127,50.8581955
-1.0670071,50.8582418
-1.0671541,50.8582564
-1.0675149,50.8582311
-1.0679983,50.8582285
-1.0688043,50.8583091
-1.0710512,50.8587318
-1.0711315,50.8585557
-1.0713154,50.8578614
-1.0714377,50.8573424
-1.0715147,50.8571002
-1.0714833,50.8565639
-1.0756321,50.8564109
-1.0774715,50.856647
-1.0782463,50.8567782
-1.0795501,50.8569154
-1.0802964,50.856978
-1.0811656,50.8570287
-1.0816056,50.8570839
-1.0832914,50.8572076
-1.0840288,50.8572467
-1.0848527,50.8573709
-1.0884338,50.8580976
-1.0909203,50.8586203
-1.0913197,50.8586976
-1.0940687,50.859311
-1.0966173,50.8590987
-1.097525,50.859024
-1.0991704,50.8588726
-1.0998957,50.8571657
-1.1019372,50.8573178
-1.1039796,50.8574992
-1.1077167,50.8578359
-1.1130196,50.858344
-1.1131484,50.8582472
-1.1136723,50.8582538
-1.114641,50.858302
-1.1149885,50.858312
-1.1158643,50.8582805
-1.1162232,50.8582657
-1.1167959,50.8582629
-1.1174732,50.8582842
-1.118025,50.8583297
-1.1189609,50.8583494
-1.1194497,50.8583459
-1.1207186,50.8584166
-1.1215041,50.8585007
-1.1221115,50.8585413
-1.12209,50.8583981
-1.1221957,50.8581426
-1.1222919,50.8580112
-1.1223695,50.8578895
-1.1224785,50.8578363
-1.122861,50.8578949
-1.1237087,50.8579957
-1.1240251,50.8580188
-1.1242787,50.8580603
-1.1247565,50.8581133
-1.1250938,50.8581554
-1.1258854,50.8582198
-1.1259635,50.8582213
-1.1261213,50.8582189
-1.1262522,50.8582081
-1.1263007,50.8581986
-1.1263609,50.8581676
-1.1264213,50.8581312
-1.1265425,50.8580314
-1.1267731,50.8577822
-1.1274872,50.8579593
-1.1278922,50.8580343
-1.1280628,50.8580274
-1.1281045,50.8580026
-1.1281774,50.857977
-1.1282755,50.8579724
-1.1284426,50.8580051
-1.1292233,50.858198
-1.1295589,50.8582553
-1.1297335,50.8582647
-1.1304752,50.8581857
-1.1307154,50.8581794
-1.1308816,50.8581816
-1.1312355,50.8582525
-1.1314378,50.8582981
-1.1318322,50.858408
-1.1323483,50.8585432
-1.1324934,50.8585335
-1.1325989,50.8585145
-1.1326364,50.8584842
-1.1326696,50.8584511
-1.132728,50.8583688
-1.1328105,50.858213
-1.1331056,50.8583878
-1.133245,50.8584554
-1.1332534,50.85846
-1.1333451,50.8584984
-1.1334468,50.8585306
-1.1336659,50.8585871
-1.1339122,50.8586393
-1.1340453,50.8586646
-1.1343046,50.8587043
-1.1346217,50.8587651
-1.1349594,50.8588674
-1.1354431,50.8589861
-1.1355906,50.8590007
-1.1362157,50.8590035
-1.1366133,50.8590163
-1.1369041,50.8590419
-1.1371934,50.8589927
-1.1372294,50.8589669
-1.1372773,50.8589133
-1.137292,50.8588847
-1.1373134,50.8588012
-1.1376731,50.8587913
-1.1379891,50.8588332
-1.1381927,50.8585019
-1.1382856,50.8583183
-1.1383397,50.8581604
-1.1392364,50.858381
-1.1394912,50.8584342
-1.1399279,50.8584806
-1.1400271,50.858189
-1.1400817,50.8580743
-1.1401198,50.8580153
-1.1407931,50.8581002
-1.1410517,50.8580994
-1.1414417,50.8581365
-1.1419498,50.8582409
-1.1424356,50.8583281
-1.1432009,50.85851
-1.1431888,50.8586277
-1.1431938,50.8587411
-1.1432528,50.8589349
-1.1432909,50.8591015
-1.1433409,50.8593231
-1.1434213,50.8597391
-1.1434566,50.8601423
-1.1435384,50.8609486
-1.143607,50.8611622
-1.1437284,50.8614356
-1.1439508,50.8620164
-1.1438296,50.8621971
-1.1440005,50.8623315
-1.1440328,50.862659
-1.1441187,50.8633251
-1.1441781,50.8635738
-1.1441959,50.8637627
-1.1441755,50.8638705
-1.1441567,50.8641204
-1.1441446,50.8646292
-1.1441493,50.8649135
-1.1441567,50.8649756
-1.1442809,50.865722
-1.1443497,50.8662296
-1.1444131,50.8664163
-1.1444925,50.8665787
-1.1445449,50.8666672
-1.1447779,50.8667472
-1.145404,50.8669352
-1.1466328,50.8672724
-1.1470161,50.8673687
-1.1475858,50.8675357
-1.1476522,50.8677124
-1.1477199,50.8679746
-1.1477599,50.8681952
-1.1478864,50.8685037
-1.1480112,50.8685981
-1.1481295,50.8686538
-1.1481987,50.8686786
-1.1482764,50.8687035
-1.148719,50.8687498
-1.1487204,50.8687499
-1.1488599,50.8687356
-1.1490115,50.8687637
-1.1490887,50.8688137
-1.1491127,50.8690585
-1.1493748,50.8691026
-1.1496719,50.8691776
-1.1507295,50.869394
-1.1507546,50.8694976
-1.1507697,50.8695292
-1.150842,50.869616
-1.1511123,50.8698356
-1.151348,50.8700037
-1.1517138,50.8702833
-1.1517039,50.8709883
-1.1516487,50.8714447
-1.1514015,50.8721452
-1.1512839,50.8725176
-1.1509693,50.8735629
-1.1508896,50.8738024
-1.1508559,50.8740135
-1.1507749,50.8744023
-1.1507046,50.8748307
-1.1506751,50.8749681
-1.1506433,50.8750749
-1.1506087,50.8751817
-1.1505567,50.8753036
-1.1502473,50.8759866
-1.1500792,50.876399
-1.1497633,50.8770433
-1.1495241,50.8774552
-1.1494519,50.8775985
-1.1494418,50.877683
-1.1494391,50.8779887
-1.149453,50.8781597
-1.1494859,50.8783029
-1.149551,50.8784743
-1.1495812,50.8785329
-1.1496143,50.8785907
-1.1497406,50.8787616
-1.1498399,50.878926
-1.1498781,50.8790144
-1.1500163,50.8793895
-1.1503467,50.879355
-1.1507074,50.8792911
-1.1508728,50.8792662
-1.1509732,50.8792166
-1.1510571,50.8791372
-1.1512014,50.8790177
-1.1512287,50.8790017
-1.1512831,50.8789805
-1.151343,50.8789693
-1.1513786,50.878966
-1.1515093,50.8789696
-1.1515809,50.8789404
-1.1517032,50.8788559
-1.1517813,50.878861
-1.1519127,50.878906
-1.1524512,50.8791527
-1.1525045,50.87919
-1.1525379,50.8792298
-1.1526543,50.8793952
-1.1527338,50.8795612
-1.1528329,50.8798164
-1.1529612,50.8801087
-1.1530498,50.8802398
-1.1533054,50.880649
-1.1536857,50.8811535
-1.1537919,50.8813359
-1.1538068,50.8816886
-1.153842,50.8819415
-1.1537853,50.8822459
-1.1538172,50.8822911
-1.1539579,50.8823731
-1.1546183,50.8826423
-1.155594,50.8830828
-1.155737,50.8831135
-1.1560517,50.8831643
-1.1564781,50.8832465
-1.1581174,50.883628
-1.1587019,50.8837689
-1.1588774,50.8838133
-1.1597771,50.8841381
-1.1600007,50.8842728
-1.1613276,50.8853516
-1.1620485,50.8858945
-1.1625114,50.8864832
-1.1625114,50.8864841
-1.1626475,50.8865804
-1.1629263,50.8867335
-1.1632448,50.8868914
-1.164624,50.8874363
-1.1649459,50.8876391
-1.1650501,50.8876938
-1.1650993,50.8877292
-1.1651633,50.8878052
-1.1651947,50.8878756
-1.1652875,50.8879374
-1.1661339,50.8886224
-1.1665765,50.8889988
-1.1672311,50.8894405
-1.1675582,50.8892773
-1.1680065,50.8890926
-1.1681525,50.8890379
-1.1687301,50.8888532
-1.1687789,50.8888292
-1.168812,50.8888043
-1.1688325,50.8887747
-1.1688666,50.8886923
-1.1688856,50.8886681
-1.1689389,50.8886235
-1.1690109,50.8885755
-1.1690812,50.8885391
-1.1691586,50.8885064
-1.1692615,50.8884738
-1.1693786,50.888445
-1.1694784,50.8884286
-1.1695695,50.8884194
-1.1697132,50.888415
-1.1710473,50.8884659
-1.1723792,50.888558
-1.1725903,50.8886009
-1.173656,50.8888746
-1.1738184,50.8887742
-1.1749549,50.8880196
-1.1751689,50.8880562
-1.1755081,50.8879291
-1.1758346,50.8878793
-1.1763066,50.8877954
-1.1769232,50.8876603
-1.1771257,50.8876204
-1.1777506,50.8875789
-1.1778925,50.8875943
-1.1780329,50.8876115
-1.1786056,50.8877873
-1.1794335,50.8878434
-1.180109,50.8879129
-1.1806066,50.8879911
-1.1806331,50.8882619
-1.1807422,50.8888535
-1.1811878,50.8888171
-1.1816937,50.8887514
-1.1824453,50.8886128
-1.1829989,50.8885006
-1.1837218,50.8883807
-1.1842691,50.8883054
-1.1852696,50.8882422
-1.1855989,50.8882715
-1.185752,50.8882986
-1.1857783,50.8879319
-1.1858719,50.8878615
-1.1861426,50.887831
-1.1864203,50.8878033
-1.1871343,50.8878694
-1.1883231,50.8880126
-1.1883569,50.8879517
-1.1883151,50.8876582
-1.1882773,50.8870492
-1.18822,50.8866657
-1.18822,50.8866648
-1.1881952,50.8853967
-1.1881944,50.8842924
-1.1881832,50.8839578
-1.1894237,50.8841507
-1.191671,50.88449
-1.1950458,50.8849908
-1.1955817,50.8850755
-1.1956473,50.8850633
-1.1957687,50.8850291
-1.1958259,50.885007
-1.195925,50.8849519
-1.1959667,50.8849199
-1.1962976,50.8846092
-1.1965163,50.8843787
-1.1968997,50.8844847
-1.1972569,50.8841329
-1.197368,50.8839511
-1.1974577,50.8837764
-1.1976179,50.8835553
-1.1978746,50.8832586
-1.1979519,50.883144
-1.1980357,50.8829
-1.198077,50.8828112
-1.1981184,50.8827225
-1.1982915,50.8824098
-1.1983889,50.8821983
-1.1985137,50.8817198
-1.1985028,50.8815255
-1.1982284,50.8810335
-1.198112,50.8807746
-1.1980523,50.8790315
-1.1980418,50.87824
-1.1979738,50.8759042
-1.1986946,50.8759757
-1.1998683,50.87608
-1.2011939,50.8761888
-1.2037229,50.8764156
-1.2050752,50.8765436
-1.206185,50.876641
-1.2064579,50.8766465
-1.2073499,50.8765923
-1.2073775,50.8762265
-1.2073885,50.8761636
-1.2074009,50.8761017
-1.2074762,50.8759367
-1.2077317,50.8756201
-1.2082913,50.8749737
-1.208517,50.8747361
-1.2089171,50.874442
-1.2090783,50.8743271
-1.2093413,50.8741508
-1.2096941,50.8739644
-1.2102521,50.8740797
-1.2111717,50.8742495
-1.2112829,50.8742269
-1.2113185,50.8742244
-1.2115345,50.8742268
-1.2124065,50.8743469
-1.2130363,50.8744204
-1.2134574,50.8744799
-1.2136587,50.8745118
-1.2147808,50.8748089
-1.215075,50.8748945
-1.2152601,50.8749596
-1.2154012,50.8748536
-1.2159691,50.875057
-1.2161299,50.8747892
-1.2162069,50.874689
-1.2162488,50.8746497
-1.2164447,50.8744982
-1.2166357,50.8743798
-1.2167551,50.8742907
-1.2168761,50.8741971
-1.2171386,50.8739678
-1.2174895,50.8737192
-1.2177078,50.8735867
-1.2178503,50.8734797
-1.2183222,50.8732221
-1.2185724,50.8731348
-1.2185096,50.8730651
-1.2184772,50.8730433
-1.2184054,50.8730068
-1.2182584,50.8729555
-1.2178314,50.872824
-1.2176748,50.8727573
-1.217741,50.8725357
-1.2178353,50.8724212
-1.2180507,50.8721196
-1.2184245,50.8715232
-1.2186618,50.8711831
-1.2189069,50.870807
-1.2189862,50.8706538
-1.2190252,50.8705308
-1.2192782,50.8701018
-1.2193125,50.8700067
-1.2193273,50.8698872
-1.2193702,50.8697841
-1.2194008,50.8697366
-1.2195256,50.8695864
-1.2197624,50.8694423
-1.2197639,50.8694423
-1.22002,50.8693388
-1.22015,50.8692974
-1.2203033,50.8692246
-1.2202346,50.869163
-1.2202054,50.869126
-1.2201833,50.869089
-1.2201757,50.869035
-1.2202024,50.8689659
-1.2202998,50.868837
-1.2204371,50.868695
-1.2204832,50.868662
-1.2206262,50.8686045
-1.2207533,50.8685676
-1.2211228,50.8684837
-1.2213479,50.868452
-1.2219316,50.8681312
-1.2223328,50.8681006
-1.2224726,50.8680683
-1.2225789,50.8679997
-1.2228941,50.867849
-1.2235707,50.867581
-1.2240177,50.8673645
-1.2241649,50.8673134
-1.2242892,50.8671847
-1.2244965,50.8670269
-1.2245127,50.8669883
-1.2245181,50.86692
-1.2245559,50.8667818
-1.2245825,50.8667226
-1.2247437,50.8664305
-1.2247897,50.8663085
-1.2248386,50.866102
-1.224908,50.8660297
-1.2250687,50.8659372
-1.2252104,50.8658752
-1.2252145,50.8658033
-1.2251554,50.8656833
-1.2250201,50.8655304
-1.2248864,50.8654468
-1.2248047,50.8654058
-1.2247858,50.8653463
-1.2249056,50.8648921
-1.224947,50.8647925
-1.2249899,50.8646939
-1.2253028,50.8641618
-1.2253559,50.864128
-1.2254201,50.8641149
-1.2255406,50.8641319
-1.2259328,50.8642128
-1.226031,50.8642062
-1.2260781,50.8641921
-1.2261253,50.8641727
-1.2262607,50.8640612
-1.2265561,50.8637304
-1.2267187,50.8636047
-1.2268133,50.8635585
-1.2269204,50.8635251
-1.227348,50.8634461
-1.2276889,50.863282
-1.2278437,50.8632003
-1.2278768,50.8631771
-1.2278914,50.8631529
-1.227905,50.8631026
-1.2279034,50.8630271
-1.2278586,50.8627264
-1.2278746,50.8626168
-1.2279438,50.8625597
-1.2280743,50.8624851
-1.2281477,50.8624325
-1.2281607,50.8624155
-1.2281703,50.8623499
-1.2281474,50.8621888
-1.228372,50.8619223
-1.2287578,50.8615337
-1.2288782,50.8614715
-1.2290216,50.8612207
-1.2290403,50.8612073
-1.2291441,50.8609409
-1.2291687,50.8608287
-1.2293624,50.8607184
-1.2295207,50.8605954
-1.2296625,50.8606143
-1.2303389,50.8607797
-1.2302904,50.8610474
-1.2303707,50.8610911
-1.2308417,50.8613091
-1.2311736,50.8614336
-1.2316398,50.861594
-1.2319701,50.8617302
-1.232381,50.8617994
-1.2327009,50.8618726
-1.2336445,50.8622097
-1.2345503,50.8625169
-1.2346524,50.8626174
-1.234803,50.8627892
-1.23505,50.8628925
-1.2352573,50.8629856
-1.2358426,50.8632583
-1.2360619,50.8634018
-1.2361462,50.8634626
-1.2362332,50.8635261
-1.2363582,50.8636178
-1.2365607,50.8637477
-1.2366215,50.8637661
-1.2369891,50.8638791
-1.2377849,50.8641343
-1.2388914,50.8646819
-1.2404423,50.8654321
-1.2409569,50.8656855
-1.2413627,50.8658994
-1.241767,50.8661125
-1.2441349,50.8674057
-1.2450361,50.867916
-1.2464015,50.868637
-1.2470155,50.8689836
-1.2470818,50.8691027
-1.2473057,50.8692283
-1.2485487,50.8698811
-1.2493243,50.8702529
-1.2501039,50.8706473
-1.2516753,50.8714685
-1.2521699,50.871737
-1.2528396,50.8720722
-1.2533361,50.8723056
-1.2535095,50.8723957
-1.2542635,50.8727899
-1.2543852,50.8728267
-1.2545126,50.872859
-1.2548751,50.8729395
-1.2550954,50.8730282
-1.2551772,50.8730691
-1.2552547,50.8731128
-1.2552668,50.873335
-1.2552531,50.873834
-1.2551916,50.8741259
-1.2551767,50.8743506
-1.2553097,50.8743883
-1.255337,50.8746322
-1.2552981,50.8749377
-1.2552949,50.8749574
-1.2553534,50.8752105
-1.2552277,50.8754291
-1.2549778,50.8759482
-1.25511,50.8760345
-1.2555733,50.8763099
-1.2559487,50.8763842
-1.2561172,50.8764276
-1.256013,50.8765447
-1.2558026,50.876725
-1.2556838,50.876869
-1.2551083,50.8781063
-1.2549725,50.8784211
-1.2548311,50.8788186
-1.2548375,50.8789562
-1.2548766,50.879086
-1.2549,50.8791347
-1.2549681,50.8792349
-1.2552638,50.8794958
-1.2555046,50.8797311
-1.255838,50.8800363
-1.2559402,50.8801368
-1.2560178,50.8802587
-1.2561791,50.8803937
-1.2563801,50.8805397
-1.2565989,50.8807255
-1.2563607,50.8808625
-1.2559902,50.8810094
-1.255857,50.8810778
-1.2553256,50.8814197
-1.2546756,50.8818895
-1.254533,50.8820037
-1.2543976,50.8821152
-1.2541567,50.8823349
-1.2539774,50.8825244
-1.2539545,50.8826213
-1.2539273,50.8828163
-1.2539186,50.8830051
-1.2539186,50.883095
-1.2539642,50.8831745
-1.2542681,50.8833733
-1.254899,50.8837479
-1.2549845,50.8838212
-1.2551579,50.8839995
-1.2552448,50.884081
-1.2553289,50.8841562
-1.2553837,50.8841934
-1.2553618,50.8843182
-1.2553159,50.8843467
-1.2552698,50.8844723
-1.2551405,50.885003
-1.2550389,50.8853126
-1.2550227,50.8855283
-1.2546752,50.8869046
-1.2546809,50.8869883
-1.2546917,50.8870279
-1.25477,50.8871085
-1.25477,50.8871093
-1.2549827,50.88759
-1.2551679,50.8879221
-1.2553524,50.888212
-1.2553649,50.8882309
-1.2554073,50.8884236
-1.2554898,50.8886876
-1.255537,50.8887608
-1.2555775,50.8888033
-1.2556253,50.8888414
-1.2556647,50.8888641
-1.2557099,50.8888842
-1.2561061,50.8889982
-1.2567932,50.8891546
-1.2573075,50.8892648
-1.2572332,50.8893813
-1.2578609,50.8895112
-1.2592272,50.8896907
-1.2593321,50.8897067
-1.2594128,50.8897305
-1.2592944,50.8899348
-1.2592151,50.8900926
-1.2583739,50.8908678
-1.2581535,50.8910534
-1.2580776,50.8911744
-1.2580256,50.8912298
-1.2579581,50.8912716
-1.2578895,50.8912937
-1.2578496,50.8912979
-1.2578055,50.8912967
-1.2577513,50.891278
-1.2583393,50.8916008
-1.2585508,50.891683
-1.2587211,50.8916872
-1.2588116,50.8917015
-1.2590873,50.8917624
-1.259082,50.8918489
-1.2591612,50.8919253
-1.259057,50.89208
-1.2590147,50.8922123
-1.258947,50.8923358
-1.2589197,50.8924372
-1.2588537,50.8927311
-1.2587424,50.8927439
-1.2587205,50.8927523
-1.2587005,50.8927678
-1.2586879,50.8927913
-1.2586819,50.8928077
-1.2586963,50.89283
-1.2587341,50.8928656
-1.259079,50.8929952
-1.2594036,50.8930842
-1.2600688,50.8931849
-1.2603615,50.8932117
-1.2607846,50.8932101
-1.2609176,50.8930417
-1.2609384,50.8933565
-1.2610582,50.8937291
-1.2611965,50.8942158
-1.2611859,50.8945784
-1.2611101,50.8950862
-1.2615565,50.8950784
-1.2630272,50.895281
-1.2635626,50.8953928
-1.2640179,50.8954982
-1.2640789,50.8955149
-1.2652562,50.8965699
-1.2651335,50.8966281
-1.2653896,50.8967799
-1.2658103,50.8974653
-1.2653226,50.8979906
-1.2644744,50.8978341
-1.2637591,50.8981058
-1.2621671,50.8993087
-1.2619305,50.8999902
-1.2605573,50.9011269
-1.2600675,50.9020444
-1.2600346,50.9026509
-1.2607354,50.9031581
-1.2618777,50.903488
-1.26309,50.9044694
-1.2647386,50.9056597
-1.2647655,50.9064877
-1.2657954,50.9080031
-1.2687995,50.9108174
-1.2688853,50.9113586
-1.268542,50.9126574
-1.2678554,50.914335
-1.2678554,50.9154173
-1.2672545,50.9170947
-1.2652804,50.9182852
-1.2650229,50.9198002
-1.2643363,50.9200167
-1.2645938,50.92072
-1.2648512,50.9226679
-1.2655379,50.9229384
-1.2656238,50.9245615
-1.2648512,50.9251026
-1.2645938,50.9259682
-1.2657096,50.9262387
-1.2669112,50.9274289
-1.2669112,50.9291059
-1.268027,50.9297551
-1.2687137,50.9306206
-1.2691751,50.9308219
-1.2692745,50.9308653
-1.2698295,50.9311075
-1.2706878,50.9320271
-1.2702586,50.9321353
-1.2712028,50.9332172
-1.2727477,50.9337581
-1.2731769,50.934894
-1.2735745,50.9350945
-1.2744643,50.935543
-1.2769534,50.9358135
-1.2790133,50.9362463
-1.28073,50.9363003
-1.2820174,50.936084
-1.2828319,50.936141
-1.2829806,50.9361514
-1.2843348,50.9362463
-1.2848498,50.9367331
-1.2864806,50.9391129
-1.2872531,50.9410059
-1.2868239,50.9424661
-1.2870814,50.94371
-1.2880256,50.9448997
-1.2888839,50.9454946
-1.289828,50.9460895
-1.2916304,50.9466843
-1.2927462,50.9480902
-1.2912013,50.9497665
-1.2904288,50.9509021
-1.289313,50.9506858
-1.288798,50.9517673
-1.2867381,50.9528486
-1.2859656,50.9540382
-1.2849356,50.9547411
-1.2833907,50.9557683
-1.2831332,50.9572822
-1.2818458,50.9584716
-1.2789275,50.9594447
-1.2773826,50.9603638
-1.2766101,50.9612828
-1.2754943,50.9614991
-1.272576,50.9619856
-1.271546,50.9625802
-1.2706878,50.9639317
-1.2699844,50.9653306
-1.2696337,50.966028
-1.2693375,50.9664284
-1.2692405,50.9668445
-1.2691224,50.9671438
-1.2692112,50.9675871
-1.2689948,50.9675928
-1.2687287,50.9675644
-1.2685168,50.967526
-1.268271,50.9677092
-1.2681042,50.96781
-1.2677908,50.9679335
-1.2676465,50.9679705
-1.266568,50.9683692
-1.2663207,50.9684845
-1.2656669,50.9689672
-1.2652475,50.9694074
-1.2645277,50.9702654
-1.264328,50.9705065
-1.2637036,50.9711167
-1.263008,50.9718097
-1.2619406,50.9728977
-1.2607003,50.9741144
-1.2603878,50.9743674
-1.2602826,50.9744879
-1.2601713,50.9747135
-1.259953,50.975211
-1.2599057,50.9753409
-1.2597996,50.9756902
-1.259726,50.9758393
-1.2593976,50.9763413
-1.259015,50.9769677
-1.2588779,50.9772409
-1.2587695,50.9773913
-1.2581669,50.9783491
-1.2586525,50.9785265
-1.2588098,50.9786018
-1.2589744,50.978726
-1.2591931,50.9789453
-1.2593216,50.9790539
-1.2594569,50.9791467
-1.2596395,50.9792264
-1.2601604,50.9793882
-1.2607511,50.9796203
-1.2610803,50.9797381
-1.2615238,50.9798842
-1.2617488,50.9799432
-1.2619796,50.979984
-1.2622685,50.9800497
-1.2627487,50.9801618
-1.2628747,50.9801832
-1.2631158,50.9801681
-1.263581,50.9801734
-1.2640851,50.9801331
-1.2645916,50.9800789
-1.2649719,50.9800681
-1.2652851,50.9801012
-1.2657576,50.9801306
-1.2660575,50.9801689
-1.2663021,50.9801803
-1.2665682,50.9801639
-1.2666772,50.9800251
-1.2667521,50.9799528
-1.2669051,50.9798083
-1.2669928,50.9796828
-1.2672112,50.9792532
-1.2672957,50.9791147
-1.2673834,50.9789882
-1.2675891,50.9787824
-1.2677719,50.9786377
-1.2679446,50.9786509
-1.2685457,50.9787242
-1.2688534,50.9787573
-1.2692816,50.9788886
-1.2694642,50.9789539
-1.2697573,50.9790178
-1.2699878,50.9790574
-1.2704112,50.9790675
-1.2714957,50.9789752
-1.2716603,50.9790008
-1.2720791,50.9791057
-1.2721518,50.9789511
-1.2724449,50.9782725
-1.2725689,50.9777274
-1.2726218,50.977542
-1.272647,50.9774702
-1.2728511,50.9771028
-1.2732656,50.9765547
-1.2740245,50.975573
-1.2744486,50.9750309
-1.2754011,50.973898
-1.2758408,50.974006
-1.2767247,50.9743154
-1.2769994,50.97436
-1.2786411,50.9743751
-1.2795656,50.9744091
-1.2803332,50.9743969
-1.2807921,50.9743637
-1.2818924,50.9742047
-1.2832903,50.9739492
-1.2838855,50.9737589
-1.2843906,50.9736198
-1.2848235,50.9735374
-1.2850309,50.9735261
-1.2853779,50.9735633
-1.2855224,50.9735829
-1.2865686,50.9737987
-1.2866949,50.9735573
-1.2876418,50.9737135
-1.2887208,50.9739403
-1.2896965,50.9740568
-1.2904118,50.9741218
-1.2912908,50.9741311
-1.292799,50.9740969
-1.2932613,50.9741291
-1.2936248,50.9741793
-1.2941765,50.9742957
-1.2952321,50.9746324
-1.2951586,50.9753027
-1.2951128,50.975904
-1.295151,50.9761309
-1.2949757,50.976157
-1.2948641,50.9763457
-1.2945835,50.9767332
-1.29422,50.9772853
-1.2940783,50.9775417
-1.2931805,50.9788533
-1.2925396,50.9797627
-1.2917586,50.9808402
-1.2908847,50.9821997
-1.2908337,50.9822399
-1.290754,50.982266
-1.2904957,50.9823041
-1.2905308,50.9827618
-1.290583,50.9828767
-1.2908496,50.9829806
-1.2911621,50.983089
-1.291701,50.9832637
-1.2930459,50.9837512
-1.2955787,50.9826316
-1.2975528,50.9827397
-1.300986,50.9823615
-1.3044191,50.983226
-1.30708,50.9834422
-1.3102557,50.9841446
-1.3124873,50.9845769
-1.3136031,50.9844148
-1.3175513,50.9857115
-1.3189245,50.9869542
-1.322787,50.9874944
-1.3231303,50.9861978
-1.3230445,50.9838204
-1.3257614,50.9816988
-1.3268587,50.9808243
-1.327691,50.9801246
-1.3279081,50.9801602
-1.327989,50.9801885
-1.3280722,50.9802499
-1.3281101,50.9802912
-1.3281495,50.9803088
-1.3282756,50.9803595
-1.3283239,50.9804388
-1.3283641,50.9805655
-1.3285035,50.9806077
-1.3285331,50.9806871
-1.3285035,50.9807732
-1.3286134,50.9808374
-1.3286913,50.9809471
-1.3286431,50.9810265
-1.3285733,50.9810668
-1.3286645,50.981165
-1.3287196,50.9812778
-1.3287809,50.9813292
-1.3287502,50.9813999
-1.3288226,50.9814806
-1.3288182,50.9816614
-1.3288362,50.9817037
-1.328922,50.981832
-1.3290454,50.9820279
-1.3291713,50.9822069
-1.3292626,50.9822862
-1.3293404,50.982374
-1.3295052,50.9824385
-1.3296287,50.9828755
-1.3297372,50.9829152
-1.3297467,50.9829591
-1.3298865,50.9830306
-1.3298799,50.9831185
-1.3299682,50.9832272
-1.3300824,50.9833305
-1.3301409,50.9834191
-1.3301459,50.9835351
-1.3301742,50.9835944
-1.3302401,50.9836329
-1.3303061,50.9836107
-1.330372,50.9836714
-1.3303626,50.9837559
-1.3304042,50.9837611
-1.3310595,50.9837278
-1.3311814,50.9837597
-1.3314057,50.9837411
-1.3316403,50.9837364
-1.3316929,50.9836877
-1.3318203,50.9835868
-1.3320192,50.9835179
-1.332397,50.9834595
-1.3325423,50.9834586
-1.3326631,50.9834936
-1.3328138,50.983544
-1.3329079,50.9835336
-1.3330021,50.9834609
-1.3332416,50.9834595
-1.3334142,50.9833913
-1.3338442,50.9833708
-1.3340429,50.9833676
-1.3342124,50.9833468
-1.3344126,50.9833527
-1.3346622,50.983372
-1.3348976,50.9833394
-1.3350121,50.9833445
-1.3352673,50.9834076
-1.3353568,50.9834254
-1.3354591,50.9834641
-1.3354816,50.9835103
-1.3357561,50.9835652
-1.3359217,50.9836164
-1.3361376,50.9837252
-1.3364497,50.983851
-1.3366095,50.9839222
-1.3369876,50.9839896
-1.3371639,50.9840294
-1.3373345,50.9841193
-1.3375119,50.9842542
-1.3376153,50.9843055
-1.3377656,50.9843256
-1.3379358,50.9843108
-1.3382213,50.9842733
-1.3389046,50.98416
-1.3392345,50.9839956
-1.3395563,50.9839018
-1.3397642,50.983958
-1.3400622,50.9842337
-1.3404007,50.9844261
-1.3411077,50.9844826
-1.3416479,50.984609
-1.3418821,50.9847222
-1.3423913,50.9849365
-1.3426341,50.9849731
-1.3428217,50.9849666
-1.3431848,50.9849209
-1.3434083,50.984931
-1.3436383,50.9849239
-1.3440995,50.98486
-1.3442654,50.9848077
-1.344413,50.9847126
-1.3445462,50.9846039
-1.3446701,50.9844664
-1.3450321,50.9840857
-1.3451844,50.9836194
-1.3452487,50.9831907
-1.3450561,50.9827364
-1.3449349,50.9825548
-1.3457889,50.9819853
-1.3466466,50.9813502
-1.346804,50.9814499
-1.3464932,50.9826316
-1.3460981,50.9841575
-1.345618,50.9855939
-1.3452211,50.9865398
-1.3449156,50.9871894
-1.3446083,50.9877793
-1.3439725,50.9889663
-1.3431477,50.9902851
-1.3427777,50.990895
-1.3430865,50.9910327
-1.3432012,50.9910633
-1.3432656,50.9910973
-1.3433162,50.9911291
-1.3434416,50.9912885
-1.3435503,50.9915199
-1.3435299,50.9916248
-1.3435264,50.991743
-1.3435655,50.9919737
-1.344055,50.992033
-1.3448653,50.9921797
-1.3450826,50.9922322
-1.3453068,50.9923122
-1.3458539,50.9925831
-1.3458964,50.9925836
-1.3459677,50.9925774
-1.3460493,50.9925562
-1.3460946,50.992501
-1.3461855,50.9923912
-1.3463937,50.9920765
-1.346631,50.9916666
-1.3467754,50.9913302
-1.3468695,50.9910735
-1.3474934,50.9916522
-1.3477413,50.991879
-1.3481548,50.9923116
-1.3486539,50.9927707
-1.3490068,50.9930668
-1.3492369,50.9932785
-1.3495021,50.9938456
-1.3496071,50.9940763
-1.3497331,50.9944151
-1.3500029,50.9944724
-1.3503382,50.9945453
-1.3504699,50.9945928
-1.3505415,50.9946331
-1.3505773,50.9946685
-1.3506788,50.9948225
-1.3507191,50.9949076
-1.3508398,50.9952427
-1.3508619,50.995269
-1.3509097,50.995299
-1.3509398,50.9953101
-1.3509989,50.9953219
-1.3511534,50.9953417
-1.3511911,50.9953583
-1.3512057,50.9953825
-1.3512123,50.9954228
-1.3511802,50.9957372
-1.3511562,50.9960499
-1.3511353,50.9964928
-1.3511247,50.9967434
-1.351464,50.9967919
-1.3524296,50.9968969
-1.3530897,50.9969777
-1.3539171,50.9970905
-1.3538151,50.9972634
-1.3538051,50.997357
-1.3538203,50.9975536
-1.3537624,50.9977074
-1.3537004,50.9978287
-1.3536286,50.9979526
-1.3535591,50.9980582
-1.3534801,50.9981493
-1.3534877,50.9981705
-1.3541569,50.9983506
-1.3545406,50.9984495
-1.3562234,50.9977755
-1.3565962,50.9981121
-1.3565348,50.9983998
-1.3577002,50.9984798
-1.3587366,50.9985564
-1.3591574,50.9985866
-1.3596788,50.9986405
-1.3601529,50.9987799
-1.361094,50.9992388
-1.3616702,50.9994527
-1.3623312,50.9996989
-1.3630161,50.9999192
-1.363377,50.9999929
-1.3638877,51.0000861
-1.3649486,51.0001583
-1.3666042,51.0003012
-1.3671762,51.0003555
-1.3674249,51.0004081
-1.3676894,51.0004841
-1.3679203,51.0005769
-1.3681037,51.000694
-1.3685631,51.0012366
-1.3689015,51.0014373
-1.3698092,51.0016726
-1.3707812,51.0018195
-1.3732494,51.0021891
-1.3784863,51.0029692
-1.3811116,51.0033638
-1.3824812,51.003625
-1.3833333,51.0039207
-1.3841283,51.0041622
-1.3844598,51.0042526
-1.3848227,51.0043136
-1.3853486,51.0043251
-1.3857777,51.004305
-1.3861786,51.0042622
-1.3869069,51.0041281
-1.3888096,51.0036622
-1.3891132,51.0036495
-1.3894948,51.0037082
-1.39111,51.0040363
-1.3929358,51.0044198
-1.3930397,51.0044439
-1.3930795,51.0046722
-1.3934207,51.0061802
-1.3948848,51.0093174
-1.3946273,51.0100194
-1.3953998,51.0100194
-1.3992621,51.0082913
-1.3994338,51.0088853
-1.4004638,51.0097493
-1.4049507,51.0107004
-1.4058711,51.0109375
-1.4066436,51.0114775
-1.4104201,51.0125035
-1.4114501,51.0127735
-1.4117934,51.0132594
-1.41138,51.0140916
-1.4129242,51.0144302
-1.4143729,51.0146599
-1.4186966,51.0153455
-1.4191886,51.0148105
-1.4198104,51.0144124
-1.4199562,51.0143835
-1.4201481,51.0142932
-1.4204686,51.0140952
-1.4208703,51.0137899
-1.422001,51.0145089
-1.4221334,51.0150952
-1.4223387,51.0153001
-1.4227212,51.0154902
-1.4237156,51.0157885
-1.4244672,51.0159061
-1.4248421,51.0160624
-1.4251208,51.01624
-1.4256521,51.0166192
-1.4259861,51.0168735
-1.4260103,51.0170089
-1.4259702,51.017209
-1.4258245,51.0176357
-1.4260476,51.0189813
-1.4262976,51.0201807
-1.4264426,51.0207428
-1.4265308,51.0212914
-1.4265581,51.0215929
-1.4294629,51.0236146
-1.4298517,51.0240037
-1.4302824,51.0242385
-1.4317348,51.0248524
-1.4326639,51.0252822
-1.4328892,51.0254335
-1.4330945,51.0256071
-1.4341015,51.0253998
-1.4350546,51.0251103
-1.4369749,51.0244652
-1.4378972,51.0240999
-1.4388019,51.0241551
-1.4409776,51.025303
-1.4425994,51.0259747
-1.4436446,51.0271866
-1.4448693,51.0275267
-1.4450397,51.0285676
-1.4461257,51.0295645
-1.4466406,51.030914
-1.4476706,51.0326413
-1.4471557,51.0336668
-1.4483573,51.035502
-1.4501597,51.0371751
-1.4528205,51.0384164
-1.4542796,51.0395498
-1.4564254,51.0403054
-1.4570262,51.0411148
