-0.4406074,51.7868711
-0.4399587,51.7871431
-0.4391429,51.7874649
-0.4390691,51.7875008
-0.4388681,51.7876142
-0.4387803,51.7876768
-0.4386669,51.7877697
-0.4381966,51.7879119
-0.437013,51.7883044
-0.4349202,51.7890345
-0.4339282,51.7893342
-0.4335129,51.7894771
-0.4322663,51.789759
-0.4316454,51.7898514
-0.4314555,51.789892
-0.4313662,51.789916
-0.4302907,51.7903234
-0.4299737,51.7904324
-0.4298767,51.7904716
-0.429601,51.790601
-0.4293667,51.7907534
-0.4289284,51.7910155
-0.4288088,51.7910751
-0.4284188,51.7912425
-0.4281754,51.7913615
-0.427998,51.7914572
-0.4278898,51.7915268
-0.4277688,51.7916286
-0.4275456,51.791916
-0.4274344,51.7920287
-0.427399,51.7920453
-0.4273286,51.7920687
-0.427263,51.7920786
-0.4271705,51.792071
-0.4267371,51.7919421
-0.4265156,51.7918905
-0.4262592,51.7918404
-0.4259911,51.7917954
-0.4257198,51.7917567
-0.4249517,51.7916619
-0.4248735,51.7916581
-0.4247763,51.7916604
-0.4242007,51.7917013
-0.4240991,51.7917044
-0.4239323,51.7917058
-0.4237976,51.7916995
-0.4235417,51.7916781
-0.4233184,51.7916373
-0.4229097,51.7915068
-0.4227502,51.7914651
-0.4221895,51.7913686
-0.4219219,51.7913075
-0.4218646,51.7912896
-0.4215757,51.7911733
-0.4214721,51.7911504
-0.4209101,51.7910907
-0.4203445,51.7910534
-0.4202204,51.7910373
-0.4200447,51.7910026
-0.4197456,51.7909725
-0.4191522,51.7909402
-0.4190261,51.7909377
-0.4186995,51.7909485
-0.4182673,51.7909949
-0.4181292,51.7910047
-0.4180219,51.7910042
-0.4178699,51.7909967
-0.4172978,51.7909378
-0.4169041,51.7908749
-0.4167293,51.7908573
-0.4164326,51.7908416
-0.4162801,51.7908364
-0.4160488,51.7908697
-0.4158058,51.7908943
-0.4155611,51.7909252
-0.4153191,51.7909615
-0.4149383,51.7910292
-0.41436,51.791105
-0.4139845,51.7911854
-0.4138,51.7911964
-0.4135624,51.7911914
-0.4133917,51.7911783
-0.4133437,51.7916794
-0.4134182,51.7921596
-0.413487,51.7924708
-0.4136437,51.7929243
-0.4136839,51.7933079
-0.4121841,51.7933182
-0.4120224,51.793753
-0.4118857,51.794217
-0.4117983,51.7945602
-0.4117319,51.7947562
-0.4116197,51.7950208
-0.4114516,51.7953045
-0.4112689,51.7955538
-0.4110625,51.795854
-0.4108547,51.7960733
-0.4106281,51.796331
-0.4105198,51.7964429
-0.4104013,51.7965545
-0.4101339,51.7967775
-0.4097692,51.7970432
-0.409698,51.7970899
-0.4093861,51.7972988
-0.4096416,51.7975397
-0.4097487,51.7976256
-0.4098803,51.7977209
-0.4101384,51.7978872
-0.4103136,51.797975
-0.4106269,51.798097
-0.4107952,51.7981775
-0.4109188,51.798252
-0.4113651,51.7985521
-0.4114361,51.7985935
-0.411728,51.7987476
-0.4119934,51.7988726
-0.412463,51.7991289
-0.4123919,51.7992529
-0.4122998,51.7995223
-0.4122433,51.7996834
-0.4121298,51.7999022
-0.4121254,51.7999848
-0.4119921,51.8002717
-0.4122659,51.8004031
-0.4143622,51.8012946
-0.4144146,51.8013312
-0.4146272,51.8015148
-0.4147295,51.8015738
-0.4148825,51.8016361
-0.4149571,51.8016596
-0.4151182,51.8016995
-0.4153276,51.8018057
-0.4155077,51.801881
-0.4157347,51.8019847
-0.4159466,51.8020622
-0.4160092,51.8020577
-0.4160811,51.8020326
-0.4161331,51.8019982
-0.4161454,51.8019786
-0.4161551,51.8019481
-0.4164886,51.8019517
-0.4169486,51.8019849
-0.4173025,51.8020256
-0.4174291,51.8020552
-0.4175008,51.8020796
-0.4176023,51.8021232
-0.4180496,51.8021472
-0.4181785,51.802068
-0.4184737,51.8020891
-0.4187665,51.8020939
-0.4188286,51.8020992
-0.4189695,51.8021344
-0.4189941,51.8021365
-0.4192959,51.8021325
-0.4197019,51.8020948
-0.4198695,51.8021123
-0.4206393,51.8021649
-0.420759,51.8021836
-0.4208295,51.8021998
-0.4209758,51.8022486
-0.4210115,51.8022643
-0.4211884,51.8023881
-0.4213656,51.8024651
-0.4216661,51.8026643
-0.4217345,51.8027003
-0.4217759,51.8027188
-0.4221052,51.8028401
-0.4224038,51.80297
-0.4225391,51.8030419
-0.42292,51.8032656
-0.4233374,51.8035643
-0.4235492,51.8037299
-0.4237378,51.803897
-0.4241924,51.8043347
-0.4244248,51.804452
-0.4244701,51.8044822
-0.4245194,51.8045252
-0.4247105,51.804784
-0.4247948,51.8048616
-0.4248531,51.8048974
-0.4248874,51.8049122
-0.4252276,51.8048467
-0.4253848,51.804998
-0.4254892,51.8051226
-0.4256274,51.8052351
-0.4258825,51.8051998
-0.4260535,51.805328
-0.4261903,51.8054836
-0.4262401,51.8055103
-0.4264314,51.8055974
-0.426484,51.8056296
-0.4265515,51.8056898
-0.4265933,51.8057398
-0.4268278,51.8058356
-0.4269943,51.8059286
-0.4274875,51.8062194
-0.427728,51.8063098
-0.4279685,51.8064425
-0.428333,51.8063062
-0.4283635,51.8063057
-0.4284471,51.8063194
-0.4285587,51.806365
-0.4285967,51.806397
-0.4286156,51.8064377
-0.428632,51.806508
-0.4287465,51.806595
-0.4287883,51.8067277
-0.4288525,51.8067574
-0.4287618,51.8069054
-0.4282023,51.8078951
-0.4275299,51.8091675
-0.4271939,51.8097366
-0.4275153,51.8098794
-0.4275351,51.8098941
-0.4275852,51.8099568
-0.4276165,51.810057
-0.4277294,51.8106484
-0.427731,51.8107671
-0.4277207,51.8108542
-0.4275991,51.8113903
-0.4275243,51.811623
-0.4273318,51.8117356
-0.427062,51.8118578
-0.4269857,51.8118838
-0.4268045,51.8119227
-0.4267253,51.8119477
-0.4266104,51.8119966
-0.4263957,51.8120791
-0.4263065,51.8121004
-0.4261682,51.8121147
-0.426089,51.8121397
-0.4259366,51.8122249
-0.4256413,51.8124143
-0.4251682,51.8126678
-0.4250415,51.8127246
-0.4247357,51.8128401
-0.4245869,51.8129055
-0.4243139,51.8130376
-0.4240405,51.8133064
-0.4239039,51.8133963
-0.4238097,51.8135191
-0.4236129,51.8137125
-0.423301,51.8140455
-0.4229684,51.814514
-0.4229098,51.8145726
-0.4227882,51.8146465
-0.4226996,51.8146921
-0.422629,51.8147181
-0.4223218,51.8147922
-0.4222441,51.8148163
-0.4221691,51.8148441
-0.4221042,51.8148756
-0.422073,51.814895
-0.4218522,51.81507
-0.4216969,51.8151561
-0.4216088,51.8152268
-0.4217027,51.8152784
-0.421886,51.8156388
-0.4218386,51.8157901
-0.421569,51.8159079
-0.4214058,51.8159704
-0.4211426,51.8161125
-0.420775,51.8162928
-0.4203766,51.8164448
-0.419812,51.8166576
-0.4194702,51.8167645
-0.4194158,51.8167862
-0.4192446,51.8168702
-0.4191345,51.8168643
-0.4189759,51.8168783
-0.4184285,51.817138
-0.4182355,51.8172235
-0.4181873,51.8171905
-0.4179427,51.8172969
-0.4178334,51.817353
-0.4177907,51.8173695
-0.4176282,51.8174123
-0.4175056,51.817434
-0.4174273,51.8174734
-0.4171289,51.8177913
-0.4170069,51.8178769
-0.4169818,51.8178891
-0.4168512,51.8179323
-0.4166674,51.8179613
-0.4160841,51.8180848
-0.4160085,51.8180478
-0.4155179,51.8182192
-0.4148444,51.8185599
-0.4146177,51.8186944
-0.4144467,51.8188117
-0.4141356,51.8190782
-0.414748,51.8192815
-0.4168694,51.8199378
-0.4174656,51.8201481
-0.4188676,51.8206336
-0.4197504,51.8209476
-0.4193733,51.8213589
-0.4192095,51.8215608
-0.4191515,51.8216445
-0.4191158,51.8217097
-0.4190795,51.8217937
-0.4190488,51.8218841
-0.4190384,51.8219325
-0.419028,51.8220637
-0.4190445,51.8224191
-0.4190089,51.8226083
-0.4189991,51.8227233
-0.4190122,51.8228053
-0.419036,51.8228703
-0.4191029,51.8229899
-0.41915,51.8230544
-0.419218,51.8231416
-0.4193249,51.8232402
-0.4194239,51.8233944
-0.4194425,51.8234441
-0.4194415,51.8235142
-0.4193734,51.8237201
-0.4195169,51.8238057
-0.4197212,51.824686
-0.4198357,51.8253125
-0.4199624,51.8258797
-0.4198611,51.8259953
-0.4198124,51.8260594
-0.419742,51.8262068
-0.4196382,51.8263538
-0.4193389,51.8266114
-0.4192136,51.8267518
-0.4191589,51.8267367
-0.4189147,51.82704
-0.4188243,51.8272186
-0.4186283,51.8274677
-0.4185166,51.8276335
-0.4183753,51.8278986
-0.418069,51.8284385
-0.4179605,51.8286771
-0.4179139,51.8288069
-0.4178496,51.8290263
-0.4177847,51.8291792
-0.4177698,51.829233
-0.4177135,51.829555
-0.4177121,51.8296359
-0.4177518,51.8304502
-0.4177405,51.830897
-0.4177498,51.8309645
-0.4177397,51.8310453
-0.4176877,51.831202
-0.4176303,51.8314745
-0.4176363,51.8315915
-0.417666,51.8316989
-0.417665,51.8317259
-0.4175674,51.8319017
-0.417542,51.8319643
-0.4176123,51.8319868
-0.4175285,51.8321853
-0.4174875,51.8323196
-0.4174601,51.8325198
-0.4173579,51.83287
-0.4172715,51.8332636
-0.4171917,51.8334702
-0.4171057,51.8336471
-0.4170681,51.8336412
-0.4170122,51.8337465
-0.4168662,51.8339361
-0.4167781,51.8340905
-0.4166778,51.834384
-0.4165839,51.8347029
-0.4164189,51.8353939
-0.4164058,51.8355187
-0.4163764,51.835611
-0.4163371,51.8356958
-0.4163003,51.8357529
-0.4162399,51.8358204
-0.4161335,51.8359143
-0.4157494,51.8361069
-0.4157924,51.8361642
-0.4156601,51.8362118
-0.415096,51.8364848
-0.4148435,51.8365677
-0.4146926,51.8366493
-0.4146165,51.8366258
-0.4145437,51.8366716
-0.4144724,51.8367201
-0.4145195,51.8367827
-0.4139174,51.837271
-0.4135294,51.8375742
-0.4134618,51.8375553
-0.413319,51.837654
-0.4130052,51.8378278
-0.4129204,51.8378869
-0.4128711,51.8379258
-0.4127566,51.8380448
-0.4127107,51.8381116
-0.4125452,51.8381534
-0.4120597,51.8382152
-0.4118805,51.8382344
-0.4114414,51.8382554
-0.4109462,51.838344
-0.4099755,51.8384973
-0.4099018,51.8385295
-0.4098696,51.8385372
-0.4096341,51.8385484
-0.4095153,51.8385837
-0.4088732,51.8387215
-0.4086243,51.8387811
-0.4085053,51.8388209
-0.4077887,51.8390971
-0.4077462,51.8391505
-0.4076058,51.8392205
-0.4067539,51.8395857
-0.4063865,51.8397552
-0.4059332,51.839973
-0.4058066,51.8400207
-0.4057417,51.8400522
-0.4056481,51.8401112
-0.4055146,51.8402343
-0.405458,51.8402758
-0.4052443,51.8404078
-0.4048833,51.8405998
-0.4047513,51.8405549
-0.4047499,51.8405549
-0.4046247,51.8405226
-0.4040407,51.8402908
-0.4034617,51.8400797
-0.4030771,51.8399144
-0.4024016,51.83956
-0.4018736,51.8392624
-0.4008296,51.8387393
-0.4003472,51.8384665
-0.3991691,51.8377545
-0.398667,51.8374672
-0.3983875,51.8373258
-0.3980241,51.8371752
-0.3965941,51.8366953
-0.3957756,51.8364468
-0.3947929,51.8362014
-0.393703,51.8358718
-0.3931692,51.8356999
-0.3927647,51.835564
-0.3925039,51.8354705
-0.3920901,51.8353102
-0.3908022,51.8347144
-0.3884501,51.8337624
-0.386215,51.8329477
-0.3832408,51.8319465
-0.3813651,51.831276
-0.3808621,51.8310955
-0.3800458,51.8308712
-0.3796015,51.8307571
-0.3785054,51.830403
-0.377099,51.8299224
-0.3765119,51.8297443
-0.375926,51.8295699
-0.3749891,51.8293528
-0.3746264,51.8292687
-0.3743524,51.8292199
-0.3740793,51.8291874
-0.3739837,51.8291834
-0.3737804,51.829186
-0.3733873,51.8292219
-0.373342,51.8292302
-0.3732906,51.8292466
-0.3732538,51.8292614
-0.3730625,51.8293738
-0.3726379,51.8296
-0.3720288,51.8299089
-0.3711038,51.8304069
-0.370944,51.830491
-0.3707906,51.8305599
-0.3706539,51.8306083
-0.370506,51.8306441
-0.3700771,51.8307469
-0.3693867,51.8308974
-0.3687547,51.8310757
-0.3686243,51.832196
-0.3685949,51.8324861
-0.3685859,51.8327341
-0.368564,51.8328606
-0.3684478,51.8331827
-0.3680907,51.833907
-0.3679594,51.8342064
-0.3677081,51.8347748
-0.3676454,51.8349034
-0.3675499,51.8350972
-0.367466,51.8352489
-0.3672571,51.8355265
-0.3669782,51.8358544
-0.3668679,51.8359734
-0.3667507,51.8360833
-0.3663122,51.8364108
-0.3661816,51.8365304
-0.366112,51.8366085
-0.366052,51.8367012
-0.3659584,51.836922
-0.3659016,51.8370471
-0.3658741,51.8370854
-0.3658409,51.83712
-0.3657347,51.8372057
-0.3654789,51.8373766
-0.36531,51.8375505
-0.3651508,51.8377371
-0.3649748,51.8379091
-0.3649658,51.8381581
-0.364883,51.8387198
-0.3647461,51.8391729
-0.3646445,51.8394529
-0.3645803,51.8395833
-0.364506,51.8397117
-0.3643952,51.8398838
-0.3640956,51.840099
-0.3642156,51.8404325
-0.3642384,51.8405649
-0.3642105,51.8408154
-0.3641812,51.8409427
-0.364133,51.8410697
-0.3640828,51.8411751
-0.3640609,51.8412171
-0.3639773,51.8413211
-0.3633322,51.8420971
-0.363322,51.8420979
-0.3631434,51.8420603
-0.3630831,51.8420424
-0.3626073,51.8418326
-0.3625313,51.8418072
-0.3624649,51.8417955
-0.3623751,51.8417907
-0.3614172,51.8418259
-0.3608164,51.8418211
-0.3606325,51.8418078
-0.3601697,51.8417213
-0.3598471,51.8416511
-0.359745,51.8416237
-0.3593706,51.8415015
-0.3590698,51.8414281
-0.358991,51.8414009
-0.3589196,51.8413685
-0.3588357,51.8413205
-0.3587381,51.8412481
-0.3578388,51.840233
-0.357696,51.8400089
-0.3572131,51.840075
-0.3564742,51.8403542
-0.356055,51.8405057
-0.3549567,51.8409696
-0.3540429,51.8413866
-0.3539423,51.8414374
-0.3537733,51.8415357
-0.353501,51.841718
-0.3534008,51.8417967
-0.3532821,51.8419092
-0.3531537,51.8420045
-0.3530692,51.8420546
-0.3529493,51.8421177
-0.3528829,51.8421464
-0.352639,51.8422266
-0.3515675,51.8425101
-0.351334,51.8425824
-0.3511384,51.8426525
-0.3501053,51.8430759
-0.3485881,51.8436768
-0.3467796,51.8444211
-0.3460936,51.8447181
-0.344527,51.8452778
-0.3444194,51.8453231
-0.3443291,51.8453686
-0.3440332,51.8455595
-0.3437966,51.8457576
-0.3430773,51.8461719
-0.3429976,51.8461267
-0.3420629,51.8466333
-0.3421017,51.8466842
-0.3422105,51.8468062
-0.3422418,51.8468615
-0.3422523,51.846894
-0.3423004,51.8472445
-0.3423009,51.8473865
-0.3418328,51.8476011
-0.3414606,51.8477362
-0.3415326,51.8478694
-0.3415871,51.8480059
-0.341599,51.8481167
-0.3415881,51.8481777
-0.3415613,51.8482348
-0.3415216,51.8482882
-0.3414794,51.8483299
-0.3412792,51.8484844
-0.3406765,51.8489237
-0.3401049,51.8492654
-0.3395105,51.8495978
-0.3392048,51.8493813
-0.3390003,51.8492588
-0.3389675,51.8492431
-0.3388915,51.8492159
-0.3384284,51.849097
-0.3382316,51.8490394
-0.3380077,51.8489688
-0.3371318,51.8486641
-0.3370278,51.8486501
-0.3369333,51.8486532
-0.3366929,51.8486382
-0.3366221,51.8486282
-0.3364923,51.8486056
-0.3363079,51.8485671
-0.3361021,51.8485174
-0.335736,51.8484043
-0.3355461,51.8483585
-0.3354608,51.8483465
-0.3352144,51.8483358
-0.3346265,51.8482942
-0.3344836,51.8482706
-0.3343612,51.8482437
-0.3341683,51.8481996
-0.3339499,51.848139
-0.333638,51.8480932
-0.3334808,51.8480631
-0.3333253,51.8480276
-0.3332349,51.8479993
-0.3331548,51.8479676
-0.3330478,51.8479149
-0.332122,51.8475502
-0.3319144,51.8475113
-0.3319129,51.8475112
-0.3316388,51.8474246
-0.3314168,51.8473432
-0.3311973,51.8472709
-0.3310322,51.8472209
-0.3302942,51.8470369
-0.3301631,51.8470116
-0.3300273,51.8469917
-0.3298027,51.8469813
-0.3293731,51.8469384
-0.3292696,51.8469108
-0.32923,51.8468815
-0.3292261,51.8468689
-0.3293074,51.846594
-0.3292954,51.846565
-0.3292785,51.8465522
-0.3292296,51.8465398
-0.3291786,51.8465445
-0.3284781,51.846682
-0.3277183,51.8468133
-0.3251933,51.8456884
-0.3236389,51.8450108
-0.3232559,51.8448489
-0.3232975,51.84447
-0.3233063,51.8442741
-0.3233135,51.8436097
-0.3233404,51.8434734
-0.3233778,51.8431287
-0.323366,51.843097
-0.3233211,51.843055
-0.3230993,51.8428109
-0.3230455,51.8427346
-0.3230049,51.8426558
-0.3229654,51.8425482
-0.3226955,51.8410985
-0.3225207,51.8402157
-0.3223515,51.8391459
-0.3223213,51.8390601
-0.3222589,51.8389818
-0.3221698,51.8389167
-0.32208,51.8388741
-0.3214304,51.8384647
-0.3207486,51.838062
-0.3204621,51.8378826
-0.3201131,51.8374307
-0.319823,51.8370363
-0.3194909,51.8366377
-0.3194809,51.8366349
-0.3193505,51.8366285
-0.3191411,51.8366399
-0.3190396,51.8366367
-0.3181926,51.8365409
-0.3177128,51.8365242
-0.3172595,51.8364961
-0.3169174,51.8364454
-0.3164115,51.8363887
-0.315725,51.8363474
-0.3155155,51.8363228
-0.3153668,51.8363009
-0.3133428,51.8359302
-0.3127547,51.8358201
-0.3116728,51.8356032
-0.3107377,51.8354567
-0.3102134,51.8353898
-0.3099647,51.8353629
-0.3097247,51.8353378
-0.3094266,51.8353147
-0.308981,51.8352381
-0.3086776,51.8351618
-0.3085912,51.8351426
-0.3084137,51.8351158
-0.3073924,51.8350624
-0.3071937,51.8350595
-0.3065617,51.8350747
-0.3056702,51.8350853
-0.3050913,51.8352316
-0.3050002,51.8352635
-0.3048938,51.8353133
-0.3048849,51.8353185
-0.304785,51.8353504
-0.3043693,51.8354442
-0.3040052,51.8355531
-0.3034958,51.8356672
-0.3034447,51.8356745
-0.3032599,51.8356871
-0.3032102,51.8356963
-0.3031021,51.8357919
-0.3029416,51.8358912
-0.3028842,51.8359146
-0.3028065,51.8359342
-0.3027278,51.8359438
-0.3026479,51.8359445
-0.3025625,51.8359378
-0.3024315,51.8359099
-0.3015317,51.8358285
-0.3010552,51.8357254
-0.300939,51.8356887
-0.300594,51.8355614
-0.3004177,51.8354627
-0.3003085,51.8353945
-0.3002592,51.8353543
-0.299978,51.8350751
-0.2999426,51.8350512
-0.2998673,51.8350096
-0.2997945,51.8349771
-0.2997257,51.8349545
-0.2995861,51.8349228
-0.2985184,51.8348292
-0.2984311,51.8351444
-0.2983635,51.8353197
-0.2967509,51.8350131
-0.2959026,51.8348389
-0.2963526,51.8343383
-0.2961691,51.834315
-0.2955825,51.8343209
-0.2948539,51.8343598
-0.2943744,51.8344131
-0.2941338,51.8344428
-0.2932779,51.8345833
-0.2920403,51.8348027
-0.2919972,51.835097
-0.29206,51.8353164
-0.2920481,51.8355159
-0.2917879,51.8355274
-0.2909232,51.8356704
-0.2907631,51.8356824
-0.289324,51.8356246
-0.2889195,51.8355729
-0.2879063,51.835461
-0.2878197,51.8354481
-0.2874986,51.8353805
-0.2874177,51.8353703
-0.2868447,51.8353242
-0.2864923,51.8352786
-0.2860685,51.8352023
-0.2856916,51.8351509
-0.2850293,51.83501
-0.284565,51.8349286
-0.2844055,51.8349236
-0.2839887,51.8349301
-0.2835032,51.8349122
-0.2829241,51.8349505
-0.2826588,51.8349403
-0.2820788,51.8348869
-0.2818213,51.8348265
-0.2817188,51.8348124
-0.2808132,51.8347713
-0.2807654,51.8347319
-0.280151,51.8347059
-0.280006,51.8347397
-0.2799315,51.8347512
-0.27985,51.8347572
-0.279747,51.8347566
-0.2796183,51.8347439
-0.2793888,51.83471
-0.2793396,51.8347075
-0.2791828,51.8347088
-0.2788624,51.8347356
-0.2787764,51.8347451
-0.2778581,51.8348854
-0.277396,51.8349398
-0.2771522,51.8349371
-0.2769282,51.8349491
-0.2768946,51.8349549
-0.2767977,51.8349841
-0.2765907,51.8350836
-0.2764906,51.8350839
-0.2762946,51.8350855
-0.2756467,51.8350985
-0.2753324,51.8351191
-0.2748818,51.8351736
-0.274881,51.8352347
-0.2743337,51.8352735
-0.2742946,51.8352351
-0.2735636,51.8353332
-0.2735455,51.835315
-0.27353,51.8353021
-0.2734468,51.8352757
-0.2727098,51.8351166
-0.2718346,51.8350767
-0.2713821,51.8350683
-0.2710784,51.8350404
-0.270589,51.835009
-0.2702441,51.8349949
-0.2696783,51.8349488
-0.2693836,51.8349139
-0.2692076,51.8348861
-0.2687943,51.8348009
-0.2684734,51.8347279
-0.2680301,51.8346692
-0.2676003,51.8345972
-0.2671941,51.8345535
-0.2669236,51.8345297
-0.2666108,51.8345125
-0.2664482,51.834475
-0.2662893,51.8344169
-0.2660592,51.8343254
-0.2660122,51.8343004
-0.2655227,51.8340469
-0.2653044,51.8339492
-0.2652047,51.8338983
-0.2651225,51.8338467
-0.2650069,51.8337587
-0.2645184,51.8332893
-0.2642009,51.8330535
-0.2640884,51.832961
-0.264009,51.8328745
-0.2638582,51.8326061
-0.2636933,51.8324022
-0.2636139,51.8322787
-0.2634641,51.8320239
-0.2632083,51.8315417
-0.2630295,51.8311713
-0.2628061,51.8307921
-0.2626446,51.8304643
-0.2624599,51.8301711
-0.2623125,51.8300035
-0.2622345,51.8298818
-0.262213,51.8298365
-0.2621625,51.8296793
-0.2620947,51.8295183
-0.2620739,51.8294173
-0.2620546,51.8292398
-0.2620351,51.8291811
-0.2619702,51.8290578
-0.2619097,51.8289706
-0.2617698,51.8286448
-0.2617126,51.8285478
-0.2616268,51.8284404
-0.2615972,51.8284166
-0.2614226,51.828316
-0.2613578,51.8283025
-0.2612834,51.8282744
-0.2612681,51.828258
-0.2612595,51.8282165
-0.2611172,51.8280678
-0.2610458,51.8280002
-0.2608013,51.8277934
-0.2605889,51.8275789
-0.2605241,51.8274539
-0.2604046,51.8273172
-0.2601105,51.8270395
-0.2598035,51.8267589
-0.2597321,51.8267669
-0.2592264,51.82637
-0.2590287,51.8261918
-0.258974,51.8261433
-0.2583981,51.8256096
-0.2581734,51.8253419
-0.2580877,51.8252678
-0.2578473,51.8251042
-0.2568064,51.8241402
-0.2568732,51.8241016
-0.2568705,51.8240952
-0.2567898,51.8240419
-0.2567484,51.8240242
-0.256668,51.8240041
-0.2564439,51.823981
-0.2564741,51.823914
-0.2564822,51.8238548
-0.256476,51.8237891
-0.2564566,51.8237285
-0.2564197,51.8236686
-0.2563446,51.8235848
-0.2562284,51.8234752
-0.2561187,51.8233854
-0.2560735,51.8233533
-0.2556779,51.8231145
-0.2555849,51.8230421
-0.2555217,51.8229872
-0.2552989,51.8227447
-0.255188,51.8226478
-0.2550833,51.8225797
-0.2548855,51.8224778
-0.2547048,51.8223493
-0.2545167,51.8222583
-0.2543875,51.8222241
-0.2535631,51.8221165
-0.2529896,51.8220118
-0.2527684,51.8219545
-0.2526266,51.8219066
-0.2524442,51.8218211
-0.2523746,51.8217814
-0.2522831,51.8217099
-0.2521379,51.8213733
-0.2520311,51.8212089
-0.2519409,51.8211033
-0.2519204,51.8210319
-0.2519343,51.8209359
-0.2518825,51.8207751
-0.251865,51.8207407
-0.251723,51.8206208
-0.2516661,51.820405
-0.2516132,51.8203107
-0.2515728,51.8202661
-0.2515167,51.8202176
-0.2514503,51.8201698
-0.2513807,51.8201301
-0.2512454,51.8200652
-0.2509499,51.8199394
-0.2504307,51.8197464
-0.2501166,51.8196536
-0.2500077,51.8190918
-0.249801,51.8189242
-0.2496527,51.8188177
-0.2495618,51.8187678
-0.2491476,51.8185988
-0.2490045,51.8185463
-0.2489375,51.8185157
-0.2488514,51.8184533
-0.2487382,51.8183428
-0.2486581,51.8182391
-0.248612,51.8181556
-0.248561,51.818011
-0.2484837,51.817723
-0.2485323,51.8173299
-0.2484389,51.8170821
-0.2482838,51.8168172
-0.2479371,51.8164021
-0.2476178,51.8161069
-0.2475289,51.8160048
-0.2474948,51.8159504
-0.2473902,51.8157294
-0.2473751,51.8157067
-0.2471758,51.815496
-0.2469856,51.8152009
-0.2469459,51.8151401
-0.2468784,51.815158
-0.2466775,51.8149536
-0.2465251,51.8148416
-0.2463671,51.8147268
-0.245895,51.8144051
-0.245546,51.8141283
-0.2453395,51.8140272
-0.24526,51.8139829
-0.2451991,51.8139442
-0.2449952,51.8137784
-0.2448939,51.8137337
-0.244328,51.8135517
-0.2441467,51.8134753
-0.2439851,51.8133767
-0.2438933,51.8133141
-0.243795,51.8132308
-0.2435625,51.8129783
-0.2434022,51.8127736
-0.2432847,51.8125866
-0.2432413,51.8124717
-0.2432202,51.8123419
-0.2432258,51.8121613
-0.2432466,51.8120366
-0.2435002,51.8108121
-0.2435507,51.8101474
-0.2435756,51.8099923
-0.2436802,51.8096162
-0.2437506,51.8094086
-0.2438256,51.8092335
-0.2438884,51.8091094
-0.2439427,51.8090194
-0.2442335,51.8085921
-0.2445642,51.8081439
-0.244704,51.8079814
-0.2448469,51.8078487
-0.2449891,51.8077375
-0.2452174,51.8075718
-0.2455533,51.80729
-0.2456906,51.8071905
-0.2458922,51.8070793
-0.246028,51.8070183
-0.2461989,51.8069517
-0.2462871,51.8069206
-0.246846,51.806759
-0.2471885,51.8066796
-0.248003,51.8065856
-0.2485629,51.8065112
-0.2490416,51.8064356
-0.2492122,51.8063761
-0.2492714,51.8063464
-0.2493591,51.8062902
-0.2506936,51.805615
-0.2509576,51.8055038
-0.2510443,51.8054736
-0.2513319,51.8053889
-0.2514181,51.8053713
-0.2514952,51.805367
-0.2518539,51.8053921
-0.2520763,51.805382
-0.252836,51.8051657
-0.2532591,51.8050255
-0.2536583,51.8048677
-0.2540079,51.8047551
-0.254133,51.8047075
-0.2544015,51.804591
-0.2546915,51.8044434
-0.2555568,51.8039338
-0.2556925,51.803836
-0.2560348,51.8035371
-0.2562424,51.8033802
-0.2563198,51.80333
-0.2564026,51.8032881
-0.2564851,51.8032561
-0.256576,51.8032313
-0.256684,51.8032123
-0.2567771,51.8032046
-0.2573427,51.803169
-0.2575218,51.8031527
-0.2578437,51.8031548
-0.2580397,51.8031478
-0.2585168,51.8031135
-0.259105,51.8030557
-0.2595485,51.8030254
-0.2598414,51.802992
-0.2600295,51.8029642
-0.2603362,51.8029103
-0.261043,51.8028227
-0.2610445,51.8028227
-0.2612406,51.8028148
-0.2613194,51.8028007
-0.2614715,51.8027679
-0.2616841,51.8027099
-0.262678,51.8025106
-0.2629139,51.8024862
-0.2630461,51.8024818
-0.2632705,51.8024915
-0.2634679,51.8024881
-0.263695,51.8024654
-0.2638293,51.802444
-0.2644689,51.8022933
-0.2649682,51.8022072
-0.2652799,51.8021363
-0.2656976,51.8020219
-0.26591,51.8019307
-0.2662135,51.8017706
-0.2663168,51.8017226
-0.266427,51.8016856
-0.2665502,51.8016506
-0.2668824,51.8015718
-0.2673028,51.8014638
-0.2675821,51.8013672
-0.268087,51.8011723
-0.2683707,51.8010363
-0.2685314,51.8009685
-0.2686515,51.8009379
-0.269159,51.8008653
-0.2692608,51.8008596
-0.2693877,51.8008399
-0.2694639,51.8008195
-0.2695491,51.8007901
-0.2696407,51.8007465
-0.2697699,51.8006693
-0.269817,51.8006502
-0.2700055,51.8006143
-0.2704663,51.8005869
-0.270676,51.8005639
-0.2714038,51.80042
-0.2716893,51.8003495
-0.2719448,51.8003056
-0.2726115,51.8002408
-0.2728971,51.8002063
-0.2733405,51.8001409
-0.2739605,51.8000835
-0.2741611,51.8000343
-0.274286,51.7999902
-0.2745292,51.7998895
-0.2746906,51.7998397
-0.274793,51.7998169
-0.2748892,51.7998031
-0.275007,51.7997958
-0.2752525,51.7997841
-0.2753184,51.799768
-0.2753674,51.799739
-0.2754464,51.7996458
-0.2759823,51.7989397
-0.2762524,51.798628
-0.276293,51.7985513
-0.2763442,51.7985026
-0.2765199,51.7984206
-0.276563,51.7983934
-0.2766144,51.7983384
-0.2767332,51.7981522
-0.2773555,51.7979572
-0.2774292,51.7979268
-0.2774914,51.7978909
-0.2775289,51.7978581
-0.2775417,51.7978269
-0.2775381,51.7978079
-0.2771268,51.7975645
-0.2770944,51.7975388
-0.2770695,51.797507
-0.2770354,51.7973752
-0.2770192,51.7973444
-0.2769523,51.7972724
-0.2768936,51.797178
-0.276887,51.7971599
-0.2768831,51.7970709
-0.2768696,51.7970068
-0.2768393,51.7969264
-0.2767389,51.7967468
-0.2766348,51.7967759
-0.2765848,51.7966807
-0.2765353,51.7966099
-0.2764376,51.7965086
-0.2763407,51.7965027
-0.2762801,51.7964937
-0.2762213,51.7964776
-0.2761356,51.7964422
-0.2760488,51.7963986
-0.275995,51.7963655
-0.2759473,51.7963234
-0.2759042,51.7962724
-0.2758645,51.7962125
-0.2757974,51.7960712
-0.2754508,51.7954628
-0.2753255,51.7951732
-0.2753117,51.7951559
-0.2752329,51.7950927
-0.2751646,51.7950189
-0.2751119,51.7949561
-0.2750333,51.7948497
-0.2749134,51.794723
-0.2746285,51.7944769
-0.2744427,51.7942907
-0.2740449,51.7939234
-0.2738928,51.7938052
-0.2732121,51.7933645
-0.2730286,51.7932332
-0.2728952,51.7931206
-0.2728588,51.7930841
-0.2727949,51.7930113
-0.2726596,51.7928339
-0.2723593,51.7925723
-0.2722237,51.7924777
-0.2718642,51.7922467
-0.2718263,51.7922138
-0.2717652,51.7921437
-0.2717292,51.7920595
-0.2717014,51.7920294
-0.2715444,51.7919255
-0.2716494,51.791758
-0.2716711,51.7916091
-0.2716696,51.7915335
-0.2716381,51.7914863
-0.271303,51.7912242
-0.2712752,51.7911923
-0.2712511,51.7911389
-0.271244,51.7910228
-0.2713917,51.7908748
-0.2714164,51.7908365
-0.2714722,51.7907034
-0.271613,51.7905103
-0.2716474,51.7904443
-0.2717177,51.7902376
-0.2717189,51.7901684
-0.2717458,51.7900716
-0.271804,51.7899898
-0.2718882,51.7899119
-0.2719174,51.7898692
-0.271991,51.7896877
-0.2720304,51.7895291
-0.2720701,51.789438
-0.2723069,51.7891627
-0.2723514,51.7890986
-0.2723766,51.7890459
-0.2723854,51.7890038
-0.2723827,51.7889624
-0.2723449,51.7888513
-0.27235,51.7887938
-0.2725289,51.7881697
-0.2725735,51.7880651
-0.2726211,51.7879957
-0.2729865,51.7875793
-0.2730843,51.7876005
-0.2733318,51.7873083
-0.2737599,51.7868794
-0.273686,51.7868406
-0.2738245,51.7866313
-0.2739216,51.7866309
-0.2739467,51.7865827
-0.2739794,51.7864834
-0.2739901,51.7864332
-0.2740113,51.7861817
-0.2739888,51.7860115
-0.2739331,51.7857984
-0.273933,51.7855727
-0.2740227,51.785235
-0.2740472,51.7850511
-0.2740384,51.7849781
-0.2739773,51.7848297
-0.2739598,51.7847566
-0.2739605,51.7847009
-0.2739707,51.7846624
-0.2740463,51.7845052
-0.2740606,51.7844344
-0.2740353,51.7842974
-0.2739802,51.7841851
-0.2739229,51.7840143
-0.2738789,51.7837618
-0.2738814,51.7834687
-0.2738892,51.7833789
-0.2739307,51.7832779
-0.2739672,51.7831957
-0.2740568,51.7830514
-0.2740854,51.7829853
-0.2741141,51.7828023
-0.2741312,51.7827728
-0.2742109,51.7826994
-0.2742352,51.7826701
-0.2742644,51.78255
-0.2743164,51.7824033
-0.2743303,51.7823801
-0.2744415,51.7822406
-0.2745138,51.782131
-0.2745742,51.7820285
-0.2746182,51.7819015
-0.2746536,51.7818471
-0.274864,51.7816155
-0.2749721,51.7814409
-0.2750241,51.7813715
-0.2750815,51.7813103
-0.275301,51.7811058
-0.2753419,51.7810596
-0.2754927,51.7808667
-0.2756083,51.7806481
-0.2759697,51.7802569
-0.2762509,51.7798779
-0.2763603,51.7797474
-0.276628,51.7795319
-0.2766759,51.7794912
-0.2767168,51.779446
-0.2768094,51.7792972
-0.2768282,51.779185
-0.2768779,51.7789825
-0.2769147,51.7788932
-0.2771079,51.7785021
-0.2772017,51.7783614
-0.2772363,51.7783287
-0.2773821,51.7782292
-0.2774423,51.7781725
-0.2774805,51.7781209
-0.2775041,51.77807
-0.2775147,51.7780207
-0.277515,51.7779758
-0.2775018,51.7779019
-0.2774555,51.7777492
-0.2773166,51.7774361
-0.2772684,51.7772573
-0.2772473,51.777088
-0.2772444,51.7768973
-0.2773031,51.7768388
-0.2773228,51.776742
-0.277372,51.776401
-0.2773753,51.7762392
-0.2773423,51.7760391
-0.2771881,51.7757482
-0.2770994,51.7755293
-0.2770308,51.775388
-0.2769111,51.7748782
-0.2767689,51.7746909
-0.2765911,51.7744113
-0.276159,51.7738825
-0.276103,51.7737945
-0.2759686,51.7735174
-0.2758617,51.7733557
-0.2757899,51.7732612
-0.2755351,51.7729499
-0.275484,51.7728449
-0.275491,51.7726615
-0.2755371,51.7724032
-0.2755714,51.7723768
-0.2757838,51.7722414
-0.2743325,51.7712669
-0.2732679,51.7706021
-0.2727029,51.7700246
-0.2718427,51.7690588
-0.2711593,51.7691162
-0.2705032,51.769218
-0.2702899,51.7692626
-0.2699794,51.7693866
-0.2688177,51.7697462
-0.2676721,51.7687025
-0.2669884,51.7679748
-0.2669502,51.7679887
-0.2655597,51.7666436
-0.2650774,51.7661455
-0.2650946,51.7661125
-0.2637568,51.7648312
-0.2625453,51.7637378
-0.2624363,51.7636319
-0.2625523,51.7635545
-0.2626503,51.763493
-0.2626555,51.7634715
-0.2626534,51.7634499
-0.2625612,51.7633235
-0.2623168,51.7631212
-0.2614367,51.762378
-0.260925,51.7619694
-0.2600574,51.7613532
-0.2592283,51.760796
-0.2590808,51.7605241
-0.2586642,51.7602401
-0.2597995,51.759506
-0.2612763,51.7585199
-0.2611294,51.7584206
-0.2608748,51.7582595
-0.260767,51.7581985
-0.2605013,51.7580993
-0.2598486,51.7576643
-0.2598122,51.7576314
-0.2597632,51.7575857
-0.2604199,51.7574641
-0.2600353,51.7569927
-0.2598824,51.7567845
-0.2597717,51.7566498
-0.2595643,51.7564282
-0.2594316,51.7563012
-0.25929,51.7561777
-0.2591143,51.7560358
-0.258927,51.7558963
-0.2586358,51.7557068
-0.2584385,51.7555995
-0.2582308,51.7554993
-0.2572245,51.7550699
-0.2571682,51.7549504
-0.2580024,51.7547334
-0.2580765,51.7546905
-0.257719,51.7544541
-0.257235,51.7540818
-0.2569304,51.7539766
-0.2563066,51.7537713
-0.2557467,51.7534501
-0.2564714,51.752879
-0.25672,51.752631
-0.256812,51.752537
-0.2571413,51.752148
-0.257288,51.7519506
-0.2573174,51.7518638
-0.257286,51.7518139
-0.2568573,51.7516232
-0.2567275,51.75157
-0.256582,51.7514734
-0.2564407,51.7511179
-0.2562841,51.7509331
-0.2561988,51.7508536
-0.2559012,51.7506046
-0.255635,51.7504073
-0.2554451,51.7502993
-0.2552095,51.7500575
-0.2551049,51.7499157
-0.2551016,51.7498149
-0.2551904,51.7497263
-0.25551,51.7495548
-0.2556592,51.7495166
-0.2558367,51.7494212
-0.2558918,51.7493465
-0.2558966,51.7492584
-0.2553376,51.7489138
-0.25401,51.7481415
-0.2537566,51.7479893
-0.2531945,51.7477256
-0.2507973,51.7486197
-0.2501739,51.7488928
-0.2498544,51.7490643
-0.2495304,51.7492393
-0.2486136,51.749793
-0.2481682,51.7500741
-0.247724,51.7503589
-0.2456178,51.7517716
-0.2456139,51.7517616
-0.2448177,51.7500259
-0.2442964,51.7490102
-0.243789,51.7478992
-0.2431503,51.7466632
-0.2427149,51.7456774
-0.2424052,51.7449984
-0.2424039,51.7449948
-0.2425821,51.7447313
-0.2426311,51.7445899
-0.2425937,51.7444329
-0.2420215,51.7432014
-0.2416037,51.7423967
-0.242559,51.7421178
-0.2440741,51.7416297
-0.2448121,51.7411624
-0.2448683,51.7411344
-0.2449162,51.7397477
-0.2455326,51.7396508
-0.2459505,51.7389583
-0.2464798,51.7381561
-0.2465114,51.73734
-0.2464943,51.7369954
-0.2463866,51.7365981
-0.246248,51.7360628
-0.2460917,51.7350498
-0.2460263,51.734458
-0.2459909,51.7343235
-0.2454916,51.7334169
-0.2444573,51.7320067
-0.2444503,51.731887
-0.2468744,51.7314763
-0.2483298,51.7324116
-0.2487466,51.7322695
-0.2492329,51.7325393
-0.2496848,51.7323878
-0.249812,51.7323942
-0.2498638,51.732403
-0.2503884,51.7325421
-0.2505491,51.7325067
-0.2497382,51.7316413
-0.2491733,51.7310088
-0.2494746,51.7308937
-0.2498163,51.73112
-0.2500886,51.7309317
-0.2515891,51.7306986
-0.2523952,51.7305604
-0.2530222,51.7303737
-0.2543825,51.7299848
-0.2551587,51.7295324
-0.2557092,51.7302788
-0.2562971,51.7307686
-0.2562985,51.7307686
-0.2571649,51.7314729
-0.2581567,51.7323059
-0.2588086,51.7327886
-0.2597499,51.7335821
-0.2601605,51.7339767
-0.2604177,51.7342934
-0.2605347,51.7344525
-0.2611399,51.7353238
-0.2620906,51.7366273
-0.2623375,51.7368378
-0.2626142,51.7370226
-0.263009,51.7372281
-0.2635497,51.7375544
-0.2638079,51.7377722
-0.2641195,51.7379162
-0.2642565,51.7379713
-0.2644593,51.7380453
-0.2646231,51.7380801
-0.2646922,51.7380901
-0.2653708,51.738146
-0.2661509,51.738198
-0.2664345,51.7381671
-0.2674455,51.7379761
-0.2679674,51.7378498
-0.270198,51.7371606
-0.2704391,51.7370679
-0.27061,51.7369913
-0.2709615,51.736813
-0.2711052,51.7367279
-0.2713252,51.7365801
-0.2714505,51.7364848
-0.2716885,51.7362824
-0.271819,51.7361647
-0.2722174,51.7357812
-0.2725898,51.7356239
-0.2732597,51.7354144
-0.273783,51.7352872
-0.2741708,51.7352183
-0.27444,51.7351844
-0.2747101,51.7352415
-0.2748916,51.7352693
-0.2751008,51.7352904
-0.2753,51.7353059
-0.2754735,51.7353147
-0.2756471,51.7353182
-0.2757935,51.7353149
-0.275949,51.7353019
-0.276141,51.7352795
-0.2763944,51.7352419
-0.2771778,51.7350933
-0.2777111,51.734969
-0.2780629,51.7348959
-0.2786728,51.734814
-0.2794042,51.7346988
-0.2799367,51.7345969
-0.2803425,51.734512
-0.2820337,51.7339865
-0.28265,51.7338102
-0.2832559,51.7335682
-0.2834605,51.7334804
-0.2836964,51.7333696
-0.2840169,51.7332052
-0.2841668,51.7331094
-0.2843189,51.732993
-0.284775,51.7324196
-0.2849945,51.7321306
-0.2851592,51.7318731
-0.2852059,51.7317884
-0.2852087,51.7316751
-0.2853211,51.7316507
-0.2853416,51.7316465
-0.2854178,51.7316215
-0.2855047,51.7315832
-0.285767,51.7314261
-0.2859115,51.7313194
-0.2860808,51.7312068
-0.2866558,51.7308204
-0.2870533,51.7304575
-0.2872067,51.7302691
-0.2874712,51.7301282
-0.2879553,51.7296173
-0.2881641,51.7294198
-0.2885139,51.7292064
-0.2888582,51.7290235
-0.2889506,51.7289538
-0.289115,51.7288186
-0.2891871,51.7287495
-0.289277,51.7285926
-0.2895541,51.7280023
-0.2892477,51.7277577
-0.2886843,51.7274923
-0.2881441,51.7271509
-0.2877828,51.7269397
-0.2870828,51.7264583
-0.2863076,51.7258616
-0.2855297,51.7252963
-0.284846,51.7248458
-0.2845133,51.7246449
-0.2842319,51.724505
-0.2839468,51.7243884
-0.2837894,51.7242998
-0.2836955,51.7241806
-0.2836309,51.7240124
-0.2837041,51.7237995
-0.2841323,51.7230055
-0.2842395,51.7228515
-0.2851101,51.722152
-0.2859899,51.7215516
-0.2865555,51.7211813
-0.2863545,51.7209841
-0.2861466,51.7208147
-0.2860064,51.7207695
-0.2839974,51.721063
-0.2832693,51.7214031
-0.2827526,51.7213982
-0.2822952,51.7214347
-0.2821903,51.7214143
-0.2814108,51.7210081
-0.2812942,51.7209525
-0.2810572,51.7208645
-0.2808631,51.7208284
-0.2800624,51.7208706
-0.279848,51.7209106
-0.2794617,51.7210183
-0.2792069,51.7210559
-0.2779076,51.7211502
-0.2772877,51.7212714
-0.2769775,51.7212795
-0.2773747,51.7209247
-0.2777269,51.7205333
-0.2778822,51.7202955
-0.2779721,51.720099
-0.2784755,51.7196532
-0.2786376,51.7195018
-0.2788547,51.7192361
-0.2792626,51.7184076
-0.2795428,51.7177005
-0.2795932,51.7175915
-0.279645,51.7174871
-0.2797982,51.7173032
-0.2803245,51.7167848
-0.2804205,51.7166972
-0.2806377,51.716543
-0.28089,51.7164163
-0.2815685,51.7160459
-0.282058,51.7157356
-0.2825836,51.7154268
-0.2835219,51.7148093
-0.2836287,51.7145492
-0.2837392,51.7143458
-0.2838699,51.7142568
-0.2840668,51.7141815
-0.2846512,51.7140767
-0.2847613,51.7140361
-0.2853139,51.7137402
-0.2859452,51.7133906
-0.2865152,51.7131328
-0.287265,51.7130547
-0.289911,51.7123289
-0.2908354,51.7121499
-0.2912594,51.7120761
-0.2923629,51.7119869
-0.2933402,51.7118653
-0.2940374,51.7117226
-0.294835,51.7114914
-0.2957832,51.7111796
-0.293993,51.7097869
-0.2952458,51.7091495
-0.2960418,51.7089219
-0.2964191,51.7088581
-0.2971536,51.7087626
-0.2975248,51.708706
-0.2986757,51.7084673
-0.2991844,51.7083721
-0.2994667,51.7083331
-0.3008834,51.7082618
-0.3014935,51.7081646
-0.3019996,51.7080613
-0.3018383,51.7071507
-0.3016539,51.7063954
-0.3014813,51.7059029
-0.3013738,51.7056801
-0.3012057,51.7047596
-0.3011411,51.7042434
-0.3009707,51.7037698
-0.3007907,51.7033598
-0.3005517,51.702708
-0.3003261,51.7022012
-0.2997028,51.7008011
-0.2995744,51.7002481
-0.299382,51.6997066
-0.2992917,51.6993744
-0.299291,51.6993546
-0.3010537,51.6985789
-0.3000651,51.6965774
-0.3000441,51.6965195
-0.3002048,51.6965165
-0.3003775,51.6965433
-0.3004389,51.6965657
-0.3004986,51.6965927
-0.3008888,51.6968384
-0.3009985,51.696884
-0.301053,51.6968965
-0.3011048,51.6969036
-0.3011513,51.6968988
-0.3013295,51.6968556
-0.3014928,51.6967842
-0.3016614,51.6967246
-0.3018024,51.6967077
-0.3019942,51.6967249
-0.3024496,51.6968124
-0.3027693,51.6968539
-0.3033555,51.6969649
-0.304454,51.6971911
-0.3055221,51.6974979
-0.3061298,51.6976532
-0.3063508,51.6977032
-0.3067461,51.6977349
-0.3076622,51.6977697
-0.3084584,51.697837
-0.3089207,51.6978589
-0.3092537,51.6978925
-0.3098437,51.6977076
-0.310364,51.6975703
-0.3108793,51.6974096
-0.3113468,51.6972913
-0.3115196,51.6971967
-0.3116167,51.6971154
-0.3117095,51.6970331
-0.3117906,51.6969533
-0.3119294,51.6968006
-0.3122765,51.6965718
-0.3125385,51.6964146
-0.3126875,51.6963376
-0.3133195,51.6961903
-0.3134954,51.6962081
-0.3144055,51.6964405
-0.31529,51.6965881
-0.3159358,51.6966531
-0.3161983,51.6966758
-0.3165108,51.6964833
-0.3177304,51.695785
-0.3181008,51.6955529
-0.3181269,51.6952386
-0.3181928,51.6951388
-0.3183316,51.6950644
-0.3199209,51.6944253
-0.322355,51.6934746
-0.3224139,51.6935267
-0.3226797,51.6941635
-0.3232842,51.6950731
-0.3237407,51.6958368
-0.3239045,51.696063
-0.3242532,51.6965724
-0.3244799,51.696938
-0.32473,51.697375
-0.3249791,51.6981546
-0.3251126,51.6984191
-0.3251866,51.6985289
-0.325299,51.6989747
-0.3254114,51.6994187
-0.3254544,51.6996253
-0.3254959,51.6998327
-0.3256311,51.7007581
-0.3259123,51.701726
-0.3259603,51.7021889
-0.3260352,51.7023563
-0.326763,51.7034583
-0.3271479,51.7033029
-0.3273881,51.7032263
-0.3275553,51.703127
-0.3277478,51.7030461
-0.3280382,51.7029819
-0.3282724,51.7029097
-0.3284449,51.7028241
-0.3286255,51.702752
-0.329005,51.7025866
-0.3290528,51.702545
-0.3290991,51.7023892
-0.3292748,51.702255
-0.3294229,51.7021249
-0.329508,51.7021315
-0.3300224,51.7023106
-0.3301025,51.7022964
-0.3305114,51.702117
-0.3306917,51.7020953
-0.3308761,51.7020772
-0.3313752,51.7020834
-0.3318728,51.7020896
-0.3321787,51.7021137
-0.3323753,51.702041
-0.3324326,51.7019375
-0.3326473,51.7018065
-0.3328648,51.7016765
-0.3330221,51.70165
-0.3330511,51.7014499
-0.3334124,51.701384
-0.3334592,51.7012147
-0.3335401,51.7010594
-0.3335253,51.7009513
-0.3334436,51.7007721
-0.3334407,51.7006929
-0.3334728,51.7006466
-0.333758,51.7004861
-0.33379,51.7004425
-0.3338133,51.7003996
-0.3338382,51.700311
-0.3339922,51.6999022
-0.3338957,51.69981
-0.333832,51.6997318
-0.3337952,51.6996306
-0.3337964,51.6995982
-0.3338019,51.6995659
-0.334048,51.6991702
-0.3340757,51.6990456
-0.3340965,51.6987959
-0.3345478,51.6986027
-0.3347056,51.6985222
-0.3347402,51.6984858
-0.3348209,51.6983772
-0.334931,51.6982169
-0.3350364,51.6981825
-0.3351446,51.6981516
-0.3352448,51.6981432
-0.3353433,51.6981392
-0.3356582,51.6981553
-0.3358396,51.6981399
-0.3359171,51.6981185
-0.3361197,51.6980405
-0.3365106,51.6978383
-0.3366821,51.697776
-0.3368589,51.6977299
-0.3370175,51.6977079
-0.3371519,51.6977116
-0.3374242,51.6977838
-0.3374256,51.6977838
-0.3376757,51.6978314
-0.338306,51.6977297
-0.3386551,51.697758
-0.3392138,51.6975555
-0.3397884,51.6975915
-0.3402324,51.6975582
-0.3406495,51.6975497
-0.3410798,51.6975738
-0.3416229,51.6976399
-0.341973,51.697643
-0.3422174,51.6976078
-0.3424666,51.6977165
-0.3426974,51.6976964
-0.343075,51.6978177
-0.3433148,51.6978283
-0.3433994,51.6978502
-0.3433945,51.697905
-0.3432755,51.6979932
-0.3431604,51.6980959
-0.3431397,51.6981469
-0.3431995,51.6981747
-0.3433176,51.698188
-0.3440027,51.6980907
-0.3440625,51.6978802
-0.3441356,51.6978606
-0.3446152,51.69804
-0.3449727,51.6981583
-0.3453075,51.6983006
-0.3454806,51.6983966
-0.3458673,51.6986241
-0.3460009,51.6987312
-0.3461205,51.698785
-0.346188,51.6987986
-0.3462614,51.6988095
-0.3465622,51.6988137
-0.3470476,51.6985589
-0.3472836,51.698475
-0.347441,51.6984448
-0.3477329,51.6984561
-0.3479771,51.6985063
-0.348068,51.6985535
-0.3482975,51.6986889
-0.3487356,51.6987769
-0.3489261,51.6988317
-0.3491346,51.6989084
-0.3491786,51.6989701
-0.3492953,51.6992244
-0.3493793,51.6993407
-0.3495254,51.699421
-0.3496602,51.6994939
-0.3497724,51.6995135
-0.3499981,51.6995158
-0.3501503,51.699508
-0.3502505,51.6994986
-0.3503701,51.6994724
-0.3504448,51.6994474
-0.3505153,51.6994178
-0.3505641,51.6993897
-0.3506298,51.6993349
-0.3506805,51.6992547
-0.3507626,51.6989852
-0.3507938,51.6989227
-0.3508883,51.6987927
-0.3509617,51.6987227
-0.3510787,51.6986497
-0.3512065,51.6985967
-0.3513293,51.6985624
-0.3517825,51.6984762
-0.351968,51.6984266
-0.3521955,51.6981007
-0.3524134,51.697878
-0.3524504,51.6978543
-0.3524783,51.6978439
-0.3525133,51.6978354
-0.3525612,51.6978325
-0.3526131,51.6978368
-0.3526604,51.6978509
-0.352714,51.6978886
-0.3529337,51.6983331
-0.353355,51.6984083
-0.3534021,51.6984242
-0.3534448,51.6984446
-0.353473,51.6984666
-0.3535035,51.6985012
-0.3535515,51.6985747
-0.3535632,51.6986108
-0.3535537,51.6986736
-0.353362,51.6988913
-0.3533537,51.6989613
-0.3533636,51.6990073
-0.3533797,51.6990435
-0.3534077,51.6990699
-0.3534459,51.6990929
-0.3534901,51.6991098
-0.3535375,51.6991194
-0.3535853,51.6991201
-0.3537395,51.6990971
-0.3538052,51.6990809
-0.353896,51.6990507
-0.3540195,51.6989976
-0.3541303,51.6989353
-0.354194,51.698893
-0.3542768,51.6988043
-0.3543091,51.6987526
-0.3544323,51.6984692
-0.3544698,51.6983511
-0.3544993,51.6982975
-0.3545024,51.6982904
-0.3545389,51.6982432
-0.3546049,51.6981785
-0.354758,51.6980656
-0.3549695,51.6979408
-0.3550776,51.6979118
-0.3551431,51.6979001
-0.3551892,51.6979061
-0.3552233,51.6979246
-0.3553197,51.6980581
-0.3553545,51.6980568
-0.3554304,51.698039
-0.355473,51.6980225
-0.3556371,51.6977649
-0.3557999,51.6975074
-0.3562582,51.6967189
-0.3562503,51.6965362
-0.3565275,51.6961552
-0.3565541,51.6960999
-0.3565022,51.6959742
-0.3561465,51.6956473
-0.3560755,51.6955698
-0.3559796,51.6954615
-0.3559261,51.6953825
-0.3558935,51.6953236
-0.3558901,51.6952975
-0.3558997,51.6952715
-0.3559195,51.6952448
-0.3559477,51.6952237
-0.356008,51.6951966
-0.3564379,51.6951136
-0.3565274,51.6950789
-0.3565661,51.6950507
-0.3565903,51.6950195
-0.3566022,51.694972
-0.3565909,51.6949233
-0.3565721,51.6948448
-0.3565451,51.6947914
-0.3565035,51.6947405
-0.3564528,51.6947011
-0.3563647,51.6946585
-0.3561238,51.6945985
-0.3560697,51.6945716
-0.3560317,51.6945441
-0.3560009,51.694514
-0.3559777,51.6944768
-0.3559633,51.6944335
-0.3559619,51.694393
-0.3559725,51.6943392
-0.3560128,51.6942265
-0.356099,51.6941234
-0.3561449,51.6940557
-0.3561749,51.693985
-0.3561953,51.6939017
-0.3562031,51.6937651
-0.3561652,51.6934148
-0.3560458,51.6929959
-0.3559789,51.6928862
-0.3558116,51.6926716
-0.3557625,51.692429
-0.3555829,51.6919158
-0.3550613,51.6916567
-0.3549799,51.6915468
-0.3549392,51.691432
-0.354936,51.6912413
-0.3549671,51.6911428
-0.3550527,51.6910559
-0.3553455,51.6909215
-0.3553749,51.6908275
-0.3553206,51.6905714
-0.3554353,51.6905991
-0.355526,51.6908108
-0.3556079,51.6911455
-0.3557539,51.6915477
-0.3557624,51.6915523
-0.3558559,51.6915689
-0.3567649,51.6915169
-0.3582352,51.6914691
-0.3590683,51.6907155
-0.3598977,51.6903063
-0.3612134,51.6896889
-0.3621719,51.6893471
-0.362517,51.6892467
-0.3627259,51.6891498
-0.3627816,51.6891308
-0.3628371,51.6891163
-0.362969,51.6891091
-0.3630809,51.6891332
-0.3635841,51.6892229
-0.3641674,51.6893344
-0.3653592,51.6892629
-0.3667064,51.6891755
-0.366719,51.6891469
-0.3671136,51.6890778
-0.3671301,51.6888595
-0.3680642,51.6886315
-0.368335,51.688504
-0.3693314,51.6880709
-0.3696075,51.6879588
-0.3697497,51.6879059
-0.3700897,51.6878234
-0.371275,51.6876501
-0.371986,51.687552
-0.3736506,51.6887369
-0.3738151,51.6890709
-0.374231,51.689538
-0.3744561,51.6898774
-0.3743324,51.6900996
-0.3743125,51.6902117
-0.3746406,51.6908673
-0.3750822,51.6917051
-0.3751399,51.69183
-0.3751838,51.69214
-0.3753725,51.6924879
-0.3753819,51.6925069
-0.3755817,51.6929071
-0.375967,51.6938269
-0.375884,51.6943257
-0.3758252,51.6948365
-0.3757289,51.6955051
-0.3757467,51.6956133
-0.3758888,51.6960109
-0.3760997,51.6964661
-0.3761616,51.6965137
-0.3762484,51.6965563
-0.3764268,51.696583
-0.3764895,51.6970146
-0.3761736,51.6973097
-0.3762305,51.697823
-0.3761985,51.6981517
-0.3762213,51.698241
-0.3762885,51.6983471
-0.3764749,51.6985152
-0.3766011,51.6987498
-0.3769032,51.699244
-0.3770323,51.6995183
-0.3771876,51.7000312
-0.3771098,51.7002648
-0.3771217,51.7004565
-0.3771297,51.7007596
-0.3772363,51.7016621
-0.3788838,51.7016866
-0.3788297,51.7029169
-0.378596,51.7034199
-0.3785922,51.7037292
-0.3786889,51.70394
-0.378722,51.7040268
-0.3787554,51.7042647
-0.3787621,51.7042791
-0.3808264,51.7051969
-0.3807849,51.7061171
-0.3807644,51.7070151
-0.3833908,51.7075575
-0.3837101,51.7076132
-0.3839349,51.7076415
-0.3847031,51.7077312
-0.3853092,51.7077808
-0.3860822,51.7078589
-0.3870808,51.7079428
-0.3880197,51.7080348
-0.3886636,51.7080814
-0.3894279,51.7081593
-0.3902393,51.7082163
-0.3910313,51.7082478
-0.391643,51.7083038
-0.3921793,51.7083642
-0.3924575,51.708395
-0.3926519,51.7084255
-0.3928461,51.708457
-0.3936979,51.7086413
-0.3941056,51.7086954
-0.3944908,51.7088535
-0.3952754,51.7091367
-0.3956536,51.7092471
-0.3958152,51.7093023
-0.3959866,51.7093667
-0.3961977,51.7094541
-0.3964128,51.7095515
-0.3967415,51.7097124
-0.3971661,51.709943
-0.3973367,51.710029
-0.3976097,51.7101676
-0.3979946,51.7103356
-0.3983533,51.7104645
-0.398911,51.7106178
-0.3991057,51.7107194
-0.3992718,51.7107288
-0.4001416,51.7109376
-0.4005573,51.7110521
-0.4007326,51.7111291
-0.4011316,51.7113081
-0.4015841,51.7116119
-0.4017765,51.7117368
-0.401832,51.7117636
-0.401889,51.7117895
-0.4024572,51.7119717
-0.4030567,51.7122128
-0.4036785,51.7123948
-0.4042832,51.7124857
-0.4050266,51.7125857
-0.4048642,51.7127579
-0.4046271,51.713243
-0.4045148,51.7134744
-0.4059461,51.7138517
-0.4055244,51.7143603
-0.4050386,51.7149615
-0.4048967,51.715251
-0.4048425,51.7153491
-0.404585,51.7156343
-0.4044738,51.7157901
-0.4042957,51.7159972
-0.4042296,51.7161492
-0.4037811,51.7166745
-0.4032888,51.71713
-0.4030738,51.7174382
-0.402935,51.7175568
-0.402776,51.7177156
-0.4025798,51.7180645
-0.402556,51.7181649
-0.4025857,51.7184315
-0.4027232,51.7185979
-0.402889,51.7188627
-0.4029493,51.7191666
-0.4029818,51.7192282
-0.403016,51.7192853
-0.4030895,51.7193771
-0.403293,51.719477
-0.4034773,51.7196296
-0.4033465,51.7197681
-0.4030951,51.7200003
-0.4029017,51.7202279
-0.4028368,51.7203852
-0.4026009,51.7207543
-0.4025754,51.7209032
-0.4025528,51.7211745
-0.4033568,51.7211998
-0.4042699,51.7212535
-0.4053168,51.7212911
-0.4057647,51.7212334
-0.4067622,51.7212766
-0.4076108,51.7213519
-0.4089494,51.7213287
-0.4091607,51.7214943
-0.4093501,51.7217082
-0.4095331,51.7219391
-0.4096089,51.7220893
-0.4096336,51.7222533
-0.4097084,51.7223479
-0.4096424,51.7226608
-0.4095871,51.722794
-0.4095347,51.7228832
-0.4092496,51.7232921
-0.4093553,51.7237054
-0.4088636,51.723812
-0.4088622,51.7238129
-0.4077979,51.7241033
-0.406631,51.7244319
-0.4068203,51.7247707
-0.4071013,51.7250164
-0.40732,51.725219
-0.4075862,51.7256389
-0.4078504,51.7256173
-0.4080386,51.7256199
-0.4082591,51.7256481
-0.4087946,51.725738
-0.408796,51.7257381
-0.4091031,51.725735
-0.409152,51.7257438
-0.4092079,51.7257607
-0.4092606,51.7257839
-0.4092959,51.7258096
-0.4093399,51.7258767
-0.4093502,51.7259128
-0.4093637,51.7260227
-0.4092815,51.7263453
-0.4092726,51.7265565
-0.4093079,51.7271189
-0.4093234,51.7272136
-0.4093642,51.727331
-0.4094102,51.7274225
-0.4095141,51.7278024
-0.4095699,51.7280702
-0.4096408,51.7285244
-0.4098561,51.7289499
-0.409995,51.729574
-0.4101377,51.7299635
-0.4102787,51.730237
-0.4103979,51.7305138
-0.4105239,51.73076
-0.410542,51.7307801
-0.4106372,51.730874
-0.4110706,51.7312323
-0.4116222,51.7317334
-0.4117995,51.7319202
-0.4119101,51.7320691
-0.4128067,51.7320228
-0.4133392,51.7319517
-0.4136175,51.7319447
-0.4140602,51.731957
-0.414357,51.7319592
-0.4147238,51.7319884
-0.41525,51.7320144
-0.4154394,51.7321042
-0.4158666,51.732395
-0.4160069,51.7324814
-0.4161865,51.7326061
-0.4162606,51.7326799
-0.4163007,51.7327353
-0.4163387,51.7328087
-0.4164727,51.7330362
-0.4167143,51.733498
-0.4168444,51.733712
-0.4170955,51.734111
-0.417215,51.734296
-0.4172937,51.7344059
-0.417374,51.7345122
-0.4175464,51.7347177
-0.4178214,51.7349705
-0.4181694,51.7353304
-0.4179803,51.7358943
-0.4179505,51.7360018
-0.4179254,51.73614
-0.417909,51.7362782
-0.4179052,51.736387
-0.417917,51.736754
-0.4179475,51.7368758
-0.4179875,51.7369725
-0.4180338,51.7370568
-0.4180947,51.7371394
-0.4183637,51.7374407
-0.4190668,51.73821
-0.419183,51.7383239
-0.4193168,51.7384327
-0.4198918,51.7388064
-0.4200895,51.7389503
-0.4202332,51.7391078
-0.4206071,51.7394743
-0.4211247,51.7399587
-0.4218733,51.7406278
-0.4221024,51.7408305
-0.4219979,51.7408777
-0.4227228,51.7415231
-0.4229289,51.7417597
-0.4232375,51.7420902
-0.4237433,51.7425799
-0.4237927,51.7426192
-0.4239889,51.7427648
-0.4246147,51.7431797
-0.4252577,51.7435578
-0.4259129,51.7439614
-0.4265792,51.7443362
-0.4260212,51.7446804
-0.425479,51.7450669
-0.4253017,51.7452093
-0.4251666,51.745346
-0.4245896,51.7458184
-0.4240665,51.745699
-0.4236122,51.7460994
-0.4222394,51.7473335
-0.4217895,51.7477735
-0.4216734,51.7479023
-0.4215949,51.7480766
-0.4214251,51.7483782
-0.4213279,51.7484659
-0.4210469,51.7487544
-0.4214138,51.7489931
-0.42184,51.7491913
-0.4219806,51.7492723
-0.4224465,51.749622
-0.4228668,51.7499918
-0.4231428,51.7502617
-0.4236262,51.750564
-0.4237685,51.750681
-0.4240149,51.7509685
-0.4242454,51.7511721
-0.4246171,51.7515637
-0.4247486,51.7517399
-0.424953,51.7520717
-0.4250723,51.7522217
-0.4251839,51.7523455
-0.4252833,51.7524457
-0.4257043,51.7528362
-0.4257246,51.7528797
-0.4257223,51.7529021
-0.4257115,51.7529218
-0.4256772,51.7529492
-0.4251779,51.7531862
-0.4250464,51.7532581
-0.4248791,51.753362
-0.4247573,51.7534485
-0.4246122,51.7535778
-0.4244616,51.7537448
-0.4244129,51.7538107
-0.4243408,51.7539662
-0.424326,51.7540182
-0.4243115,51.7541448
-0.4242953,51.7545267
-0.4242156,51.7547765
-0.4241713,51.7548425
-0.4241145,51.7548912
-0.4239838,51.7549838
-0.4239099,51.7551501
-0.4237654,51.755346
-0.4237118,51.7554711
-0.4236316,51.7558189
-0.4234841,51.7562701
-0.4233459,51.7569094
-0.4231641,51.7581362
-0.4230484,51.758836
-0.4228768,51.7598093
-0.4228418,51.7601496
-0.4228466,51.7603025
-0.4228926,51.7605208
-0.4229557,51.7607491
-0.4233002,51.7618822
-0.4233768,51.7622204
-0.4233796,51.7624722
-0.4233547,51.7626481
-0.4232768,51.7640102
-0.4232936,51.764568
-0.4233102,51.7648397
-0.4233059,51.7648801
-0.4232136,51.7651577
-0.42294,51.7657322
-0.4228544,51.7659828
-0.4237588,51.7661469
-0.4239505,51.7661773
-0.4243619,51.7662242
-0.4254893,51.7663085
-0.4257546,51.7663481
-0.4259128,51.7663835
-0.4265092,51.7665704
-0.4267352,51.7666552
-0.4271364,51.7668692
-0.4278236,51.767114
-0.4285316,51.7673833
-0.4294004,51.7677375
-0.4297615,51.7678979
-0.4293727,51.7684529
-0.4292161,51.7687044
-0.4288085,51.76951
-0.4284659,51.7702338
-0.4301033,51.7702035
-0.4300814,51.7703336
-0.4300855,51.7704217
-0.4301129,51.7705111
-0.430148,51.7705862
-0.4301825,51.7706361
-0.430273,51.7707417
-0.4305175,51.7710057
-0.4306115,51.7711355
-0.4306318,51.7711772
-0.430642,51.7712169
-0.4306481,51.7713356
-0.4306716,51.7714501
-0.43074,51.7716534
-0.4308451,51.7718814
-0.4308488,51.7719012
-0.4308488,51.7719426
-0.4308286,51.7720232
-0.4307688,51.7724936
-0.4307042,51.7728938
-0.4307114,51.7731034
-0.4307302,51.7732727
-0.430762,51.7734412
-0.4308142,51.7736487
-0.430978,51.7742354
-0.4310799,51.7745578
-0.4312912,51.7756108
-0.4314196,51.7762564
-0.4314811,51.7766555
-0.431093,51.7769381
-0.4309482,51.7770998
-0.4307846,51.7772613
-0.4305831,51.7774303
-0.4305637,51.7774436
-0.4303474,51.7775378
-0.4306635,51.7777848
-0.4311886,51.7781928
-0.4318199,51.7786733
-0.4321484,51.7789421
-0.4324374,51.7792184
-0.4329313,51.7796062
-0.4329823,51.7796401
-0.4330421,51.7796715
-0.4332837,51.7797709
-0.4346481,51.7801821
-0.4350946,51.7805171
-0.4359381,51.7812351
-0.4360329,51.7813443
-0.4360824,51.7814213
-0.436221,51.7816893
-0.4363358,51.7819345
-0.4364175,51.7820453
-0.4365031,51.7821247
-0.43674,51.7822762
-0.4369191,51.7823784
-0.4371642,51.7825435
-0.4374482,51.7827577
-0.4376243,51.7829075
-0.4380606,51.7832865
-0.4386076,51.7838189
-0.4388258,51.7840088
-0.4390745,51.7841946
-0.4391435,51.784254
-0.4392518,51.7843516
-0.439414,51.7845228
-0.4395181,51.7846573
-0.439703,51.7849295
-0.4398203,51.7851864
-0.4400362,51.785736
-0.4401266,51.7859314
-0.4405898,51.7868349
-0.4406074,51.7868711
