-1.6144996,52.4279382
-1.6143527,52.4282901
-1.6120331,52.4312174
-1.611823,52.4314437
-1.611404,52.432084
-1.6111302,52.4320244
-1.610012,52.4315907
-1.6090739,52.4313291
-1.6084464,52.4311894
-1.6081209,52.4310803
-1.6079908,52.4310627
-1.6079675,52.4311913
-1.6075713,52.4311102
-1.6071621,52.4310289
-1.6065635,52.430969
-1.606585,52.4314938
-1.6064221,52.4323523
-1.6063745,52.432543
-1.6063607,52.432629
-1.6063117,52.432889
-1.607431,52.4330681
-1.60884,52.4334174
-1.6096623,52.4335847
-1.609831,52.4335891
-1.6097417,52.4338202
-1.6096711,52.4338721
-1.6096711,52.4340789
-1.6097592,52.4345506
-1.6097462,52.4348827
-1.6092795,52.4352012
-1.6091163,52.4352848
-1.6090804,52.4353365
-1.609051,52.4353803
-1.6089707,52.4356031
-1.6089499,52.4358259
-1.6089923,52.4359752
-1.6091914,52.4360468
-1.6092305,52.4360747
-1.6093055,52.4360707
-1.6093709,52.4362
-1.609397,52.4362955
-1.6095438,52.436399
-1.609583,52.4365442
-1.6095335,52.4368366
-1.6094427,52.4372048
-1.6093839,52.4372724
-1.6095694,52.4378979
-1.6056763,52.4400571
-1.6035485,52.4398339
-1.601312,52.4398385
-1.6005364,52.4397191
-1.5999717,52.4396916
-1.5997232,52.4395125
-1.5990869,52.4394022
-1.5989984,52.4394871
-1.5988534,52.4394446
-1.5987123,52.4393115
-1.5984638,52.4390074
-1.598396,52.4390005
-1.5981946,52.4390131
-1.5980382,52.4390392
-1.5977243,52.4389413
-1.5977291,52.4389221
-1.597777,52.4388449
-1.5977709,52.4388192
-1.597725,52.4387981
-1.5975612,52.4387614
-1.597408,52.4387141
-1.5973071,52.4387005
-1.5971941,52.438704
-1.5969863,52.4386877
-1.5969438,52.4386627
-1.5969223,52.4386016
-1.5968741,52.4385433
-1.5968018,52.4385075
-1.5968282,52.438395
-1.5966927,52.4384627
-1.5966324,52.4385626
-1.5966087,52.4385754
-1.5965119,52.4385993
-1.5964562,52.4386271
-1.5964374,52.4386615
-1.5964389,52.4386799
-1.5966117,52.4387393
-1.5964743,52.4388897
-1.5963846,52.4388314
-1.5963244,52.4388073
-1.5962792,52.4388073
-1.5962491,52.4388142
-1.5962209,52.4388256
-1.5962039,52.4388474
-1.596202,52.4388589
-1.5962872,52.4388958
-1.5961967,52.4390743
-1.5962206,52.4391993
-1.5961621,52.4392999
-1.5961141,52.439334
-1.5960156,52.4393405
-1.5958719,52.4396683
-1.5957467,52.4397073
-1.5956562,52.4396943
-1.5955737,52.4396618
-1.5955258,52.4396245
-1.5953394,52.4397884
-1.5952116,52.4399361
-1.5951557,52.4401114
-1.5952675,52.4401487
-1.5951264,52.4403142
-1.5949161,52.4406632
-1.5949587,52.4407508
-1.5948016,52.4411192
-1.5947617,52.441288
-1.5943783,52.4419258
-1.5942212,52.4419696
-1.5940988,52.4421659
-1.5940402,52.4422909
-1.5940402,52.4423493
-1.5939523,52.4425911
-1.5940562,52.4426317
-1.5940881,52.4426836
-1.5941041,52.442742
-1.5940615,52.4428767
-1.5940562,52.4429644
-1.5940162,52.4430228
-1.5939337,52.4430569
-1.5938751,52.4431056
-1.5938645,52.4431413
-1.5938725,52.443224
-1.5938455,52.443309
-1.5938086,52.4434252
-1.5937473,52.4434983
-1.5936994,52.4436378
-1.5936169,52.4437303
-1.5935157,52.4439251
-1.5934587,52.4443122
-1.5933693,52.4443194
-1.5932761,52.4445141
-1.5929342,52.4449597
-1.5928384,52.4453329
-1.5928757,52.4454043
-1.5927692,52.4454887
-1.5930108,52.4459761
-1.593007,52.4461206
-1.5930296,52.4462078
-1.5929995,52.4463226
-1.592992,52.4464304
-1.5930296,52.4465658
-1.5930221,52.4466966
-1.5931539,52.4467701
-1.5932743,52.4469353
-1.5934249,52.4473048
-1.5934287,52.4474562
-1.5934889,52.4478234
-1.5936659,52.4485439
-1.5938504,52.4486518
-1.5939935,52.4486908
-1.5941855,52.4487918
-1.5942307,52.4489294
-1.5942947,52.4490465
-1.5944829,52.4492668
-1.5946636,52.449432
-1.5947126,52.4495857
-1.5947615,52.4496729
-1.594882,52.4498037
-1.5951644,52.4500286
-1.595266,52.4500319
-1.5953184,52.4501807
-1.595361,52.4506577
-1.5953876,52.4507291
-1.5953343,52.4507875
-1.5953823,52.4508654
-1.59551,52.4508491
-1.5957539,52.4511464
-1.5959833,52.4514744
-1.5943951,52.4519367
-1.5941453,52.4519616
-1.5938492,52.4520501
-1.5947484,52.4530347
-1.5935618,52.4534925
-1.5938136,52.4538064
-1.5942119,52.4543029
-1.5948926,52.4551514
-1.5954962,52.4559038
-1.5954441,52.4559369
-1.5953917,52.4559432
-1.5952056,52.4559668
-1.5946422,52.4559718
-1.5948545,52.4562554
-1.5953184,52.4564663
-1.5954446,52.4564958
-1.5956552,52.4565771
-1.5958507,52.456957
-1.5957561,52.4574846
-1.5957455,52.457575
-1.5958191,52.4575916
-1.5961864,52.4581404
-1.5963252,52.4583394
-1.596534,52.4584242
-1.596482,52.4584805
-1.5964359,52.4585087
-1.596381,52.4585386
-1.5960082,52.459053
-1.5959244,52.4591686
-1.5957897,52.459337
-1.5956553,52.4595365
-1.5955365,52.4597127
-1.5951862,52.4602128
-1.5950685,52.4603753
-1.5948168,52.4607034
-1.5944341,52.4610563
-1.5943604,52.4610385
-1.5941734,52.4612939
-1.5940941,52.4613828
-1.5940022,52.4614424
-1.5930535,52.4615557
-1.5929654,52.4615231
-1.5916912,52.4614433
-1.5916277,52.4614329
-1.591211,52.4613784
-1.5911473,52.4613384
-1.5910919,52.4613043
-1.5909434,52.4612293
-1.590743,52.4611627
-1.5905974,52.4611327
-1.5899891,52.4610835
-1.5899586,52.4617765
-1.5898708,52.4618958
-1.5875796,52.4609197
-1.5866197,52.4605178
-1.585881,52.460195
-1.585731,52.4601378
-1.5847664,52.4598169
-1.5846345,52.459773
-1.5843051,52.4596759
-1.5837473,52.4595115
-1.5833912,52.4594013
-1.5832703,52.459364
-1.5827079,52.45919
-1.5816553,52.4589027
-1.5811819,52.4587813
-1.5802437,52.4586318
-1.5795797,52.45847
-1.5793125,52.4583632
-1.5789544,52.458234
-1.5787424,52.4580991
-1.5784913,52.4581825
-1.5779443,52.4582889
-1.5776031,52.4583612
-1.577457,52.4583739
-1.5769812,52.4583119
-1.5766576,52.4582241
-1.5761875,52.4581902
-1.5756635,52.4580696
-1.5753957,52.458012
-1.5752025,52.4579928
-1.5749393,52.4579935
-1.5748332,52.4579879
-1.5746557,52.4579693
-1.5740764,52.4578831
-1.5738908,52.4578352
-1.5736357,52.4577426
-1.57361,52.4577315
-1.5735174,52.4576916
-1.5728505,52.4574347
-1.57275,52.4574238
-1.5726499,52.4574038
-1.5725469,52.4573658
-1.5721766,52.4572518
-1.5720499,52.4572056
-1.5718271,52.4571392
-1.5717463,52.4571146
-1.5716525,52.4570891
-1.5707625,52.4569776
-1.5706252,52.4569537
-1.5705048,52.4569189
-1.5703015,52.4568521
-1.5697804,52.4566607
-1.5691785,52.4563797
-1.5691381,52.4563608
-1.5690847,52.4563151
-1.5690428,52.4562992
-1.568975,52.456279
-1.5689115,52.4562746
-1.568656,52.4562042
-1.5683102,52.4560925
-1.567908,52.4561027
-1.5679132,52.4560601
-1.5678134,52.4560597
-1.5673353,52.4560765
-1.5671077,52.4561245
-1.5667852,52.4561331
-1.566615,52.4561515
-1.5665154,52.4561506
-1.5664692,52.4561453
-1.566384,52.456118
-1.5662873,52.4561295
-1.5661877,52.4560881
-1.5661574,52.4560855
-1.5661286,52.4560855
-1.5660607,52.4560925
-1.5659986,52.4560864
-1.5658327,52.4560327
-1.5655728,52.4559817
-1.5655007,52.4559694
-1.5651629,52.4559325
-1.565059,52.4559333
-1.5646534,52.4559738
-1.5644369,52.4559914
-1.563936,52.4560107
-1.5636618,52.4559896
-1.5632013,52.4559764
-1.5632084,52.4559988
-1.5629646,52.4559641
-1.5625864,52.4558225
-1.5623122,52.4557733
-1.5619354,52.455607
-1.5618257,52.4555595
-1.5617334,52.4555305
-1.5615039,52.4553801
-1.5614317,52.4553247
-1.5613826,52.4552992
-1.5611979,52.4552033
-1.5610983,52.4552341
-1.5609669,52.4552948
-1.5603968,52.4556501
-1.5599508,52.4558797
-1.5589187,52.4564664
-1.5585511,52.4566774
-1.5582331,52.4566828
-1.5579501,52.4566851
-1.5577333,52.4566789
-1.5573487,52.4567045
-1.5570849,52.4566755
-1.5567348,52.4566414
-1.5564938,52.4566387
-1.5561555,52.4566569
-1.5560379,52.4566641
-1.5556729,52.4566253
-1.555398,52.4565926
-1.555239,52.4565609
-1.5549422,52.4565062
-1.5546549,52.4564998
-1.554294,52.4564285
-1.5542926,52.4566212
-1.5539924,52.4565657
-1.5541053,52.4568152
-1.553993,52.4568376
-1.5538746,52.4567033
-1.553333,52.4568162
-1.5529645,52.4568675
-1.5526512,52.4569094
-1.5518846,52.4569891
-1.5514217,52.4570227
-1.5508665,52.4577143
-1.5500009,52.4583263
-1.5497805,52.4585004
-1.5496907,52.4586696
-1.5497315,52.4587343
-1.5492008,52.4589979
-1.5492447,52.4591656
-1.5493438,52.4593333
-1.5488781,52.4594368
-1.5484078,52.4594761
-1.5479168,52.4594925
-1.547642,52.4595841
-1.5474617,52.459809
-1.5472368,52.4599442
-1.5469161,52.460179
-1.5464109,52.460549
-1.5455856,52.4612415
-1.5454312,52.4613894
-1.5451761,52.4615417
-1.5446205,52.4618657
-1.5431282,52.4626993
-1.5416339,52.4635898
-1.5412825,52.463986
-1.5405999,52.4643861
-1.5401016,52.4646839
-1.539798,52.4647811
-1.5397646,52.464644
-1.5394282,52.4644113
-1.5389172,52.4640661
-1.5386788,52.463895
-1.5383866,52.4636752
-1.5380944,52.4634205
-1.5378028,52.463138
-1.537358,52.4627491
-1.5370217,52.4624109
-1.5367344,52.4620408
-1.5365564,52.4617305
-1.5362821,52.4612231
-1.5360584,52.4607934
-1.5359344,52.4605338
-1.53571,52.4602074
-1.5353945,52.4598482
-1.535049,52.4594586
-1.5348242,52.4595012
-1.5344633,52.4591967
-1.5341254,52.4589988
-1.5338838,52.4590754
-1.533567,52.4588605
-1.5333577,52.4587621
-1.5325254,52.458374
-1.5322429,52.4582198
-1.5316487,52.4579552
-1.5311213,52.4576985
-1.5308764,52.457608
-1.5304307,52.4573901
-1.5296797,52.4570678
-1.5293597,52.4569673
-1.5289368,52.4568061
-1.5286005,52.4566927
-1.5283883,52.4566499
-1.5277123,52.4565296
-1.526834,52.4564171
-1.5264348,52.4564021
-1.5259361,52.456343
-1.5247724,52.4563261
-1.5237196,52.4563317
-1.5220617,52.4562952
-1.5215907,52.4563092
-1.5211982,52.4563458
-1.5208981,52.4563965
-1.5205332,52.4564837
-1.5202469,52.4565822
-1.5198129,52.4566413
-1.5175732,52.4567651
-1.5181458,52.4560841
-1.5187739,52.4554594
-1.5190694,52.4551358
-1.5192172,52.4547249
-1.5193973,52.4545842
-1.5196235,52.453664
-1.5196836,52.4534699
-1.5196743,52.453319
-1.5195958,52.4533235
-1.519382,52.4532742
-1.5189916,52.4532134
-1.5176954,52.4529814
-1.5168255,52.4527779
-1.5164144,52.4526939
-1.5158196,52.4525693
-1.5131419,52.451956
-1.5129915,52.4519187
-1.5102168,52.4513219
-1.5097174,52.4511899
-1.5080668,52.4508388
-1.5056672,52.4502887
-1.5050535,52.4500756
-1.5039046,52.450501
-1.5035118,52.4505849
-1.5031508,52.4506623
-1.5029744,52.4506881
-1.5028375,52.4507081
-1.5028536,52.4507449
-1.5028904,52.450829
-1.5026965,52.4508437
-1.5026589,52.4508016
-1.5021326,52.4509009
-1.5021263,52.4508437
-1.5014793,52.4509326
-1.500394,52.4510253
-1.5001056,52.4510346
-1.4988664,52.4509806
-1.4981319,52.4511358
-1.4982008,52.4512141
-1.497803,52.4513706
-1.4976839,52.4514336
-1.4975568,52.451555
-1.4972735,52.4516379
-1.4968224,52.4517028
-1.4962146,52.4519568
-1.4958795,52.4522207
-1.495422,52.4520389
-1.4952842,52.4521381
-1.4953781,52.452184
-1.4952058,52.4522794
-1.4950805,52.4522202
-1.4949803,52.4522641
-1.4950085,52.4523386
-1.4947839,52.4524088
-1.4943062,52.4526761
-1.4947995,52.4529672
-1.4938088,52.4535877
-1.4926917,52.4544447
-1.4926458,52.4544377
-1.4926198,52.4545122
-1.4927441,52.4545427
-1.4927961,52.4545953
-1.4927472,52.4546452
-1.4928843,52.4548957
-1.4917291,52.455027
-1.4916622,52.4558617
-1.4917829,52.4559308
-1.4917584,52.4560233
-1.4914892,52.4563574
-1.4913277,52.4564886
-1.4919363,52.4566142
-1.4919347,52.4566169
-1.4917731,52.4568645
-1.491871,52.4572731
-1.4920179,52.4575804
-1.492832,52.4584254
-1.4919983,52.4585706
-1.4914696,52.458511
-1.4915675,52.4583529
-1.4907941,52.458165
-1.4907109,52.4582724
-1.4896927,52.4580218
-1.4895795,52.4581437
-1.4894338,52.4582705
-1.4893176,52.4583563
-1.4891668,52.4584275
-1.4889543,52.4584709
-1.4887579,52.4584951
-1.4885832,52.4585078
-1.488403,52.4585059
-1.4882384,52.4584926
-1.4880938,52.4584665
-1.4871006,52.4582202
-1.4868596,52.458213
-1.4868492,52.457641
-1.4862857,52.4575188
-1.4855023,52.4575405
-1.4849801,52.4574754
-1.4846894,52.4572649
-1.4841778,52.4575629
-1.4833168,52.4580642
-1.4832413,52.4581083
-1.4818142,52.4577581
-1.4808912,52.457508
-1.4792187,52.4571031
-1.4789091,52.4567594
-1.4780307,52.4569619
-1.4773423,52.4569582
-1.4761175,52.456792
-1.4749566,52.4566726
-1.4734908,52.4564267
-1.4728202,52.4563652
-1.4720013,52.4564954
-1.47151,52.4566417
-1.4695531,52.4575483
-1.4693518,52.4574539
-1.4688322,52.4577611
-1.468488,52.4578949
-1.4675148,52.458195
-1.4672512,52.458231
-1.4662151,52.4585096
-1.4657285,52.4585205
-1.4651695,52.458368
-1.4642686,52.4580829
-1.4639244,52.4582999
-1.4624526,52.457866
-1.4621974,52.4579058
-1.4620313,52.4578443
-1.4620139,52.457368
-1.461946,52.457171
-1.4613666,52.4557649
-1.4605892,52.4557902
-1.4603637,52.4552296
-1.4598075,52.4555882
-1.4593548,52.455284
-1.4590592,52.4551714
-1.458796,52.4547398
-1.4595697,52.4544118
-1.4600082,52.4540105
-1.4600504,52.453805
-1.4602612,52.4537878
-1.4604405,52.4536557
-1.4603861,52.4536309
-1.4598239,52.4533748
-1.4595476,52.453249
-1.4595867,52.4531541
-1.4585326,52.4528801
-1.458603,52.4525975
-1.456987,52.4520494
-1.4571641,52.4519544
-1.4565321,52.4517287
-1.4519086,52.4500777
-1.4522092,52.4498741
-1.4521951,52.4496686
-1.4521393,52.4497097
-1.4511791,52.4504177
-1.4461705,52.4475744
-1.4460736,52.4475195
-1.4455022,52.4482409
-1.4436488,52.4474151
-1.4443253,52.4470633
-1.4436882,52.4467711
-1.4443773,52.4463988
-1.4450135,52.4464066
-1.4452111,52.4454119
-1.4464339,52.443072
-1.4466022,52.442592
-1.4428851,52.441303
-1.4398464,52.4401609
-1.4397758,52.4401403
-1.4401672,52.439696
-1.4369343,52.438722
-1.4334813,52.4379566
-1.4316987,52.4375196
-1.431408,52.4369326
-1.429983,52.4367344
-1.4297704,52.4364634
-1.4294917,52.4362258
-1.4289162,52.4358225
-1.4281935,52.4355161
-1.4274444,52.4353083
-1.4269332,52.4352005
-1.4260509,52.4350148
-1.4255524,52.4349045
-1.4253547,52.4348513
-1.4251455,52.4347749
-1.4248685,52.434656
-1.4246109,52.4345112
-1.424407,52.4343518
-1.4241829,52.4340951
-1.4240733,52.4338054
-1.4239574,52.433393
-1.423969,52.4327686
-1.42434,52.4309729
-1.4262109,52.4270996
-1.4264797,52.4270613
-1.4264612,52.4265299
-1.4266029,52.426505
-1.427379,52.4247585
-1.4293631,52.420786
-1.4299424,52.4199125
-1.4309354,52.4181039
-1.4318194,52.4164744
-1.4332118,52.4142753
-1.4352054,52.4121654
-1.436288,52.4114164
-1.4374038,52.4108391
-1.437788,52.4106183
-1.4379364,52.4104907
-1.4380576,52.4103332
-1.4380656,52.4100884
-1.438076,52.4099103
-1.438023,52.409719
-1.4378978,52.4094301
-1.4376103,52.4086087
-1.4373481,52.4080702
-1.4371155,52.4076595
-1.4367661,52.4072694
-1.4365671,52.4070605
-1.4360434,52.4065367
-1.4356054,52.4059484
-1.4353853,52.4056644
-1.4350729,52.4053366
-1.4345443,52.4048089
-1.4324779,52.4025668
-1.431725,52.4014756
-1.4312186,52.4005672
-1.4309394,52.3996229
-1.4309099,52.3991272
-1.4309743,52.3985222
-1.4310507,52.3979715
-1.4311572,52.3974769
-1.4314573,52.3968417
-1.4320136,52.3963031
-1.4321819,52.396269
-1.4322752,52.3957709
-1.4324385,52.3956883
-1.4325365,52.3955147
-1.4325271,52.3952898
-1.4326578,52.3950336
-1.4334042,52.3942935
-1.4343138,52.3934793
-1.4353448,52.3926338
-1.4367676,52.391589
-1.437374,52.3912531
-1.4387882,52.3902992
-1.4400706,52.3895746
-1.441072,52.388871
-1.4412739,52.3887291
-1.4429304,52.3878215
-1.4429759,52.3877966
-1.4450816,52.3865018
-1.4448996,52.3864245
-1.4449863,52.386361
-1.4452954,52.3861346
-1.4455645,52.3862119
-1.4459762,52.3858785
-1.4463562,52.3856176
-1.4469443,52.3853096
-1.4486259,52.3846027
-1.4495163,52.3842175
-1.450085,52.3840327
-1.4509194,52.3837467
-1.4521818,52.3833954
-1.4528838,52.3832156
-1.4540608,52.3829076
-1.4551169,52.3826754
-1.4562825,52.3824271
-1.4579886,52.3819338
-1.4587997,52.3816586
-1.4595662,52.3813871
-1.4611146,52.3806315
-1.4625401,52.3799519
-1.4631368,52.3796615
-1.462139,52.3779897
-1.4620241,52.37784
-1.4618442,52.3776745
-1.4616157,52.3775478
-1.4614828,52.3774382
-1.4628152,52.3766691
-1.4628548,52.3766153
-1.4628538,52.3765982
-1.4627889,52.3764758
-1.4629869,52.3763604
-1.4628362,52.3762673
-1.4623805,52.3759855
-1.4614338,52.3754475
-1.4606345,52.3749883
-1.4604051,52.3748218
-1.4606721,52.3746894
-1.4614128,52.3744659
-1.4617387,52.3742168
-1.4620726,52.3740633
-1.4623465,52.3740553
-1.4626304,52.3739953
-1.4631336,52.3738048
-1.4632657,52.3737798
-1.4635018,52.3737903
-1.4636729,52.373781
-1.4637564,52.3737528
-1.4638238,52.3737163
-1.463859,52.3736696
-1.464024,52.3732503
-1.464485,52.3735223
-1.4649482,52.373756
-1.4654121,52.3740351
-1.4663378,52.374525
-1.4647049,52.3755047
-1.4650452,52.3757547
-1.4654942,52.3761515
-1.4663801,52.3771265
-1.4665992,52.3771853
-1.4676961,52.3770865
-1.4693402,52.3767976
-1.4709604,52.3764832
-1.4737961,52.3754694
-1.4758725,52.3747105
-1.4767727,52.3745233
-1.4803533,52.3743068
-1.4805208,52.3745234
-1.4811834,52.3753806
-1.4822958,52.3771055
-1.4833344,52.3769373
-1.4843093,52.3768701
-1.4863208,52.3768164
-1.4869033,52.3768191
-1.4872973,52.3768737
-1.4930964,52.3772159
-1.4932915,52.3772985
-1.4959792,52.3774095
-1.496318,52.3772928
-1.5000536,52.3775148
-1.5036897,52.3778063
-1.504489,52.3777848
-1.5051486,52.3775718
-1.505392,52.3774535
-1.5060491,52.3771215
-1.5062057,52.3769194
-1.5063846,52.3768583
-1.5067223,52.3768681
-1.5068763,52.3767647
-1.5074315,52.3764214
-1.5079967,52.37603
-1.5082206,52.3758181
-1.5083648,52.3756816
-1.5084721,52.3754658
-1.5086637,52.374695
-1.5088439,52.3741276
-1.5090516,52.3735679
-1.5092973,52.3732161
-1.5095874,52.3728831
-1.5103229,52.3722446
-1.5106654,52.371913
-1.5110685,52.3715555
-1.5115686,52.3711284
-1.5122817,52.3705584
-1.5126392,52.3703266
-1.513123,52.3699992
-1.5133907,52.3697994
-1.5135265,52.3695949
-1.5138652,52.3690598
-1.5139388,52.3690523
-1.5144586,52.3697369
-1.515025,52.3701883
-1.5157347,52.3706446
-1.5171938,52.3713742
-1.5176489,52.3716188
-1.5180394,52.3719464
-1.5183815,52.3725899
-1.5184876,52.3735331
-1.5200177,52.3730955
-1.5211093,52.3745478
-1.5198433,52.3755498
-1.5202043,52.3760158
-1.5208837,52.3763853
-1.5215827,52.3767744
-1.5223279,52.3771777
-1.5228505,52.3775661
-1.5232761,52.3779594
-1.5240342,52.3786871
-1.524379,52.3790659
-1.5246765,52.3793926
-1.529933,52.3778467
-1.5326843,52.3762096
-1.5347964,52.3772848
-1.5354709,52.3775989
-1.5398962,52.3738631
-1.5431226,52.3714266
-1.5457743,52.3692914
-1.5418918,52.3666292
-1.5429012,52.3660384
-1.5432674,52.3663011
-1.5433653,52.3663272
-1.5448203,52.3659038
-1.546827,52.3653121
-1.5481988,52.365856
-1.5494182,52.3663395
-1.5524187,52.3638848
-1.554549,52.3649093
-1.5553459,52.3652135
-1.5555888,52.3650265
-1.5574908,52.3656999
-1.5558658,52.3677456
-1.5577107,52.3684366
-1.5577842,52.3684651
-1.5579495,52.3685272
-1.558276,52.3686482
-1.5577541,52.3691645
-1.5572435,52.3696638
-1.5571837,52.3697173
-1.5569895,52.3696711
-1.5569263,52.3697228
-1.5565107,52.3709011
-1.5555901,52.3720398
-1.5555823,52.3720619
-1.5558658,52.3721479
-1.5561831,52.3722594
-1.5564103,52.3723623
-1.5565004,52.372404
-1.5567876,52.3724601
-1.5550536,52.3735995
-1.5549093,52.373673
-1.5550929,52.3738588
-1.5551021,52.3739726
-1.5550158,52.3744191
-1.5559907,52.3746732
-1.5563019,52.3747844
-1.5569044,52.37497
-1.5576458,52.3751456
-1.5582116,52.3752568
-1.5585791,52.3753466
-1.558981,52.3754651
-1.5596204,52.3756958
-1.5603413,52.3759736
-1.5611245,52.3762536
-1.5623526,52.3766474
-1.5627058,52.3769626
-1.5626628,52.3775246
-1.5626889,52.3779187
-1.5627705,52.3782061
-1.5634303,52.3797823
-1.5643796,52.3815751
-1.5651574,52.3826468
-1.5659076,52.3833975
-1.5667449,52.3837542
-1.567131,52.3840077
-1.5674715,52.3843896
-1.5678285,52.3847607
-1.5692188,52.384459
-1.5697301,52.3843335
-1.570063,52.3842585
-1.5702872,52.384225
-1.5705808,52.3842031
-1.5705369,52.384158
-1.5703811,52.3841104
-1.568862,52.3836406
-1.5696038,52.3829121
-1.5714115,52.3833549
-1.5719157,52.3831933
-1.5730514,52.3825669
-1.5735705,52.3825994
-1.5768742,52.3828061
-1.5766102,52.3831259
-1.5759167,52.3845264
-1.5758972,52.3845658
-1.5800388,52.3848692
-1.5822363,52.3852555
-1.584382,52.3856282
-1.5861615,52.3858518
-1.5884392,52.3861804
-1.5893973,52.3864787
-1.5897627,52.3865925
-1.5940118,52.387912
-1.5947492,52.3874793
-1.5952346,52.387599
-1.5959313,52.3878105
-1.5969316,52.3880842
-1.5974676,52.3882575
-1.5978196,52.3880343
-1.5985001,52.3883687
-1.5992111,52.3887154
-1.6000471,52.3889726
-1.6002901,52.3887351
-1.6003829,52.3889008
-1.6005044,52.3890207
-1.6007545,52.3891471
-1.600919,52.3892694
-1.6010765,52.3892835
-1.6010683,52.3893589
-1.6013815,52.3894819
-1.6017345,52.3895581
-1.6025111,52.3897371
-1.602636,52.3898067
-1.6028533,52.3899724
-1.6030325,52.3901414
-1.60319,52.390337
-1.6024677,52.3909469
-1.6024079,52.391033
-1.6018811,52.3915534
-1.601577,52.3914506
-1.6010502,52.3928625
-1.6002246,52.3927996
-1.6000508,52.3928493
-1.6006813,52.3946257
-1.6007189,52.3947318
-1.6006846,52.3950389
-1.6022553,52.3949311
-1.6026701,52.3957841
-1.6016102,52.3959107
-1.6018137,52.3961122
-1.6022438,52.397073
-1.6027853,52.3978439
-1.6043848,52.3999916
-1.6042907,52.4000372
-1.6043586,52.4003858
-1.6041893,52.4003628
-1.6041651,52.400569
-1.6042979,52.400661
-1.6043362,52.4007581
-1.6044118,52.4018188
-1.6043305,52.4019599
-1.6043414,52.4023178
-1.6042328,52.402563
-1.6042475,52.4031338
-1.6043128,52.4034594
-1.6041323,52.4035672
-1.6040516,52.4035297
-1.6018511,52.4037523
-1.6010754,52.4037195
-1.6011829,52.4038179
-1.6013365,52.4040803
-1.6014018,52.4044224
-1.6013903,52.404659
-1.6019279,52.404734
-1.6022505,52.4047129
-1.6036868,52.4044692
-1.6037636,52.40457
-1.6038519,52.4046473
-1.6043589,52.4049636
-1.6051922,52.4053338
-1.6056531,52.4056196
-1.6057836,52.4058141
-1.6058028,52.4059757
-1.6057529,52.4060718
-1.6057299,52.4062639
-1.6056223,52.4068168
-1.6057068,52.4071401
-1.6058912,52.4072807
-1.6035716,52.4077492
-1.6034026,52.4077352
-1.6034368,52.4078029
-1.6040622,52.4091148
-1.6036973,52.4091177
-1.6036936,52.4091776
-1.6037636,52.409525
-1.603884,52.40967
-1.6040583,52.4108561
-1.6040671,52.4108818
-1.6041279,52.4112606
-1.6041814,52.4116292
-1.6042398,52.4118992
-1.6044791,52.4147325
-1.6045631,52.4154158
-1.6046118,52.4158229
-1.6046208,52.4158982
-1.6038366,52.4159376
-1.6032874,52.4159259
-1.6028046,52.4158705
-1.6026729,52.4158725
-1.6025477,52.4158504
-1.6022014,52.4158139
-1.6021568,52.4160153
-1.6023991,52.4161933
-1.6027114,52.4164341
-1.6030071,52.4166215
-1.6031798,52.4167877
-1.6032953,52.4167704
-1.603776,52.4175726
-1.6039457,52.4177815
-1.6042999,52.4181207
-1.6046474,52.4184104
-1.6047478,52.4185349
-1.6047887,52.4186634
-1.6063732,52.4197109
-1.6069021,52.4200148
-1.6099361,52.4216671
-1.6107746,52.4222467
-1.6111435,52.422339
-1.6112462,52.4223355
-1.6112576,52.4224532
-1.6112235,52.4225179
-1.6110718,52.4227355
-1.6108399,52.4228126
-1.6105567,52.4231738
-1.6104451,52.4232418
-1.6102048,52.423493
-1.6097499,52.4237599
-1.6094496,52.4240373
-1.6092522,52.4241577
-1.6087716,52.4243252
-1.6086428,52.4243513
-1.6081965,52.424613
-1.6080506,52.42466
-1.6076902,52.4248851
-1.6075271,52.4249427
-1.6069092,52.4251311
-1.6064512,52.4253607
-1.6068791,52.4256571
-1.607231,52.4258219
-1.6074886,52.425833
-1.6075356,52.425835
-1.6078017,52.4259004
-1.6079003,52.425835
-1.608049,52.4258399
-1.6084154,52.4259083
-1.6086943,52.4258481
-1.6088273,52.425856
-1.6091663,52.4259397
-1.6094753,52.4259788
-1.6096255,52.4259632
-1.6101748,52.4261621
-1.610578,52.4262457
-1.6111231,52.4264447
-1.6113033,52.4264499
-1.6116895,52.4267455
-1.6121916,52.4269497
-1.612359,52.4269707
-1.6126121,52.4270726
-1.6127642,52.4270714
-1.6129673,52.4271446
-1.6131058,52.4271671
-1.6133002,52.4271803
-1.6138442,52.4274484
-1.6139995,52.4275629
-1.6139273,52.4276174
-1.6144996,52.4279382
