-1.1524132,52.6246229
-1.1529308,52.6441808
-1.1582561,52.6353708
-1.1278286,52.6442206
-1.1037579,52.6345386
-1.0958335,52.6524151
-1.1505549,52.6057124
-1.0829197,52.6417916
-1.1243533,52.6461274
-1.1417095,52.6581736
-1.1204141,52.6390874
-1.1338859,52.6582796
-1.1175875,52.642007
-1.1527095,52.6389775
-1.0681541,52.6516782
-1.0919112,52.6403942
-1.1149483,52.6597499
-1.1647265,52.6495375
-1.1092989,52.6554574
-1.1688768,52.66689
-1.152304,52.6254638
-1.164651,52.6136561
-1.0804287,52.6587692
