-0.037184,51.488
0.079329,51.481
-0.056278,51.539
-0.3925,51.475
0.055468,51.367
-0.061015,51.509
-0.24203,51.616
0.21934,51.568
-0.097507,51.359
-0.037724,51.353
0.13655,51.458
0.0055509,51.551
-0.315,51.62
-0.26017,51.523
0.14382,51.41
-0.13329,51.546
-0.17506,51.601
-0.32534,51.448
-0.36119,51.556
-0.25448,51.542
-0.24925,51.507
-0.37136,51.488
0.095374,51.427
-0.36635,51.565
-0.40257,51.459
0.025859,51.503
-0.31731,51.601
0.14654,51.563
0.023554,51.489
0.19159,51.567
-0.13312,51.634
-0.0909,51.607
-0.46978,51.493
-0.26374,51.496
-0.19167,51.358
-0.076547,51.474
-0.087338,51.661
-0.1619,51.355
-0.15445,51.509
0.0074932,51.56
0.039964,51.502
0.032265,51.392
0.1156,51.563
-0.010702,51.526
-0.44402,51.564
0.24037,51.58
-0.37862,51.543
0.1559,51.529
-0.1417,51.617
-0.083581,51.38
-0.39447,51.488
0.17665,51.566
-0.4476,51.448
0.027907,51.476
-0.209,51.473
0.21765,51.607
-0.096697,51.577
-0.078974,51.49
-0.15582,51.439
0.091986,51.418
-0.12729,51.574
-0.030209,51.608
0.042848,51.438
-0.22483,51.513
0.24839,51.604
-0.40523,51.555
-0.23363,51.501
-0.38705,51.489
-0.063503,51.51
0.057187,51.524
-0.044343,51.41
-0.059161,51.564
-0.11702,51.433
-0.20728,51.444
0.14401,51.53
-0.22129,51.504
-0.021573,51.535
-0.20634,51.497
0.010605,51.378
-0.033602,51.357
-0.30682,51.502
-0.010933,51.465
-0.30186,51.587
-0.26852,51.515
-0.087917,51.399
-0.18452,51.433
-0.19136,51.52
-0.25392,51.558
-0.29106,51.516
-0.16874,51.479
-0.072148,51.576
-0.059727,51.493
-0.34664,51.535
-0.081278,51.646
-0.28361,51.382
0.10455,51.406
-0.34486,51.536
0.027994,51.487
-0.03655,51.608
-0.11281,51.448
-0.0076569,51.407
-0.24346,51.399
-0.18234,51.48
-0.14527,51.595
0.10416,51.507
0.024661,51.469
-0.1044,51.436
-0.29721,51.535
-0.21108,51.553
-0.10871,51.55
-0.26617,51.632
0.029686,51.451
-0.35455,51.521
-0.066116,51.61
0.21849,51.552
-0.034285,51.377
-0.30127,51.563
-0.17214,51.363
-0.23864,51.491
-0.42451,51.575
-0.25511,51.622
0.013357,51.6
-0.10102,51.615
-0.13654,51.611
-0.022431,51.377
-0.3044,51.492
-0.03582,51.403
-0.097311,51.491
-0.11716,51.37
-0.24485,51.44
-0.25372,51.643
-0.083296,51.424
-0.15094,51.362
-0.36171,51.439
-0.31932,51.338
-0.17799,51.419
-0.30728,51.43
0.15795,51.473
-0.10085,51.503
-0.3615,51.479
-0.1373,51.493
-0.28587,51.501
0.12179,51.413
0.0042448,51.459
-0.052547,51.54
-0.022062,51.528
-0.22842,51.52
-0.14755,51.451
-0.11135,51.491
-0.095389,51.605
-0.40571,51.498
-0.013254,51.636
-0.11855,51.364
-0.15348,51.657
-0.1258,51.562
-0.18395,51.511
0.14563,51.466
-0.43647,51.588
-0.20663,51.605
-0.098924,51.352
-0.096472,51.387
0.18978,51.519
-0.24469,51.496
-0.1076,51.612
0.060202,51.515
-0.2224,51.547
0.11668,51.448
-0.11673,51.538
-0.31223,51.393
-0.031735,51.568
-0.33451,51.509
-0.090781,51.494
-0.25728,51.406
-0.38849,51.434
-0.11993,51.582
-0.3002,51.538
0.062847,51.435
-0.11296,51.468
-0.12955,51.439
-0.12773,51.42
-0.17733,51.375
0.11008,51.467
0.009176,51.433
-0.073193,51.566
-0.30172,51.42
-0.43505,51.571
-0.21371,51.404
0.18304,51.479
0.056782,51.554
0.14719,51.466
-0.21106,51.454
-0.24025,51.606
-0.0064723,51.426
-0.025737,51.389
0.11175,51.345
-0.41281,51.443
-0.11673,51.562
0.02102,51.433
-0.36014,51.587
0.16507,51.541
-0.019599,51.607
-0.11387,51.336
-0.27729,51.538
-0.19216,51.417
-0.26088,51.617
-0.39292,51.556
0.004499,51.459
-0.15626,51.439
-0.094571,51.481
-0.095488,51.503
0.095346,51.367
-0.061422,51.642
-0.15311,51.452
0.042998,51.593
0.023262,51.517
-0.26378,51.565
-0.39192,51.435
-0.13038,51.648
-0.3978,51.559
-0.018312,51.482
-0.39397,51.598
0.14629,51.532
-0.1667,51.552
-0.33947,51.552
0.22016,51.592
-0.029907,51.576
-0.058934,51.376
-0.22672,51.566
-0.068165,51.413
-0.14503,51.51
-0.34184,51.579
0.18688,51.582
-0.38079,51.56
-0.28673,51.467
-0.14276,51.469
0.083926,51.467
-0.068894,51.396
-0.16693,51.646
-0.13632,51.485
-0.10259,51.566
-0.30619,51.371
0.17775,51.45
0.15801,51.598
-0.041121,51.475
-0.35048,51.567
-0.20955,51.653
-0.12217,51.606
-0.0004964,51.484
-0.1002,51.5
-0.11241,51.472
-0.28656,51.565
-0.22471,51.373
0.084646,51.358
-0.33987,51.459
-0.21432,51.409
-0.12822,51.583
-0.21806,51.491
-0.44911,51.482
-0.2167,51.575
-0.19946,51.589
-0.33761,51.6
-0.3481,51.581
-0.0070072,51.591
-0.14731,51.543
-0.25872,51.555
0.24717,51.553
-0.075716,51.425
-0.13182,51.373
-0.0027457,51.483
-0.011318,51.555
-0.43758,51.451
-0.18581,51.43
-0.08873,51.525
0.016576,51.488
-0.010884,51.466
-0.16147,51.437
-0.046631,51.61
0.029411,51.547
-0.18922,51.478
0.18164,51.466
-0.22478,51.512
0.14835,51.56
0.059989,51.45
-0.18267,51.414
-0.030238,51.611
-0.2002,51.361
-0.15064,51.492
-0.080345,51.664
0.12147,51.493
-0.41775,51.45
-0.40641,51.498
-0.19079,51.427
-0.098182,51.449
-0.058398,51.649
-0.11834,51.515
-0.22272,51.376
-0.21786,51.361
-0.12267,51.489
-0.44223,51.567
-0.35281,51.442
-0.16666,51.372
-0.17827,51.413
-0.14976,51.543
-0.17018,51.65
-0.11753,51.336
-0.2206,51.467
0.17885,51.591
-0.18296,51.464
-0.056447,51.428
-0.25129,51.416
0.12573,51.436
0.05135,51.439
0.033672,51.562
-0.10239,51.541
-0.10402,51.663
0.15547,51.598
-0.11552,51.487
-0.063095,51.381
-0.10565,51.345
0.20285,51.565
-0.44563,51.496
-0.19826,51.447
-0.17943,51.492
0.05017,51.451
-0.32785,51.483
-0.30343,51.375
0.048711,51.546
0.027184,51.453
0.11934,51.461
0.02809,51.407
-0.13845,51.531
-0.41951,51.481
0.042775,51.549
-0.33039,51.485
-0.054102,51.412
-0.23852,51.532
-0.14034,51.521
