2,1,5
3,1,10
4,1,10
5,1,10
6,1,10
7,1,10
8,1,10
9,1,10
10,1,10
11,1,10
12,1,10
13,1,10
14,1,10
15,1,5
16,1,10
17,1,10
18,1,10
19,1,10
20,1,10
21,1,10
22,1,10
23,1,10
24,1,10
26,1,5
27,1,10
28,1,10
29,1,10
30,1,10
31,1,10
32,1,10
33,1,10
34,1,10
35,1,10
36,1,10
37,1,5
38,1,5
39,1,10
40,1,10
41,1,10
42,1,10
43,1,10
44,1,10
45,1,10
46,1,10
47,1,10
48,1,5
49,1,10
51,1,10
52,1,10
53,1,10
54,1,10
55,1,10
56,1,10
57,1,10
58,1,10
59,1,10
60,1,10
61,1,10
62,1,10
63,1,10
64,1,5
65,1,10
66,1,10
67,1,10
68,1,10
69,1,10
70,1,10
71,1,10
72,1,10
73,1,5
74,1,10
1,2,5
3,2,5
4,2,5
5,2,5
6,2,5
7,2,5
8,2,5
9,2,5
10,2,5
11,2,5
12,2,5
13,2,5
14,2,5
15,2,5
16,2,5
17,2,5
18,2,5
19,2,5
20,2,5
21,2,5
22,2,5
23,2,5
24,2,5
26,2,5
27,2,5
28,2,5
29,2,5
30,2,5
31,2,5
32,2,5
33,2,5
34,2,5
35,2,5
36,2,5
37,2,5
38,2,5
39,2,5
40,2,5
41,2,5
42,2,5
43,2,5
44,2,5
45,2,5
46,2,5
47,2,5
48,2,5
49,2,5
51,2,5
52,2,5
53,2,5
54,2,5
55,2,5
56,2,5
57,2,5
58,2,5
59,2,5
60,2,5
61,2,5
62,2,5
63,2,5
64,2,5
65,2,5
66,2,5
67,2,5
68,2,5
69,2,5
70,2,5
71,2,5
72,2,5
73,2,5
74,2,5
1,3,10
2,3,5
4,3,20
5,3,10
6,3,10
7,3,15
8,3,30
9,3,55
10,3,40
11,3,10
12,3,20
13,3,10
14,3,30
15,3,5
16,3,10
17,3,45
18,3,10
19,3,30
20,3,10
21,3,50
22,3,10
23,3,10
24,3,20
26,3,5
27,3,30
28,3,75
29,3,60
30,3,20
31,3,40
32,3,10
33,3,75
34,3,20
35,3,10
36,3,60
37,3,5
38,3,5
39,3,40
40,3,10
41,3,30
42,3,10
43,3,15
44,3,50
45,3,10
46,3,10
47,3,10
48,3,5
49,3,20
51,3,10
52,3,30
53,3,40
54,3,20
55,3,30
56,3,75
57,3,20
58,3,10
59,3,10
60,3,75
61,3,30
62,3,25
63,3,10
64,3,5
65,3,10
66,3,60
67,3,20
68,3,10
69,3,10
70,3,10
71,3,30
72,3,30
73,3,5
74,3,10
1,4,10
2,4,5
3,4,20
5,4,10
6,4,10
7,4,15
8,4,20
9,4,20
10,4,20
11,4,10
12,4,20
13,4,10
14,4,20
15,4,5
16,4,10
17,4,20
18,4,10
19,4,20
20,4,10
21,4,20
22,4,10
23,4,10
24,4,20
26,4,5
27,4,20
28,4,20
29,4,20
30,4,20
31,4,20
32,4,10
33,4,20
34,4,20
35,4,10
36,4,20
37,4,5
38,4,5
39,4,20
40,4,10
41,4,20
42,4,10
43,4,15
44,4,20
45,4,10
46,4,10
47,4,10
48,4,5
49,4,20
51,4,10
52,4,20
53,4,20
54,4,20
55,4,20
56,4,20
57,4,20
58,4,10
59,4,10
60,4,20
61,4,20
62,4,20
63,4,10
64,4,5
65,4,10
66,4,20
67,4,20
68,4,10
69,4,10
70,4,10
71,4,20
72,4,20
73,4,5
74,4,10
1,5,10
2,5,5
3,5,10
4,5,10
6,5,10
7,5,10
8,5,10
9,5,10
10,5,10
11,5,10
12,5,10
13,5,10
14,5,10
15,5,5
16,5,10
17,5,10
18,5,10
19,5,10
20,5,10
21,5,10
22,5,10
23,5,10
24,5,10
26,5,5
27,5,10
28,5,10
29,5,10
30,5,10
31,5,10
32,5,10
33,5,10
34,5,10
35,5,10
36,5,10
37,5,5
38,5,5
39,5,10
40,5,10
41,5,10
42,5,10
43,5,10
44,5,10
45,5,10
46,5,10
47,5,10
48,5,5
49,5,10
51,5,10
52,5,10
53,5,10
54,5,10
55,5,10
56,5,10
57,5,10
58,5,10
59,5,10
60,5,10
61,5,10
62,5,10
63,5,10
64,5,5
65,5,10
66,5,10
67,5,10
68,5,10
69,5,10
70,5,10
71,5,10
72,5,10
73,5,5
74,5,10
1,6,10
2,6,5
3,6,10
4,6,10
5,6,10
7,6,10
8,6,10
9,6,10
10,6,10
11,6,10
12,6,10
13,6,10
14,6,10
15,6,5
16,6,10
17,6,10
18,6,10
19,6,10
20,6,10
21,6,10
22,6,10
23,6,10
24,6,10
26,6,5
27,6,10
28,6,10
29,6,10
30,6,10
31,6,10
32,6,10
33,6,10
34,6,10
35,6,10
36,6,10
37,6,5
38,6,5
39,6,10
40,6,10
41,6,10
42,6,10
43,6,10
44,6,10
45,6,10
46,6,10
47,6,10
48,6,5
49,6,10
51,6,10
52,6,10
53,6,10
54,6,10
55,6,10
56,6,10
57,6,10
58,6,10
59,6,10
60,6,10
61,6,10
62,6,10
63,6,10
64,6,5
65,6,10
66,6,10
67,6,10
68,6,10
69,6,10
70,6,10
71,6,10
72,6,10
73,6,5
74,6,10
1,7,10
2,7,5
3,7,15
4,7,15
5,7,10
6,7,10
8,7,15
9,7,15
10,7,15
11,7,10
12,7,15
13,7,10
14,7,15
15,7,5
16,7,10
17,7,15
18,7,10
19,7,15
20,7,10
21,7,15
22,7,10
23,7,10
24,7,15
26,7,5
27,7,15
28,7,15
29,7,15
30,7,15
31,7,15
32,7,10
33,7,15
34,7,15
35,7,10
36,7,15
37,7,5
38,7,5
39,7,15
40,7,10
41,7,15
42,7,10
43,7,15
44,7,15
45,7,10
46,7,10
47,7,10
48,7,5
49,7,15
51,7,10
52,7,15
53,7,15
54,7,15
55,7,15
56,7,15
57,7,15
58,7,10
59,7,10
60,7,15
61,7,15
62,7,15
63,7,10
64,7,5
65,7,10
66,7,15
67,7,15
68,7,10
69,7,10
70,7,10
71,7,15
72,7,15
73,7,5
74,7,10
1,8,10
2,8,5
3,8,30
4,8,20
5,8,10
6,8,10
7,8,15
9,8,30
10,8,30
11,8,10
12,8,20
13,8,10
14,8,30
15,8,5
16,8,10
17,8,30
18,8,10
19,8,30
20,8,10
21,8,30
22,8,10
23,8,10
24,8,20
26,8,5
27,8,30
28,8,30
29,8,30
30,8,20
31,8,30
32,8,10
33,8,30
34,8,20
35,8,10
36,8,30
37,8,5
38,8,5
39,8,30
40,8,10
41,8,30
42,8,10
43,8,15
44,8,30
45,8,10
46,8,10
47,8,10
48,8,5
49,8,20
51,8,10
52,8,30
53,8,30
54,8,20
55,8,30
56,8,30
57,8,20
58,8,10
59,8,10
60,8,30
61,8,30
62,8,25
63,8,10
64,8,5
65,8,10
66,8,30
67,8,20
68,8,10
69,8,10
70,8,10
71,8,30
72,8,30
73,8,5
74,8,10
1,9,10
2,9,5
3,9,55
4,9,20
5,9,10
6,9,10
7,9,15
8,9,30
10,9,40
11,9,10
12,9,20
13,9,10
14,9,30
15,9,5
16,9,10
17,9,45
18,9,10
19,9,30
20,9,10
21,9,50
22,9,10
23,9,10
24,9,20
26,9,5
27,9,30
28,9,55
29,9,55
30,9,20
31,9,40
32,9,10
33,9,55
34,9,20
35,9,10
36,9,55
37,9,5
38,9,5
39,9,40
40,9,10
41,9,30
42,9,10
43,9,15
44,9,50
45,9,10
46,9,10
47,9,10
48,9,5
49,9,20
51,9,10
52,9,30
53,9,40
54,9,20
55,9,30
56,9,55
57,9,20
58,9,10
59,9,10
60,9,55
61,9,30
62,9,25
63,9,10
64,9,5
65,9,10
66,9,55
67,9,20
68,9,10
69,9,10
70,9,10
71,9,30
72,9,30
73,9,5
74,9,10
1,10,10
2,10,5
3,10,40
4,10,20
5,10,10
6,10,10
7,10,15
8,10,30
9,10,40
11,10,10
12,10,20
13,10,10
14,10,30
15,10,5
16,10,10
17,10,40
18,10,10
19,10,30
20,10,10
21,10,40
22,10,10
23,10,10
24,10,20
26,10,5
27,10,30
28,10,40
29,10,40
30,10,20
31,10,40
32,10,10
33,10,40
34,10,20
35,10,10
36,10,40
37,10,5
38,10,5
39,10,40
40,10,10
41,10,30
42,10,10
43,10,15
44,10,40
45,10,10
46,10,10
47,10,10
48,10,5
49,10,20
51,10,10
52,10,30
53,10,40
54,10,20
55,10,30
56,10,40
57,10,20
58,10,10
59,10,10
60,10,40
61,10,30
62,10,25
63,10,10
64,10,5
65,10,10
66,10,40
67,10,20
68,10,10
69,10,10
70,10,10
71,10,30
72,10,30
73,10,5
74,10,10
1,11,10
2,11,5
3,11,10
4,11,10
5,11,10
6,11,10
7,11,10
8,11,10
9,11,10
10,11,10
12,11,10
13,11,10
14,11,10
15,11,5
16,11,10
17,11,10
18,11,10
19,11,10
20,11,10
21,11,10
22,11,10
23,11,10
24,11,10
26,11,5
27,11,10
28,11,10
29,11,10
30,11,10
31,11,10
32,11,10
33,11,10
34,11,10
35,11,10
36,11,10
37,11,5
38,11,5
39,11,10
40,11,10
41,11,10
42,11,10
43,11,10
44,11,10
45,11,10
46,11,10
47,11,10
48,11,5
49,11,10
51,11,10
52,11,10
53,11,10
54,11,10
55,11,10
56,11,10
57,11,10
58,11,10
59,11,10
60,11,10
61,11,10
62,11,10
63,11,10
64,11,5
65,11,10
66,11,10
67,11,10
68,11,10
69,11,10
70,11,10
71,11,10
72,11,10
73,11,5
74,11,10
1,12,10
2,12,5
3,12,20
4,12,20
5,12,10
6,12,10
7,12,15
8,12,20
9,12,20
10,12,20
11,12,10
13,12,10
14,12,20
15,12,5
16,12,10
17,12,20
18,12,10
19,12,20
20,12,10
21,12,20
22,12,10
23,12,10
24,12,20
26,12,5
27,12,20
28,12,20
29,12,20
30,12,20
31,12,20
32,12,10
33,12,20
34,12,20
35,12,10
36,12,20
37,12,5
38,12,5
39,12,20
40,12,10
41,12,20
42,12,10
43,12,15
44,12,20
45,12,10
46,12,10
47,12,10
48,12,5
49,12,20
51,12,10
52,12,20
53,12,20
54,12,20
55,12,20
56,12,20
57,12,20
58,12,10
59,12,10
60,12,20
61,12,20
62,12,20
63,12,10
64,12,5
65,12,10
66,12,20
67,12,20
68,12,10
69,12,10
70,12,10
71,12,20
72,12,20
73,12,5
74,12,10
1,13,10
2,13,5
3,13,10
4,13,10
5,13,10
6,13,10
7,13,10
8,13,10
9,13,10
10,13,10
11,13,10
12,13,10
14,13,10
15,13,5
16,13,10
17,13,10
18,13,10
19,13,10
20,13,10
21,13,10
22,13,10
23,13,10
24,13,10
26,13,5
27,13,10
28,13,10
29,13,10
30,13,10
31,13,10
32,13,10
33,13,10
34,13,10
35,13,10
36,13,10
37,13,5
38,13,5
39,13,10
40,13,10
41,13,10
42,13,10
43,13,10
44,13,10
45,13,10
46,13,10
47,13,10
48,13,5
49,13,10
51,13,10
52,13,10
53,13,10
54,13,10
55,13,10
56,13,10
57,13,10
58,13,10
59,13,10
60,13,10
61,13,10
62,13,10
63,13,10
64,13,5
65,13,10
66,13,10
67,13,10
68,13,10
69,13,10
70,13,10
71,13,10
72,13,10
73,13,5
74,13,10
1,14,10
2,14,5
3,14,30
4,14,20
5,14,10
6,14,10
7,14,15
8,14,30
9,14,30
10,14,30
11,14,10
12,14,20
13,14,10
15,14,5
16,14,10
17,14,30
18,14,10
19,14,30
20,14,10
21,14,30
22,14,10
23,14,10
24,14,20
26,14,5
27,14,30
28,14,30
29,14,30
30,14,20
31,14,30
32,14,10
33,14,30
34,14,20
35,14,10
36,14,30
37,14,5
38,14,5
39,14,30
40,14,10
41,14,30
42,14,10
43,14,15
44,14,30
45,14,10
46,14,10
47,14,10
48,14,5
49,14,20
51,14,10
52,14,30
53,14,30
54,14,20
55,14,30
56,14,30
57,14,20
58,14,10
59,14,10
60,14,30
61,14,30
62,14,25
63,14,10
64,14,5
65,14,10
66,14,30
67,14,20
68,14,10
69,14,10
70,14,10
71,14,30
72,14,30
73,14,5
74,14,10
1,15,5
2,15,5
3,15,5
4,15,5
5,15,5
6,15,5
7,15,5
8,15,5
9,15,5
10,15,5
11,15,5
12,15,5
13,15,5
14,15,5
16,15,5
17,15,5
18,15,5
19,15,5
20,15,5
21,15,5
22,15,5
23,15,5
24,15,5
26,15,5
27,15,5
28,15,5
29,15,5
30,15,5
31,15,5
32,15,5
33,15,5
34,15,5
35,15,5
36,15,5
37,15,5
38,15,5
39,15,5
40,15,5
41,15,5
42,15,5
43,15,5
44,15,5
45,15,5
46,15,5
47,15,5
48,15,5
49,15,5
51,15,5
52,15,5
53,15,5
54,15,5
55,15,5
56,15,5
57,15,5
58,15,5
59,15,5
60,15,5
61,15,5
62,15,5
63,15,5
64,15,5
65,15,5
66,15,5
67,15,5
68,15,5
69,15,5
70,15,5
71,15,5
72,15,5
73,15,5
74,15,5
1,16,10
2,16,5
3,16,10
4,16,10
5,16,10
6,16,10
7,16,10
8,16,10
9,16,10
10,16,10
11,16,10
12,16,10
13,16,10
14,16,10
15,16,5
17,16,10
18,16,10
19,16,10
20,16,10
21,16,10
22,16,10
23,16,10
24,16,10
26,16,5
27,16,10
28,16,10
29,16,10
30,16,10
31,16,10
32,16,10
33,16,10
34,16,10
35,16,10
36,16,10
37,16,5
38,16,5
39,16,10
40,16,10
41,16,10
42,16,10
43,16,10
44,16,10
45,16,10
46,16,10
47,16,10
48,16,5
49,16,10
51,16,10
52,16,10
53,16,10
54,16,10
55,16,10
56,16,10
57,16,10
58,16,10
59,16,10
60,16,10
61,16,10
62,16,10
63,16,10
64,16,5
65,16,10
66,16,10
67,16,10
68,16,10
69,16,10
70,16,10
71,16,10
72,16,10
73,16,5
74,16,10
1,17,10
2,17,5
3,17,45
4,17,20
5,17,10
6,17,10
7,17,15
8,17,30
9,17,45
10,17,40
11,17,10
12,17,20
13,17,10
14,17,30
15,17,5
16,17,10
18,17,10
19,17,30
20,17,10
21,17,45
22,17,10
23,17,10
24,17,20
26,17,5
27,17,30
28,17,45
29,17,45
30,17,20
31,17,40
32,17,10
33,17,45
34,17,20
35,17,10
36,17,45
37,17,5
38,17,5
39,17,40
40,17,10
41,17,30
42,17,10
43,17,15
44,17,45
45,17,10
46,17,10
47,17,10
48,17,5
49,17,20
51,17,10
52,17,30
53,17,40
54,17,20
55,17,30
56,17,45
57,17,20
58,17,10
59,17,10
60,17,45
61,17,30
62,17,25
63,17,10
64,17,5
65,17,10
66,17,45
67,17,20
68,17,10
69,17,10
70,17,10
71,17,30
72,17,30
73,17,5
74,17,10
1,18,10
2,18,5
3,18,10
4,18,10
5,18,10
6,18,10
7,18,10
8,18,10
9,18,10
10,18,10
11,18,10
12,18,10
13,18,10
14,18,10
15,18,5
16,18,10
17,18,10
19,18,10
20,18,10
21,18,10
22,18,10
23,18,10
24,18,10
26,18,5
27,18,10
28,18,10
29,18,10
30,18,10
31,18,10
32,18,10
33,18,10
34,18,10
35,18,10
36,18,10
37,18,5
38,18,5
39,18,10
40,18,10
41,18,10
42,18,10
43,18,10
44,18,10
45,18,10
46,18,10
47,18,10
48,18,5
49,18,10
51,18,10
52,18,10
53,18,10
54,18,10
55,18,10
56,18,10
57,18,10
58,18,10
59,18,10
60,18,10
61,18,10
62,18,10
63,18,10
64,18,5
65,18,10
66,18,10
67,18,10
68,18,10
69,18,10
70,18,10
71,18,10
72,18,10
73,18,5
74,18,10
1,19,10
2,19,5
3,19,30
4,19,20
5,19,10
6,19,10
7,19,15
8,19,30
9,19,30
10,19,30
11,19,10
12,19,20
13,19,10
14,19,30
15,19,5
16,19,10
17,19,30
18,19,10
20,19,10
21,19,30
22,19,10
23,19,10
24,19,20
26,19,5
27,19,30
28,19,30
29,19,30
30,19,20
31,19,30
32,19,10
33,19,30
34,19,20
35,19,10
36,19,30
37,19,5
38,19,5
39,19,30
40,19,10
41,19,30
42,19,10
43,19,15
44,19,30
45,19,10
46,19,10
47,19,10
48,19,5
49,19,20
51,19,10
52,19,30
53,19,30
54,19,20
55,19,30
56,19,30
57,19,20
58,19,10
59,19,10
60,19,30
61,19,30
62,19,25
63,19,10
64,19,5
65,19,10
66,19,30
67,19,20
68,19,10
69,19,10
70,19,10
71,19,30
72,19,30
73,19,5
74,19,10
1,20,10
2,20,5
3,20,10
4,20,10
5,20,10
6,20,10
7,20,10
8,20,10
9,20,10
10,20,10
11,20,10
12,20,10
13,20,10
14,20,10
15,20,5
16,20,10
17,20,10
18,20,10
19,20,10
21,20,10
22,20,10
23,20,10
24,20,10
26,20,5
27,20,10
28,20,10
29,20,10
30,20,10
31,20,10
32,20,10
33,20,10
34,20,10
35,20,10
36,20,10
37,20,5
38,20,5
39,20,10
40,20,10
41,20,10
42,20,10
43,20,10
44,20,10
45,20,10
46,20,10
47,20,10
48,20,5
49,20,10
51,20,10
52,20,10
53,20,10
54,20,10
55,20,10
56,20,10
57,20,10
58,20,10
59,20,10
60,20,10
61,20,10
62,20,10
63,20,10
64,20,5
65,20,10
66,20,10
67,20,10
68,20,10
69,20,10
70,20,10
71,20,10
72,20,10
73,20,5
74,20,10
1,21,10
2,21,5
3,21,50
4,21,20
5,21,10
6,21,10
7,21,15
8,21,30
9,21,50
10,21,40
11,21,10
12,21,20
13,21,10
14,21,30
15,21,5
16,21,10
17,21,45
18,21,10
19,21,30
20,21,10
22,21,10
23,21,10
24,21,20
26,21,5
27,21,30
28,21,50
29,21,50
30,21,20
31,21,40
32,21,10
33,21,50
34,21,20
35,21,10
36,21,50
37,21,5
38,21,5
39,21,40
40,21,10
41,21,30
42,21,10
43,21,15
44,21,50
45,21,10
46,21,10
47,21,10
48,21,5
49,21,20
51,21,10
52,21,30
53,21,40
54,21,20
55,21,30
56,21,50
57,21,20
58,21,10
59,21,10
60,21,50
61,21,30
62,21,25
63,21,10
64,21,5
65,21,10
66,21,50
67,21,20
68,21,10
69,21,10
70,21,10
71,21,30
72,21,30
73,21,5
74,21,10
1,22,10
2,22,5
3,22,10
4,22,10
5,22,10
6,22,10
7,22,10
8,22,10
9,22,10
10,22,10
11,22,10
12,22,10
13,22,10
14,22,10
15,22,5
16,22,10
17,22,10
18,22,10
19,22,10
20,22,10
21,22,10
23,22,10
24,22,10
26,22,5
27,22,10
28,22,10
29,22,10
30,22,10
31,22,10
32,22,10
33,22,10
34,22,10
35,22,10
36,22,10
37,22,5
38,22,5
39,22,10
40,22,10
41,22,10
42,22,10
43,22,10
44,22,10
45,22,10
46,22,10
47,22,10
48,22,5
49,22,10
51,22,10
52,22,10
53,22,10
54,22,10
55,22,10
56,22,10
57,22,10
58,22,10
59,22,10
60,22,10
61,22,10
62,22,10
63,22,10
64,22,5
65,22,10
66,22,10
67,22,10
68,22,10
69,22,10
70,22,10
71,22,10
72,22,10
73,22,5
74,22,10
1,23,10
2,23,5
3,23,10
4,23,10
5,23,10
6,23,10
7,23,10
8,23,10
9,23,10
10,23,10
11,23,10
12,23,10
13,23,10
14,23,10
15,23,5
16,23,10
17,23,10
18,23,10
19,23,10
20,23,10
21,23,10
22,23,10
24,23,10
26,23,5
27,23,10
28,23,10
29,23,10
30,23,10
31,23,10
32,23,10
33,23,10
34,23,10
35,23,10
36,23,10
37,23,5
38,23,5
39,23,10
40,23,10
41,23,10
42,23,10
43,23,10
44,23,10
45,23,10
46,23,10
47,23,10
48,23,5
49,23,10
51,23,10
52,23,10
53,23,10
54,23,10
55,23,10
56,23,10
57,23,10
58,23,10
59,23,10
60,23,10
61,23,10
62,23,10
63,23,10
64,23,5
65,23,10
66,23,10
67,23,10
68,23,10
69,23,10
70,23,10
71,23,10
72,23,10
73,23,5
74,23,10
1,24,10
2,24,5
3,24,20
4,24,20
5,24,10
6,24,10
7,24,15
8,24,20
9,24,20
10,24,20
11,24,10
12,24,20
13,24,10
14,24,20
15,24,5
16,24,10
17,24,20
18,24,10
19,24,20
20,24,10
21,24,20
22,24,10
23,24,10
26,24,5
27,24,20
28,24,20
29,24,20
30,24,20
31,24,20
32,24,10
33,24,20
34,24,20
35,24,10
36,24,20
37,24,5
38,24,5
39,24,20
40,24,10
41,24,20
42,24,10
43,24,15
44,24,20
45,24,10
46,24,10
47,24,10
48,24,5
49,24,20
51,24,10
52,24,20
53,24,20
54,24,20
55,24,20
56,24,20
57,24,20
58,24,10
59,24,10
60,24,20
61,24,20
62,24,20
63,24,10
64,24,5
65,24,10
66,24,20
67,24,20
68,24,10
69,24,10
70,24,10
71,24,20
72,24,20
73,24,5
74,24,10
1,26,5
2,26,5
3,26,5
4,26,5
5,26,5
6,26,5
7,26,5
8,26,5
9,26,5
10,26,5
11,26,5
12,26,5
13,26,5
14,26,5
15,26,5
16,26,5
17,26,5
18,26,5
19,26,5
20,26,5
21,26,5
22,26,5
23,26,5
24,26,5
27,26,5
28,26,5
29,26,5
30,26,5
31,26,5
32,26,5
33,26,5
34,26,5
35,26,5
36,26,5
37,26,5
38,26,5
39,26,5
40,26,5
41,26,5
42,26,5
43,26,5
44,26,5
45,26,5
46,26,5
47,26,5
48,26,5
49,26,5
51,26,5
52,26,5
53,26,5
54,26,5
55,26,5
56,26,5
57,26,5
58,26,5
59,26,5
60,26,5
61,26,5
62,26,5
63,26,5
64,26,5
65,26,5
66,26,5
67,26,5
68,26,5
69,26,5
70,26,5
71,26,5
72,26,5
73,26,5
74,26,5
1,27,10
2,27,5
3,27,30
4,27,20
5,27,10
6,27,10
7,27,15
8,27,30
9,27,30
10,27,30
11,27,10
12,27,20
13,27,10
14,27,30
15,27,5
16,27,10
17,27,30
18,27,10
19,27,30
20,27,10
21,27,30
22,27,10
23,27,10
24,27,20
26,27,5
28,27,30
29,27,30
30,27,20
31,27,30
32,27,10
33,27,30
34,27,20
35,27,10
36,27,30
37,27,5
38,27,5
39,27,30
40,27,10
41,27,30
42,27,10
43,27,15
44,27,30
45,27,10
46,27,10
47,27,10
48,27,5
49,27,20
51,27,10
52,27,30
53,27,30
54,27,20
55,27,30
56,27,30
57,27,20
58,27,10
59,27,10
60,27,30
61,27,30
62,27,25
63,27,10
64,27,5
65,27,10
66,27,30
67,27,20
68,27,10
69,27,10
70,27,10
71,27,30
72,27,30
73,27,5
74,27,10
1,28,10
2,28,5
3,28,75
4,28,20
5,28,10
6,28,10
7,28,15
8,28,30
9,28,55
10,28,40
11,28,10
12,28,20
13,28,10
14,28,30
15,28,5
16,28,10
17,28,45
18,28,10
19,28,30
20,28,10
21,28,50
22,28,10
23,28,10
24,28,20
26,28,5
27,28,30
29,28,60
30,28,20
31,28,40
32,28,10
33,28,75
34,28,20
35,28,10
36,28,60
37,28,5
38,28,5
39,28,40
40,28,10
41,28,30
42,28,10
43,28,15
44,28,50
45,28,10
46,28,10
47,28,10
48,28,5
49,28,20
51,28,10
52,28,30
53,28,40
54,28,20
55,28,30
56,28,75
57,28,20
58,28,10
59,28,10
60,28,75
61,28,30
62,28,25
63,28,10
64,28,5
65,28,10
66,28,60
67,28,20
68,28,10
69,28,10
70,28,10
71,28,30
72,28,30
73,28,5
74,28,10
1,29,10
2,29,5
3,29,60
4,29,20
5,29,10
6,29,10
7,29,15
8,29,30
9,29,55
10,29,40
11,29,10
12,29,20
13,29,10
14,29,30
15,29,5
16,29,10
17,29,45
18,29,10
19,29,30
20,29,10
21,29,50
22,29,10
23,29,10
24,29,20
26,29,5
27,29,30
28,29,60
30,29,20
31,29,40
32,29,10
33,29,60
34,29,20
35,29,10
36,29,60
37,29,5
38,29,5
39,29,40
40,29,10
41,29,30
42,29,10
43,29,15
44,29,50
45,29,10
46,29,10
47,29,10
48,29,5
49,29,20
51,29,10
52,29,30
53,29,40
54,29,20
55,29,30
56,29,60
57,29,20
58,29,10
59,29,10
60,29,60
61,29,30
62,29,25
63,29,10
64,29,5
65,29,10
66,29,60
67,29,20
68,29,10
69,29,10
70,29,10
71,29,30
72,29,30
73,29,5
74,29,10
1,30,10
2,30,5
3,30,20
4,30,20
5,30,10
6,30,10
7,30,15
8,30,20
9,30,20
10,30,20
11,30,10
12,30,20
13,30,10
14,30,20
15,30,5
16,30,10
17,30,20
18,30,10
19,30,20
20,30,10
21,30,20
22,30,10
23,30,10
24,30,20
26,30,5
27,30,20
28,30,20
29,30,20
31,30,20
32,30,10
33,30,20
34,30,20
35,30,10
36,30,20
37,30,5
38,30,5
39,30,20
40,30,10
41,30,20
42,30,10
43,30,15
44,30,20
45,30,10
46,30,10
47,30,10
48,30,5
49,30,20
51,30,10
52,30,20
53,30,20
54,30,20
55,30,20
56,30,20
57,30,20
58,30,10
59,30,10
60,30,20
61,30,20
62,30,20
63,30,10
64,30,5
65,30,10
66,30,20
67,30,20
68,30,10
69,30,10
70,30,10
71,30,20
72,30,20
73,30,5
74,30,10
1,31,10
2,31,5
3,31,40
4,31,20
5,31,10
6,31,10
7,31,15
8,31,30
9,31,40
10,31,40
11,31,10
12,31,20
13,31,10
14,31,30
15,31,5
16,31,10
17,31,40
18,31,10
19,31,30
20,31,10
21,31,40
22,31,10
23,31,10
24,31,20
26,31,5
27,31,30
28,31,40
29,31,40
30,31,20
32,31,10
33,31,40
34,31,20
35,31,10
36,31,40
37,31,5
38,31,5
39,31,40
40,31,10
41,31,30
42,31,10
43,31,15
44,31,40
45,31,10
46,31,10
47,31,10
48,31,5
49,31,20
51,31,10
52,31,30
53,31,40
54,31,20
55,31,30
56,31,40
57,31,20
58,31,10
59,31,10
60,31,40
61,31,30
62,31,25
63,31,10
64,31,5
65,31,10
66,31,40
67,31,20
68,31,10
69,31,10
70,31,10
71,31,30
72,31,30
73,31,5
74,31,10
1,32,10
2,32,5
3,32,10
4,32,10
5,32,10
6,32,10
7,32,10
8,32,10
9,32,10
10,32,10
11,32,10
12,32,10
13,32,10
14,32,10
15,32,5
16,32,10
17,32,10
18,32,10
19,32,10
20,32,10
21,32,10
22,32,10
23,32,10
24,32,10
26,32,5
27,32,10
28,32,10
29,32,10
30,32,10
31,32,10
33,32,10
34,32,10
35,32,10
36,32,10
37,32,5
38,32,5
39,32,10
40,32,10
41,32,10
42,32,10
43,32,10
44,32,10
45,32,10
46,32,10
47,32,10
48,32,5
49,32,10
51,32,10
52,32,10
53,32,10
54,32,10
55,32,10
56,32,10
57,32,10
58,32,10
59,32,10
60,32,10
61,32,10
62,32,10
63,32,10
64,32,5
65,32,10
66,32,10
67,32,10
68,32,10
69,32,10
70,32,10
71,32,10
72,32,10
73,32,5
74,32,10
1,33,10
2,33,5
3,33,75
4,33,20
5,33,10
6,33,10
7,33,15
8,33,30
9,33,55
10,33,40
11,33,10
12,33,20
13,33,10
14,33,30
15,33,5
16,33,10
17,33,45
18,33,10
19,33,30
20,33,10
21,33,50
22,33,10
23,33,10
24,33,20
26,33,5
27,33,30
28,33,75
29,33,60
30,33,20
31,33,40
32,33,10
34,33,20
35,33,10
36,33,60
37,33,5
38,33,5
39,33,40
40,33,10
41,33,30
42,33,10
43,33,15
44,33,50
45,33,10
46,33,10
47,33,10
48,33,5
49,33,20
51,33,10
52,33,30
53,33,40
54,33,20
55,33,30
56,33,100
57,33,20
58,33,10
59,33,10
60,33,100
61,33,30
62,33,25
63,33,10
64,33,5
65,33,10
66,33,60
67,33,20
68,33,10
69,33,10
70,33,10
71,33,30
72,33,30
73,33,5
74,33,10
1,34,10
2,34,5
3,34,20
4,34,20
5,34,10
6,34,10
7,34,15
8,34,20
9,34,20
10,34,20
11,34,10
12,34,20
13,34,10
14,34,20
15,34,5
16,34,10
17,34,20
18,34,10
19,34,20
20,34,10
21,34,20
22,34,10
23,34,10
24,34,20
26,34,5
27,34,20
28,34,20
29,34,20
30,34,20
31,34,20
32,34,10
33,34,20
35,34,10
36,34,20
37,34,5
38,34,5
39,34,20
40,34,10
41,34,20
42,34,10
43,34,15
44,34,20
45,34,10
46,34,10
47,34,10
48,34,5
49,34,20
51,34,10
52,34,20
53,34,20
54,34,20
55,34,20
56,34,20
57,34,20
58,34,10
59,34,10
60,34,20
61,34,20
62,34,20
63,34,10
64,34,5
65,34,10
66,34,20
67,34,20
68,34,10
69,34,10
70,34,10
71,34,20
72,34,20
73,34,5
74,34,10
1,35,10
2,35,5
3,35,10
4,35,10
5,35,10
6,35,10
7,35,10
8,35,10
9,35,10
10,35,10
11,35,10
12,35,10
13,35,10
14,35,10
15,35,5
16,35,10
17,35,10
18,35,10
19,35,10
20,35,10
21,35,10
22,35,10
23,35,10
24,35,10
26,35,5
27,35,10
28,35,10
29,35,10
30,35,10
31,35,10
32,35,10
33,35,10
34,35,10
36,35,10
37,35,5
38,35,5
39,35,10
40,35,10
41,35,10
42,35,10
43,35,10
44,35,10
45,35,10
46,35,10
47,35,10
48,35,5
49,35,10
51,35,10
52,35,10
53,35,10
54,35,10
55,35,10
56,35,10
57,35,10
58,35,10
59,35,10
60,35,10
61,35,10
62,35,10
63,35,10
64,35,5
65,35,10
66,35,10
67,35,10
68,35,10
69,35,10
70,35,10
71,35,10
72,35,10
73,35,5
74,35,10
1,36,10
2,36,5
3,36,60
4,36,20
5,36,10
6,36,10
7,36,15
8,36,30
9,36,55
10,36,40
11,36,10
12,36,20
13,36,10
14,36,30
15,36,5
16,36,10
17,36,45
18,36,10
19,36,30
20,36,10
21,36,50
22,36,10
23,36,10
24,36,20
26,36,5
27,36,30
28,36,60
29,36,60
30,36,20
31,36,40
32,36,10
33,36,60
34,36,20
35,36,10
37,36,5
38,36,5
39,36,40
40,36,10
41,36,30
42,36,10
43,36,15
44,36,50
45,36,10
46,36,10
47,36,10
48,36,5
49,36,20
51,36,10
52,36,30
53,36,40
54,36,20
55,36,30
56,36,60
57,36,20
58,36,10
59,36,10
60,36,60
61,36,30
62,36,25
63,36,10
64,36,5
65,36,10
66,36,60
67,36,20
68,36,10
69,36,10
70,36,10
71,36,30
72,36,30
73,36,5
74,36,10
1,37,5
2,37,5
3,37,5
4,37,5
5,37,5
6,37,5
7,37,5
8,37,5
9,37,5
10,37,5
11,37,5
12,37,5
13,37,5
14,37,5
15,37,5
16,37,5
17,37,5
18,37,5
19,37,5
20,37,5
21,37,5
22,37,5
23,37,5
24,37,5
26,37,5
27,37,5
28,37,5
29,37,5
30,37,5
31,37,5
32,37,5
33,37,5
34,37,5
35,37,5
36,37,5
38,37,5
39,37,5
40,37,5
41,37,5
42,37,5
43,37,5
44,37,5
45,37,5
46,37,5
47,37,5
48,37,5
49,37,5
51,37,5
52,37,5
53,37,5
54,37,5
55,37,5
56,37,5
57,37,5
58,37,5
59,37,5
60,37,5
61,37,5
62,37,5
63,37,5
64,37,5
65,37,5
66,37,5
67,37,5
68,37,5
69,37,5
70,37,5
71,37,5
72,37,5
73,37,5
74,37,5
1,38,5
2,38,5
3,38,5
4,38,5
5,38,5
6,38,5
7,38,5
8,38,5
9,38,5
10,38,5
11,38,5
12,38,5
13,38,5
14,38,5
15,38,5
16,38,5
17,38,5
18,38,5
19,38,5
20,38,5
21,38,5
22,38,5
23,38,5
24,38,5
26,38,5
27,38,5
28,38,5
29,38,5
30,38,5
31,38,5
32,38,5
33,38,5
34,38,5
35,38,5
36,38,5
37,38,5
39,38,5
40,38,5
41,38,5
42,38,5
43,38,5
44,38,5
45,38,5
46,38,5
47,38,5
48,38,5
49,38,5
51,38,5
52,38,5
53,38,5
54,38,5
55,38,5
56,38,5
57,38,5
58,38,5
59,38,5
60,38,5
61,38,5
62,38,5
63,38,5
64,38,5
65,38,5
66,38,5
67,38,5
68,38,5
69,38,5
70,38,5
71,38,5
72,38,5
73,38,5
74,38,5
1,39,10
2,39,5
3,39,40
4,39,20
5,39,10
6,39,10
7,39,15
8,39,30
9,39,40
10,39,40
11,39,10
12,39,20
13,39,10
14,39,30
15,39,5
16,39,10
17,39,40
18,39,10
19,39,30
20,39,10
21,39,40
22,39,10
23,39,10
24,39,20
26,39,5
27,39,30
28,39,40
29,39,40
30,39,20
31,39,40
32,39,10
33,39,40
34,39,20
35,39,10
36,39,40
37,39,5
38,39,5
40,39,10
41,39,30
42,39,10
43,39,15
44,39,40
45,39,10
46,39,10
47,39,10
48,39,5
49,39,20
51,39,10
52,39,30
53,39,40
54,39,20
55,39,30
56,39,40
57,39,20
58,39,10
59,39,10
60,39,40
61,39,30
62,39,25
63,39,10
64,39,5
65,39,10
66,39,40
67,39,20
68,39,10
69,39,10
70,39,10
71,39,30
72,39,30
73,39,5
74,39,10
1,40,10
2,40,5
3,40,10
4,40,10
5,40,10
6,40,10
7,40,10
8,40,10
9,40,10
10,40,10
11,40,10
12,40,10
13,40,10
14,40,10
15,40,5
16,40,10
17,40,10
18,40,10
19,40,10
20,40,10
21,40,10
22,40,10
23,40,10
24,40,10
26,40,5
27,40,10
28,40,10
29,40,10
30,40,10
31,40,10
32,40,10
33,40,10
34,40,10
35,40,10
36,40,10
37,40,5
38,40,5
39,40,10
41,40,10
42,40,10
43,40,10
44,40,10
45,40,10
46,40,10
47,40,10
48,40,5
49,40,10
51,40,10
52,40,10
53,40,10
54,40,10
55,40,10
56,40,10
57,40,10
58,40,10
59,40,10
60,40,10
61,40,10
62,40,10
63,40,10
64,40,5
65,40,10
66,40,10
67,40,10
68,40,10
69,40,10
70,40,10
71,40,10
72,40,10
73,40,5
74,40,10
1,41,10
2,41,5
3,41,30
4,41,20
5,41,10
6,41,10
7,41,15
8,41,30
9,41,30
10,41,30
11,41,10
12,41,20
13,41,10
14,41,30
15,41,5
16,41,10
17,41,30
18,41,10
19,41,30
20,41,10
21,41,30
22,41,10
23,41,10
24,41,20
26,41,5
27,41,30
28,41,30
29,41,30
30,41,20
31,41,30
32,41,10
33,41,30
34,41,20
35,41,10
36,41,30
37,41,5
38,41,5
39,41,30
40,41,10
42,41,10
43,41,15
44,41,30
45,41,10
46,41,10
47,41,10
48,41,5
49,41,20
51,41,10
52,41,30
53,41,30
54,41,20
55,41,30
56,41,30
57,41,20
58,41,10
59,41,10
60,41,30
61,41,30
62,41,25
63,41,10
64,41,5
65,41,10
66,41,30
67,41,20
68,41,10
69,41,10
70,41,10
71,41,30
72,41,30
73,41,5
74,41,10
1,42,10
2,42,5
3,42,10
4,42,10
5,42,10
6,42,10
7,42,10
8,42,10
9,42,10
10,42,10
11,42,10
12,42,10
13,42,10
14,42,10
15,42,5
16,42,10
17,42,10
18,42,10
19,42,10
20,42,10
21,42,10
22,42,10
23,42,10
24,42,10
26,42,5
27,42,10
28,42,10
29,42,10
30,42,10
31,42,10
32,42,10
33,42,10
34,42,10
35,42,10
36,42,10
37,42,5
38,42,5
39,42,10
40,42,10
41,42,10
43,42,10
44,42,10
45,42,10
46,42,10
47,42,10
48,42,5
49,42,10
51,42,10
52,42,10
53,42,10
54,42,10
55,42,10
56,42,10
57,42,10
58,42,10
59,42,10
60,42,10
61,42,10
62,42,10
63,42,10
64,42,5
65,42,10
66,42,10
67,42,10
68,42,10
69,42,10
70,42,10
71,42,10
72,42,10
73,42,5
74,42,10
1,43,10
2,43,5
3,43,15
4,43,15
5,43,10
6,43,10
7,43,15
8,43,15
9,43,15
10,43,15
11,43,10
12,43,15
13,43,10
14,43,15
15,43,5
16,43,10
17,43,15
18,43,10
19,43,15
20,43,10
21,43,15
22,43,10
23,43,10
24,43,15
26,43,5
27,43,15
28,43,15
29,43,15
30,43,15
31,43,15
32,43,10
33,43,15
34,43,15
35,43,10
36,43,15
37,43,5
38,43,5
39,43,15
40,43,10
41,43,15
42,43,10
44,43,15
45,43,10
46,43,10
47,43,10
48,43,5
49,43,15
51,43,10
52,43,15
53,43,15
54,43,15
55,43,15
56,43,15
57,43,15
58,43,10
59,43,10
60,43,15
61,43,15
62,43,15
63,43,10
64,43,5
65,43,10
66,43,15
67,43,15
68,43,10
69,43,10
70,43,10
71,43,15
72,43,15
73,43,5
74,43,10
1,44,10
2,44,5
3,44,50
4,44,20
5,44,10
6,44,10
7,44,15
8,44,30
9,44,50
10,44,40
11,44,10
12,44,20
13,44,10
14,44,30
15,44,5
16,44,10
17,44,45
18,44,10
19,44,30
20,44,10
21,44,50
22,44,10
23,44,10
24,44,20
26,44,5
27,44,30
28,44,50
29,44,50
30,44,20
31,44,40
32,44,10
33,44,50
34,44,20
35,44,10
36,44,50
37,44,5
38,44,5
39,44,40
40,44,10
41,44,30
42,44,10
43,44,15
45,44,10
46,44,10
47,44,10
48,44,5
49,44,20
51,44,10
52,44,30
53,44,40
54,44,20
55,44,30
56,44,50
57,44,20
58,44,10
59,44,10
60,44,50
61,44,30
62,44,25
63,44,10
64,44,5
65,44,10
66,44,50
67,44,20
68,44,10
69,44,10
70,44,10
71,44,30
72,44,30
73,44,5
74,44,10
1,45,10
2,45,5
3,45,10
4,45,10
5,45,10
6,45,10
7,45,10
8,45,10
9,45,10
10,45,10
11,45,10
12,45,10
13,45,10
14,45,10
15,45,5
16,45,10
17,45,10
18,45,10
19,45,10
20,45,10
21,45,10
22,45,10
23,45,10
24,45,10
26,45,5
27,45,10
28,45,10
29,45,10
30,45,10
31,45,10
32,45,10
33,45,10
34,45,10
35,45,10
36,45,10
37,45,5
38,45,5
39,45,10
40,45,10
41,45,10
42,45,10
43,45,10
44,45,10
46,45,10
47,45,10
48,45,5
49,45,10
51,45,10
52,45,10
53,45,10
54,45,10
55,45,10
56,45,10
57,45,10
58,45,10
59,45,10
60,45,10
61,45,10
62,45,10
63,45,10
64,45,5
65,45,10
66,45,10
67,45,10
68,45,10
69,45,10
70,45,10
71,45,10
72,45,10
73,45,5
74,45,10
1,46,10
2,46,5
3,46,10
4,46,10
5,46,10
6,46,10
7,46,10
8,46,10
9,46,10
10,46,10
11,46,10
12,46,10
13,46,10
14,46,10
15,46,5
16,46,10
17,46,10
18,46,10
19,46,10
20,46,10
21,46,10
22,46,10
23,46,10
24,46,10
26,46,5
27,46,10
28,46,10
29,46,10
30,46,10
31,46,10
32,46,10
33,46,10
34,46,10
35,46,10
36,46,10
37,46,5
38,46,5
39,46,10
40,46,10
41,46,10
42,46,10
43,46,10
44,46,10
45,46,10
47,46,10
48,46,5
49,46,10
51,46,10
52,46,10
53,46,10
54,46,10
55,46,10
56,46,10
57,46,10
58,46,10
59,46,10
60,46,10
61,46,10
62,46,10
63,46,10
64,46,5
65,46,10
66,46,10
67,46,10
68,46,10
69,46,10
70,46,10
71,46,10
72,46,10
73,46,5
74,46,10
1,47,10
2,47,5
3,47,10
4,47,10
5,47,10
6,47,10
7,47,10
8,47,10
9,47,10
10,47,10
11,47,10
12,47,10
13,47,10
14,47,10
15,47,5
16,47,10
17,47,10
18,47,10
19,47,10
20,47,10
21,47,10
22,47,10
23,47,10
24,47,10
26,47,5
27,47,10
28,47,10
29,47,10
30,47,10
31,47,10
32,47,10
33,47,10
34,47,10
35,47,10
36,47,10
37,47,5
38,47,5
39,47,10
40,47,10
41,47,10
42,47,10
43,47,10
44,47,10
45,47,10
46,47,10
48,47,5
49,47,10
51,47,10
52,47,10
53,47,10
54,47,10
55,47,10
56,47,10
57,47,10
58,47,10
59,47,10
60,47,10
61,47,10
62,47,10
63,47,10
64,47,5
65,47,10
66,47,10
67,47,10
68,47,10
69,47,10
70,47,10
71,47,10
72,47,10
73,47,5
74,47,10
1,48,5
2,48,5
3,48,5
4,48,5
5,48,5
6,48,5
7,48,5
8,48,5
9,48,5
10,48,5
11,48,5
12,48,5
13,48,5
14,48,5
15,48,5
16,48,5
17,48,5
18,48,5
19,48,5
20,48,5
21,48,5
22,48,5
23,48,5
24,48,5
26,48,5
27,48,5
28,48,5
29,48,5
30,48,5
31,48,5
32,48,5
33,48,5
34,48,5
35,48,5
36,48,5
37,48,5
38,48,5
39,48,5
40,48,5
41,48,5
42,48,5
43,48,5
44,48,5
45,48,5
46,48,5
47,48,5
49,48,5
51,48,5
52,48,5
53,48,5
54,48,5
55,48,5
56,48,5
57,48,5
58,48,5
59,48,5
60,48,5
61,48,5
62,48,5
63,48,5
64,48,5
65,48,5
66,48,5
67,48,5
68,48,5
69,48,5
70,48,5
71,48,5
72,48,5
73,48,5
74,48,5
1,49,10
2,49,5
3,49,20
4,49,20
5,49,10
6,49,10
7,49,15
8,49,20
9,49,20
10,49,20
11,49,10
12,49,20
13,49,10
14,49,20
15,49,5
16,49,10
17,49,20
18,49,10
19,49,20
20,49,10
21,49,20
22,49,10
23,49,10
24,49,20
26,49,5
27,49,20
28,49,20
29,49,20
30,49,20
31,49,20
32,49,10
33,49,20
34,49,20
35,49,10
36,49,20
37,49,5
38,49,5
39,49,20
40,49,10
41,49,20
42,49,10
43,49,15
44,49,20
45,49,10
46,49,10
47,49,10
48,49,5
51,49,10
52,49,20
53,49,20
54,49,20
55,49,20
56,49,20
57,49,20
58,49,10
59,49,10
60,49,20
61,49,20
62,49,20
63,49,10
64,49,5
65,49,10
66,49,20
67,49,20
68,49,10
69,49,10
70,49,10
71,49,20
72,49,20
73,49,5
74,49,10
1,51,10
2,51,5
3,51,10
4,51,10
5,51,10
6,51,10
7,51,10
8,51,10
9,51,10
10,51,10
11,51,10
12,51,10
13,51,10
14,51,10
15,51,5
16,51,10
17,51,10
18,51,10
19,51,10
20,51,10
21,51,10
22,51,10
23,51,10
24,51,10
26,51,5
27,51,10
28,51,10
29,51,10
30,51,10
31,51,10
32,51,10
33,51,10
34,51,10
35,51,10
36,51,10
37,51,5
38,51,5
39,51,10
40,51,10
41,51,10
42,51,10
43,51,10
44,51,10
45,51,10
46,51,10
47,51,10
48,51,5
49,51,10
52,51,10
53,51,10
54,51,10
55,51,10
56,51,10
57,51,10
58,51,10
59,51,10
60,51,10
61,51,10
62,51,10
63,51,10
64,51,5
65,51,10
66,51,10
67,51,10
68,51,10
69,51,10
70,51,10
71,51,10
72,51,10
73,51,5
74,51,10
1,52,10
2,52,5
3,52,30
4,52,20
5,52,10
6,52,10
7,52,15
8,52,30
9,52,30
10,52,30
11,52,10
12,52,20
13,52,10
14,52,30
15,52,5
16,52,10
17,52,30
18,52,10
19,52,30
20,52,10
21,52,30
22,52,10
23,52,10
24,52,20
26,52,5
27,52,30
28,52,30
29,52,30
30,52,20
31,52,30
32,52,10
33,52,30
34,52,20
35,52,10
36,52,30
37,52,5
38,52,5
39,52,30
40,52,10
41,52,30
42,52,10
43,52,15
44,52,30
45,52,10
46,52,10
47,52,10
48,52,5
49,52,20
51,52,10
53,52,30
54,52,20
55,52,30
56,52,30
57,52,20
58,52,10
59,52,10
60,52,30
61,52,30
62,52,25
63,52,10
64,52,5
65,52,10
66,52,30
67,52,20
68,52,10
69,52,10
70,52,10
71,52,30
72,52,30
73,52,5
74,52,10
1,53,10
2,53,5
3,53,40
4,53,20
5,53,10
6,53,10
7,53,15
8,53,30
9,53,40
10,53,40
11,53,10
12,53,20
13,53,10
14,53,30
15,53,5
16,53,10
17,53,40
18,53,10
19,53,30
20,53,10
21,53,40
22,53,10
23,53,10
24,53,20
26,53,5
27,53,30
28,53,40
29,53,40
30,53,20
31,53,40
32,53,10
33,53,40
34,53,20
35,53,10
36,53,40
37,53,5
38,53,5
39,53,40
40,53,10
41,53,30
42,53,10
43,53,15
44,53,40
45,53,10
46,53,10
47,53,10
48,53,5
49,53,20
51,53,10
52,53,30
54,53,20
55,53,30
56,53,40
57,53,20
58,53,10
59,53,10
60,53,40
61,53,30
62,53,25
63,53,10
64,53,5
65,53,10
66,53,40
67,53,20
68,53,10
69,53,10
70,53,10
71,53,30
72,53,30
73,53,5
74,53,10
1,54,10
2,54,5
3,54,20
4,54,20
5,54,10
6,54,10
7,54,15
8,54,20
9,54,20
10,54,20
11,54,10
12,54,20
13,54,10
14,54,20
15,54,5
16,54,10
17,54,20
18,54,10
19,54,20
20,54,10
21,54,20
22,54,10
23,54,10
24,54,20
26,54,5
27,54,20
28,54,20
29,54,20
30,54,20
31,54,20
32,54,10
33,54,20
34,54,20
35,54,10
36,54,20
37,54,5
38,54,5
39,54,20
40,54,10
41,54,20
42,54,10
43,54,15
44,54,20
45,54,10
46,54,10
47,54,10
48,54,5
49,54,20
51,54,10
52,54,20
53,54,20
55,54,20
56,54,20
57,54,20
58,54,10
59,54,10
60,54,20
61,54,20
62,54,20
63,54,10
64,54,5
65,54,10
66,54,20
67,54,20
68,54,10
69,54,10
70,54,10
71,54,20
72,54,20
73,54,5
74,54,10
1,55,10
2,55,5
3,55,30
4,55,20
5,55,10
6,55,10
7,55,15
8,55,30
9,55,30
10,55,30
11,55,10
12,55,20
13,55,10
14,55,30
15,55,5
16,55,10
17,55,30
18,55,10
19,55,30
20,55,10
21,55,30
22,55,10
23,55,10
24,55,20
26,55,5
27,55,30
28,55,30
29,55,30
30,55,20
31,55,30
32,55,10
33,55,30
34,55,20
35,55,10
36,55,30
37,55,5
38,55,5
39,55,30
40,55,10
41,55,30
42,55,10
43,55,15
44,55,30
45,55,10
46,55,10
47,55,10
48,55,5
49,55,20
51,55,10
52,55,30
53,55,30
54,55,20
56,55,30
57,55,20
58,55,10
59,55,10
60,55,30
61,55,30
62,55,25
63,55,10
64,55,5
65,55,10
66,55,30
67,55,20
68,55,10
69,55,10
70,55,10
71,55,30
72,55,30
73,55,5
74,55,10
1,56,10
2,56,5
3,56,75
4,56,20
5,56,10
6,56,10
7,56,15
8,56,30
9,56,55
10,56,40
11,56,10
12,56,20
13,56,10
14,56,30
15,56,5
16,56,10
17,56,45
18,56,10
19,56,30
20,56,10
21,56,50
22,56,10
23,56,10
24,56,20
26,56,5
27,56,30
28,56,75
29,56,60
30,56,20
31,56,40
32,56,10
33,56,100
34,56,20
35,56,10
36,56,60
37,56,5
38,56,5
39,56,40
40,56,10
41,56,30
42,56,10
43,56,15
44,56,50
45,56,10
46,56,10
47,56,10
48,56,5
49,56,20
51,56,10
52,56,30
53,56,40
54,56,20
55,56,30
57,56,20
58,56,10
59,56,10
60,56,110
61,56,30
62,56,25
63,56,10
64,56,5
65,56,10
66,56,60
67,56,20
68,56,10
69,56,10
70,56,10
71,56,30
72,56,30
73,56,5
74,56,10
1,57,10
2,57,5
3,57,20
4,57,20
5,57,10
6,57,10
7,57,15
8,57,20
9,57,20
10,57,20
11,57,10
12,57,20
13,57,10
14,57,20
15,57,5
16,57,10
17,57,20
18,57,10
19,57,20
20,57,10
21,57,20
22,57,10
23,57,10
24,57,20
26,57,5
27,57,20
28,57,20
29,57,20
30,57,20
31,57,20
32,57,10
33,57,20
34,57,20
35,57,10
36,57,20
37,57,5
38,57,5
39,57,20
40,57,10
41,57,20
42,57,10
43,57,15
44,57,20
45,57,10
46,57,10
47,57,10
48,57,5
49,57,20
51,57,10
52,57,20
53,57,20
54,57,20
55,57,20
56,57,20
58,57,10
59,57,10
60,57,20
61,57,20
62,57,20
63,57,10
64,57,5
65,57,10
66,57,20
67,57,20
68,57,10
69,57,10
70,57,10
71,57,20
72,57,20
73,57,5
74,57,10
1,58,10
2,58,5
3,58,10
4,58,10
5,58,10
6,58,10
7,58,10
8,58,10
9,58,10
10,58,10
11,58,10
12,58,10
13,58,10
14,58,10
15,58,5
16,58,10
17,58,10
18,58,10
19,58,10
20,58,10
21,58,10
22,58,10
23,58,10
24,58,10
26,58,5
27,58,10
28,58,10
29,58,10
30,58,10
31,58,10
32,58,10
33,58,10
34,58,10
35,58,10
36,58,10
37,58,5
38,58,5
39,58,10
40,58,10
41,58,10
42,58,10
43,58,10
44,58,10
45,58,10
46,58,10
47,58,10
48,58,5
49,58,10
51,58,10
52,58,10
53,58,10
54,58,10
55,58,10
56,58,10
57,58,10
59,58,10
60,58,10
61,58,10
62,58,10
63,58,10
64,58,5
65,58,10
66,58,10
67,58,10
68,58,10
69,58,10
70,58,10
71,58,10
72,58,10
73,58,5
74,58,10
1,59,10
2,59,5
3,59,10
4,59,10
5,59,10
6,59,10
7,59,10
8,59,10
9,59,10
10,59,10
11,59,10
12,59,10
13,59,10
14,59,10
15,59,5
16,59,10
17,59,10
18,59,10
19,59,10
20,59,10
21,59,10
22,59,10
23,59,10
24,59,10
26,59,5
27,59,10
28,59,10
29,59,10
30,59,10
31,59,10
32,59,10
33,59,10
34,59,10
35,59,10
36,59,10
37,59,5
38,59,5
39,59,10
40,59,10
41,59,10
42,59,10
43,59,10
44,59,10
45,59,10
46,59,10
47,59,10
48,59,5
49,59,10
51,59,10
52,59,10
53,59,10
54,59,10
55,59,10
56,59,10
57,59,10
58,59,10
60,59,10
61,59,10
62,59,10
63,59,10
64,59,5
65,59,10
66,59,10
67,59,10
68,59,10
69,59,10
70,59,10
71,59,10
72,59,10
73,59,5
74,59,10
1,60,10
2,60,5
3,60,75
4,60,20
5,60,10
6,60,10
7,60,15
8,60,30
9,60,55
10,60,40
11,60,10
12,60,20
13,60,10
14,60,30
15,60,5
16,60,10
17,60,45
18,60,10
19,60,30
20,60,10
21,60,50
22,60,10
23,60,10
24,60,20
26,60,5
27,60,30
28,60,75
29,60,60
30,60,20
31,60,40
32,60,10
33,60,100
34,60,20
35,60,10
36,60,60
37,60,5
38,60,5
39,60,40
40,60,10
41,60,30
42,60,10
43,60,15
44,60,50
45,60,10
46,60,10
47,60,10
48,60,5
49,60,20
51,60,10
52,60,30
53,60,40
54,60,20
55,60,30
56,60,110
57,60,20
58,60,10
59,60,10
61,60,30
62,60,25
63,60,10
64,60,5
65,60,10
66,60,60
67,60,20
68,60,10
69,60,10
70,60,10
71,60,30
72,60,30
73,60,5
74,60,10
1,61,10
2,61,5
3,61,30
4,61,20
5,61,10
6,61,10
7,61,15
8,61,30
9,61,30
10,61,30
11,61,10
12,61,20
13,61,10
14,61,30
15,61,5
16,61,10
17,61,30
18,61,10
19,61,30
20,61,10
21,61,30
22,61,10
23,61,10
24,61,20
26,61,5
27,61,30
28,61,30
29,61,30
30,61,20
31,61,30
32,61,10
33,61,30
34,61,20
35,61,10
36,61,30
37,61,5
38,61,5
39,61,30
40,61,10
41,61,30
42,61,10
43,61,15
44,61,30
45,61,10
46,61,10
47,61,10
48,61,5
49,61,20
51,61,10
52,61,30
53,61,30
54,61,20
55,61,30
56,61,30
57,61,20
58,61,10
59,61,10
60,61,30
62,61,25
63,61,10
64,61,5
65,61,10
66,61,30
67,61,20
68,61,10
69,61,10
70,61,10
71,61,30
72,61,30
73,61,5
74,61,10
1,62,10
2,62,5
3,62,25
4,62,20
5,62,10
6,62,10
7,62,15
8,62,25
9,62,25
10,62,25
11,62,10
12,62,20
13,62,10
14,62,25
15,62,5
16,62,10
17,62,25
18,62,10
19,62,25
20,62,10
21,62,25
22,62,10
23,62,10
24,62,20
26,62,5
27,62,25
28,62,25
29,62,25
30,62,20
31,62,25
32,62,10
33,62,25
34,62,20
35,62,10
36,62,25
37,62,5
38,62,5
39,62,25
40,62,10
41,62,25
42,62,10
43,62,15
44,62,25
45,62,10
46,62,10
47,62,10
48,62,5
49,62,20
51,62,10
52,62,25
53,62,25
54,62,20
55,62,25
56,62,25
57,62,20
58,62,10
59,62,10
60,62,25
61,62,25
63,62,10
64,62,5
65,62,10
66,62,25
67,62,20
68,62,10
69,62,10
70,62,10
71,62,25
72,62,25
73,62,5
74,62,10
1,63,10
2,63,5
3,63,10
4,63,10
5,63,10
6,63,10
7,63,10
8,63,10
9,63,10
10,63,10
11,63,10
12,63,10
13,63,10
14,63,10
15,63,5
16,63,10
17,63,10
18,63,10
19,63,10
20,63,10
21,63,10
22,63,10
23,63,10
24,63,10
26,63,5
27,63,10
28,63,10
29,63,10
30,63,10
31,63,10
32,63,10
33,63,10
34,63,10
35,63,10
36,63,10
37,63,5
38,63,5
39,63,10
40,63,10
41,63,10
42,63,10
43,63,10
44,63,10
45,63,10
46,63,10
47,63,10
48,63,5
49,63,10
51,63,10
52,63,10
53,63,10
54,63,10
55,63,10
56,63,10
57,63,10
58,63,10
59,63,10
60,63,10
61,63,10
62,63,10
64,63,5
65,63,10
66,63,10
67,63,10
68,63,10
69,63,10
70,63,10
71,63,10
72,63,10
73,63,5
74,63,10
1,64,5
2,64,5
3,64,5
4,64,5
5,64,5
6,64,5
7,64,5
8,64,5
9,64,5
10,64,5
11,64,5
12,64,5
13,64,5
14,64,5
15,64,5
16,64,5
17,64,5
18,64,5
19,64,5
20,64,5
21,64,5
22,64,5
23,64,5
24,64,5
26,64,5
27,64,5
28,64,5
29,64,5
30,64,5
31,64,5
32,64,5
33,64,5
34,64,5
35,64,5
36,64,5
37,64,5
38,64,5
39,64,5
40,64,5
41,64,5
42,64,5
43,64,5
44,64,5
45,64,5
46,64,5
47,64,5
48,64,5
49,64,5
51,64,5
52,64,5
53,64,5
54,64,5
55,64,5
56,64,5
57,64,5
58,64,5
59,64,5
60,64,5
61,64,5
62,64,5
63,64,5
65,64,5
66,64,5
67,64,5
68,64,5
69,64,5
70,64,5
71,64,5
72,64,5
73,64,5
74,64,5
1,65,10
2,65,5
3,65,10
4,65,10
5,65,10
6,65,10
7,65,10
8,65,10
9,65,10
10,65,10
11,65,10
12,65,10
13,65,10
14,65,10
15,65,5
16,65,10
17,65,10
18,65,10
19,65,10
20,65,10
21,65,10
22,65,10
23,65,10
24,65,10
26,65,5
27,65,10
28,65,10
29,65,10
30,65,10
31,65,10
32,65,10
33,65,10
34,65,10
35,65,10
36,65,10
37,65,5
38,65,5
39,65,10
40,65,10
41,65,10
42,65,10
43,65,10
44,65,10
45,65,10
46,65,10
47,65,10
48,65,5
49,65,10
51,65,10
52,65,10
53,65,10
54,65,10
55,65,10
56,65,10
57,65,10
58,65,10
59,65,10
60,65,10
61,65,10
62,65,10
63,65,10
64,65,5
66,65,10
67,65,10
68,65,10
69,65,10
70,65,10
71,65,10
72,65,10
73,65,5
74,65,10
1,66,10
2,66,5
3,66,60
4,66,20
5,66,10
6,66,10
7,66,15
8,66,30
9,66,55
10,66,40
11,66,10
12,66,20
13,66,10
14,66,30
15,66,5
16,66,10
17,66,45
18,66,10
19,66,30
20,66,10
21,66,50
22,66,10
23,66,10
24,66,20
26,66,5
27,66,30
28,66,60
29,66,60
30,66,20
31,66,40
32,66,10
33,66,60
34,66,20
35,66,10
36,66,60
37,66,5
38,66,5
39,66,40
40,66,10
41,66,30
42,66,10
43,66,15
44,66,50
45,66,10
46,66,10
47,66,10
48,66,5
49,66,20
51,66,10
52,66,30
53,66,40
54,66,20
55,66,30
56,66,60
57,66,20
58,66,10
59,66,10
60,66,60
61,66,30
62,66,25
63,66,10
64,66,5
65,66,10
67,66,20
68,66,10
69,66,10
70,66,10
71,66,30
72,66,30
73,66,5
74,66,10
1,67,10
2,67,5
3,67,20
4,67,20
5,67,10
6,67,10
7,67,15
8,67,20
9,67,20
10,67,20
11,67,10
12,67,20
13,67,10
14,67,20
15,67,5
16,67,10
17,67,20
18,67,10
19,67,20
20,67,10
21,67,20
22,67,10
23,67,10
24,67,20
26,67,5
27,67,20
28,67,20
29,67,20
30,67,20
31,67,20
32,67,10
33,67,20
34,67,20
35,67,10
36,67,20
37,67,5
38,67,5
39,67,20
40,67,10
41,67,20
42,67,10
43,67,15
44,67,20
45,67,10
46,67,10
47,67,10
48,67,5
49,67,20
51,67,10
52,67,20
53,67,20
54,67,20
55,67,20
56,67,20
57,67,20
58,67,10
59,67,10
60,67,20
61,67,20
62,67,20
63,67,10
64,67,5
65,67,10
66,67,20
68,67,10
69,67,10
70,67,10
71,67,20
72,67,20
73,67,5
74,67,10
1,68,10
2,68,5
3,68,10
4,68,10
5,68,10
6,68,10
7,68,10
8,68,10
9,68,10
10,68,10
11,68,10
12,68,10
13,68,10
14,68,10
15,68,5
16,68,10
17,68,10
18,68,10
19,68,10
20,68,10
21,68,10
22,68,10
23,68,10
24,68,10
26,68,5
27,68,10
28,68,10
29,68,10
30,68,10
31,68,10
32,68,10
33,68,10
34,68,10
35,68,10
36,68,10
37,68,5
38,68,5
39,68,10
40,68,10
41,68,10
42,68,10
43,68,10
44,68,10
45,68,10
46,68,10
47,68,10
48,68,5
49,68,10
51,68,10
52,68,10
53,68,10
54,68,10
55,68,10
56,68,10
57,68,10
58,68,10
59,68,10
60,68,10
61,68,10
62,68,10
63,68,10
64,68,5
65,68,10
66,68,10
67,68,10
69,68,10
70,68,10
71,68,10
72,68,10
73,68,5
74,68,10
1,69,10
2,69,5
3,69,10
4,69,10
5,69,10
6,69,10
7,69,10
8,69,10
9,69,10
10,69,10
11,69,10
12,69,10
13,69,10
14,69,10
15,69,5
16,69,10
17,69,10
18,69,10
19,69,10
20,69,10
21,69,10
22,69,10
23,69,10
24,69,10
26,69,5
27,69,10
28,69,10
29,69,10
30,69,10
31,69,10
32,69,10
33,69,10
34,69,10
35,69,10
36,69,10
37,69,5
38,69,5
39,69,10
40,69,10
41,69,10
42,69,10
43,69,10
44,69,10
45,69,10
46,69,10
47,69,10
48,69,5
49,69,10
51,69,10
52,69,10
53,69,10
54,69,10
55,69,10
56,69,10
57,69,10
58,69,10
59,69,10
60,69,10
61,69,10
62,69,10
63,69,10
64,69,5
65,69,10
66,69,10
67,69,10
68,69,10
70,69,10
71,69,10
72,69,10
73,69,5
74,69,10
1,70,10
2,70,5
3,70,10
4,70,10
5,70,10
6,70,10
7,70,10
8,70,10
9,70,10
10,70,10
11,70,10
12,70,10
13,70,10
14,70,10
15,70,5
16,70,10
17,70,10
18,70,10
19,70,10
20,70,10
21,70,10
22,70,10
23,70,10
24,70,10
26,70,5
27,70,10
28,70,10
29,70,10
30,70,10
31,70,10
32,70,10
33,70,10
34,70,10
35,70,10
36,70,10
37,70,5
38,70,5
39,70,10
40,70,10
41,70,10
42,70,10
43,70,10
44,70,10
45,70,10
46,70,10
47,70,10
48,70,5
49,70,10
51,70,10
52,70,10
53,70,10
54,70,10
55,70,10
56,70,10
57,70,10
58,70,10
59,70,10
60,70,10
61,70,10
62,70,10
63,70,10
64,70,5
65,70,10
66,70,10
67,70,10
68,70,10
69,70,10
71,70,10
72,70,10
73,70,5
74,70,10
1,71,10
2,71,5
3,71,30
4,71,20
5,71,10
6,71,10
7,71,15
8,71,30
9,71,30
10,71,30
11,71,10
12,71,20
13,71,10
14,71,30
15,71,5
16,71,10
17,71,30
18,71,10
19,71,30
20,71,10
21,71,30
22,71,10
23,71,10
24,71,20
26,71,5
27,71,30
28,71,30
29,71,30
30,71,20
31,71,30
32,71,10
33,71,30
34,71,20
35,71,10
36,71,30
37,71,5
38,71,5
39,71,30
40,71,10
41,71,30
42,71,10
43,71,15
44,71,30
45,71,10
46,71,10
47,71,10
48,71,5
49,71,20
51,71,10
52,71,30
53,71,30
54,71,20
55,71,30
56,71,30
57,71,20
58,71,10
59,71,10
60,71,30
61,71,30
62,71,25
63,71,10
64,71,5
65,71,10
66,71,30
67,71,20
68,71,10
69,71,10
70,71,10
72,71,30
73,71,5
74,71,10
1,72,10
2,72,5
3,72,30
4,72,20
5,72,10
6,72,10
7,72,15
8,72,30
9,72,30
10,72,30
11,72,10
12,72,20
13,72,10
14,72,30
15,72,5
16,72,10
17,72,30
18,72,10
19,72,30
20,72,10
21,72,30
22,72,10
23,72,10
24,72,20
26,72,5
27,72,30
28,72,30
29,72,30
30,72,20
31,72,30
32,72,10
33,72,30
34,72,20
35,72,10
36,72,30
37,72,5
38,72,5
39,72,30
40,72,10
41,72,30
42,72,10
43,72,15
44,72,30
45,72,10
46,72,10
47,72,10
48,72,5
49,72,20
51,72,10
52,72,30
53,72,30
54,72,20
55,72,30
56,72,30
57,72,20
58,72,10
59,72,10
60,72,30
61,72,30
62,72,25
63,72,10
64,72,5
65,72,10
66,72,30
67,72,20
68,72,10
69,72,10
70,72,10
71,72,30
73,72,5
74,72,10
1,73,5
2,73,5
3,73,5
4,73,5
5,73,5
6,73,5
7,73,5
8,73,5
9,73,5
10,73,5
11,73,5
12,73,5
13,73,5
14,73,5
15,73,5
16,73,5
17,73,5
18,73,5
19,73,5
20,73,5
21,73,5
22,73,5
23,73,5
24,73,5
26,73,5
27,73,5
28,73,5
29,73,5
30,73,5
31,73,5
32,73,5
33,73,5
34,73,5
35,73,5
36,73,5
37,73,5
38,73,5
39,73,5
40,73,5
41,73,5
42,73,5
43,73,5
44,73,5
45,73,5
46,73,5
47,73,5
48,73,5
49,73,5
51,73,5
52,73,5
53,73,5
54,73,5
55,73,5
56,73,5
57,73,5
58,73,5
59,73,5
60,73,5
61,73,5
62,73,5
63,73,5
64,73,5
65,73,5
66,73,5
67,73,5
68,73,5
69,73,5
70,73,5
71,73,5
72,73,5
74,73,5
1,74,10
2,74,5
3,74,10
4,74,10
5,74,10
6,74,10
7,74,10
8,74,10
9,74,10
10,74,10
11,74,10
12,74,10
13,74,10
14,74,10
15,74,5
16,74,10
17,74,10
18,74,10
19,74,10
20,74,10
21,74,10
22,74,10
23,74,10
24,74,10
26,74,5
27,74,10
28,74,10
29,74,10
30,74,10
31,74,10
32,74,10
33,74,10
34,74,10
35,74,10
36,74,10
37,74,5
38,74,5
39,74,10
40,74,10
41,74,10
42,74,10
43,74,10
44,74,10
45,74,10
46,74,10
47,74,10
48,74,5
49,74,10
51,74,10
52,74,10
53,74,10
54,74,10
55,74,10
56,74,10
57,74,10
58,74,10
59,74,10
60,74,10
61,74,10
62,74,10
63,74,10
64,74,5
65,74,10
66,74,10
67,74,10
68,74,10
69,74,10
70,74,10
71,74,10
72,74,10
73,74,5
