-2.53,51.501,1
-2.5295,51.502,2
-2.5293,51.502,3
-2.5291,51.502,1
-2.5297,51.501,2
-2.5293,51.502,1
-2.5292,51.502,2
-2.5292,51.502,1
-2.5279,51.504,2
-2.529,51.502,1
-2.5291,51.502,2
-2.5277,51.504,1
-2.529,51.502,2
-2.5279,51.504,1
-2.5276,51.505,2
-2.5274,51.505,1
-2.5277,51.504,2
-2.5276,51.505,1
-2.5273,51.506,2
-2.5271,51.505,1
-2.5274,51.505,2
-2.5572,51.485,1
-2.5564,51.486,2
-2.5558,51.486,3
-2.5509,51.488,4
-2.544,51.492,5
-2.5406,51.493,6
-2.539,51.494,7
-2.5373,51.495,8
-2.5349,51.496,9
-2.5329,51.498,10
-2.5314,51.499,11
-2.53,51.501,12
-2.5297,51.501,1
-2.5303,51.5,2
-2.5313,51.499,3
-2.5328,51.498,4
-2.5347,51.496,5
-2.536,51.495,6
-2.5372,51.495,7
-2.5387,51.494,8
-2.5438,51.491,9
-2.5473,51.49,10
-2.5532,51.487,11
-2.5558,51.486,12
-2.5563,51.486,13
-2.5571,51.485,14
-2.5273,51.506,1
-2.527,51.506,2
-2.5268,51.506,1
-2.5271,51.505,2
-2.527,51.506,1
-2.5265,51.507,2
-2.5263,51.507,3
-2.5259,51.508,4
-2.5255,51.508,5
-2.5248,51.509,6
-2.5245,51.509,1
-2.525,51.509,2
-2.5255,51.508,3
-2.5255,51.508,4
-2.5258,51.508,5
-2.5261,51.507,6
-2.5264,51.507,7
-2.5268,51.506,8
-2.6029,51.53,1
-2.6021,51.53,2
-2.6007,51.531,3
-2.5989,51.531,4
-2.597,51.532,5
-2.5955,51.533,6
-2.5941,51.533,7
-2.5929,51.534,8
-2.5913,51.535,9
-2.59,51.536,10
-2.5888,51.538,11
-2.5881,51.539,12
-2.5873,51.54,13
-2.5863,51.54,14
-2.5854,51.541,15
-2.5838,51.542,16
-2.5821,51.542,17
-2.5799,51.543,18
-2.5773,51.544,19
-2.5756,51.545,20
-2.5729,51.546,21
-2.57,51.547,22
-2.5692,51.547,23
-2.569,51.547,1
-2.5731,51.545,2
-2.5756,51.545,3
-2.5772,51.544,4
-2.5798,51.543,5
-2.5819,51.542,6
-2.5837,51.542,7
-2.5852,51.541,8
-2.5861,51.54,9
-2.5871,51.539,10
-2.588,51.538,11
-2.5886,51.538,12
-2.5898,51.536,13
-2.5912,51.535,14
-2.5927,51.534,15
-2.5939,51.533,16
-2.5956,51.532,17
-2.5969,51.532,18
-2.5988,51.531,19
-2.6005,51.53,20
-2.602,51.53,21
-2.6027,51.53,22
-2.564,51.471,1
-2.5634,51.472,2
-2.5628,51.472,3
-2.5621,51.473,4
-2.5619,51.473,5
-2.5617,51.473,6
-2.5614,51.474,7
-2.5612,51.474,8
-2.5608,51.475,9
-2.5606,51.476,10
-2.5604,51.476,11
-2.5603,51.477,12
-2.5604,51.478,13
-2.5604,51.478,14
-2.5676,51.469,1
-2.5666,51.47,2
-2.5663,51.47,3
-2.5659,51.47,4
-2.5642,51.471,5
-2.564,51.471,6
-2.5654,51.47,1
-2.5658,51.47,2
-2.5667,51.47,3
-2.5675,51.469,4
-2.5602,51.478,1
-2.5602,51.478,2
-2.5602,51.477,3
-2.5603,51.476,4
-2.5604,51.476,5
-2.5607,51.475,6
-2.561,51.474,7
-2.5613,51.474,8
-2.5615,51.473,9
-2.5618,51.473,10
-2.5621,51.473,11
-2.5627,51.472,12
-2.5632,51.472,13
-2.5635,51.472,14
-2.5639,51.471,15
-2.5643,51.471,16
-2.5646,51.471,17
-2.5649,51.471,18
-2.5654,51.47,19
-2.5745,51.466,1
-2.5749,51.466,2
-2.5754,51.466,3
-2.5768,51.464,4
-2.578,51.463,5
-2.5778,51.464,1
-2.5769,51.464,2
-2.5755,51.466,3
-2.575,51.466,4
-2.5747,51.466,5
-2.5747,51.466,1
-2.5741,51.467,2
-2.5734,51.467,3
-2.573,51.467,4
-2.5722,51.467,5
-2.571,51.468,6
-2.5701,51.468,7
-2.5697,51.468,8
-2.5689,51.468,9
-2.5685,51.469,10
-2.5676,51.469,11
-2.5675,51.469,1
-2.5684,51.469,2
-2.5689,51.468,3
-2.5696,51.468,4
-2.57,51.468,5
-2.5709,51.468,6
-2.5722,51.467,7
-2.5729,51.467,8
-2.5733,51.467,9
-2.5739,51.467,10
-2.5745,51.466,11
-2.6649,51.511,1
-2.6646,51.511,2
-2.6639,51.512,3
-2.6633,51.513,4
-2.6628,51.514,5
-2.6616,51.517,6
-2.6601,51.521,7
-2.6596,51.522,8
-2.6588,51.523,9
-2.6582,51.523,10
-2.6569,51.524,11
-2.6539,51.526,12
-2.6522,51.528,13
-2.6514,51.528,14
-2.6506,51.529,15
-2.6492,51.53,16
-2.6482,51.531,17
-2.6472,51.532,18
-2.6465,51.533,19
-2.6458,51.533,20
-2.6443,51.534,21
-2.6427,51.535,22
-2.6418,51.536,23
-2.6411,51.536,24
-2.6405,51.537,25
-2.6398,51.538,26
-2.6392,51.538,27
-2.6387,51.539,28
-2.6384,51.54,29
-2.6382,51.54,30
-2.6379,51.541,31
-2.6377,51.541,32
-2.6375,51.542,33
-2.6375,51.543,34
-2.6375,51.544,35
-2.6376,51.545,36
-2.6378,51.545,37
-2.638,51.546,38
-2.6384,51.547,39
-2.6389,51.548,40
-2.6393,51.548,41
-2.6399,51.549,42
-2.6405,51.55,43
-2.6412,51.55,44
-2.6421,51.551,45
-2.6446,51.553,46
-2.6471,51.554,47
-2.6484,51.555,48
-2.6501,51.557,49
-2.6521,51.558,50
-2.6545,51.561,51
-2.6562,51.562,52
-2.657,51.563,53
-2.6577,51.564,54
-2.6582,51.565,55
-2.6586,51.566,56
-2.6588,51.566,57
-2.659,51.567,58
-2.6591,51.568,59
-2.6589,51.568,1
-2.6589,51.567,2
-2.6587,51.566,3
-2.6584,51.566,4
-2.658,51.565,5
-2.6576,51.564,6
-2.6569,51.563,7
-2.6561,51.562,8
-2.6543,51.561,9
-2.6519,51.558,10
-2.6499,51.557,11
-2.6483,51.555,12
-2.6469,51.554,13
-2.6445,51.553,14
-2.6419,51.551,15
-2.6411,51.55,16
-2.6404,51.55,17
-2.6398,51.549,18
-2.6392,51.548,19
-2.6387,51.548,20
-2.6382,51.547,21
-2.6379,51.546,22
-2.6376,51.545,23
-2.6374,51.545,24
-2.6374,51.544,25
-2.6373,51.543,26
-2.6374,51.542,27
-2.6376,51.541,28
-2.6378,51.541,29
-2.638,51.54,30
-2.6383,51.54,31
-2.6386,51.539,32
-2.6391,51.538,33
-2.6396,51.538,34
-2.6403,51.537,35
-2.641,51.536,36
-2.6417,51.536,37
-2.6425,51.535,38
-2.6442,51.534,39
-2.6457,51.533,40
-2.6464,51.533,41
-2.6471,51.532,42
-2.6481,51.531,43
-2.649,51.53,44
-2.6505,51.529,45
-2.6514,51.528,46
-2.6521,51.528,47
-2.6538,51.526,48
-2.6568,51.524,49
-2.6581,51.523,50
-2.6587,51.523,51
-2.6595,51.522,52
-2.66,51.52,53
-2.6615,51.517,54
-2.6626,51.514,55
-2.6632,51.513,56
-2.6638,51.512,57
-2.6645,51.511,58
-2.6647,51.511,59
-2.5605,51.479,1
-2.5606,51.48,2
-2.5606,51.48,1
-2.5605,51.481,2
-2.5605,51.481,3
-2.5604,51.481,4
-2.5601,51.482,5
-2.5598,51.483,6
-2.5595,51.483,7
-2.5591,51.484,8
-2.5587,51.484,9
-2.5583,51.485,10
-2.5576,51.485,11
-2.5572,51.485,12
-2.5604,51.478,1
-2.5605,51.479,2
-2.5604,51.48,1
-2.5603,51.479,2
-2.5571,51.485,1
-2.5575,51.485,2
-2.5582,51.484,3
-2.5586,51.484,4
-2.5589,51.484,5
-2.5594,51.483,6
-2.5597,51.483,7
-2.5599,51.482,8
-2.5601,51.482,9
-2.5602,51.481,10
-2.5603,51.481,11
-2.5604,51.481,12
-2.5604,51.48,13
-2.5603,51.479,1
-2.5602,51.478,2
-2.6109,51.528,1
-2.6105,51.529,2
-2.6105,51.528,1
-2.6109,51.528,2
-2.6105,51.529,1
-2.6097,51.529,2
-2.6097,51.529,1
-2.6105,51.528,2
-2.6097,51.529,1
-2.6093,51.529,2
-2.6093,51.529,1
-2.6097,51.529,2
-2.6093,51.529,1
-2.6078,51.529,2
-2.6061,51.529,3
-2.6041,51.53,4
-2.6029,51.53,5
-2.6027,51.53,1
-2.606,51.529,2
-2.6078,51.529,3
-2.6093,51.529,4
-2.6836,51.497,1
-2.6823,51.498,2
-2.68,51.499,3
-2.6775,51.5,4
-2.6731,51.503,5
-2.6701,51.504,6
-2.6681,51.505,7
-2.6661,51.506,8
-2.6638,51.507,9
-2.661,51.509,10
-2.6564,51.511,11
-2.6522,51.513,12
-2.6504,51.514,13
-2.6491,51.515,14
-2.6154,51.527,1
-2.6164,51.527,2
-2.6193,51.526,3
-2.6219,51.525,4
-2.6283,51.522,5
-2.6309,51.521,6
-2.6349,51.52,7
-2.6412,51.518,8
-2.6436,51.517,9
-2.6464,51.516,10
-2.6469,51.515,11
-2.6483,51.515,12
-2.6502,51.514,13
-2.652,51.513,14
-2.6561,51.511,15
-2.6609,51.508,16
-2.6659,51.506,17
-2.668,51.505,18
-2.6699,51.504,19
-2.673,51.502,20
-2.675,51.501,21
-2.6764,51.501,22
-2.6781,51.5,23
-2.6785,51.5,24
-2.6143,51.528,1
-2.6138,51.528,2
-2.6125,51.528,3
-2.6109,51.528,4
-2.6109,51.528,1
-2.6125,51.528,2
-2.6138,51.527,3
-2.6141,51.527,4
-2.6731,51.503,1
-2.6715,51.504,2
-2.6703,51.504,3
-2.6699,51.505,4
-2.6695,51.505,5
-2.6695,51.505,1
-2.6691,51.505,2
-2.6689,51.506,3
-2.6686,51.506,4
-2.6684,51.506,5
-2.6683,51.506,6
-2.6681,51.507,7
-2.668,51.507,8
-2.668,51.507,1
-2.6677,51.508,2
-2.6673,51.509,3
-2.6671,51.509,4
-2.6667,51.509,5
-2.6677,51.507,1
-2.6678,51.506,2
-2.6679,51.505,3
-2.6669,51.509,1
-2.6671,51.509,2
-2.6675,51.508,3
-2.6677,51.507,4
-2.6677,51.507,5
-2.6647,51.511,1
-2.666,51.51,2
-2.6665,51.509,3
-2.6669,51.509,4
-2.6667,51.509,1
-2.6662,51.51,2
-2.6649,51.511,3
-2.668,51.502,1
-2.6681,51.502,2
-2.6683,51.502,3
-2.6687,51.501,4
-2.6691,51.501,5
-2.6698,51.5,6
-2.6706,51.5,7
-2.6713,51.499,8
-2.672,51.499,9
-2.6727,51.499,10
-2.6733,51.499,11
-2.6679,51.505,1
-2.668,51.502,2
-2.6978,51.485,1
-2.6868,51.495,2
-2.6866,51.495,1
-2.6977,51.485,2
-2.6868,51.495,1
-2.6858,51.496,2
-2.6851,51.496,3
-2.6849,51.496,1
-2.6857,51.495,2
-2.6866,51.495,3
-2.6851,51.496,1
-2.6848,51.496,2
-2.6846,51.496,1
-2.6849,51.496,2
-2.6848,51.496,1
-2.6841,51.497,2
-2.6836,51.497,3
-2.6822,51.498,1
-2.6833,51.497,2
-2.6839,51.497,3
-2.6846,51.496,4
-2.6785,51.5,1
-2.6798,51.499,2
-2.6822,51.498,3
-2.6733,51.499,1
-2.6737,51.499,2
-2.6741,51.499,3
-2.6744,51.499,4
-2.6747,51.499,5
-2.675,51.499,6
-2.6757,51.499,7
-2.6765,51.499,8
-2.6772,51.499,9
-2.6776,51.499,10
-2.678,51.499,11
-2.6784,51.499,12
-2.6786,51.499,13
-2.6788,51.499,14
-2.6791,51.499,15
-2.6794,51.499,16
-2.6797,51.499,17
-2.68,51.499,18
-2.6804,51.498,19
-2.6806,51.498,20
-2.6811,51.498,21
-2.6822,51.498,22
