-0.46642,51.482
-0.13492,51.528
-0.30507,51.459
0.022872,51.612
-0.010093,51.463
-0.12926,51.633
-0.023554,51.528
-0.16823,51.532
-0.20329,51.502
-0.14979,51.491
-0.40386,51.447
-0.086361,51.581
0.17035,51.59
-0.092946,51.502
-0.13403,51.519
-0.023581,51.41
-0.064824,51.474
0.063501,51.49
-0.0075263,51.565
-0.20356,51.421
0.095551,51.487
-0.027755,51.59
0.080081,51.537
-0.1108,51.502
-0.11503,51.338
0.034676,51.406
-0.12963,51.43
0.022756,51.577
0.030944,51.547
-0.13292,51.471
-0.1983,51.653
-0.27478,51.509
-0.37303,51.41
-0.42756,51.576
0.22451,51.606
0.080452,51.588
0.24899,51.556
-0.37374,51.496
0.19128,51.521
0.052503,51.452
-0.11753,51.521
-8.63e-05,51.537
-0.13445,51.513
-0.11585,51.585
-0.14371,51.359
-0.0098948,51.478
-0.091083,51.529
-0.098352,51.56
-0.14401,51.527
-0.04694,51.645
-0.16345,51.481
0.0053037,51.529
-0.3863,51.489
0.080166,51.56
-0.15996,51.422
-0.29274,51.385
-0.15357,51.591
-0.015054,51.513
-0.13978,51.541
-0.080211,51.655
0.065536,51.508
0.10077,51.427
-0.0013635,51.632
-0.43502,51.525
-0.378,51.426
-0.098936,51.325
0.22012,51.559
-0.16944,51.415
-0.22955,51.455
-0.32912,51.448
-0.33369,51.578
-0.11342,51.465
-0.058564,51.433
-0.10078,51.546
-0.22906,51.506
-0.11681,51.562
0.063663,51.5
-0.0045944,51.538
