-0.8124999999,51.64583333,501
-0.7708333332,51.64583333,501
-0.7291666665,51.64583333,501
-0.6874999999,51.64583333,456
-0.6458333332,51.64583333,433
-0.6041666665,51.64583333,434
-0.5624999999,51.64583333,435
-0.5208333332,51.64583333,865
-0.4791666665,51.64583333,1015
-0.4374999999,51.64583333,1608
-0.3958333332,51.64583333,2528
-0.3541666665,51.64583333,1164
-0.3124999999,51.64583333,1905
-0.2708333332,51.64583333,2118
-0.2291666665,51.64583333,3338
-0.1874999999,51.64583333,3821
-0.1458333332,51.64583333,3661
-0.1041666665,51.64583333,3506
-0.06249999986,51.64583333,3506
-0.02083333319,51.64583333,3467
0.02083333348,51.64583333,1550
0.06250000014,51.64583333,365
0.1041666668,51.64583333,365
0.1458333335,51.64583333,365
0.1875000001,51.64583333,390
0.2291666668,51.64583333,491
0.2708333335,51.64583333,413
0.3125000001,51.64583333,413
0.3541666668,51.64583333,413
0.3958333335,51.64583333,820
0.4375000001,51.64583333,871
0.4791666668,51.64583333,463
0.5208333335,51.64583333,467
0.5625000001,51.64583333,462
0.6041666668,51.64583333,441
0.6458333335,51.64583333,225
0.6875000001,51.64583333,195
0.7291666668,51.64583333,192
0.7708333335,51.64583333,188
0.8125000001,51.64583333,158
0.8541666668,51.64583333,158
0.8958333335,51.64583333,158
0.9375000001,51.64583333,160
0.9791666668,51.64583333,255
1.020833333,51.64583333,304
1.0625,51.64583333,304
1.104166667,51.64583333,304
1.145833333,51.64583333,0
1.1875,51.64583333,0
1.229166667,51.64583333,0
-0.8124999999,51.60416667,501
-0.7708333332,51.60416667,501
-0.7291666665,51.60416667,501
-0.6874999999,51.60416667,483
-0.6458333332,51.60416667,421
-0.6041666665,51.60416667,426
-0.5624999999,51.60416667,431
-0.5208333332,51.60416667,633
-0.4791666665,51.60416667,1973
-0.4374999999,51.60416667,1936
-0.3958333332,51.60416667,2778
-0.3541666665,51.60416667,4069
-0.3124999999,51.60416667,4267
-0.2708333332,51.60416667,4626
-0.2291666665,51.60416667,3866
-0.1874999999,51.60416667,3863
-0.1458333332,51.60416667,5591
-0.1041666665,51.60416667,6105
-0.06249999986,51.60416667,5835
-0.02083333319,51.60416667,5430
0.02083333348,51.60416667,4736
0.06250000014,51.60416667,2929
0.1041666668,51.60416667,3205
0.1458333335,51.60416667,3178
0.1875000001,51.60416667,1811
0.2291666668,51.60416667,1800
0.2708333335,51.60416667,828
0.3125000001,51.60416667,413
0.3541666668,51.60416667,413
0.3958333335,51.60416667,1333
0.4375000001,51.60416667,1508
0.4791666668,51.60416667,1489
0.5208333335,51.60416667,1435
0.5625000001,51.60416667,744
0.6041666668,51.60416667,304
0.6458333335,51.60416667,304
0.6875000001,51.60416667,304
0.7291666668,51.60416667,304
0.7708333335,51.60416667,304
0.8125000001,51.60416667,295
0.8541666668,51.60416667,283
0.8958333335,51.60416667,289
0.9375000001,51.60416667,304
0.9791666668,51.60416667,304
1.020833333,51.60416667,304
1.0625,51.60416667,0
1.104166667,51.60416667,0
1.145833333,51.60416667,0
1.1875,51.60416667,0
1.229166667,51.60416667,0
-0.8124999999,51.5625,535
-0.7708333332,51.5625,581
-0.7291666665,51.5625,622
-0.6874999999,51.5625,501
-0.6458333332,51.5625,418
-0.6041666665,51.5625,418
-0.5624999999,51.5625,418
-0.5208333332,51.5625,418
-0.4791666665,51.5625,1525
-0.4374999999,51.5625,2161
-0.3958333332,51.5625,2952
-0.3541666665,51.5625,4829
-0.3124999999,51.5625,6239
-0.2708333332,51.5625,6547
-0.2291666665,51.5625,5493
-0.1874999999,51.5625,7616
-0.1458333332,51.5625,10322
-0.1041666665,51.5625,11113
-0.06249999986,51.5625,10537
-0.02083333319,51.5625,7420
0.02083333348,51.5625,5674
0.06250000014,51.5625,5223
0.1041666668,51.5625,4571
0.1458333335,51.5625,4393
0.1875000001,51.5625,2610
0.2291666668,51.5625,1835
0.2708333335,51.5625,1732
0.3125000001,51.5625,1085
0.3541666668,51.5625,698
0.3958333335,51.5625,1126
0.4375000001,51.5625,1382
0.4791666668,51.5625,1434
0.5208333335,51.5625,1506
0.5625000001,51.5625,1341
0.6041666668,51.5625,1163
0.6458333335,51.5625,1755
0.6875000001,51.5625,1617
0.7291666668,51.5625,1225
0.7708333335,51.5625,808
0.8125000001,51.5625,316
0.8541666668,51.5625,304
0.8958333335,51.5625,304
0.9375000001,51.5625,304
0.9791666668,51.5625,304
1.020833333,51.5625,0
1.0625,51.5625,0
1.104166667,51.5625,0
1.145833333,51.5625,0
1.1875,51.5625,0
1.229166667,51.5625,0
-0.8124999999,51.52083333,685
-0.7708333332,51.52083333,659
-0.7291666665,51.52083333,659
-0.6874999999,51.52083333,486
-0.6458333332,51.52083333,2901
-0.6041666665,51.52083333,3238
-0.5624999999,51.52083333,2046
-0.5208333332,51.52083333,745
-0.4791666665,51.52083333,1730
-0.4374999999,51.52083333,2177
-0.3958333332,51.52083333,3861
-0.3541666665,51.52083333,5935
-0.3124999999,51.52083333,5972
-0.2708333332,51.52083333,6140
-0.2291666665,51.52083333,10508
-0.1874999999,51.52083333,9793
-0.1458333332,51.52083333,9279
-0.1041666665,51.52083333,10010
-0.06249999986,51.52083333,11050
-0.02083333319,51.52083333,10605
0.02083333348,51.52083333,7424
0.06250000014,51.52083333,7139
0.1041666668,51.52083333,5074
0.1458333335,51.52083333,4368
0.1875000001,51.52083333,2014
0.2291666668,51.52083333,1658
0.2708333335,51.52083333,1180
0.3125000001,51.52083333,938
0.3541666668,51.52083333,879
0.3958333335,51.52083333,879
0.4375000001,51.52083333,879
0.4791666668,51.52083333,887
0.5208333335,51.52083333,1089
0.5625000001,51.52083333,1278
0.6041666668,51.52083333,1316
0.6458333335,51.52083333,1627
0.6875000001,51.52083333,1935
0.7291666668,51.52083333,2307
0.7708333335,51.52083333,2307
0.8125000001,51.52083333,2202
0.8541666668,51.52083333,664
0.8958333335,51.52083333,304
0.9375000001,51.52083333,304
0.9791666668,51.52083333,0
1.020833333,51.52083333,0
1.0625,51.52083333,0
1.104166667,51.52083333,0
1.145833333,51.52083333,0
1.1875,51.52083333,0
1.229166667,51.52083333,0
-0.8124999999,51.47916667,707
-0.7708333332,51.47916667,712
-0.7291666665,51.47916667,686
-0.6874999999,51.47916667,720
-0.6458333332,51.47916667,624
-0.6041666665,51.47916667,733
-0.5624999999,51.47916667,1240
-0.5208333332,51.47916667,2593
-0.4791666665,51.47916667,2126
-0.4374999999,51.47916667,2277
-0.3958333332,51.47916667,3874
-0.3541666665,51.47916667,4041
-0.3124999999,51.47916667,3803
-0.2708333332,51.47916667,3752
-0.2291666665,51.47916667,7548
-0.1874999999,51.47916667,11436
-0.1458333332,51.47916667,9332
-0.1041666665,51.47916667,10028
-0.06249999986,51.47916667,9006
-0.02083333319,51.47916667,7901
0.02083333348,51.47916667,4780
0.06250000014,51.47916667,4492
0.1041666668,51.47916667,3900
0.1458333335,51.47916667,3345
0.1875000001,51.47916667,2945
0.2291666668,51.47916667,1259
0.2708333335,51.47916667,902
0.3125000001,51.47916667,923
0.3541666668,51.47916667,879
0.3958333335,51.47916667,879
0.4375000001,51.47916667,886
0.4791666668,51.47916667,939
0.5208333335,51.47916667,947
0.5625000001,51.47916667,947
0.6041666668,51.47916667,947
0.6458333335,51.47916667,947
0.6875000001,51.47916667,947
0.7291666668,51.47916667,947
0.7708333335,51.47916667,0
0.8125000001,51.47916667,0
0.8541666668,51.47916667,0
0.8958333335,51.47916667,0
0.9375000001,51.47916667,0
0.9791666668,51.47916667,0
1.020833333,51.47916667,0
1.0625,51.47916667,0
1.104166667,51.47916667,0
1.145833333,51.47916667,0
1.1875,51.47916667,0
1.229166667,51.47916667,0
-0.8124999999,51.4375,875
-0.7708333332,51.4375,1161
-0.7291666665,51.4375,1163
-0.6874999999,51.4375,1097
-0.6458333332,51.4375,894
-0.6041666665,51.4375,777
-0.5624999999,51.4375,950
-0.5208333332,51.4375,1373
-0.4791666665,51.4375,1734
-0.4374999999,51.4375,2887
-0.3958333332,51.4375,3437
-0.3541666665,51.4375,3154
-0.3124999999,51.4375,3300
-0.2708333332,51.4375,3680
-0.2291666665,51.4375,6430
-0.1874999999,51.4375,6799
-0.1458333332,51.4375,8621
-0.1041666665,51.4375,9653
-0.06249999986,51.4375,7426
-0.02083333319,51.4375,7075
0.02083333348,51.4375,5328
0.06250000014,51.4375,3531
0.1041666668,51.4375,3290
0.1458333335,51.4375,3130
0.1875000001,51.4375,1747
0.2291666668,51.4375,1214
0.2708333335,51.4375,1213
0.3125000001,51.4375,1148
0.3541666668,51.4375,915
0.3958333335,51.4375,915
0.4375000001,51.4375,922
0.4791666668,51.4375,934
0.5208333335,51.4375,947
0.5625000001,51.4375,947
0.6041666668,51.4375,947
0.6458333335,51.4375,891
0.6875000001,51.4375,763
0.7291666668,51.4375,593
0.7708333335,51.4375,305
0.8125000001,51.4375,305
0.8541666668,51.4375,305
0.8958333335,51.4375,305
0.9375000001,51.4375,0
0.9791666668,51.4375,0
1.020833333,51.4375,0
1.0625,51.4375,0
1.104166667,51.4375,0
1.145833333,51.4375,0
1.1875,51.4375,0
1.229166667,51.4375,0
-0.8124999999,51.39583333,930
-0.7708333332,51.39583333,1167
-0.7291666665,51.39583333,1168
-0.6874999999,51.39583333,970
-0.6458333332,51.39583333,709
-0.6041666665,51.39583333,946
-0.5624999999,51.39583333,1086
-0.5208333332,51.39583333,1091
-0.4791666665,51.39583333,1461
-0.4374999999,51.39583333,1604
-0.3958333332,51.39583333,1514
-0.3541666665,51.39583333,1742
-0.3124999999,51.39583333,3301
-0.2708333332,51.39583333,4332
-0.2291666665,51.39583333,5169
-0.1874999999,51.39583333,5211
-0.1458333332,51.39583333,5334
-0.1041666665,51.39583333,4008
-0.06249999986,51.39583333,3309
-0.02083333319,51.39583333,2178
0.02083333348,51.39583333,1949
0.06250000014,51.39583333,1949
0.1041666668,51.39583333,2000
0.1458333335,51.39583333,1568
0.1875000001,51.39583333,332
0.2291666668,51.39583333,690
0.2708333335,51.39583333,546
0.3125000001,51.39583333,822
0.3541666668,51.39583333,938
0.3958333335,51.39583333,925
0.4375000001,51.39583333,931
0.4791666668,51.39583333,943
0.5208333335,51.39583333,947
0.5625000001,51.39583333,947
0.6041666668,51.39583333,947
0.6458333335,51.39583333,519
0.6875000001,51.39583333,305
0.7291666668,51.39583333,305
0.7708333335,51.39583333,305
0.8125000001,51.39583333,305
0.8541666668,51.39583333,305
0.8958333335,51.39583333,305
0.9375000001,51.39583333,305
0.9791666668,51.39583333,305
1.020833333,51.39583333,0
1.0625,51.39583333,0
1.104166667,51.39583333,461
1.145833333,51.39583333,461
1.1875,51.39583333,461
1.229166667,51.39583333,827
-0.8124999999,51.35416667,900
-0.7708333332,51.35416667,1110
-0.7291666665,51.35416667,919
-0.6874999999,51.35416667,839
-0.6458333332,51.35416667,834
-0.6041666665,51.35416667,898
-0.5624999999,51.35416667,1059
-0.5208333332,51.35416667,1171
-0.4791666665,51.35416667,1246
-0.4374999999,51.35416667,1337
-0.3958333332,51.35416667,1337
-0.3541666665,51.35416667,1337
-0.3124999999,51.35416667,3413
-0.2708333332,51.35416667,2194
-0.2291666665,51.35416667,3017
-0.1874999999,51.35416667,3923
-0.1458333332,51.35416667,4274
-0.1041666665,51.35416667,4005
-0.06249999986,51.35416667,3980
-0.02083333319,51.35416667,3244
0.02083333348,51.35416667,1952
0.06250000014,51.35416667,1949
0.1041666668,51.35416667,1880
0.1458333335,51.35416667,866
0.1875000001,51.35416667,287
0.2291666668,51.35416667,287
0.2708333335,51.35416667,293
0.3125000001,51.35416667,329
0.3541666668,51.35416667,835
0.3958333335,51.35416667,816
0.4375000001,51.35416667,778
0.4791666668,51.35416667,649
0.5208333335,51.35416667,875
0.5625000001,51.35416667,913
0.6041666668,51.35416667,867
0.6458333335,51.35416667,335
0.6875000001,51.35416667,305
0.7291666668,51.35416667,305
0.7708333335,51.35416667,305
0.8125000001,51.35416667,305
0.8541666668,51.35416667,305
0.8958333335,51.35416667,305
0.9375000001,51.35416667,334
0.9791666668,51.35416667,450
1.020833333,51.35416667,461
1.0625,51.35416667,461
1.104166667,51.35416667,461
1.145833333,51.35416667,461
1.1875,51.35416667,461
1.229166667,51.35416667,875
-0.8124999999,51.3125,502
-0.7708333332,51.3125,1723
-0.7291666665,51.3125,1008
-0.6874999999,51.3125,706
-0.6458333332,51.3125,880
-0.6041666665,51.3125,1431
-0.5624999999,51.3125,1424
-0.5208333332,51.3125,1159
-0.4791666665,51.3125,759
-0.4374999999,51.3125,907
-0.3958333332,51.3125,1026
-0.3541666665,51.3125,693
-0.3124999999,51.3125,609
-0.2708333332,51.3125,1501
-0.2291666665,51.3125,1291
-0.1874999999,51.3125,1094
-0.1458333332,51.3125,3121
-0.1041666665,51.3125,3497
-0.06249999986,51.3125,1290
-0.02083333319,51.3125,375
0.02083333348,51.3125,1415
0.06250000014,51.3125,1913
0.1041666668,51.3125,671
0.1458333335,51.3125,287
0.1875000001,51.3125,287
0.2291666668,51.3125,287
0.2708333335,51.3125,375
0.3125000001,51.3125,466
0.3541666668,51.3125,511
0.3958333335,51.3125,473
0.4375000001,51.3125,466
0.4791666668,51.3125,462
0.5208333335,51.3125,389
0.5625000001,51.3125,365
0.6041666668,51.3125,351
0.6458333335,51.3125,349
0.6875000001,51.3125,313
0.7291666668,51.3125,307
0.7708333335,51.3125,305
0.8125000001,51.3125,305
0.8541666668,51.3125,305
0.8958333335,51.3125,305
0.9375000001,51.3125,305
0.9791666668,51.3125,320
1.020833333,51.3125,435
1.0625,51.3125,461
1.104166667,51.3125,461
1.145833333,51.3125,461
1.1875,51.3125,458
1.229166667,51.3125,367
-0.8124999999,51.27083333,954
-0.7708333332,51.27083333,2584
-0.7291666665,51.27083333,1428
-0.6874999999,51.27083333,515
-0.6458333332,51.27083333,508
-0.6041666665,51.27083333,686
-0.5624999999,51.27083333,932
-0.5208333332,51.27083333,525
-0.4791666665,51.27083333,502
-0.4374999999,51.27083333,502
-0.3958333332,51.27083333,417
-0.3541666665,51.27083333,306
-0.3124999999,51.27083333,306
-0.2708333332,51.27083333,545
-0.2291666665,51.27083333,961
-0.1874999999,51.27083333,1048
-0.1458333332,51.27083333,959
-0.1041666665,51.27083333,408
-0.06249999986,51.27083333,325
-0.02083333319,51.27083333,325
0.02083333348,51.27083333,325
0.06250000014,51.27083333,316
0.1041666668,51.27083333,287
0.1458333335,51.27083333,287
0.1875000001,51.27083333,287
0.2291666668,51.27083333,288
0.2708333335,51.27083333,424
0.3125000001,51.27083333,466
0.3541666668,51.27083333,466
0.3958333335,51.27083333,465
0.4375000001,51.27083333,430
0.4791666668,51.27083333,385
0.5208333335,51.27083333,351
0.5625000001,51.27083333,351
0.6041666668,51.27083333,351
0.6458333335,51.27083333,351
0.6875000001,51.27083333,351
0.7291666668,51.27083333,345
0.7708333335,51.27083333,321
0.8125000001,51.27083333,306
0.8541666668,51.27083333,305
0.8958333335,51.27083333,305
0.9375000001,51.27083333,285
0.9791666668,51.27083333,320
1.020833333,51.27083333,457
1.0625,51.27083333,461
1.104166667,51.27083333,461
1.145833333,51.27083333,461
1.1875,51.27083333,440
1.229166667,51.27083333,322
-0.8124999999,51.22916667,511
-0.7708333332,51.22916667,983
-0.7291666665,51.22916667,783
-0.6874999999,51.22916667,502
-0.6458333332,51.22916667,502
-0.6041666665,51.22916667,502
-0.5624999999,51.22916667,500
-0.5208333332,51.22916667,496
-0.4791666665,51.22916667,502
-0.4374999999,51.22916667,445
-0.3958333332,51.22916667,338
-0.3541666665,51.22916667,306
-0.3124999999,51.22916667,306
-0.2708333332,51.22916667,306
-0.2291666665,51.22916667,814
-0.1874999999,51.22916667,1048
-0.1458333332,51.22916667,666
-0.1041666665,51.22916667,325
-0.06249999986,51.22916667,325
-0.02083333319,51.22916667,325
0.02083333348,51.22916667,324
0.06250000014,51.22916667,292
0.1041666668,51.22916667,287
0.1458333335,51.22916667,287
0.1875000001,51.22916667,296
0.2291666668,51.22916667,414
0.2708333335,51.22916667,466
0.3125000001,51.22916667,466
0.3541666668,51.22916667,466
0.3958333335,51.22916667,410
0.4375000001,51.22916667,351
0.4791666668,51.22916667,351
0.5208333335,51.22916667,351
0.5625000001,51.22916667,351
0.6041666668,51.22916667,351
0.6458333335,51.22916667,351
0.6875000001,51.22916667,351
0.7291666668,51.22916667,345
0.7708333335,51.22916667,276
0.8125000001,51.22916667,254
0.8541666668,51.22916667,236
0.8958333335,51.22916667,209
0.9375000001,51.22916667,198
0.9791666668,51.22916667,239
1.020833333,51.22916667,458
1.0625,51.22916667,461
1.104166667,51.22916667,461
1.145833333,51.22916667,461
1.1875,51.22916667,432
1.229166667,51.22916667,323
-0.8124999999,51.1875,325
-0.7708333332,51.1875,333
-0.7291666665,51.1875,360
-0.6874999999,51.1875,390
-0.6458333332,51.1875,414
-0.6041666665,51.1875,358
-0.5624999999,51.1875,368
-0.5208333332,51.1875,349
-0.4791666665,51.1875,450
-0.4374999999,51.1875,450
-0.3958333332,51.1875,322
-0.3541666665,51.1875,306
-0.3124999999,51.1875,306
-0.2708333332,51.1875,306
-0.2291666665,51.1875,580
-0.1874999999,51.1875,924
-0.1458333332,51.1875,849
-0.1041666665,51.1875,325
-0.06249999986,51.1875,325
-0.02083333319,51.1875,325
0.02083333348,51.1875,324
0.06250000014,51.1875,291
0.1041666668,51.1875,287
0.1458333335,51.1875,287
0.1875000001,51.1875,289
0.2291666668,51.1875,343
0.2708333335,51.1875,423
0.3125000001,51.1875,362
0.3541666668,51.1875,366
0.3958333335,51.1875,350
0.4375000001,51.1875,345
0.4791666668,51.1875,351
0.5208333335,51.1875,351
0.5625000001,51.1875,351
0.6041666668,51.1875,351
0.6458333335,51.1875,351
0.6875000001,51.1875,276
0.7291666668,51.1875,200
0.7708333335,51.1875,198
0.8125000001,51.1875,198
0.8541666668,51.1875,198
0.8958333335,51.1875,198
0.9375000001,51.1875,198
0.9791666668,51.1875,209
1.020833333,51.1875,389
1.0625,51.1875,336
1.104166667,51.1875,361
1.145833333,51.1875,391
1.1875,51.1875,391
1.229166667,51.1875,329
-0.8124999999,51.14583333,265
-0.7708333332,51.14583333,324
-0.7291666665,51.14583333,333
-0.6874999999,51.14583333,333
-0.6458333332,51.14583333,333
-0.6041666665,51.14583333,333
-0.5624999999,51.14583333,333
-0.5208333332,51.14583333,333
-0.4791666665,51.14583333,333
-0.4374999999,51.14583333,333
-0.3958333332,51.14583333,307
-0.3541666665,51.14583333,306
-0.3124999999,51.14583333,306
-0.2708333332,51.14583333,325
-0.2291666665,51.14583333,675
-0.1874999999,51.14583333,2300
-0.1458333332,51.14583333,1750
-0.1041666665,51.14583333,351
-0.06249999986,51.14583333,351
-0.02083333319,51.14583333,349
0.02083333348,51.14583333,321
0.06250000014,51.14583333,250
0.1041666668,51.14583333,238
0.1458333335,51.14583333,254
0.1875000001,51.14583333,301
0.2291666668,51.14583333,322
0.2708333335,51.14583333,323
0.3125000001,51.14583333,323
0.3541666668,51.14583333,323
0.3958333335,51.14583333,323
0.4375000001,51.14583333,323
0.4791666668,51.14583333,336
0.5208333335,51.14583333,343
0.5625000001,51.14583333,340
0.6041666668,51.14583333,321
0.6458333335,51.14583333,261
0.6875000001,51.14583333,198
0.7291666668,51.14583333,198
0.7708333335,51.14583333,198
0.8125000001,51.14583333,198
0.8541666668,51.14583333,198
0.8958333335,51.14583333,198
0.9375000001,51.14583333,198
0.9791666668,51.14583333,198
1.020833333,51.14583333,245
1.0625,51.14583333,273
1.104166667,51.14583333,273
1.145833333,51.14583333,277
1.1875,51.14583333,298
1.229166667,51.14583333,320
-0.8124999999,51.10416667,221
-0.7708333332,51.10416667,241
-0.7291666665,51.10416667,328
-0.6874999999,51.10416667,333
-0.6458333332,51.10416667,326
-0.6041666665,51.10416667,328
-0.5624999999,51.10416667,327
-0.5208333332,51.10416667,304
-0.4791666665,51.10416667,303
-0.4374999999,51.10416667,302
-0.3958333332,51.10416667,275
-0.3541666665,51.10416667,268
-0.3124999999,51.10416667,262
-0.2708333332,51.10416667,262
-0.2291666665,51.10416667,1078
-0.1874999999,51.10416667,2343
-0.1458333332,51.10416667,1340
-0.1041666665,51.10416667,395
-0.06249999986,51.10416667,395
-0.02083333319,51.10416667,343
0.02083333348,51.10416667,255
0.06250000014,51.10416667,179
0.1041666668,51.10416667,179
0.1458333335,51.10416667,187
0.1875000001,51.10416667,207
0.2291666668,51.10416667,196
0.2708333335,51.10416667,211
0.3125000001,51.10416667,201
0.3541666668,51.10416667,281
0.3958333335,51.10416667,318
0.4375000001,51.10416667,323
0.4791666668,51.10416667,323
0.5208333335,51.10416667,323
0.5625000001,51.10416667,323
0.6041666668,51.10416667,258
0.6458333335,51.10416667,203
0.6875000001,51.10416667,198
0.7291666668,51.10416667,198
0.7708333335,51.10416667,198
0.8125000001,51.10416667,198
0.8541666668,51.10416667,198
0.8958333335,51.10416667,198
0.9375000001,51.10416667,198
0.9791666668,51.10416667,225
1.020833333,51.10416667,268
1.0625,51.10416667,273
1.104166667,51.10416667,273
1.145833333,51.10416667,273
1.1875,51.10416667,285
1.229166667,51.10416667,318
-0.8124999999,51.0625,175
-0.7708333332,51.0625,142
-0.7291666665,51.0625,148
-0.6874999999,51.0625,171
-0.6458333332,51.0625,137
-0.6041666665,51.0625,141
-0.5624999999,51.0625,135
-0.5208333332,51.0625,135
-0.4791666665,51.0625,209
-0.4374999999,51.0625,262
-0.3958333332,51.0625,262
-0.3541666665,51.0625,262
-0.3124999999,51.0625,262
-0.2708333332,51.0625,262
-0.2291666665,51.0625,290
-0.1874999999,51.0625,395
-0.1458333332,51.0625,395
-0.1041666665,51.0625,395
-0.06249999986,51.0625,395
-0.02083333319,51.0625,337
0.02083333348,51.0625,189
0.06250000014,51.0625,179
0.1041666668,51.0625,179
0.1458333335,51.0625,179
0.1875000001,51.0625,179
0.2291666668,51.0625,179
0.2708333335,51.0625,179
0.3125000001,51.0625,179
0.3541666668,51.0625,176
0.3958333335,51.0625,189
0.4375000001,51.0625,256
0.4791666668,51.0625,311
0.5208333335,51.0625,323
0.5625000001,51.0625,323
0.6041666668,51.0625,288
0.6458333335,51.0625,214
0.6875000001,51.0625,198
0.7291666668,51.0625,198
0.7708333335,51.0625,198
0.8125000001,51.0625,200
0.8541666668,51.0625,202
0.8958333335,51.0625,207
0.9375000001,51.0625,225
0.9791666668,51.0625,262
1.020833333,51.0625,273
1.0625,51.0625,273
1.104166667,51.0625,273
1.145833333,51.0625,273
1.1875,51.0625,273
1.229166667,51.0625,0
-0.8124999999,51.02083333,135
-0.7708333332,51.02083333,135
-0.7291666665,51.02083333,135
-0.6874999999,51.02083333,135
-0.6458333332,51.02083333,135
-0.6041666665,51.02083333,135
-0.5624999999,51.02083333,135
-0.5208333332,51.02083333,142
-0.4791666665,51.02083333,214
-0.4374999999,51.02083333,262
-0.3958333332,51.02083333,262
-0.3541666665,51.02083333,262
-0.3124999999,51.02083333,262
-0.2708333332,51.02083333,262
-0.2291666665,51.02083333,358
-0.1874999999,51.02083333,395
-0.1458333332,51.02083333,395
-0.1041666665,51.02083333,395
-0.06249999986,51.02083333,395
-0.02083333319,51.02083333,317
0.02083333348,51.02083333,179
0.06250000014,51.02083333,179
0.1041666668,51.02083333,179
0.1458333335,51.02083333,179
0.1875000001,51.02083333,179
0.2291666668,51.02083333,179
0.2708333335,51.02083333,179
0.3125000001,51.02083333,178
0.3541666668,51.02083333,172
0.3958333335,51.02083333,169
0.4375000001,51.02083333,169
0.4791666668,51.02083333,202
0.5208333335,51.02083333,238
0.5625000001,51.02083333,298
0.6041666668,51.02083333,227
0.6458333335,51.02083333,187
0.6875000001,51.02083333,196
0.7291666668,51.02083333,198
0.7708333335,51.02083333,198
0.8125000001,51.02083333,247
0.8541666668,51.02083333,266
0.8958333335,51.02083333,272
0.9375000001,51.02083333,273
0.9791666668,51.02083333,273
1.020833333,51.02083333,273
1.0625,51.02083333,0
1.104166667,51.02083333,0
1.145833333,51.02083333,0
1.1875,51.02083333,0
1.229166667,51.02083333,0
-0.8124999999,50.97916667,135
-0.7708333332,50.97916667,135
-0.7291666665,50.97916667,135
-0.6874999999,50.97916667,135
-0.6458333332,50.97916667,135
-0.6041666665,50.97916667,135
-0.5624999999,50.97916667,135
-0.5208333332,50.97916667,207
-0.4791666665,50.97916667,262
-0.4374999999,50.97916667,262
-0.3958333332,50.97916667,262
-0.3541666665,50.97916667,262
-0.3124999999,50.97916667,262
-0.2708333332,50.97916667,262
-0.2291666665,50.97916667,357
-0.1874999999,50.97916667,395
-0.1458333332,50.97916667,395
-0.1041666665,50.97916667,368
-0.06249999986,50.97916667,352
-0.02083333319,50.97916667,342
0.02083333348,50.97916667,255
0.06250000014,50.97916667,187
0.1041666668,50.97916667,179
0.1458333335,50.97916667,179
0.1875000001,50.97916667,179
0.2291666668,50.97916667,179
0.2708333335,50.97916667,179
0.3125000001,50.97916667,177
0.3541666668,50.97916667,169
0.3958333335,50.97916667,169
0.4375000001,50.97916667,169
0.4791666668,50.97916667,169
0.5208333335,50.97916667,169
0.5625000001,50.97916667,169
0.6041666668,50.97916667,169
0.6458333335,50.97916667,169
0.6875000001,50.97916667,170
0.7291666668,50.97916667,170
0.7708333335,50.97916667,190
0.8125000001,50.97916667,270
0.8541666668,50.97916667,273
0.8958333335,50.97916667,273
0.9375000001,50.97916667,273
0.9791666668,50.97916667,273
1.020833333,50.97916667,0
1.0625,50.97916667,0
1.104166667,50.97916667,0
1.145833333,50.97916667,0
1.1875,50.97916667,0
1.229166667,50.97916667,0
-0.8124999999,50.9375,135
-0.7708333332,50.9375,135
-0.7291666665,50.9375,135
-0.6874999999,50.9375,135
-0.6458333332,50.9375,135
-0.6041666665,50.9375,135
-0.5624999999,50.9375,184
-0.5208333332,50.9375,256
-0.4791666665,50.9375,262
-0.4374999999,50.9375,262
-0.3958333332,50.9375,262
-0.3541666665,50.9375,262
-0.3124999999,50.9375,262
-0.2708333332,50.9375,262
-0.2291666665,50.9375,334
-0.1874999999,50.9375,395
-0.1458333332,50.9375,394
-0.1041666665,50.9375,340
-0.06249999986,50.9375,326
-0.02083333319,50.9375,326
0.02083333348,50.9375,326
0.06250000014,50.9375,237
0.1041666668,50.9375,187
0.1458333335,50.9375,179
0.1875000001,50.9375,179
0.2291666668,50.9375,179
0.2708333335,50.9375,179
0.3125000001,50.9375,179
0.3541666668,50.9375,173
0.3958333335,50.9375,169
0.4375000001,50.9375,169
0.4791666668,50.9375,169
0.5208333335,50.9375,169
0.5625000001,50.9375,169
0.6041666668,50.9375,169
0.6458333335,50.9375,169
0.6875000001,50.9375,169
0.7291666668,50.9375,169
0.7708333335,50.9375,169
0.8125000001,50.9375,195
0.8541666668,50.9375,217
0.8958333335,50.9375,273
0.9375000001,50.9375,273
0.9791666668,50.9375,273
1.020833333,50.9375,0
1.0625,50.9375,0
1.104166667,50.9375,0
1.145833333,50.9375,0
1.1875,50.9375,0
1.229166667,50.9375,0
-0.8124999999,50.89583333,135
-0.7708333332,50.89583333,135
-0.7291666665,50.89583333,135
-0.6874999999,50.89583333,135
-0.6458333332,50.89583333,402
-0.6041666665,50.89583333,495
-0.5624999999,50.89583333,430
-0.5208333332,50.89583333,393
-0.4791666665,50.89583333,425
-0.4374999999,50.89583333,374
-0.3958333332,50.89583333,382
-0.3541666665,50.89583333,289
-0.3124999999,50.89583333,262
-0.2708333332,50.89583333,262
-0.2291666665,50.89583333,407
-0.1874999999,50.89583333,769
-0.1458333332,50.89583333,850
-0.1041666665,50.89583333,358
-0.06249999986,50.89583333,326
-0.02083333319,50.89583333,326
0.02083333348,50.89583333,326
0.06250000014,50.89583333,326
0.1041666668,50.89583333,252
0.1458333335,50.89583333,179
0.1875000001,50.89583333,179
0.2291666668,50.89583333,179
0.2708333335,50.89583333,179
0.3125000001,50.89583333,179
0.3541666668,50.89583333,177
0.3958333335,50.89583333,173
0.4375000001,50.89583333,172
0.4791666668,50.89583333,169
0.5208333335,50.89583333,637
0.5625000001,50.89583333,1091
0.6041666668,50.89583333,669
0.6458333335,50.89583333,248
0.6875000001,50.89583333,169
0.7291666668,50.89583333,169
0.7708333335,50.89583333,0
0.8125000001,50.89583333,0
0.8541666668,50.89583333,0
0.8958333335,50.89583333,273
0.9375000001,50.89583333,273
0.9791666668,50.89583333,273
1.020833333,50.89583333,0
1.0625,50.89583333,0
1.104166667,50.89583333,0
1.145833333,50.89583333,0
1.1875,50.89583333,0
1.229166667,50.89583333,0
-0.8124999999,50.85416667,135
-0.7708333332,50.85416667,135
-0.7291666665,50.85416667,135
-0.6874999999,50.85416667,348
-0.6458333332,50.85416667,630
-0.6041666665,50.85416667,673
-0.5624999999,50.85416667,673
-0.5208333332,50.85416667,673
-0.4791666665,50.85416667,673
-0.4374999999,50.85416667,1045
-0.3958333332,50.85416667,1912
-0.3541666665,50.85416667,1428
-0.3124999999,50.85416667,1100
-0.2708333332,50.85416667,1100
-0.2291666665,50.85416667,2295
-0.1874999999,50.85416667,3007
-0.1458333332,50.85416667,3137
-0.1041666665,50.85416667,3057
-0.06249999986,50.85416667,1188
-0.02083333319,50.85416667,379
0.02083333348,50.85416667,326
0.06250000014,50.85416667,326
0.1041666668,50.85416667,299
0.1458333335,50.85416667,179
0.1875000001,50.85416667,179
0.2291666668,50.85416667,179
0.2708333335,50.85416667,179
0.3125000001,50.85416667,179
0.3541666668,50.85416667,179
0.3958333335,50.85416667,176
0.4375000001,50.85416667,171
0.4791666668,50.85416667,169
0.5208333335,50.85416667,1652
0.5625000001,50.85416667,2864
0.6041666668,50.85416667,2864
0.6458333335,50.85416667,2181
0.6875000001,50.85416667,169
0.7291666668,50.85416667,0
0.7708333335,50.85416667,0
0.8125000001,50.85416667,0
0.8541666668,50.85416667,0
0.8958333335,50.85416667,0
0.9375000001,50.85416667,0
0.9791666668,50.85416667,0
1.020833333,50.85416667,0
1.0625,50.85416667,0
1.104166667,50.85416667,0
1.145833333,50.85416667,0
1.1875,50.85416667,0
1.229166667,50.85416667,0
-0.8124999999,50.8125,135
-0.7708333332,50.8125,135
-0.7291666665,50.8125,277
-0.6874999999,50.8125,543
-0.6458333332,50.8125,673
-0.6041666665,50.8125,673
-0.5624999999,50.8125,673
-0.5208333332,50.8125,673
-0.4791666665,50.8125,673
-0.4374999999,50.8125,1863
-0.3958333332,50.8125,2752
-0.3541666665,50.8125,2410
-0.3124999999,50.8125,1385
-0.2708333332,50.8125,1375
-0.2291666665,50.8125,1750
-0.1874999999,50.8125,3137
-0.1458333332,50.8125,3137
-0.1041666665,50.8125,3137
-0.06249999986,50.8125,3118
-0.02083333319,50.8125,899
0.02083333348,50.8125,326
0.06250000014,50.8125,326
0.1041666668,50.8125,269
0.1458333335,50.8125,179
0.1875000001,50.8125,179
0.2291666668,50.8125,420
0.2708333335,50.8125,917
0.3125000001,50.8125,982
0.3541666668,50.8125,251
0.3958333335,50.8125,170
0.4375000001,50.8125,169
0.4791666668,50.8125,0
0.5208333335,50.8125,0
0.5625000001,50.8125,0
0.6041666668,50.8125,0
0.6458333335,50.8125,0
0.6875000001,50.8125,0
0.7291666668,50.8125,0
0.7708333335,50.8125,0
0.8125000001,50.8125,0
0.8541666668,50.8125,0
0.8958333335,50.8125,0
0.9375000001,50.8125,0
0.9791666668,50.8125,0
1.020833333,50.8125,0
1.0625,50.8125,0
1.104166667,50.8125,0
1.145833333,50.8125,0
1.1875,50.8125,0
1.229166667,50.8125,0
-0.8124999999,50.77083333,135
-0.7708333332,50.77083333,212
-0.7291666665,50.77083333,669
-0.6874999999,50.77083333,673
-0.6458333332,50.77083333,673
-0.6041666665,50.77083333,673
-0.5624999999,50.77083333,0
-0.5208333332,50.77083333,0
-0.4791666665,50.77083333,0
-0.4374999999,50.77083333,0
-0.3958333332,50.77083333,0
-0.3541666665,50.77083333,0
-0.3124999999,50.77083333,0
-0.2708333332,50.77083333,0
-0.2291666665,50.77083333,0
-0.1874999999,50.77083333,0
-0.1458333332,50.77083333,0
-0.1041666665,50.77083333,0
-0.06249999986,50.77083333,0
-0.02083333319,50.77083333,326
0.02083333348,50.77083333,326
0.06250000014,50.77083333,326
0.1041666668,50.77083333,326
0.1458333335,50.77083333,257
0.1875000001,50.77083333,179
0.2291666668,50.77083333,1644
0.2708333335,50.77083333,2184
0.3125000001,50.77083333,2184
0.3541666668,50.77083333,2184
0.3958333335,50.77083333,0
0.4375000001,50.77083333,0
0.4791666668,50.77083333,0
0.5208333335,50.77083333,0
0.5625000001,50.77083333,0
0.6041666668,50.77083333,0
0.6458333335,50.77083333,0
0.6875000001,50.77083333,0
0.7291666668,50.77083333,0
0.7708333335,50.77083333,0
0.8125000001,50.77083333,0
0.8541666668,50.77083333,0
0.8958333335,50.77083333,0
0.9375000001,50.77083333,0
0.9791666668,50.77083333,0
1.020833333,50.77083333,0
1.0625,50.77083333,0
1.104166667,50.77083333,0
1.145833333,50.77083333,0
1.1875,50.77083333,0
1.229166667,50.77083333,0
-0.8124999999,50.72916667,135
-0.7708333332,50.72916667,135
-0.7291666665,50.72916667,0
-0.6874999999,50.72916667,0
-0.6458333332,50.72916667,0
-0.6041666665,50.72916667,0
-0.5624999999,50.72916667,0
-0.5208333332,50.72916667,0
-0.4791666665,50.72916667,0
-0.4374999999,50.72916667,0
-0.3958333332,50.72916667,0
-0.3541666665,50.72916667,0
-0.3124999999,50.72916667,0
-0.2708333332,50.72916667,0
-0.2291666665,50.72916667,0
-0.1874999999,50.72916667,0
-0.1458333332,50.72916667,0
-0.1041666665,50.72916667,0
-0.06249999986,50.72916667,0
-0.02083333319,50.72916667,0
0.02083333348,50.72916667,0
0.06250000014,50.72916667,0
0.1041666668,50.72916667,0
0.1458333335,50.72916667,0
0.1875000001,50.72916667,179
0.2291666668,50.72916667,2007
0.2708333335,50.72916667,2184
0.3125000001,50.72916667,0
0.3541666668,50.72916667,0
0.3958333335,50.72916667,0
0.4375000001,50.72916667,0
0.4791666668,50.72916667,0
0.5208333335,50.72916667,0
0.5625000001,50.72916667,0
0.6041666668,50.72916667,0
0.6458333335,50.72916667,0
0.6875000001,50.72916667,0
0.7291666668,50.72916667,0
0.7708333335,50.72916667,0
0.8125000001,50.72916667,0
0.8541666668,50.72916667,0
0.8958333335,50.72916667,0
0.9375000001,50.72916667,0
0.9791666668,50.72916667,0
1.020833333,50.72916667,0
1.0625,50.72916667,0
1.104166667,50.72916667,0
1.145833333,50.72916667,0
1.1875,50.72916667,0
1.229166667,50.72916667,0
-0.8124999999,50.6875,0
-0.7708333332,50.6875,0
-0.7291666665,50.6875,0
-0.6874999999,50.6875,0
-0.6458333332,50.6875,0
-0.6041666665,50.6875,0
-0.5624999999,50.6875,0
-0.5208333332,50.6875,0
-0.4791666665,50.6875,0
-0.4374999999,50.6875,0
-0.3958333332,50.6875,0
-0.3541666665,50.6875,0
-0.3124999999,50.6875,0
-0.2708333332,50.6875,0
-0.2291666665,50.6875,0
-0.1874999999,50.6875,0
-0.1458333332,50.6875,0
-0.1041666665,50.6875,0
-0.06249999986,50.6875,0
-0.02083333319,50.6875,0
0.02083333348,50.6875,0
0.06250000014,50.6875,0
0.1041666668,50.6875,0
0.1458333335,50.6875,0
0.1875000001,50.6875,0
0.2291666668,50.6875,0
0.2708333335,50.6875,0
0.3125000001,50.6875,0
0.3541666668,50.6875,0
0.3958333335,50.6875,0
0.4375000001,50.6875,0
0.4791666668,50.6875,0
0.5208333335,50.6875,0
0.5625000001,50.6875,0
0.6041666668,50.6875,0
0.6458333335,50.6875,0
0.6875000001,50.6875,0
0.7291666668,50.6875,0
0.7708333335,50.6875,0
0.8125000001,50.6875,0
0.8541666668,50.6875,0
0.8958333335,50.6875,0
0.9375000001,50.6875,0
0.9791666668,50.6875,0
1.020833333,50.6875,0
1.0625,50.6875,0
1.104166667,50.6875,0
1.145833333,50.6875,0
1.1875,50.6875,0
1.229166667,50.6875,0
-0.8124999999,50.64583333,0
-0.7708333332,50.64583333,0
-0.7291666665,50.64583333,0
-0.6874999999,50.64583333,0
-0.6458333332,50.64583333,0
-0.6041666665,50.64583333,0
-0.5624999999,50.64583333,0
-0.5208333332,50.64583333,0
-0.4791666665,50.64583333,0
-0.4374999999,50.64583333,0
-0.3958333332,50.64583333,0
-0.3541666665,50.64583333,0
-0.3124999999,50.64583333,0
-0.2708333332,50.64583333,0
-0.2291666665,50.64583333,0
-0.1874999999,50.64583333,0
-0.1458333332,50.64583333,0
-0.1041666665,50.64583333,0
-0.06249999986,50.64583333,0
-0.02083333319,50.64583333,0
0.02083333348,50.64583333,0
0.06250000014,50.64583333,0
0.1041666668,50.64583333,0
0.1458333335,50.64583333,0
0.1875000001,50.64583333,0
0.2291666668,50.64583333,0
0.2708333335,50.64583333,0
0.3125000001,50.64583333,0
0.3541666668,50.64583333,0
0.3958333335,50.64583333,0
0.4375000001,50.64583333,0
0.4791666668,50.64583333,0
0.5208333335,50.64583333,0
0.5625000001,50.64583333,0
0.6041666668,50.64583333,0
0.6458333335,50.64583333,0
0.6875000001,50.64583333,0
0.7291666668,50.64583333,0
0.7708333335,50.64583333,0
0.8125000001,50.64583333,0
0.8541666668,50.64583333,0
0.8958333335,50.64583333,0
0.9375000001,50.64583333,0
0.9791666668,50.64583333,0
1.020833333,50.64583333,0
1.0625,50.64583333,0
1.104166667,50.64583333,0
1.145833333,50.64583333,0
1.1875,50.64583333,0
1.229166667,50.64583333,0
-0.8124999999,50.60416667,0
-0.7708333332,50.60416667,0
-0.7291666665,50.60416667,0
-0.6874999999,50.60416667,0
-0.6458333332,50.60416667,0
-0.6041666665,50.60416667,0
-0.5624999999,50.60416667,0
-0.5208333332,50.60416667,0
-0.4791666665,50.60416667,0
-0.4374999999,50.60416667,0
-0.3958333332,50.60416667,0
-0.3541666665,50.60416667,0
-0.3124999999,50.60416667,0
-0.2708333332,50.60416667,0
-0.2291666665,50.60416667,0
-0.1874999999,50.60416667,0
-0.1458333332,50.60416667,0
-0.1041666665,50.60416667,0
-0.06249999986,50.60416667,0
-0.02083333319,50.60416667,0
0.02083333348,50.60416667,0
0.06250000014,50.60416667,0
0.1041666668,50.60416667,0
0.1458333335,50.60416667,0
0.1875000001,50.60416667,0
0.2291666668,50.60416667,0
0.2708333335,50.60416667,0
0.3125000001,50.60416667,0
0.3541666668,50.60416667,0
0.3958333335,50.60416667,0
0.4375000001,50.60416667,0
0.4791666668,50.60416667,0
0.5208333335,50.60416667,0
0.5625000001,50.60416667,0
0.6041666668,50.60416667,0
0.6458333335,50.60416667,0
0.6875000001,50.60416667,0
0.7291666668,50.60416667,0
0.7708333335,50.60416667,0
0.8125000001,50.60416667,0
0.8541666668,50.60416667,0
0.8958333335,50.60416667,0
0.9375000001,50.60416667,0
0.9791666668,50.60416667,0
1.020833333,50.60416667,0
1.0625,50.60416667,0
1.104166667,50.60416667,0
1.145833333,50.60416667,0
1.1875,50.60416667,0
1.229166667,50.60416667,0
-0.8124999999,50.5625,0
-0.7708333332,50.5625,0
-0.7291666665,50.5625,0
-0.6874999999,50.5625,0
-0.6458333332,50.5625,0
-0.6041666665,50.5625,0
-0.5624999999,50.5625,0
-0.5208333332,50.5625,0
-0.4791666665,50.5625,0
-0.4374999999,50.5625,0
-0.3958333332,50.5625,0
-0.3541666665,50.5625,0
-0.3124999999,50.5625,0
-0.2708333332,50.5625,0
-0.2291666665,50.5625,0
-0.1874999999,50.5625,0
-0.1458333332,50.5625,0
-0.1041666665,50.5625,0
-0.06249999986,50.5625,0
-0.02083333319,50.5625,0
0.02083333348,50.5625,0
0.06250000014,50.5625,0
0.1041666668,50.5625,0
0.1458333335,50.5625,0
0.1875000001,50.5625,0
0.2291666668,50.5625,0
0.2708333335,50.5625,0
0.3125000001,50.5625,0
0.3541666668,50.5625,0
0.3958333335,50.5625,0
0.4375000001,50.5625,0
0.4791666668,50.5625,0
0.5208333335,50.5625,0
0.5625000001,50.5625,0
0.6041666668,50.5625,0
0.6458333335,50.5625,0
0.6875000001,50.5625,0
0.7291666668,50.5625,0
0.7708333335,50.5625,0
0.8125000001,50.5625,0
0.8541666668,50.5625,0
0.8958333335,50.5625,0
0.9375000001,50.5625,0
0.9791666668,50.5625,0
1.020833333,50.5625,0
1.0625,50.5625,0
1.104166667,50.5625,0
1.145833333,50.5625,0
1.1875,50.5625,0
1.229166667,50.5625,0
-0.8124999999,50.52083333,0
-0.7708333332,50.52083333,0
-0.7291666665,50.52083333,0
-0.6874999999,50.52083333,0
-0.6458333332,50.52083333,0
-0.6041666665,50.52083333,0
-0.5624999999,50.52083333,0
-0.5208333332,50.52083333,0
-0.4791666665,50.52083333,0
-0.4374999999,50.52083333,0
-0.3958333332,50.52083333,0
-0.3541666665,50.52083333,0
-0.3124999999,50.52083333,0
-0.2708333332,50.52083333,0
-0.2291666665,50.52083333,0
-0.1874999999,50.52083333,0
-0.1458333332,50.52083333,0
-0.1041666665,50.52083333,0
-0.06249999986,50.52083333,0
-0.02083333319,50.52083333,0
0.02083333348,50.52083333,0
0.06250000014,50.52083333,0
0.1041666668,50.52083333,0
0.1458333335,50.52083333,0
0.1875000001,50.52083333,0
0.2291666668,50.52083333,0
0.2708333335,50.52083333,0
0.3125000001,50.52083333,0
0.3541666668,50.52083333,0
0.3958333335,50.52083333,0
0.4375000001,50.52083333,0
0.4791666668,50.52083333,0
0.5208333335,50.52083333,0
0.5625000001,50.52083333,0
0.6041666668,50.52083333,0
0.6458333335,50.52083333,0
0.6875000001,50.52083333,0
0.7291666668,50.52083333,0
0.7708333335,50.52083333,0
0.8125000001,50.52083333,0
0.8541666668,50.52083333,0
0.8958333335,50.52083333,0
0.9375000001,50.52083333,0
0.9791666668,50.52083333,0
1.020833333,50.52083333,0
1.0625,50.52083333,0
1.104166667,50.52083333,0
1.145833333,50.52083333,0
1.1875,50.52083333,0
1.229166667,50.52083333,0
-0.8124999999,50.47916667,0
-0.7708333332,50.47916667,0
-0.7291666665,50.47916667,0
-0.6874999999,50.47916667,0
-0.6458333332,50.47916667,0
-0.6041666665,50.47916667,0
-0.5624999999,50.47916667,0
-0.5208333332,50.47916667,0
-0.4791666665,50.47916667,0
-0.4374999999,50.47916667,0
-0.3958333332,50.47916667,0
-0.3541666665,50.47916667,0
-0.3124999999,50.47916667,0
-0.2708333332,50.47916667,0
-0.2291666665,50.47916667,0
-0.1874999999,50.47916667,0
-0.1458333332,50.47916667,0
-0.1041666665,50.47916667,0
-0.06249999986,50.47916667,0
-0.02083333319,50.47916667,0
0.02083333348,50.47916667,0
0.06250000014,50.47916667,0
0.1041666668,50.47916667,0
0.1458333335,50.47916667,0
0.1875000001,50.47916667,0
0.2291666668,50.47916667,0
0.2708333335,50.47916667,0
0.3125000001,50.47916667,0
0.3541666668,50.47916667,0
0.3958333335,50.47916667,0
0.4375000001,50.47916667,0
0.4791666668,50.47916667,0
0.5208333335,50.47916667,0
0.5625000001,50.47916667,0
0.6041666668,50.47916667,0
0.6458333335,50.47916667,0
0.6875000001,50.47916667,0
0.7291666668,50.47916667,0
0.7708333335,50.47916667,0
0.8125000001,50.47916667,0
0.8541666668,50.47916667,0
0.8958333335,50.47916667,0
0.9375000001,50.47916667,0
0.9791666668,50.47916667,0
1.020833333,50.47916667,0
1.0625,50.47916667,0
1.104166667,50.47916667,0
1.145833333,50.47916667,0
1.1875,50.47916667,0
1.229166667,50.47916667,0
-0.8124999999,50.4375,0
-0.7708333332,50.4375,0
-0.7291666665,50.4375,0
-0.6874999999,50.4375,0
-0.6458333332,50.4375,0
-0.6041666665,50.4375,0
-0.5624999999,50.4375,0
-0.5208333332,50.4375,0
-0.4791666665,50.4375,0
-0.4374999999,50.4375,0
-0.3958333332,50.4375,0
-0.3541666665,50.4375,0
-0.3124999999,50.4375,0
-0.2708333332,50.4375,0
-0.2291666665,50.4375,0
-0.1874999999,50.4375,0
-0.1458333332,50.4375,0
-0.1041666665,50.4375,0
-0.06249999986,50.4375,0
-0.02083333319,50.4375,0
0.02083333348,50.4375,0
0.06250000014,50.4375,0
0.1041666668,50.4375,0
0.1458333335,50.4375,0
0.1875000001,50.4375,0
0.2291666668,50.4375,0
0.2708333335,50.4375,0
0.3125000001,50.4375,0
0.3541666668,50.4375,0
0.3958333335,50.4375,0
0.4375000001,50.4375,0
0.4791666668,50.4375,0
0.5208333335,50.4375,0
0.5625000001,50.4375,0
0.6041666668,50.4375,0
0.6458333335,50.4375,0
0.6875000001,50.4375,0
0.7291666668,50.4375,0
0.7708333335,50.4375,0
0.8125000001,50.4375,0
0.8541666668,50.4375,0
0.8958333335,50.4375,0
0.9375000001,50.4375,0
0.9791666668,50.4375,0
1.020833333,50.4375,0
1.0625,50.4375,0
1.104166667,50.4375,0
1.145833333,50.4375,0
1.1875,50.4375,0
1.229166667,50.4375,0
-0.8124999999,50.39583333,0
-0.7708333332,50.39583333,0
-0.7291666665,50.39583333,0
-0.6874999999,50.39583333,0
-0.6458333332,50.39583333,0
-0.6041666665,50.39583333,0
-0.5624999999,50.39583333,0
-0.5208333332,50.39583333,0
-0.4791666665,50.39583333,0
-0.4374999999,50.39583333,0
-0.3958333332,50.39583333,0
-0.3541666665,50.39583333,0
-0.3124999999,50.39583333,0
-0.2708333332,50.39583333,0
-0.2291666665,50.39583333,0
-0.1874999999,50.39583333,0
-0.1458333332,50.39583333,0
-0.1041666665,50.39583333,0
-0.06249999986,50.39583333,0
-0.02083333319,50.39583333,0
0.02083333348,50.39583333,0
0.06250000014,50.39583333,0
0.1041666668,50.39583333,0
0.1458333335,50.39583333,0
0.1875000001,50.39583333,0
0.2291666668,50.39583333,0
0.2708333335,50.39583333,0
0.3125000001,50.39583333,0
0.3541666668,50.39583333,0
0.3958333335,50.39583333,0
0.4375000001,50.39583333,0
0.4791666668,50.39583333,0
0.5208333335,50.39583333,0
0.5625000001,50.39583333,0
0.6041666668,50.39583333,0
0.6458333335,50.39583333,0
0.6875000001,50.39583333,0
0.7291666668,50.39583333,0
0.7708333335,50.39583333,0
0.8125000001,50.39583333,0
0.8541666668,50.39583333,0
0.8958333335,50.39583333,0
0.9375000001,50.39583333,0
0.9791666668,50.39583333,0
1.020833333,50.39583333,0
1.0625,50.39583333,0
1.104166667,50.39583333,0
1.145833333,50.39583333,0
1.1875,50.39583333,0
1.229166667,50.39583333,0
-0.8124999999,50.35416667,0
-0.7708333332,50.35416667,0
-0.7291666665,50.35416667,0
-0.6874999999,50.35416667,0
-0.6458333332,50.35416667,0
-0.6041666665,50.35416667,0
-0.5624999999,50.35416667,0
-0.5208333332,50.35416667,0
-0.4791666665,50.35416667,0
-0.4374999999,50.35416667,0
-0.3958333332,50.35416667,0
-0.3541666665,50.35416667,0
-0.3124999999,50.35416667,0
-0.2708333332,50.35416667,0
-0.2291666665,50.35416667,0
-0.1874999999,50.35416667,0
-0.1458333332,50.35416667,0
-0.1041666665,50.35416667,0
-0.06249999986,50.35416667,0
-0.02083333319,50.35416667,0
0.02083333348,50.35416667,0
0.06250000014,50.35416667,0
0.1041666668,50.35416667,0
0.1458333335,50.35416667,0
0.1875000001,50.35416667,0
0.2291666668,50.35416667,0
0.2708333335,50.35416667,0
0.3125000001,50.35416667,0
0.3541666668,50.35416667,0
0.3958333335,50.35416667,0
0.4375000001,50.35416667,0
0.4791666668,50.35416667,0
0.5208333335,50.35416667,0
0.5625000001,50.35416667,0
0.6041666668,50.35416667,0
0.6458333335,50.35416667,0
0.6875000001,50.35416667,0
0.7291666668,50.35416667,0
0.7708333335,50.35416667,0
0.8125000001,50.35416667,0
0.8541666668,50.35416667,0
0.8958333335,50.35416667,0
0.9375000001,50.35416667,0
0.9791666668,50.35416667,0
1.020833333,50.35416667,0
1.0625,50.35416667,0
1.104166667,50.35416667,0
1.145833333,50.35416667,0
1.1875,50.35416667,0
1.229166667,50.35416667,0
-0.8124999999,50.3125,0
-0.7708333332,50.3125,0
-0.7291666665,50.3125,0
-0.6874999999,50.3125,0
-0.6458333332,50.3125,0
-0.6041666665,50.3125,0
-0.5624999999,50.3125,0
-0.5208333332,50.3125,0
-0.4791666665,50.3125,0
-0.4374999999,50.3125,0
-0.3958333332,50.3125,0
-0.3541666665,50.3125,0
-0.3124999999,50.3125,0
-0.2708333332,50.3125,0
-0.2291666665,50.3125,0
-0.1874999999,50.3125,0
-0.1458333332,50.3125,0
-0.1041666665,50.3125,0
-0.06249999986,50.3125,0
-0.02083333319,50.3125,0
0.02083333348,50.3125,0
0.06250000014,50.3125,0
0.1041666668,50.3125,0
0.1458333335,50.3125,0
0.1875000001,50.3125,0
0.2291666668,50.3125,0
0.2708333335,50.3125,0
0.3125000001,50.3125,0
0.3541666668,50.3125,0
0.3958333335,50.3125,0
0.4375000001,50.3125,0
0.4791666668,50.3125,0
0.5208333335,50.3125,0
0.5625000001,50.3125,0
0.6041666668,50.3125,0
0.6458333335,50.3125,0
0.6875000001,50.3125,0
0.7291666668,50.3125,0
0.7708333335,50.3125,0
0.8125000001,50.3125,0
0.8541666668,50.3125,0
0.8958333335,50.3125,0
0.9375000001,50.3125,0
0.9791666668,50.3125,0
1.020833333,50.3125,0
1.0625,50.3125,0
1.104166667,50.3125,0
1.145833333,50.3125,0
1.1875,50.3125,0
1.229166667,50.3125,0
-0.8124999999,50.27083333,0
-0.7708333332,50.27083333,0
-0.7291666665,50.27083333,0
-0.6874999999,50.27083333,0
-0.6458333332,50.27083333,0
-0.6041666665,50.27083333,0
-0.5624999999,50.27083333,0
-0.5208333332,50.27083333,0
-0.4791666665,50.27083333,0
-0.4374999999,50.27083333,0
-0.3958333332,50.27083333,0
-0.3541666665,50.27083333,0
-0.3124999999,50.27083333,0
-0.2708333332,50.27083333,0
-0.2291666665,50.27083333,0
-0.1874999999,50.27083333,0
-0.1458333332,50.27083333,0
-0.1041666665,50.27083333,0
-0.06249999986,50.27083333,0
-0.02083333319,50.27083333,0
0.02083333348,50.27083333,0
0.06250000014,50.27083333,0
0.1041666668,50.27083333,0
0.1458333335,50.27083333,0
0.1875000001,50.27083333,0
0.2291666668,50.27083333,0
0.2708333335,50.27083333,0
0.3125000001,50.27083333,0
0.3541666668,50.27083333,0
0.3958333335,50.27083333,0
0.4375000001,50.27083333,0
0.4791666668,50.27083333,0
0.5208333335,50.27083333,0
0.5625000001,50.27083333,0
0.6041666668,50.27083333,0
0.6458333335,50.27083333,0
0.6875000001,50.27083333,0
0.7291666668,50.27083333,0
0.7708333335,50.27083333,0
0.8125000001,50.27083333,0
0.8541666668,50.27083333,0
0.8958333335,50.27083333,0
0.9375000001,50.27083333,0
0.9791666668,50.27083333,0
1.020833333,50.27083333,0
1.0625,50.27083333,0
1.104166667,50.27083333,0
1.145833333,50.27083333,0
1.1875,50.27083333,0
1.229166667,50.27083333,0
-0.8124999999,50.22916667,0
-0.7708333332,50.22916667,0
-0.7291666665,50.22916667,0
-0.6874999999,50.22916667,0
-0.6458333332,50.22916667,0
-0.6041666665,50.22916667,0
-0.5624999999,50.22916667,0
-0.5208333332,50.22916667,0
-0.4791666665,50.22916667,0
-0.4374999999,50.22916667,0
-0.3958333332,50.22916667,0
-0.3541666665,50.22916667,0
-0.3124999999,50.22916667,0
-0.2708333332,50.22916667,0
-0.2291666665,50.22916667,0
-0.1874999999,50.22916667,0
-0.1458333332,50.22916667,0
-0.1041666665,50.22916667,0
-0.06249999986,50.22916667,0
-0.02083333319,50.22916667,0
0.02083333348,50.22916667,0
0.06250000014,50.22916667,0
0.1041666668,50.22916667,0
0.1458333335,50.22916667,0
0.1875000001,50.22916667,0
0.2291666668,50.22916667,0
0.2708333335,50.22916667,0
0.3125000001,50.22916667,0
0.3541666668,50.22916667,0
0.3958333335,50.22916667,0
0.4375000001,50.22916667,0
0.4791666668,50.22916667,0
0.5208333335,50.22916667,0
0.5625000001,50.22916667,0
0.6041666668,50.22916667,0
0.6458333335,50.22916667,0
0.6875000001,50.22916667,0
0.7291666668,50.22916667,0
0.7708333335,50.22916667,0
0.8125000001,50.22916667,0
0.8541666668,50.22916667,0
0.8958333335,50.22916667,0
0.9375000001,50.22916667,0
0.9791666668,50.22916667,0
1.020833333,50.22916667,0
1.0625,50.22916667,0
1.104166667,50.22916667,0
1.145833333,50.22916667,0
1.1875,50.22916667,0
1.229166667,50.22916667,0
-0.8124999999,50.1875,0
-0.7708333332,50.1875,0
-0.7291666665,50.1875,0
-0.6874999999,50.1875,0
-0.6458333332,50.1875,0
-0.6041666665,50.1875,0
-0.5624999999,50.1875,0
-0.5208333332,50.1875,0
-0.4791666665,50.1875,0
-0.4374999999,50.1875,0
-0.3958333332,50.1875,0
-0.3541666665,50.1875,0
-0.3124999999,50.1875,0
-0.2708333332,50.1875,0
-0.2291666665,50.1875,0
-0.1874999999,50.1875,0
-0.1458333332,50.1875,0
-0.1041666665,50.1875,0
-0.06249999986,50.1875,0
-0.02083333319,50.1875,0
0.02083333348,50.1875,0
0.06250000014,50.1875,0
0.1041666668,50.1875,0
0.1458333335,50.1875,0
0.1875000001,50.1875,0
0.2291666668,50.1875,0
0.2708333335,50.1875,0
0.3125000001,50.1875,0
0.3541666668,50.1875,0
0.3958333335,50.1875,0
0.4375000001,50.1875,0
0.4791666668,50.1875,0
0.5208333335,50.1875,0
0.5625000001,50.1875,0
0.6041666668,50.1875,0
0.6458333335,50.1875,0
0.6875000001,50.1875,0
0.7291666668,50.1875,0
0.7708333335,50.1875,0
0.8125000001,50.1875,0
0.8541666668,50.1875,0
0.8958333335,50.1875,0
0.9375000001,50.1875,0
0.9791666668,50.1875,0
1.020833333,50.1875,0
1.0625,50.1875,0
1.104166667,50.1875,0
1.145833333,50.1875,0
1.1875,50.1875,0
1.229166667,50.1875,0
-0.8124999999,50.14583333,0
-0.7708333332,50.14583333,0
-0.7291666665,50.14583333,0
-0.6874999999,50.14583333,0
-0.6458333332,50.14583333,0
-0.6041666665,50.14583333,0
-0.5624999999,50.14583333,0
-0.5208333332,50.14583333,0
-0.4791666665,50.14583333,0
-0.4374999999,50.14583333,0
-0.3958333332,50.14583333,0
-0.3541666665,50.14583333,0
-0.3124999999,50.14583333,0
-0.2708333332,50.14583333,0
-0.2291666665,50.14583333,0
-0.1874999999,50.14583333,0
-0.1458333332,50.14583333,0
-0.1041666665,50.14583333,0
-0.06249999986,50.14583333,0
-0.02083333319,50.14583333,0
0.02083333348,50.14583333,0
0.06250000014,50.14583333,0
0.1041666668,50.14583333,0
0.1458333335,50.14583333,0
0.1875000001,50.14583333,0
0.2291666668,50.14583333,0
0.2708333335,50.14583333,0
0.3125000001,50.14583333,0
0.3541666668,50.14583333,0
0.3958333335,50.14583333,0
0.4375000001,50.14583333,0
0.4791666668,50.14583333,0
0.5208333335,50.14583333,0
0.5625000001,50.14583333,0
0.6041666668,50.14583333,0
0.6458333335,50.14583333,0
0.6875000001,50.14583333,0
0.7291666668,50.14583333,0
0.7708333335,50.14583333,0
0.8125000001,50.14583333,0
0.8541666668,50.14583333,0
0.8958333335,50.14583333,0
0.9375000001,50.14583333,0
0.9791666668,50.14583333,0
1.020833333,50.14583333,0
1.0625,50.14583333,0
1.104166667,50.14583333,0
1.145833333,50.14583333,0
1.1875,50.14583333,0
1.229166667,50.14583333,0
-0.8124999999,50.10416667,0
-0.7708333332,50.10416667,0
-0.7291666665,50.10416667,0
-0.6874999999,50.10416667,0
-0.6458333332,50.10416667,0
-0.6041666665,50.10416667,0
-0.5624999999,50.10416667,0
-0.5208333332,50.10416667,0
-0.4791666665,50.10416667,0
-0.4374999999,50.10416667,0
-0.3958333332,50.10416667,0
-0.3541666665,50.10416667,0
-0.3124999999,50.10416667,0
-0.2708333332,50.10416667,0
-0.2291666665,50.10416667,0
-0.1874999999,50.10416667,0
-0.1458333332,50.10416667,0
-0.1041666665,50.10416667,0
-0.06249999986,50.10416667,0
-0.02083333319,50.10416667,0
0.02083333348,50.10416667,0
0.06250000014,50.10416667,0
0.1041666668,50.10416667,0
0.1458333335,50.10416667,0
0.1875000001,50.10416667,0
0.2291666668,50.10416667,0
0.2708333335,50.10416667,0
0.3125000001,50.10416667,0
0.3541666668,50.10416667,0
0.3958333335,50.10416667,0
0.4375000001,50.10416667,0
0.4791666668,50.10416667,0
0.5208333335,50.10416667,0
0.5625000001,50.10416667,0
0.6041666668,50.10416667,0
0.6458333335,50.10416667,0
0.6875000001,50.10416667,0
0.7291666668,50.10416667,0
0.7708333335,50.10416667,0
0.8125000001,50.10416667,0
0.8541666668,50.10416667,0
0.8958333335,50.10416667,0
0.9375000001,50.10416667,0
0.9791666668,50.10416667,0
1.020833333,50.10416667,0
1.0625,50.10416667,0
1.104166667,50.10416667,0
1.145833333,50.10416667,0
1.1875,50.10416667,0
1.229166667,50.10416667,0
-0.8124999999,50.0625,0
-0.7708333332,50.0625,0
-0.7291666665,50.0625,0
-0.6874999999,50.0625,0
-0.6458333332,50.0625,0
-0.6041666665,50.0625,0
-0.5624999999,50.0625,0
-0.5208333332,50.0625,0
-0.4791666665,50.0625,0
-0.4374999999,50.0625,0
-0.3958333332,50.0625,0
-0.3541666665,50.0625,0
-0.3124999999,50.0625,0
-0.2708333332,50.0625,0
-0.2291666665,50.0625,0
-0.1874999999,50.0625,0
-0.1458333332,50.0625,0
-0.1041666665,50.0625,0
-0.06249999986,50.0625,0
-0.02083333319,50.0625,0
0.02083333348,50.0625,0
0.06250000014,50.0625,0
0.1041666668,50.0625,0
0.1458333335,50.0625,0
0.1875000001,50.0625,0
0.2291666668,50.0625,0
0.2708333335,50.0625,0
0.3125000001,50.0625,0
0.3541666668,50.0625,0
0.3958333335,50.0625,0
0.4375000001,50.0625,0
0.4791666668,50.0625,0
0.5208333335,50.0625,0
0.5625000001,50.0625,0
0.6041666668,50.0625,0
0.6458333335,50.0625,0
0.6875000001,50.0625,0
0.7291666668,50.0625,0
0.7708333335,50.0625,0
0.8125000001,50.0625,0
0.8541666668,50.0625,0
0.8958333335,50.0625,0
0.9375000001,50.0625,0
0.9791666668,50.0625,0
1.020833333,50.0625,0
1.0625,50.0625,0
1.104166667,50.0625,0
1.145833333,50.0625,0
1.1875,50.0625,0
1.229166667,50.0625,0
-0.8124999999,50.02083333,0
-0.7708333332,50.02083333,0
-0.7291666665,50.02083333,0
-0.6874999999,50.02083333,0
-0.6458333332,50.02083333,0
-0.6041666665,50.02083333,0
-0.5624999999,50.02083333,0
-0.5208333332,50.02083333,0
-0.4791666665,50.02083333,0
-0.4374999999,50.02083333,0
-0.3958333332,50.02083333,0
-0.3541666665,50.02083333,0
-0.3124999999,50.02083333,0
-0.2708333332,50.02083333,0
-0.2291666665,50.02083333,0
-0.1874999999,50.02083333,0
-0.1458333332,50.02083333,0
-0.1041666665,50.02083333,0
-0.06249999986,50.02083333,0
-0.02083333319,50.02083333,0
0.02083333348,50.02083333,0
0.06250000014,50.02083333,0
0.1041666668,50.02083333,0
0.1458333335,50.02083333,0
0.1875000001,50.02083333,0
0.2291666668,50.02083333,0
0.2708333335,50.02083333,0
0.3125000001,50.02083333,0
0.3541666668,50.02083333,0
0.3958333335,50.02083333,0
0.4375000001,50.02083333,0
0.4791666668,50.02083333,0
0.5208333335,50.02083333,0
0.5625000001,50.02083333,0
0.6041666668,50.02083333,0
0.6458333335,50.02083333,0
0.6875000001,50.02083333,0
0.7291666668,50.02083333,0
0.7708333335,50.02083333,0
0.8125000001,50.02083333,0
0.8541666668,50.02083333,0
0.8958333335,50.02083333,0
0.9375000001,50.02083333,0
0.9791666668,50.02083333,0
1.020833333,50.02083333,0
1.0625,50.02083333,0
1.104166667,50.02083333,0
1.145833333,50.02083333,0
1.1875,50.02083333,0
1.229166667,50.02083333,0
-0.8124999999,49.97916667,0
-0.7708333332,49.97916667,0
-0.7291666665,49.97916667,0
-0.6874999999,49.97916667,0
-0.6458333332,49.97916667,0
-0.6041666665,49.97916667,0
-0.5624999999,49.97916667,0
-0.5208333332,49.97916667,0
-0.4791666665,49.97916667,0
-0.4374999999,49.97916667,0
-0.3958333332,49.97916667,0
-0.3541666665,49.97916667,0
-0.3124999999,49.97916667,0
-0.2708333332,49.97916667,0
-0.2291666665,49.97916667,0
-0.1874999999,49.97916667,0
-0.1458333332,49.97916667,0
-0.1041666665,49.97916667,0
-0.06249999986,49.97916667,0
-0.02083333319,49.97916667,0
0.02083333348,49.97916667,0
0.06250000014,49.97916667,0
0.1041666668,49.97916667,0
0.1458333335,49.97916667,0
0.1875000001,49.97916667,0
0.2291666668,49.97916667,0
0.2708333335,49.97916667,0
0.3125000001,49.97916667,0
0.3541666668,49.97916667,0
0.3958333335,49.97916667,0
0.4375000001,49.97916667,0
0.4791666668,49.97916667,0
0.5208333335,49.97916667,0
0.5625000001,49.97916667,0
0.6041666668,49.97916667,0
0.6458333335,49.97916667,0
0.6875000001,49.97916667,0
0.7291666668,49.97916667,0
0.7708333335,49.97916667,0
0.8125000001,49.97916667,0
0.8541666668,49.97916667,0
0.8958333335,49.97916667,0
0.9375000001,49.97916667,0
0.9791666668,49.97916667,0
1.020833333,49.97916667,0
1.0625,49.97916667,0
1.104166667,49.97916667,0
1.145833333,49.97916667,430
1.1875,49.97916667,171
1.229166667,49.97916667,101
-0.8124999999,49.9375,0
-0.7708333332,49.9375,0
-0.7291666665,49.9375,0
-0.6874999999,49.9375,0
-0.6458333332,49.9375,0
-0.6041666665,49.9375,0
-0.5624999999,49.9375,0
-0.5208333332,49.9375,0
-0.4791666665,49.9375,0
-0.4374999999,49.9375,0
-0.3958333332,49.9375,0
-0.3541666665,49.9375,0
-0.3124999999,49.9375,0
-0.2708333332,49.9375,0
-0.2291666665,49.9375,0
-0.1874999999,49.9375,0
-0.1458333332,49.9375,0
-0.1041666665,49.9375,0
-0.06249999986,49.9375,0
-0.02083333319,49.9375,0
0.02083333348,49.9375,0
0.06250000014,49.9375,0
0.1041666668,49.9375,0
0.1458333335,49.9375,0
0.1875000001,49.9375,0
0.2291666668,49.9375,0
0.2708333335,49.9375,0
0.3125000001,49.9375,0
0.3541666668,49.9375,0
0.3958333335,49.9375,0
0.4375000001,49.9375,0
0.4791666668,49.9375,0
0.5208333335,49.9375,0
0.5625000001,49.9375,0
0.6041666668,49.9375,0
0.6458333335,49.9375,0
0.6875000001,49.9375,0
0.7291666668,49.9375,0
0.7708333335,49.9375,0
0.8125000001,49.9375,0
0.8541666668,49.9375,0
0.8958333335,49.9375,0
0.9375000001,49.9375,83
0.9791666668,49.9375,108
1.020833333,49.9375,302
1.0625,49.9375,2543
1.104166667,49.9375,2244
1.145833333,49.9375,215
1.1875,49.9375,150
1.229166667,49.9375,64
-0.8124999999,49.89583333,0
-0.7708333332,49.89583333,0
-0.7291666665,49.89583333,0
-0.6874999999,49.89583333,0
-0.6458333332,49.89583333,0
-0.6041666665,49.89583333,0
-0.5624999999,49.89583333,0
-0.5208333332,49.89583333,0
-0.4791666665,49.89583333,0
-0.4374999999,49.89583333,0
-0.3958333332,49.89583333,0
-0.3541666665,49.89583333,0
-0.3124999999,49.89583333,0
-0.2708333332,49.89583333,0
-0.2291666665,49.89583333,0
-0.1874999999,49.89583333,0
-0.1458333332,49.89583333,0
-0.1041666665,49.89583333,0
-0.06249999986,49.89583333,0
-0.02083333319,49.89583333,0
0.02083333348,49.89583333,0
0.06250000014,49.89583333,0
0.1041666668,49.89583333,0
0.1458333335,49.89583333,0
0.1875000001,49.89583333,0
0.2291666668,49.89583333,0
0.2708333335,49.89583333,0
0.3125000001,49.89583333,0
0.3541666668,49.89583333,0
0.3958333335,49.89583333,0
0.4375000001,49.89583333,0
0.4791666668,49.89583333,0
0.5208333335,49.89583333,0
0.5625000001,49.89583333,0
0.6041666668,49.89583333,0
0.6458333335,49.89583333,0
0.6875000001,49.89583333,0
0.7291666668,49.89583333,0
0.7708333335,49.89583333,105
0.8125000001,49.89583333,55
0.8541666668,49.89583333,41
0.8958333335,49.89583333,51
0.9375000001,49.89583333,73
0.9791666668,49.89583333,95
1.020833333,49.89583333,195
1.0625,49.89583333,653
1.104166667,49.89583333,340
1.145833333,49.89583333,154
1.1875,49.89583333,88
1.229166667,49.89583333,137
-0.8124999999,49.85416667,0
-0.7708333332,49.85416667,0
-0.7291666665,49.85416667,0
-0.6874999999,49.85416667,0
-0.6458333332,49.85416667,0
-0.6041666665,49.85416667,0
-0.5624999999,49.85416667,0
-0.5208333332,49.85416667,0
-0.4791666665,49.85416667,0
-0.4374999999,49.85416667,0
-0.3958333332,49.85416667,0
-0.3541666665,49.85416667,0
-0.3124999999,49.85416667,0
-0.2708333332,49.85416667,0
-0.2291666665,49.85416667,0
-0.1874999999,49.85416667,0
-0.1458333332,49.85416667,0
-0.1041666665,49.85416667,0
-0.06249999986,49.85416667,0
-0.02083333319,49.85416667,0
0.02083333348,49.85416667,0
0.06250000014,49.85416667,0
0.1041666668,49.85416667,0
0.1458333335,49.85416667,0
0.1875000001,49.85416667,0
0.2291666668,49.85416667,0
0.2708333335,49.85416667,0
0.3125000001,49.85416667,0
0.3541666668,49.85416667,0
0.3958333335,49.85416667,0
0.4375000001,49.85416667,0
0.4791666668,49.85416667,0
0.5208333335,49.85416667,74
0.5625000001,49.85416667,64
0.6041666668,49.85416667,47
0.6458333335,49.85416667,48
0.6875000001,49.85416667,236
0.7291666668,49.85416667,228
0.7708333335,49.85416667,68
0.8125000001,49.85416667,63
0.8541666668,49.85416667,42
0.8958333335,49.85416667,35
0.9375000001,49.85416667,103
0.9791666668,49.85416667,89
1.020833333,49.85416667,157
1.0625,49.85416667,144
1.104166667,49.85416667,136
1.145833333,49.85416667,87
1.1875,49.85416667,75
1.229166667,49.85416667,109
-0.8124999999,49.8125,0
-0.7708333332,49.8125,0
-0.7291666665,49.8125,0
-0.6874999999,49.8125,0
-0.6458333332,49.8125,0
-0.6041666665,49.8125,0
-0.5624999999,49.8125,0
-0.5208333332,49.8125,0
-0.4791666665,49.8125,0
-0.4374999999,49.8125,0
-0.3958333332,49.8125,0
-0.3541666665,49.8125,0
-0.3124999999,49.8125,0
-0.2708333332,49.8125,0
-0.2291666665,49.8125,0
-0.1874999999,49.8125,0
-0.1458333332,49.8125,0
-0.1041666665,49.8125,0
-0.06249999986,49.8125,0
-0.02083333319,49.8125,0
0.02083333348,49.8125,0
0.06250000014,49.8125,0
0.1041666668,49.8125,0
0.1458333335,49.8125,0
0.1875000001,49.8125,0
0.2291666668,49.8125,0
0.2708333335,49.8125,0
0.3125000001,49.8125,0
0.3541666668,49.8125,0
0.3958333335,49.8125,0
0.4375000001,49.8125,71
0.4791666668,49.8125,106
0.5208333335,49.8125,113
0.5625000001,49.8125,59
0.6041666668,49.8125,61
0.6458333335,49.8125,93
0.6875000001,49.8125,83
0.7291666668,49.8125,60
0.7708333335,49.8125,40
0.8125000001,49.8125,54
0.8541666668,49.8125,100
0.8958333335,49.8125,161
0.9375000001,49.8125,142
0.9791666668,49.8125,50
1.020833333,49.8125,89
1.0625,49.8125,46
1.104166667,49.8125,95
1.145833333,49.8125,49
1.1875,49.8125,76
1.229166667,49.8125,43
-0.8124999999,49.77083333,0
-0.7708333332,49.77083333,0
-0.7291666665,49.77083333,0
-0.6874999999,49.77083333,0
-0.6458333332,49.77083333,0
-0.6041666665,49.77083333,0
-0.5624999999,49.77083333,0
-0.5208333332,49.77083333,0
-0.4791666665,49.77083333,0
-0.4374999999,49.77083333,0
-0.3958333332,49.77083333,0
-0.3541666665,49.77083333,0
-0.3124999999,49.77083333,0
-0.2708333332,49.77083333,0
-0.2291666665,49.77083333,0
-0.1874999999,49.77083333,0
-0.1458333332,49.77083333,0
-0.1041666665,49.77083333,0
-0.06249999986,49.77083333,0
-0.02083333319,49.77083333,0
0.02083333348,49.77083333,0
0.06250000014,49.77083333,0
0.1041666668,49.77083333,0
0.1458333335,49.77083333,0
0.1875000001,49.77083333,0
0.2291666668,49.77083333,0
0.2708333335,49.77083333,0
0.3125000001,49.77083333,0
0.3541666668,49.77083333,1109
0.3958333335,49.77083333,995
0.4375000001,49.77083333,301
0.4791666668,49.77083333,78
0.5208333335,49.77083333,80
0.5625000001,49.77083333,48
0.6041666668,49.77083333,116
0.6458333335,49.77083333,160
0.6875000001,49.77083333,59
0.7291666668,49.77083333,33
0.7708333335,49.77083333,45
0.8125000001,49.77083333,35
0.8541666668,49.77083333,57
0.8958333335,49.77083333,52
0.9375000001,49.77083333,32
0.9791666668,49.77083333,45
1.020833333,49.77083333,52
1.0625,49.77083333,53
1.104166667,49.77083333,64
1.145833333,49.77083333,36
1.1875,49.77083333,51
1.229166667,49.77083333,73
-0.8124999999,49.72916667,0
-0.7708333332,49.72916667,0
-0.7291666665,49.72916667,0
-0.6874999999,49.72916667,0
-0.6458333332,49.72916667,0
-0.6041666665,49.72916667,0
-0.5624999999,49.72916667,0
-0.5208333332,49.72916667,0
-0.4791666665,49.72916667,0
-0.4374999999,49.72916667,0
-0.3958333332,49.72916667,0
-0.3541666665,49.72916667,0
-0.3124999999,49.72916667,0
-0.2708333332,49.72916667,0
-0.2291666665,49.72916667,0
-0.1874999999,49.72916667,0
-0.1458333332,49.72916667,0
-0.1041666665,49.72916667,0
-0.06249999986,49.72916667,0
-0.02083333319,49.72916667,0
0.02083333348,49.72916667,0
0.06250000014,49.72916667,0
0.1041666668,49.72916667,0
0.1458333335,49.72916667,0
0.1875000001,49.72916667,389
0.2291666668,49.72916667,135
0.2708333335,49.72916667,50
0.3125000001,49.72916667,178
0.3541666668,49.72916667,205
0.3958333335,49.72916667,471
0.4375000001,49.72916667,172
0.4791666668,49.72916667,75
0.5208333335,49.72916667,94
0.5625000001,49.72916667,52
0.6041666668,49.72916667,87
0.6458333335,49.72916667,54
0.6875000001,49.72916667,45
0.7291666668,49.72916667,31
0.7708333335,49.72916667,124
0.8125000001,49.72916667,108
0.8541666668,49.72916667,45
0.8958333335,49.72916667,62
0.9375000001,49.72916667,58
0.9791666668,49.72916667,62
1.020833333,49.72916667,40
1.0625,49.72916667,70
1.104166667,49.72916667,73
1.145833333,49.72916667,61
1.1875,49.72916667,35
1.229166667,49.72916667,49
-0.8124999999,49.6875,0
-0.7708333332,49.6875,0
-0.7291666665,49.6875,0
-0.6874999999,49.6875,0
-0.6458333332,49.6875,0
-0.6041666665,49.6875,0
-0.5624999999,49.6875,0
-0.5208333332,49.6875,0
-0.4791666665,49.6875,0
-0.4374999999,49.6875,0
-0.3958333332,49.6875,0
-0.3541666665,49.6875,0
-0.3124999999,49.6875,0
-0.2708333332,49.6875,0
-0.2291666665,49.6875,0
-0.1874999999,49.6875,0
-0.1458333332,49.6875,0
-0.1041666665,49.6875,0
-0.06249999986,49.6875,0
-0.02083333319,49.6875,0
0.02083333348,49.6875,0
0.06250000014,49.6875,0
0.1041666668,49.6875,0
0.1458333335,49.6875,60
0.1875000001,49.6875,139
0.2291666668,49.6875,92
0.2708333335,49.6875,63
0.3125000001,49.6875,58
0.3541666668,49.6875,100
0.3958333335,49.6875,89
0.4375000001,49.6875,56
0.4791666668,49.6875,46
0.5208333335,49.6875,57
0.5625000001,49.6875,60
0.6041666668,49.6875,58
0.6458333335,49.6875,40
0.6875000001,49.6875,76
0.7291666668,49.6875,87
0.7708333335,49.6875,61
0.8125000001,49.6875,65
0.8541666668,49.6875,96
0.8958333335,49.6875,135
0.9375000001,49.6875,49
0.9791666668,49.6875,85
1.020833333,49.6875,77
1.0625,49.6875,82
1.104166667,49.6875,53
1.145833333,49.6875,74
1.1875,49.6875,36
1.229166667,49.6875,43
-0.8124999999,49.64583333,0
-0.7708333332,49.64583333,0
-0.7291666665,49.64583333,0
-0.6874999999,49.64583333,0
-0.6458333332,49.64583333,0
-0.6041666665,49.64583333,0
-0.5624999999,49.64583333,0
-0.5208333332,49.64583333,0
-0.4791666665,49.64583333,0
-0.4374999999,49.64583333,0
-0.3958333332,49.64583333,0
-0.3541666665,49.64583333,0
-0.3124999999,49.64583333,0
-0.2708333332,49.64583333,0
-0.2291666665,49.64583333,0
-0.1874999999,49.64583333,0
-0.1458333332,49.64583333,0
-0.1041666665,49.64583333,0
-0.06249999986,49.64583333,0
-0.02083333319,49.64583333,0
0.02083333348,49.64583333,0
0.06250000014,49.64583333,0
0.1041666668,49.64583333,0
0.1458333335,49.64583333,92
0.1875000001,49.64583333,100
0.2291666668,49.64583333,146
0.2708333335,49.64583333,150
0.3125000001,49.64583333,78
0.3541666668,49.64583333,215
0.3958333335,49.64583333,105
0.4375000001,49.64583333,70
0.4791666668,49.64583333,69
0.5208333335,49.64583333,88
0.5625000001,49.64583333,121
0.6041666668,49.64583333,112
0.6458333335,49.64583333,55
0.6875000001,49.64583333,51
0.7291666668,49.64583333,171
0.7708333335,49.64583333,171
0.8125000001,49.64583333,74
0.8541666668,49.64583333,93
0.8958333335,49.64583333,107
0.9375000001,49.64583333,76
0.9791666668,49.64583333,32
1.020833333,49.64583333,66
1.0625,49.64583333,47
1.104166667,49.64583333,63
1.145833333,49.64583333,50
1.1875,49.64583333,74
1.229166667,49.64583333,54
-0.8124999999,49.60416667,0
-0.7708333332,49.60416667,0
-0.7291666665,49.60416667,0
-0.6874999999,49.60416667,0
-0.6458333332,49.60416667,0
-0.6041666665,49.60416667,0
-0.5624999999,49.60416667,0
-0.5208333332,49.60416667,0
-0.4791666665,49.60416667,0
-0.4374999999,49.60416667,0
-0.3958333332,49.60416667,0
-0.3541666665,49.60416667,0
-0.3124999999,49.60416667,0
-0.2708333332,49.60416667,0
-0.2291666665,49.60416667,0
-0.1874999999,49.60416667,0
-0.1458333332,49.60416667,0
-0.1041666665,49.60416667,0
-0.06249999986,49.60416667,0
-0.02083333319,49.60416667,0
0.02083333348,49.60416667,0
0.06250000014,49.60416667,0
0.1041666668,49.60416667,182
0.1458333335,49.60416667,125
0.1875000001,49.60416667,156
0.2291666668,49.60416667,183
0.2708333335,49.60416667,142
0.3125000001,49.60416667,141
0.3541666668,49.60416667,109
0.3958333335,49.60416667,106
0.4375000001,49.60416667,101
0.4791666668,49.60416667,217
0.5208333335,49.60416667,135
0.5625000001,49.60416667,69
0.6041666668,49.60416667,57
0.6458333335,49.60416667,58
0.6875000001,49.60416667,73
0.7291666668,49.60416667,259
0.7708333335,49.60416667,579
0.8125000001,49.60416667,122
0.8541666668,49.60416667,66
0.8958333335,49.60416667,71
0.9375000001,49.60416667,159
0.9791666668,49.60416667,108
1.020833333,49.60416667,61
1.0625,49.60416667,80
1.104166667,49.60416667,120
1.145833333,49.60416667,82
1.1875,49.60416667,93
1.229166667,49.60416667,82
