-4.979166667,57.89583333,2
-4.9375,57.89583333,2
-4.895833333,57.89583333,2
-4.854166667,57.89583333,1
-4.8125,57.89583333,1
-4.770833333,57.89583333,1
-4.729166667,57.89583333,1
-4.6875,57.89583333,1
-4.645833333,57.89583333,1
-4.604166667,57.89583333,1
-4.5625,57.89583333,1
-4.520833333,57.89583333,1
-4.479166667,57.89583333,1
-4.4375,57.89583333,1
-4.395833333,57.89583333,1
-4.354166667,57.89583333,1
-4.3125,57.89583333,1
-4.270833333,57.89583333,6
-4.229166667,57.89583333,10
-4.1875,57.89583333,10
-4.145833333,57.89583333,10
-4.104166667,57.89583333,10
-4.0625,57.89583333,10
-4.020833333,57.89583333,10
-3.979166667,57.89583333,10
-3.9375,57.89583333,0
-3.895833333,57.89583333,0
-3.854166667,57.89583333,0
-3.8125,57.89583333,0
-3.770833333,57.89583333,0
-3.729166667,57.89583333,0
-3.6875,57.89583333,0
-3.645833333,57.89583333,0
-3.604166667,57.89583333,0
-3.5625,57.89583333,0
-3.520833333,57.89583333,0
-3.479166667,57.89583333,0
-3.4375,57.89583333,0
-3.395833333,57.89583333,0
-3.354166667,57.89583333,0
-3.3125,57.89583333,0
-3.270833333,57.89583333,0
-3.229166667,57.89583333,0
-3.1875,57.89583333,0
-3.145833333,57.89583333,0
-3.104166667,57.89583333,0
-3.0625,57.89583333,0
-3.020833333,57.89583333,0
-2.979166667,57.89583333,0
-2.9375,57.89583333,0
-4.979166667,57.85416667,2
-4.9375,57.85416667,2
-4.895833333,57.85416667,1
-4.854166667,57.85416667,1
-4.8125,57.85416667,1
-4.770833333,57.85416667,1
-4.729166667,57.85416667,1
-4.6875,57.85416667,1
-4.645833333,57.85416667,1
-4.604166667,57.85416667,1
-4.5625,57.85416667,1
-4.520833333,57.85416667,1
-4.479166667,57.85416667,1
-4.4375,57.85416667,1
-4.395833333,57.85416667,1
-4.354166667,57.85416667,2
-4.3125,57.85416667,8
-4.270833333,57.85416667,10
-4.229166667,57.85416667,10
-4.1875,57.85416667,10
-4.145833333,57.85416667,10
-4.104166667,57.85416667,13
-4.0625,57.85416667,12
-4.020833333,57.85416667,12
-3.979166667,57.85416667,21
-3.9375,57.85416667,21
-3.895833333,57.85416667,21
-3.854166667,57.85416667,21
-3.8125,57.85416667,21
-3.770833333,57.85416667,21
-3.729166667,57.85416667,0
-3.6875,57.85416667,0
-3.645833333,57.85416667,0
-3.604166667,57.85416667,0
-3.5625,57.85416667,0
-3.520833333,57.85416667,0
-3.479166667,57.85416667,0
-3.4375,57.85416667,0
-3.395833333,57.85416667,0
-3.354166667,57.85416667,0
-3.3125,57.85416667,0
-3.270833333,57.85416667,0
-3.229166667,57.85416667,0
-3.1875,57.85416667,0
-3.145833333,57.85416667,0
-3.104166667,57.85416667,0
-3.0625,57.85416667,0
-3.020833333,57.85416667,0
-2.979166667,57.85416667,0
-2.9375,57.85416667,0
-4.979166667,57.8125,2
-4.9375,57.8125,2
-4.895833333,57.8125,1
-4.854166667,57.8125,1
-4.8125,57.8125,1
-4.770833333,57.8125,1
-4.729166667,57.8125,1
-4.6875,57.8125,1
-4.645833333,57.8125,1
-4.604166667,57.8125,5
-4.5625,57.8125,8
-4.520833333,57.8125,10
-4.479166667,57.8125,9
-4.4375,57.8125,6
-4.395833333,57.8125,5
-4.354166667,57.8125,8
-4.3125,57.8125,10
-4.270833333,57.8125,10
-4.229166667,57.8125,10
-4.1875,57.8125,11
-4.145833333,57.8125,41
-4.104166667,57.8125,74
-4.0625,57.8125,60
-4.020833333,57.8125,21
-3.979166667,57.8125,21
-3.9375,57.8125,21
-3.895833333,57.8125,21
-3.854166667,57.8125,21
-3.8125,57.8125,21
-3.770833333,57.8125,0
-3.729166667,57.8125,0
-3.6875,57.8125,0
-3.645833333,57.8125,0
-3.604166667,57.8125,0
-3.5625,57.8125,0
-3.520833333,57.8125,0
-3.479166667,57.8125,0
-3.4375,57.8125,0
-3.395833333,57.8125,0
-3.354166667,57.8125,0
-3.3125,57.8125,0
-3.270833333,57.8125,0
-3.229166667,57.8125,0
-3.1875,57.8125,0
-3.145833333,57.8125,0
-3.104166667,57.8125,0
-3.0625,57.8125,0
-3.020833333,57.8125,0
-2.979166667,57.8125,0
-2.9375,57.8125,0
-4.979166667,57.77083333,2
-4.9375,57.77083333,1
-4.895833333,57.77083333,1
-4.854166667,57.77083333,1
-4.8125,57.77083333,1
-4.770833333,57.77083333,1
-4.729166667,57.77083333,1
-4.6875,57.77083333,1
-4.645833333,57.77083333,4
-4.604166667,57.77083333,11
-4.5625,57.77083333,11
-4.520833333,57.77083333,11
-4.479166667,57.77083333,11
-4.4375,57.77083333,11
-4.395833333,57.77083333,11
-4.354166667,57.77083333,11
-4.3125,57.77083333,11
-4.270833333,57.77083333,12
-4.229166667,57.77083333,27
-4.1875,57.77083333,41
-4.145833333,57.77083333,53
-4.104166667,57.77083333,40
-4.0625,57.77083333,24
-4.020833333,57.77083333,26
-3.979166667,57.77083333,21
-3.9375,57.77083333,25
-3.895833333,57.77083333,27
-3.854166667,57.77083333,24
-3.8125,57.77083333,0
-3.770833333,57.77083333,0
-3.729166667,57.77083333,0
-3.6875,57.77083333,0
-3.645833333,57.77083333,0
-3.604166667,57.77083333,0
-3.5625,57.77083333,0
-3.520833333,57.77083333,0
-3.479166667,57.77083333,0
-3.4375,57.77083333,0
-3.395833333,57.77083333,0
-3.354166667,57.77083333,0
-3.3125,57.77083333,0
-3.270833333,57.77083333,0
-3.229166667,57.77083333,0
-3.1875,57.77083333,0
-3.145833333,57.77083333,0
-3.104166667,57.77083333,0
-3.0625,57.77083333,0
-3.020833333,57.77083333,0
-2.979166667,57.77083333,0
-2.9375,57.77083333,0
-4.979166667,57.72916667,2
-4.9375,57.72916667,1
-4.895833333,57.72916667,1
-4.854166667,57.72916667,1
-4.8125,57.72916667,1
-4.770833333,57.72916667,1
-4.729166667,57.72916667,1
-4.6875,57.72916667,1
-4.645833333,57.72916667,21
-4.604166667,57.72916667,18
-4.5625,57.72916667,17
-4.520833333,57.72916667,15
-4.479166667,57.72916667,11
-4.4375,57.72916667,11
-4.395833333,57.72916667,11
-4.354166667,57.72916667,11
-4.3125,57.72916667,11
-4.270833333,57.72916667,11
-4.229166667,57.72916667,28
-4.1875,57.72916667,35
-4.145833333,57.72916667,35
-4.104166667,57.72916667,33
-4.0625,57.72916667,29
-4.020833333,57.72916667,28
-3.979166667,57.72916667,28
-3.9375,57.72916667,28
-3.895833333,57.72916667,28
-3.854166667,57.72916667,0
-3.8125,57.72916667,0
-3.770833333,57.72916667,0
-3.729166667,57.72916667,0
-3.6875,57.72916667,0
-3.645833333,57.72916667,0
-3.604166667,57.72916667,0
-3.5625,57.72916667,0
-3.520833333,57.72916667,0
-3.479166667,57.72916667,0
-3.4375,57.72916667,354
-3.395833333,57.72916667,354
-3.354166667,57.72916667,270
-3.3125,57.72916667,256
-3.270833333,57.72916667,968
-3.229166667,57.72916667,38
-3.1875,57.72916667,0
-3.145833333,57.72916667,0
-3.104166667,57.72916667,0
-3.0625,57.72916667,0
-3.020833333,57.72916667,0
-2.979166667,57.72916667,0
-2.9375,57.72916667,0
-4.979166667,57.6875,1
-4.9375,57.6875,1
-4.895833333,57.6875,1
-4.854166667,57.6875,1
-4.8125,57.6875,1
-4.770833333,57.6875,1
-4.729166667,57.6875,1
-4.6875,57.6875,1
-4.645833333,57.6875,3
-4.604166667,57.6875,12
-4.5625,57.6875,20
-4.520833333,57.6875,23
-4.479166667,57.6875,23
-4.4375,57.6875,17
-4.395833333,57.6875,12
-4.354166667,57.6875,17
-4.3125,57.6875,21
-4.270833333,57.6875,16
-4.229166667,57.6875,26
-4.1875,57.6875,309
-4.145833333,57.6875,129
-4.104166667,57.6875,35
-4.0625,57.6875,26
-4.020833333,57.6875,27
-3.979166667,57.6875,28
-3.9375,57.6875,28
-3.895833333,57.6875,0
-3.854166667,57.6875,0
-3.8125,57.6875,0
-3.770833333,57.6875,0
-3.729166667,57.6875,0
-3.6875,57.6875,0
-3.645833333,57.6875,47
-3.604166667,57.6875,47
-3.5625,57.6875,0
-3.520833333,57.6875,27
-3.479166667,57.6875,99
-3.4375,57.6875,93
-3.395833333,57.6875,64
-3.354166667,57.6875,48
-3.3125,57.6875,150
-3.270833333,57.6875,155
-3.229166667,57.6875,38
-3.1875,57.6875,38
-3.145833333,57.6875,38
-3.104166667,57.6875,38
-3.0625,57.6875,38
-3.020833333,57.6875,57
-2.979166667,57.6875,656
-2.9375,57.6875,357
-4.979166667,57.64583333,1
-4.9375,57.64583333,1
-4.895833333,57.64583333,1
-4.854166667,57.64583333,1
-4.8125,57.64583333,1
-4.770833333,57.64583333,1
-4.729166667,57.64583333,1
-4.6875,57.64583333,1
-4.645833333,57.64583333,1
-4.604166667,57.64583333,3
-4.5625,57.64583333,4
-4.520833333,57.64583333,5
-4.479166667,57.64583333,67
-4.4375,57.64583333,47
-4.395833333,57.64583333,24
-4.354166667,57.64583333,24
-4.3125,57.64583333,25
-4.270833333,57.64583333,26
-4.229166667,57.64583333,26
-4.1875,57.64583333,26
-4.145833333,57.64583333,26
-4.104166667,57.64583333,36
-4.0625,57.64583333,53
-4.020833333,57.64583333,26
-3.979166667,57.64583333,0
-3.9375,57.64583333,0
-3.895833333,57.64583333,0
-3.854166667,57.64583333,0
-3.8125,57.64583333,122
-3.770833333,57.64583333,78
-3.729166667,57.64583333,47
-3.6875,57.64583333,47
-3.645833333,57.64583333,47
-3.604166667,57.64583333,47
-3.5625,57.64583333,47
-3.520833333,57.64583333,40
-3.479166667,57.64583333,23
-3.4375,57.64583333,21
-3.395833333,57.64583333,21
-3.354166667,57.64583333,362
-3.3125,57.64583333,1308
-3.270833333,57.64583333,344
-3.229166667,57.64583333,40
-3.1875,57.64583333,38
-3.145833333,57.64583333,38
-3.104166667,57.64583333,38
-3.0625,57.64583333,39
-3.020833333,57.64583333,40
-2.979166667,57.64583333,184
-2.9375,57.64583333,157
-4.979166667,57.60416667,1
-4.9375,57.60416667,1
-4.895833333,57.60416667,1
-4.854166667,57.60416667,1
-4.8125,57.60416667,1
-4.770833333,57.60416667,1
-4.729166667,57.60416667,1
-4.6875,57.60416667,2
-4.645833333,57.60416667,3
-4.604166667,57.60416667,4
-4.5625,57.60416667,4
-4.520833333,57.60416667,10
-4.479166667,57.60416667,55
-4.4375,57.60416667,161
-4.395833333,57.60416667,55
-4.354166667,57.60416667,26
-4.3125,57.60416667,26
-4.270833333,57.60416667,27
-4.229166667,57.60416667,26
-4.1875,57.60416667,50
-4.145833333,57.60416667,68
-4.104166667,57.60416667,86
-4.0625,57.60416667,45
-4.020833333,57.60416667,40
-3.979166667,57.60416667,88
-3.9375,57.60416667,165
-3.895833333,57.60416667,165
-3.854166667,57.60416667,109
-3.8125,57.60416667,122
-3.770833333,57.60416667,119
-3.729166667,57.60416667,52
-3.6875,57.60416667,46
-3.645833333,57.60416667,71
-3.604166667,57.60416667,652
-3.5625,57.60416667,36
-3.520833333,57.60416667,22
-3.479166667,57.60416667,21
-3.4375,57.60416667,21
-3.395833333,57.60416667,21
-3.354166667,57.60416667,22
-3.3125,57.60416667,46
-3.270833333,57.60416667,41
-3.229166667,57.60416667,41
-3.1875,57.60416667,40
-3.145833333,57.60416667,33
-3.104166667,57.60416667,36
-3.0625,57.60416667,40
-3.020833333,57.60416667,38
-2.979166667,57.60416667,35
-2.9375,57.60416667,30
-4.979166667,57.5625,2
-4.9375,57.5625,2
-4.895833333,57.5625,3
-4.854166667,57.5625,3
-4.8125,57.5625,3
-4.770833333,57.5625,3
-4.729166667,57.5625,4
-4.6875,57.5625,4
-4.645833333,57.5625,4
-4.604166667,57.5625,4
-4.5625,57.5625,4
-4.520833333,57.5625,59
-4.479166667,57.5625,88
-4.4375,57.5625,117
-4.395833333,57.5625,103
-4.354166667,57.5625,40
-4.3125,57.5625,33
-4.270833333,57.5625,34
-4.229166667,57.5625,51
-4.1875,57.5625,86
-4.145833333,57.5625,88
-4.104166667,57.5625,85
-4.0625,57.5625,40
-4.020833333,57.5625,40
-3.979166667,57.5625,60
-3.9375,57.5625,101
-3.895833333,57.5625,55
-3.854166667,57.5625,15
-3.8125,57.5625,23
-3.770833333,57.5625,19
-3.729166667,57.5625,21
-3.6875,57.5625,27
-3.645833333,57.5625,18
-3.604166667,57.5625,19
-3.5625,57.5625,21
-3.520833333,57.5625,15
-3.479166667,57.5625,12
-3.4375,57.5625,14
-3.395833333,57.5625,11
-3.354166667,57.5625,24
-3.3125,57.5625,35
-3.270833333,57.5625,16
-3.229166667,57.5625,16
-3.1875,57.5625,15
-3.145833333,57.5625,10
-3.104166667,57.5625,13
-3.0625,57.5625,15
-3.020833333,57.5625,15
-2.979166667,57.5625,20
-2.9375,57.5625,157
-4.979166667,57.52083333,4
-4.9375,57.52083333,4
-4.895833333,57.52083333,4
-4.854166667,57.52083333,4
-4.8125,57.52083333,4
-4.770833333,57.52083333,4
-4.729166667,57.52083333,4
-4.6875,57.52083333,4
-4.645833333,57.52083333,4
-4.604166667,57.52083333,7
-4.5625,57.52083333,28
-4.520833333,57.52083333,55
-4.479166667,57.52083333,79
-4.4375,57.52083333,74
-4.395833333,57.52083333,42
-4.354166667,57.52083333,35
-4.3125,57.52083333,35
-4.270833333,57.52083333,35
-4.229166667,57.52083333,35
-4.1875,57.52083333,35
-4.145833333,57.52083333,74
-4.104166667,57.52083333,67
-4.0625,57.52083333,40
-4.020833333,57.52083333,40
-3.979166667,57.52083333,37
-3.9375,57.52083333,34
-3.895833333,57.52083333,15
-3.854166667,57.52083333,11
-3.8125,57.52083333,11
-3.770833333,57.52083333,11
-3.729166667,57.52083333,11
-3.6875,57.52083333,17
-3.645833333,57.52083333,18
-3.604166667,57.52083333,18
-3.5625,57.52083333,18
-3.520833333,57.52083333,14
-3.479166667,57.52083333,10
-3.4375,57.52083333,10
-3.395833333,57.52083333,10
-3.354166667,57.52083333,13
-3.3125,57.52083333,11
-3.270833333,57.52083333,10
-3.229166667,57.52083333,10
-3.1875,57.52083333,10
-3.145833333,57.52083333,10
-3.104166667,57.52083333,10
-3.0625,57.52083333,10
-3.020833333,57.52083333,10
-2.979166667,57.52083333,24
-2.9375,57.52083333,113
-4.979166667,57.47916667,4
-4.9375,57.47916667,4
-4.895833333,57.47916667,4
-4.854166667,57.47916667,4
-4.8125,57.47916667,4
-4.770833333,57.47916667,4
-4.729166667,57.47916667,4
-4.6875,57.47916667,3
-4.645833333,57.47916667,3
-4.604166667,57.47916667,3
-4.5625,57.47916667,5
-4.520833333,57.47916667,5
-4.479166667,57.47916667,19
-4.4375,57.47916667,29
-4.395833333,57.47916667,30
-4.354166667,57.47916667,30
-4.3125,57.47916667,31
-4.270833333,57.47916667,540
-4.229166667,57.47916667,1728
-4.1875,57.47916667,756
-4.145833333,57.47916667,605
-4.104166667,57.47916667,427
-4.0625,57.47916667,23
-4.020833333,57.47916667,31
-3.979166667,57.47916667,34
-3.9375,57.47916667,28
-3.895833333,57.47916667,11
-3.854166667,57.47916667,11
-3.8125,57.47916667,11
-3.770833333,57.47916667,11
-3.729166667,57.47916667,11
-3.6875,57.47916667,15
-3.645833333,57.47916667,18
-3.604166667,57.47916667,18
-3.5625,57.47916667,18
-3.520833333,57.47916667,15
-3.479166667,57.47916667,10
-3.4375,57.47916667,10
-3.395833333,57.47916667,10
-3.354166667,57.47916667,10
-3.3125,57.47916667,10
-3.270833333,57.47916667,10
-3.229166667,57.47916667,10
-3.1875,57.47916667,10
-3.145833333,57.47916667,6
-3.104166667,57.47916667,5
-3.0625,57.47916667,9
-3.020833333,57.47916667,10
-2.979166667,57.47916667,15
-2.9375,57.47916667,17
-4.979166667,57.4375,3
-4.9375,57.4375,3
-4.895833333,57.4375,3
-4.854166667,57.4375,3
-4.8125,57.4375,3
-4.770833333,57.4375,2
-4.729166667,57.4375,2
-4.6875,57.4375,2
-4.645833333,57.4375,2
-4.604166667,57.4375,2
-4.5625,57.4375,3
-4.520833333,57.4375,13
-4.479166667,57.4375,29
-4.4375,57.4375,30
-4.395833333,57.4375,23
-4.354166667,57.4375,29
-4.3125,57.4375,55
-4.270833333,57.4375,46
-4.229166667,57.4375,392
-4.1875,57.4375,260
-4.145833333,57.4375,104
-4.104166667,57.4375,6
-4.0625,57.4375,6
-4.020833333,57.4375,7
-3.979166667,57.4375,19
-3.9375,57.4375,12
-3.895833333,57.4375,11
-3.854166667,57.4375,11
-3.8125,57.4375,11
-3.770833333,57.4375,11
-3.729166667,57.4375,10
-3.6875,57.4375,11
-3.645833333,57.4375,13
-3.604166667,57.4375,9
-3.5625,57.4375,8
-3.520833333,57.4375,5
-3.479166667,57.4375,7
-3.4375,57.4375,9
-3.395833333,57.4375,10
-3.354166667,57.4375,10
-3.3125,57.4375,10
-3.270833333,57.4375,10
-3.229166667,57.4375,10
-3.1875,57.4375,7
-3.145833333,57.4375,3
-3.104166667,57.4375,3
-3.0625,57.4375,3
-3.020833333,57.4375,6
-2.979166667,57.4375,14
-2.9375,57.4375,18
-4.979166667,57.39583333,2
-4.9375,57.39583333,2
-4.895833333,57.39583333,2
-4.854166667,57.39583333,2
-4.8125,57.39583333,2
-4.770833333,57.39583333,2
-4.729166667,57.39583333,2
-4.6875,57.39583333,2
-4.645833333,57.39583333,2
-4.604166667,57.39583333,4
-4.5625,57.39583333,19
-4.520833333,57.39583333,30
-4.479166667,57.39583333,30
-4.4375,57.39583333,20
-4.395833333,57.39583333,6
-4.354166667,57.39583333,37
-4.3125,57.39583333,7
-4.270833333,57.39583333,19
-4.229166667,57.39583333,106
-4.1875,57.39583333,13
-4.145833333,57.39583333,6
-4.104166667,57.39583333,6
-4.0625,57.39583333,6
-4.020833333,57.39583333,6
-3.979166667,57.39583333,6
-3.9375,57.39583333,9
-3.895833333,57.39583333,11
-3.854166667,57.39583333,11
-3.8125,57.39583333,11
-3.770833333,57.39583333,10
-3.729166667,57.39583333,5
-3.6875,57.39583333,4
-3.645833333,57.39583333,4
-3.604166667,57.39583333,4
-3.5625,57.39583333,4
-3.520833333,57.39583333,4
-3.479166667,57.39583333,4
-3.4375,57.39583333,4
-3.395833333,57.39583333,7
-3.354166667,57.39583333,10
-3.3125,57.39583333,8
-3.270833333,57.39583333,6
-3.229166667,57.39583333,5
-3.1875,57.39583333,3
-3.145833333,57.39583333,3
-3.104166667,57.39583333,3
-3.0625,57.39583333,3
-3.020833333,57.39583333,5
-2.979166667,57.39583333,12
-2.9375,57.39583333,12
-4.979166667,57.35416667,2
-4.9375,57.35416667,2
-4.895833333,57.35416667,2
-4.854166667,57.35416667,2
-4.8125,57.35416667,2
-4.770833333,57.35416667,2
-4.729166667,57.35416667,3
-4.6875,57.35416667,3
-4.645833333,57.35416667,4
-4.604166667,57.35416667,4
-4.5625,57.35416667,5
-4.520833333,57.35416667,7
-4.479166667,57.35416667,11
-4.4375,57.35416667,5
-4.395833333,57.35416667,4
-4.354166667,57.35416667,3
-4.3125,57.35416667,5
-4.270833333,57.35416667,5
-4.229166667,57.35416667,6
-4.1875,57.35416667,6
-4.145833333,57.35416667,6
-4.104166667,57.35416667,6
-4.0625,57.35416667,6
-4.020833333,57.35416667,6
-3.979166667,57.35416667,6
-3.9375,57.35416667,6
-3.895833333,57.35416667,7
-3.854166667,57.35416667,9
-3.8125,57.35416667,8
-3.770833333,57.35416667,5
-3.729166667,57.35416667,4
-3.6875,57.35416667,4
-3.645833333,57.35416667,4
-3.604166667,57.35416667,28
-3.5625,57.35416667,30
-3.520833333,57.35416667,4
-3.479166667,57.35416667,4
-3.4375,57.35416667,4
-3.395833333,57.35416667,7
-3.354166667,57.35416667,5
-3.3125,57.35416667,3
-3.270833333,57.35416667,3
-3.229166667,57.35416667,3
-3.1875,57.35416667,3
-3.145833333,57.35416667,3
-3.104166667,57.35416667,3
-3.0625,57.35416667,3
-3.020833333,57.35416667,3
-2.979166667,57.35416667,5
-2.9375,57.35416667,9
-4.979166667,57.3125,2
-4.9375,57.3125,2
-4.895833333,57.3125,2
-4.854166667,57.3125,2
-4.8125,57.3125,2
-4.770833333,57.3125,3
-4.729166667,57.3125,4
-4.6875,57.3125,4
-4.645833333,57.3125,4
-4.604166667,57.3125,4
-4.5625,57.3125,4
-4.520833333,57.3125,4
-4.479166667,57.3125,4
-4.4375,57.3125,4
-4.395833333,57.3125,3
-4.354166667,57.3125,4
-4.3125,57.3125,5
-4.270833333,57.3125,6
-4.229166667,57.3125,6
-4.1875,57.3125,6
-4.145833333,57.3125,6
-4.104166667,57.3125,6
-4.0625,57.3125,6
-4.020833333,57.3125,6
-3.979166667,57.3125,6
-3.9375,57.3125,6
-3.895833333,57.3125,5
-3.854166667,57.3125,4
-3.8125,57.3125,4
-3.770833333,57.3125,4
-3.729166667,57.3125,4
-3.6875,57.3125,4
-3.645833333,57.3125,5
-3.604166667,57.3125,100
-3.5625,57.3125,50
-3.520833333,57.3125,4
-3.479166667,57.3125,4
-3.4375,57.3125,3
-3.395833333,57.3125,3
-3.354166667,57.3125,3
-3.3125,57.3125,3
-3.270833333,57.3125,3
-3.229166667,57.3125,3
-3.1875,57.3125,3
-3.145833333,57.3125,3
-3.104166667,57.3125,3
-3.0625,57.3125,3
-3.020833333,57.3125,3
-2.979166667,57.3125,4
-2.9375,57.3125,8
-4.979166667,57.27083333,2
-4.9375,57.27083333,2
-4.895833333,57.27083333,2
-4.854166667,57.27083333,2
-4.8125,57.27083333,2
-4.770833333,57.27083333,3
-4.729166667,57.27083333,4
-4.6875,57.27083333,4
-4.645833333,57.27083333,4
-4.604166667,57.27083333,4
-4.5625,57.27083333,4
-4.520833333,57.27083333,4
-4.479166667,57.27083333,4
-4.4375,57.27083333,3
-4.395833333,57.27083333,3
-4.354166667,57.27083333,5
-4.3125,57.27083333,6
-4.270833333,57.27083333,6
-4.229166667,57.27083333,6
-4.1875,57.27083333,6
-4.145833333,57.27083333,6
-4.104166667,57.27083333,6
-4.0625,57.27083333,6
-4.020833333,57.27083333,6
-3.979166667,57.27083333,5
-3.9375,57.27083333,5
-3.895833333,57.27083333,4
-3.854166667,57.27083333,4
-3.8125,57.27083333,8
-3.770833333,57.27083333,11
-3.729166667,57.27083333,11
-3.6875,57.27083333,7
-3.645833333,57.27083333,4
-3.604166667,57.27083333,4
-3.5625,57.27083333,4
-3.520833333,57.27083333,4
-3.479166667,57.27083333,4
-3.4375,57.27083333,3
-3.395833333,57.27083333,3
-3.354166667,57.27083333,3
-3.3125,57.27083333,3
-3.270833333,57.27083333,3
-3.229166667,57.27083333,3
-3.1875,57.27083333,4
-3.145833333,57.27083333,5
-3.104166667,57.27083333,5
-3.0625,57.27083333,5
-3.020833333,57.27083333,4
-2.979166667,57.27083333,7
-2.9375,57.27083333,9
-4.979166667,57.22916667,2
-4.9375,57.22916667,3
-4.895833333,57.22916667,3
-4.854166667,57.22916667,3
-4.8125,57.22916667,3
-4.770833333,57.22916667,4
-4.729166667,57.22916667,4
-4.6875,57.22916667,4
-4.645833333,57.22916667,4
-4.604166667,57.22916667,4
-4.5625,57.22916667,4
-4.520833333,57.22916667,3
-4.479166667,57.22916667,3
-4.4375,57.22916667,3
-4.395833333,57.22916667,3
-4.354166667,57.22916667,4
-4.3125,57.22916667,6
-4.270833333,57.22916667,6
-4.229166667,57.22916667,6
-4.1875,57.22916667,6
-4.145833333,57.22916667,6
-4.104166667,57.22916667,6
-4.0625,57.22916667,6
-4.020833333,57.22916667,4
-3.979166667,57.22916667,4
-3.9375,57.22916667,4
-3.895833333,57.22916667,4
-3.854166667,57.22916667,9
-3.8125,57.22916667,19
-3.770833333,57.22916667,20
-3.729166667,57.22916667,20
-3.6875,57.22916667,18
-3.645833333,57.22916667,15
-3.604166667,57.22916667,16
-3.5625,57.22916667,14
-3.520833333,57.22916667,11
-3.479166667,57.22916667,5
-3.4375,57.22916667,3
-3.395833333,57.22916667,3
-3.354166667,57.22916667,3
-3.3125,57.22916667,3
-3.270833333,57.22916667,3
-3.229166667,57.22916667,5
-3.1875,57.22916667,6
-3.145833333,57.22916667,6
-3.104166667,57.22916667,6
-3.0625,57.22916667,6
-3.020833333,57.22916667,6
-2.979166667,57.22916667,6
-2.9375,57.22916667,7
-4.979166667,57.1875,4
-4.9375,57.1875,4
-4.895833333,57.1875,4
-4.854166667,57.1875,4
-4.8125,57.1875,4
-4.770833333,57.1875,4
-4.729166667,57.1875,4
-4.6875,57.1875,4
-4.645833333,57.1875,4
-4.604166667,57.1875,4
-4.5625,57.1875,3
-4.520833333,57.1875,3
-4.479166667,57.1875,3
-4.4375,57.1875,3
-4.395833333,57.1875,3
-4.354166667,57.1875,4
-4.3125,57.1875,5
-4.270833333,57.1875,6
-4.229166667,57.1875,6
-4.1875,57.1875,6
-4.145833333,57.1875,6
-4.104166667,57.1875,4
-4.0625,57.1875,4
-4.020833333,57.1875,3
-3.979166667,57.1875,3
-3.9375,57.1875,3
-3.895833333,57.1875,4
-3.854166667,57.1875,10
-3.8125,57.1875,9
-3.770833333,57.1875,8
-3.729166667,57.1875,7
-3.6875,57.1875,11
-3.645833333,57.1875,18
-3.604166667,57.1875,20
-3.5625,57.1875,20
-3.520833333,57.1875,19
-3.479166667,57.1875,15
-3.4375,57.1875,7
-3.395833333,57.1875,3
-3.354166667,57.1875,4
-3.3125,57.1875,5
-3.270833333,57.1875,5
-3.229166667,57.1875,6
-3.1875,57.1875,6
-3.145833333,57.1875,6
-3.104166667,57.1875,6
-3.0625,57.1875,6
-3.020833333,57.1875,6
-2.979166667,57.1875,5
-2.9375,57.1875,6
-4.979166667,57.14583333,4
-4.9375,57.14583333,4
-4.895833333,57.14583333,4
-4.854166667,57.14583333,4
-4.8125,57.14583333,4
-4.770833333,57.14583333,4
-4.729166667,57.14583333,4
-4.6875,57.14583333,4
-4.645833333,57.14583333,4
-4.604166667,57.14583333,4
-4.5625,57.14583333,3
-4.520833333,57.14583333,3
-4.479166667,57.14583333,3
-4.4375,57.14583333,3
-4.395833333,57.14583333,3
-4.354166667,57.14583333,3
-4.3125,57.14583333,5
-4.270833333,57.14583333,6
-4.229166667,57.14583333,6
-4.1875,57.14583333,6
-4.145833333,57.14583333,3
-4.104166667,57.14583333,2
-4.0625,57.14583333,3
-4.020833333,57.14583333,3
-3.979166667,57.14583333,3
-3.9375,57.14583333,3
-3.895833333,57.14583333,3
-3.854166667,57.14583333,3
-3.8125,57.14583333,3
-3.770833333,57.14583333,3
-3.729166667,57.14583333,3
-3.6875,57.14583333,3
-3.645833333,57.14583333,4
-3.604166667,57.14583333,15
-3.5625,57.14583333,12
-3.520833333,57.14583333,3
-3.479166667,57.14583333,3
-3.4375,57.14583333,3
-3.395833333,57.14583333,3
-3.354166667,57.14583333,4
-3.3125,57.14583333,6
-3.270833333,57.14583333,6
-3.229166667,57.14583333,6
-3.1875,57.14583333,6
-3.145833333,57.14583333,5
-3.104166667,57.14583333,5
-3.0625,57.14583333,5
-3.020833333,57.14583333,3
-2.979166667,57.14583333,2
-2.9375,57.14583333,2
-4.979166667,57.10416667,3
-4.9375,57.10416667,3
-4.895833333,57.10416667,2
-4.854166667,57.10416667,1
-4.8125,57.10416667,2
-4.770833333,57.10416667,3
-4.729166667,57.10416667,4
-4.6875,57.10416667,4
-4.645833333,57.10416667,4
-4.604166667,57.10416667,4
-4.5625,57.10416667,3
-4.520833333,57.10416667,3
-4.479166667,57.10416667,3
-4.4375,57.10416667,3
-4.395833333,57.10416667,3
-4.354166667,57.10416667,3
-4.3125,57.10416667,3
-4.270833333,57.10416667,4
-4.229166667,57.10416667,3
-4.1875,57.10416667,2
-4.145833333,57.10416667,1
-4.104166667,57.10416667,1
-4.0625,57.10416667,2
-4.020833333,57.10416667,3
-3.979166667,57.10416667,3
-3.9375,57.10416667,2
-3.895833333,57.10416667,3
-3.854166667,57.10416667,3
-3.8125,57.10416667,3
-3.770833333,57.10416667,3
-3.729166667,57.10416667,3
-3.6875,57.10416667,3
-3.645833333,57.10416667,3
-3.604166667,57.10416667,3
-3.5625,57.10416667,3
-3.520833333,57.10416667,3
-3.479166667,57.10416667,3
-3.4375,57.10416667,3
-3.395833333,57.10416667,3
-3.354166667,57.10416667,3
-3.3125,57.10416667,2
-3.270833333,57.10416667,2
-3.229166667,57.10416667,2
-3.1875,57.10416667,2
-3.145833333,57.10416667,2
-3.104166667,57.10416667,2
-3.0625,57.10416667,2
-3.020833333,57.10416667,2
-2.979166667,57.10416667,2
-2.9375,57.10416667,2
-4.979166667,57.0625,1
-4.9375,57.0625,1
-4.895833333,57.0625,1
-4.854166667,57.0625,1
-4.8125,57.0625,1
-4.770833333,57.0625,1
-4.729166667,57.0625,2
-4.6875,57.0625,3
-4.645833333,57.0625,4
-4.604166667,57.0625,3
-4.5625,57.0625,3
-4.520833333,57.0625,3
-4.479166667,57.0625,2
-4.4375,57.0625,2
-4.395833333,57.0625,2
-4.354166667,57.0625,2
-4.3125,57.0625,1
-4.270833333,57.0625,1
-4.229166667,57.0625,1
-4.1875,57.0625,1
-4.145833333,57.0625,1
-4.104166667,57.0625,1
-4.0625,57.0625,1
-4.020833333,57.0625,1
-3.979166667,57.0625,1
-3.9375,57.0625,1
-3.895833333,57.0625,3
-3.854166667,57.0625,3
-3.8125,57.0625,3
-3.770833333,57.0625,3
-3.729166667,57.0625,3
-3.6875,57.0625,2
-3.645833333,57.0625,2
-3.604166667,57.0625,2
-3.5625,57.0625,2
-3.520833333,57.0625,2
-3.479166667,57.0625,2
-3.4375,57.0625,2
-3.395833333,57.0625,2
-3.354166667,57.0625,2
-3.3125,57.0625,2
-3.270833333,57.0625,2
-3.229166667,57.0625,2
-3.1875,57.0625,2
-3.145833333,57.0625,2
-3.104166667,57.0625,2
-3.0625,57.0625,2
-3.020833333,57.0625,2
-2.979166667,57.0625,2
-2.9375,57.0625,5
-4.979166667,57.02083333,1
-4.9375,57.02083333,1
-4.895833333,57.02083333,1
-4.854166667,57.02083333,1
-4.8125,57.02083333,2
-4.770833333,57.02083333,2
-4.729166667,57.02083333,2
-4.6875,57.02083333,2
-4.645833333,57.02083333,2
-4.604166667,57.02083333,1
-4.5625,57.02083333,1
-4.520833333,57.02083333,1
-4.479166667,57.02083333,1
-4.4375,57.02083333,1
-4.395833333,57.02083333,1
-4.354166667,57.02083333,1
-4.3125,57.02083333,1
-4.270833333,57.02083333,1
-4.229166667,57.02083333,1
-4.1875,57.02083333,1
-4.145833333,57.02083333,1
-4.104166667,57.02083333,1
-4.0625,57.02083333,1
-4.020833333,57.02083333,1
-3.979166667,57.02083333,1
-3.9375,57.02083333,2
-3.895833333,57.02083333,3
-3.854166667,57.02083333,3
-3.8125,57.02083333,3
-3.770833333,57.02083333,3
-3.729166667,57.02083333,2
-3.6875,57.02083333,2
-3.645833333,57.02083333,2
-3.604166667,57.02083333,2
-3.5625,57.02083333,2
-3.520833333,57.02083333,2
-3.479166667,57.02083333,2
-3.4375,57.02083333,2
-3.395833333,57.02083333,2
-3.354166667,57.02083333,2
-3.3125,57.02083333,2
-3.270833333,57.02083333,2
-3.229166667,57.02083333,2
-3.1875,57.02083333,2
-3.145833333,57.02083333,2
-3.104166667,57.02083333,2
-3.0625,57.02083333,2
-3.020833333,57.02083333,2
-2.979166667,57.02083333,2
-2.9375,57.02083333,3
-4.979166667,56.97916667,1
-4.9375,56.97916667,1
-4.895833333,56.97916667,1
-4.854166667,56.97916667,2
-4.8125,56.97916667,2
-4.770833333,56.97916667,2
-4.729166667,56.97916667,2
-4.6875,56.97916667,2
-4.645833333,56.97916667,2
-4.604166667,56.97916667,2
-4.5625,56.97916667,1
-4.520833333,56.97916667,1
-4.479166667,56.97916667,1
-4.4375,56.97916667,1
-4.395833333,56.97916667,1
-4.354166667,56.97916667,1
-4.3125,56.97916667,1
-4.270833333,56.97916667,1
-4.229166667,56.97916667,1
-4.1875,56.97916667,1
-4.145833333,56.97916667,1
-4.104166667,56.97916667,1
-4.0625,56.97916667,1
-4.020833333,56.97916667,1
-3.979166667,56.97916667,1
-3.9375,56.97916667,2
-3.895833333,56.97916667,3
-3.854166667,56.97916667,3
-3.8125,56.97916667,3
-3.770833333,56.97916667,3
-3.729166667,56.97916667,2
-3.6875,56.97916667,2
-3.645833333,56.97916667,2
-3.604166667,56.97916667,2
-3.5625,56.97916667,2
-3.520833333,56.97916667,2
-3.479166667,56.97916667,2
-3.4375,56.97916667,2
-3.395833333,56.97916667,2
-3.354166667,56.97916667,2
-3.3125,56.97916667,2
-3.270833333,56.97916667,2
-3.229166667,56.97916667,2
-3.1875,56.97916667,2
-3.145833333,56.97916667,2
-3.104166667,56.97916667,2
-3.0625,56.97916667,3
-3.020833333,56.97916667,3
-2.979166667,56.97916667,3
-2.9375,56.97916667,4
-4.979166667,56.9375,1
-4.9375,56.9375,2
-4.895833333,56.9375,2
-4.854166667,56.9375,2
-4.8125,56.9375,2
-4.770833333,56.9375,2
-4.729166667,56.9375,2
-4.6875,56.9375,2
-4.645833333,56.9375,2
-4.604166667,56.9375,2
-4.5625,56.9375,1
-4.520833333,56.9375,1
-4.479166667,56.9375,1
-4.4375,56.9375,1
-4.395833333,56.9375,1
-4.354166667,56.9375,1
-4.3125,56.9375,1
-4.270833333,56.9375,1
-4.229166667,56.9375,1
-4.1875,56.9375,1
-4.145833333,56.9375,1
-4.104166667,56.9375,1
-4.0625,56.9375,1
-4.020833333,56.9375,1
-3.979166667,56.9375,1
-3.9375,56.9375,2
-3.895833333,56.9375,3
-3.854166667,56.9375,3
-3.8125,56.9375,2
-3.770833333,56.9375,2
-3.729166667,56.9375,2
-3.6875,56.9375,2
-3.645833333,56.9375,3
-3.604166667,56.9375,4
-3.5625,56.9375,3
-3.520833333,56.9375,2
-3.479166667,56.9375,2
-3.4375,56.9375,2
-3.395833333,56.9375,2
-3.354166667,56.9375,2
-3.3125,56.9375,2
-3.270833333,56.9375,4
-3.229166667,56.9375,3
-3.1875,56.9375,2
-3.145833333,56.9375,2
-3.104166667,56.9375,4
-3.0625,56.9375,7
-3.020833333,56.9375,7
-2.979166667,56.9375,7
-2.9375,56.9375,7
-4.979166667,56.89583333,2
-4.9375,56.89583333,2
-4.895833333,56.89583333,2
-4.854166667,56.89583333,2
-4.8125,56.89583333,2
-4.770833333,56.89583333,2
-4.729166667,56.89583333,2
-4.6875,56.89583333,2
-4.645833333,56.89583333,2
-4.604166667,56.89583333,2
-4.5625,56.89583333,1
-4.520833333,56.89583333,1
-4.479166667,56.89583333,1
-4.4375,56.89583333,1
-4.395833333,56.89583333,1
-4.354166667,56.89583333,1
-4.3125,56.89583333,1
-4.270833333,56.89583333,1
-4.229166667,56.89583333,1
-4.1875,56.89583333,1
-4.145833333,56.89583333,1
-4.104166667,56.89583333,1
-4.0625,56.89583333,1
-4.020833333,56.89583333,1
-3.979166667,56.89583333,1
-3.9375,56.89583333,1
-3.895833333,56.89583333,1
-3.854166667,56.89583333,1
-3.8125,56.89583333,1
-3.770833333,56.89583333,1
-3.729166667,56.89583333,1
-3.6875,56.89583333,1
-3.645833333,56.89583333,6
-3.604166667,56.89583333,7
-3.5625,56.89583333,5
-3.520833333,56.89583333,4
-3.479166667,56.89583333,3
-3.4375,56.89583333,3
-3.395833333,56.89583333,3
-3.354166667,56.89583333,5
-3.3125,56.89583333,9
-3.270833333,56.89583333,12
-3.229166667,56.89583333,12
-3.1875,56.89583333,10
-3.145833333,56.89583333,8
-3.104166667,56.89583333,6
-3.0625,56.89583333,7
-3.020833333,56.89583333,7
-2.979166667,56.89583333,7
-2.9375,56.89583333,7
-4.979166667,56.85416667,2
-4.9375,56.85416667,2
-4.895833333,56.85416667,2
-4.854166667,56.85416667,2
-4.8125,56.85416667,2
-4.770833333,56.85416667,2
-4.729166667,56.85416667,2
-4.6875,56.85416667,2
-4.645833333,56.85416667,2
-4.604166667,56.85416667,2
-4.5625,56.85416667,2
-4.520833333,56.85416667,1
-4.479166667,56.85416667,1
-4.4375,56.85416667,1
-4.395833333,56.85416667,1
-4.354166667,56.85416667,1
-4.3125,56.85416667,1
-4.270833333,56.85416667,1
-4.229166667,56.85416667,1
-4.1875,56.85416667,1
-4.145833333,56.85416667,1
-4.104166667,56.85416667,1
-4.0625,56.85416667,1
-4.020833333,56.85416667,1
-3.979166667,56.85416667,1
-3.9375,56.85416667,1
-3.895833333,56.85416667,1
-3.854166667,56.85416667,1
-3.8125,56.85416667,1
-3.770833333,56.85416667,1
-3.729166667,56.85416667,1
-3.6875,56.85416667,1
-3.645833333,56.85416667,4
-3.604166667,56.85416667,7
-3.5625,56.85416667,7
-3.520833333,56.85416667,7
-3.479166667,56.85416667,7
-3.4375,56.85416667,7
-3.395833333,56.85416667,9
-3.354166667,56.85416667,14
-3.3125,56.85416667,14
-3.270833333,56.85416667,13
-3.229166667,56.85416667,12
-3.1875,56.85416667,12
-3.145833333,56.85416667,12
-3.104166667,56.85416667,12
-3.0625,56.85416667,11
-3.020833333,56.85416667,10
-2.979166667,56.85416667,7
-2.9375,56.85416667,7
-4.979166667,56.8125,2
-4.9375,56.8125,2
-4.895833333,56.8125,2
-4.854166667,56.8125,2
-4.8125,56.8125,2
-4.770833333,56.8125,2
-4.729166667,56.8125,2
-4.6875,56.8125,2
-4.645833333,56.8125,2
-4.604166667,56.8125,2
-4.5625,56.8125,2
-4.520833333,56.8125,1
-4.479166667,56.8125,1
-4.4375,56.8125,1
-4.395833333,56.8125,1
-4.354166667,56.8125,1
-4.3125,56.8125,1
-4.270833333,56.8125,1
-4.229166667,56.8125,1
-4.1875,56.8125,1
-4.145833333,56.8125,1
-4.104166667,56.8125,1
-4.0625,56.8125,1
-4.020833333,56.8125,1
-3.979166667,56.8125,1
-3.9375,56.8125,1
-3.895833333,56.8125,1
-3.854166667,56.8125,1
-3.8125,56.8125,1
-3.770833333,56.8125,1
-3.729166667,56.8125,1
-3.6875,56.8125,1
-3.645833333,56.8125,4
-3.604166667,56.8125,7
-3.5625,56.8125,7
-3.520833333,56.8125,7
-3.479166667,56.8125,7
-3.4375,56.8125,7
-3.395833333,56.8125,7
-3.354166667,56.8125,12
-3.3125,56.8125,14
-3.270833333,56.8125,14
-3.229166667,56.8125,13
-3.1875,56.8125,12
-3.145833333,56.8125,12
-3.104166667,56.8125,12
-3.0625,56.8125,12
-3.020833333,56.8125,12
-2.979166667,56.8125,12
-2.9375,56.8125,16
-4.979166667,56.77083333,2
-4.9375,56.77083333,2
-4.895833333,56.77083333,3
-4.854166667,56.77083333,3
-4.8125,56.77083333,3
-4.770833333,56.77083333,2
-4.729166667,56.77083333,2
-4.6875,56.77083333,2
-4.645833333,56.77083333,2
-4.604166667,56.77083333,2
-4.5625,56.77083333,2
-4.520833333,56.77083333,1
-4.479166667,56.77083333,1
-4.4375,56.77083333,1
-4.395833333,56.77083333,1
-4.354166667,56.77083333,1
-4.3125,56.77083333,1
-4.270833333,56.77083333,1
-4.229166667,56.77083333,1
-4.1875,56.77083333,1
-4.145833333,56.77083333,1
-4.104166667,56.77083333,1
-4.0625,56.77083333,1
-4.020833333,56.77083333,1
-3.979166667,56.77083333,1
-3.9375,56.77083333,1
-3.895833333,56.77083333,1
-3.854166667,56.77083333,1
-3.8125,56.77083333,1
-3.770833333,56.77083333,1
-3.729166667,56.77083333,1
-3.6875,56.77083333,1
-3.645833333,56.77083333,6
-3.604166667,56.77083333,7
-3.5625,56.77083333,7
-3.520833333,56.77083333,7
-3.479166667,56.77083333,7
-3.4375,56.77083333,7
-3.395833333,56.77083333,8
-3.354166667,56.77083333,14
-3.3125,56.77083333,14
-3.270833333,56.77083333,14
-3.229166667,56.77083333,14
-3.1875,56.77083333,14
-3.145833333,56.77083333,13
-3.104166667,56.77083333,12
-3.0625,56.77083333,12
-3.020833333,56.77083333,12
-2.979166667,56.77083333,13
-2.9375,56.77083333,28
-4.979166667,56.72916667,9
-4.9375,56.72916667,4
-4.895833333,56.72916667,3
-4.854166667,56.72916667,3
-4.8125,56.72916667,3
-4.770833333,56.72916667,3
-4.729166667,56.72916667,3
-4.6875,56.72916667,3
-4.645833333,56.72916667,2
-4.604166667,56.72916667,2
-4.5625,56.72916667,1
-4.520833333,56.72916667,1
-4.479166667,56.72916667,1
-4.4375,56.72916667,1
-4.395833333,56.72916667,1
-4.354166667,56.72916667,1
-4.3125,56.72916667,1
-4.270833333,56.72916667,1
-4.229166667,56.72916667,1
-4.1875,56.72916667,1
-4.145833333,56.72916667,1
-4.104166667,56.72916667,1
-4.0625,56.72916667,1
-4.020833333,56.72916667,1
-3.979166667,56.72916667,1
-3.9375,56.72916667,1
-3.895833333,56.72916667,1
-3.854166667,56.72916667,1
-3.8125,56.72916667,3
-3.770833333,56.72916667,19
-3.729166667,56.72916667,29
-3.6875,56.72916667,36
-3.645833333,56.72916667,39
-3.604166667,56.72916667,17
-3.5625,56.72916667,7
-3.520833333,56.72916667,7
-3.479166667,56.72916667,7
-3.4375,56.72916667,7
-3.395833333,56.72916667,7
-3.354166667,56.72916667,10
-3.3125,56.72916667,14
-3.270833333,56.72916667,14
-3.229166667,56.72916667,14
-3.1875,56.72916667,14
-3.145833333,56.72916667,14
-3.104166667,56.72916667,13
-3.0625,56.72916667,14
-3.020833333,56.72916667,13
-2.979166667,56.72916667,13
-2.9375,56.72916667,24
-4.979166667,56.6875,3
-4.9375,56.6875,3
-4.895833333,56.6875,3
-4.854166667,56.6875,3
-4.8125,56.6875,3
-4.770833333,56.6875,3
-4.729166667,56.6875,3
-4.6875,56.6875,3
-4.645833333,56.6875,2
-4.604166667,56.6875,2
-4.5625,56.6875,1
-4.520833333,56.6875,1
-4.479166667,56.6875,1
-4.4375,56.6875,1
-4.395833333,56.6875,1
-4.354166667,56.6875,1
-4.3125,56.6875,1
-4.270833333,56.6875,1
-4.229166667,56.6875,1
-4.1875,56.6875,1
-4.145833333,56.6875,1
-4.104166667,56.6875,1
-4.0625,56.6875,1
-4.020833333,56.6875,1
-3.979166667,56.6875,1
-3.9375,56.6875,1
-3.895833333,56.6875,2
-3.854166667,56.6875,3
-3.8125,56.6875,9
-3.770833333,56.6875,26
-3.729166667,56.6875,35
-3.6875,56.6875,42
-3.645833333,56.6875,28
-3.604166667,56.6875,6
-3.5625,56.6875,6
-3.520833333,56.6875,7
-3.479166667,56.6875,7
-3.4375,56.6875,7
-3.395833333,56.6875,7
-3.354166667,56.6875,12
-3.3125,56.6875,31
-3.270833333,56.6875,15
-3.229166667,56.6875,14
-3.1875,56.6875,14
-3.145833333,56.6875,14
-3.104166667,56.6875,14
-3.0625,56.6875,14
-3.020833333,56.6875,14
-2.979166667,56.6875,12
-2.9375,56.6875,67
-4.979166667,56.64583333,3
-4.9375,56.64583333,3
-4.895833333,56.64583333,3
-4.854166667,56.64583333,3
-4.8125,56.64583333,3
-4.770833333,56.64583333,3
-4.729166667,56.64583333,3
-4.6875,56.64583333,2
-4.645833333,56.64583333,2
-4.604166667,56.64583333,1
-4.5625,56.64583333,1
-4.520833333,56.64583333,1
-4.479166667,56.64583333,1
-4.4375,56.64583333,1
-4.395833333,56.64583333,1
-4.354166667,56.64583333,1
-4.3125,56.64583333,1
-4.270833333,56.64583333,2
-4.229166667,56.64583333,2
-4.1875,56.64583333,2
-4.145833333,56.64583333,2
-4.104166667,56.64583333,4
-4.0625,56.64583333,4
-4.020833333,56.64583333,4
-3.979166667,56.64583333,4
-3.9375,56.64583333,4
-3.895833333,56.64583333,4
-3.854166667,56.64583333,5
-3.8125,56.64583333,5
-3.770833333,56.64583333,5
-3.729166667,56.64583333,5
-3.6875,56.64583333,6
-3.645833333,56.64583333,5
-3.604166667,56.64583333,5
-3.5625,56.64583333,6
-3.520833333,56.64583333,7
-3.479166667,56.64583333,7
-3.4375,56.64583333,12
-3.395833333,56.64583333,14
-3.354166667,56.64583333,8
-3.3125,56.64583333,34
-3.270833333,56.64583333,35
-3.229166667,56.64583333,31
-3.1875,56.64583333,28
-3.145833333,56.64583333,20
-3.104166667,56.64583333,18
-3.0625,56.64583333,18
-3.020833333,56.64583333,17
-2.979166667,56.64583333,16
-2.9375,56.64583333,107
-4.979166667,56.60416667,3
-4.9375,56.60416667,3
-4.895833333,56.60416667,3
-4.854166667,56.60416667,3
-4.8125,56.60416667,3
-4.770833333,56.60416667,3
-4.729166667,56.60416667,3
-4.6875,56.60416667,3
-4.645833333,56.60416667,2
-4.604166667,56.60416667,2
-4.5625,56.60416667,1
-4.520833333,56.60416667,2
-4.479166667,56.60416667,3
-4.4375,56.60416667,4
-4.395833333,56.60416667,3
-4.354166667,56.60416667,4
-4.3125,56.60416667,4
-4.270833333,56.60416667,4
-4.229166667,56.60416667,4
-4.1875,56.60416667,4
-4.145833333,56.60416667,4
-4.104166667,56.60416667,4
-4.0625,56.60416667,4
-4.020833333,56.60416667,4
-3.979166667,56.60416667,4
-3.9375,56.60416667,4
-3.895833333,56.60416667,4
-3.854166667,56.60416667,4
-3.8125,56.60416667,5
-3.770833333,56.60416667,5
-3.729166667,56.60416667,5
-3.6875,56.60416667,5
-3.645833333,56.60416667,5
-3.604166667,56.60416667,5
-3.5625,56.60416667,5
-3.520833333,56.60416667,7
-3.479166667,56.60416667,27
-3.4375,56.60416667,52
-3.395833333,56.60416667,101
-3.354166667,56.60416667,91
-3.3125,56.60416667,39
-3.270833333,56.60416667,39
-3.229166667,56.60416667,36
-3.1875,56.60416667,39
-3.145833333,56.60416667,35
-3.104166667,56.60416667,30
-3.0625,56.60416667,18
-3.020833333,56.60416667,18
-2.979166667,56.60416667,18
-2.9375,56.60416667,18
-4.979166667,56.5625,3
-4.9375,56.5625,2
-4.895833333,56.5625,2
-4.854166667,56.5625,2
-4.8125,56.5625,2
-4.770833333,56.5625,2
-4.729166667,56.5625,2
-4.6875,56.5625,3
-4.645833333,56.5625,3
-4.604166667,56.5625,4
-4.5625,56.5625,4
-4.520833333,56.5625,4
-4.479166667,56.5625,4
-4.4375,56.5625,4
-4.395833333,56.5625,4
-4.354166667,56.5625,4
-4.3125,56.5625,4
-4.270833333,56.5625,4
-4.229166667,56.5625,4
-4.1875,56.5625,4
-4.145833333,56.5625,4
-4.104166667,56.5625,4
-4.0625,56.5625,4
-4.020833333,56.5625,4
-3.979166667,56.5625,4
-3.9375,56.5625,5
-3.895833333,56.5625,5
-3.854166667,56.5625,5
-3.8125,56.5625,5
-3.770833333,56.5625,5
-3.729166667,56.5625,5
-3.6875,56.5625,5
-3.645833333,56.5625,5
-3.604166667,56.5625,5
-3.5625,56.5625,5
-3.520833333,56.5625,5
-3.479166667,56.5625,21
-3.4375,56.5625,31
-3.395833333,56.5625,31
-3.354166667,56.5625,79
-3.3125,56.5625,123
-3.270833333,56.5625,99
-3.229166667,56.5625,56
-3.1875,56.5625,46
-3.145833333,56.5625,26
-3.104166667,56.5625,20
-3.0625,56.5625,30
-3.020833333,56.5625,23
-2.979166667,56.5625,33
-2.9375,56.5625,34
-4.979166667,56.52083333,5
-4.9375,56.52083333,4
-4.895833333,56.52083333,2
-4.854166667,56.52083333,2
-4.8125,56.52083333,2
-4.770833333,56.52083333,2
-4.729166667,56.52083333,2
-4.6875,56.52083333,2
-4.645833333,56.52083333,4
-4.604166667,56.52083333,4
-4.5625,56.52083333,4
-4.520833333,56.52083333,4
-4.479166667,56.52083333,4
-4.4375,56.52083333,4
-4.395833333,56.52083333,4
-4.354166667,56.52083333,4
-4.3125,56.52083333,4
-4.270833333,56.52083333,4
-4.229166667,56.52083333,4
-4.1875,56.52083333,4
-4.145833333,56.52083333,4
-4.104166667,56.52083333,4
-4.0625,56.52083333,4
-4.020833333,56.52083333,4
-3.979166667,56.52083333,5
-3.9375,56.52083333,5
-3.895833333,56.52083333,5
-3.854166667,56.52083333,5
-3.8125,56.52083333,5
-3.770833333,56.52083333,5
-3.729166667,56.52083333,5
-3.6875,56.52083333,6
-3.645833333,56.52083333,9
-3.604166667,56.52083333,18
-3.5625,56.52083333,20
-3.520833333,56.52083333,15
-3.479166667,56.52083333,25
-3.4375,56.52083333,31
-3.395833333,56.52083333,31
-3.354166667,56.52083333,30
-3.3125,56.52083333,34
-3.270833333,56.52083333,37
-3.229166667,56.52083333,47
-3.1875,56.52083333,52
-3.145833333,56.52083333,48
-3.104166667,56.52083333,46
-3.0625,56.52083333,48
-3.020833333,56.52083333,128
-2.979166667,56.52083333,50
-2.9375,56.52083333,111
-4.979166667,56.47916667,4
-4.9375,56.47916667,2
-4.895833333,56.47916667,2
-4.854166667,56.47916667,2
-4.8125,56.47916667,2
-4.770833333,56.47916667,2
-4.729166667,56.47916667,2
-4.6875,56.47916667,3
-4.645833333,56.47916667,4
-4.604166667,56.47916667,4
-4.5625,56.47916667,4
-4.520833333,56.47916667,4
-4.479166667,56.47916667,4
-4.4375,56.47916667,4
-4.395833333,56.47916667,4
-4.354166667,56.47916667,4
-4.3125,56.47916667,4
-4.270833333,56.47916667,4
-4.229166667,56.47916667,4
-4.1875,56.47916667,4
-4.145833333,56.47916667,4
-4.104166667,56.47916667,5
-4.0625,56.47916667,5
-4.020833333,56.47916667,5
-3.979166667,56.47916667,5
-3.9375,56.47916667,5
-3.895833333,56.47916667,5
-3.854166667,56.47916667,5
-3.8125,56.47916667,5
-3.770833333,56.47916667,11
-3.729166667,56.47916667,18
-3.6875,56.47916667,23
-3.645833333,56.47916667,24
-3.604166667,56.47916667,24
-3.5625,56.47916667,24
-3.520833333,56.47916667,24
-3.479166667,56.47916667,27
-3.4375,56.47916667,30
-3.395833333,56.47916667,30
-3.354166667,56.47916667,30
-3.3125,56.47916667,30
-3.270833333,56.47916667,32
-3.229166667,56.47916667,51
-3.1875,56.47916667,56
-3.145833333,56.47916667,53
-3.104166667,56.47916667,88
-3.0625,56.47916667,489
-3.020833333,56.47916667,1957
-2.979166667,56.47916667,4167
-2.9375,56.47916667,2275
-4.979166667,56.4375,2
-4.9375,56.4375,2
-4.895833333,56.4375,2
-4.854166667,56.4375,2
-4.8125,56.4375,2
-4.770833333,56.4375,3
-4.729166667,56.4375,4
-4.6875,56.4375,4
-4.645833333,56.4375,4
-4.604166667,56.4375,4
-4.5625,56.4375,4
-4.520833333,56.4375,4
-4.479166667,56.4375,4
-4.4375,56.4375,4
-4.395833333,56.4375,4
-4.354166667,56.4375,4
-4.3125,56.4375,4
-4.270833333,56.4375,4
-4.229166667,56.4375,4
-4.1875,56.4375,7
-4.145833333,56.4375,8
-4.104166667,56.4375,9
-4.0625,56.4375,9
-4.020833333,56.4375,8
-3.979166667,56.4375,8
-3.9375,56.4375,8
-3.895833333,56.4375,8
-3.854166667,56.4375,9
-3.8125,56.4375,59
-3.770833333,56.4375,55
-3.729166667,56.4375,24
-3.6875,56.4375,24
-3.645833333,56.4375,44
-3.604166667,56.4375,64
-3.5625,56.4375,66
-3.520833333,56.4375,43
-3.479166667,56.4375,171
-3.4375,56.4375,99
-3.395833333,56.4375,303
-3.354166667,56.4375,30
-3.3125,56.4375,30
-3.270833333,56.4375,30
-3.229166667,56.4375,31
-3.1875,56.4375,39
-3.145833333,56.4375,43
-3.104166667,56.4375,55
-3.0625,56.4375,104
-3.020833333,56.4375,1031
-2.979166667,56.4375,2161
-2.9375,56.4375,235
-4.979166667,56.39583333,2
-4.9375,56.39583333,2
-4.895833333,56.39583333,2
-4.854166667,56.39583333,2
-4.8125,56.39583333,4
-4.770833333,56.39583333,4
-4.729166667,56.39583333,4
-4.6875,56.39583333,4
-4.645833333,56.39583333,4
-4.604166667,56.39583333,4
-4.5625,56.39583333,4
-4.520833333,56.39583333,4
-4.479166667,56.39583333,4
-4.4375,56.39583333,4
-4.395833333,56.39583333,4
-4.354166667,56.39583333,4
-4.3125,56.39583333,4
-4.270833333,56.39583333,4
-4.229166667,56.39583333,5
-4.1875,56.39583333,8
-4.145833333,56.39583333,9
-4.104166667,56.39583333,9
-4.0625,56.39583333,9
-4.020833333,56.39583333,9
-3.979166667,56.39583333,9
-3.9375,56.39583333,9
-3.895833333,56.39583333,9
-3.854166667,56.39583333,156
-3.8125,56.39583333,195
-3.770833333,56.39583333,83
-3.729166667,56.39583333,28
-3.6875,56.39583333,30
-3.645833333,56.39583333,36
-3.604166667,56.39583333,58
-3.5625,56.39583333,52
-3.520833333,56.39583333,57
-3.479166667,56.39583333,1659
-3.4375,56.39583333,1721
-3.395833333,56.39583333,230
-3.354166667,56.39583333,96
-3.3125,56.39583333,71
-3.270833333,56.39583333,35
-3.229166667,56.39583333,30
-3.1875,56.39583333,30
-3.145833333,56.39583333,32
-3.104166667,56.39583333,36
-3.0625,56.39583333,36
-3.020833333,56.39583333,47
-2.979166667,56.39583333,149
-2.9375,56.39583333,113
-4.979166667,56.35416667,2
-4.9375,56.35416667,3
-4.895833333,56.35416667,3
-4.854166667,56.35416667,3
-4.8125,56.35416667,4
-4.770833333,56.35416667,4
-4.729166667,56.35416667,4
-4.6875,56.35416667,4
-4.645833333,56.35416667,4
-4.604166667,56.35416667,4
-4.5625,56.35416667,4
-4.520833333,56.35416667,4
-4.479166667,56.35416667,4
-4.4375,56.35416667,4
-4.395833333,56.35416667,4
-4.354166667,56.35416667,4
-4.3125,56.35416667,4
-4.270833333,56.35416667,4
-4.229166667,56.35416667,7
-4.1875,56.35416667,9
-4.145833333,56.35416667,9
-4.104166667,56.35416667,9
-4.0625,56.35416667,9
-4.020833333,56.35416667,9
-3.979166667,56.35416667,9
-3.9375,56.35416667,9
-3.895833333,56.35416667,9
-3.854166667,56.35416667,97
-3.8125,56.35416667,42
-3.770833333,56.35416667,32
-3.729166667,56.35416667,35
-3.6875,56.35416667,35
-3.645833333,56.35416667,35
-3.604166667,56.35416667,35
-3.5625,56.35416667,36
-3.520833333,56.35416667,45
-3.479166667,56.35416667,62
-3.4375,56.35416667,145
-3.395833333,56.35416667,63
-3.354166667,56.35416667,57
-3.3125,56.35416667,60
-3.270833333,56.35416667,43
-3.229166667,56.35416667,34
-3.1875,56.35416667,36
-3.145833333,56.35416667,36
-3.104166667,56.35416667,36
-3.0625,56.35416667,66
-3.020833333,56.35416667,131
-2.979166667,56.35416667,79
-2.9375,56.35416667,67
-4.979166667,56.3125,5
-4.9375,56.3125,5
-4.895833333,56.3125,4
-4.854166667,56.3125,3
-4.8125,56.3125,4
-4.770833333,56.3125,6
-4.729166667,56.3125,7
-4.6875,56.3125,7
-4.645833333,56.3125,7
-4.604166667,56.3125,7
-4.5625,56.3125,7
-4.520833333,56.3125,6
-4.479166667,56.3125,6
-4.4375,56.3125,5
-4.395833333,56.3125,5
-4.354166667,56.3125,4
-4.3125,56.3125,4
-4.270833333,56.3125,4
-4.229166667,56.3125,5
-4.1875,56.3125,9
-4.145833333,56.3125,10
-4.104166667,56.3125,9
-4.0625,56.3125,9
-4.020833333,56.3125,9
-3.979166667,56.3125,13
-3.9375,56.3125,13
-3.895833333,56.3125,10
-3.854166667,56.3125,13
-3.8125,56.3125,18
-3.770833333,56.3125,18
-3.729166667,56.3125,25
-3.6875,56.3125,37
-3.645833333,56.3125,40
-3.604166667,56.3125,41
-3.5625,56.3125,41
-3.520833333,56.3125,31
-3.479166667,56.3125,25
-3.4375,56.3125,24
-3.395833333,56.3125,25
-3.354166667,56.3125,24
-3.3125,56.3125,29
-3.270833333,56.3125,82
-3.229166667,56.3125,74
-3.1875,56.3125,51
-3.145833333,56.3125,52
-3.104166667,56.3125,52
-3.0625,56.3125,134
-3.020833333,56.3125,455
-2.979166667,56.3125,227
-2.9375,56.3125,43
-4.979166667,56.27083333,4
-4.9375,56.27083333,4
-4.895833333,56.27083333,3
-4.854166667,56.27083333,3
-4.8125,56.27083333,5
-4.770833333,56.27083333,7
-4.729166667,56.27083333,7
-4.6875,56.27083333,9
-4.645833333,56.27083333,9
-4.604166667,56.27083333,9
-4.5625,56.27083333,9
-4.520833333,56.27083333,9
-4.479166667,56.27083333,9
-4.4375,56.27083333,9
-4.395833333,56.27083333,9
-4.354166667,56.27083333,9
-4.3125,56.27083333,5
-4.270833333,56.27083333,4
-4.229166667,56.27083333,4
-4.1875,56.27083333,15
-4.145833333,56.27083333,19
-4.104166667,56.27083333,17
-4.0625,56.27083333,16
-4.020833333,56.27083333,45
-3.979166667,56.27083333,30
-3.9375,56.27083333,18
-3.895833333,56.27083333,18
-3.854166667,56.27083333,18
-3.8125,56.27083333,18
-3.770833333,56.27083333,18
-3.729166667,56.27083333,20
-3.6875,56.27083333,34
-3.645833333,56.27083333,41
-3.604166667,56.27083333,41
-3.5625,56.27083333,42
-3.520833333,56.27083333,42
-3.479166667,56.27083333,24
-3.4375,56.27083333,24
-3.395833333,56.27083333,25
-3.354166667,56.27083333,46
-3.3125,56.27083333,55
-3.270833333,56.27083333,63
-3.229166667,56.27083333,65
-3.1875,56.27083333,73
-3.145833333,56.27083333,85
-3.104166667,56.27083333,80
-3.0625,56.27083333,68
-3.020833333,56.27083333,64
-2.979166667,56.27083333,62
-2.9375,56.27083333,62
-4.979166667,56.22916667,3
-4.9375,56.22916667,3
-4.895833333,56.22916667,3
-4.854166667,56.22916667,6
-4.8125,56.22916667,6
-4.770833333,56.22916667,7
-4.729166667,56.22916667,7
-4.6875,56.22916667,10
-4.645833333,56.22916667,10
-4.604166667,56.22916667,9
-4.5625,56.22916667,9
-4.520833333,56.22916667,9
-4.479166667,56.22916667,9
-4.4375,56.22916667,9
-4.395833333,56.22916667,9
-4.354166667,56.22916667,9
-4.3125,56.22916667,9
-4.270833333,56.22916667,8
-4.229166667,56.22916667,9
-4.1875,56.22916667,11
-4.145833333,56.22916667,18
-4.104166667,56.22916667,19
-4.0625,56.22916667,19
-4.020833333,56.22916667,39
-3.979166667,56.22916667,70
-3.9375,56.22916667,61
-3.895833333,56.22916667,47
-3.854166667,56.22916667,35
-3.8125,56.22916667,18
-3.770833333,56.22916667,33
-3.729166667,56.22916667,18
-3.6875,56.22916667,18
-3.645833333,56.22916667,19
-3.604166667,56.22916667,24
-3.5625,56.22916667,43
-3.520833333,56.22916667,123
-3.479166667,56.22916667,133
-3.4375,56.22916667,116
-3.395833333,56.22916667,84
-3.354166667,56.22916667,45
-3.3125,56.22916667,41
-3.270833333,56.22916667,121
-3.229166667,56.22916667,132
-3.1875,56.22916667,614
-3.145833333,56.22916667,555
-3.104166667,56.22916667,157
-3.0625,56.22916667,188
-3.020833333,56.22916667,324
-2.979166667,56.22916667,104
-2.9375,56.22916667,62
-4.979166667,56.1875,3
-4.9375,56.1875,3
-4.895833333,56.1875,3
-4.854166667,56.1875,5
-4.8125,56.1875,7
-4.770833333,56.1875,7
-4.729166667,56.1875,7
-4.6875,56.1875,12
-4.645833333,56.1875,18
-4.604166667,56.1875,17
-4.5625,56.1875,14
-4.520833333,56.1875,10
-4.479166667,56.1875,9
-4.4375,56.1875,9
-4.395833333,56.1875,9
-4.354166667,56.1875,9
-4.3125,56.1875,9
-4.270833333,56.1875,9
-4.229166667,56.1875,9
-4.1875,56.1875,18
-4.145833333,56.1875,19
-4.104166667,56.1875,19
-4.0625,56.1875,19
-4.020833333,56.1875,19
-3.979166667,56.1875,401
-3.9375,56.1875,117
-3.895833333,56.1875,141
-3.854166667,56.1875,149
-3.8125,56.1875,124
-3.770833333,56.1875,156
-3.729166667,56.1875,158
-3.6875,56.1875,89
-3.645833333,56.1875,85
-3.604166667,56.1875,84
-3.5625,56.1875,35
-3.520833333,56.1875,38
-3.479166667,56.1875,46
-3.4375,56.1875,61
-3.395833333,56.1875,165
-3.354166667,56.1875,75
-3.3125,56.1875,75
-3.270833333,56.1875,130
-3.229166667,56.1875,454
-3.1875,56.1875,1110
-3.145833333,56.1875,845
-3.104166667,56.1875,257
-3.0625,56.1875,299
-3.020833333,56.1875,1508
-2.979166667,56.1875,1138
-2.9375,56.1875,62
-4.979166667,56.14583333,3
-4.9375,56.14583333,3
-4.895833333,56.14583333,3
-4.854166667,56.14583333,3
-4.8125,56.14583333,79
-4.770833333,56.14583333,96
-4.729166667,56.14583333,7
-4.6875,56.14583333,7
-4.645833333,56.14583333,16
-4.604166667,56.14583333,18
-4.5625,56.14583333,18
-4.520833333,56.14583333,17
-4.479166667,56.14583333,9
-4.4375,56.14583333,9
-4.395833333,56.14583333,9
-4.354166667,56.14583333,11
-4.3125,56.14583333,13
-4.270833333,56.14583333,12
-4.229166667,56.14583333,13
-4.1875,56.14583333,14
-4.145833333,56.14583333,18
-4.104166667,56.14583333,18
-4.0625,56.14583333,19
-4.020833333,56.14583333,28
-3.979166667,56.14583333,239
-3.9375,56.14583333,821
-3.895833333,56.14583333,229
-3.854166667,56.14583333,425
-3.8125,56.14583333,622
-3.770833333,56.14583333,407
-3.729166667,56.14583333,191
-3.6875,56.14583333,84
-3.645833333,56.14583333,65
-3.604166667,56.14583333,40
-3.5625,56.14583333,52
-3.520833333,56.14583333,47
-3.479166667,56.14583333,47
-3.4375,56.14583333,136
-3.395833333,56.14583333,191
-3.354166667,56.14583333,467
-3.3125,56.14583333,369
-3.270833333,56.14583333,167
-3.229166667,56.14583333,265
-3.1875,56.14583333,1081
-3.145833333,56.14583333,898
-3.104166667,56.14583333,403
-3.0625,56.14583333,288
-3.020833333,56.14583333,1894
-2.979166667,56.14583333,0
-2.9375,56.14583333,0
-4.979166667,56.10416667,6
-4.9375,56.10416667,5
-4.895833333,56.10416667,3
-4.854166667,56.10416667,69
-4.8125,56.10416667,146
-4.770833333,56.10416667,82
-4.729166667,56.10416667,7
-4.6875,56.10416667,7
-4.645833333,56.10416667,7
-4.604166667,56.10416667,12
-4.5625,56.10416667,18
-4.520833333,56.10416667,18
-4.479166667,56.10416667,17
-4.4375,56.10416667,15
-4.395833333,56.10416667,16
-4.354166667,56.10416667,17
-4.3125,56.10416667,17
-4.270833333,56.10416667,17
-4.229166667,56.10416667,17
-4.1875,56.10416667,17
-4.145833333,56.10416667,17
-4.104166667,56.10416667,17
-4.0625,56.10416667,17
-4.020833333,56.10416667,127
-3.979166667,56.10416667,251
-3.9375,56.10416667,1457
-3.895833333,56.10416667,559
-3.854166667,56.10416667,365
-3.8125,56.10416667,704
-3.770833333,56.10416667,564
-3.729166667,56.10416667,193
-3.6875,56.10416667,78
-3.645833333,56.10416667,77
-3.604166667,56.10416667,109
-3.5625,56.10416667,79
-3.520833333,56.10416667,165
-3.479166667,56.10416667,292
-3.4375,56.10416667,565
-3.395833333,56.10416667,370
-3.354166667,56.10416667,441
-3.3125,56.10416667,422
-3.270833333,56.10416667,202
-3.229166667,56.10416667,317
-3.1875,56.10416667,896
-3.145833333,56.10416667,2268
-3.104166667,56.10416667,722
-3.0625,56.10416667,0
-3.020833333,56.10416667,0
-2.979166667,56.10416667,0
-2.9375,56.10416667,0
-4.979166667,56.0625,10
-4.9375,56.0625,10
-4.895833333,56.0625,20
-4.854166667,56.0625,145
-4.8125,56.0625,115
-4.770833333,56.0625,53
-4.729166667,56.0625,7
-4.6875,56.0625,7
-4.645833333,56.0625,7
-4.604166667,56.0625,66
-4.5625,56.0625,64
-4.520833333,56.0625,48
-4.479166667,56.0625,27
-4.4375,56.0625,18
-4.395833333,56.0625,32
-4.354166667,56.0625,36
-4.3125,56.0625,31
-4.270833333,56.0625,17
-4.229166667,56.0625,17
-4.1875,56.0625,17
-4.145833333,56.0625,17
-4.104166667,56.0625,17
-4.0625,56.0625,17
-4.020833333,56.0625,65
-3.979166667,56.0625,120
-3.9375,56.0625,193
-3.895833333,56.0625,342
-3.854166667,56.0625,283
-3.8125,56.0625,460
-3.770833333,56.0625,216
-3.729166667,56.0625,150
-3.6875,56.0625,82
-3.645833333,56.0625,83
-3.604166667,56.0625,134
-3.5625,56.0625,209
-3.520833333,56.0625,354
-3.479166667,56.0625,809
-3.4375,56.0625,1571
-3.395833333,56.0625,860
-3.354166667,56.0625,511
-3.3125,56.0625,197
-3.270833333,56.0625,145
-3.229166667,56.0625,144
-3.1875,56.0625,305
-3.145833333,56.0625,351
-3.104166667,56.0625,0
-3.0625,56.0625,0
-3.020833333,56.0625,0
-2.979166667,56.0625,0
-2.9375,56.0625,0
-4.979166667,56.02083333,10
-4.9375,56.02083333,10
-4.895833333,56.02083333,10
-4.854166667,56.02083333,144
-4.8125,56.02083333,122
-4.770833333,56.02083333,301
-4.729166667,56.02083333,747
-4.6875,56.02083333,133
-4.645833333,56.02083333,87
-4.604166667,56.02083333,318
-4.5625,56.02083333,120
-4.520833333,56.02083333,107
-4.479166667,56.02083333,41
-4.4375,56.02083333,20
-4.395833333,56.02083333,36
-4.354166667,56.02083333,67
-4.3125,56.02083333,64
-4.270833333,56.02083333,47
-4.229166667,56.02083333,40
-4.1875,56.02083333,38
-4.145833333,56.02083333,39
-4.104166667,56.02083333,69
-4.0625,56.02083333,93
-4.020833333,56.02083333,123
-3.979166667,56.02083333,145
-3.9375,56.02083333,193
-3.895833333,56.02083333,798
-3.854166667,56.02083333,536
-3.8125,56.02083333,1794
-3.770833333,56.02083333,1233
-3.729166667,56.02083333,822
-3.6875,56.02083333,521
-3.645833333,56.02083333,301
-3.604166667,56.02083333,729
-3.5625,56.02083333,307
-3.520833333,56.02083333,279
-3.479166667,56.02083333,352
-3.4375,56.02083333,800
-3.395833333,56.02083333,973
-3.354166667,56.02083333,1842
-3.3125,56.02083333,409
-3.270833333,56.02083333,1743
-3.229166667,56.02083333,0
-3.1875,56.02083333,0
-3.145833333,56.02083333,351
-3.104166667,56.02083333,0
-3.0625,56.02083333,0
-3.020833333,56.02083333,0
-2.979166667,56.02083333,0
-2.9375,56.02083333,0
-4.979166667,55.97916667,11
-4.9375,55.97916667,209
-4.895833333,55.97916667,236
-4.854166667,55.97916667,142
-4.8125,55.97916667,343
-4.770833333,55.97916667,911
-4.729166667,55.97916667,1781
-4.6875,55.97916667,116
-4.645833333,55.97916667,106
-4.604166667,55.97916667,536
-4.5625,55.97916667,784
-4.520833333,55.97916667,222
-4.479166667,55.97916667,117
-4.4375,55.97916667,116
-4.395833333,55.97916667,169
-4.354166667,55.97916667,171
-4.3125,55.97916667,72
-4.270833333,55.97916667,94
-4.229166667,55.97916667,74
-4.1875,55.97916667,103
-4.145833333,55.97916667,161
-4.104166667,55.97916667,148
-4.0625,55.97916667,246
-4.020833333,55.97916667,631
-3.979166667,55.97916667,860
-3.9375,55.97916667,645
-3.895833333,55.97916667,254
-3.854166667,55.97916667,255
-3.8125,55.97916667,643
-3.770833333,55.97916667,809
-3.729166667,55.97916667,1187
-3.6875,55.97916667,600
-3.645833333,55.97916667,216
-3.604166667,55.97916667,693
-3.5625,55.97916667,221
-3.520833333,55.97916667,195
-3.479166667,55.97916667,174
-3.4375,55.97916667,308
-3.395833333,55.97916667,786
-3.354166667,55.97916667,102
-3.3125,55.97916667,663
-3.270833333,55.97916667,2092
-3.229166667,55.97916667,3725
-3.1875,55.97916667,5188
-3.145833333,55.97916667,4464
-3.104166667,55.97916667,2571
-3.0625,55.97916667,0
-3.020833333,55.97916667,0
-2.979166667,55.97916667,2005
-2.9375,55.97916667,1227
-4.979166667,55.9375,27
-4.9375,55.9375,547
-4.895833333,55.9375,504
-4.854166667,55.9375,504
-4.8125,55.9375,1364
-4.770833333,55.9375,1262
-4.729166667,55.9375,730
-4.6875,55.9375,787
-4.645833333,55.9375,639
-4.604166667,55.9375,420
-4.5625,55.9375,955
-4.520833333,55.9375,372
-4.479166667,55.9375,192
-4.4375,55.9375,958
-4.395833333,55.9375,677
-4.354166667,55.9375,1197
-4.3125,55.9375,1207
-4.270833333,55.9375,359
-4.229166667,55.9375,392
-4.1875,55.9375,516
-4.145833333,55.9375,1467
-4.104166667,55.9375,467
-4.0625,55.9375,700
-4.020833333,55.9375,1770
-3.979166667,55.9375,818
-3.9375,55.9375,312
-3.895833333,55.9375,178
-3.854166667,55.9375,74
-3.8125,55.9375,65
-3.770833333,55.9375,71
-3.729166667,55.9375,144
-3.6875,55.9375,158
-3.645833333,55.9375,210
-3.604166667,55.9375,171
-3.5625,55.9375,167
-3.520833333,55.9375,352
-3.479166667,55.9375,939
-3.4375,55.9375,370
-3.395833333,55.9375,102
-3.354166667,55.9375,118
-3.3125,55.9375,1936
-3.270833333,55.9375,3275
-3.229166667,55.9375,5539
-3.1875,55.9375,6715
-3.145833333,55.9375,3451
-3.104166667,55.9375,1719
-3.0625,55.9375,1800
-3.020833333,55.9375,692
-2.979166667,55.9375,670
-2.9375,55.9375,373
-4.979166667,55.89583333,29
-4.9375,55.89583333,29
-4.895833333,55.89583333,237
-4.854166667,55.89583333,232
-4.8125,55.89583333,188
-4.770833333,55.89583333,166
-4.729166667,55.89583333,70
-4.6875,55.89583333,54
-4.645833333,55.89583333,52
-4.604166667,55.89583333,115
-4.5625,55.89583333,117
-4.520833333,55.89583333,260
-4.479166667,55.89583333,497
-4.4375,55.89583333,1832
-4.395833333,55.89583333,2473
-4.354166667,55.89583333,3985
-4.3125,55.89583333,3458
-4.270833333,55.89583333,2965
-4.229166667,55.89583333,2674
-4.1875,55.89583333,1889
-4.145833333,55.89583333,770
-4.104166667,55.89583333,506
-4.0625,55.89583333,540
-4.020833333,55.89583333,195
-3.979166667,55.89583333,461
-3.9375,55.89583333,281
-3.895833333,55.89583333,199
-3.854166667,55.89583333,153
-3.8125,55.89583333,154
-3.770833333,55.89583333,236
-3.729166667,55.89583333,270
-3.6875,55.89583333,532
-3.645833333,55.89583333,852
-3.604166667,55.89583333,497
-3.5625,55.89583333,1363
-3.520833333,55.89583333,2301
-3.479166667,55.89583333,945
-3.4375,55.89583333,361
-3.395833333,55.89583333,134
-3.354166667,55.89583333,162
-3.3125,55.89583333,747
-3.270833333,55.89583333,995
-3.229166667,55.89583333,1484
-3.1875,55.89583333,1139
-3.145833333,55.89583333,1813
-3.104166667,55.89583333,1235
-3.0625,55.89583333,667
-3.020833333,55.89583333,486
-2.979166667,55.89583333,153
-2.9375,55.89583333,200
-4.979166667,55.85416667,29
-4.9375,55.85416667,0
-4.895833333,55.85416667,51
-4.854166667,55.85416667,52
-4.8125,55.85416667,51
-4.770833333,55.85416667,55
-4.729166667,55.85416667,60
-4.6875,55.85416667,54
-4.645833333,55.85416667,63
-4.604166667,55.85416667,373
-4.5625,55.85416667,427
-4.520833333,55.85416667,741
-4.479166667,55.85416667,1125
-4.4375,55.85416667,1944
-4.395833333,55.85416667,2365
-4.354166667,55.85416667,2568
-4.3125,55.85416667,3477
-4.270833333,55.85416667,5062
-4.229166667,55.85416667,4009
-4.1875,55.85416667,2920
-4.145833333,55.85416667,2222
-4.104166667,55.85416667,2211
-4.0625,55.85416667,1617
-4.020833333,55.85416667,1998
-3.979166667,55.85416667,1934
-3.9375,55.85416667,836
-3.895833333,55.85416667,110
-3.854166667,55.85416667,111
-3.8125,55.85416667,124
-3.770833333,55.85416667,181
-3.729166667,55.85416667,306
-3.6875,55.85416667,598
-3.645833333,55.85416667,384
-3.604166667,55.85416667,218
-3.5625,55.85416667,464
-3.520833333,55.85416667,781
-3.479166667,55.85416667,235
-3.4375,55.85416667,148
-3.395833333,55.85416667,160
-3.354166667,55.85416667,161
-3.3125,55.85416667,195
-3.270833333,55.85416667,260
-3.229166667,55.85416667,273
-3.1875,55.85416667,403
-3.145833333,55.85416667,269
-3.104166667,55.85416667,749
-3.0625,55.85416667,767
-3.020833333,55.85416667,178
-2.979166667,55.85416667,80
-2.9375,55.85416667,64
