-2.895833333,55.8125,39
-2.854166667,55.8125,18
-2.8125,55.8125,11
-2.770833333,55.8125,9
-2.729166667,55.8125,9
-2.6875,55.8125,10
-2.645833333,55.8125,11
-2.604166667,55.8125,13
-2.5625,55.8125,12
-2.520833333,55.8125,12
-2.479166667,55.8125,12
-2.4375,55.8125,12
-2.395833333,55.8125,12
-2.354166667,55.8125,13
-2.3125,55.8125,20
-2.270833333,55.8125,21
-2.229166667,55.8125,21
-2.1875,55.8125,21
-2.145833333,55.8125,51
-2.104166667,55.8125,44
-2.0625,55.8125,22
-2.020833333,55.8125,23
-1.979166667,55.8125,0
-1.9375,55.8125,0
-1.895833333,55.8125,0
-1.854166667,55.8125,0
-1.8125,55.8125,0
-1.770833333,55.8125,0
-1.729166667,55.8125,0
-1.6875,55.8125,0
-1.645833333,55.8125,0
-1.604166667,55.8125,0
-1.5625,55.8125,0
-1.520833333,55.8125,0
-1.479166667,55.8125,0
-1.4375,55.8125,0
-1.395833333,55.8125,0
-1.354166667,55.8125,0
-1.3125,55.8125,0
-1.270833333,55.8125,0
-1.229166667,55.8125,0
-1.1875,55.8125,0
-1.145833333,55.8125,0
-1.104166667,55.8125,0
-1.0625,55.8125,0
-1.020833333,55.8125,0
-0.9791666665,55.8125,0
-0.9374999999,55.8125,0
-0.8958333332,55.8125,0
-0.8541666665,55.8125,0
-2.895833333,55.77083333,9
-2.854166667,55.77083333,9
-2.8125,55.77083333,9
-2.770833333,55.77083333,9
-2.729166667,55.77083333,9
-2.6875,55.77083333,9
-2.645833333,55.77083333,10
-2.604166667,55.77083333,14
-2.5625,55.77083333,15
-2.520833333,55.77083333,14
-2.479166667,55.77083333,14
-2.4375,55.77083333,16
-2.395833333,55.77083333,16
-2.354166667,55.77083333,15
-2.3125,55.77083333,21
-2.270833333,55.77083333,25
-2.229166667,55.77083333,26
-2.1875,55.77083333,26
-2.145833333,55.77083333,21
-2.104166667,55.77083333,22
-2.0625,55.77083333,23
-2.020833333,55.77083333,23
-1.979166667,55.77083333,23
-1.9375,55.77083333,0
-1.895833333,55.77083333,0
-1.854166667,55.77083333,0
-1.8125,55.77083333,0
-1.770833333,55.77083333,0
-1.729166667,55.77083333,0
-1.6875,55.77083333,0
-1.645833333,55.77083333,0
-1.604166667,55.77083333,0
-1.5625,55.77083333,0
-1.520833333,55.77083333,0
-1.479166667,55.77083333,0
-1.4375,55.77083333,0
-1.395833333,55.77083333,0
-1.354166667,55.77083333,0
-1.3125,55.77083333,0
-1.270833333,55.77083333,0
-1.229166667,55.77083333,0
-1.1875,55.77083333,0
-1.145833333,55.77083333,0
-1.104166667,55.77083333,0
-1.0625,55.77083333,0
-1.020833333,55.77083333,0
-0.9791666665,55.77083333,0
-0.9374999999,55.77083333,0
-0.8958333332,55.77083333,0
-0.8541666665,55.77083333,0
-2.895833333,55.72916667,9
-2.854166667,55.72916667,9
-2.8125,55.72916667,9
-2.770833333,55.72916667,9
-2.729166667,55.72916667,9
-2.6875,55.72916667,9
-2.645833333,55.72916667,12
-2.604166667,55.72916667,15
-2.5625,55.72916667,15
-2.520833333,55.72916667,16
-2.479166667,55.72916667,17
-2.4375,55.72916667,17
-2.395833333,55.72916667,17
-2.354166667,55.72916667,17
-2.3125,55.72916667,23
-2.270833333,55.72916667,28
-2.229166667,55.72916667,28
-2.1875,55.72916667,28
-2.145833333,55.72916667,24
-2.104166667,55.72916667,23
-2.0625,55.72916667,23
-2.020833333,55.72916667,23
-1.979166667,55.72916667,23
-1.9375,55.72916667,23
-1.895833333,55.72916667,23
-1.854166667,55.72916667,0
-1.8125,55.72916667,0
-1.770833333,55.72916667,0
-1.729166667,55.72916667,0
-1.6875,55.72916667,0
-1.645833333,55.72916667,0
-1.604166667,55.72916667,0
-1.5625,55.72916667,0
-1.520833333,55.72916667,0
-1.479166667,55.72916667,0
-1.4375,55.72916667,0
-1.395833333,55.72916667,0
-1.354166667,55.72916667,0
-1.3125,55.72916667,0
-1.270833333,55.72916667,0
-1.229166667,55.72916667,0
-1.1875,55.72916667,0
-1.145833333,55.72916667,0
-1.104166667,55.72916667,0
-1.0625,55.72916667,0
-1.020833333,55.72916667,0
-0.9791666665,55.72916667,0
-0.9374999999,55.72916667,0
-0.8958333332,55.72916667,0
-0.8541666665,55.72916667,0
-2.895833333,55.6875,9
-2.854166667,55.6875,18
-2.8125,55.6875,15
-2.770833333,55.6875,9
-2.729166667,55.6875,10
-2.6875,55.6875,11
-2.645833333,55.6875,13
-2.604166667,55.6875,14
-2.5625,55.6875,15
-2.520833333,55.6875,15
-2.479166667,55.6875,16
-2.4375,55.6875,17
-2.395833333,55.6875,17
-2.354166667,55.6875,17
-2.3125,55.6875,22
-2.270833333,55.6875,28
-2.229166667,55.6875,28
-2.1875,55.6875,25
-2.145833333,55.6875,23
-2.104166667,55.6875,23
-2.0625,55.6875,23
-2.020833333,55.6875,23
-1.979166667,55.6875,23
-1.9375,55.6875,23
-1.895833333,55.6875,23
-1.854166667,55.6875,23
-1.8125,55.6875,23
-1.770833333,55.6875,23
-1.729166667,55.6875,0
-1.6875,55.6875,0
-1.645833333,55.6875,0
-1.604166667,55.6875,0
-1.5625,55.6875,0
-1.520833333,55.6875,0
-1.479166667,55.6875,0
-1.4375,55.6875,0
-1.395833333,55.6875,0
-1.354166667,55.6875,0
-1.3125,55.6875,0
-1.270833333,55.6875,0
-1.229166667,55.6875,0
-1.1875,55.6875,0
-1.145833333,55.6875,0
-1.104166667,55.6875,0
-1.0625,55.6875,0
-1.020833333,55.6875,0
-0.9791666665,55.6875,0
-0.9374999999,55.6875,0
-0.8958333332,55.6875,0
-0.8541666665,55.6875,0
-2.895833333,55.64583333,27
-2.854166667,55.64583333,47
-2.8125,55.64583333,83
-2.770833333,55.64583333,40
-2.729166667,55.64583333,15
-2.6875,55.64583333,15
-2.645833333,55.64583333,15
-2.604166667,55.64583333,17
-2.5625,55.64583333,21
-2.520833333,55.64583333,30
-2.479166667,55.64583333,31
-2.4375,55.64583333,33
-2.395833333,55.64583333,31
-2.354166667,55.64583333,17
-2.3125,55.64583333,20
-2.270833333,55.64583333,26
-2.229166667,55.64583333,24
-2.1875,55.64583333,23
-2.145833333,55.64583333,23
-2.104166667,55.64583333,23
-2.0625,55.64583333,23
-2.020833333,55.64583333,23
-1.979166667,55.64583333,23
-1.9375,55.64583333,23
-1.895833333,55.64583333,23
-1.854166667,55.64583333,23
-1.8125,55.64583333,23
-1.770833333,55.64583333,23
-1.729166667,55.64583333,23
-1.6875,55.64583333,23
-1.645833333,55.64583333,23
-1.604166667,55.64583333,23
-1.5625,55.64583333,0
-1.520833333,55.64583333,0
-1.479166667,55.64583333,0
-1.4375,55.64583333,0
-1.395833333,55.64583333,0
-1.354166667,55.64583333,0
-1.3125,55.64583333,0
-1.270833333,55.64583333,0
-1.229166667,55.64583333,0
-1.1875,55.64583333,0
-1.145833333,55.64583333,0
-1.104166667,55.64583333,0
-1.0625,55.64583333,0
-1.020833333,55.64583333,0
-0.9791666665,55.64583333,0
-0.9374999999,55.64583333,0
-0.8958333332,55.64583333,0
-0.8541666665,55.64583333,0
-2.895833333,55.60416667,36
-2.854166667,55.60416667,131
-2.8125,55.60416667,383
-2.770833333,55.60416667,417
-2.729166667,55.60416667,111
-2.6875,55.60416667,93
-2.645833333,55.60416667,38
-2.604166667,55.60416667,46
-2.5625,55.60416667,42
-2.520833333,55.60416667,39
-2.479166667,55.60416667,39
-2.4375,55.60416667,258
-2.395833333,55.60416667,18
-2.354166667,55.60416667,12
-2.3125,55.60416667,14
-2.270833333,55.60416667,23
-2.229166667,55.60416667,23
-2.1875,55.60416667,23
-2.145833333,55.60416667,23
-2.104166667,55.60416667,23
-2.0625,55.60416667,23
-2.020833333,55.60416667,23
-1.979166667,55.60416667,23
-1.9375,55.60416667,23
-1.895833333,55.60416667,23
-1.854166667,55.60416667,23
-1.8125,55.60416667,23
-1.770833333,55.60416667,23
-1.729166667,55.60416667,23
-1.6875,55.60416667,23
-1.645833333,55.60416667,23
-1.604166667,55.60416667,0
-1.5625,55.60416667,0
-1.520833333,55.60416667,0
-1.479166667,55.60416667,0
-1.4375,55.60416667,0
-1.395833333,55.60416667,0
-1.354166667,55.60416667,0
-1.3125,55.60416667,0
-1.270833333,55.60416667,0
-1.229166667,55.60416667,0
-1.1875,55.60416667,0
-1.145833333,55.60416667,0
-1.104166667,55.60416667,0
-1.0625,55.60416667,0
-1.020833333,55.60416667,0
-0.9791666665,55.60416667,0
-0.9374999999,55.60416667,0
-0.8958333332,55.60416667,0
-0.8541666665,55.60416667,0
-2.895833333,55.5625,13
-2.854166667,55.5625,19
-2.8125,55.5625,165
-2.770833333,55.5625,100
-2.729166667,55.5625,18
-2.6875,55.5625,33
-2.645833333,55.5625,41
-2.604166667,55.5625,47
-2.5625,55.5625,41
-2.520833333,55.5625,34
-2.479166667,55.5625,27
-2.4375,55.5625,12
-2.395833333,55.5625,12
-2.354166667,55.5625,12
-2.3125,55.5625,12
-2.270833333,55.5625,15
-2.229166667,55.5625,22
-2.1875,55.5625,23
-2.145833333,55.5625,23
-2.104166667,55.5625,23
-2.0625,55.5625,23
-2.020833333,55.5625,23
-1.979166667,55.5625,23
-1.9375,55.5625,23
-1.895833333,55.5625,23
-1.854166667,55.5625,23
-1.8125,55.5625,23
-1.770833333,55.5625,23
-1.729166667,55.5625,23
-1.6875,55.5625,23
-1.645833333,55.5625,23
-1.604166667,55.5625,23
-1.5625,55.5625,0
-1.520833333,55.5625,0
-1.479166667,55.5625,0
-1.4375,55.5625,0
-1.395833333,55.5625,0
-1.354166667,55.5625,0
-1.3125,55.5625,0
-1.270833333,55.5625,0
-1.229166667,55.5625,0
-1.1875,55.5625,0
-1.145833333,55.5625,0
-1.104166667,55.5625,0
-1.0625,55.5625,0
-1.020833333,55.5625,0
-0.9791666665,55.5625,0
-0.9374999999,55.5625,0
-0.8958333332,55.5625,0
-0.8541666665,55.5625,0
-2.895833333,55.52083333,7
-2.854166667,55.52083333,10
-2.8125,55.52083333,16
-2.770833333,55.52083333,16
-2.729166667,55.52083333,16
-2.6875,55.52083333,16
-2.645833333,55.52083333,16
-2.604166667,55.52083333,17
-2.5625,55.52083333,16
-2.520833333,55.52083333,17
-2.479166667,55.52083333,18
-2.4375,55.52083333,17
-2.395833333,55.52083333,14
-2.354166667,55.52083333,12
-2.3125,55.52083333,12
-2.270833333,55.52083333,12
-2.229166667,55.52083333,17
-2.1875,55.52083333,23
-2.145833333,55.52083333,23
-2.104166667,55.52083333,23
-2.0625,55.52083333,23
-2.020833333,55.52083333,23
-1.979166667,55.52083333,23
-1.9375,55.52083333,23
-1.895833333,55.52083333,23
-1.854166667,55.52083333,23
-1.8125,55.52083333,24
-1.770833333,55.52083333,25
-1.729166667,55.52083333,24
-1.6875,55.52083333,26
-1.645833333,55.52083333,27
-1.604166667,55.52083333,28
-1.5625,55.52083333,0
-1.520833333,55.52083333,0
-1.479166667,55.52083333,0
-1.4375,55.52083333,0
-1.395833333,55.52083333,0
-1.354166667,55.52083333,0
-1.3125,55.52083333,0
-1.270833333,55.52083333,0
-1.229166667,55.52083333,0
-1.1875,55.52083333,0
-1.145833333,55.52083333,0
-1.104166667,55.52083333,0
-1.0625,55.52083333,0
-1.020833333,55.52083333,0
-0.9791666665,55.52083333,0
-0.9374999999,55.52083333,0
-0.8958333332,55.52083333,0
-0.8541666665,55.52083333,0
-2.895833333,55.47916667,6
-2.854166667,55.47916667,12
-2.8125,55.47916667,35
-2.770833333,55.47916667,76
-2.729166667,55.47916667,68
-2.6875,55.47916667,16
-2.645833333,55.47916667,16
-2.604166667,55.47916667,13
-2.5625,55.47916667,13
-2.520833333,55.47916667,18
-2.479166667,55.47916667,18
-2.4375,55.47916667,18
-2.395833333,55.47916667,14
-2.354166667,55.47916667,12
-2.3125,55.47916667,12
-2.270833333,55.47916667,12
-2.229166667,55.47916667,12
-2.1875,55.47916667,20
-2.145833333,55.47916667,24
-2.104166667,55.47916667,23
-2.0625,55.47916667,23
-2.020833333,55.47916667,23
-1.979166667,55.47916667,23
-1.9375,55.47916667,23
-1.895833333,55.47916667,25
-1.854166667,55.47916667,26
-1.8125,55.47916667,27
-1.770833333,55.47916667,28
-1.729166667,55.47916667,28
-1.6875,55.47916667,28
-1.645833333,55.47916667,28
-1.604166667,55.47916667,28
-1.5625,55.47916667,0
-1.520833333,55.47916667,0
-1.479166667,55.47916667,0
-1.4375,55.47916667,0
-1.395833333,55.47916667,0
-1.354166667,55.47916667,0
-1.3125,55.47916667,0
-1.270833333,55.47916667,0
-1.229166667,55.47916667,0
-1.1875,55.47916667,0
-1.145833333,55.47916667,0
-1.104166667,55.47916667,0
-1.0625,55.47916667,0
-1.020833333,55.47916667,0
-0.9791666665,55.47916667,0
-0.9374999999,55.47916667,0
-0.8958333332,55.47916667,0
-0.8541666665,55.47916667,0
-2.895833333,55.4375,4
-2.854166667,55.4375,41
-2.8125,55.4375,201
-2.770833333,55.4375,317
-2.729166667,55.4375,151
-2.6875,55.4375,78
-2.645833333,55.4375,14
-2.604166667,55.4375,13
-2.5625,55.4375,13
-2.520833333,55.4375,17
-2.479166667,55.4375,17
-2.4375,55.4375,18
-2.395833333,55.4375,15
-2.354166667,55.4375,12
-2.3125,55.4375,12
-2.270833333,55.4375,16
-2.229166667,55.4375,18
-2.1875,55.4375,26
-2.145833333,55.4375,28
-2.104166667,55.4375,26
-2.0625,55.4375,26
-2.020833333,55.4375,25
-1.979166667,55.4375,23
-1.9375,55.4375,24
-1.895833333,55.4375,28
-1.854166667,55.4375,28
-1.8125,55.4375,28
-1.770833333,55.4375,28
-1.729166667,55.4375,28
-1.6875,55.4375,28
-1.645833333,55.4375,28
-1.604166667,55.4375,28
-1.5625,55.4375,28
-1.520833333,55.4375,0
-1.479166667,55.4375,0
-1.4375,55.4375,0
-1.395833333,55.4375,0
-1.354166667,55.4375,0
-1.3125,55.4375,0
-1.270833333,55.4375,0
-1.229166667,55.4375,0
-1.1875,55.4375,0
-1.145833333,55.4375,0
-1.104166667,55.4375,0
-1.0625,55.4375,0
-1.020833333,55.4375,0
-0.9791666665,55.4375,0
-0.9374999999,55.4375,0
-0.8958333332,55.4375,0
-0.8541666665,55.4375,0
-2.895833333,55.39583333,3
-2.854166667,55.39583333,8
-2.8125,55.39583333,132
-2.770833333,55.39583333,3
-2.729166667,55.39583333,15
-2.6875,55.39583333,23
-2.645833333,55.39583333,12
-2.604166667,55.39583333,12
-2.5625,55.39583333,12
-2.520833333,55.39583333,12
-2.479166667,55.39583333,12
-2.4375,55.39583333,15
-2.395833333,55.39583333,17
-2.354166667,55.39583333,16
-2.3125,55.39583333,26
-2.270833333,55.39583333,28
-2.229166667,55.39583333,28
-2.1875,55.39583333,28
-2.145833333,55.39583333,28
-2.104166667,55.39583333,28
-2.0625,55.39583333,28
-2.020833333,55.39583333,28
-1.979166667,55.39583333,28
-1.9375,55.39583333,28
-1.895833333,55.39583333,28
-1.854166667,55.39583333,28
-1.8125,55.39583333,28
-1.770833333,55.39583333,28
-1.729166667,55.39583333,28
-1.6875,55.39583333,28
-1.645833333,55.39583333,28
-1.604166667,55.39583333,28
-1.5625,55.39583333,28
-1.520833333,55.39583333,0
-1.479166667,55.39583333,0
-1.4375,55.39583333,0
-1.395833333,55.39583333,0
-1.354166667,55.39583333,0
-1.3125,55.39583333,0
-1.270833333,55.39583333,0
-1.229166667,55.39583333,0
-1.1875,55.39583333,0
-1.145833333,55.39583333,0
-1.104166667,55.39583333,0
-1.0625,55.39583333,0
-1.020833333,55.39583333,0
-0.9791666665,55.39583333,0
-0.9374999999,55.39583333,0
-0.8958333332,55.39583333,0
-0.8541666665,55.39583333,0
-2.895833333,55.35416667,3
-2.854166667,55.35416667,3
-2.8125,55.35416667,3
-2.770833333,55.35416667,3
-2.729166667,55.35416667,10
-2.6875,55.35416667,12
-2.645833333,55.35416667,12
-2.604166667,55.35416667,12
-2.5625,55.35416667,12
-2.520833333,55.35416667,12
-2.479166667,55.35416667,18
-2.4375,55.35416667,21
-2.395833333,55.35416667,21
-2.354166667,55.35416667,24
-2.3125,55.35416667,27
-2.270833333,55.35416667,28
-2.229166667,55.35416667,28
-2.1875,55.35416667,28
-2.145833333,55.35416667,28
-2.104166667,55.35416667,28
-2.0625,55.35416667,28
-2.020833333,55.35416667,28
-1.979166667,55.35416667,28
-1.9375,55.35416667,28
-1.895833333,55.35416667,28
-1.854166667,55.35416667,28
-1.8125,55.35416667,28
-1.770833333,55.35416667,28
-1.729166667,55.35416667,28
-1.6875,55.35416667,28
-1.645833333,55.35416667,28
-1.604166667,55.35416667,28
-1.5625,55.35416667,28
-1.520833333,55.35416667,28
-1.479166667,55.35416667,0
-1.4375,55.35416667,0
-1.395833333,55.35416667,0
-1.354166667,55.35416667,0
-1.3125,55.35416667,0
-1.270833333,55.35416667,0
-1.229166667,55.35416667,0
-1.1875,55.35416667,0
-1.145833333,55.35416667,0
-1.104166667,55.35416667,0
-1.0625,55.35416667,0
-1.020833333,55.35416667,0
-0.9791666665,55.35416667,0
-0.9374999999,55.35416667,0
-0.8958333332,55.35416667,0
-0.8541666665,55.35416667,0
-2.895833333,55.3125,3
-2.854166667,55.3125,3
-2.8125,55.3125,3
-2.770833333,55.3125,3
-2.729166667,55.3125,6
-2.6875,55.3125,7
-2.645833333,55.3125,6
-2.604166667,55.3125,9
-2.5625,55.3125,17
-2.520833333,55.3125,24
-2.479166667,55.3125,26
-2.4375,55.3125,26
-2.395833333,55.3125,26
-2.354166667,55.3125,26
-2.3125,55.3125,26
-2.270833333,55.3125,26
-2.229166667,55.3125,27
-2.1875,55.3125,27
-2.145833333,55.3125,28
-2.104166667,55.3125,28
-2.0625,55.3125,28
-2.020833333,55.3125,28
-1.979166667,55.3125,28
-1.9375,55.3125,28
-1.895833333,55.3125,28
-1.854166667,55.3125,28
-1.8125,55.3125,28
-1.770833333,55.3125,28
-1.729166667,55.3125,31
-1.6875,55.3125,35
-1.645833333,55.3125,32
-1.604166667,55.3125,44
-1.5625,55.3125,38
-1.520833333,55.3125,28
-1.479166667,55.3125,0
-1.4375,55.3125,0
-1.395833333,55.3125,0
-1.354166667,55.3125,0
-1.3125,55.3125,0
-1.270833333,55.3125,0
-1.229166667,55.3125,0
-1.1875,55.3125,0
-1.145833333,55.3125,0
-1.104166667,55.3125,0
-1.0625,55.3125,0
-1.020833333,55.3125,0
-0.9791666665,55.3125,0
-0.9374999999,55.3125,0
-0.8958333332,55.3125,0
-0.8541666665,55.3125,0
-2.895833333,55.27083333,4
-2.854166667,55.27083333,3
-2.8125,55.27083333,3
-2.770833333,55.27083333,3
-2.729166667,55.27083333,3
-2.6875,55.27083333,3
-2.645833333,55.27083333,5
-2.604166667,55.27083333,22
-2.5625,55.27083333,26
-2.520833333,55.27083333,26
-2.479166667,55.27083333,26
-2.4375,55.27083333,26
-2.395833333,55.27083333,26
-2.354166667,55.27083333,26
-2.3125,55.27083333,26
-2.270833333,55.27083333,26
-2.229166667,55.27083333,26
-2.1875,55.27083333,26
-2.145833333,55.27083333,27
-2.104166667,55.27083333,28
-2.0625,55.27083333,28
-2.020833333,55.27083333,28
-1.979166667,55.27083333,28
-1.9375,55.27083333,28
-1.895833333,55.27083333,28
-1.854166667,55.27083333,28
-1.8125,55.27083333,36
-1.770833333,55.27083333,65
-1.729166667,55.27083333,73
-1.6875,55.27083333,73
-1.645833333,55.27083333,73
-1.604166667,55.27083333,73
-1.5625,55.27083333,73
-1.520833333,55.27083333,0
-1.479166667,55.27083333,0
-1.4375,55.27083333,0
-1.395833333,55.27083333,0
-1.354166667,55.27083333,0
-1.3125,55.27083333,0
-1.270833333,55.27083333,0
-1.229166667,55.27083333,0
-1.1875,55.27083333,0
-1.145833333,55.27083333,0
-1.104166667,55.27083333,0
-1.0625,55.27083333,0
-1.020833333,55.27083333,0
-0.9791666665,55.27083333,0
-0.9374999999,55.27083333,0
-0.8958333332,55.27083333,0
-0.8541666665,55.27083333,0
-2.895833333,55.22916667,7
-2.854166667,55.22916667,4
-2.8125,55.22916667,3
-2.770833333,55.22916667,3
-2.729166667,55.22916667,3
-2.6875,55.22916667,4
-2.645833333,55.22916667,13
-2.604166667,55.22916667,26
-2.5625,55.22916667,26
-2.520833333,55.22916667,26
-2.479166667,55.22916667,26
-2.4375,55.22916667,26
-2.395833333,55.22916667,26
-2.354166667,55.22916667,26
-2.3125,55.22916667,26
-2.270833333,55.22916667,26
-2.229166667,55.22916667,26
-2.1875,55.22916667,26
-2.145833333,55.22916667,27
-2.104166667,55.22916667,28
-2.0625,55.22916667,28
-2.020833333,55.22916667,28
-1.979166667,55.22916667,28
-1.9375,55.22916667,28
-1.895833333,55.22916667,34
-1.854166667,55.22916667,49
-1.8125,55.22916667,65
-1.770833333,55.22916667,73
-1.729166667,55.22916667,73
-1.6875,55.22916667,73
-1.645833333,55.22916667,73
-1.604166667,55.22916667,73
-1.5625,55.22916667,73
-1.520833333,55.22916667,73
-1.479166667,55.22916667,0
-1.4375,55.22916667,0
-1.395833333,55.22916667,0
-1.354166667,55.22916667,0
-1.3125,55.22916667,0
-1.270833333,55.22916667,0
-1.229166667,55.22916667,0
-1.1875,55.22916667,0
-1.145833333,55.22916667,0
-1.104166667,55.22916667,0
-1.0625,55.22916667,0
-1.020833333,55.22916667,0
-0.9791666665,55.22916667,0
-0.9374999999,55.22916667,0
-0.8958333332,55.22916667,0
-0.8541666665,55.22916667,0
-2.895833333,55.1875,8
-2.854166667,55.1875,3
-2.8125,55.1875,3
-2.770833333,55.1875,3
-2.729166667,55.1875,7
-2.6875,55.1875,34
-2.645833333,55.1875,26
-2.604166667,55.1875,26
-2.5625,55.1875,26
-2.520833333,55.1875,26
-2.479166667,55.1875,26
-2.4375,55.1875,26
-2.395833333,55.1875,26
-2.354166667,55.1875,26
-2.3125,55.1875,26
-2.270833333,55.1875,26
-2.229166667,55.1875,26
-2.1875,55.1875,26
-2.145833333,55.1875,27
-2.104166667,55.1875,27
-2.0625,55.1875,28
-2.020833333,55.1875,27
-1.979166667,55.1875,39
-1.9375,55.1875,41
-1.895833333,55.1875,67
-1.854166667,55.1875,73
-1.8125,55.1875,73
-1.770833333,55.1875,73
-1.729166667,55.1875,73
-1.6875,55.1875,73
-1.645833333,55.1875,229
-1.604166667,55.1875,685
-1.5625,55.1875,784
-1.520833333,55.1875,832
-1.479166667,55.1875,860
-1.4375,55.1875,0
-1.395833333,55.1875,0
-1.354166667,55.1875,0
-1.3125,55.1875,0
-1.270833333,55.1875,0
-1.229166667,55.1875,0
-1.1875,55.1875,0
-1.145833333,55.1875,0
-1.104166667,55.1875,0
-1.0625,55.1875,0
-1.020833333,55.1875,0
-0.9791666665,55.1875,0
-0.9374999999,55.1875,0
-0.8958333332,55.1875,0
-0.8541666665,55.1875,0
-2.895833333,55.14583333,9
-2.854166667,55.14583333,4
-2.8125,55.14583333,28
-2.770833333,55.14583333,56
-2.729166667,55.14583333,88
-2.6875,55.14583333,85
-2.645833333,55.14583333,40
-2.604166667,55.14583333,28
-2.5625,55.14583333,26
-2.520833333,55.14583333,26
-2.479166667,55.14583333,26
-2.4375,55.14583333,26
-2.395833333,55.14583333,26
-2.354166667,55.14583333,26
-2.3125,55.14583333,26
-2.270833333,55.14583333,26
-2.229166667,55.14583333,26
-2.1875,55.14583333,26
-2.145833333,55.14583333,26
-2.104166667,55.14583333,26
-2.0625,55.14583333,26
-2.020833333,55.14583333,26
-1.979166667,55.14583333,38
-1.9375,55.14583333,73
-1.895833333,55.14583333,73
-1.854166667,55.14583333,73
-1.8125,55.14583333,73
-1.770833333,55.14583333,73
-1.729166667,55.14583333,73
-1.6875,55.14583333,73
-1.645833333,55.14583333,352
-1.604166667,55.14583333,857
-1.5625,55.14583333,910
-1.520833333,55.14583333,953
-1.479166667,55.14583333,917
-1.4375,55.14583333,0
-1.395833333,55.14583333,0
-1.354166667,55.14583333,0
-1.3125,55.14583333,0
-1.270833333,55.14583333,0
-1.229166667,55.14583333,0
-1.1875,55.14583333,0
-1.145833333,55.14583333,0
-1.104166667,55.14583333,0
-1.0625,55.14583333,0
-1.020833333,55.14583333,0
-0.9791666665,55.14583333,0
-0.9374999999,55.14583333,0
-0.8958333332,55.14583333,0
-0.8541666665,55.14583333,0
-2.895833333,55.10416667,19
-2.854166667,55.10416667,64
-2.8125,55.10416667,92
-2.770833333,55.10416667,92
-2.729166667,55.10416667,92
-2.6875,55.10416667,92
-2.645833333,55.10416667,92
-2.604166667,55.10416667,81
-2.5625,55.10416667,37
-2.520833333,55.10416667,31
-2.479166667,55.10416667,27
-2.4375,55.10416667,26
-2.395833333,55.10416667,26
-2.354166667,55.10416667,26
-2.3125,55.10416667,26
-2.270833333,55.10416667,26
-2.229166667,55.10416667,26
-2.1875,55.10416667,26
-2.145833333,55.10416667,26
-2.104166667,55.10416667,26
-2.0625,55.10416667,26
-2.020833333,55.10416667,26
-1.979166667,55.10416667,54
-1.9375,55.10416667,73
-1.895833333,55.10416667,73
-1.854166667,55.10416667,73
-1.8125,55.10416667,73
-1.770833333,55.10416667,73
-1.729166667,55.10416667,73
-1.6875,55.10416667,73
-1.645833333,55.10416667,350
-1.604166667,55.10416667,1042
-1.5625,55.10416667,1124
-1.520833333,55.10416667,1124
-1.479166667,55.10416667,1116
-1.4375,55.10416667,0
-1.395833333,55.10416667,0
-1.354166667,55.10416667,0
-1.3125,55.10416667,0
-1.270833333,55.10416667,0
-1.229166667,55.10416667,0
-1.1875,55.10416667,0
-1.145833333,55.10416667,0
-1.104166667,55.10416667,0
-1.0625,55.10416667,0
-1.020833333,55.10416667,0
-0.9791666665,55.10416667,0
-0.9374999999,55.10416667,0
-0.8958333332,55.10416667,0
-0.8541666665,55.10416667,0
-2.895833333,55.0625,87
-2.854166667,55.0625,92
-2.8125,55.0625,92
-2.770833333,55.0625,92
-2.729166667,55.0625,92
-2.6875,55.0625,92
-2.645833333,55.0625,92
-2.604166667,55.0625,92
-2.5625,55.0625,92
-2.520833333,55.0625,91
-2.479166667,55.0625,35
-2.4375,55.0625,26
-2.395833333,55.0625,26
-2.354166667,55.0625,26
-2.3125,55.0625,26
-2.270833333,55.0625,26
-2.229166667,55.0625,26
-2.1875,55.0625,26
-2.145833333,55.0625,26
-2.104166667,55.0625,26
-2.0625,55.0625,26
-2.020833333,55.0625,32
-1.979166667,55.0625,63
-1.9375,55.0625,73
-1.895833333,55.0625,73
-1.854166667,55.0625,73
-1.8125,55.0625,73
-1.770833333,55.0625,73
-1.729166667,55.0625,132
-1.6875,55.0625,1493
-1.645833333,55.0625,1732
-1.604166667,55.0625,1701
-1.5625,55.0625,1501
-1.520833333,55.0625,1441
-1.479166667,55.0625,1761
-1.4375,55.0625,2169
-1.395833333,55.0625,0
-1.354166667,55.0625,0
-1.3125,55.0625,0
-1.270833333,55.0625,0
-1.229166667,55.0625,0
-1.1875,55.0625,0
-1.145833333,55.0625,0
-1.104166667,55.0625,0
-1.0625,55.0625,0
-1.020833333,55.0625,0
-0.9791666665,55.0625,0
-0.9374999999,55.0625,0
-0.8958333332,55.0625,0
-0.8541666665,55.0625,0
-2.895833333,55.02083333,92
-2.854166667,55.02083333,92
-2.8125,55.02083333,92
-2.770833333,55.02083333,92
-2.729166667,55.02083333,92
-2.6875,55.02083333,92
-2.645833333,55.02083333,92
-2.604166667,55.02083333,92
-2.5625,55.02083333,68
-2.520833333,55.02083333,41
-2.479166667,55.02083333,28
-2.4375,55.02083333,26
-2.395833333,55.02083333,26
-2.354166667,55.02083333,26
-2.3125,55.02083333,26
-2.270833333,55.02083333,26
-2.229166667,55.02083333,26
-2.1875,55.02083333,26
-2.145833333,55.02083333,26
-2.104166667,55.02083333,26
-2.0625,55.02083333,26
-2.020833333,55.02083333,26
-1.979166667,55.02083333,31
-1.9375,55.02083333,65
-1.895833333,55.02083333,66
-1.854166667,55.02083333,71
-1.8125,55.02083333,73
-1.770833333,55.02083333,276
-1.729166667,55.02083333,1668
-1.6875,55.02083333,2182
-1.645833333,55.02083333,2182
-1.604166667,55.02083333,2179
-1.5625,55.02083333,2170
-1.520833333,55.02083333,2169
-1.479166667,55.02083333,2169
-1.4375,55.02083333,2168
-1.395833333,55.02083333,2166
-1.354166667,55.02083333,0
-1.3125,55.02083333,0
-1.270833333,55.02083333,0
-1.229166667,55.02083333,0
-1.1875,55.02083333,0
-1.145833333,55.02083333,0
-1.104166667,55.02083333,0
-1.0625,55.02083333,0
-1.020833333,55.02083333,0
-0.9791666665,55.02083333,0
-0.9374999999,55.02083333,0
-0.8958333332,55.02083333,0
-0.8541666665,55.02083333,0
-2.895833333,54.97916667,92
-2.854166667,54.97916667,92
-2.8125,54.97916667,92
-2.770833333,54.97916667,92
-2.729166667,54.97916667,92
-2.6875,54.97916667,92
-2.645833333,54.97916667,92
-2.604166667,54.97916667,84
-2.5625,54.97916667,34
-2.520833333,54.97916667,26
-2.479166667,54.97916667,26
-2.4375,54.97916667,26
-2.395833333,54.97916667,26
-2.354166667,54.97916667,26
-2.3125,54.97916667,26
-2.270833333,54.97916667,26
-2.229166667,54.97916667,26
-2.1875,54.97916667,26
-2.145833333,54.97916667,26
-2.104166667,54.97916667,26
-2.0625,54.97916667,26
-2.020833333,54.97916667,26
-1.979166667,54.97916667,26
-1.9375,54.97916667,26
-1.895833333,54.97916667,26
-1.854166667,54.97916667,27
-1.8125,54.97916667,411
-1.770833333,54.97916667,1252
-1.729166667,54.97916667,1814
-1.6875,54.97916667,1977
-1.645833333,54.97916667,2124
-1.604166667,54.97916667,1982
-1.5625,54.97916667,2081
-1.520833333,54.97916667,2132
-1.479166667,54.97916667,2166
-1.4375,54.97916667,2165
-1.395833333,54.97916667,2165
-1.354166667,54.97916667,2165
-1.3125,54.97916667,0
-1.270833333,54.97916667,0
-1.229166667,54.97916667,0
-1.1875,54.97916667,0
-1.145833333,54.97916667,0
-1.104166667,54.97916667,0
-1.0625,54.97916667,0
-1.020833333,54.97916667,0
-0.9791666665,54.97916667,0
-0.9374999999,54.97916667,0
-0.8958333332,54.97916667,0
-0.8541666665,54.97916667,0
-2.895833333,54.9375,92
-2.854166667,54.9375,92
-2.8125,54.9375,92
-2.770833333,54.9375,92
-2.729166667,54.9375,92
-2.6875,54.9375,92
-2.645833333,54.9375,92
-2.604166667,54.9375,92
-2.5625,54.9375,59
-2.520833333,54.9375,26
-2.479166667,54.9375,26
-2.4375,54.9375,26
-2.395833333,54.9375,26
-2.354166667,54.9375,26
-2.3125,54.9375,26
-2.270833333,54.9375,26
-2.229166667,54.9375,26
-2.1875,54.9375,26
-2.145833333,54.9375,26
-2.104166667,54.9375,26
-2.0625,54.9375,26
-2.020833333,54.9375,26
-1.979166667,54.9375,26
-1.9375,54.9375,26
-1.895833333,54.9375,26
-1.854166667,54.9375,149
-1.8125,54.9375,1112
-1.770833333,54.9375,1208
-1.729166667,54.9375,1200
-1.6875,54.9375,1208
-1.645833333,54.9375,1208
-1.604166667,54.9375,1208
-1.5625,54.9375,1324
-1.520833333,54.9375,1680
-1.479166667,54.9375,2069
-1.4375,54.9375,2054
-1.395833333,54.9375,2014
-1.354166667,54.9375,2018
-1.3125,54.9375,0
-1.270833333,54.9375,0
-1.229166667,54.9375,0
-1.1875,54.9375,0
-1.145833333,54.9375,0
-1.104166667,54.9375,0
-1.0625,54.9375,0
-1.020833333,54.9375,0
-0.9791666665,54.9375,0
-0.9374999999,54.9375,0
-0.8958333332,54.9375,0
-0.8541666665,54.9375,0
-2.895833333,54.89583333,92
-2.854166667,54.89583333,92
-2.8125,54.89583333,92
-2.770833333,54.89583333,92
-2.729166667,54.89583333,92
-2.6875,54.89583333,92
-2.645833333,54.89583333,92
-2.604166667,54.89583333,83
-2.5625,54.89583333,36
-2.520833333,54.89583333,26
-2.479166667,54.89583333,26
-2.4375,54.89583333,26
-2.395833333,54.89583333,26
-2.354166667,54.89583333,26
-2.3125,54.89583333,26
-2.270833333,54.89583333,26
-2.229166667,54.89583333,26
-2.1875,54.89583333,26
-2.145833333,54.89583333,26
-2.104166667,54.89583333,26
-2.0625,54.89583333,26
-2.020833333,54.89583333,26
-1.979166667,54.89583333,26
-1.9375,54.89583333,26
-1.895833333,54.89583333,26
-1.854166667,54.89583333,130
-1.8125,54.89583333,505
-1.770833333,54.89583333,440
-1.729166667,54.89583333,380
-1.6875,54.89583333,552
-1.645833333,54.89583333,1064
-1.604166667,54.89583333,1003
-1.5625,54.89583333,1449
-1.520833333,54.89583333,1849
-1.479166667,54.89583333,1869
-1.4375,54.89583333,1869
-1.395833333,54.89583333,1869
-1.354166667,54.89583333,1869
-1.3125,54.89583333,0
-1.270833333,54.89583333,0
-1.229166667,54.89583333,0
-1.1875,54.89583333,0
-1.145833333,54.89583333,0
-1.104166667,54.89583333,0
-1.0625,54.89583333,0
-1.020833333,54.89583333,0
-0.9791666665,54.89583333,0
-0.9374999999,54.89583333,0
-0.8958333332,54.89583333,0
-0.8541666665,54.89583333,0
-2.895833333,54.85416667,92
-2.854166667,54.85416667,91
-2.8125,54.85416667,92
-2.770833333,54.85416667,92
-2.729166667,54.85416667,92
-2.6875,54.85416667,86
-2.645833333,54.85416667,61
-2.604166667,54.85416667,61
-2.5625,54.85416667,30
-2.520833333,54.85416667,26
-2.479166667,54.85416667,26
-2.4375,54.85416667,26
-2.395833333,54.85416667,26
-2.354166667,54.85416667,26
-2.3125,54.85416667,26
-2.270833333,54.85416667,26
-2.229166667,54.85416667,26
-2.1875,54.85416667,26
-2.145833333,54.85416667,33
-2.104166667,54.85416667,39
-2.0625,54.85416667,49
-2.020833333,54.85416667,83
-1.979166667,54.85416667,129
-1.9375,54.85416667,136
-1.895833333,54.85416667,90
-1.854166667,54.85416667,261
-1.8125,54.85416667,299
-1.770833333,54.85416667,299
-1.729166667,54.85416667,299
-1.6875,54.85416667,301
-1.645833333,54.85416667,715
-1.604166667,54.85416667,789
-1.5625,54.85416667,792
-1.520833333,54.85416667,978
-1.479166667,54.85416667,1869
-1.4375,54.85416667,1847
-1.395833333,54.85416667,1469
-1.354166667,54.85416667,997
-1.3125,54.85416667,590
-1.270833333,54.85416667,0
-1.229166667,54.85416667,0
-1.1875,54.85416667,0
-1.145833333,54.85416667,0
-1.104166667,54.85416667,0
-1.0625,54.85416667,0
-1.020833333,54.85416667,0
-0.9791666665,54.85416667,0
-0.9374999999,54.85416667,0
-0.8958333332,54.85416667,0
-0.8541666665,54.85416667,0
-2.895833333,54.8125,47
-2.854166667,54.8125,26
-2.8125,54.8125,41
-2.770833333,54.8125,42
-2.729166667,54.8125,43
-2.6875,54.8125,33
-2.645833333,54.8125,25
-2.604166667,54.8125,25
-2.5625,54.8125,25
-2.520833333,54.8125,26
-2.479166667,54.8125,25
-2.4375,54.8125,25
-2.395833333,54.8125,25
-2.354166667,54.8125,25
-2.3125,54.8125,27
-2.270833333,54.8125,32
-2.229166667,54.8125,26
-2.1875,54.8125,53
-2.145833333,54.8125,99
-2.104166667,54.8125,113
-2.0625,54.8125,113
-2.020833333,54.8125,211
-1.979166667,54.8125,299
-1.9375,54.8125,286
-1.895833333,54.8125,295
-1.854166667,54.8125,299
-1.8125,54.8125,299
-1.770833333,54.8125,299
-1.729166667,54.8125,299
-1.6875,54.8125,299
-1.645833333,54.8125,560
-1.604166667,54.8125,619
-1.5625,54.8125,571
-1.520833333,54.8125,547
-1.479166667,54.8125,1408
-1.4375,54.8125,1502
-1.395833333,54.8125,608
-1.354166667,54.8125,590
-1.3125,54.8125,590
-1.270833333,54.8125,0
-1.229166667,54.8125,0
-1.1875,54.8125,0
-1.145833333,54.8125,0
-1.104166667,54.8125,0
-1.0625,54.8125,0
-1.020833333,54.8125,0
-0.9791666665,54.8125,0
-0.9374999999,54.8125,0
-0.8958333332,54.8125,0
-0.8541666665,54.8125,0
-2.895833333,54.77083333,25
-2.854166667,54.77083333,25
-2.8125,54.77083333,25
-2.770833333,54.77083333,25
-2.729166667,54.77083333,25
-2.6875,54.77083333,25
-2.645833333,54.77083333,25
-2.604166667,54.77083333,25
-2.5625,54.77083333,25
-2.520833333,54.77083333,25
-2.479166667,54.77083333,25
-2.4375,54.77083333,25
-2.395833333,54.77083333,25
-2.354166667,54.77083333,25
-2.3125,54.77083333,78
-2.270833333,54.77083333,113
-2.229166667,54.77083333,101
-2.1875,54.77083333,113
-2.145833333,54.77083333,113
-2.104166667,54.77083333,113
-2.0625,54.77083333,113
-2.020833333,54.77083333,115
-1.979166667,54.77083333,182
-1.9375,54.77083333,118
-1.895833333,54.77083333,139
-1.854166667,54.77083333,226
-1.8125,54.77083333,288
-1.770833333,54.77083333,284
-1.729166667,54.77083333,370
-1.6875,54.77083333,441
-1.645833333,54.77083333,498
-1.604166667,54.77083333,511
-1.5625,54.77083333,511
-1.520833333,54.77083333,511
-1.479166667,54.77083333,518
-1.4375,54.77083333,555
-1.395833333,54.77083333,584
-1.354166667,54.77083333,590
-1.3125,54.77083333,590
-1.270833333,54.77083333,590
-1.229166667,54.77083333,0
-1.1875,54.77083333,0
-1.145833333,54.77083333,0
-1.104166667,54.77083333,0
-1.0625,54.77083333,0
-1.020833333,54.77083333,0
-0.9791666665,54.77083333,0
-0.9374999999,54.77083333,0
-0.8958333332,54.77083333,0
-0.8541666665,54.77083333,0
-2.895833333,54.72916667,25
-2.854166667,54.72916667,25
-2.8125,54.72916667,25
-2.770833333,54.72916667,25
-2.729166667,54.72916667,25
-2.6875,54.72916667,25
-2.645833333,54.72916667,25
-2.604166667,54.72916667,25
-2.5625,54.72916667,25
-2.520833333,54.72916667,25
-2.479166667,54.72916667,25
-2.4375,54.72916667,25
-2.395833333,54.72916667,25
-2.354166667,54.72916667,25
-2.3125,54.72916667,74
-2.270833333,54.72916667,97
-2.229166667,54.72916667,104
-2.1875,54.72916667,113
-2.145833333,54.72916667,113
-2.104166667,54.72916667,113
-2.0625,54.72916667,113
-2.020833333,54.72916667,113
-1.979166667,54.72916667,113
-1.9375,54.72916667,113
-1.895833333,54.72916667,113
-1.854166667,54.72916667,113
-1.8125,54.72916667,118
-1.770833333,54.72916667,113
-1.729166667,54.72916667,225
-1.6875,54.72916667,234
-1.645833333,54.72916667,375
-1.604166667,54.72916667,451
-1.5625,54.72916667,500
-1.520833333,54.72916667,504
-1.479166667,54.72916667,512
-1.4375,54.72916667,529
-1.395833333,54.72916667,569
-1.354166667,54.72916667,590
-1.3125,54.72916667,609
-1.270833333,54.72916667,699
-1.229166667,54.72916667,821
-1.1875,54.72916667,847
-1.145833333,54.72916667,0
-1.104166667,54.72916667,0
-1.0625,54.72916667,0
-1.020833333,54.72916667,0
-0.9791666665,54.72916667,0
-0.9374999999,54.72916667,0
-0.8958333332,54.72916667,0
-0.8541666665,54.72916667,0
-2.895833333,54.6875,25
-2.854166667,54.6875,25
-2.8125,54.6875,25
-2.770833333,54.6875,25
-2.729166667,54.6875,25
-2.6875,54.6875,25
-2.645833333,54.6875,25
-2.604166667,54.6875,25
-2.5625,54.6875,25
-2.520833333,54.6875,25
-2.479166667,54.6875,25
-2.4375,54.6875,25
-2.395833333,54.6875,25
-2.354166667,54.6875,26
-2.3125,54.6875,28
-2.270833333,54.6875,28
-2.229166667,54.6875,29
-2.1875,54.6875,49
-2.145833333,54.6875,59
-2.104166667,54.6875,64
-2.0625,54.6875,66
-2.020833333,54.6875,79
-1.979166667,54.6875,92
-1.9375,54.6875,91
-1.895833333,54.6875,64
-1.854166667,54.6875,38
-1.8125,54.6875,51
-1.770833333,54.6875,99
-1.729166667,54.6875,108
-1.6875,54.6875,124
-1.645833333,54.6875,259
-1.604166667,54.6875,334
-1.5625,54.6875,372
-1.520833333,54.6875,369
-1.479166667,54.6875,390
-1.4375,54.6875,375
-1.395833333,54.6875,437
-1.354166667,54.6875,470
-1.3125,54.6875,785
-1.270833333,54.6875,847
-1.229166667,54.6875,847
-1.1875,54.6875,847
-1.145833333,54.6875,0
-1.104166667,54.6875,0
-1.0625,54.6875,0
-1.020833333,54.6875,0
-0.9791666665,54.6875,0
-0.9374999999,54.6875,0
-0.8958333332,54.6875,0
-0.8541666665,54.6875,0
-2.895833333,54.64583333,25
-2.854166667,54.64583333,25
-2.8125,54.64583333,25
-2.770833333,54.64583333,25
-2.729166667,54.64583333,25
-2.6875,54.64583333,25
-2.645833333,54.64583333,25
-2.604166667,54.64583333,25
-2.5625,54.64583333,25
-2.520833333,54.64583333,25
-2.479166667,54.64583333,25
-2.4375,54.64583333,25
-2.395833333,54.64583333,25
-2.354166667,54.64583333,25
-2.3125,54.64583333,26
-2.270833333,54.64583333,28
-2.229166667,54.64583333,28
-2.1875,54.64583333,28
-2.145833333,54.64583333,28
-2.104166667,54.64583333,28
-2.0625,54.64583333,28
-2.020833333,54.64583333,28
-1.979166667,54.64583333,28
-1.9375,54.64583333,28
-1.895833333,54.64583333,28
-1.854166667,54.64583333,28
-1.8125,54.64583333,28
-1.770833333,54.64583333,28
-1.729166667,54.64583333,76
-1.6875,54.64583333,144
-1.645833333,54.64583333,241
-1.604166667,54.64583333,335
-1.5625,54.64583333,368
-1.520833333,54.64583333,368
-1.479166667,54.64583333,368
-1.4375,54.64583333,368
-1.395833333,54.64583333,461
-1.354166667,54.64583333,697
-1.3125,54.64583333,849
-1.270833333,54.64583333,848
-1.229166667,54.64583333,848
-1.1875,54.64583333,848
-1.145833333,54.64583333,621
-1.104166667,54.64583333,500
-1.0625,54.64583333,500
-1.020833333,54.64583333,0
-0.9791666665,54.64583333,0
-0.9374999999,54.64583333,0
-0.8958333332,54.64583333,0
-0.8541666665,54.64583333,0
-2.895833333,54.60416667,25
-2.854166667,54.60416667,25
-2.8125,54.60416667,25
-2.770833333,54.60416667,25
-2.729166667,54.60416667,25
-2.6875,54.60416667,25
-2.645833333,54.60416667,25
-2.604166667,54.60416667,25
-2.5625,54.60416667,25
-2.520833333,54.60416667,25
-2.479166667,54.60416667,25
-2.4375,54.60416667,25
-2.395833333,54.60416667,25
-2.354166667,54.60416667,25
-2.3125,54.60416667,26
-2.270833333,54.60416667,28
-2.229166667,54.60416667,28
-2.1875,54.60416667,28
-2.145833333,54.60416667,28
-2.104166667,54.60416667,28
-2.0625,54.60416667,28
-2.020833333,54.60416667,28
-1.979166667,54.60416667,28
-1.9375,54.60416667,28
-1.895833333,54.60416667,28
-1.854166667,54.60416667,28
-1.8125,54.60416667,28
-1.770833333,54.60416667,28
-1.729166667,54.60416667,28
-1.6875,54.60416667,186
-1.645833333,54.60416667,452
-1.604166667,54.60416667,432
-1.5625,54.60416667,377
-1.520833333,54.60416667,398
-1.479166667,54.60416667,406
-1.4375,54.60416667,527
-1.395833333,54.60416667,813
-1.354166667,54.60416667,853
-1.3125,54.60416667,853
-1.270833333,54.60416667,900
-1.229166667,54.60416667,941
-1.1875,54.60416667,792
-1.145833333,54.60416667,545
-1.104166667,54.60416667,500
-1.0625,54.60416667,500
-1.020833333,54.60416667,500
-0.9791666665,54.60416667,500
-0.9374999999,54.60416667,500
-0.8958333332,54.60416667,500
-0.8541666665,54.60416667,0
-2.895833333,54.5625,25
-2.854166667,54.5625,25
-2.8125,54.5625,25
-2.770833333,54.5625,25
-2.729166667,54.5625,25
-2.6875,54.5625,25
-2.645833333,54.5625,25
-2.604166667,54.5625,25
-2.5625,54.5625,25
-2.520833333,54.5625,25
-2.479166667,54.5625,25
-2.4375,54.5625,25
-2.395833333,54.5625,25
-2.354166667,54.5625,25
-2.3125,54.5625,25
-2.270833333,54.5625,25
-2.229166667,54.5625,27
-2.1875,54.5625,28
-2.145833333,54.5625,28
-2.104166667,54.5625,28
-2.0625,54.5625,28
-2.020833333,54.5625,28
-1.979166667,54.5625,28
-1.9375,54.5625,28
-1.895833333,54.5625,28
-1.854166667,54.5625,28
-1.8125,54.5625,28
-1.770833333,54.5625,28
-1.729166667,54.5625,29
-1.6875,54.5625,422
-1.645833333,54.5625,471
-1.604166667,54.5625,471
-1.5625,54.5625,468
-1.520833333,54.5625,471
-1.479166667,54.5625,471
-1.4375,54.5625,589
-1.395833333,54.5625,845
-1.354166667,54.5625,853
-1.3125,54.5625,853
-1.270833333,54.5625,1543
-1.229166667,54.5625,2236
-1.1875,54.5625,1500
-1.145833333,54.5625,500
-1.104166667,54.5625,500
-1.0625,54.5625,500
-1.020833333,54.5625,500
-0.9791666665,54.5625,500
-0.9374999999,54.5625,500
-0.8958333332,54.5625,500
-0.8541666665,54.5625,498
-2.895833333,54.52083333,25
-2.854166667,54.52083333,25
-2.8125,54.52083333,25
-2.770833333,54.52083333,25
-2.729166667,54.52083333,25
-2.6875,54.52083333,25
-2.645833333,54.52083333,25
-2.604166667,54.52083333,25
-2.5625,54.52083333,25
-2.520833333,54.52083333,25
-2.479166667,54.52083333,25
-2.4375,54.52083333,25
-2.395833333,54.52083333,25
-2.354166667,54.52083333,25
-2.3125,54.52083333,25
-2.270833333,54.52083333,25
-2.229166667,54.52083333,25
-2.1875,54.52083333,26
-2.145833333,54.52083333,28
-2.104166667,54.52083333,28
-2.0625,54.52083333,28
-2.020833333,54.52083333,28
-1.979166667,54.52083333,28
-1.9375,54.52083333,28
-1.895833333,54.52083333,28
-1.854166667,54.52083333,29
-1.8125,54.52083333,28
-1.770833333,54.52083333,33
-1.729166667,54.52083333,35
-1.6875,54.52083333,89
-1.645833333,54.52083333,209
-1.604166667,54.52083333,317
-1.5625,54.52083333,463
-1.520833333,54.52083333,471
-1.479166667,54.52083333,460
-1.4375,54.52083333,617
-1.395833333,54.52083333,853
-1.354166667,54.52083333,853
-1.3125,54.52083333,853
-1.270833333,54.52083333,1575
-1.229166667,54.52083333,1731
-1.1875,54.52083333,1714
-1.145833333,54.52083333,880
-1.104166667,54.52083333,461
-1.0625,54.52083333,489
-1.020833333,54.52083333,485
-0.9791666665,54.52083333,494
-0.9374999999,54.52083333,500
-0.8958333332,54.52083333,500
-0.8541666665,54.52083333,360
-2.895833333,54.47916667,45
-2.854166667,54.47916667,45
-2.8125,54.47916667,41
-2.770833333,54.47916667,27
-2.729166667,54.47916667,25
-2.6875,54.47916667,25
-2.645833333,54.47916667,25
-2.604166667,54.47916667,25
-2.5625,54.47916667,25
-2.520833333,54.47916667,25
-2.479166667,54.47916667,25
-2.4375,54.47916667,25
-2.395833333,54.47916667,25
-2.354166667,54.47916667,25
-2.3125,54.47916667,25
-2.270833333,54.47916667,25
-2.229166667,54.47916667,25
-2.1875,54.47916667,25
-2.145833333,54.47916667,28
-2.104166667,54.47916667,30
-2.0625,54.47916667,32
-2.020833333,54.47916667,31
-1.979166667,54.47916667,29
-1.9375,54.47916667,28
-1.895833333,54.47916667,30
-1.854166667,54.47916667,36
-1.8125,54.47916667,35
-1.770833333,54.47916667,37
-1.729166667,54.47916667,37
-1.6875,54.47916667,37
-1.645833333,54.47916667,37
-1.604166667,54.47916667,37
-1.5625,54.47916667,193
-1.520833333,54.47916667,265
-1.479166667,54.47916667,313
-1.4375,54.47916667,250
-1.395833333,54.47916667,299
-1.354166667,54.47916667,628
-1.3125,54.47916667,541
-1.270833333,54.47916667,261
-1.229166667,54.47916667,67
-1.1875,54.47916667,67
-1.145833333,54.47916667,68
-1.104166667,54.47916667,70
-1.0625,54.47916667,81
-1.020833333,54.47916667,102
-0.9791666665,54.47916667,125
-0.9374999999,54.47916667,212
-0.8958333332,54.47916667,169
-0.8541666665,54.47916667,190
-2.895833333,54.4375,61
-2.854166667,54.4375,61
-2.8125,54.4375,61
-2.770833333,54.4375,59
-2.729166667,54.4375,47
-2.6875,54.4375,38
-2.645833333,54.4375,25
-2.604166667,54.4375,25
-2.5625,54.4375,25
-2.520833333,54.4375,25
-2.479166667,54.4375,25
-2.4375,54.4375,25
-2.395833333,54.4375,25
-2.354166667,54.4375,25
-2.3125,54.4375,26
-2.270833333,54.4375,33
-2.229166667,54.4375,34
-2.1875,54.4375,36
-2.145833333,54.4375,37
-2.104166667,54.4375,37
-2.0625,54.4375,37
-2.020833333,54.4375,37
-1.979166667,54.4375,37
-1.9375,54.4375,37
-1.895833333,54.4375,37
-1.854166667,54.4375,37
-1.8125,54.4375,37
-1.770833333,54.4375,37
-1.729166667,54.4375,37
-1.6875,54.4375,37
-1.645833333,54.4375,37
-1.604166667,54.4375,37
-1.5625,54.4375,43
-1.520833333,54.4375,60
-1.479166667,54.4375,80
-1.4375,54.4375,70
-1.395833333,54.4375,67
-1.354166667,54.4375,67
-1.3125,54.4375,67
-1.270833333,54.4375,67
-1.229166667,54.4375,67
-1.1875,54.4375,67
-1.145833333,54.4375,67
-1.104166667,54.4375,67
-1.0625,54.4375,84
-1.020833333,54.4375,124
-0.9791666665,54.4375,124
-0.9374999999,54.4375,124
-0.8958333332,54.4375,124
-0.8541666665,54.4375,124
-2.895833333,54.39583333,61
-2.854166667,54.39583333,61
-2.8125,54.39583333,61
-2.770833333,54.39583333,61
-2.729166667,54.39583333,61
-2.6875,54.39583333,61
-2.645833333,54.39583333,55
-2.604166667,54.39583333,48
-2.5625,54.39583333,37
-2.520833333,54.39583333,28
-2.479166667,54.39583333,25
-2.4375,54.39583333,25
-2.395833333,54.39583333,25
-2.354166667,54.39583333,25
-2.3125,54.39583333,28
-2.270833333,54.39583333,37
-2.229166667,54.39583333,37
-2.1875,54.39583333,37
-2.145833333,54.39583333,37
-2.104166667,54.39583333,37
-2.0625,54.39583333,37
-2.020833333,54.39583333,37
-1.979166667,54.39583333,37
-1.9375,54.39583333,37
-1.895833333,54.39583333,37
-1.854166667,54.39583333,37
-1.8125,54.39583333,37
-1.770833333,54.39583333,37
-1.729166667,54.39583333,37
-1.6875,54.39583333,37
-1.645833333,54.39583333,37
-1.604166667,54.39583333,37
-1.5625,54.39583333,59
-1.520833333,54.39583333,67
-1.479166667,54.39583333,67
-1.4375,54.39583333,67
-1.395833333,54.39583333,67
-1.354166667,54.39583333,67
-1.3125,54.39583333,67
-1.270833333,54.39583333,67
-1.229166667,54.39583333,65
-1.1875,54.39583333,64
-1.145833333,54.39583333,67
-1.104166667,54.39583333,67
-1.0625,54.39583333,34
-1.020833333,54.39583333,30
-0.9791666665,54.39583333,62
-0.9374999999,54.39583333,48
-0.8958333332,54.39583333,72
-0.8541666665,54.39583333,98
-2.895833333,54.35416667,61
-2.854166667,54.35416667,61
-2.8125,54.35416667,61
-2.770833333,54.35416667,61
-2.729166667,54.35416667,61
-2.6875,54.35416667,61
-2.645833333,54.35416667,61
-2.604166667,54.35416667,61
-2.5625,54.35416667,61
-2.520833333,54.35416667,59
-2.479166667,54.35416667,59
-2.4375,54.35416667,58
-2.395833333,54.35416667,56
-2.354166667,54.35416667,41
-2.3125,54.35416667,37
-2.270833333,54.35416667,37
-2.229166667,54.35416667,37
-2.1875,54.35416667,37
-2.145833333,54.35416667,37
-2.104166667,54.35416667,37
-2.0625,54.35416667,37
-2.020833333,54.35416667,37
-1.979166667,54.35416667,37
-1.9375,54.35416667,37
-1.895833333,54.35416667,37
-1.854166667,54.35416667,37
-1.8125,54.35416667,37
-1.770833333,54.35416667,37
-1.729166667,54.35416667,37
-1.6875,54.35416667,37
-1.645833333,54.35416667,40
-1.604166667,54.35416667,55
-1.5625,54.35416667,67
-1.520833333,54.35416667,67
-1.479166667,54.35416667,67
-1.4375,54.35416667,67
-1.395833333,54.35416667,67
-1.354166667,54.35416667,67
-1.3125,54.35416667,67
-1.270833333,54.35416667,59
-1.229166667,54.35416667,18
-1.1875,54.35416667,16
-1.145833333,54.35416667,45
-1.104166667,54.35416667,62
-1.0625,54.35416667,23
-1.020833333,54.35416667,16
-0.9791666665,54.35416667,16
-0.9374999999,54.35416667,16
-0.8958333332,54.35416667,16
-0.8541666665,54.35416667,16
-2.895833333,54.3125,61
-2.854166667,54.3125,61
-2.8125,54.3125,61
-2.770833333,54.3125,61
-2.729166667,54.3125,61
-2.6875,54.3125,61
-2.645833333,54.3125,61
-2.604166667,54.3125,61
-2.5625,54.3125,61
-2.520833333,54.3125,61
-2.479166667,54.3125,61
-2.4375,54.3125,61
-2.395833333,54.3125,61
-2.354166667,54.3125,61
-2.3125,54.3125,45
-2.270833333,54.3125,37
-2.229166667,54.3125,37
-2.1875,54.3125,37
-2.145833333,54.3125,37
-2.104166667,54.3125,37
-2.0625,54.3125,37
-2.020833333,54.3125,37
-1.979166667,54.3125,37
-1.9375,54.3125,37
-1.895833333,54.3125,37
-1.854166667,54.3125,37
-1.8125,54.3125,37
-1.770833333,54.3125,37
-1.729166667,54.3125,37
-1.6875,54.3125,37
-1.645833333,54.3125,51
-1.604166667,54.3125,67
-1.5625,54.3125,67
-1.520833333,54.3125,67
-1.479166667,54.3125,67
-1.4375,54.3125,67
-1.395833333,54.3125,67
-1.354166667,54.3125,67
-1.3125,54.3125,67
-1.270833333,54.3125,67
-1.229166667,54.3125,25
-1.1875,54.3125,16
-1.145833333,54.3125,16
-1.104166667,54.3125,18
-1.0625,54.3125,16
-1.020833333,54.3125,16
-0.9791666665,54.3125,16
-0.9374999999,54.3125,16
-0.8958333332,54.3125,16
-0.8541666665,54.3125,16
-2.895833333,54.27083333,61
-2.854166667,54.27083333,61
-2.8125,54.27083333,61
-2.770833333,54.27083333,61
-2.729166667,54.27083333,61
-2.6875,54.27083333,61
-2.645833333,54.27083333,61
-2.604166667,54.27083333,61
-2.5625,54.27083333,61
-2.520833333,54.27083333,61
-2.479166667,54.27083333,61
-2.4375,54.27083333,61
-2.395833333,54.27083333,61
-2.354166667,54.27083333,61
-2.3125,54.27083333,45
-2.270833333,54.27083333,37
-2.229166667,54.27083333,37
-2.1875,54.27083333,37
-2.145833333,54.27083333,37
-2.104166667,54.27083333,37
-2.0625,54.27083333,37
-2.020833333,54.27083333,37
-1.979166667,54.27083333,37
-1.9375,54.27083333,37
-1.895833333,54.27083333,37
-1.854166667,54.27083333,37
-1.8125,54.27083333,37
-1.770833333,54.27083333,37
-1.729166667,54.27083333,45
-1.6875,54.27083333,65
-1.645833333,54.27083333,67
-1.604166667,54.27083333,67
-1.5625,54.27083333,67
-1.520833333,54.27083333,67
-1.479166667,54.27083333,67
-1.4375,54.27083333,67
-1.395833333,54.27083333,67
-1.354166667,54.27083333,67
-1.3125,54.27083333,67
-1.270833333,54.27083333,67
-1.229166667,54.27083333,60
-1.1875,54.27083333,16
-1.145833333,54.27083333,16
-1.104166667,54.27083333,16
-1.0625,54.27083333,16
-1.020833333,54.27083333,16
-0.9791666665,54.27083333,16
-0.9374999999,54.27083333,16
-0.8958333332,54.27083333,16
-0.8541666665,54.27083333,16
-2.895833333,54.22916667,61
-2.854166667,54.22916667,61
-2.8125,54.22916667,61
-2.770833333,54.22916667,61
-2.729166667,54.22916667,61
-2.6875,54.22916667,61
-2.645833333,54.22916667,61
-2.604166667,54.22916667,61
-2.5625,54.22916667,61
-2.520833333,54.22916667,84
-2.479166667,54.22916667,120
-2.4375,54.22916667,56
-2.395833333,54.22916667,53
-2.354166667,54.22916667,50
-2.3125,54.22916667,49
-2.270833333,54.22916667,47
-2.229166667,54.22916667,48
-2.1875,54.22916667,45
-2.145833333,54.22916667,43
-2.104166667,54.22916667,42
-2.0625,54.22916667,38
-2.020833333,54.22916667,37
-1.979166667,54.22916667,37
-1.9375,54.22916667,37
-1.895833333,54.22916667,43
-1.854166667,54.22916667,72
-1.8125,54.22916667,103
-1.770833333,54.22916667,103
-1.729166667,54.22916667,117
-1.6875,54.22916667,119
-1.645833333,54.22916667,109
-1.604166667,54.22916667,67
-1.5625,54.22916667,67
-1.520833333,54.22916667,67
-1.479166667,54.22916667,72
-1.4375,54.22916667,70
-1.395833333,54.22916667,67
-1.354166667,54.22916667,67
-1.3125,54.22916667,67
-1.270833333,54.22916667,67
-1.229166667,54.22916667,65
-1.1875,54.22916667,27
-1.145833333,54.22916667,16
-1.104166667,54.22916667,16
-1.0625,54.22916667,16
-1.020833333,54.22916667,16
-0.9791666665,54.22916667,16
-0.9374999999,54.22916667,16
-0.8958333332,54.22916667,16
-0.8541666665,54.22916667,16
-2.895833333,54.1875,69
-2.854166667,54.1875,95
-2.8125,54.1875,143
-2.770833333,54.1875,146
-2.729166667,54.1875,87
-2.6875,54.1875,68
-2.645833333,54.1875,152
-2.604166667,54.1875,171
-2.5625,54.1875,183
-2.520833333,54.1875,187
-2.479166667,54.1875,75
-2.4375,54.1875,48
-2.395833333,54.1875,48
-2.354166667,54.1875,48
-2.3125,54.1875,48
-2.270833333,54.1875,48
-2.229166667,54.1875,48
-2.1875,54.1875,48
-2.145833333,54.1875,48
-2.104166667,54.1875,48
-2.0625,54.1875,46
-2.020833333,54.1875,40
-1.979166667,54.1875,78
-1.9375,54.1875,101
-1.895833333,54.1875,118
-1.854166667,54.1875,120
-1.8125,54.1875,120
-1.770833333,54.1875,120
-1.729166667,54.1875,120
-1.6875,54.1875,120
-1.645833333,54.1875,115
-1.604166667,54.1875,100
-1.5625,54.1875,105
-1.520833333,54.1875,107
-1.479166667,54.1875,119
-1.4375,54.1875,106
-1.395833333,54.1875,81
-1.354166667,54.1875,67
-1.3125,54.1875,67
-1.270833333,54.1875,67
-1.229166667,54.1875,67
-1.1875,54.1875,63
-1.145833333,54.1875,48
-1.104166667,54.1875,32
-1.0625,54.1875,16
-1.020833333,54.1875,16
-0.9791666665,54.1875,16
-0.9374999999,54.1875,16
-0.8958333332,54.1875,16
-0.8541666665,54.1875,16
-2.895833333,54.14583333,107
-2.854166667,54.14583333,220
-2.8125,54.14583333,220
-2.770833333,54.14583333,220
-2.729166667,54.14583333,218
-2.6875,54.14583333,211
-2.645833333,54.14583333,220
-2.604166667,54.14583333,220
-2.5625,54.14583333,163
-2.520833333,54.14583333,58
-2.479166667,54.14583333,48
-2.4375,54.14583333,48
-2.395833333,54.14583333,48
-2.354166667,54.14583333,48
-2.3125,54.14583333,48
-2.270833333,54.14583333,48
-2.229166667,54.14583333,48
-2.1875,54.14583333,48
-2.145833333,54.14583333,48
-2.104166667,54.14583333,48
-2.0625,54.14583333,48
-2.020833333,54.14583333,48
-1.979166667,54.14583333,66
-1.9375,54.14583333,116
-1.895833333,54.14583333,120
-1.854166667,54.14583333,120
-1.8125,54.14583333,120
-1.770833333,54.14583333,120
-1.729166667,54.14583333,120
-1.6875,54.14583333,120
-1.645833333,54.14583333,120
-1.604166667,54.14583333,120
-1.5625,54.14583333,120
-1.520833333,54.14583333,120
-1.479166667,54.14583333,120
-1.4375,54.14583333,120
-1.395833333,54.14583333,120
-1.354166667,54.14583333,108
-1.3125,54.14583333,67
-1.270833333,54.14583333,67
-1.229166667,54.14583333,67
-1.1875,54.14583333,67
-1.145833333,54.14583333,67
-1.104166667,54.14583333,66
-1.0625,54.14583333,49
-1.020833333,54.14583333,28
-0.9791666665,54.14583333,16
-0.9374999999,54.14583333,16
-0.8958333332,54.14583333,16
-0.8541666665,54.14583333,16
-2.895833333,54.10416667,88
-2.854166667,54.10416667,220
-2.8125,54.10416667,220
-2.770833333,54.10416667,220
-2.729166667,54.10416667,220
-2.6875,54.10416667,220
-2.645833333,54.10416667,220
-2.604166667,54.10416667,220
-2.5625,54.10416667,207
-2.520833333,54.10416667,110
-2.479166667,54.10416667,57
-2.4375,54.10416667,48
-2.395833333,54.10416667,48
-2.354166667,54.10416667,48
-2.3125,54.10416667,48
-2.270833333,54.10416667,48
-2.229166667,54.10416667,48
-2.1875,54.10416667,48
-2.145833333,54.10416667,48
-2.104166667,54.10416667,48
-2.0625,54.10416667,48
-2.020833333,54.10416667,48
-1.979166667,54.10416667,48
-1.9375,54.10416667,51
-1.895833333,54.10416667,71
-1.854166667,54.10416667,113
-1.8125,54.10416667,120
-1.770833333,54.10416667,120
-1.729166667,54.10416667,120
-1.6875,54.10416667,120
-1.645833333,54.10416667,120
-1.604166667,54.10416667,120
-1.5625,54.10416667,120
-1.520833333,54.10416667,120
-1.479166667,54.10416667,120
-1.4375,54.10416667,120
-1.395833333,54.10416667,120
-1.354166667,54.10416667,113
-1.3125,54.10416667,68
-1.270833333,54.10416667,67
-1.229166667,54.10416667,67
-1.1875,54.10416667,67
-1.145833333,54.10416667,67
-1.104166667,54.10416667,67
-1.0625,54.10416667,62
-1.020833333,54.10416667,30
-0.9791666665,54.10416667,16
-0.9374999999,54.10416667,16
-0.8958333332,54.10416667,16
-0.8541666665,54.10416667,16
-2.895833333,54.0625,208
-2.854166667,54.0625,220
-2.8125,54.0625,220
-2.770833333,54.0625,220
-2.729166667,54.0625,220
-2.6875,54.0625,220
-2.645833333,54.0625,220
-2.604166667,54.0625,220
-2.5625,54.0625,220
-2.520833333,54.0625,220
-2.479166667,54.0625,176
-2.4375,54.0625,48
-2.395833333,54.0625,51
-2.354166667,54.0625,49
-2.3125,54.0625,48
-2.270833333,54.0625,48
-2.229166667,54.0625,48
-2.1875,54.0625,48
-2.145833333,54.0625,48
-2.104166667,54.0625,48
-2.0625,54.0625,48
-2.020833333,54.0625,48
-1.979166667,54.0625,48
-1.9375,54.0625,48
-1.895833333,54.0625,48
-1.854166667,54.0625,85
-1.8125,54.0625,120
-1.770833333,54.0625,120
-1.729166667,54.0625,120
-1.6875,54.0625,120
-1.645833333,54.0625,120
-1.604166667,54.0625,120
-1.5625,54.0625,120
-1.520833333,54.0625,120
-1.479166667,54.0625,120
-1.4375,54.0625,120
-1.395833333,54.0625,120
-1.354166667,54.0625,120
-1.3125,54.0625,111
-1.270833333,54.0625,71
-1.229166667,54.0625,67
-1.1875,54.0625,67
-1.145833333,54.0625,67
-1.104166667,54.0625,114
-1.0625,54.0625,347
-1.020833333,54.0625,350
-0.9791666665,54.0625,52
-0.9374999999,54.0625,16
-0.8958333332,54.0625,16
-0.8541666665,54.0625,16
-2.895833333,54.02083333,220
-2.854166667,54.02083333,220
-2.8125,54.02083333,220
-2.770833333,54.02083333,220
-2.729166667,54.02083333,220
-2.6875,54.02083333,220
-2.645833333,54.02083333,220
-2.604166667,54.02083333,220
-2.5625,54.02083333,180
-2.520833333,54.02083333,152
-2.479166667,54.02083333,101
-2.4375,54.02083333,93
-2.395833333,54.02083333,94
-2.354166667,54.02083333,70
-2.3125,54.02083333,48
-2.270833333,54.02083333,48
-2.229166667,54.02083333,48
-2.1875,54.02083333,48
-2.145833333,54.02083333,48
-2.104166667,54.02083333,48
-2.0625,54.02083333,48
-2.020833333,54.02083333,48
-1.979166667,54.02083333,48
-1.9375,54.02083333,48
-1.895833333,54.02083333,48
-1.854166667,54.02083333,76
-1.8125,54.02083333,118
-1.770833333,54.02083333,120
-1.729166667,54.02083333,120
-1.6875,54.02083333,120
-1.645833333,54.02083333,120
-1.604166667,54.02083333,120
-1.5625,54.02083333,120
-1.520833333,54.02083333,120
-1.479166667,54.02083333,120
-1.4375,54.02083333,120
-1.395833333,54.02083333,120
-1.354166667,54.02083333,120
-1.3125,54.02083333,120
-1.270833333,54.02083333,114
-1.229166667,54.02083333,104
-1.1875,54.02083333,92
-1.145833333,54.02083333,497
-1.104166667,54.02083333,1167
-1.0625,54.02083333,1294
-1.020833333,54.02083333,1294
-0.9791666665,54.02083333,702
-0.9374999999,54.02083333,16
-0.8958333332,54.02083333,30
-0.8541666665,54.02083333,73
-2.895833333,53.97916667,224
-2.854166667,53.97916667,220
-2.8125,53.97916667,231
-2.770833333,53.97916667,236
-2.729166667,53.97916667,251
-2.6875,53.97916667,220
-2.645833333,53.97916667,220
-2.604166667,53.97916667,218
-2.5625,53.97916667,120
-2.520833333,53.97916667,94
-2.479166667,53.97916667,94
-2.4375,53.97916667,94
-2.395833333,53.97916667,94
-2.354166667,53.97916667,90
-2.3125,53.97916667,80
-2.270833333,53.97916667,68
-2.229166667,53.97916667,64
-2.1875,53.97916667,52
-2.145833333,53.97916667,48
-2.104166667,53.97916667,48
-2.0625,53.97916667,48
-2.020833333,53.97916667,48
-1.979166667,53.97916667,48
-1.9375,53.97916667,48
-1.895833333,53.97916667,77
-1.854166667,53.97916667,58
-1.8125,53.97916667,108
-1.770833333,53.97916667,120
-1.729166667,53.97916667,120
-1.6875,53.97916667,120
-1.645833333,53.97916667,120
-1.604166667,53.97916667,120
-1.5625,53.97916667,120
-1.520833333,53.97916667,120
-1.479166667,53.97916667,120
-1.4375,53.97916667,120
-1.395833333,53.97916667,120
-1.354166667,53.97916667,120
-1.3125,53.97916667,120
-1.270833333,53.97916667,120
-1.229166667,53.97916667,334
-1.1875,53.97916667,1050
-1.145833333,53.97916667,1137
-1.104166667,53.97916667,1294
-1.0625,53.97916667,1294
-1.020833333,53.97916667,1294
-0.9791666665,53.97916667,991
-0.9374999999,53.97916667,730
-0.8958333332,53.97916667,138
-0.8541666665,53.97916667,143
-2.895833333,53.9375,309
-2.854166667,53.9375,240
-2.8125,53.9375,284
-2.770833333,53.9375,325
-2.729166667,53.9375,324
-2.6875,53.9375,305
-2.645833333,53.9375,267
-2.604166667,53.9375,113
-2.5625,53.9375,94
-2.520833333,53.9375,94
-2.479166667,53.9375,94
-2.4375,53.9375,94
-2.395833333,53.9375,94
-2.354166667,53.9375,94
-2.3125,53.9375,94
-2.270833333,53.9375,94
-2.229166667,53.9375,310
-2.1875,53.9375,372
-2.145833333,53.9375,179
-2.104166667,53.9375,53
-2.0625,53.9375,48
-2.020833333,53.9375,48
-1.979166667,53.9375,268
-1.9375,53.9375,1135
-1.895833333,53.9375,1220
-1.854166667,53.9375,699
-1.8125,53.9375,688
-1.770833333,53.9375,335
-1.729166667,53.9375,144
-1.6875,53.9375,132
-1.645833333,53.9375,120
-1.604166667,53.9375,120
-1.5625,53.9375,120
-1.520833333,53.9375,120
-1.479166667,53.9375,120
-1.4375,53.9375,251
-1.395833333,53.9375,755
-1.354166667,53.9375,878
-1.3125,53.9375,527
-1.270833333,53.9375,116
-1.229166667,53.9375,130
-1.1875,53.9375,1093
-1.145833333,53.9375,1294
-1.104166667,53.9375,1294
-1.0625,53.9375,1294
-1.020833333,53.9375,1294
-0.9791666665,53.9375,1294
-0.9374999999,53.9375,1041
-0.8958333332,53.9375,143
-0.8541666665,53.9375,143
-2.895833333,53.89583333,326
-2.854166667,53.89583333,326
-2.8125,53.89583333,326
-2.770833333,53.89583333,326
-2.729166667,53.89583333,326
-2.6875,53.89583333,452
-2.645833333,53.89583333,527
-2.604166667,53.89583333,119
-2.5625,53.89583333,94
-2.520833333,53.89583333,94
-2.479166667,53.89583333,94
-2.4375,53.89583333,94
-2.395833333,53.89583333,94
-2.354166667,53.89583333,94
-2.3125,53.89583333,94
-2.270833333,53.89583333,125
-2.229166667,53.89583333,392
-2.1875,53.89583333,545
-2.145833333,53.89583333,545
-2.104166667,53.89583333,319
-2.0625,53.89583333,49
-2.020833333,53.89583333,48
-1.979166667,53.89583333,441
-1.9375,53.89583333,1239
-1.895833333,53.89583333,1274
-1.854166667,53.89583333,1274
-1.8125,53.89583333,1277
-1.770833333,53.89583333,1298
-1.729166667,53.89583333,1228
-1.6875,53.89583333,1261
-1.645833333,53.89583333,1095
-1.604166667,53.89583333,1005
-1.5625,53.89583333,1092
-1.520833333,53.89583333,1180
-1.479166667,53.89583333,1186
-1.4375,53.89583333,1221
-1.395833333,53.89583333,1345
-1.354166667,53.89583333,1345
-1.3125,53.89583333,675
-1.270833333,53.89583333,104
-1.229166667,53.89583333,98
-1.1875,53.89583333,142
-1.145833333,53.89583333,704
-1.104166667,53.89583333,1126
-1.0625,53.89583333,1174
-1.020833333,53.89583333,964
-0.9791666665,53.89583333,1153
-0.9374999999,53.89583333,624
-0.8958333332,53.89583333,143
-0.8541666665,53.89583333,143
-2.895833333,53.85416667,373
-2.854166667,53.85416667,333
-2.8125,53.85416667,329
-2.770833333,53.85416667,351
-2.729166667,53.85416667,532
-2.6875,53.85416667,882
-2.645833333,53.85416667,893
-2.604166667,53.85416667,199
-2.5625,53.85416667,94
-2.520833333,53.85416667,94
-2.479166667,53.85416667,94
-2.4375,53.85416667,94
-2.395833333,53.85416667,94
-2.354166667,53.85416667,94
-2.3125,53.85416667,340
-2.270833333,53.85416667,542
-2.229166667,53.85416667,545
-2.1875,53.85416667,545
-2.145833333,53.85416667,545
-2.104166667,53.85416667,542
-2.0625,53.85416667,383
-2.020833333,53.85416667,1009
-1.979166667,53.85416667,1187
-1.9375,53.85416667,1274
-1.895833333,53.85416667,1274
-1.854166667,53.85416667,1274
-1.8125,53.85416667,1274
-1.770833333,53.85416667,1283
-1.729166667,53.85416667,1291
-1.6875,53.85416667,1335
-1.645833333,53.85416667,1345
-1.604166667,53.85416667,1345
-1.5625,53.85416667,1345
-1.520833333,53.85416667,1345
-1.479166667,53.85416667,1345
-1.4375,53.85416667,1345
-1.395833333,53.85416667,1345
-1.354166667,53.85416667,1218
-1.3125,53.85416667,303
-1.270833333,53.85416667,98
-1.229166667,53.85416667,98
-1.1875,53.85416667,98
-1.145833333,53.85416667,98
-1.104166667,53.85416667,98
-1.0625,53.85416667,98
-1.020833333,53.85416667,98
-0.9791666665,53.85416667,98
-0.9374999999,53.85416667,128
-0.8958333332,53.85416667,143
-0.8541666665,53.85416667,143
-2.895833333,53.8125,405
-2.854166667,53.8125,400
-2.8125,53.8125,576
-2.770833333,53.8125,872
-2.729166667,53.8125,868
-2.6875,53.8125,912
-2.645833333,53.8125,912
-2.604166667,53.8125,364
-2.5625,53.8125,94
-2.520833333,53.8125,94
-2.479166667,53.8125,94
-2.4375,53.8125,227
-2.395833333,53.8125,483
-2.354166667,53.8125,194
-2.3125,53.8125,525
-2.270833333,53.8125,643
-2.229166667,53.8125,664
-2.1875,53.8125,698
-2.145833333,53.8125,692
-2.104166667,53.8125,545
-2.0625,53.8125,591
-2.020833333,53.8125,964
-1.979166667,53.8125,1229
-1.9375,53.8125,1274
-1.895833333,53.8125,1274
-1.854166667,53.8125,1274
-1.8125,53.8125,1274
-1.770833333,53.8125,1274
-1.729166667,53.8125,1274
-1.6875,53.8125,1341
-1.645833333,53.8125,1345
-1.604166667,53.8125,1345
-1.5625,53.8125,1345
-1.520833333,53.8125,1345
-1.479166667,53.8125,1345
-1.4375,53.8125,1345
-1.395833333,53.8125,1345
-1.354166667,53.8125,1345
-1.3125,53.8125,658
-1.270833333,53.8125,98
-1.229166667,53.8125,98
-1.1875,53.8125,98
-1.145833333,53.8125,98
-1.104166667,53.8125,98
-1.0625,53.8125,98
-1.020833333,53.8125,98
-0.9791666665,53.8125,98
-0.9374999999,53.8125,114
-0.8958333332,53.8125,143
-0.8541666665,53.8125,143
-2.895833333,53.77083333,405
-2.854166667,53.77083333,405
-2.8125,53.77083333,433
-2.770833333,53.77083333,886
-2.729166667,53.77083333,910
-2.6875,53.77083333,912
-2.645833333,53.77083333,908
-2.604166667,53.77083333,815
-2.5625,53.77083333,504
-2.520833333,53.77083333,381
-2.479166667,53.77083333,652
-2.4375,53.77083333,1072
-2.395833333,53.77083333,1140
-2.354166667,53.77083333,1133
-2.3125,53.77083333,807
-2.270833333,53.77083333,758
-2.229166667,53.77083333,761
-2.1875,53.77083333,763
-2.145833333,53.77083333,727
-2.104166667,53.77083333,514
-2.0625,53.77083333,514
-2.020833333,53.77083333,514
-1.979166667,53.77083333,580
-1.9375,53.77083333,612
-1.895833333,53.77083333,714
-1.854166667,53.77083333,1165
-1.8125,53.77083333,1080
-1.770833333,53.77083333,1274
-1.729166667,53.77083333,1240
-1.6875,53.77083333,1235
-1.645833333,53.77083333,1332
-1.604166667,53.77083333,1345
-1.5625,53.77083333,1345
-1.520833333,53.77083333,1345
-1.479166667,53.77083333,1345
-1.4375,53.77083333,1345
-1.395833333,53.77083333,1345
-1.354166667,53.77083333,1345
-1.3125,53.77083333,978
-1.270833333,53.77083333,101
-1.229166667,53.77083333,98
-1.1875,53.77083333,98
-1.145833333,53.77083333,98
-1.104166667,53.77083333,98
-1.0625,53.77083333,98
-1.020833333,53.77083333,98
-0.9791666665,53.77083333,99
-0.9374999999,53.77083333,119
-0.8958333332,53.77083333,143
-0.8541666665,53.77083333,143
