-1.7404918,52.7318033
-1.6866921,52.7070862
-1.8307573,52.692938
-1.8331971,52.6710236
-1.8347846,52.6374971
-1.8240032,52.6968578
-1.8809172,52.6483101
-1.8039998,52.6873114
-1.8903546,52.6350059
-1.7289433,52.62015
-1.7975612,52.6707621
-1.8270916,52.6838538
-1.8966125,52.6323406
-1.8441547,52.6749354
-1.7318484,52.7278638
-1.7491571,52.7305539
-1.7627399,52.6731061
-1.8888768,52.6025426
-1.7073618,52.6157725
-1.8755,52.7418357
-1.7342222,52.617706
-1.815893,52.6904757
-1.745287,52.7332942
-1.8130841,52.680964
-1.8583798,52.5970673
-1.8189106,52.6807224
-1.7755003,52.595585
-1.8582627,52.6564795
-1.8054233,52.680147
-1.8755247,52.587851
-1.8521966,52.6499676
-1.7222933,52.6175256
-1.8317195,52.6849727
-1.8292544,52.6942236
-1.841042,52.6401411
-1.7700025,52.7115392
-1.7906453,52.6913267
-1.8285326,52.6824706
-1.8922662,52.7315902
-1.7446588,52.6701522
-1.762549,52.7198105
-1.8134857,52.6726311
-1.8319098,52.6756566
-1.8938607,52.6332668
-1.8390625,52.6909186
-1.8662936,52.595698
-1.8348719,52.6906945
-1.880664,52.749519
-1.9026283,52.6279872
-1.8532991,52.6024591
-1.7927325,52.6323117
-1.8212767,52.6706942
-1.7949983,52.6008968
-1.7633165,52.6716667
-1.89285,52.621676
-1.749331,52.7331046
-1.7933233,52.7237922
-1.7994602,52.6843905
-1.8274664,52.6889694
-1.8667493,52.7425595
-1.8505969,52.6570519
-1.8321274,52.6817235
-1.8209566,52.748842
-1.8260837,52.678381
-1.8446592,52.6354053
