-1.5458366,54.7836896
-1.5504406,54.7796239
-1.5589148,54.778908
-1.5704734,54.7752616
-1.5687814,54.7698368
-1.5853178,54.77538
-1.5979304,54.7777148
-1.5320513,54.7826232
-1.5666429,54.7711503
-1.5413353,54.7875497
-1.5403585,54.7801715
-1.592665,54.7923307
-1.5794971,54.7766663
-1.5931434,54.7667218
-1.5396826,54.7753943
-1.5992654,54.7901993
-1.6380309,54.7540557
-1.5728036,54.7700008
-1.5071143,54.7784204
-1.5852292,54.7778447
-1.590341,54.7942875
-1.5683226,54.7584226
-1.5235764,54.7821121
-1.5754554,54.777045
-1.5210218,54.7884065
-1.5297544,54.7860792
-1.5684171,54.7997718
-1.6301235,54.7516306
-1.5666636,54.8035778
-1.580708,54.8070477
-1.5766542,54.7765265
-1.5251206,54.7865586
-1.5686324,54.7817641
-1.5788246,54.7685687
-1.5931939,54.7885308
-1.5747023,54.7747285
-1.5754122,54.7746491
-1.5861905,54.7839597
-1.5783148,54.7634292
-1.579618,54.7760159
-1.5057828,54.7749515
-1.5724543,54.7783324
-1.5850384,54.7854884
-1.5882575,54.7562577
-1.5899996,54.782452
-1.5916057,54.8018536
-1.5397705,54.779586
-1.5909992,54.7728155
-1.6421691,54.75063
-1.6138488,54.7590959
-1.5389527,54.7515264
-1.5484872,54.7599645
-1.581675,54.7793225
-1.5887023,54.8032195
-1.6305978,54.7826542
-1.5944391,54.7640278
-1.5675725,54.7793499
-1.5867362,54.7806481
-1.6242184,54.7554477
-1.5432513,54.7548936
-1.6244404,54.7819131
-1.5700169,54.768057
-1.5234312,54.7679099
-1.5667069,54.7967386
-1.5956053,54.7714376
-1.6383726,54.7473427
-1.5530248,54.7818331
-1.543586,54.7809939
-1.5363349,54.7558853
-1.6320598,54.7497888
-1.592142,54.7646506
-1.5547332,54.7839098
-1.5211917,54.7922699
-1.5803884,54.7735142
-1.5264291,54.7900436
-1.571153,54.7734594
-1.5564475,54.7810703
-1.5704261,54.7752492
-1.5763267,54.7959599
-1.644572,54.7452255
-1.5343438,54.792908
-1.5754303,54.7723173
-1.5834669,54.7951107
-1.5959336,54.7862038
-1.5803501,54.8059185
-1.6220551,54.7704687
-1.5875042,54.7749657
