-0.11562,50.816
-0.14179,50.836
-0.15239,50.863
-0.13152,50.859
-0.15116,50.823
-0.13293,50.821
-0.14575,50.864
-0.14625,50.824
-0.15178,50.846
-0.15372,50.845
-0.13802,50.82
-0.13011,50.832
-0.13491,50.843
-0.13891,50.832
-0.13346,50.837
-0.14406,50.829
-0.12223,50.818
-0.13596,50.826
-0.13813,50.821
-0.14092,50.866
-0.13461,50.859
-0.14033,50.837
-0.14264,50.836
-0.11897,50.817
-0.13249,50.869
-0.13952,50.834
-0.14161,50.822
-0.14382,50.867
-0.14136,50.842
-0.14119,50.829
-0.13029,50.82
-0.14124,50.829
-0.13007,50.822
-0.15538,50.844
-0.1499,50.837
-0.13673,50.842
-0.1567,50.857
-0.13125,50.833
-0.15873,50.842
-0.15473,50.825
-0.13977,50.821
-0.14626,50.824
-0.1393,50.84
-0.15029,50.822
-0.15088,50.825
-0.1361,50.838
-0.13468,50.82
-0.14162,50.823
-0.13558,50.825
-0.16971,50.858
-0.16032,50.847
-0.15462,50.838
-0.12968,50.819
-0.14806,50.825
-0.1448,50.833
-0.14693,50.821
-0.11232,50.817
-0.13882,50.86
-0.15151,50.843
-0.15297,50.825
-0.13482,50.833
-0.1703,50.855
-0.11115,50.817
-0.10907,50.815
-0.12557,50.86
-0.14369,50.844
-0.15178,50.826
-0.13687,50.828
-0.14728,50.838
-0.13667,50.832
-0.16892,50.857
-0.14977,50.833
-0.16093,50.854
-0.15365,50.822
-0.13539,50.867
-0.14725,50.83
-0.13898,50.824
-0.13894,50.832
-0.14629,50.844
-0.16448,50.851
