-1.5141311,52.4022053
-1.5019736,52.3809544
-1.5159195,52.4052379
-1.5294695,52.405358
-1.5306665,52.3809102
-1.4428946,52.4238091
-1.5499515,52.3712262
-1.4862446,52.3902681
-1.4373968,52.4049574
-1.5270308,52.401223
-1.5290571,52.3877355
-1.5139833,52.4092932
-1.5910771,52.3929081
-1.5314112,52.3848696
-1.5231619,52.4394915
-1.4612662,52.4103942
-1.4841711,52.4105586
-1.5348534,52.3971483
-1.4350703,52.429088
-1.5849919,52.4006958
-1.514473,52.3847639
-1.5002579,52.4067778
-1.4466672,52.4298306
-1.5146729,52.4088096
-1.4374551,52.4211179
-1.525992,52.4458614
-1.4709356,52.3834266
-1.5124269,52.4128596
-1.5468771,52.4485568
-1.5397564,52.4081222
-1.5602605,52.379597
-1.4576492,52.4306557
-1.5517062,52.4060181
-1.5167968,52.3788972
-1.5852819,52.4127467
-1.5455902,52.4192632
-1.5253239,52.3805759
-1.5062668,52.4482009
-1.5089305,52.3890038
-1.5123901,52.405869
-1.4978167,52.3849932
-1.5479458,52.4141686
-1.5190819,52.3840261
-1.5295319,52.4035016
-1.563009,52.4038786
-1.4422762,52.4332294
-1.5344079,52.4037932
-1.5080981,52.4101739
-1.5387026,52.396836
-1.5077304,52.3795594
-1.5610473,52.4072924
-1.5296866,52.3962319
-1.5195186,52.3753939
-1.5224191,52.3987548
-1.4977911,52.4158504
-1.453776,52.415268
-1.5143758,52.4045494
-1.5045307,52.4325892
-1.5044166,52.3837819
-1.5005169,52.4036603
-1.4801556,52.3886935
-1.5156199,52.4207466
-1.5334444,52.3983415
-1.5495334,52.4040154
-1.572978,52.3885551
-1.4804426,52.4331156
-1.5032484,52.397365
-1.4396176,52.4241685
-1.5137561,52.4088885
-1.5182127,52.4021953
-1.5778185,52.3978526
-1.5109472,52.3749377
-1.5727919,52.3929865
-1.5139742,52.4093028
-1.5342075,52.4150096
-1.5951832,52.4004161
-1.5555497,52.3880298
-1.499331,52.3935766
-1.4700216,52.4507656
-1.5159698,52.3917545
-1.5792658,52.3935315
-1.4976543,52.4197937
-1.4882116,52.4287398
-1.5364472,52.3804161
-1.483552,52.4202895
-1.5044408,52.3942814
-1.5268105,52.3967057
-1.531842,52.4419483
-1.5028274,52.3904785
-1.5303358,52.3996196
-1.5643977,52.433776
-1.4505011,52.4382837
-1.4582178,52.4138431
-1.463611,52.4383162
-1.441614,52.42689
-1.5261259,52.4081818
-1.5142391,52.3956633
-1.4639848,52.3886225
-1.5363668,52.399268
