1.2993103,52.6147448
1.2583171,52.6063031
1.2792823,52.6534809
1.2860238,52.6293456
1.3188663,52.6266789
1.2621833,52.6219469
1.3110892,52.6289783
1.2851241,52.6495043
1.266037,52.6356938
1.3042456,52.6189659
1.3066998,52.6325414
1.2975964,52.629782
1.2474525,52.6406689
1.2915796,52.6238861
1.2690597,52.6128974
1.2935587,52.6415658
1.3063869,52.6366065
1.251495,52.6076815
1.2379293,52.6287733
1.3003215,52.6264414
1.2408178,52.6390946
1.2624104,52.6051366
1.2929937,52.6453071
1.249243,52.6246767
1.3083328,52.6240394
1.3015151,52.6103068
1.2471209,52.6380374
1.3095886,52.6368341
1.2891813,52.664602
1.2783072,52.6067586
1.2538608,52.6315416
1.2996268,52.6482348
1.3103584,52.6514212
1.2719012,52.6157747
1.2788402,52.6307312
1.2934406,52.6289212
1.2466514,52.6316691
1.2709218,52.6262247
1.2915582,52.6238916
1.2803847,52.6383624
1.2638985,52.6134237
1.2669949,52.6509328
1.2771231,52.6694744
1.2599232,52.6249897
1.2758383,52.622895
1.3025638,52.6227029
1.2913361,52.6172837
1.2816924,52.6328237
1.3112977,52.627009
1.2996054,52.6524054
1.2969446,52.6455757
1.307078,52.6197768
1.2836066,52.6087834
1.2604633,52.6296014
1.2201526,52.6305421
1.2691972,52.6220451
1.2876159,52.6398452
1.2611103,52.6198612
1.2980558,52.6238192
1.323072,52.6271332
1.2965637,52.6359485
1.2512013,52.6164906
1.3064198,52.6268424
1.3080275,52.630316
1.2359002,52.6365911
1.2881765,52.6226068
1.2160475,52.6426538
1.2596006,52.6348389
1.2606691,52.6091006
1.3405734,52.6447247
1.2766027,52.6170655
1.2901908,52.6709529
1.3028187,52.6396254
1.3286939,52.6312686
1.2911144,52.627123
1.3337445,52.6477647
1.3015321,52.6363326
1.3359869,52.642635
1.2806107,52.6493211
1.2819511,52.6665742
1.2815085,52.6116245
1.2962848,52.6403155
1.2957979,52.6050847
1.2778312,52.6402689
1.2543072,52.6063503
1.2729254,52.6522931
1.2989938,52.63155
1.3035911,52.6287596
1.2550996,52.6158419
1.2945494,52.6141406
1.2778473,52.6559606
1.3161895,52.6336011
1.2922087,52.6281425
1.2950134,52.6280172
1.2460618,52.6418596
1.3084915,52.641001
1.3223022,52.6398877
1.2896463,52.6692142
1.2918806,52.6377976
1.2921086,52.6344867
1.3311616,52.6447638
1.2915078,52.6211593
1.2867764,52.6314493
1.247668,52.6295008
1.2908426,52.6479549
1.2928221,52.6542392
1.2975723,52.629795
1.2502903,52.6119887
1.2843523,52.6325576
1.2955016,52.6250133
1.309661,52.6268808
1.2829934,52.6249263
1.2970948,52.6170525
1.277976,52.6249922
1.2698597,52.6520572
1.3126715,52.6317116
1.2613263,52.6159926
1.2904993,52.6592895
1.2816641,52.6192052
1.2957188,52.6268564
1.28153,52.6318121
1.2752751,52.6304609
1.2839493,52.6162398
1.3023037,52.6242465
1.2704652,52.6297528
1.2564064,52.6220131
1.3282406,52.6388997
1.2899986,52.6098138
1.2700555,52.6201578
1.3239491,52.6333848
1.2511605,52.6218367
1.2850544,52.6597613
1.2330965,52.6337187
1.292814,52.6306269
1.2267995,52.6398779
1.2932298,52.6271334
1.2412488,52.621262
1.2160203,52.6426548
1.2876213,52.6331763
1.2523019,52.6091639
1.2623763,52.6478735
1.2768876,52.6453072
1.2383576,52.6420639
1.3058281,52.648117
1.2953889,52.6118687
1.3265503,52.6366443
1.2877044,52.6526448
1.2867039,52.6643343
1.3206661,52.6253797
1.2649653,52.6156975
1.2653401,52.6281117
1.2900335,52.6291619
1.2802239,52.6023841
1.2168261,52.6373959
1.3143951,52.6240495
1.2122445,52.6403766
1.3095376,52.6336174
1.3011235,52.6175491
1.272397,52.6346706
1.2944636,52.6329305
1.2858644,52.6255392
1.2846601,52.6037918
1.2932854,52.6255722
1.2689021,52.6288901
1.2674439,52.6180188
1.2491322,52.6287574
1.2762562,52.6099139
1.2810954,52.6272992
1.241023,52.6319942
1.2816575,52.6328302
1.2948686,52.627156
1.2848656,52.6446231
1.2997717,52.6208613
1.2951234,52.638613
1.2551263,52.6111436
1.3011476,52.6448647
1.301723,52.6311077
1.2963304,52.6296048
