-0.2446085,52.5748653
-0.2880056,52.5726461
-0.1161349,52.59128
-0.2407268,52.5780743
-0.2726797,52.5382861
-0.2834991,52.6017462
-0.2749093,52.626981
-0.4092756,52.6342488
-0.2072545,52.5939047
-0.2121914,52.5889064
-0.2860985,52.61889
-0.1836749,52.610245
-0.1892183,52.6092044
-0.2444263,52.5622284
-0.2364438,52.5904188
-0.2761554,52.550847
-0.2419539,52.5693637
-0.2948896,52.5501385
-0.2062328,52.5501608
-0.271255,52.6063172
-0.2417154,52.601501
-0.3847922,52.641363
-0.3414593,52.5715818
-0.2181233,52.5981656
-0.2710313,52.5467091
-0.1849578,52.6062662
-0.2582024,52.6128045
-0.2767374,52.6136619
-0.2611818,52.5644807
-0.3217797,52.5519009
-0.3095459,52.5446291
-0.249378,52.574322
-0.2704489,52.6124519
-0.3134697,52.5582933
-0.2624394,52.6180311
-0.2752133,52.532627
-0.2696391,52.6206681
-0.3022369,52.540585
-0.2121203,52.5956351
-0.3053278,52.5520292
-0.2591649,52.6057671
-0.3150066,52.5553223
-0.2814004,52.615639
-0.2451948,52.6105548
-0.2420733,52.6064208
-0.3066677,52.562475
-0.3093018,52.5413072
-0.2420344,52.5631873
-0.2676254,52.5405393
-0.1865902,52.615778
-0.236051,52.573879
-0.2777521,52.5543622
-0.2052446,52.5964592
-0.2496192,52.6121224
-0.2639901,52.5530957
-0.3118909,52.5543412
-0.2294617,52.5750068
-0.2286267,52.5488801
-0.2255086,52.5934928
