-1.0522154,50.8481417
-1.0849693,50.8218146
-1.0648163,50.8181031
-1.0784867,50.7902676
-1.0671181,50.8331699
-1.1044674,50.7967729
-1.0824159,50.851346
-1.0496408,50.8466953
-1.0531132,50.8215112
-1.0422907,50.8516917
-1.0525275,50.8248916
-1.0926709,50.7969173
-1.0685052,50.7894462
-1.0605778,50.7831608
-1.0950115,50.8427155
-1.0823705,50.8052671
-1.0675132,50.8434994
-1.0698844,50.8450994
-1.0244093,50.8479812
-1.0734421,50.8035487
-1.0888478,50.7992485
-1.0662282,50.8276512
-1.0803746,50.815991
-1.080376,50.8160054
-1.049348,50.8429745
-1.0668884,50.8508552
-1.0806628,50.8235772
-1.0818047,50.8027733
-1.0827444,50.8076876
-1.0642145,50.7943825
-1.0734569,50.8060628
-1.081705,50.7967343
-1.1177664,50.8470742
-1.0703857,50.7927368
-1.0771346,50.8007046
-1.0752546,50.8156389
-1.0715666,50.8138617
-1.0447253,50.836484
-1.0878444,50.8011577
-1.0368221,50.8452995
-1.0848488,50.8478592
-1.0793716,50.830301
-1.0644964,50.8150056
-1.0444485,50.8440724
-1.0519221,50.8043059
-1.0446838,50.836484
-1.1053203,50.789568
-1.0732329,50.8169332
-1.0958261,50.7935106
-1.0652428,50.8221606
-1.0945086,50.7867883
-1.0849972,50.7868137
-1.0528633,50.7937445
-1.1029825,50.7998454
-1.0570947,50.8224371
-1.0848808,50.8159964
-1.0597773,50.7866637
-1.048526,50.7915571
-1.0907861,50.7869367
-1.0593729,50.839185
-1.0694193,50.8257208
-1.0562005,50.8062399
-1.0551129,50.8463822
-1.0887854,50.7833166
-1.0763218,50.8211573
-1.1039416,50.8470662
-1.0303886,50.8446396
-1.0552779,50.7904327
-1.0351918,50.8474828
-1.0613906,50.8025539
-1.0607981,50.8231362
-1.0614293,50.8484154
-1.079644,50.7807886
-1.0596176,50.8128528
-1.076578,50.8457785
-1.0274154,50.8498655
-1.0903334,50.7888468
-1.0686237,50.8190996
-1.088426,50.7854813
-1.0476334,50.8268839
-1.0675092,50.8435223
-1.1019576,50.7911417
-1.1082949,50.7912958
-1.0743923,50.8119101
-1.0783808,50.8191175
-1.0651159,50.8097306
-1.0710251,50.8285395
-1.0721523,50.7952875
-1.082329,50.789429
-1.1004357,50.785937
-1.0475142,50.8504914
-1.0757108,50.783359
-1.0633716,50.786913
-1.0553164,50.8083592
-1.0583983,50.8519945
-1.0947701,50.7951428
-1.0748418,50.8224708
-1.0746855,50.8298997
-1.0817946,50.7832869
-1.0808173,50.8132146
-1.0596485,50.7888377
-1.0393605,50.7890421
-1.065454,50.7927539
-1.0997308,50.8448848
-1.0861377,50.8493893
-1.0438023,50.7877322
-1.0795092,50.7938633
-1.0581609,50.7923179
-1.0762658,50.7865398
-1.0832909,50.7811188
-1.0634305,50.784361
-1.0958581,50.7921257
-1.0475247,50.8534362
-1.0810648,50.8202246
-1.0563182,50.7980988
-1.044479,50.8004713
-1.0824645,50.799822
-1.0915787,50.792237
-1.0716854,50.7896394
-1.103506,50.794187
-1.0570102,50.8430283
-1.0843088,50.7939466
-1.0870124,50.7926012
-1.0970932,50.8406346
-1.0627383,50.8168711
-1.0438139,50.8148073
-1.0621935,50.8430759
-1.0704939,50.8158097
-1.0853964,50.8451496
-1.0967722,50.7888797
-1.0694826,50.8114974
-1.0714409,50.8334165
-1.0737468,50.7891977
-1.0975137,50.7997526
-1.0552026,50.8020446
-1.0522629,50.8276234
-1.0314456,50.8474001
-1.0891832,50.8513003
-1.0760805,50.781281
-1.076522,50.79649
-1.0958574,50.7921238
-1.0639774,50.7905553
-1.0490354,50.8397102
-1.0753915,50.8083017
-1.0860091,50.783526
-1.0877533,50.8024596
-1.0735224,50.8514212
-1.0586509,50.8084858
-1.0730597,50.8249284
-1.076346,50.8136963
-1.067501,50.8218194
-1.0597199,50.8464075
-1.0938473,50.8020575
-1.0834582,50.7851986
-1.0726011,50.8213464
-1.0605435,50.8509363
-1.0861178,50.8093198
-1.0770009,50.7984523
-1.0630243,50.79829
-1.1057825,50.7964664
-1.0477777,50.7939703
-1.0693717,50.7824191
-1.0806914,50.7792251
-1.0863343,50.7859311
-1.0876857,50.8119716
-1.0710437,50.7991074
-1.0848566,50.7813486
-1.0648993,50.8022873
-1.0589346,50.7960864
-1.0850342,50.7965246
-1.0767974,50.8264739
-1.090213,50.7944642
-1.0723348,50.783565
-1.0932724,50.7853509
-1.083256,50.7913573
-1.1073258,50.7976012
-1.0844395,50.8193576
-1.0888423,50.7992705
-1.0665034,50.8462024
-1.0790394,50.8177407
-1.0656733,50.8301916
-1.0528625,50.7876176
-1.0774621,50.8090484
-1.0737195,50.7820857
-1.0888397,50.7992875
-1.0782639,50.798726
-1.0726126,50.8201995
-1.095836,50.792078
-1.1018249,50.8520476
-1.0762047,50.7914109
-1.0405928,50.8465595
-1.0437407,50.8494116
-1.0567901,50.785058
-1.0917359,50.7836782
-1.0510382,50.798981
-1.0770305,50.7793106
-1.0676488,50.8386028
-1.0641218,50.8397721
-1.0622697,50.8311291
-1.0632041,50.8065314
-1.0665034,50.8461906
-1.0855356,50.7896308
-1.0884193,50.7854932
-1.1107101,50.8472355
-1.0774624,50.8492654
