-1.2414171,50.878987
-1.1019528,50.9059286
-1.0745241,51.0113633
-1.1877171,51.1254067
-1.3106607,51.0615871
-1.3152657,51.0626277
-1.2532803,50.9403464
-1.2640659,50.9429302
-1.3183662,51.0602817
-1.3263768,51.0683046
-1.1786028,51.0308741
-1.148947,50.921204
-1.2488311,50.9772488
-1.1609556,51.0471888
-1.3425611,51.0791065
-1.2318382,50.9819597
-1.3215187,51.0605881
-1.3217466,50.9977444
-1.3364337,51.0853577
-1.1886333,50.9235879
-1.2084343,50.9544463
-1.3385076,51.0804425
-1.320558,51.0545316
-1.3482578,51.0038568
-1.2646393,50.926779
-1.3117821,51.062665
-1.1942227,50.9057211
-1.3455838,51.0742953
-1.1652858,51.090754
-1.1285914,50.9066944
-1.3760606,51.0605077
-1.1875223,50.8996507
-1.1112897,50.9103186
-1.3196687,51.0674021
-1.1408078,51.0847823
-1.2897953,51.0233543
-1.1378845,50.961988
-1.0813682,50.9312118
-1.3126754,51.023137
-1.1857461,51.1018983
-1.1072541,51.0982718
-1.1158103,50.9787336
-1.1068712,51.0598219
-1.342483,51.0493821
-1.3333343,51.061622
-1.318916,51.0588108
-1.3904561,51.0251546
-1.3020898,51.0643515
-1.0776159,50.9072385
-1.2778803,51.0524112
-1.1604787,51.0295522
-1.2646563,51.0932742
-1.1880571,50.8997864
-1.2511491,50.9030757
-1.2130072,50.9537359
-1.2983178,51.0680897
-1.3526916,51.0748262
-1.2679308,51.0860721
-1.1985644,50.916911
-1.2772523,51.1102938
-1.1596802,51.0874653
-1.3036986,51.0867477
-1.3366037,51.0735754
-1.337904,51.0223553
-1.274454,50.9478515
-1.2500386,50.9567268
-1.2330394,50.9607648
-1.3423436,51.0688082
-1.3192372,51.0533464
-1.343036,51.00993
-1.2239204,50.9561188
-1.3377455,51.0565568
-1.2499752,50.8819749
-1.3162239,51.0171273
-1.2185682,50.9541
-1.1418828,50.8997484
-1.0915931,51.0144585
-1.2227932,50.9459431
-1.2085898,50.9655286
-1.3542192,50.9985885
-1.3130223,51.0761234
-1.3384896,51.058282
-1.3347632,51.0540704
-1.3123404,51.0670352
-1.3068179,51.0622819
-1.0789188,50.9122468
-1.2590118,50.9161839
-1.1155826,51.077485
-1.1455217,50.8888611
-1.3047816,51.0560199
-1.2022853,50.8817555
-1.2065328,51.0280092
-1.3165815,51.000305
-1.1344755,51.0833867
-1.1610036,50.8949231
-1.1674004,50.9607015
-1.4445976,51.04164
-1.1726244,51.0821059
-1.3428987,51.0555908
-1.2070016,50.9146491
-1.3140313,51.0726353
-1.3303776,51.049909
-1.3163308,51.066282
-1.3178595,51.0632452
-1.2331013,50.9276673
-1.2473151,50.8772726
-1.3139722,51.0700542
-1.3265743,51.0655603
-1.2608729,51.1300964
-1.3274322,50.9927859
-1.1969732,51.0879844
-1.3908609,51.0394315
-1.0662375,50.9011669
-1.3263579,51.120217
-1.2112336,50.8743626
-1.36654,51.01566
-1.2117084,51.126941
-1.2956718,51.0596384
-1.2036595,50.9384128
-1.2548875,51.0617664
-1.2130118,50.953729
-1.1976972,50.9540981
-1.2011905,51.0808621
-1.1622564,51.1030731
-1.2622722,50.935281
-1.1895081,51.0172785
-1.1405182,51.0495339
-1.3268413,51.0221385
-1.1331248,50.9377466
-1.2990317,51.0577323
-1.2150198,50.9180068
-1.3068827,51.0584333
-1.3231508,51.0631745
-1.1807582,50.8889316
-1.1286549,50.9634851
-1.3251445,51.0782465
-1.1906832,51.1332721
-1.3151802,51.0677583
-1.2980282,51.0606763
-1.3340059,50.9911005
-1.2185786,50.9568797
-1.2676546,51.1503092
-1.2012818,50.9264981
-1.1401715,50.9515964
-1.3180008,51.0096879
-1.3142704,51.0596935
-1.2955482,50.9966404
-1.3042162,51.0573289
-1.2527147,50.9144917
-1.2720108,51.0863844
-1.324849,51.0511596
-1.3115338,50.9948033
-1.118333,50.8737668
-1.2814228,50.9459763
-1.1429895,50.8936292
-1.3344205,51.1526106
-1.1552204,50.9792242
-1.1112864,51.0042287
-1.3349696,51.0501503
-1.3183684,50.9912033
-1.3914147,51.0140952
-1.3520593,51.043807
-1.2473199,50.8772796
-1.1274551,50.9775698
-1.1241809,51.10542
-1.168106,50.9150582
-1.1335472,50.9156084
-1.3180177,51.0749856
-1.1319526,50.9461247
-1.3471858,51.0700447
-1.1268954,51.0839778
-1.2163281,50.9704814
-1.1845576,50.9457524
-1.124293,51.0492232
-1.088432,50.9077582
-1.1847,50.8975424
-1.3150776,51.0186466
-1.3232196,51.0485474
-1.0652563,50.8970352
-1.1763938,50.9381839
-1.2483814,51.0059542
-1.2969815,51.0621713
-1.3408062,51.0462382
-1.1803664,50.9439107
-1.3336561,51.0824697
-1.1878723,50.9494901
-1.2414879,51.0864188
-1.0871254,51.0123528
-1.3289782,51.0551854
-1.3430974,51.0084135
-1.3228735,51.0552284
-1.3038028,51.0626351
-1.0798771,51.0398473
-1.3313791,51.1575125
-1.209312,50.8954371
-1.2977841,51.0649789
-1.131136,50.9795519
-1.2404678,50.9292477
-1.2083807,50.9592271
-1.3258713,51.0595704
-1.1963758,50.9719108
-1.3575024,51.0496669
-1.3277773,51.0622894
-1.338363,51.0302153
-1.3215602,50.9962812
-1.1296678,50.9548384
-1.1621041,51.0797369
-1.1391067,50.9610138
-1.2734777,50.9904427
-1.3157718,51.0647824
-1.1431193,50.9559284
-1.186576,51.0702081
-1.14927,51.0475329
-1.3425344,51.0522197
-1.2052057,50.9479383
-1.2550226,50.9722919
-1.1288003,50.9836855
-1.3486209,51.0861829
-1.0880453,50.927959
-1.3041054,51.0654873
-1.174076,50.95379
-1.178809,50.9624055
-1.3252473,51.0449084
-1.306062,51.0551441
-1.2344964,50.9184507
-1.3098125,51.0649461
-1.1563784,50.9004568
-1.347483,51.0479421
-1.240746,50.872352
-1.3168416,50.9951272
-1.311755,51.058199
-1.0754086,51.0298487
-1.2578223,51.012905
-1.2672129,51.0085059
