-0.090177,51.553
-0.20128,51.357
0.026656,51.586
0.0482,51.454
-0.23523,51.514
-0.15603,51.369
-0.06405,51.57
0.084892,51.49
-0.36523,51.496
-0.12835,51.511
0.028673,51.581
-0.17394,51.535
-0.14403,51.449
0.032308,51.592
0.12249,51.433
0.10898,51.374
-0.27452,51.543
-0.11408,51.611
0.068385,51.386
0.089291,51.484
-0.097461,51.444
-0.11763,51.544
-0.17524,51.385
-0.11737,51.499
0.029149,51.62
-0.25515,51.589
-0.21898,51.534
-0.19307,51.498
-0.10137,51.469
0.03873,51.487
-0.18813,51.499
-0.36429,51.425
0.055375,51.402
-0.16335,51.475
-0.15055,51.645
-0.093279,51.492
-0.11976,51.439
-0.36684,51.439
-0.059899,51.598
-0.09955,51.581
-0.20312,51.429
-0.11279,51.505
-0.21884,51.399
-0.13181,51.616
-0.14443,51.511
0.022663,51.469
0.10799,51.477
-0.27245,51.493
0.079896,51.459
0.099816,51.561
-0.083804,51.482
-0.089985,51.471
0.021154,51.43
0.10107,51.387
-0.025779,51.375
-0.1995,51.492
-0.19695,51.382
-0.28284,51.587
-0.23779,51.459
-0.24301,51.458
0.0084444,51.446
-0.22254,51.462
-0.015894,51.447
-0.37121,51.416
0.14181,51.491
-0.017628,51.528
0.20695,51.587
-0.17119,51.47
-0.27571,51.492
-0.19923,51.481
-0.19469,51.497
-0.0067858,51.478
-0.071089,51.459
-0.20365,51.457
-0.037178,51.478
-0.15939,51.383
-0.091076,51.639
-0.10471,51.485
-0.39241,51.562
-0.075976,51.643
0.015231,51.461
-0.18254,51.494
-0.078819,51.406
-0.141,51.586
0.11588,51.397
-0.080319,51.402
-0.20574,51.344
-0.17497,51.458
-0.033687,51.535
0.050623,51.486
-0.10426,51.389
-0.21952,51.43
-0.026779,51.593
-0.25029,51.616
-0.11804,51.561
-0.17266,51.617
-0.16508,51.508
-0.19407,51.424
-0.008748,51.502
0.0021593,51.568
-0.18951,51.539
-0.16461,51.55
-0.10335,51.533
-0.32075,51.55
-0.35909,51.43
-0.065835,51.477
-0.23697,51.53
-0.078551,51.641
-0.20254,51.541
-0.28267,51.41
-0.17617,51.647
-0.044185,51.543
-0.10596,51.531
-0.27755,51.491
-0.0030868,51.399
-0.25654,51.499
-0.23988,51.594
-0.18136,51.63
-0.27584,51.537
-0.068281,51.556
-0.28979,51.517
-0.37681,51.599
0.019188,51.525
-0.37213,51.438
-0.2362,51.532
-0.1501,51.635
-0.10347,51.379
-0.036562,51.449
-0.069678,51.543
-0.001144,51.608
-0.068639,51.385
0.0164,51.455
-0.067834,51.6
-0.072493,51.527
-0.066286,51.498
-0.16723,51.419
-0.15994,51.55
-0.017362,51.488
-0.1991,51.462
-0.09451,51.42
-0.37734,51.556
0.065325,51.455
-0.008799,51.47
-0.18732,51.516
-0.42041,51.44
-0.066977,51.393
-0.038123,51.371
-0.032466,51.466
-0.12758,51.599
-0.052788,51.449
-0.073891,51.524
-0.17689,51.617
0.0098646,51.392
-0.015417,51.568
-0.16326,51.405
-0.15463,51.509
-0.19699,51.564
-0.32037,51.553
-0.14513,51.345
-0.36006,51.552
0.10319,51.449
-0.17948,51.427
-0.033788,51.416
0.15996,51.497
-0.046716,51.522
-0.1683,51.353
-0.23664,51.635
-0.2946,51.389
-0.040271,51.594
0.070814,51.431
-0.33824,51.439
-0.20603,51.549
-0.43686,51.455
-0.2129,51.426
-0.21058,51.461
-0.14324,51.511
-0.24429,51.551
-0.2078,51.448
-0.11031,51.562
-0.15577,51.466
-0.052668,51.438
-0.18362,51.473
-0.13668,51.587
-0.12905,51.576
-0.30011,51.508
-0.19768,51.443
0.23503,51.559
-0.086981,51.41
-0.16641,51.46
0.048846,51.451
0.045317,51.408
-0.40643,51.565
0.034653,51.55
0.050912,51.456
-0.0459,51.433
-0.065171,51.436
-0.071738,51.489
-0.24764,51.591
-0.31021,51.515
0.046242,51.552
-0.13227,51.507
-0.17436,51.477
-0.095315,51.543
-0.39686,51.58
-0.077613,51.398
-0.096563,51.527
-0.13665,51.51
-0.21027,51.555
-0.093402,51.638
-0.023148,51.528
-0.090708,51.488
-0.21274,51.516
-0.010203,51.562
-0.31444,51.515
-0.1726,51.446
-0.19114,51.615
-0.30131,51.39
-0.1394,51.555
-0.27093,51.492
-0.24613,51.517
-0.18902,51.544
-0.017021,51.444
-0.024917,51.437
-0.23769,51.506
-0.067542,51.496
-0.38162,51.492
-0.054502,51.514
-0.14334,51.539
-0.17047,51.449
-0.19672,51.592
-0.15955,51.461
-0.16703,51.495
-0.16466,51.359
-0.11887,51.637
0.045316,51.4
-0.087354,51.52
-0.21946,51.417
-0.10483,51.5
-0.084819,51.576
-0.1162,51.455
-0.14968,51.418
-0.13856,51.465
-0.20058,51.544
0.21142,51.59
-0.33398,51.445
-0.26358,51.463
0.025107,51.595
-0.20769,51.545
-0.37024,51.423
-0.079625,51.571
-0.014794,51.473
-0.29191,51.378
-0.13179,51.634
0.056958,51.466
-0.21776,51.512
-0.010119,51.594
0.041435,51.441
-0.31436,51.567
-0.18698,51.55
-0.37223,51.552
-0.021326,51.584
-0.15306,51.315
0.082465,51.494
-0.30525,51.513
-0.16753,51.462
-0.17239,51.62
-0.080937,51.451
-0.26416,51.509
-0.29449,51.406
-0.034321,51.551
-0.21318,51.492
-0.24108,51.378
-0.14036,51.627
-0.28184,51.501
-0.37023,51.415
-0.061349,51.466
-0.20791,51.424
-0.18964,51.386
-0.067257,51.469
-0.11115,51.629
-0.17812,51.608
-0.019314,51.456
-0.0058162,51.451
-0.24589,51.478
-0.33164,51.467
0.20184,51.565
-0.15234,51.55
-0.084438,51.505
0.0097139,51.564
-0.19382,51.496
-0.20586,51.486
-0.21698,51.463
-0.0085792,51.627
-0.048414,51.536
-0.24649,51.44
-0.11183,51.546
-0.20255,51.444
-0.15528,51.461
-0.11303,51.454
-0.053827,51.497
-0.16819,51.439
0.12096,51.49
-0.12094,51.389
-0.14426,51.31
-0.19644,51.503
-0.2299,51.409
-0.0039386,51.454
-0.3483,51.458
-0.14166,51.545
-0.17377,51.403
-0.22268,51.42
-0.193,51.4
-0.069174,51.645
-0.19652,51.616
0.084152,51.394
0.025577,51.511
-0.20517,51.511
0.12079,51.611
-0.053636,51.416
-0.066948,51.45
-0.097127,51.491
-0.051496,51.537
-0.42339,51.447
0.11461,51.612
0.069525,51.578
-0.1676,51.378
0.0032817,51.541
-0.10422,51.578
-0.25008,51.455
-0.29952,51.554
0.11518,51.497
-0.3761,51.42
-0.067619,51.526
-0.13207,51.506
-0.29011,51.423
0.052704,51.446
-0.11772,51.547
-0.35909,51.557
-0.21037,51.423
-0.089617,51.555
0.10542,51.356
0.049427,51.46
-0.069289,51.374
-0.15454,51.546
-0.19288,51.58
-0.093141,51.664
-0.30361,51.578
0.10033,51.606
-0.11761,51.47
-0.19305,51.421
-0.038136,51.541
-0.084181,51.376
-0.38537,51.492
-0.082745,51.399
-0.24092,51.575
-0.07203,51.574
0.10566,51.495
-0.080075,51.601
-0.26816,51.523
-0.22642,51.387
-0.17963,51.562
-0.079049,51.489
-0.14401,51.523
-0.009138,51.481
-0.31251,51.525
-0.30062,51.4
-0.016766,51.453
-0.15733,51.491
-0.017291,51.45
-0.009263,51.413
-0.015621,51.585
0.0045414,51.595
-0.16844,51.441
-0.29313,51.586
-0.19098,51.547
-0.040909,51.448
-0.18602,51.543
-0.13246,51.495
-0.24536,51.416
-0.038449,51.366
-0.29442,51.534
-0.17742,51.445
-0.10636,51.505
-0.22994,51.418
-0.1456,51.53
-0.29879,51.505
-0.25688,51.43
-0.19668,51.529
-0.19757,51.531
-0.28843,51.416
-0.12474,51.621
-0.16842,51.407
-0.37198,51.502
-0.30659,51.504
0.0063011,51.449
-0.11681,51.472
-0.05736,51.597
0.067798,51.436
-0.33949,51.452
-0.1327,51.421
-0.050402,51.456
-0.34794,51.6
-0.089222,51.486
-0.093249,51.398
-0.13196,51.508
-0.21918,51.496
-0.15448,51.438
-0.17562,51.431
0.013554,51.475
-0.11795,51.551
0.020272,51.466
-0.10443,51.493
-0.21594,51.409
0.014377,51.59
-0.18492,51.375
-0.16177,51.558
-0.25734,51.418
-0.21438,51.497
0.083285,51.381
-0.15284,51.443
-0.11503,51.462
-0.13847,51.597
-0.048488,51.564
-0.15607,51.579
0.094556,51.456
0.0055232,51.556
-0.13977,51.559
-0.1442,51.518
-0.12458,51.556
-0.12702,51.388
-0.29427,51.538
-0.19917,51.58
-0.10253,51.508
0.063105,51.436
-0.080896,51.546
-0.18183,51.46
-0.14743,51.6
-0.04494,51.538
-0.062616,51.38
-0.12359,51.516
-0.14023,51.533
-0.17607,51.614
-0.12889,51.479
-0.33109,51.551
-0.17212,51.366
-0.23368,51.42
-0.024875,51.495
-0.2684,51.529
-0.21254,51.55
-0.19806,51.559
-0.030794,51.374
-0.10135,51.474
-0.033644,51.509
-0.050651,51.432
-0.12543,51.507
-0.18007,51.545
-0.15204,51.417
-0.06598,51.552
-0.1819,51.578
0.035398,51.431
0.0028927,51.456
0.039254,51.53
0.10355,51.563
-0.051658,51.423
-0.096041,51.575
0.093083,51.438
-0.11793,51.458
0.024161,51.53
-0.14045,51.418
-0.087867,51.392
-0.17837,51.559
-0.22309,51.366
-0.18843,51.425
-0.1482,51.522
-0.1781,51.535
0.0010941,51.591
0.067308,51.489
-0.14431,51.575
-0.038264,51.352
-0.061249,51.492
-0.23465,51.511
-0.18782,51.493
-0.1648,51.426
0.048032,51.472
-0.051132,51.605
-5.76e-05,51.608
-0.13377,51.358
-0.02149,51.45
-0.17507,51.407
-0.090681,51.505
-0.12268,51.421
0.0083672,51.633
-0.11561,51.555
-0.17912,51.49
-0.14615,51.604
0.021732,51.522
-0.14896,51.605
-0.11069,51.501
0.0113,51.376
-0.34479,51.539
-0.18269,51.356
-0.025003,51.415
-0.072554,51.416
-0.15854,51.469
0.085995,51.487
-0.14598,51.517
-0.16647,51.479
-0.3591,51.47
-0.33328,51.477
-0.11663,51.357
-0.24518,51.562
0.041909,51.434
-0.26201,51.564
-0.19364,51.566
0.0035122,51.395
-0.037817,51.585
0.0082872,51.454
-0.14857,51.615
-0.12145,51.518
-0.14558,51.462
-0.1724,51.56
-0.14521,51.455
-0.16083,51.494
-0.092838,51.532
-0.20696,51.552
-0.23256,51.366
-0.11239,51.557
-0.074463,51.372
-0.24618,51.45
-0.14195,51.543
-0.35209,51.451
-0.20701,51.578
-0.075251,51.607
-0.18346,51.561
-0.045728,51.412
-0.25943,51.429
-0.11524,51.617
0.069818,51.487
-0.13652,51.512
-0.17796,51.418
-0.041408,51.409
-0.21263,51.43
-0.16443,51.367
0.040031,51.592
0.056818,51.501
-0.10896,51.55
-0.33459,51.574
-0.21065,51.526
0.060834,51.481
-0.11964,51.307
-0.37103,51.495
0.053845,51.336
-0.26776,51.457
-0.060137,51.429
-0.12466,51.443
-0.19958,51.424
-0.31381,51.495
-0.13355,51.639
-0.030341,51.571
-0.13422,51.498
-0.045771,51.55
0.10126,51.609
-0.13893,51.351
-0.36458,51.554
-0.31325,51.589
0.07697,51.435
-0.063921,51.407
-0.16376,51.454
-0.12422,51.415
-0.15338,51.427
0.027975,51.533
-0.1962,51.518
-0.28485,51.527
-0.34753,51.558
-0.13739,51.497
-0.13395,51.493
-0.16793,51.381
-0.21368,51.384
-0.035707,51.349
-0.21853,51.482
-0.0042047,51.589
-0.030062,51.453
0.08715,51.373
-0.37301,51.604
0.04653,51.577
-0.077042,51.53
-0.14172,51.389
-0.13777,51.56
0.057012,51.515
-0.098757,51.524
-0.065036,51.515
-0.090012,51.499
-0.13168,51.399
-0.10401,51.596
-0.10137,51.52
0.098583,51.375
-0.12232,51.533
0.12771,51.496
-0.11052,51.53
-0.22012,51.421
-0.18777,51.355
-0.070795,51.397
-0.17537,51.537
-0.15901,51.467
-0.19476,51.514
-0.021872,51.535
-0.13514,51.489
-0.052817,51.469
-0.072903,51.464
-0.142,51.562
-0.2257,51.532
-0.01343,51.444
-0.14277,51.514
-0.22559,51.415
0.051052,51.402
-0.39263,51.572
-0.18251,51.586
-0.057549,51.56
-0.084391,51.523
-0.1341,51.634
-0.052798,51.553
0.023879,51.553
-0.014171,51.597
-0.23363,51.416
-0.13098,51.639
-0.014,51.496
-0.084623,51.406
-0.19073,51.442
-0.18554,51.48
0.061351,51.474
-0.30719,51.43
-0.14336,51.573
-0.096823,51.37
-0.062329,51.435
-0.074985,51.551
-0.13091,51.476
-0.33913,51.592
0.1562,51.529
-0.017709,51.448
-0.095608,51.41
-0.017121,51.477
-0.056571,51.512
-0.23914,51.527
-0.060681,51.529
-0.24579,51.488
-0.10235,51.62
0.028037,51.484
-0.075755,51.498
-0.18509,51.501
-0.29524,51.393
-0.26098,51.534
-0.10509,51.625
-0.41199,51.438
-0.11184,51.363
-0.21452,51.465
0.075027,51.486
-0.16151,51.573
-0.1924,51.497
-0.2407,51.485
-0.33839,51.587
0.0059947,51.485
-0.063748,51.382
-0.37131,51.543
-0.0073591,51.559
-0.14636,51.548
-0.17135,51.609
0.031048,51.403
-0.28461,51.525
-0.20432,51.362
-0.23855,51.536
0.18854,51.582
0.013529,51.567
0.0017087,51.58
-0.2859,51.477
-0.39347,51.494
-0.19796,51.481
0.036876,51.439
-0.13119,51.35
-0.10533,51.374
0.030536,51.548
0.099557,51.377
-0.19096,51.409
-0.0069313,51.344
-0.16908,51.546
0.022878,51.574
-0.041837,51.347
-0.1565,51.409
-0.18712,51.482
-0.068761,51.477
-0.16537,51.499
-0.29357,51.385
-0.028145,51.671
-0.064787,51.492
-0.063835,51.465
-0.1821,51.485
-0.19463,51.346
-0.18825,51.521
-0.22322,51.564
-0.05795,51.608
-0.41997,51.561
-0.12,51.573
-0.13528,51.368
-0.13524,51.443
-0.14379,51.41
-0.051688,51.444
-0.10743,51.473
-0.10509,51.602
-0.13243,51.51
-0.34042,51.512
-0.15946,51.544
-0.29862,51.459
-0.30417,51.559
-0.20857,51.406
-0.22934,51.552
-0.28646,51.51
0.15016,51.402
-0.10447,51.642
-0.0021991,51.549
0.067452,51.463
0.10235,51.559
-0.32943,51.484
0.10622,51.485
0.095313,51.382
0.041888,51.39
-0.20413,51.547
0.0080624,51.402
-0.25993,51.432
-0.31127,51.458
-0.2073,51.389
-0.33925,51.59
-0.085884,51.369
-0.38938,51.537
0.056426,51.595
-0.23466,51.454
-0.020331,51.503
-0.16918,51.456
-0.046884,51.398
-0.17211,51.363
-0.22868,51.413
-0.0056136,51.343
0.23351,51.57
-0.096776,51.377
-0.17623,51.513
-0.28782,51.388
0.12794,51.357
-0.33548,51.442
-0.11416,51.386
-0.21195,51.385
0.011311,51.387
-0.076111,51.504
-0.1396,51.512
0.0071913,51.556
-0.12464,51.466
0.047737,51.53
-0.14225,51.348
0.015153,51.546
-0.20927,51.58
-0.15333,51.517
-0.17489,51.495
-0.31397,51.51
0.056588,51.526
-0.24157,51.627
-0.099052,51.365
-0.41438,51.566
-0.2098,51.426
-0.31552,51.502
-0.35197,51.554
-0.17523,51.608
-0.24608,51.41
-0.23883,51.367
0.084538,51.559
0.05197,51.45
-0.0042959,51.532
-0.13594,51.563
-0.21376,51.399
-0.014871,51.425
-0.24074,51.496
0.020419,51.535
-0.38391,51.427
0.066945,51.487
-0.17892,51.533
0.06792,51.389
-0.19043,51.491
-0.15378,51.586
-0.23009,51.549
-0.097707,51.588
-0.30168,51.514
-0.0732,51.547
-0.079384,51.581
-0.045446,51.545
-0.20419,51.576
0.028494,51.468
0.015466,51.406
-0.090498,51.394
-0.2174,51.503
-0.18404,51.482
-0.024232,51.574
-0.067698,51.507
-0.14468,51.6
-0.10584,51.442
-0.084374,51.505
-0.23708,51.41
-0.29704,51.409
-0.0813,51.543
-0.13514,51.458
-0.35997,51.57
-0.2951,51.359
-0.12321,51.632
-0.094714,51.453
-0.1138,51.538
-0.32515,51.555
-0.088463,51.653
-0.046672,51.558
-0.35207,51.542
-0.12342,51.486
-0.20767,51.486
0.11262,51.436
-0.05506,51.47
-0.1554,51.451
-0.037291,51.441
-0.17844,51.359
-0.10447,51.504
-0.2125,51.522
-0.0098004,51.509
-0.041105,51.48
-0.035748,51.599
-0.10483,51.618
-0.1915,51.551
-0.019798,51.439
-0.15321,51.497
-0.11335,51.644
-0.27598,51.464
-0.25129,51.453
-0.093889,51.408
-0.4257,51.452
-0.14334,51.509
-0.29172,51.475
-0.1235,51.599
0.12253,51.492
-0.30641,51.51
-0.28672,51.473
0.033821,51.6
-0.038151,51.581
-0.12868,51.554
-0.20945,51.496
0.18637,51.532
-0.093711,51.501
-0.42112,51.565
-0.40155,51.564
-0.25477,51.542
-0.11527,51.569
-0.18733,51.49
-0.11776,51.362
-0.25531,51.485
-0.041751,51.453
-0.021933,51.62
-0.092413,51.372
-0.09993,51.521
-0.13096,51.499
-0.1866,51.445
0.049813,51.543
-0.30399,51.401
-0.10245,51.492
-0.29743,51.546
-0.11482,51.489
-0.32247,51.564
-0.012453,51.478
0.036942,51.572
-0.1375,51.49
-0.16723,51.468
-0.18581,51.363
-0.31613,51.526
-0.21022,51.47
-0.0056639,51.571
-0.093606,51.394
-0.25738,51.601
-0.16636,51.452
-0.19121,51.582
-0.080802,51.375
-0.1371,51.345
-0.18879,51.553
0.059553,51.457
-0.19682,51.402
-0.081906,51.382
-0.10118,51.531
-0.3086,51.461
-0.21594,51.546
-0.12821,51.496
-0.22169,51.495
0.22676,51.584
-0.19643,51.358
-0.29556,51.376
-0.025941,51.503
-0.31572,51.54
-0.17392,51.53
-0.1026,51.541
-0.34906,51.439
-0.14016,51.362
-0.20131,51.658
-0.21257,51.577
-0.16042,51.363
-0.0968,51.587
-0.39924,51.446
0.096051,51.488
-0.14461,51.619
-0.055033,51.568
0.0054511,51.399
-0.12322,51.415
-0.15579,51.466
-0.20774,51.564
-0.11936,51.447
-0.16056,51.465
-0.16472,51.489
-0.10598,51.63
-0.24766,51.549
-0.12203,51.454
-0.17906,51.495
-0.21493,51.453
-0.017924,51.474
-0.25843,51.56
-0.28241,51.39
-0.029504,51.529
-0.10447,51.503
0.041097,51.495
0.0036433,51.588
-0.2874,51.468
-0.099521,51.495
-0.10766,51.365
-0.0098213,51.514
-0.086961,51.474
0.047942,51.413
0.047257,51.489
-0.12949,51.641
-0.066752,51.4
0.027973,51.605
-0.081222,51.525
-0.039379,51.442
-0.1304,51.465
-0.10088,51.564
0.063934,51.435
-0.21609,51.499
-0.14904,51.5
-0.27107,51.57
-0.25249,51.574
-0.18663,51.557
-0.18123,51.613
-0.29555,51.514
-0.072663,51.538
-0.18628,51.518
-0.13592,51.506
0.08347,51.565
-0.018701,51.5
-0.020845,51.505
-0.16135,51.519
-0.29883,51.394
-0.28855,51.532
0.045249,51.493
-0.18333,51.568
0.079407,51.491
0.033656,51.563
-0.10507,51.367
-0.35156,51.475
-0.13911,51.589
-0.26911,51.504
-0.023653,51.391
0.09509,51.36
-0.14331,51.513
-0.16915,51.54
0.079911,51.488
0.13984,51.491
-0.19247,51.545
-0.013701,51.466
-0.25338,51.457
-0.21966,51.46
-0.28301,51.381
-0.21695,51.389
-0.051434,51.5
0.090511,51.391
-0.25497,51.517
-0.070847,51.508
-0.30314,51.377
-0.16281,51.575
0.074033,51.48
-0.18528,51.458
-0.062729,51.56
-0.1887,51.546
-0.078989,51.558
-0.12889,51.421
0.03928,51.525
-0.18757,51.574
-0.075274,51.519
-0.088935,51.477
-0.41366,51.563
-0.090267,51.398
-0.29895,51.514
-0.14635,51.308
-0.016112,51.353
-0.10668,51.633
-0.35999,51.609
-0.046967,51.45
-0.098048,51.599
-0.22978,51.459
-0.077413,51.482
-0.31915,51.552
-0.14367,51.498
-0.022763,51.612
-0.20247,51.42
-0.13305,51.553
-0.22928,51.455
-0.32885,51.482
-0.18542,51.621
0.010389,51.585
-0.014074,51.338
-0.2064,51.433
-0.23439,51.507
-0.20923,51.411
-0.13552,51.546
-0.30473,51.515
-0.071524,51.48
-0.32246,51.561
-0.29557,51.528
0.072061,51.433
-0.042063,51.596
0.046103,51.438
0.13224,51.42
-0.055457,51.545
-0.26413,51.612
-0.13975,51.575
-0.19968,51.43
-0.29508,51.501
-0.067728,51.603
0.043171,51.425
-0.22345,51.576
-0.29362,51.411
-0.10021,51.585
-0.23079,51.427
-0.22254,51.41
-0.12641,51.431
-0.20917,51.423
-0.26112,51.599
-0.35432,51.583
-0.12873,51.573
-0.082061,51.539
-0.12144,51.444
-0.26597,51.591
-0.27506,51.528
-0.2013,51.508
0.05894,51.534
0.03172,51.545
0.019138,51.412
-0.12397,51.328
-0.18724,51.441
0.01766,51.451
-0.074548,51.395
-0.13605,51.516
0.0009397,51.462
-0.3298,51.434
0.018461,51.47
-0.28083,51.487
-0.053204,51.547
-0.064571,51.531
-0.21075,51.553
-0.30552,51.43
-0.074201,51.487
-0.061226,51.444
-0.05796,51.466
-0.082303,51.471
-0.17004,51.478
0.0033125,51.541
-0.17658,51.621
0.084495,51.455
0.052591,51.467
-0.11346,51.543
-0.065523,51.391
-0.087368,51.546
-0.1323,51.458
-0.19743,51.569
-0.32814,51.56
-0.31948,51.506
-0.43005,51.495
-0.053934,51.483
0.036051,51.401
-0.092196,51.54
-0.0069066,51.44
-0.012971,51.437
-0.072317,51.447
-0.034092,51.582
-0.12636,51.368
-0.042945,51.487
-0.22972,51.537
0.02601,51.435
-0.30296,51.422
-0.027975,51.514
-0.12288,51.619
-0.12211,51.578
0.059521,51.389
-0.058607,51.409
-0.041995,51.496
-0.35307,51.448
-0.3914,51.598
-0.061965,51.418
-0.15694,51.495
-0.24032,51.465
-0.36922,51.546
0.094439,51.575
-0.1215,51.521
-0.20549,51.529
-0.30796,51.506
-0.023883,51.445
-0.35014,51.43
0.11758,51.488
-0.35398,51.602
0.050803,51.489
-0.094691,51.487
-0.26771,51.463
-0.4403,51.482
-0.089953,51.524
-0.11686,51.54
-0.13988,51.468
-0.30449,51.462
0.012705,51.537
-0.033634,51.532
0.050671,51.541
-0.13791,51.368
-0.19848,51.435
-0.22608,51.599
-0.19138,51.473
-0.35238,51.527
-0.17595,51.345
-0.085376,51.449
-0.12312,51.508
-0.27918,51.505
-0.27456,51.425
0.014786,51.571
-0.057118,51.453
-0.077156,51.524
-0.083025,51.415
-0.12507,51.509
0.085106,51.458
-0.1576,51.512
-0.17493,51.557
-0.28386,51.412
0.10926,51.378
-0.18806,51.497
-0.059276,51.602
-0.015415,51.598
-0.06205,51.498
-0.15327,51.541
0.076781,51.492
-0.021296,51.49
-0.39603,51.555
-0.16139,51.47
-0.29612,51.419
-0.19655,51.599
-0.0034479,51.447
-0.19466,51.503
-0.15683,51.497
-0.2561,51.496
-0.28945,51.383
-0.12067,51.626
-0.14354,51.363
0.030407,51.432
-0.11403,51.515
-0.17798,51.498
-0.37547,51.588
-0.42415,51.501
-0.25994,51.48
-0.090233,51.397
-0.15575,51.435
-0.019742,51.457
-0.11656,51.503
0.0043759,51.465
-0.38378,51.604
-0.067395,51.562
-0.092424,51.349
-0.17764,51.548
-0.10747,51.6
0.021444,51.423
-0.086846,51.532
0.21883,51.589
-0.18697,51.489
-0.27099,51.59
0.14352,51.443
-0.011697,51.573
-0.091412,51.505
-0.15848,51.37
-0.13122,51.49
-0.18254,51.552
-0.058314,51.437
-0.18358,51.513
0.026769,51.505
0.082297,51.604
-0.1557,51.36
-0.27891,51.46
-0.15345,51.513
-0.17989,51.652
-0.10089,51.499
-0.17756,51.492
-0.043574,51.513
-0.073548,51.474
-0.14266,51.519
-0.21736,51.515
-0.13359,51.421
-0.41295,51.604
-0.0036031,51.463
-0.2057,51.536
-0.21042,51.548
-0.10968,51.542
0.095588,51.363
0.073044,51.482
-0.12965,51.5
-0.26955,51.498
-0.14747,51.612
-0.20035,51.54
-0.19496,51.601
-0.066736,51.565
-0.14145,51.508
0.0089781,51.573
0.0086112,51.585
-0.37022,51.612
-0.29272,51.546
-0.27538,51.586
-0.13731,51.527
-0.12646,51.557
-0.19012,51.653
-0.075051,51.65
-0.36586,51.573
-0.15074,51.44
-0.25958,51.62
-0.34522,51.441
-0.23593,51.618
-0.057708,51.445
-0.11092,51.646
-0.043727,51.501
-0.088695,51.577
-0.078964,51.556
-0.26675,51.488
-0.1543,51.364
-0.19927,51.403
0.0641,51.538
-0.038169,51.351
-0.1366,51.404
-0.24487,51.608
0.10193,51.536
-0.068529,51.511
-0.31517,51.5
-0.0082622,51.503
-0.018716,51.582
-0.10916,51.427
-0.085398,51.494
-0.094398,51.348
-0.10448,51.397
-0.11159,51.515
-0.028088,51.533
-0.18059,51.548
-0.31883,51.562
-0.1231,51.508
0.11674,51.492
-0.14521,51.437
-0.25836,51.523
0.065383,51.425
-0.07064,51.516
-0.26799,51.486
-0.13228,51.636
-0.15395,51.358
-0.14497,51.478
-0.17871,51.378
-0.24371,51.479
-0.0035912,51.51
-0.070135,51.546
-0.098307,51.498
-0.00769,51.455
-0.12672,51.382
0.025612,51.502
-0.14218,51.543
-0.24082,51.616
-0.30635,51.516
-0.25011,51.497
-0.48808,51.472
-0.14697,51.559
-0.21698,51.416
0.060529,51.509
-0.084395,51.523
-0.38365,51.502
0.026448,51.592
-0.20985,51.609
-0.09696,51.405
-0.16898,51.554
-0.15968,51.499
0.017428,51.593
-0.15233,51.503
-0.061746,51.414
-0.11462,51.428
0.03068,51.393
0.040058,51.484
-0.17214,51.492
0.052066,51.535
-0.037372,51.528
-0.095579,51.494
-0.12538,51.508
-0.1058,51.541
-0.013334,51.5
-0.27728,51.411
-0.23832,51.406
-0.12206,51.523
-0.047187,51.548
-0.059593,51.519
-0.092004,51.409
-0.20931,51.513
-0.22089,51.465
-0.34894,51.577
0.096849,51.55
0.014637,51.541
-0.061351,51.512
-0.23074,51.482
-0.19846,51.494
-0.20558,51.541
-0.14571,51.369
-0.24775,51.62
-0.036104,51.434
-0.20408,51.442
-0.1299,51.407
-0.19514,51.548
-0.12297,51.432
-0.3563,51.528
-0.17178,51.431
-0.1431,51.607
-0.19405,51.559
-0.31636,51.549
-0.21086,51.573
-0.28424,51.509
-0.16626,51.489
-0.014115,51.431
-0.21849,51.395
-0.07669,51.656
0.074083,51.494
-0.17118,51.355
-0.038165,51.436
-0.19578,51.409
0.11185,51.524
0.045691,51.525
-0.062451,51.422
-0.17949,51.489
0.05143,51.333
-0.37433,51.559
-0.234,51.567
-0.11651,51.624
0.14778,51.559
-0.064634,51.452
-0.14564,51.521
-0.19347,51.404
-0.12377,51.582
-0.071117,51.451
-0.23395,51.374
-0.10535,51.592
0.21074,51.576
-0.07509,51.491
-0.14953,51.365
-0.24496,51.496
-0.24141,51.447
-0.079099,51.562
-0.18455,51.493
-0.017319,51.616
0.012408,51.519
0.025193,51.548
-0.21608,51.495
0.24094,51.598
0.01496,51.444
0.091486,51.394
-0.039912,51.506
-0.18494,51.486
-0.24505,51.494
-0.11558,51.581
0.071278,51.452
-0.22572,51.616
-0.095465,51.387
-0.15122,51.45
-0.075816,51.461
0.046648,51.418
-0.11716,51.484
-0.35629,51.472
-0.22934,51.547
-0.40822,51.456
-0.087112,51.464
-0.13209,51.519
-0.23825,51.385
-0.070817,51.514
-0.29631,51.511
-0.28558,51.543
-0.050747,51.44
-0.11477,51.436
-0.22811,51.411
-0.30223,51.516
0.021509,51.477
0.012088,51.518
-0.30054,51.414
-0.14566,51.496
-0.19332,51.557
0.095332,51.579
-0.088456,51.472
-0.051396,51.374
-0.14168,51.399
0.023016,51.518
-0.046911,51.446
0.048838,51.532
0.008167,51.57
-0.034516,51.372
-0.24287,51.456
-0.22371,51.491
-0.16334,51.393
-0.09523,51.506
-0.23612,51.497
0.22886,51.553
-0.141,51.494
-0.26357,51.549
-0.17694,51.481
0.062649,51.54
-0.21301,51.419
-0.39909,51.578
-0.2,51.378
-0.21775,51.616
-0.13026,51.469
-0.13034,51.418
-0.09299,51.473
-0.30979,51.6
-0.088938,51.531
-0.15322,51.476
-0.12003,51.517
-0.17832,51.607
-0.14053,51.524
-0.17456,51.649
0.077909,51.383
0.077128,51.481
-0.017536,51.503
-0.1856,51.418
-0.16186,51.419
-0.24553,51.532
-0.17061,51.463
-0.25348,51.527
-0.15446,51.448
-0.21512,51.526
-0.21451,51.45
-0.057351,51.588
-0.16197,51.488
-0.10491,51.461
-0.20481,51.561
-0.27374,51.464
-0.20695,51.496
0.053159,51.471
-0.20358,51.418
-0.3878,51.602
-0.23287,51.607
-0.30763,51.528
0.16174,51.437
-0.018402,51.462
-0.11275,51.361
-0.080508,51.523
-0.23734,51.456
-0.35284,51.532
-0.2264,51.488
0.077679,51.433
-0.054066,51.415
-0.064823,51.388
-0.13674,51.573
-0.16147,51.446
-0.20163,51.392
-0.22725,51.617
-0.016984,51.505
-0.15758,51.568
-0.2834,51.551
-0.18899,51.557
-0.15422,51.607
0.015671,51.387
-0.099646,51.401
-0.12199,51.537
-0.081203,51.525
-0.14076,51.527
-0.13546,51.54
-0.18882,51.534
-0.18764,51.598
-0.13246,51.647
-0.0014412,51.599
-0.033363,51.476
-0.17505,51.543
-0.29511,51.395
0.034384,51.475
-0.13307,51.4
-0.31961,51.566
-0.17352,51.518
0.098321,51.394
0.050268,51.466
0.018248,51.49
-0.20101,51.498
-0.11028,51.296
0.070149,51.56
-0.30784,51.577
-0.24478,51.603
-0.19746,51.515
-0.061752,51.448
-0.0075478,51.533
-0.10706,51.503
-0.20268,51.425
-0.049786,51.491
-0.051458,51.467
-0.17273,51.555
0.0069277,51.41
-0.082767,51.428
-0.29599,51.523
-0.37911,51.542
-0.05392,51.478
-0.13196,51.513
-0.24871,51.53
-0.17107,51.553
-0.030586,51.42
-0.1136,51.619
-0.12285,51.577
-0.12807,51.579
-0.21315,51.508
-0.26239,51.498
0.089938,51.353
-0.12542,51.624
-0.26793,51.482
-0.13394,51.644
0.036411,51.395
-0.17724,51.419
-0.2827,51.535
-0.16581,51.461
-0.26052,51.616
-0.067742,51.46
-0.29508,51.576
0.088084,51.367
-0.11704,51.542
-0.13038,51.429
-0.18107,51.559
-0.01964,51.589
-0.21607,51.529
-0.099746,51.371
-0.23366,51.38
-0.013688,51.58
0.043069,51.404
-0.16633,51.37
-0.061579,51.546
-0.15531,51.52
0.065048,51.491
-0.098044,51.552
-0.098954,51.399
-0.070359,51.473
-0.18118,51.489
-0.20271,51.516
-0.33587,51.453
-0.25961,51.383
-0.21277,51.415
-0.24599,51.474
-0.39011,51.575
-0.31213,51.571
-0.1618,51.542
0.063656,51.46
-0.22891,51.399
0.047781,51.42
-0.29035,51.391
-0.14106,51.548
-0.052235,51.558
-0.19636,51.493
-0.093605,51.646
0.026643,51.44
0.047317,51.441
-0.18271,51.346
-0.04591,51.375
-0.17613,51.54
-0.36777,51.418
-0.07067,51.486
-0.10429,51.472
0.016902,51.52
-0.17908,51.43
-0.24999,51.589
-0.033388,51.588
-0.10962,51.626
-0.1159,51.62
-0.21677,51.551
-0.084581,51.55
-0.15093,51.561
-0.16746,51.591
-0.11257,51.577
-0.068176,51.396
-0.20121,51.514
-0.41617,51.44
-0.11304,51.602
0.17296,51.591
-0.13741,51.624
-0.094556,51.392
-0.094559,51.483
-0.40348,51.554
-0.29831,51.489
-0.068121,51.472
-0.047175,51.554
-0.18074,51.37
-0.17668,51.484
-0.30046,51.408
-0.23763,51.611
-0.14454,51.506
0.020263,51.554
0.01291,51.449
-0.18361,51.498
-0.018439,51.38
-0.063257,51.535
-0.16233,51.438
-0.20568,51.366
-0.086005,51.416
-0.0006578,51.553
-0.075577,51.464
0.032858,51.511
-0.29741,51.572
0.0077652,51.627
-0.029862,51.577
-0.19254,51.41
-0.10216,51.377
-0.082196,51.373
-0.19653,51.491
-0.20201,51.548
-0.11199,51.601
-0.083114,51.532
-0.12606,51.475
-0.34308,51.445
-0.11193,51.563
0.024123,51.563
0.22037,51.584
-0.0067913,51.507
-0.11165,51.641
-0.010412,51.479
-0.018865,51.346
-0.081878,51.364
-0.31536,51.564
-0.11362,51.481
-0.22272,51.37
-0.18261,51.556
-0.081784,51.522
-0.093683,51.485
0.066129,51.522
-0.39267,51.429
0.23607,51.578
-0.221,51.452
-0.11042,51.421
-0.25081,51.527
-0.23215,51.409
0.086803,51.483
-0.20124,51.421
-0.21753,51.368
-0.18529,51.512
0.032243,51.43
-0.023365,51.34
-0.15124,51.572
-0.13863,51.639
-0.065879,51.48
-0.069444,51.403
-0.22928,51.465
-0.25868,51.49
-0.014,51.496
0.16548,51.432
0.02667,51.447
-0.32584,51.564
-0.22338,51.413
0.0084141,51.561
0.048203,51.387
0.20252,51.52
-0.25329,51.497
-0.20275,51.486
-0.42031,51.583
0.069236,51.555
0.078975,51.441
-0.25584,51.493
0.098018,51.43
-0.1297,51.501
-0.15805,51.458
0.083504,51.572
-0.0061843,51.557
-0.097053,51.375
-0.3127,51.526
-0.2108,51.472
-0.18348,51.61
0.062224,51.463
-0.026083,51.53
-0.26013,51.461
-0.20448,51.348
0.055616,51.606
-0.13212,51.58
-0.098628,51.576
-0.10975,51.575
-0.0070512,51.606
-0.047391,51.416
-0.21827,51.406
-0.01355,51.61
0.07697,51.484
-0.36539,51.56
0.028001,51.588
0.069501,51.481
-0.27399,51.484
-0.076422,51.592
-0.004033,51.551
-0.082445,51.458
-0.074894,51.646
-0.16268,51.555
0.14764,51.441
0.058985,51.544
0.015781,51.537
-0.24782,51.543
0.0423,51.528
-0.0013498,51.538
-0.11638,51.367
-0.18255,51.451
-0.42062,51.579
-0.24581,51.548
-0.12107,51.518
-0.24384,51.464
-0.028546,51.519
-0.24701,51.382
-0.12901,51.409
-0.30443,51.393
0.1308,51.346
-0.109,51.406
-0.37964,51.43
-0.25196,51.618
-0.29087,51.56
-0.36457,51.611
0.0075738,51.546
-0.033127,51.514
-0.087362,51.397
-0.24693,51.545
-0.31155,51.502
-0.16001,51.517
-0.12256,51.59
0.012289,51.534
-0.16125,51.457
-0.077058,51.5
-0.054017,51.446
-0.088288,51.434
0.012318,51.477
-0.032459,51.521
-0.10383,51.49
0.063417,51.451
-0.26958,51.464
-0.14974,51.504
0.23634,51.555
-0.11192,51.503
-0.17216,51.612
-0.15586,51.43
0.050463,51.463
-0.10753,51.396
0.062137,51.407
-0.074129,51.48
-0.18752,51.616
-0.12835,51.649
0.060071,51.399
-0.185,51.537
-0.26685,51.468
-0.25864,51.514
-0.19309,51.5
-0.24741,51.622
-0.08208,51.491
0.11389,51.486
-0.0025625,51.468
-0.13081,51.405
-0.12583,51.498
-0.24839,51.414
-0.016762,51.621
-0.054216,51.491
-0.19974,51.583
-0.11797,51.635
-0.089538,51.415
-0.17504,51.373
-0.44641,51.56
-0.17483,51.405
-0.20813,51.511
0.10141,51.583
-0.091874,51.441
-0.30175,51.563
-0.039448,51.551
-0.15044,51.604
-0.34568,51.478
-0.046888,51.461
-0.072963,51.385
-0.1713,51.419
-0.30047,51.5
-0.37766,51.436
0.071369,51.501
-0.030246,51.588
-0.21799,51.422
-0.10026,51.527
-0.10505,51.427
-0.18777,51.461
-0.03042,51.613
-0.091624,51.528
-0.3678,51.532
-0.20412,51.34
-0.28697,51.409
-0.090915,51.456
0.24759,51.553
0.14746,51.548
-0.17604,51.553
-0.22195,51.551
-0.17158,51.496
-0.26789,51.511
-0.11693,51.524
-0.10393,51.435
-0.18505,51.632
0.02978,51.571
0.081906,51.547
-0.1377,51.353
-0.35982,51.532
-0.22769,51.553
-0.26578,51.465
0.11551,51.384
-0.12109,51.457
0.01045,51.38
-0.44372,51.45
0.069089,51.478
-0.21147,51.463
-0.043631,51.435
-0.30854,51.59
-0.069286,51.458
-0.1135,51.435
-0.17434,51.551
0.044492,51.512
-0.15731,51.584
0.06847,51.605
-0.1271,51.471
-0.23538,51.499
-0.15656,51.413
-0.3512,51.41
-0.12779,51.435
-0.06976,51.592
-0.14203,51.646
-0.077385,51.448
-0.083531,51.546
-0.020914,51.505
0.045962,51.502
-0.039272,51.57
-0.16824,51.414
0.046275,51.514
-0.0094619,51.479
-0.15805,51.58
4.82e-05,51.556
-0.16695,51.43
-0.26572,51.549
-0.21852,51.373
0.12065,51.5
-0.2497,51.564
0.024679,51.41
-0.244,51.508
-0.22215,51.501
-0.13802,51.323
-0.019702,51.428
-0.27741,51.5
-0.091252,51.537
-0.059419,51.468
-0.18442,51.602
-0.16242,51.615
-0.37616,51.566
-0.13617,51.437
-0.1343,51.452
-0.16183,51.411
-0.11052,51.638
-0.14449,51.529
-0.17639,51.556
0.0018785,51.611
-0.093284,51.573
-0.0002563,51.627
-0.059661,51.461
-0.30302,51.461
-0.0034713,51.475
-0.26827,51.569
-0.2244,51.493
-0.37828,51.442
-0.061662,51.606
-0.18606,51.583
-0.3672,51.415
0.044698,51.471
-0.033122,51.527
-0.1747,51.553
-0.10911,51.566
-0.15743,51.645
-0.11698,51.587
-0.20618,51.375
-0.024965,51.455
-0.089095,51.636
0.062785,51.493
-0.11539,51.474
-0.036442,51.438
-0.12956,51.572
-0.18803,51.341
-0.25947,51.597
0.01386,51.481
-0.013826,51.487
-0.10457,51.508
0.004995,51.43
-0.34068,51.559
-0.094661,51.416
-0.10375,51.637
-0.077268,51.391
0.08788,51.441
0.05112,51.44
-0.20654,51.49
-0.0082614,51.588
-0.33166,51.471
0.22401,51.57
-0.073136,51.399
-0.11823,51.575
0.027342,51.453
-0.13002,51.56
-0.028524,51.517
-0.079509,51.569
-0.14572,51.516
-0.29979,51.613
-0.20741,51.531
0.014986,51.523
-0.076413,51.387
0.075964,51.389
-0.19914,51.541
-0.13926,51.508
-0.23892,51.504
-0.27617,51.502
-0.20321,51.513
-0.15501,51.499
-0.024415,51.386
-0.1114,51.486
0.0097638,51.481
-0.16391,51.492
-0.12747,51.635
-0.047673,51.503
-0.2536,51.543
-0.11302,51.451
-0.22974,51.611
0.014876,51.533
-0.30043,51.587
-0.16936,51.549
0.016246,51.432
-0.04413,51.383
0.087787,51.478
0.049397,51.58
-0.48469,51.613
-0.1489,51.516
-0.034907,51.475
-0.30594,51.499
-0.063295,51.472
-0.16037,51.366
-0.17876,51.458
0.060681,51.513
-0.26415,51.467
-0.061453,51.392
-0.055129,51.507
-0.1114,51.569
-0.15425,51.442
-0.20903,51.468
-0.06085,51.595
-0.0684,51.434
-0.15135,51.497
0.06335,51.387
-0.25993,51.53
-0.2014,51.411
-0.15933,51.44
0.017402,51.446
-0.29988,51.552
-0.33252,51.48
0.073052,51.441
-0.27787,51.514
-0.24935,51.49
-0.032212,51.591
0.0026929,51.542
-0.18945,51.514
-0.22647,51.419
0.035141,51.41
-0.069169,51.595
-0.15282,51.37
0.066198,51.492
-0.27046,51.512
-0.09419,51.48
0.0084382,51.466
-0.16937,51.401
-0.32411,51.429
-0.1777,51.488
0.055355,51.396
-0.12394,51.509
-0.21239,51.497
-0.17955,51.511
-0.38759,51.578
0.014265,51.465
-0.081347,51.58
-0.12845,51.363
0.11852,51.43
0.0399,51.55
-0.17739,51.361
-0.23613,51.55
-0.11113,51.491
-0.1354,51.514
-0.23387,51.493
0.092091,51.563
-0.18379,51.352
-0.14336,51.507
0.029302,51.448
-0.1739,51.494
-0.10822,51.539
-0.25392,51.491
-0.18464,51.545
-0.082331,51.426
-0.16109,51.474
-0.15535,51.615
0.20653,51.548
-0.34929,51.476
-0.19806,51.44
-0.0092361,51.458
-0.010268,51.404
-0.011209,51.353
-0.30238,51.546
-0.055323,51.436
-0.10844,51.564
-0.18387,51.386
-0.072749,51.376
-0.2357,51.569
0.030443,51.524
-0.16119,51.42
-0.1679,51.369
-0.17416,51.602
-0.02939,51.468
-0.19194,51.541
-0.3011,51.53
-0.072787,51.567
-0.4976,51.608
0.16085,51.545
-0.020213,51.528
-0.072564,51.484
-0.2244,51.399
-0.31187,51.436
0.026454,51.307
0.022472,51.445
-0.32559,51.497
-0.24326,51.537
0.037547,51.434
-0.1282,51.495
-0.23632,51.539
-0.15894,51.317
-0.0092866,51.596
0.071486,51.385
-0.099859,51.538
-0.17982,51.558
-0.22077,51.355
-0.30574,51.565
-0.066669,51.427
-0.11215,51.516
-0.17416,51.548
-0.16714,51.498
-0.361,51.558
-0.24401,51.501
-0.35171,51.582
-0.22471,51.505
-0.28855,51.397
-0.35991,51.525
-0.25686,51.552
-0.21143,51.529
-0.26557,51.51
-0.36188,51.572
-0.035257,51.5
0.063223,51.501
-0.37871,51.422
-0.33805,51.475
-0.21977,51.498
-0.077912,51.503
-0.30403,51.521
-0.1519,51.434
-0.019029,51.498
-0.30166,51.418
-0.18609,51.641
-0.13238,51.585
-0.20088,51.412
0.23953,51.553
-0.31471,51.519
-0.18065,51.433
0.20434,51.582
0.13834,51.374
-0.098724,51.372
-0.13787,51.51
-0.18085,51.61
0.0031794,51.463
-0.22093,51.557
-0.24205,51.472
-0.18132,51.451
-0.29241,51.512
-0.2145,51.362
-0.020438,51.443
-0.15546,51.49
-0.17439,51.466
-0.17132,51.545
-0.061499,51.474
0.2339,51.58
0.041779,51.394
-0.31017,51.605
0.034756,51.554
-0.23246,51.398
0.088685,51.434
-0.1001,51.596
0.005735,51.447
-0.086932,51.53
-0.32038,51.583
-0.17904,51.39
-0.091104,51.604
-0.1669,51.552
-0.032941,51.581
0.012009,51.489
-0.069888,51.493
-0.25986,51.495
-0.23956,51.378
-0.12162,51.452
-0.047381,51.458
-0.13622,51.555
-0.12741,51.609
-0.14277,51.335
-0.40798,51.567
-0.10834,51.463
-0.17654,51.453
0.073276,51.389
-0.15054,51.554
-0.098197,51.465
-0.22662,51.422
-0.13138,51.611
0.018898,51.533
-0.10735,51.387
-0.18676,51.44
0.052281,51.451
-0.017203,51.573
-0.31165,51.582
-0.074908,51.503
-0.14898,51.572
-0.31745,51.579
-0.02262,51.511
-0.073688,51.562
-0.10455,51.502
-0.12412,51.424
-0.14451,51.44
0.030811,51.598
-0.072051,51.384
-0.075719,51.547
-0.11659,51.531
-0.19973,51.589
-0.18327,51.488
-0.10384,51.302
-0.18212,51.522
-0.2063,51.524
0.025032,51.479
-0.034219,51.491
-0.1178,51.456
0.0038542,51.46
-0.10834,51.381
-0.24311,51.476
0.0018134,51.452
-0.35657,51.426
-0.21496,51.376
-0.30803,51.392
-0.081953,51.562
-0.10378,51.536
0.079171,51.379
-0.099474,51.494
0.05672,51.451
-0.11344,51.511
-0.25194,51.614
-0.13682,51.417
-0.095986,51.503
-0.28928,51.462
-0.16029,51.455
0.037579,51.46
-0.0079157,51.556
-0.075036,51.501
-0.14469,51.491
-0.18637,51.546
-0.21042,51.544
0.02701,51.542
-0.12222,51.491
-0.32755,51.464
0.060898,51.542
-0.084412,51.636
-0.087933,51.504
-0.141,51.355
-0.21565,51.438
-0.12699,51.495
-0.093655,51.591
-0.16314,51.408
-0.15211,51.354
-0.25057,51.627
-0.26979,51.529
-0.30855,51.456
-0.098734,51.524
-0.24266,51.499
0.027256,51.318
-0.11233,51.478
-0.1667,51.608
0.024127,51.555
-0.000408,51.447
-0.12144,51.429
-0.22335,51.493
-0.017732,51.465
-0.20048,51.561
-0.048363,51.463
-0.20711,51.561
0.025867,51.593
-0.097964,51.399
-0.14164,51.51
0.09001,51.575
-0.084796,51.527
0.063042,51.417
-0.34119,51.439
-0.044122,51.52
-0.30134,51.51
-0.11885,51.431
-0.023173,51.519
-0.32961,51.46
-0.0044656,51.577
-0.30483,51.393
-0.1553,51.434
0.034154,51.462
-0.026982,51.529
0.02762,51.362
-0.18608,51.502
-0.15748,51.488
-0.12953,51.564
-0.22907,51.508
0.09521,51.455
-0.37361,51.608
-0.10103,51.566
-0.073642,51.544
-0.076805,51.401
-0.24419,51.395
0.048939,51.433
-0.060575,51.432
-0.10748,51.454
-0.018901,51.617
-0.13878,51.511
-0.07522,51.382
-0.17915,51.485
-0.089595,51.619
-0.14452,51.509
-0.081249,51.527
-0.14747,51.499
-0.053509,51.424
-0.12041,51.555
-0.18505,51.514
-0.20263,51.381
-0.32886,51.447
-0.10137,51.413
-0.12926,51.497
-0.34134,51.584
-0.22072,51.385
-0.14876,51.519
-0.12362,51.607
-0.018206,51.58
-0.33778,51.578
0.0051364,51.539
-0.20325,51.497
-0.26103,51.545
-0.049454,51.543
-0.077688,51.527
-0.29855,51.427
0.036441,51.517
-0.13958,51.358
-0.36239,51.616
6.5e-06,51.562
-0.10767,51.487
-0.33063,51.485
-0.10472,51.503
-0.0080369,51.633
-0.1487,51.538
-0.30938,51.496
-0.11525,51.577
-0.20053,51.427
-0.15529,51.464
-0.020226,51.565
-0.13992,51.522
-0.22355,51.505
-0.30753,51.438
-0.21543,51.354
-0.012655,51.449
-0.24669,51.437
-0.16557,51.374
-0.44077,51.503
0.023002,51.399
-0.22131,51.441
-0.026331,51.617
-0.20534,51.431
-0.10186,51.487
-0.41678,51.56
-0.19963,51.419
-0.22416,51.433
-0.26031,51.538
-0.24549,51.533
-0.13983,51.507
0.088421,51.485
-0.21728,51.358
0.10395,51.384
-0.1597,51.423
-0.09211,51.549
-0.043468,51.468
-0.012639,51.586
-0.2128,51.459
0.022397,51.456
-0.2818,51.498
-0.15762,51.54
-0.10933,51.37
-0.15058,51.319
-0.10542,51.644
-0.19601,51.538
0.11941,51.496
-0.23646,51.608
-0.094084,51.621
0.08293,51.482
-0.0086088,51.472
-0.43175,51.449
-0.077117,51.533
-0.20956,51.494
-0.069499,51.391
-0.24871,51.537
-0.36774,51.558
-0.25757,51.435
-0.25553,51.582
-0.189,51.571
-0.2972,51.554
-0.24147,51.534
0.11604,51.563
-0.087347,51.591
-0.18832,51.373
-0.25231,51.553
-0.19546,51.571
0.13136,51.48
0.099015,51.529
-0.14084,51.55
-0.18002,51.571
-0.091433,51.65
0.082609,51.375
-0.11996,51.405
0.019866,51.481
-0.2287,51.502
-0.21127,51.397
-0.17182,51.54
0.0050423,51.374
-0.16715,51.362
-0.14056,51.516
-0.19865,51.406
-0.36375,51.428
-0.080189,51.643
-0.0024915,51.459
0.054377,51.52
-0.083618,51.424
-0.11807,51.553
-0.39275,51.431
-0.0044412,51.445
-0.10382,51.526
-0.11962,51.516
0.067777,51.428
-0.16436,51.421
-0.31229,51.542
-0.17741,51.545
-0.30952,51.43
-0.067802,51.585
-0.21083,51.519
-0.20193,51.544
-0.1759,51.516
-0.071293,51.55
-0.08994,51.466
-0.20312,51.508
0.020438,51.599
-0.011653,51.519
-0.24333,51.553
-0.32848,51.471
-0.12129,51.639
-0.041715,51.546
0.013007,51.417
-0.050929,51.521
-0.061349,51.537
-0.091999,51.551
0.20971,51.584
-0.049203,51.525
-0.22312,51.428
-0.29398,51.399
-0.11043,51.493
-0.17395,51.559
-0.18665,51.523
-0.19295,51.431
-0.19079,51.578
-0.2916,51.428
0.094711,51.536
-0.060055,51.377
-0.1253,51.385
-0.047352,51.561
-0.12895,51.499
-0.032737,51.579
-0.19963,51.45
-0.10777,51.518
-0.17241,51.537
-0.24502,51.392
-0.082816,51.6
0.071668,51.435
-0.30756,51.433
-0.18391,51.533
0.016126,51.412
-0.078185,51.415
-0.093771,51.478
-0.13665,51.509
0.094257,51.546
0.06358,51.477
-0.13814,51.506
0.15678,51.533
-0.42537,51.441
-0.18707,51.526
-0.1409,51.466
-0.24064,51.444
-0.29768,51.55
-0.034415,51.409
-0.16311,51.461
0.072287,51.475
-0.15871,51.391
-0.18212,51.548
-0.066256,51.416
-0.11139,51.439
-0.13051,51.546
0.055851,51.465
-0.095951,51.58
-0.13,51.348
-0.13174,51.432
-0.068882,51.464
-0.10661,51.47
-0.3467,51.569
0.11294,51.403
-0.13748,51.427
-0.39016,51.5
-0.12652,51.644
-0.11072,51.462
-0.18228,51.524
-0.24457,51.368
0.080191,51.567
-0.051714,51.379
-0.38237,51.447
-0.25002,51.582
-0.23518,51.426
0.064207,51.471
-0.095582,51.379
-0.1042,51.431
-0.3283,51.567
-0.3,51.395
0.030567,51.577
-0.16611,51.424
-0.24225,51.494
-0.14266,51.616
-0.016578,51.452
-0.25097,51.52
-0.11998,51.603
-0.093847,51.37
-0.064629,51.463
-0.084484,51.413
-0.43617,51.571
0.052218,51.552
-0.033544,51.438
-0.20421,51.354
-0.043317,51.37
-0.21236,51.512
-0.22447,51.395
-0.18591,51.534
0.2103,51.551
0.19552,51.579
0.071702,51.393
-0.12241,51.362
-0.057057,51.406
-0.11373,51.554
0.030074,51.48
-0.26275,51.433
-0.32027,51.437
-0.23887,51.394
-0.14999,51.651
-0.12136,51.513
-0.17797,51.443
-0.35497,51.52
-0.011497,51.427
0.0072491,51.568
-0.16587,51.446
-0.042133,51.417
-0.26624,51.458
-0.1933,51.589
-0.36049,51.415
-0.020427,51.604
-0.1238,51.37
-0.37729,51.501
-0.12551,51.647
0.041607,51.449
-0.05813,51.506
-0.14035,51.442
-0.37314,51.456
-0.48732,51.53
-0.17647,51.464
-0.074054,51.463
-0.13519,51.575
0.046737,51.483
0.031288,51.484
-0.14214,51.5
-0.25357,51.585
-0.253,51.467
-0.049179,51.356
-0.47392,51.516
0.044792,51.463
0.0040813,51.444
-0.12188,51.442
-0.36375,51.432
-0.3034,51.392
0.0598,51.426
0.052195,51.426
-0.10902,51.378
-0.1138,51.499
-0.27238,51.466
-0.27238,51.457
-0.25944,51.625
-0.30685,51.41
0.10169,51.483
-0.18155,51.531
-0.28735,51.534
-0.18522,51.531
-0.15576,51.518
-0.18094,51.476
-0.13534,51.517
-0.16108,51.428
-0.30586,51.537
-0.16327,51.416
-0.15369,51.6
-0.071797,51.392
-0.011236,51.451
-0.011252,51.465
-0.24941,51.625
-0.12539,51.492
-0.12294,51.434
-0.0016388,51.429
-0.12436,51.561
-0.21925,51.407
-0.14465,51.52
-0.20978,51.347
-0.42049,51.57
-0.13761,51.634
-0.065595,51.49
-0.17954,51.497
-0.30294,51.46
0.19557,51.585
-0.21377,51.417
0.19086,51.572
-0.20741,51.548
-0.19176,51.503
-0.17296,51.672
0.0063928,51.573
-0.031118,51.359
-0.14615,51.508
-0.24616,51.498
-0.22726,51.498
-0.019018,51.498
-0.10248,51.538
-0.1875,51.559
-0.214,51.503
-0.34853,51.533
-0.28829,51.565
-0.040928,51.432
0.16076,51.537
-0.061573,51.409
-0.43778,51.449
-0.053802,51.608
-0.28531,51.418
-0.15042,51.438
-0.11413,51.565
-0.12023,51.368
-0.12509,51.514
-0.2073,51.52
-0.11232,51.413
-0.077848,51.377
0.058609,51.437
-0.045479,51.41
-0.16821,51.538
-0.37877,51.418
-0.24255,51.621
0.018767,51.442
-0.40741,51.499
-0.18041,51.453
-0.078575,51.453
-0.36656,51.58
-0.22432,51.618
-0.18461,51.372
-0.20884,51.556
-0.41593,51.611
-0.18338,51.497
-0.28619,51.553
-0.1784,51.574
-0.183,51.495
-0.35811,51.453
-0.20212,51.364
-0.18985,51.423
-0.068094,51.382
0.017463,51.558
0.081446,51.446
-0.046875,51.541
-0.12583,51.412
-0.085416,51.64
0.0085536,51.483
-0.19934,51.455
-0.10514,51.381
-0.070565,51.387
-0.16323,51.433
-0.28468,51.416
-0.2593,51.489
-0.36104,51.469
-0.1897,51.51
-0.055018,51.411
-0.12028,51.381
0.034801,51.514
-0.13235,51.483
-0.2742,51.468
-0.17252,51.534
-0.26245,51.514
-0.22603,51.46
-0.055701,51.529
-0.12971,51.517
-0.20456,51.416
-0.21051,51.561
-0.23418,51.622
-0.24641,51.471
-0.14551,51.615
-0.31553,51.49
-0.11069,51.416
-0.15367,51.567
-0.075104,51.397
-0.13067,51.431
-0.24157,51.539
-0.16544,51.499
0.0088163,51.464
-0.020134,51.44
-0.03021,51.511
-0.10672,51.507
-0.20934,51.35
-0.011364,51.613
-0.12308,51.624
-0.074575,51.466
-0.039103,51.475
-0.070151,51.382
-0.25949,51.493
-0.26588,51.469
-0.14429,51.443
-0.24108,51.483
-0.31133,51.392
-0.35978,51.475
-0.030865,51.411
-0.072253,51.575
-0.1197,51.644
-0.16333,51.514
0.023009,51.596
-0.23124,51.547
-0.33959,51.571
-0.34006,51.515
-0.24269,51.56
-0.10028,51.527
-0.27465,51.533
-0.18204,51.416
-0.065746,51.623
-0.090036,51.389
0.18338,51.617
-0.069427,51.564
-0.18312,51.512
0.024737,51.404
-0.2113,51.493
-0.0039407,51.412
-0.055715,51.547
-0.20424,51.515
-0.10401,51.419
0.067973,51.513
-0.094037,51.536
-0.17646,51.562
-0.21107,51.448
-0.01725,51.43
0.056625,51.528
-0.16509,51.541
-0.16131,51.553
-0.078121,51.588
-0.3055,51.51
-0.20091,51.445
-0.19301,51.403
-0.19286,51.505
0.056273,51.487
-0.10267,51.458
-0.28769,51.519
-0.01829,51.628
0.039815,51.464
0.14806,51.533
0.051702,51.522
0.041879,51.538
0.013682,51.406
-0.047933,51.531
-0.16675,51.491
-0.34308,51.587
-0.1205,51.515
-0.25344,51.54
-0.48808,51.471
-0.18064,51.532
-0.05549,51.505
0.015751,51.402
-0.32024,51.498
-0.15693,51.554
0.15733,51.598
-0.267,51.571
-0.066199,51.481
-0.32257,51.461
0.11045,51.571
-0.29153,51.409
-0.022831,51.593
-0.12866,51.57
-0.20707,51.444
-0.10176,51.645
-0.34686,51.529
0.11379,51.489
-0.07462,51.556
-0.20956,51.521
-0.19167,51.56
0.093306,51.475
-0.079887,51.42
-0.25322,51.499
-0.37419,51.492
0.021261,51.615
-0.0093268,51.497
0.037867,51.471
-0.0007926,51.632
0.0083581,51.519
-0.029114,51.441
-0.19227,51.489
-0.20169,51.453
-0.33784,51.565
-0.28875,51.513
-0.099834,51.6
-0.26764,51.412
-0.14018,51.547
-0.16136,51.431
-0.18428,51.453
-0.28082,51.519
-0.21867,51.653
-0.23548,51.398
0.044669,51.461
-0.091969,51.424
-0.10356,51.521
-0.16134,51.369
-0.11387,51.513
-0.21543,51.539
-0.14811,51.578
-0.083983,51.456
-0.12459,51.571
-0.15328,51.406
-0.17147,51.447
-0.30938,51.513
0.0029877,51.424
-0.27941,51.585
-0.12794,51.63
0.0074241,51.418
-0.01312,51.527
-0.2981,51.52
-0.24958,51.536
-0.14935,51.52
-0.16116,51.671
-0.10572,51.565
-0.054214,51.5
-0.063345,51.483
-0.10122,51.506
-0.012716,51.636
-0.29423,51.453
-0.12626,51.401
0.011501,51.457
-0.19355,51.534
-0.020253,51.356
-0.092708,51.564
-0.2673,51.577
-0.015718,51.468
-0.25426,51.594
-0.13468,51.496
-0.19194,51.434
-0.095883,51.619
-0.01118,51.589
-0.23347,51.412
-0.13833,51.551
-0.057738,51.412
-0.10122,51.42
0.04039,51.605
0.000127,51.454
-0.011768,51.583
-0.11481,51.625
-0.082458,51.468
0.045411,51.603
-0.11651,51.571
-0.01637,51.59
-0.053992,51.377
-0.21277,51.552
-0.059154,51.474
-0.094006,51.634
-0.085927,51.564
-0.18231,51.55
-0.23547,51.551
-0.14135,51.571
-0.31071,51.54
-0.19978,51.434
0.084499,51.448
-0.17995,51.435
0.093334,51.376
-0.20722,51.495
-0.18572,51.5
-0.16267,51.495
0.062053,51.525
-0.234,51.402
0.12415,51.499
0.0058491,51.376
-0.04405,51.51
-0.21225,51.456
0.085459,51.484
-0.099305,51.561
-0.17138,51.549
-0.31232,51.52
-0.12449,51.445
-0.21958,51.426
0.019936,51.448
-0.068157,51.444
-0.079778,51.461
-0.21841,51.493
0.073976,51.317
-0.14578,51.399
-0.42378,51.481
0.10998,51.493
0.062082,51.314
-0.19601,51.549
-0.072403,51.652
-0.15999,51.515
-0.30138,51.518
-0.19278,51.49
-0.30032,51.511
-0.25666,51.574
-0.30407,51.397
-0.16784,51.411
-0.33005,51.556
-0.094484,51.541
-0.37998,51.559
-0.05724,51.604
0.014091,51.633
-0.14715,51.586
-0.073954,51.418
0.17941,51.451
-0.084245,51.486
-0.10021,51.417
-0.23342,51.485
-0.227,51.516
0.015466,51.406
0.016964,51.399
-0.01156,51.558
-0.21778,51.419
0.0034574,51.585
0.028687,51.407
-0.051868,51.466
-0.22037,51.55
-0.21922,51.561
-0.17578,51.47
0.031737,51.514
-0.21944,51.499
-0.30259,51.551
-0.2013,51.536
0.0003483,51.618
-0.13985,51.51
-0.29668,51.516
-0.34047,51.442
-0.065073,51.574
-0.12379,51.551
-0.035835,51.592
0.023373,51.571
-0.30177,51.549
0.0075349,51.521
-0.096255,51.584
-0.21747,51.545
-0.25211,51.486
0.05113,51.342
-0.17026,51.375
-0.14147,51.357
-0.2347,51.504
0.011544,51.631
-0.29235,51.524
-0.29529,51.506
-0.2412,51.534
-0.21401,51.562
-0.24283,51.549
0.031055,51.595
-0.034433,51.452
0.080269,51.378
-0.23454,51.547
-0.084305,51.402
-0.07036,51.56
-0.21093,51.409
0.011937,51.407
-0.17559,51.371
-0.42641,51.463
-0.19842,51.524
-0.038064,51.459
-0.39992,51.499
-0.22467,51.507
-0.11238,51.536
-0.096641,51.479
-0.020149,51.433
-0.11706,51.371
0.010375,51.479
-0.1506,51.523
-0.26032,51.501
-0.087434,51.437
-0.20797,51.351
-0.067255,51.409
-0.17687,51.486
-0.20919,51.414
-0.08461,51.494
-0.13313,51.538
-0.26373,51.46
0.0066593,51.459
-0.028175,51.6
-0.030209,51.471
-0.10386,51.433
-0.39458,51.502
-0.25224,51.47
-0.25266,51.391
-0.34295,51.565
-0.32402,51.537
-0.11232,51.614
-0.11039,51.386
-0.17874,51.538
-0.034972,51.53
-0.19517,51.48
-0.083591,51.667
-0.029777,51.463
-0.068628,51.555
-0.082939,51.371
-0.1385,51.508
-0.229,51.49
0.0024458,51.631
-0.0085708,51.569
-0.060366,51.533
-0.092171,51.401
-0.43743,51.452
-0.12286,51.402
-0.072801,51.468
-0.13469,51.622
0.11713,51.582
-0.072922,51.569
-0.43584,51.487
-0.16465,51.484
-0.33787,51.475
-0.30094,51.429
-0.18665,51.644
-0.040303,51.354
-0.19174,51.554
-0.024642,51.43
-0.453,51.533
-0.059894,51.388
-0.15039,51.512
0.022695,51.609
-0.058134,51.451
-0.17879,51.528
-0.15406,51.518
-0.25351,51.472
0.10424,51.479
-0.09236,51.502
-0.17819,51.515
-0.074752,51.375
-0.29625,51.404
0.10156,51.571
-0.17628,51.556
-0.019662,51.5
-0.29284,51.554
-0.0011138,51.601
-0.05045,51.541
-0.12995,51.519
0.0002505,51.622
-0.12389,51.483
-0.24648,51.511
0.080858,51.486
-0.14996,51.446
-0.38586,51.463
-0.13677,51.569
-0.30275,51.445
-0.16583,51.434
-0.21541,51.512
-0.0090952,51.585
-0.14115,51.464
-0.1515,51.52
-0.13761,51.578
-0.088069,51.42
-0.14423,51.497
-0.19425,51.612
-0.14057,51.402
-0.26649,51.495
0.042065,51.41
-0.037328,51.343
-0.12531,51.406
-0.12359,51.526
-0.19703,51.422
0.093255,51.478
-0.26589,51.617
-0.17562,51.475
0.052168,51.537
-0.23766,51.49
-0.22854,51.426
-0.036165,51.464
-0.15645,51.574
0.13348,51.482
-0.14828,51.414
-0.30597,51.584
-0.066917,51.544
-0.19371,51.483
0.11645,51.39
-0.25469,51.396
-0.079106,51.519
-0.30904,51.399
0.082587,51.48
0.046453,51.534
-0.14997,51.511
-0.1268,51.442
-0.22006,51.535
-0.053266,51.392
-0.11279,51.459
-0.25397,51.489
0.052188,51.537
-0.28585,51.522
-0.30434,51.457
-0.023924,51.505
0.031012,51.405
-0.2528,51.535
-0.29986,51.496
-0.30157,51.464
-0.20034,51.483
-0.039602,51.59
-0.087631,51.423
-0.28929,51.476
-0.34322,51.539
0.0017227,51.437
-0.015826,51.441
-0.088232,51.534
-0.044061,51.513
-0.13449,51.419
0.078346,51.572
0.058641,51.451
-0.074036,51.414
-0.1312,51.396
-0.20922,51.527
-0.055654,51.601
-0.06333,51.509
0.25802,51.55
-0.026767,51.433
-0.26996,51.461
-0.24544,51.587
-0.28016,51.492
0.0027441,51.618
-0.19449,51.489
-0.1039,51.496
0.020344,51.472
-0.076624,51.575
-0.2416,51.599
-0.028087,51.538
-0.049364,51.447
0.02644,51.401
-0.054584,51.419
-0.19272,51.362
-0.1582,51.352
-0.35387,51.572
-0.14625,51.519
-0.010279,51.642
-0.020493,51.456
-0.078895,51.652
0.097797,51.39
-0.26371,51.588
-0.17498,51.468
-0.2063,51.356
-0.30467,51.563
-0.026717,51.471
-0.096814,51.545
-0.096065,51.597
-0.11173,51.556
-0.1649,51.431
-0.31068,51.588
0.085922,51.479
-0.22096,51.579
0.041603,51.478
0.042384,51.559
-0.16124,51.36
-0.17505,51.56
-0.0039604,51.629
-0.058222,51.477
-0.035983,51.546
0.040074,51.453
-0.3773,51.577
-0.30759,51.454
-0.16459,51.477
-0.20112,51.486
-0.030695,51.576
-0.13741,51.481
-0.19855,51.348
-0.021432,51.584
-0.016177,51.577
-0.088294,51.567
-0.13512,51.487
-0.25049,51.394
-0.13536,51.551
-0.21946,51.571
0.23068,51.6
-0.1603,51.554
-0.25292,51.524
-0.079796,51.399
-0.15172,51.352
-0.22235,51.541
-0.01449,51.341
0.076178,51.375
-0.11967,51.463
-0.18448,51.614
0.0061691,51.531
-0.1635,51.406
0.01835,51.401
-0.11859,51.522
-0.26556,51.403
-0.10976,51.618
0.012337,51.383
-0.24183,51.456
-0.22043,51.415
-0.24082,51.616
0.023899,51.397
-0.3616,51.587
0.020355,51.582
0.0003344,51.571
-0.13776,51.553
-0.40503,51.58
-0.0021674,51.587
-0.29479,51.426
-0.089607,51.385
-0.0095866,51.483
0.11801,51.479
-0.17991,51.501
-0.12932,51.62
-0.1469,51.42
-0.26647,51.526
-0.055585,51.469
-0.21316,51.543
0.0068325,51.536
-0.24646,51.583
-0.12256,51.41
-0.20615,51.569
-0.032824,51.463
-0.083578,51.455
-0.223,51.553
-0.22441,51.372
-0.019783,51.446
0.051476,51.453
0.020423,51.585
0.040898,51.437
-0.10282,51.639
-0.18588,51.539
-0.28778,51.414
0.016589,51.628
-0.10607,51.44
-0.19064,51.427
-0.19754,51.517
-0.19269,51.416
0.010939,51.383
-0.0017153,51.44
0.11123,51.608
0.055281,51.511
0.0087036,51.384
-0.13028,51.515
-0.14032,51.415
-0.29061,51.412
-0.14298,51.592
-0.029431,51.37
-0.17155,51.552
-0.17506,51.421
0.009912,51.398
-0.17177,51.543
-0.39742,51.563
0.019867,51.546
-0.14085,51.53
0.14104,51.549
-0.20049,51.548
-0.0053034,51.464
-0.073408,51.402
-0.19501,51.509
-0.082924,51.557
-0.19352,51.514
-0.16399,51.449
0.04047,51.563
-0.065717,51.456
-0.098914,51.476
-0.16593,51.55
-0.28657,51.475
-0.099252,51.368
-0.16349,51.536
-0.29117,51.543
-0.0036049,51.51
-0.22881,51.531
0.032986,51.406
-0.11087,51.495
-0.40479,51.453
0.082065,51.367
-0.1288,51.526
-0.25754,51.406
-0.13766,51.63
-0.003638,51.402
-0.13225,51.463
-0.12006,51.454
-0.08344,51.529
-0.31146,51.521
0.0009358,51.445
0.026416,51.592
-0.38852,51.574
0.026516,51.482
-0.2057,51.411
0.084537,51.601
-0.0020905,51.56
-0.12286,51.439
-0.20835,51.422
-0.3515,51.471
-0.068664,51.389
-0.13417,51.463
-0.11466,51.424
-0.092985,51.499
-0.25146,51.542
0.0017399,51.629
0.06489,51.534
-0.20892,51.602
4.05e-05,51.614
0.090687,51.488
0.035797,51.449
-0.11123,51.623
-0.0005588,51.439
-0.080743,51.389
-0.35919,51.447
-0.25244,51.513
-0.29316,51.455
-0.3291,51.477
-0.22891,51.461
-0.23137,51.565
-0.0053294,51.633
0.21447,51.582
-0.089087,51.409
0.021506,51.587
-0.19096,51.421
-0.3283,51.453
-0.30327,51.581
-0.12373,51.463
0.11267,51.486
-0.068874,51.363
-0.13361,51.587
-0.21853,51.482
-0.12455,51.523
0.052526,51.527
-0.1088,51.435
0.022841,51.517
-0.04073,51.373
-0.077408,51.418
-0.33802,51.459
-0.13973,51.506
-0.29999,51.403
-0.12765,51.583
-0.19683,51.485
-0.14251,51.458
-0.097852,51.482
-0.18784,51.35
-0.13132,51.551
-0.25719,51.455
-0.0074479,51.601
-0.023447,51.583
-0.2337,51.501
-0.20319,51.455
-0.24044,51.385
-0.011158,51.607
0.052592,51.48
0.12591,51.435
-0.28538,51.512
-0.25123,51.385
-0.14368,51.637
-0.018134,51.585
-0.14139,51.538
-0.2779,51.385
-0.18274,51.605
-0.16427,51.459
-0.013309,51.5
-0.067944,51.575
0.036902,51.479
-0.1292,51.494
-0.22473,51.54
-0.30343,51.574
-0.23716,51.472
0.088425,51.476
-0.12378,51.566
-0.22639,51.541
-0.068741,51.377
0.051976,51.46
-0.17951,51.413
-0.085441,51.445
-0.20404,51.507
-0.20567,51.467
-0.28888,51.419
-0.055159,51.473
-0.19561,51.543
-0.094918,51.524
-0.22966,51.407
-0.19894,51.513
-0.091833,51.56
-0.19658,51.452
-0.2519,51.381
-0.20975,51.405
-0.33511,51.552
-0.20814,51.576
-0.17905,51.541
-0.10775,51.598
-0.3031,51.523
0.0064675,51.441
0.0079689,51.478
-0.17319,51.427
-0.15107,51.576
-0.15284,51.656
-0.078354,51.594
-0.1831,51.432
-0.34624,51.555
-0.25901,51.586
-0.13262,51.61
0.026078,51.578
-0.18074,51.552
-0.0075368,51.46
-0.09419,51.423
-0.24378,51.47
-0.082127,51.449
-0.1928,51.351
-0.29143,51.52
-0.17115,51.643
0.042684,51.564
-0.24954,51.464
0.023145,51.602
-0.065387,51.442
-0.10445,51.522
-0.029459,51.581
-0.062119,51.563
-0.35052,51.552
-0.37796,51.426
-0.19845,51.355
-0.070564,51.401
-0.23749,51.617
-0.010066,51.442
0.014678,51.446
-0.005211,51.466
-0.15432,51.424
-0.057698,51.488
0.065448,51.474
0.017437,51.484
-0.13501,51.531
-0.15865,51.426
0.0347,51.605
-0.21206,51.498
-0.25391,51.482
-0.058308,51.486
-0.091569,51.582
-0.35587,51.504
0.092853,51.487
-0.087185,51.584
-0.098812,51.504
-0.21643,51.555
-0.082913,51.498
-0.24216,51.514
-0.18886,51.488
-0.33979,51.549
-0.22368,51.557
-0.20375,51.554
0.10835,51.497
-0.17401,51.515
-0.085607,51.469
-0.1748,51.514
-0.22368,51.389
-0.037044,51.445
-0.11276,51.447
-0.12148,51.518
-0.21334,51.49
0.020015,51.504
-0.073584,51.562
-0.13288,51.51
-0.33745,51.445
-0.11949,51.494
-0.18365,51.53
-0.21958,51.548
-0.26439,51.567
-0.13728,51.512
-0.23867,51.384
-0.14871,51.41
-0.20484,51.447
-0.30468,51.512
-0.0085081,51.571
-0.020633,51.459
0.010985,51.543
-0.001526,51.39
-0.13885,51.542
-0.19859,51.586
-0.1874,51.419
-0.13001,51.499
-0.14938,51.357
-0.164,51.441
-0.23799,51.624
-0.26357,51.433
-0.14329,51.641
0.043557,51.492
-0.28339,51.472
-0.38481,51.56
-0.29708,51.424
0.18073,51.604
-0.15286,51.608
-0.21803,51.461
-0.27436,51.511
-0.27767,51.59
-0.34662,51.535
0.056382,51.416
0.035968,51.534
0.090006,51.36
-0.2886,51.507
-0.40024,51.584
-0.11425,51.523
-0.31111,51.397
-0.23416,51.542
-0.25866,51.568
-0.09899,51.386
-0.16726,51.366
-0.18554,51.552
-0.15875,51.472
-0.0021311,51.443
-0.075034,51.521
-0.091198,51.433
-0.41276,51.582
-0.34987,51.535
-0.2272,51.506
0.10136,51.427
-0.057869,51.448
-0.25428,51.575
-0.19736,51.356
-0.16266,51.467
-0.24972,51.551
-0.22267,51.459
-0.0006427,51.605
-0.3788,51.451
-0.073799,51.561
0.041631,51.545
-0.21802,51.38
-0.11778,51.514
-0.12762,51.496
0.049732,51.503
-0.014216,51.504
-0.13812,51.583
-0.23923,51.479
-0.17667,51.619
0.027493,51.577
-0.047316,51.479
-0.29148,51.457
-0.26387,51.545
0.1179,51.526
0.048896,51.491
-0.26636,51.576
-0.13506,51.531
-0.31425,51.44
-0.014155,51.481
-0.11976,51.486
0.028063,51.53
-0.11844,51.564
-0.3563,51.44
-0.2355,51.409
-0.44762,51.459
0.148,51.409
-0.080877,51.637
0.14633,51.564
-0.25851,51.593
-0.21578,51.43
-0.31806,51.581
0.21904,51.553
-0.28016,51.547
-0.07887,51.433
-0.088979,51.48
-0.14605,51.57
-0.21436,51.348
-0.022577,51.419
-0.059682,51.49
-0.0050943,51.594
-0.19095,51.507
-0.14402,51.516
0.040941,51.456
0.03692,51.545
-0.18298,51.479
-0.074235,51.499
-0.26592,51.581
-0.22069,51.554
-0.012925,51.459
-0.12979,51.549
-0.21254,51.54
-0.33236,51.553
-0.23846,51.577
-0.27643,51.505
-0.043085,51.524
-0.39875,51.497
-0.18228,51.411
-0.18047,51.646
-0.017701,51.61
-0.21413,51.482
-0.34437,51.43
-0.35134,51.442
-0.2654,51.513
-0.025458,51.498
-0.22008,51.363
-0.15753,51.613
0.027707,51.444
-0.11271,51.519
-0.14512,51.507
0.073001,51.327
-0.11242,51.574
-0.21533,51.615
-0.17207,51.442
0.033222,51.465
-0.20748,51.604
-0.13125,51.608
-0.15312,51.362
-0.14351,51.508
-0.1983,51.577
-0.18085,51.456
0.096086,51.378
0.0039306,51.623
0.015475,51.585
-0.19994,51.586
-0.18329,51.545
-0.093636,51.476
-0.13629,51.596
-0.015362,51.442
-0.034264,51.424
-0.28949,51.51
-0.22547,51.503
-0.08066,51.552
-0.15686,51.542
-0.1371,51.515
-0.13329,51.548
-0.24132,51.549
-0.09412,51.567
-0.10695,51.5
-0.13874,51.529
-0.18147,51.357
-0.35778,51.452
0.14204,51.554
-0.28499,51.518
-0.087417,51.581
-0.084121,51.592
-0.091726,51.494
-0.21793,51.578
-0.063545,51.476
-0.21584,51.509
-0.28014,51.399
-0.47571,51.533
-0.22174,51.537
-0.16977,51.467
-0.19635,51.348
0.057168,51.463
-0.0168,51.358
-0.30513,51.508
-0.1518,51.597
-0.1536,51.433
0.25224,51.553
-0.1366,51.471
-0.079594,51.494
-0.19427,51.585
-0.045087,51.387
-0.058821,51.403
-0.13071,51.513
-0.38752,51.502
-0.085358,51.484
-0.16175,51.388
-0.19328,51.507
0.023636,51.594
-0.1154,51.464
-0.005302,51.555
-0.2502,51.555
-0.21089,51.486
-0.19924,51.46
-0.21314,51.551
-0.14229,51.584
-0.18059,51.619
0.054862,51.459
-0.2157,51.535
-0.14772,51.451
-0.11398,51.559
-0.22389,51.543
-0.193,51.51
-0.13019,51.498
-0.26676,51.466
-0.30014,51.446
-0.045946,51.442
-0.30662,51.535
-0.20782,51.566
-0.3715,51.419
-0.12013,51.377
-0.000835,51.61
-0.17121,51.42
-0.20477,51.564
-0.14184,51.512
-0.10066,51.448
-0.27505,51.53
-0.019245,51.473
-0.29818,51.391
-0.12592,51.581
-0.19865,51.573
-0.0032153,51.602
-0.069494,51.495
-0.17555,51.475
-0.074349,51.582
-0.39702,51.558
0.0099666,51.55
0.15485,51.455
-0.16523,51.473
0.039405,51.502
-0.18056,51.547
-0.21277,51.368
0.072066,51.472
-0.12065,51.489
-0.15151,51.547
-0.18781,51.357
-0.066186,51.397
-0.14348,51.558
-0.055769,51.373
-0.12546,51.567
-0.15772,51.363
-0.065078,51.647
-0.30239,51.509
-0.30877,51.579
-0.2518,51.588
-0.11193,51.522
-0.20106,51.574
-0.22051,51.534
-0.13653,51.495
-0.3426,51.467
-0.33561,51.591
0.09851,51.479
-0.20456,51.55
-0.2869,51.395
-0.11951,51.357
-0.14728,51.578
-0.15615,51.493
-0.0632,51.403
-0.088218,51.587
-0.22911,51.561
0.084829,51.594
-0.30624,51.46
-0.083462,51.605
-0.021506,51.426
-0.13206,51.367
-0.2346,51.577
0.011888,51.547
-0.012286,51.511
-0.24054,51.414
-0.053216,51.441
0.049552,51.546
-0.18526,51.434
-0.26999,51.592
-0.028626,51.445
-0.34169,51.525
-0.28919,51.471
-0.3431,51.577
-0.083348,51.466
-0.25151,51.546
0.0090784,51.624
0.057006,51.454
-0.14371,51.516
-0.060467,51.481
-0.098111,51.364
-0.14683,51.354
-0.1382,51.316
-0.17698,51.531
-0.21732,51.444
-0.21627,51.427
0.2274,51.555
-0.071454,51.481
-0.31355,51.512
-0.092944,51.598
-0.21119,51.581
-0.22083,51.559
-0.19437,51.44
-0.3351,51.58
-0.22564,51.586
-0.0019766,51.606
-0.16944,51.545
-0.27935,51.489
-0.13059,51.361
0.052159,51.443
-0.11697,51.604
-0.045497,51.477
-0.10504,51.444
-0.10746,51.457
-0.0070138,51.468
-0.16003,51.515
-0.1917,51.521
-0.11455,51.496
-0.090618,51.421
-0.094552,51.64
-0.27019,51.488
-0.24257,51.585
-0.074826,51.379
-0.28519,51.512
-0.05983,51.496
-0.076889,51.455
-0.1201,51.563
0.10542,51.553
-0.11241,51.567
-0.10272,51.543
-0.17081,51.517
-0.078856,51.508
-0.20917,51.4
-0.22516,51.491
-0.13412,51.542
-0.2501,51.399
-0.29848,51.577
0.10085,51.436
-0.1983,51.567
-0.14974,51.401
-0.27028,51.496
-0.17545,51.487
-0.18884,51.479
-0.38765,51.494
-0.23906,51.372
-0.26454,51.534
0.062763,51.447
-0.0006725,51.573
-0.06992,51.582
-0.10792,51.624
-0.039248,51.435
0.078887,51.395
0.17529,51.598
0.081547,51.45
-0.21553,51.466
-0.02988,51.451
0.023314,51.412
-0.12245,51.511
-0.20909,51.54
-0.072959,51.602
-0.040481,51.493
-0.011742,51.343
-0.079333,51.573
-0.13765,51.518
-0.22929,51.403
-0.081109,51.565
-0.17579,51.644
-0.1975,51.512
-0.074546,51.405
-0.16826,51.532
0.1068,51.393
0.014323,51.453
-0.022301,51.442
-0.26772,51.46
-0.12379,51.548
0.022848,51.49
-0.20152,51.545
0.25186,51.549
-0.20908,51.572
-0.22954,51.563
-0.079839,51.549
-0.30695,51.522
-0.30468,51.416
-0.14127,51.578
-0.13789,51.614
-0.28711,51.537
0.01059,51.41
0.23507,51.602
0.062361,51.527
-0.070836,51.506
-0.13243,51.55
-0.16427,51.497
0.077559,51.455
-0.21764,51.413
0.031862,51.472
-0.28891,51.568
-0.29194,51.529
-0.18891,51.358
-0.34299,51.602
-0.1465,51.536
-0.025778,51.516
-0.12365,51.519
-0.076543,51.658
-0.0054811,51.513
-0.10736,51.572
-0.26167,51.411
0.04593,51.462
-0.192,51.492
-0.183,51.439
-0.23705,51.464
0.001681,51.46
0.068836,51.49
-0.17736,51.376
-0.32208,51.447
0.022542,51.576
-0.13274,51.486
-0.21171,51.46
-0.067258,51.579
-0.15477,51.425
-0.055842,51.556
-0.18917,51.363
-0.02368,51.596
-0.21008,51.488
-0.19616,51.576
-0.090028,51.413
-0.10003,51.631
-0.13158,51.501
0.057817,51.591
-0.10453,51.52
-0.15523,51.523
-0.039678,51.511
-0.11192,51.497
-0.13764,51.571
-0.17021,51.616
-0.0035085,51.569
-0.37776,51.499
-0.14135,51.518
-0.16468,51.386
0.21988,51.562
-0.15182,51.521
0.01978,51.402
-0.097897,51.375
-0.11178,51.514
-0.2187,51.411
-0.19138,51.36
-0.18961,51.585
-0.13994,51.454
-0.21129,51.42
-0.017287,51.609
-0.2134,51.494
0.033785,51.469
-0.20975,51.442
-0.058645,51.415
-0.27523,51.488
-0.22691,51.463
-0.23142,51.487
-0.21002,51.464
-0.14817,51.631
0.0086998,51.516
-0.13498,51.46
-0.13684,51.407
-0.060321,51.406
-0.1155,51.628
-0.052247,51.533
-0.16948,51.496
-0.1692,51.516
0.058852,51.449
0.0049594,51.528
-0.099211,51.549
-0.11915,51.403
-0.29734,51.514
-0.060041,51.387
-0.34785,51.454
-0.056497,51.359
-0.10027,51.371
0.073773,51.428
-0.13799,51.359
-0.15159,51.446
0.051774,51.404
-0.15029,51.444
-0.038735,51.409
-0.30774,51.488
0.027655,51.474
-0.0076491,51.581
-0.17952,51.385
-0.30399,51.358
0.02825,51.465
-0.12647,51.633
-0.19028,51.459
0.039491,51.399
-0.21876,51.461
-0.14336,51.591
-0.18569,51.349
-0.26553,51.584
-0.0040086,51.536
-0.095923,51.457
-0.36635,51.498
0.093876,51.604
-0.20963,51.517
-0.091896,51.387
-0.21251,51.359
0.032627,51.565
-0.089507,51.497
-0.10722,51.574
-0.25259,51.409
0.040218,51.602
-0.32393,51.449
-0.18308,51.517
-0.17852,51.462
-0.12298,51.633
0.048895,51.521
-0.26793,51.458
0.14551,51.536
-0.15305,51.498
-0.13444,51.633
-0.080347,51.462
-0.14566,51.513
-0.20672,51.421
-0.039183,51.525
-0.29548,51.542
-0.13216,51.549
-0.16188,51.549
-0.072212,51.491
-0.20627,51.458
-0.11461,51.44
-0.39962,51.56
0.063057,51.438
-0.27495,51.561
-0.054914,51.564
-0.15626,51.421
0.010455,51.432
-0.13791,51.547
-0.031201,51.568
-0.18506,51.495
-0.33668,51.475
-0.081274,51.397
-0.10687,51.528
-0.27945,51.494
-0.16665,51.519
-0.22777,51.584
-0.25985,51.546
0.066801,51.442
-0.0085109,51.571
-0.17152,51.526
-0.08335,51.658
0.010086,51.565
-0.18077,51.422
-0.15047,51.588
-0.038977,51.531
-0.10902,51.372
0.0007403,51.545
-0.38554,51.444
-0.011635,51.633
-0.31954,51.494
-0.20292,51.439
-0.024827,51.463
-0.10947,51.645
-0.09445,51.53
-0.11009,51.467
-0.14335,51.507
0.044481,51.449
-0.36397,51.53
0.20796,51.608
-0.072468,51.571
-0.013884,51.457
-0.050746,51.549
-0.1697,51.557
-0.056477,51.539
-0.13139,51.475
-0.030413,51.551
-0.31528,51.433
-0.03872,51.573
-0.081322,51.41
-0.2667,51.53
0.018604,51.401
-0.25395,51.537
0.069977,51.559
0.012222,51.405
-0.20062,51.524
-0.063461,51.498
-0.17979,51.479
-0.25659,51.613
-0.20794,51.509
-0.29968,51.412
-0.058014,51.417
-0.072924,51.509
-0.16114,51.486
0.033449,51.608
-0.33695,51.598
-0.034549,51.497
-0.048932,51.412
-0.070404,51.538
-0.077847,51.57
0.090916,51.596
-0.05364,51.439
-0.16329,51.55
-0.22381,51.468
-0.29742,51.417
0.016372,51.543
-0.19508,51.508
-0.086375,51.605
-0.031036,51.582
-0.13233,51.423
0.057627,51.526
-0.082406,51.497
-0.14923,51.442
0.010509,51.572
-0.2416,51.45
0.063521,51.489
-0.074734,51.554
0.13143,51.418
-0.11795,51.467
-0.020687,51.587
-0.17632,51.392
-0.17931,51.55
-0.096646,51.473
-0.087633,51.453
-0.095296,51.506
-0.09689,51.505
-0.0030577,51.386
-0.053082,51.519
-0.19134,51.549
0.004621,51.544
-0.12085,51.518
-0.13805,51.556
-0.24823,51.513
-0.13078,51.526
-0.2588,51.528
0.010754,51.388
-0.35175,51.566
-0.20366,51.51
-0.24326,51.535
-0.22677,51.468
-0.28507,51.476
0.045786,51.517
-0.03931,51.377
-0.11043,51.456
-0.057573,51.459
-0.27414,51.469
-0.16946,51.493
-0.27224,51.39
-0.0043184,51.336
-0.0090434,51.445
0.028099,51.592
-0.18317,51.363
-0.21529,51.463
0.10114,51.427
-0.26089,51.395
0.044963,51.468
-0.098386,51.486
-0.04137,51.461
-0.23203,51.506
0.12699,51.432
-0.35895,51.56
-0.24781,51.615
0.0043604,51.562
-0.062256,51.599
-0.13135,51.464
-0.053938,51.409
-0.18603,51.368
-0.29878,51.364
-0.064612,51.567
-0.42019,51.568
0.07689,51.601
-0.14165,51.424
-0.17772,51.664
0.073413,51.489
0.0037998,51.635
-0.022201,51.508
-0.16236,51.398
-0.24807,51.467
-0.21751,51.501
-0.31474,51.506
-0.20113,51.43
-0.1463,51.364
-0.27162,51.585
-0.096483,51.507
-0.20428,51.414
-0.12061,51.587
-0.30459,51.526
-0.35086,51.436
-0.092198,51.393
0.074195,51.541
0.030027,51.477
0.015056,51.449
-0.14583,51.551
-0.19994,51.571
-0.056322,51.591
0.12542,51.481
-0.12857,51.582
-0.29143,51.39
-0.049756,51.517
-0.13795,51.517
-0.17681,51.368
-0.14345,51.632
-0.19242,51.348
-0.20884,51.371
-0.15301,51.521
0.022602,51.474
-0.077001,51.427
-0.21498,51.505
-0.20597,51.546
-0.37864,51.431
-0.093171,51.496
-0.41425,51.438
-0.023157,51.6
-0.15809,51.456
-0.16765,51.428
-0.26237,51.583
-0.13229,51.555
-0.094969,51.614
-0.085087,51.5
-0.32002,51.535
-0.19452,51.426
0.034089,51.484
-0.21147,51.344
-0.068172,51.38
-0.13486,51.398
0.060102,51.47
-0.22878,51.493
-0.20591,51.461
-0.10291,51.523
-0.14277,51.535
-0.30619,51.558
-0.16827,51.534
-0.22996,51.376
-0.10508,51.549
-0.3156,51.437
-0.09341,51.661
-0.14712,51.443
-0.13924,51.59
-0.30376,51.62
-0.031591,51.447
-0.12759,51.587
-0.15171,51.548
-0.30688,51.425
-0.14599,51.574
-0.30844,51.519
-0.17714,51.483
-0.019618,51.445
-0.16005,51.406
-0.17661,51.382
-0.2358,51.56
-0.1075,51.48
-0.11502,51.388
-0.17366,51.557
-0.13938,51.506
-0.16966,51.473
-0.26238,51.591
-0.072208,51.454
-0.23593,51.467
-0.034605,51.439
-0.035249,51.479
0.076816,51.545
0.071423,51.485
-0.070583,51.415
-0.29862,51.541
-0.25574,51.623
-0.37448,51.561
-0.17578,51.379
-0.18276,51.368
-0.18155,51.518
0.0049722,51.48
-0.23848,51.447
-0.27818,51.593
-0.24762,51.48
-0.37127,51.582
-0.31126,51.565
-0.082914,51.419
-0.26569,51.401
0.047401,51.539
-0.06792,51.548
-0.16422,51.362
-0.24784,51.538
-0.085533,51.555
-0.26166,51.491
0.19726,51.546
-0.1819,51.535
-0.17739,51.491
-0.24821,51.596
-0.010894,51.462
-0.15954,51.613
0.057236,51.429
-0.027592,51.427
0.15997,51.53
-0.18684,51.486
-0.18158,51.528
-0.22579,51.549
-0.24091,51.477
-0.28233,51.513
-0.17838,51.493
-0.13392,51.413
0.11216,51.433
-0.322,51.516
-0.35862,51.582
-0.068234,51.497
-0.17993,51.483
-0.094748,51.437
-0.096947,51.474
-0.17576,51.612
-0.086238,51.623
0.021625,51.597
0.018186,51.575
-0.32442,51.541
-0.055546,51.505
-0.23533,51.602
0.019323,51.59
-0.052508,51.528
-0.078976,51.362
-0.018143,51.593
-0.38578,51.434
0.046478,51.55
-0.27578,51.583
-0.1985,51.542
0.028834,51.485
-0.21403,51.562
-0.13362,51.512
-0.089361,51.369
-0.14691,51.562
-0.034311,51.584
-0.20798,51.53
0.0040613,51.468
-0.086547,51.403
-0.16431,51.542
0.12009,51.613
-0.07712,51.495
-0.0085743,51.438
-0.20312,51.584
-0.0038701,51.457
-0.18962,51.416
-0.19192,51.355
-0.24281,51.412
0.10292,51.433
0.019634,51.436
-0.19329,51.571
0.095453,51.57
-0.1807,51.49
-0.14337,51.493
-0.096999,51.637
-0.20273,51.374
-0.13986,51.397
-0.13388,51.5
-0.12131,51.598
-0.012321,51.468
-0.30926,51.5
0.006344,51.451
-0.29299,51.551
-0.070896,51.599
-0.14708,51.402
-0.25739,51.589
-0.14446,51.514
0.014531,51.556
-0.19164,51.51
-0.13687,51.462
0.0063797,51.434
-0.06843,51.406
-0.10283,51.559
-0.18402,51.554
-0.26334,51.489
-0.0094198,51.467
-0.062802,51.386
-0.20169,51.657
0.1888,51.579
-0.30876,51.526
-0.17383,51.45
-0.021199,51.352
-0.26373,51.514
-0.17416,51.582
-0.10105,51.634
0.01808,51.463
-0.15127,51.506
-0.29385,51.417
0.045719,51.436
-0.098159,51.489
0.017439,51.4
-0.26834,51.471
-0.11058,51.489
-0.24717,51.384
-0.071524,51.54
-0.11041,51.519
-0.17132,51.38
-0.39588,51.575
-0.35058,51.621
-0.11882,51.518
-0.10304,51.553
-0.14866,51.479
-0.022077,51.579
-0.38586,51.566
-0.22828,51.364
-0.081852,51.65
-0.0401,51.591
-0.19791,51.365
-0.026468,51.577
0.015482,51.41
-0.0027134,51.484
-0.34629,51.542
-0.18212,51.407
-0.211,51.381
-0.076695,51.574
-0.080826,51.436
-0.11059,51.465
-0.37028,51.492
-0.0090297,51.339
-0.11511,51.566
-0.17382,51.417
-0.13786,51.637
-0.23169,51.414
-0.073829,51.612
-0.16578,51.418
-0.26346,51.482
-0.33426,51.486
0.033078,51.502
-0.23642,51.418
-0.11921,51.519
-0.033496,51.485
-0.0212,51.576
-0.3058,51.495
0.039674,51.474
-0.36439,51.528
-0.16978,51.493
-0.063497,51.474
-0.21042,51.512
-0.0088624,51.639
0.0096958,51.617
-0.10071,51.451
0.066374,51.482
-0.023508,51.515
-0.37595,51.454
-0.27831,51.542
0.024634,51.576
-0.070122,51.462
-0.26891,51.508
-0.10531,51.467
-0.051582,51.458
0.0007054,51.541
-0.070723,51.529
-0.18387,51.455
-0.19648,51.354
-0.225,51.648
-0.029984,51.545
-0.13129,51.515
-0.23752,51.479
-0.3517,51.568
-0.18216,51.536
-0.23205,51.464
-0.21333,51.555
-0.15976,51.485
-0.13845,51.598
-0.12267,51.652
0.045785,51.427
-0.26789,51.493
-0.16403,51.425
-0.11341,51.516
0.027803,51.322
-0.1024,51.55
-0.07783,51.47
-0.34384,51.55
-0.031018,51.568
0.069904,51.474
-0.2001,51.409
0.033789,51.586
-0.15125,51.43
-0.12642,51.628
0.044451,51.39
-0.098457,51.542
-0.20868,51.45
-0.1472,51.506
-0.33561,51.586
-0.10362,51.629
-0.18424,51.355
0.10411,51.491
-0.0025805,51.567
-0.43272,51.459
-0.4008,51.573
-0.19818,51.457
-0.096505,51.642
-0.32872,51.555
0.11778,51.383
-0.14488,51.359
-0.020369,51.524
-0.20974,51.51
0.0056676,51.453
-0.12009,51.558
-0.031671,51.413
-0.19106,51.587
-0.19017,51.486
-0.16531,51.617
-0.03689,51.377
-0.40778,51.557
-0.24596,51.597
-0.093729,51.363
-0.18116,51.582
-0.16979,51.515
-0.046586,51.493
-0.10361,51.372
-0.16221,51.61
-0.2227,51.609
0.054229,51.464
0.031782,51.522
-0.16563,51.441
-0.27247,51.491
-0.14651,51.584
-0.098598,51.622
-0.18907,51.535
-0.098706,51.645
-0.041713,51.381
-0.089915,51.449
-0.18408,51.491
-0.080637,51.422
-0.14149,51.511
-0.091764,51.584
-0.19926,51.507
-0.16923,51.475
-0.069713,51.594
0.06249,51.493
0.057758,51.523
0.063354,51.532
-0.13393,51.5
-0.21396,51.371
0.061058,51.607
0.10182,51.358
-0.09646,51.601
-0.39479,51.559
-0.20235,51.551
-0.0055695,51.461
-0.17323,51.397
-0.17187,51.531
-0.19124,51.494
-0.22237,51.382
-0.024662,51.608
0.019686,51.549
0.021672,51.411
-0.38354,51.564
-0.3594,51.575
-0.2418,51.59
0.036886,51.597
-0.0028916,51.433
-0.11686,51.53
0.11336,51.527
0.010083,51.621
-0.066589,51.464
0.026576,51.476
-0.16568,51.4
-0.42724,51.497
-0.094496,51.604
0.083866,51.486
-0.11656,51.512
-0.11627,51.521
0.012807,51.559
-0.061601,51.503
-0.096811,51.373
-0.15798,51.515
-0.15849,51.576
-0.2446,51.613
-0.017302,51.619
-0.21558,51.424
0.052631,51.49
0.0081424,51.489
-0.0060244,51.538
-0.26269,51.578
-0.14776,51.504
-0.23504,51.37
-0.053479,51.481
-0.089035,51.505
-0.088973,51.548
-0.06527,51.448
-0.1021,51.598
-0.10683,51.538
-0.36334,51.535
-0.28532,51.533
-0.30756,51.551
-0.30096,51.52
-0.14564,51.526
-0.12754,51.606
0.063296,51.444
-0.068022,51.598
-0.18586,51.58
-0.21064,51.611
-0.14005,51.369
-0.13324,51.528
-0.06354,51.548
-0.17745,51.355
0.10975,51.487
-0.022017,51.447
-0.3901,51.43
-0.1809,51.417
-0.048468,51.389
-0.068,51.372
-0.12289,51.52
-0.32158,51.557
-0.084549,51.542
-0.085331,51.569
-0.21655,51.461
-0.14158,51.514
-0.32347,51.521
0.11459,51.568
-0.14357,51.547
-0.10842,51.591
-0.15849,51.417
-0.2673,51.527
-0.2057,51.446
0.02394,51.549
-0.052094,51.389
-0.19787,51.563
-0.0085528,51.435
-0.13822,51.534
-0.38714,51.5
-0.14507,51.545
0.084013,51.568
-0.13761,51.509
-0.23846,51.451
-0.21654,51.359
0.035146,51.576
-0.091554,51.364
-0.33123,51.515
-0.17323,51.411
-0.049813,51.397
-0.10912,51.577
-0.10234,51.437
-0.3609,51.427
-0.20855,51.375
-0.3717,51.428
-0.16292,51.49
-0.015202,51.411
-0.33868,51.601
-0.095738,51.402
-0.074071,51.508
-0.071633,51.535
-0.1096,51.616
0.090836,51.481
-0.098319,51.553
-0.28844,51.525
-0.14925,51.509
-0.16193,51.351
-0.35381,51.507
-0.12489,51.522
-0.31092,51.507
0.000818,51.434
-0.22208,51.53
-0.31965,51.455
-0.39301,51.566
-0.14802,51.591
0.014588,51.474
0.058199,51.405
-0.10847,51.507
-0.077524,51.416
-0.11904,51.438
0.10137,51.436
-0.122,51.628
0.079488,51.372
-0.15601,51.539
0.066999,51.477
-0.10535,51.552
-0.22428,51.487
-0.083923,51.589
0.028292,51.575
0.022956,51.472
0.018944,51.42
-0.054528,51.506
-0.29142,51.517
-0.17185,51.424
-0.25732,51.562
-0.24968,51.453
-0.075358,51.519
-0.078669,51.423
-0.079772,51.425
-0.21835,51.553
-0.15458,51.554
-0.2123,51.453
0.05369,51.493
-0.072766,51.596
-0.010693,51.335
-0.11767,51.515
-0.16909,51.502
0.013852,51.398
-0.2454,51.556
-0.099866,51.37
-0.17546,51.461
-0.32713,51.553
-0.25414,51.625
-0.05386,51.514
-0.12928,51.462
-0.025393,51.412
-0.26189,51.487
-0.09091,51.607
-0.20719,51.507
-0.19794,51.394
0.21005,51.572
-0.18398,51.481
0.014255,51.482
-0.21086,51.525
-0.11975,51.529
-0.25811,51.497
0.0093622,51.568
-0.38125,51.592
0.079369,51.479
-0.012675,51.579
0.087278,51.415
0.024811,51.589
-0.07039,51.45
-0.33644,51.46
-0.1225,51.428
-0.20792,51.522
-0.017831,51.435
-0.35882,51.54
0.099165,51.354
-0.3306,51.521
-0.15456,51.497
0.055482,51.463
0.01098,51.54
-0.061914,51.4
-0.14927,51.538
-0.14258,51.517
-0.12809,51.447
0.0024099,51.62
-0.22462,51.551
0.012473,51.521
0.016987,51.393
-0.08324,51.561
-0.14596,51.523
-0.011953,51.454
-0.26406,51.407
-0.072714,51.579
0.015159,51.594
-0.17466,51.512
-0.094887,51.623
0.023329,51.442
0.018455,51.458
-0.039997,51.587
0.084417,51.368
-0.085027,51.566
-0.11101,51.461
0.06234,51.518
-0.25996,51.413
0.023733,51.463
-0.10152,51.611
-0.16175,51.388
0.055824,51.453
-0.24469,51.619
-0.34066,51.572
-0.22258,51.498
0.034461,51.427
-0.19157,51.536
0.064121,51.43
-0.0099598,51.464
0.017189,51.439
0.090113,51.57
-0.069331,51.49
-0.22021,51.454
-0.33288,51.534
-0.064613,51.375
-0.32192,51.569
-0.14029,51.573
-0.070453,51.578
-0.10485,51.474
-0.047,51.405
-0.38401,51.497
-0.2295,51.37
-0.33919,51.542
-0.2071,51.403
-0.14841,51.453
-0.093664,51.588
-0.025406,51.59
-0.099857,51.453
-0.086973,51.394
-0.31567,51.49
-0.2629,51.57
-0.1662,51.533
-0.0019269,51.438
-0.0092393,51.477
-0.17391,51.539
-0.3131,51.497
-0.11063,51.441
0.047076,51.487
-0.24829,51.541
-0.12397,51.569
-0.16917,51.357
-0.066954,51.412
-0.15271,51.376
-0.23588,51.483
-0.047258,51.438
-0.071392,51.573
0.0059091,51.614
-0.042294,51.442
-0.17739,51.539
0.04986,51.437
-0.032093,51.523
-0.38908,51.602
-0.022312,51.625
-0.23911,51.509
0.029722,51.453
-0.2186,51.424
-0.070803,51.514
-0.13814,51.619
0.072317,51.437
-0.029264,51.462
-0.25641,51.487
-0.3749,51.43
-0.010378,51.566
-0.27878,51.42
-0.13232,51.595
-0.37132,51.577
-0.30124,51.466
-0.12879,51.432
-0.3014,51.516
-0.31039,51.393
-0.10969,51.559
0.053033,51.602
-0.18355,51.476
-0.056003,51.558
-0.028693,51.542
-0.16211,51.379
0.067497,51.526
-0.10788,51.478
-0.30013,51.525
0.23212,51.576
-0.27903,51.466
-0.1364,51.513
-0.26275,51.405
-0.29671,51.396
-0.33703,51.555
-0.16084,51.536
-0.30257,51.412
0.032065,51.487
-0.10144,51.501
-0.075677,51.501
-0.12542,51.511
-0.22616,51.535
-0.081216,51.553
-0.17267,51.486
0.088711,51.385
-0.25676,51.433
-0.20091,51.344
-0.18461,51.571
-0.13191,51.623
-0.2408,51.538
-0.1556,51.44
-0.080165,51.504
-0.053114,51.539
-0.25339,51.406
-0.18644,51.347
-0.21768,51.447
-0.013147,51.476
0.054848,51.542
-0.13623,51.43
-0.027259,51.506
-0.11996,51.582
-0.11557,51.383
-0.18765,51.37
0.01934,51.477
-0.028235,51.466
-0.031556,51.516
0.047199,51.492
0.1226,51.496
-0.11747,51.386
-0.079562,51.545
-0.30203,51.527
-0.096387,51.368
-0.12322,51.411
-0.13889,51.452
-0.15592,51.597
-0.22841,51.513
-0.19645,51.581
-0.0094382,51.428
-0.33733,51.573
-0.36016,51.565
-0.13206,51.567
-0.20573,51.416
-0.19454,51.53
-0.073097,51.517
-0.017977,51.521
0.042495,51.43
-0.25882,51.543
0.046394,51.486
-0.18004,51.466
-0.11896,51.569
-0.12564,51.529
0.10349,51.555
-0.17228,51.388
-0.15987,51.465
-0.18952,51.58
0.18645,51.585
-0.21232,51.547
-0.082625,51.556
-0.16227,51.355
-0.17464,51.414
-0.21687,51.461
-0.1463,51.556
-0.37859,51.5
-0.10849,51.384
0.025938,51.432
0.019781,51.484
-0.16548,51.547
0.088333,51.378
0.029673,51.608
-0.31373,51.584
-0.10539,51.61
-0.12664,51.515
-0.15031,51.49
0.026645,51.564
-0.24067,51.502
-0.31362,51.508
0.12308,51.397
0.066794,51.515
-0.018238,51.555
-0.22726,51.546
-0.07724,51.459
-0.36002,51.519
-0.18298,51.464
-0.16029,51.606
-0.067085,51.517
-0.12685,51.543
-0.19557,51.54
-0.076589,51.538
-0.1068,51.569
0.0056581,51.483
0.035327,51.583
-0.10913,51.596
-0.1416,51.365
-0.33417,51.578
-0.015235,51.49
-0.16453,51.444
-0.042261,51.555
-0.18672,51.439
0.14805,51.534
-0.11102,51.498
-0.04894,51.44
-0.32913,51.456
0.047327,51.474
-0.15764,51.582
0.090937,51.476
-0.19362,51.419
-0.24391,51.375
-0.16791,51.361
-0.063812,51.439
-0.07685,51.535
-0.19656,51.582
-0.2227,51.424
-0.27293,51.46
-0.053374,51.427
-0.30503,51.4
-0.22192,51.546
-0.32122,51.423
-0.10551,51.607
-0.41236,51.448
-0.2138,51.422
-0.17612,51.404
-0.16031,51.496
0.23394,51.594
-0.35224,51.481
-0.2872,51.407
-0.40149,51.551
-0.20881,51.459
-0.31917,51.519
-0.15088,51.498
-0.093303,51.406
-0.11781,51.555
-0.22453,51.511
-0.18546,51.499
-0.18934,51.445
-0.42674,51.497
0.028722,51.451
-0.18937,51.56
-0.067678,51.454
-0.23462,51.534
-0.095852,51.557
0.22133,51.551
-0.22759,51.578
-0.067861,51.474
-0.10568,51.466
-0.075831,51.452
-0.14661,51.535
-0.16439,51.494
-0.34964,51.533
0.079307,51.386
-0.1834,51.36
-0.13154,51.531
-0.17931,51.366
-0.41149,51.57
0.066771,51.469
-0.073004,51.565
-0.1527,51.474
0.040721,51.445
-0.10517,51.437
-0.29727,51.46
-0.22339,51.375
-0.2381,51.461
-0.060199,51.499
-0.0034402,51.513
-0.13774,51.521
-0.12049,51.484
-0.009793,51.474
0.023588,51.58
-0.0058478,51.624
0.035748,51.392
-0.25117,51.56
-0.086444,51.621
0.016704,51.599
0.10108,51.428
-0.30812,51.547
-0.11739,51.445
-0.23151,51.462
-0.39467,51.578
-0.26232,51.575
-0.15664,51.356
-0.17921,51.35
-0.13347,51.573
-0.22241,51.445
-0.22806,51.555
-0.12496,51.604
-0.039292,51.507
-0.35615,51.562
0.045765,51.527
-0.019332,51.35
0.13611,51.454
-0.047951,51.513
-0.083124,51.431
-0.13273,51.39
-0.20423,51.529
-0.12164,51.407
-0.1892,51.542
-0.32693,51.428
-0.087104,51.417
-0.36284,51.422
-0.044147,51.552
-0.28316,51.468
-0.18249,51.485
-0.11938,51.374
-0.19369,51.536
-0.14801,51.351
-0.28489,51.539
0.058675,51.531
-0.010079,51.462
-0.30934,51.609
-0.17574,51.489
-0.20181,51.417
-0.1274,51.438
-0.16316,51.642
-0.025111,51.57
-0.11753,51.452
-0.14105,51.496
-0.035318,51.466
-0.12067,51.58
-0.16761,51.372
0.053539,51.609
-0.33113,51.538
-0.043897,51.465
-0.017082,51.433
-0.079264,51.465
-0.16182,51.435
-0.33067,51.58
-0.14195,51.569
-0.10856,51.589
-0.20436,51.421
-0.16737,51.476
0.024591,51.566
-0.026204,51.586
-0.007304,51.379
-0.073268,51.563
0.022225,51.594
-0.22946,51.45
-0.1065,51.466
-0.11839,51.527
-0.21897,51.433
-0.018602,51.458
-0.12386,51.43
-0.13643,51.509
-0.25209,51.601
-0.10114,51.588
-0.079401,51.56
-0.29631,51.508
-0.11952,51.616
-0.084027,51.495
-0.12628,51.407
-0.11471,51.434
-0.45857,51.494
-0.061621,51.425
-0.18763,51.512
-0.19774,51.487
-0.21342,51.447
-0.022115,51.618
-0.050255,51.511
-0.097305,51.417
-0.17662,51.622
-0.37182,51.446
-0.21451,51.351
-0.25967,51.527
-0.23364,51.605
-0.17361,51.541
-0.19808,51.415
-0.30492,51.554
-0.023442,51.581
-0.1874,51.378
-0.065098,51.593
0.076891,51.492
-0.26082,51.551
-0.39801,51.5
0.075059,51.565
-0.30704,51.361
-0.07207,51.5
-0.15244,51.563
-0.20507,51.497
-0.11479,51.607
-0.29615,51.518
0.044779,51.432
-0.26582,51.493
-0.2259,51.534
-0.33043,51.532
-0.094973,51.413
-0.17671,51.447
-0.054723,51.602
-0.29333,51.618
-0.016588,51.624
-0.0083362,51.573
-0.12698,51.468
-0.098922,51.501
0.048854,51.429
-0.17334,51.49
0.015236,51.514
-0.081212,51.527
-0.090973,51.504
-0.15901,51.548
-0.12981,51.633
-0.08045,51.477
-0.22672,51.41
-0.076059,51.542
-0.19607,51.443
-0.03632,51.368
0.024692,51.583
-0.11538,51.522
-0.28678,51.41
-0.14291,51.62
-0.05859,51.463
-0.18809,51.353
-0.29823,51.509
-0.14784,51.439
0.10994,51.485
0.083305,51.474
0.014593,51.396
0.013191,51.614
-0.22073,51.468
-0.074295,51.471
0.06693,51.439
-0.14064,51.585
-0.16684,51.544
-0.0027162,51.441
-0.22995,51.499
-0.090064,51.491
-0.18679,51.484
-0.33883,51.603
-0.23458,51.545
0.010799,51.555
-0.26201,51.47
0.059864,51.553
-0.2175,51.532
0.028979,51.564
-0.069727,51.553
-0.020794,51.53
0.056978,51.539
-0.066421,51.568
-0.11286,51.482
-0.05713,51.533
-0.13496,51.521
-0.12594,51.478
-0.089715,51.406
-0.243,51.485
-0.11291,51.561
-0.1534,51.495
-0.27899,51.582
-0.0024392,51.625
0.10701,51.372
0.0029158,51.626
-0.037562,51.462
-0.034835,51.595
-0.14682,51.51
-0.11784,51.345
-0.37781,51.493
-0.012643,51.346
0.030696,51.59
-0.18392,51.343
-0.25501,51.621
-0.24127,51.579
-0.039084,51.475
-0.11372,51.487
-0.18275,51.442
0.0037666,51.535
0.05014,51.603
-0.175,51.484
-0.064145,51.524
-0.1324,51.565
-0.16786,51.573
0.091626,51.486
-0.24226,51.419
0.060382,51.491
-0.06285,51.596
-0.013204,51.428
-0.076025,51.566
-0.30512,51.46
-0.27171,51.487
-0.077528,51.413
-0.10087,51.53
-0.077326,51.606
-0.35206,51.433
-0.25867,51.465
0.026426,51.573
-0.31946,51.515
-0.15791,51.475
-0.16636,51.516
0.081622,51.359
-0.023294,51.532
-0.21591,51.508
-0.10592,51.422
-0.24765,51.534
-0.011283,51.439
-0.053677,51.419
-0.086611,51.365
-0.087463,51.5
-0.10709,51.543
-0.11881,51.471
-0.39347,51.598
0.019143,51.477
-0.20694,51.489
-0.056484,51.44
-0.15756,51.556
-0.20037,51.533
-0.19161,51.575
0.020952,51.439
-0.21594,51.355
-0.0064569,51.475
-0.21123,51.5
0.019396,51.407
-0.41906,51.439
-0.21463,51.403
-0.015558,51.562
0.02667,51.458
-0.40241,51.571
0.0026708,51.44
-0.19697,51.375
-0.16828,51.403
-0.14376,51.604
-0.085016,51.544
-0.065253,51.59
-0.12699,51.517
-0.19042,51.62
-0.065414,51.458
-0.11034,51.475
-0.1952,51.459
-0.14085,51.513
-0.047813,51.378
-0.24424,51.566
-0.028173,51.536
-0.09476,51.608
-0.10556,51.381
0.1198,51.4
-0.21807,51.458
0.056074,51.432
-0.11152,51.518
-0.11545,51.519
-0.10318,51.465
-0.30927,51.511
0.098689,51.486
-0.1784,51.555
-0.0037553,51.587
-0.12354,51.479
0.1013,51.382
-0.014976,51.524
-0.13223,51.604
0.21546,51.627
-0.21519,51.407
0.055679,51.457
-0.0065597,51.591
-0.1133,51.57
0.095312,51.485
-0.18205,51.623
-0.10633,51.488
-0.33719,51.513
-0.12415,51.323
