-4.0999713,53.2646691
-4.1363336,53.2270591
-4.0903907,53.2136849
-4.1994515,53.2209175
-4.1066084,53.2167069
-4.1345,53.2281372
-4.143564,53.2385966
-4.1599776,53.2292008
-4.1501785,53.2157982
-4.1519032,53.223191
-4.1995858,53.2257796
-4.0605581,53.1795009
-4.1265746,53.2321099
-4.1230809,53.228504
-4.1339247,53.226052
-4.1348827,53.2264075
-4.1626327,53.2035319
-4.1729876,53.2082395
-4.0478477,53.1773972
-4.0629975,53.197132
-4.1628457,53.2257079
-4.0907362,53.1929462
-4.1401801,53.2177478
-4.1805149,53.2049587
-4.1460345,53.2144839
-4.1243877,53.2275768
-4.1599252,53.2193365
-4.1763937,53.2308142
-4.0631611,53.1915822
-4.0875271,53.1817398
-4.0575965,53.182386
-4.1665131,53.2273743
-4.1664993,53.2087062
-4.066605,53.1815399
-4.1917163,53.2208767
-4.0835029,53.1902647
-4.1967148,53.2225348
-4.0163135,53.2346909
-4.1338472,53.2296103
-4.1723461,53.2286747
-4.0667319,53.1850595
-4.0561846,53.178362
-4.073614,53.1770376
-4.1751953,53.2031343
-4.2026136,53.2254494
-4.1385151,53.2212954
-4.165139,53.2223381
-4.1280494,53.2279442
-4.1120392,53.2305605
-4.1469257,53.2174889
-4.0950713,53.2622336
-4.1298985,53.2297113
-4.0905291,53.1897123
-4.1252759,53.226526
-4.1622105,53.2228158
-4.2064463,53.2212579
-4.0799393,53.1855187
-4.1170739,53.2318365
-4.1637955,53.226031
-4.1708424,53.2310394
-4.1224706,53.2346431
-4.0882276,53.193913
-4.1313685,53.2231836
-4.1432109,53.2234438
-4.0537084,53.1804642
-4.1008279,53.2167009
-4.1429279,53.2149866
-4.1693848,53.2262446
