-2.1498166,52.5734365
-2.0545197,52.612536
-2.1543819,52.595603
-2.1740153,52.5596433
-2.1305352,52.6035624
-2.0594562,52.6043342
-2.1701715,52.5562354
-2.1300849,52.5842623
-2.145448,52.5688601
-2.1342471,52.6269196
-2.1415681,52.5811613
-2.1583038,52.5692402
-2.0841919,52.5689394
-2.1179539,52.5827558
-2.1354733,52.6228988
-2.1544117,52.6239923
-2.1489252,52.5949758
-2.1385894,52.6171204
-2.1652139,52.5577998
-2.0979934,52.5912515
-2.1031283,52.5725437
-2.1450065,52.5842601
-2.15033,52.5769414
-2.1323543,52.5869082
-2.1592792,52.6032494
-2.1692914,52.5863805
-2.1677621,52.5932238
-2.1749661,52.566043
-2.1562396,52.5828095
-2.1330588,52.5852446
-2.1664556,52.5763383
-2.1659828,52.5721194
-2.1714183,52.5708572
-2.1117001,52.5610326
-2.1343808,52.5905982
-2.1324091,52.6136067
-2.1407137,52.5642579
-2.1436479,52.5956818
-2.1541229,52.5600966
-2.1718916,52.575316
-2.1762654,52.5867288
-2.0835732,52.5713428
-2.1528382,52.5629259
-2.0687375,52.5476611
-2.1106734,52.5494115
-2.1131381,52.5713876
-2.147377,52.5887489
-2.1470168,52.5747045
-2.1457479,52.5920657
-2.0679418,52.6165609
-2.1272911,52.6276605
-2.1283363,52.5861089
-2.177924,52.573855
-2.1478989,52.5860897
-2.0925346,52.5492146
-2.1503033,52.5903181
-2.0793516,52.5679358
-2.1627372,52.5702216
-2.0607429,52.5502561
-2.0905102,52.6029612
-2.1323561,52.5834739
-2.137984,52.5851045
-2.1291076,52.5921967
-2.1679213,52.5617223
-2.1163153,52.5885854
-2.1282001,52.584884
-2.145441,52.572208
-2.098534,52.569724
-2.1597915,52.578464
-2.1589674,52.5720768
-2.1255631,52.629539
-2.1505587,52.5812605
-2.1601955,52.5633286
-2.1435682,52.5870642
-2.1322419,52.5857938
-2.1560728,52.5771318
-2.1245019,52.586684
-2.1422836,52.6138343
-2.129364,52.5832482
-2.1519886,52.566669
-2.1214667,52.5796451
-2.1276398,52.5858134
-2.0796788,52.5711507
-2.1372967,52.5679871
-2.1601967,52.5865164
-2.1262297,52.5840815
-2.1451617,52.561191
-2.0608704,52.5543808
-2.1406045,52.5830738
-2.1491031,52.5559596
-2.1719361,52.580771
