-1.0871,53.957
-1.0895,53.957
-1.0843,53.962
-1.0456,53.89
-1.0396,54.029
-1.0847,53.958
-1.0759,53.955
-1.0908,53.902
-1.075,54.016
-1.0723,53.953
-1.091,53.956
-1.0451,53.945
-1.0848,53.96
-0.98173,54.017
-1.0119,53.967
-1.0854,53.953
-1.0855,53.963
-1.088,53.959
-1.0851,53.96
-1.0702,53.955
-1.1654,53.928
-1.0793,53.962
-1.0696,53.955
-1.0772,53.955
-1.1414,53.915
-1.0814,53.96
-1.0596,53.998
-1.037,54.04
-1.082,53.953
-1.0755,53.96
-1.0836,53.958
-1.0691,53.955
-1.0855,53.961
-1.0824,53.957
-1.0957,53.921
-1.1063,53.955
-1.0789,53.959
-1.0883,53.963
-1.0861,54.02
-1.0803,53.961
-1.0859,53.963
-1.083,53.957
-1.083,53.961
-1.0675,53.981
-1.0846,53.963
-1.0737,54.017
-1.0809,53.968
-1.0437,53.944
-1.0981,53.922
-1.047,53.989
-1.0768,53.964
-1.0819,53.959
-1.0756,53.953
-1.0837,53.964
-1.0612,53.967
-1.0818,53.96
-1.0553,53.967
-1.0745,53.965
-1.0756,53.953
-1.0821,53.957
-1.0857,53.96
-1.0557,53.954
-1.1174,53.983
-1.0808,53.958
-1.0738,53.956
-1.1362,54
-1.1097,53.976
-1.0867,53.959
-1.0836,53.961
-1.0931,53.945
-1.1036,53.962
-1.078,53.959
-1.0751,53.954
-1.0819,53.96
-1.0759,53.953
-1.0771,53.957
-1.0797,53.962
-1.0926,53.958
-1.0925,53.955
-1.0876,53.957
-1.0797,53.96
-1.0897,53.957
-1.0857,53.958
-1.0905,53.956
-1.0859,53.953
-1.1528,53.98
-1.0768,54.017
-1.0817,53.96
-1.085,53.955
-1.0859,53.948
-1.0799,53.962
-1.0981,53.921
-1.162,53.975
-1.09,53.956
-1.081,54.019
-1.09,53.957
-1.0868,53.99
-0.99869,53.997
-1.0839,53.953
-1.0851,53.953
-1.0854,53.957
-1.0888,53.954
-1.0797,53.959
-1.0797,53.961
-1.0868,53.959
-1.0832,53.961
-1.0976,53.921
-1.0367,53.96
-1.0354,54.04
-1.1348,53.938
-1.1545,53.979
-1.0907,53.962
-1.0927,53.958
-1.0841,53.962
-1.0826,53.957
-0.96407,53.896
-1.0929,53.967
-1.0774,53.954
-1.0915,53.956
-1.0846,53.962
-1.0829,53.957
-1.0859,53.961
-1.1389,53.92
-1.0934,53.954
-1.1463,53.961
-1.0884,53.954
-1.0962,53.969
-1.1123,53.989
-1.1939,53.955
-0.93528,53.921
-1.0755,53.95
-1.0792,53.959
-1.077,53.957
-1.0811,53.967
-1.0286,53.949
-1.0839,53.961
-1.0732,53.955
-1.1236,53.936
-1.0843,53.956
-1.0904,53.956
-1.0825,53.961
-1.0303,53.988
-1.0832,53.962
-1.0791,53.962
-1.0782,53.963
-1.0778,53.957
