-1.1445,52.955
-1.1848,52.989
-1.1205,52.963
-1.1958,53
-1.1803,52.981
-1.1484,52.949
-1.1721,52.961
-1.155,52.955
-1.1788,52.955
-1.1267,52.981
-1.1963,53.003
-1.1636,52.958
-1.1791,52.945
-1.1904,53.011
-1.2053,52.935
-1.1463,52.955
-1.1551,52.952
-1.1582,52.925
-1.1913,52.905
-1.1754,52.956
-1.0955,52.955
-1.1482,52.978
-1.1506,52.948
-1.1511,52.958
-1.1527,52.974
-1.1465,52.953
-1.1527,52.963
-1.1031,52.96
-1.1479,52.953
-1.1602,52.955
-1.1762,52.96
-1.1362,52.955
-1.1489,52.948
-1.146,52.944
-1.163,52.956
-1.1534,52.952
-1.1992,52.943
-1.1845,52.985
-1.1773,52.944
-1.1509,52.963
-1.1352,52.955
-1.1527,52.949
-1.1721,52.958
-1.1841,52.968
-1.1525,52.953
-1.1523,52.963
-1.1538,52.971
-1.166,52.974
-1.1372,52.955
-1.1517,52.954
-1.172,52.984
-1.1769,52.989
-1.1827,52.897
-1.1311,52.965
-1.1695,52.978
-1.1362,52.955
-1.1463,52.954
-1.1914,52.995
-1.1452,52.958
-1.1973,52.999
-1.2293,52.948
-1.1592,53.009
-1.1358,52.977
-1.1783,52.962
-1.2037,52.94
-1.1571,52.98
-1.1663,52.977
-1.144,52.951
-1.1434,52.953
-1.2263,52.974
-1.2023,52.942
-1.1849,52.97
-1.1282,52.95
-1.1713,52.973
-1.1515,52.951
-1.1961,52.941
-1.1707,52.967
-1.2209,52.953
-1.2102,53.005
-1.1646,52.921
-1.1795,52.943
-1.18,52.949
-1.1939,52.938
-1.1465,52.981
-1.1463,52.958
-1.1355,52.955
-1.1514,52.952
-1.1974,53.002
-1.1749,52.967
-1.2301,52.964
-1.1726,52.972
-1.1691,52.9
-1.1684,52.959
-1.1802,52.942
-1.1836,52.968
-1.1937,53.005
-1.1814,52.987
-1.1451,52.984
-1.1776,52.901
-1.1513,52.953
-1.1397,52.941
-1.1479,52.979
-1.1377,52.955
-1.1443,52.955
-1.1623,52.956
-1.1242,52.971
-1.14,52.953
-1.1922,52.956
-1.1863,52.991
-1.1631,52.956
-1.1435,52.949
-1.1623,52.957
-1.1719,52.99
-1.1517,52.951
-1.1513,52.959
-1.2077,52.939
-1.1735,52.949
-1.1737,52.969
-1.153,52.956
-1.1888,52.984
-1.1532,52.951
-1.2016,52.962
-1.1618,52.963
-1.1721,52.912
-1.1963,53.002
-1.1738,52.974
-1.1259,52.952
-1.1444,52.951
-1.1941,52.933
-1.149,52.956
-1.1458,52.952
-1.207,52.937
-1.1463,52.952
-1.1461,52.953
-1.1515,52.953
-1.1643,52.958
-1.1818,52.938
-1.1464,52.957
-1.157,52.935
-1.1626,52.957
-1.1704,52.961
-1.1493,52.963
-1.1604,52.955
-1.1261,52.951
-1.1831,52.982
-1.1835,52.948
-1.1345,52.956
-1.0973,52.954
-1.1484,52.955
-1.1886,52.976
-1.1213,52.943
-1.1497,52.953
-1.1506,52.961
-1.1792,52.983
-1.1532,52.951
-1.1566,52.954
-1.1955,53.003
-1.1988,52.942
-1.195,52.942
-1.1483,52.946
