-2.8753,53.192
-2.9603,53.223
-2.8269,53.207
-2.9008,53.205
-2.9169,53.18
-2.8927,53.192
-2.8718,53.208
-2.8819,53.193
-2.8883,53.185
-2.8847,53.196
-2.8986,53.193
-2.9261,53.206
-2.8379,53.184
-2.8562,53.185
-2.8893,53.207
-2.8932,53.193
-2.8846,53.191
-2.8852,53.191
-2.8909,53.191
-2.8894,53.187
-2.8811,53.193
-2.891,53.188
-2.8906,53.187
-2.8928,53.192
-2.9204,53.179
-2.8557,53.203
-2.8734,53.194
-2.9432,53.213
-2.8875,53.19
-2.8869,53.195
-2.8895,53.195
-2.8882,53.193
-2.8879,53.184
-2.8878,53.191
-2.8837,53.194
-2.9176,53.18
-2.8883,53.183
-2.881,53.199
-2.882,53.193
-2.8895,53.186
-2.8799,53.192
-2.8884,53.193
-2.8978,53.189
-2.8535,53.196
-2.8845,53.191
-2.8883,53.192
-2.8944,53.209
-2.8904,53.187
-2.892,53.191
-2.9326,53.202
-2.8933,53.194
-2.8849,53.196
-2.8808,53.196
-2.8845,53.192
-2.8884,53.189
-2.8797,53.199
-2.8881,53.188
-2.8946,53.197
-2.8362,53.18
