-3.1806,51.48
-3.2626,51.47
-3.2045,51.531
-3.1846,51.481
-3.2023,51.482
-3.1696,51.49
-3.1713,51.492
-3.1961,51.482
-3.1784,51.491
-3.1755,51.483
-3.1808,51.519
-3.1778,51.478
-3.1806,51.481
-3.163,51.484
-3.1743,51.49
-3.1655,51.463
-3.1123,51.526
-3.2095,51.525
-3.1118,51.526
-3.2591,51.53
-3.2024,51.485
-3.178,51.478
-3.1809,51.48
-3.2129,51.483
-3.1773,51.479
-3.1894,51.493
-3.2406,51.504
-3.1312,51.509
-3.1299,51.522
-3.2279,51.507
-3.1932,51.498
-3.2161,51.483
-3.2337,51.522
-3.1765,51.495
-3.1759,51.478
-3.1396,51.531
-3.1626,51.483
-3.1775,51.478
-3.1538,51.488
-3.1664,51.487
-3.1719,51.493
-3.2339,51.483
-3.1998,51.481
-3.1256,51.504
-3.1126,51.525
-3.2134,51.501
-3.1814,51.477
-3.2013,51.478
-3.2199,51.513
-3.1656,51.463
-3.1654,51.486
-3.1741,51.488
-3.1741,51.489
-3.1831,51.504
-3.1953,51.486
-3.1511,51.482
-3.2182,51.528
-3.1723,51.48
-3.1913,51.485
-3.1781,51.488
-3.1032,51.526
-3.1806,51.481
-3.1706,51.497
-3.159,51.48
-3.159,51.487
-3.2002,51.485
-3.1787,51.481
-3.2188,51.494
-3.2306,51.508
-3.2517,51.532
-3.267,51.475
-3.1872,51.474
-3.1697,51.49
-3.1787,51.481
-3.1127,51.524
-3.1928,51.485
-3.1695,51.49
-3.1845,51.499
-3.1918,51.533
-3.2258,51.502
-3.1816,51.494
-3.1732,51.483
-3.1505,51.491
-3.2278,51.504
-3.1899,51.472
-3.2,51.511
-3.2228,51.497
-3.1774,51.48
-3.1763,51.483
