-0.33387,51.474
-0.13258,51.424
-0.088313,51.474
-0.18014,51.37
-0.19751,51.508
-0.079587,51.562
-0.096024,51.47
-0.14618,51.506
-0.25514,51.398
-0.34526,51.431
-0.10162,51.37
-0.34487,51.444
-0.026801,51.475
-0.10815,51.503
-0.015323,51.476
-0.14705,51.6
-0.10201,51.544
-0.14619,51.556
0.063135,51.494
-0.046386,51.647
0.014188,51.411
-0.017295,51.617
0.056306,51.533
-0.023265,51.501
-0.19538,51.368
-0.15431,51.433
-0.003383,51.549
-0.43057,51.497
-0.14661,51.541
-0.073806,51.48
-0.2216,51.453
-0.1215,51.512
-0.32848,51.447
-0.12375,51.532
-0.14459,51.538
0.033867,51.4
-0.19604,51.6
-0.1328,51.587
-0.14045,51.559
-0.31981,51.337
0.14325,51.484
-0.17563,51.47
-0.17123,51.513
-0.057743,51.553
-0.13546,51.527
-0.20172,51.656
0.15373,51.438
-0.1157,51.507
-0.020279,51.504
-0.048919,51.537
-0.1291,51.513
-0.021296,51.506
0.069846,51.36
-0.11361,51.554
0.1396,51.352
-0.12415,51.516
0.046891,51.534
0.20284,51.541
-0.064121,51.474
-0.027155,51.54
-0.13739,51.506
-0.059726,51.603
-0.14575,51.514
-0.10791,51.655
-0.025328,51.408
-0.10876,51.518
-0.16405,51.454
-0.12789,51.561
-0.16277,51.546
-0.1107,51.597
0.061461,51.493
-0.043897,51.54
-0.13959,51.522
-0.22187,51.391
-0.15229,51.491
-0.30914,51.483
-0.48977,51.542
0.15674,51.455
-0.12857,51.51
-0.14078,51.52
-0.10303,51.504
0.054091,51.39
-0.13219,51.368
-0.046915,51.516
-0.076522,51.398
0.070205,51.558
-0.27859,51.492
-0.19752,51.515
-0.48391,51.55
-0.13075,51.514
-0.34298,51.621
0.10342,51.463
-0.21156,51.554
-0.024912,51.608
-0.1579,51.398
-0.01037,51.562
-0.064999,51.319
-0.30626,51.458
-0.14836,51.513
-0.18536,51.536
-0.077388,51.663
-0.12546,51.542
-0.14219,51.539
0.18854,51.566
-0.12139,51.513
-0.21459,51.556
-0.17012,51.524
-0.12807,51.51
-0.36011,51.476
-0.053894,51.439
-0.27965,51.585
-0.12305,51.512
0.0039543,51.544
-0.15669,51.521
-0.11389,51.511
-0.14309,51.524
-0.27008,51.489
0.061826,51.409
-0.25261,51.493
-0.1069,51.539
-0.32681,51.498
-0.029524,51.644
-0.22993,51.426
-0.1897,51.478
-0.14588,51.513
-0.014817,51.376
-0.17415,51.57
0.055521,51.493
0.0036803,51.459
-0.21246,51.555
-0.17297,51.65
-0.11251,51.513
-0.14429,51.538
-0.3588,51.605
-0.13224,51.497
-0.23999,51.45
-0.159,51.389
-0.14619,51.508
-0.11996,51.515
-0.12169,51.549
-0.32827,51.472
0.024573,51.41
-0.12832,51.475
-0.1731,51.651
-0.33764,51.473
-0.12478,51.53
-0.39321,51.526
-0.054237,51.546
-0.078294,51.527
0.011207,51.555
-0.33957,51.57
-0.21839,51.465
-0.050887,51.413
-0.37271,51.608
-0.33855,51.509
0.12003,51.418
-0.021797,51.471
-0.089915,51.544
-0.18778,51.54
-0.16669,51.475
0.21157,51.582
-0.063635,51.618
-0.047595,51.442
-0.056055,51.529
-0.30425,51.587
-0.17771,51.5
-0.29836,51.407
0.11854,51.403
-0.08165,51.527
-0.12646,51.51
-0.16258,51.365
-0.1419,51.464
-0.078027,51.523
-0.19694,51.487
-0.041862,51.545
-0.25149,51.469
-0.18568,51.464
-0.087294,51.522
-0.12428,51.578
-0.12943,51.547
-0.074812,51.492
-0.18948,51.447
-0.044471,51.544
-0.11816,51.491
-0.47859,51.546
-0.38077,51.594
-0.20973,51.481
-0.063047,51.532
-0.1396,51.492
-0.15143,51.515
-0.19814,51.481
-0.29754,51.389
-0.12211,51.536
-0.16735,51.429
-0.10466,51.553
-0.17756,51.559
0.011855,51.513
-0.11349,51.515
-0.015329,51.625
-0.16943,51.487
-0.14178,51.514
-0.081676,51.528
-0.18757,51.514
-0.091148,51.505
-0.30099,51.488
-0.4311,51.572
0.012213,51.451
-0.41281,51.498
-0.13602,51.45
-0.033854,51.443
-0.12719,51.43
-0.088658,51.554
0.050881,51.439
-0.0063525,51.492
-0.084233,51.5
-0.19935,51.419
-0.11628,51.514
-0.034961,51.597
-0.011588,51.477
-0.14889,51.514
0.11086,51.384
-0.086459,51.523
0.01124,51.376
-0.20908,51.508
-0.045857,51.562
-0.075932,51.504
0.19303,51.47
-0.19273,51.411
0.10344,51.432
0.27593,51.558
-0.019269,51.504
-0.13826,51.506
-0.10588,51.52
-0.14412,51.495
-0.053953,51.439
-0.32313,51.533
-0.14463,51.468
-0.12363,51.566
0.15105,51.463
-0.2502,51.474
-0.21728,51.426
-0.14091,51.492
-0.0057763,51.489
-0.13988,51.521
0.0041526,51.487
-0.21792,51.513
-0.1261,51.543
-0.082796,51.506
-0.1352,51.491
-0.42624,51.437
-0.089905,51.473
-0.31663,51.583
0.10651,51.357
-0.26441,51.499
-0.30541,51.506
-0.34519,51.543
0.020594,51.583
-0.11824,51.481
-0.12622,51.529
-0.16097,51.515
-0.15037,51.49
-0.32875,51.469
-0.23321,51.501
-0.12579,51.518
-0.35813,51.56
-0.093626,51.485
-0.16154,51.553
0.023512,51.546
-0.27294,51.508
0.16546,51.543
-0.075395,51.397
0.23035,51.599
-0.12959,51.512
-0.13712,51.527
-0.31927,51.514
-0.21088,51.487
-0.36619,51.549
-0.025722,51.483
-0.13167,51.513
0.068278,51.418
0.021738,51.41
-0.16544,51.446
-0.17146,51.47
-0.41121,51.438
-0.19448,51.459
0.025768,51.487
-0.054767,51.5
-0.10162,51.487
-0.17101,51.65
-0.14401,51.527
-0.35176,51.565
-0.14896,51.504
-0.10816,51.49
-0.16399,51.518
-0.078714,51.562
-0.12107,51.532
-0.2055,51.42
-0.23301,51.464
-0.19956,51.473
-0.092807,51.522
-0.38962,51.569
0.16426,51.582
-0.33168,51.445
-0.12271,51.514
-0.30368,51.46
-0.15373,51.444
-0.035896,51.545
-0.10084,51.326
-0.10311,51.537
-0.13541,51.52
-0.40364,51.458
0.081445,51.54
-0.069908,51.546
-0.13349,51.512
0.0032106,51.543
-0.049828,51.495
-0.072708,51.521
-0.15065,51.517
-0.073148,51.399
-0.48091,51.548
-0.20786,51.422
-0.13824,51.513
-0.33957,51.507
-0.28755,51.42
-0.047094,51.657
-0.37209,51.484
-0.13136,51.511
-0.2267,51.463
-0.38666,51.468
-0.19177,51.416
-0.026387,51.482
-0.21614,51.506
-0.12274,51.606
0.011366,51.457
-0.16378,51.454
-0.21875,51.534
-0.45857,51.526
-0.10119,51.537
-0.11062,51.552
-0.014955,51.474
-0.022276,51.506
-0.033639,51.528
-0.068508,51.511
-0.090755,51.489
-0.077142,51.524
-0.19078,51.648
-0.14334,51.486
-0.32138,51.447
-0.03103,51.528
-0.04165,51.532
-0.305,51.461
-0.083696,51.525
-0.41337,51.562
-0.48133,51.531
-0.023459,51.467
-0.11376,51.504
-0.14398,51.523
-0.095252,51.379
-0.12418,51.528
0.23513,51.594
-0.14475,51.512
-0.28964,51.408
-0.058908,51.495
-0.10207,51.374
-0.34447,51.442
-0.37569,51.497
0.0094772,51.457
-0.30594,51.504
-0.11654,51.559
-0.14545,51.514
-0.11487,51.588
-0.10165,51.546
-0.11398,51.499
-0.19668,51.441
-0.070162,51.477
-0.1374,51.516
-0.1925,51.362
-0.094156,51.436
-0.0097982,51.574
-0.40476,51.478
-0.11097,51.598
-0.30422,51.375
-0.31149,51.392
0.025498,51.475
-0.050164,51.526
-0.29934,51.466
-0.019925,51.586
0.016093,51.406
-0.42011,51.455
-0.017172,51.617
-0.06923,51.529
-0.13945,51.543
-0.12969,51.514
-0.13166,51.501
-0.1854,51.419
-0.14073,51.526
-0.1678,51.489
-0.21957,51.653
-0.045169,51.538
-0.19346,51.513
-0.31344,51.453
-0.24256,51.595
-0.26234,51.385
-0.006026,51.456
-0.025732,51.476
-0.19085,51.453
-0.064348,51.5
-0.25585,51.471
0.015868,51.63
-0.074912,51.554
-0.098932,51.538
-0.17633,51.516
-0.30782,51.395
-0.30516,51.512
-0.10389,51.59
-0.14695,51.477
-0.42628,51.612
-0.1873,51.442
-0.11638,51.338
-0.30907,51.532
-0.054211,51.438
-0.14741,51.514
-0.14451,51.528
-0.31255,51.497
-0.30205,51.489
-0.29487,51.385
-0.10043,51.538
-0.25113,51.474
-0.28197,51.381
-0.13785,51.526
-0.074324,51.559
-0.10531,51.467
-0.1977,51.525
-0.26907,51.376
-0.18591,51.646
0.13251,51.446
-0.13186,51.514
0.17967,51.482
-0.36187,51.413
-0.088293,51.545
-0.11208,51.471
-0.26684,51.465
-0.28853,51.418
-0.12419,51.512
-0.14134,51.464
-0.054363,51.55
-0.14512,51.358
-0.13871,51.321
-0.10915,51.505
-0.48844,51.543
-0.054855,51.427
-0.13094,51.549
-0.077097,51.681
0.0023349,51.541
0.020866,51.409
-0.080194,51.528
-0.11286,51.558
-0.13738,51.523
-0.21045,51.469
-0.15014,51.361
-0.17697,51.619
-0.033101,51.535
-0.15258,51.417
-0.13591,51.522
-0.080461,51.653
0.15892,51.473
-0.0018271,51.632
-0.41669,51.508
-0.20987,51.517
-0.1765,51.614
-0.13165,51.528
0.15008,51.442
0.079353,51.538
-0.15218,51.444
-0.07548,51.548
-0.13009,51.53
-0.027715,51.617
0.0034508,51.461
-0.10818,51.569
-0.41105,51.444
-0.057862,51.412
-0.02808,51.47
-0.10393,51.536
-0.11695,51.571
-0.12153,51.452
0.084514,51.466
-0.11184,51.462
-0.13484,51.52
-0.2279,51.591
-0.1311,51.465
0.074474,51.409
-0.093594,51.524
-0.20124,51.419
-0.022516,51.528
-0.059359,51.678
-0.14449,51.555
0.030353,51.34
0.090705,51.451
-0.35041,51.552
-0.22295,51.489
-0.090829,51.389
-0.12344,51.511
-0.10119,51.6
-0.13796,51.599
-0.01842,51.617
-0.11741,51.52
-0.16085,51.402
-0.26314,51.509
-0.1392,51.513
-0.21646,51.467
-0.20604,51.421
-0.06172,51.536
-0.32036,51.506
0.16175,51.54
-0.086553,51.551
-0.18577,51.364
0.099676,51.486
-0.11062,51.522
-0.20082,51.483
0.01517,51.517
-0.10341,51.543
-0.20253,51.419
-0.33735,51.406
-0.072754,51.503
-0.034235,51.482
-0.12188,51.555
0.025573,51.509
-0.061585,51.606
-0.12229,51.532
-0.32758,51.507
-0.35268,51.527
-0.34248,51.445
-0.078626,51.539
0.02235,51.523
0.075152,51.389
-0.13289,51.55
-0.20286,51.509
-0.28623,51.51
-0.09189,51.376
0.066874,51.49
-0.45763,51.526
-0.35597,51.563
-0.38135,51.586
-0.1443,51.468
-0.23646,51.503
-0.0022393,51.586
-0.16523,51.399
-0.12502,51.514
0.20053,51.587
0.010038,51.536
-0.16459,51.554
-0.14412,51.498
-0.1354,51.49
-0.30123,51.416
0.072658,51.319
-0.33213,51.449
-0.10077,51.492
-0.21163,51.5
-0.19572,51.48
0.068939,51.491
0.0028205,51.542
-0.028638,51.472
-0.13247,51.498
-0.10905,51.488
-0.018892,51.505
0.058005,51.514
-0.20511,51.445
0.052135,51.45
-0.017922,51.481
0.089915,51.352
-0.26913,51.507
-0.16736,51.552
-0.43505,51.486
-0.31591,51.621
0.20041,51.587
0.1897,51.519
-0.11306,51.493
-0.36235,51.458
-0.38018,51.485
-0.17713,51.417
-0.13942,51.513
-0.18925,51.477
-0.15053,51.521
-0.09528,51.505
-0.13344,51.53
-0.13297,51.565
0.039539,51.373
-0.062485,51.519
-0.14057,51.463
-0.46143,51.535
-0.15247,51.539
-0.12472,51.529
-0.19262,51.493
-0.142,51.424
-0.2546,51.493
-0.14428,51.547
0.010074,51.634
-0.050058,51.548
-0.23054,51.545
-0.068537,51.496
-0.11442,51.5
-0.17636,51.515
-0.11553,51.518
-0.11811,51.546
-0.060499,51.418
0.07217,51.389
0.10142,51.422
-0.24275,51.493
-0.074632,51.399
-0.082179,51.525
-0.14094,51.538
-0.028599,51.475
-0.093513,51.538
-0.11447,51.489
-0.070344,51.604
-0.045271,51.529
-0.12681,51.453
-0.06519,51.612
-0.13525,51.515
0.012224,51.513
-0.020685,51.566
0.12632,51.436
-0.14976,51.516
-0.26627,51.507
-0.32848,51.448
-0.1905,51.459
0.0071438,51.467
-0.1208,51.489
-0.3096,51.491
-0.14075,51.519
-0.051693,51.531
-0.15278,51.549
-0.1859,51.433
-0.21007,51.469
0.14052,51.58
-0.32648,51.447
-0.093924,51.479
-0.074648,51.4
-0.13788,51.495
-0.26951,51.482
-0.14927,51.499
-0.076249,51.541
-0.25457,51.469
-0.03467,51.498
-0.14436,51.59
-0.13992,51.511
-0.3543,51.456
0.000515,51.607
-0.11954,51.559
-0.29661,51.393
-0.30633,51.397
0.13436,51.588
-0.12644,51.517
-0.14147,51.513
-0.14475,51.493
-0.078059,51.635
-0.18787,51.517
-0.14415,51.51
-0.069679,51.511
-0.16542,51.472
-0.08842,51.437
-0.0043633,51.485
-0.032556,51.476
-0.046964,51.523
-0.048586,51.494
-0.083577,51.561
-0.18496,51.495
-0.34063,51.467
-0.09573,51.399
-0.12378,51.578
-0.19892,51.508
-0.13129,51.487
-0.13315,51.509
-0.38481,51.464
-0.12884,51.479
-0.065972,51.413
-0.18213,51.494
-0.28848,51.485
-0.21125,51.513
-0.14999,51.575
0.18958,51.519
-0.12277,51.46
-0.21764,51.361
-0.027657,51.407
-0.14053,51.55
-0.14183,51.494
-0.10076,51.537
-0.0082575,51.483
-0.12731,51.512
-0.16903,51.461
-0.27319,51.546
0.045244,51.531
-0.01914,51.583
-0.22574,51.52
-0.10583,51.534
-0.19359,51.375
-0.058959,51.433
-0.13416,51.511
-0.20085,51.523
-0.30523,51.51
-0.1268,51.514
-0.13543,51.497
-0.098389,51.594
-0.23734,51.507
-0.16114,51.515
-0.19161,51.551
-0.13747,51.499
0.078975,51.481
-0.16165,51.42
-0.24789,51.537
-0.098953,51.495
-0.016818,51.477
-0.18015,51.517
-0.11553,51.546
-0.10175,51.536
-0.12093,51.533
-0.37273,51.562
0.18645,51.571
-0.36663,51.468
0.089334,51.489
-0.013744,51.575
-0.13422,51.533
-0.19445,51.514
-0.047378,51.64
0.027074,51.577
-0.24242,51.642
-0.1127,51.499
-0.13586,51.539
-0.064238,51.585
-0.055505,51.419
-0.37852,51.47
-0.18252,51.479
-0.13012,51.648
-0.071731,51.563
-0.2114,51.653
-0.23384,51.621
-0.16198,51.369
0.2372,51.604
-0.11153,51.503
-0.14524,51.542
-0.14204,51.497
-0.15631,51.55
-0.30672,51.392
-0.11218,51.561
-0.27873,51.505
-0.026568,51.481
-0.13746,51.515
0.024338,51.397
-0.3002,51.447
0.021555,51.535
-0.05036,51.374
-0.27541,51.508
-0.10886,51.519
-0.12764,51.583
-0.03099,51.521
-0.027248,51.474
-0.11122,51.504
-0.17133,51.536
-0.27557,51.461
-0.17433,51.45
-0.084245,51.527
-0.12769,51.476
0.069108,51.42
-0.1437,51.576
-0.053619,51.368
-0.12216,51.47
-0.19406,51.366
-0.11733,51.629
-0.069731,51.593
-0.013139,51.579
-0.30024,51.451
-0.49039,51.481
0.099185,51.381
-0.20046,51.521
0.098388,51.437
0.049648,51.545
-0.28896,51.362
-0.042402,51.434
0.088123,51.415
-0.11256,51.569
-0.13661,51.513
-0.3066,51.513
0.1003,51.517
-0.09881,51.559
-0.10472,51.535
-0.11288,51.513
-0.22313,51.489
-0.024865,51.411
-0.047041,51.526
-0.11355,51.519
-0.034521,51.488
-0.062088,51.527
-0.017454,51.407
-0.076169,51.399
-0.13494,51.471
-0.031141,51.472
-0.12415,51.511
-0.20148,51.524
-0.30598,51.496
0.034689,51.537
-0.02589,51.408
-0.15448,51.654
-0.20467,51.519
-0.098272,51.486
-0.1286,51.516
-0.16723,51.488
-0.17257,51.471
-0.16252,51.501
0.066622,51.49
-0.044682,51.446
-0.12524,51.507
-0.30391,51.457
-0.3017,51.411
-0.085243,51.505
-0.13031,51.513
-0.13666,51.528
-0.089992,51.488
-0.28531,51.553
-0.15558,51.494
-0.3623,51.428
-0.089261,51.531
-0.3416,51.508
-0.055071,51.514
-0.1272,51.514
-0.12483,51.481
-0.13948,51.511
-0.21676,51.462
0.028051,51.592
-0.055032,51.545
0.055903,51.407
0.029265,51.526
-0.0070705,51.48
-0.23039,51.51
0.090841,51.372
-0.10608,51.548
-0.1271,51.469
-0.30769,51.459
-0.20809,51.422
-0.02825,51.671
-0.074512,51.535
-0.13669,51.516
-0.12455,51.578
-0.10042,51.683
0.18617,51.478
0.12234,51.469
-0.13494,51.513
-0.018159,51.67
0.048445,51.492
-0.29844,51.452
-0.082537,51.653
0.025976,51.51
-0.14415,51.458
-0.046967,51.643
-0.15083,51.518
-0.0050666,51.554
-0.096113,51.587
-0.13538,51.512
-0.14248,51.495
-0.33267,51.424
-0.14491,51.538
-0.071252,51.48
-0.071889,51.522
-0.13763,51.507
-0.088679,51.506
-0.12907,51.422
-0.07459,51.518
-0.21931,51.504
-0.17368,51.473
-0.22672,51.591
-0.073672,51.38
-0.18265,51.55
-0.079559,51.552
-0.30138,51.419
-0.12261,51.49
-0.15093,51.513
-0.35142,51.455
-0.17447,51.63
0.0007926,51.54
-0.14106,51.466
-0.20601,51.42
-0.15101,51.546
-0.31087,51.482
-0.095975,51.475
-0.094347,51.497
-0.11073,51.493
-0.30479,51.512
-0.083478,51.425
-0.14376,51.511
-0.046895,51.658
-0.19135,51.36
-0.16512,51.486
-0.10739,51.518
-0.1196,51.511
0.17684,51.453
0.063819,51.534
0.17389,51.452
-0.12366,51.509
-0.34459,51.548
0.18136,51.468
-0.081169,51.522
-0.1368,51.519
-0.044886,51.522
-0.081775,51.555
-0.13697,51.464
0.035597,51.535
-0.25202,51.466
0.038329,51.541
-0.067251,51.597
0.061212,51.607
-0.074451,51.54
-0.18916,51.512
-0.14366,51.516
-0.31052,51.392
-0.18963,51.467
-0.10292,51.633
-0.35577,51.47
0.0095033,51.634
-0.11946,51.511
-0.045372,51.416
-0.030094,51.527
-0.12247,51.515
-0.067372,51.507
-0.15489,51.543
-0.07035,51.517
-0.19272,51.479
-0.3093,51.484
-0.35446,51.572
-0.33934,51.492
-0.48558,51.53
0.011753,51.455
-0.07697,51.535
-0.094155,51.477
-0.11687,51.503
-0.32411,51.469
-0.079614,51.678
-0.1723,51.591
-0.1149,51.462
-0.13954,51.514
-0.25355,51.54
-0.1412,51.547
-0.14747,51.543
0.01859,51.379
-0.1205,51.493
-0.11222,51.586
-0.1395,51.519
-0.10117,51.477
-0.083777,51.671
-0.3154,51.512
0.18773,51.572
-0.14995,51.446
-0.06519,51.431
-0.11235,51.574
-0.20979,51.481
-0.13019,51.507
-0.098394,51.425
-0.30618,51.498
-0.07467,51.556
-0.30296,51.487
-0.12309,51.58
-0.14354,51.498
-0.32939,51.448
-0.1318,51.5
0.024039,51.594
-0.30498,51.393
-0.099764,51.534
-0.11721,51.535
-0.26617,51.518
0.052332,51.451
-0.16638,51.46
-0.36334,51.477
-0.13098,51.495
-0.1935,51.476
-0.014191,51.522
-0.1074,51.377
-0.31421,51.583
0.0023953,51.487
-0.12968,51.422
-0.11894,51.486
-0.030856,51.37
-0.11075,51.495
-0.21727,51.461
-0.23331,51.567
-0.17583,51.494
-0.31791,51.504
-0.19479,51.37
-0.30697,51.392
-0.047592,51.541
-0.060948,51.537
-0.011392,51.575
-0.028983,51.569
-0.086584,51.506
-0.26403,51.496
-0.025714,51.498
-0.10875,51.546
-0.20111,51.551
-0.33426,51.58
-0.07787,51.528
-0.21677,51.466
-0.11224,51.595
-0.020867,51.475
-0.30506,51.436
-0.1448,51.478
-0.33912,51.427
-0.099592,51.496
-0.10268,51.537
-0.22807,51.468
-0.072737,51.566
-0.24283,51.597
-0.34318,51.575
-0.057372,51.505
-0.13476,51.418
-0.3077,51.408
-0.17795,51.5
-0.15587,51.498
-0.21623,51.356
-0.2177,51.425
-0.13201,51.616
-0.12574,51.478
-0.19567,51.517
-0.090361,51.474
-0.11711,51.503
-0.12702,51.563
-0.13512,51.511
-0.020488,51.588
-0.061384,51.549
0.13714,51.458
-0.078392,51.56
-0.090787,51.507
-0.19774,51.511
-0.042297,51.443
-0.11924,51.517
0.020942,51.414
-0.10849,51.458
-0.36601,51.495
-0.070988,51.528
-0.098752,51.576
-0.073649,51.499
-0.19746,51.457
-0.086179,51.664
0.012285,51.407
0.011337,51.536
-0.16747,51.648
-0.17232,51.484
-0.10471,51.565
-0.12591,51.518
-0.13527,51.511
-0.22499,51.493
-0.29676,51.544
-0.20286,51.514
-0.30075,51.383
-0.044957,51.663
-0.12498,51.524
-0.45787,51.49
-0.14771,51.571
-0.086934,51.656
-0.091168,51.537
-0.18526,51.363
-0.48047,51.548
-0.059386,51.505
-0.080603,51.558
0.0206,51.508
-0.083659,51.375
-0.14946,51.443
0.081262,51.531
-0.095356,51.505
0.04822,51.551
0.028945,51.494
-0.29659,51.413
-0.10267,51.482
-0.11323,51.512
-0.15111,51.499
0.14457,51.481
-0.01964,51.433
-0.11343,51.455
-0.33501,51.559
0.19175,51.523
-0.094495,51.488
-0.29993,51.517
0.0022095,51.566
-0.010933,51.51
-0.040679,51.549
-0.093413,51.476
-0.19589,51.531
-0.26489,51.465
-0.13168,51.372
-0.27786,51.49
-0.17298,51.486
-0.11967,51.501
-0.13487,51.459
-0.1698,51.463
-0.14093,51.524
-0.15017,51.36
-0.10923,51.523
-0.091802,51.503
-0.11889,51.534
-0.040258,51.671
-0.12903,51.513
-0.17348,51.49
-0.3774,51.426
0.061659,51.488
-0.087592,51.52
-0.14888,51.571
-0.24946,51.469
-0.038599,51.556
-0.090385,51.478
-0.16287,51.467
-0.084229,51.486
-0.29298,51.554
0.020685,51.531
-0.15764,51.471
-0.20006,51.368
-0.14058,51.522
0.14374,51.48
-0.25413,51.489
-0.12873,51.633
-0.13844,51.557
-0.32928,51.449
-0.37936,51.45
0.22552,51.506
-0.019722,51.528
-0.027183,51.39
-0.13177,51.51
0.074478,51.541
0.0012102,51.546
-0.11771,51.544
-0.10366,51.52
-0.10254,51.539
-0.19965,51.543
-0.09692,51.533
-0.15166,51.51
-0.20312,51.487
-0.17923,51.612
-0.026484,51.482
-0.1257,51.512
-0.036829,51.429
-0.23259,51.497
-0.16708,51.498
-0.081973,51.525
-0.13763,51.511
-0.14354,51.54
-0.10363,51.52
-0.14237,51.538
-0.12336,51.512
-0.3041,51.461
-0.19509,51.571
-0.2303,51.41
-0.00779,51.479
-0.19329,51.362
-0.0095746,51.48
-0.16585,51.426
-0.2128,51.465
-0.079923,51.659
-0.043894,51.538
-0.14119,51.549
-0.066068,51.623
-0.030305,51.589
-0.19946,51.462
-0.044475,51.522
-0.29927,51.466
-0.34763,51.62
-0.4849,51.551
0.0049194,51.459
-0.13431,51.489
-0.45645,51.534
0.076896,51.536
-0.13278,51.47
-0.15489,51.551
-0.12914,51.507
-0.23247,51.486
-0.11624,51.525
-0.22775,51.519
-0.31096,51.552
-0.13967,51.455
-0.21146,51.526
-0.17132,51.469
-0.090202,51.379
-0.011383,51.478
-0.085008,51.505
-0.13449,51.515
-0.3974,51.557
-0.10338,51.635
-0.085712,51.528
-0.20668,51.653
-0.32778,51.464
-0.20997,51.47
-0.096683,51.497
-0.14101,51.464
-0.011174,51.581
-0.062335,51.532
-0.14416,51.458
0.068423,51.562
-0.29567,51.533
-0.30136,51.485
-0.099683,51.542
-0.13644,51.508
-0.13844,51.524
0.14829,51.441
-0.056675,51.513
-0.13283,51.512
-0.20878,51.518
-0.39312,51.428
-0.11034,51.383
0.12115,51.491
0.072873,51.411
0.016006,51.407
-0.098887,51.523
-0.13216,51.519
-0.24263,51.492
0.15131,51.536
0.077379,51.536
-0.22331,51.482
-0.44049,51.485
-0.24085,51.506
-0.034206,51.497
-0.30078,51.539
-0.20295,51.482
0.0085833,51.561
-0.11582,51.584
-0.16322,51.461
0.12765,51.357
-0.10595,51.44
-0.46384,51.517
-0.084612,51.551
-0.023309,51.505
-0.084809,51.449
-0.088701,51.495
-0.11346,51.522
-0.45546,51.532
-0.16331,51.642
0.17729,51.6
0.066896,51.482
-0.30407,51.461
0.033795,51.554
-0.14998,51.571
0.15467,51.455
-0.12433,51.508
-0.089787,51.54
-0.099061,51.485
-0.11656,51.584
-0.12861,51.511
-0.28615,51.485
-0.076935,51.527
-0.10445,51.565
-0.12057,51.528
-0.16861,51.401
-0.14261,51.479
0.046611,51.552
0.23385,51.549
-0.28571,51.527
-0.1084,51.541
-0.10783,51.565
-0.33415,51.579
-0.053161,51.521
-0.063239,51.413
0.20927,51.558
-0.14533,51.395
-0.252,51.487
-0.24197,51.502
-0.10501,51.489
-0.11949,51.529
0.030319,51.445
-0.0020221,51.549
-0.12312,51.477
-0.055563,51.546
-0.12737,51.48
-0.19209,51.362
-0.39419,51.502
-0.16074,51.514
-0.095213,51.543
-0.18326,51.478
-0.01542,51.571
-0.054826,51.439
-0.1028,51.536
-0.11399,51.463
-0.16853,51.401
0.013202,51.427
-0.19528,51.523
-0.27125,51.508
-0.23927,51.395
-0.11769,51.52
-0.16933,51.466
-0.18906,51.414
-0.16548,51.456
-0.13369,51.5
-0.20644,51.475
-0.065873,51.495
-0.2382,51.506
0.060768,51.472
-0.03552,51.464
-0.073617,51.562
-0.11917,51.519
-0.27755,51.609
-0.13064,51.51
-0.21499,51.465
0.005428,51.452
-0.13338,51.518
0.13587,51.458
-0.11726,51.47
0.021843,51.524
-0.12302,51.511
-0.034152,51.532
-0.14246,51.52
-0.18952,51.447
-0.091399,51.486
-0.3358,51.475
-0.20815,51.605
-0.0007717,51.617
-0.055996,51.54
-0.094372,51.54
0.21874,51.563
-0.05786,51.503
-0.1547,51.518
-0.19927,51.515
-0.21308,51.466
-0.13644,51.466
-0.1384,51.541
-0.1905,51.451
0.14151,51.573
-0.015128,51.455
-0.31242,51.526
-0.25433,51.496
-0.42067,51.438
-0.081852,51.578
-0.29561,51.393
0.0001231,51.545
-0.12716,51.471
-0.12727,51.609
0.013671,51.406
-0.29661,51.364
-0.26388,51.509
-0.13455,51.522
-0.43561,51.488
-0.21145,51.472
-0.10353,51.546
-0.17947,51.485
-0.12167,51.531
-0.32487,51.449
0.017787,51.444
-0.14538,51.541
-0.18761,51.482
0.054052,51.533
-0.13709,51.54
-0.046534,51.493
-0.30502,51.508
-0.19237,51.492
-0.37486,51.496
-0.27185,51.51
-0.078126,51.635
-0.09727,51.54
-0.13181,51.511
-0.3394,51.55
-0.083784,51.424
-0.13667,51.499
0.23899,51.559
-0.052599,51.367
-0.11042,51.522
-0.12276,51.521
0.056628,51.528
0.012652,51.534
-0.071951,51.575
-0.2437,51.535
-0.39063,51.484
-0.19106,51.546
-0.14576,51.447
-0.052518,51.438
-0.094003,51.485
-0.31077,51.488
0.0030319,51.54
-0.3129,51.617
-0.14198,51.543
-0.062125,51.536
-0.087971,51.526
-0.13237,51.428
-0.29613,51.508
-0.17822,51.418
-0.44341,51.564
-0.050921,51.501
-0.14035,51.499
-0.059445,51.499
-0.052499,51.471
-0.34531,51.57
-0.21614,51.529
-0.047308,51.647
-0.10636,51.534
-0.051177,51.417
-0.017822,51.488
0.21667,51.563
-0.083146,51.506
-0.13455,51.518
-0.12308,51.553
-0.22855,51.492
0.0098976,51.634
-0.2927,51.554
-0.43936,51.451
0.098003,51.595
-0.16562,51.556
-0.098797,51.643
-0.31941,51.601
-0.078213,51.527
-0.12922,51.464
-0.14125,51.509
-0.22724,51.422
-0.073559,51.509
0.21414,51.606
-0.13278,51.513
-0.25833,51.408
-0.00015,51.557
-0.090135,51.572
-0.18089,51.499
-0.053009,51.553
-0.070881,51.519
-0.21671,51.529
-0.17602,51.559
0.21872,51.605
0.069644,51.491
-0.095299,51.543
-0.31411,51.498
-0.21862,51.38
-0.15373,51.367
-0.068207,51.545
-0.074012,51.561
-0.11932,51.462
-0.15925,51.366
-0.10356,51.545
-0.066293,51.397
-0.040821,51.671
0.029739,51.335
-0.32278,51.461
-0.13367,51.634
-0.21785,51.425
-0.2911,51.554
-0.082876,51.561
-0.12624,51.466
-0.10654,51.548
-0.37968,51.538
-0.13809,51.471
-0.13866,51.52
0.219,51.617
-0.11904,51.523
-0.21023,51.509
-0.063152,51.563
-0.19224,51.361
0.011107,51.559
0.2486,51.555
-0.10191,51.431
-0.14497,51.491
-0.36198,51.414
-0.098071,51.464
-0.43286,51.591
-0.053249,51.499
-0.13953,51.499
-0.3126,51.482
-0.17206,51.499
-0.14395,51.541
-0.13903,51.535
-0.083184,51.52
-0.19502,51.509
-0.18431,51.365
-0.1477,51.514
-0.14325,51.507
-0.14053,51.551
-0.10281,51.54
-0.13407,51.518
-0.28999,51.517
-0.16779,51.517
-0.13252,51.514
-0.14407,51.526
-0.10812,51.507
-0.10238,51.308
0.0057274,51.516
-0.22613,51.59
-0.145,51.536
-0.12194,51.521
-0.12567,51.482
-0.048536,51.426
-0.17409,51.459
-0.11332,51.481
-0.2572,51.404
-0.065249,51.647
0.014939,51.57
0.013989,51.406
-0.19656,51.483
-0.151,51.319
-0.12654,51.676
0.13616,51.456
-0.30674,51.368
-0.13736,51.515
0.079679,51.535
0.076508,51.56
-0.068796,51.515
0.11253,51.339
-0.13279,51.511
-0.13848,51.461
-0.31679,51.556
-0.089948,51.388
-0.36863,51.467
-0.14025,51.514
-0.2062,51.518
-0.47891,51.489
0.09987,51.464
-0.10941,51.521
-0.24974,51.488
-0.14294,51.516
-0.13203,51.51
-0.22894,51.49
-0.1327,51.516
-0.098377,51.533
-0.20495,51.445
-0.33662,51.483
-0.087598,51.378
-0.1334,51.515
-0.13803,51.462
-0.14179,51.511
-0.34331,51.504
-0.12696,51.507
-0.033768,51.525
-0.11147,51.566
-0.19265,51.416
-0.29301,51.39
-0.093757,51.489
-0.10492,51.506
-0.23517,51.499
0.15835,51.465
-0.11278,51.518
0.011916,51.407
-0.13688,51.523
-0.12487,51.445
-0.31861,51.451
-0.1422,51.539
0.034325,51.406
-0.098984,51.578
-0.16418,51.406
0.15276,51.455
-0.3526,51.442
-0.48002,51.545
-0.17595,51.421
-0.08567,51.49
0.061902,51.422
-0.13732,51.491
-0.093202,51.394
-0.20271,51.513
-0.020934,51.377
-0.43529,51.49
-0.064458,51.534
-0.14705,51.578
-0.081299,51.652
-0.141,51.537
-0.083534,51.495
-0.1332,51.499
-0.23019,51.494
-0.063913,51.407
-0.073481,51.515
-0.1311,51.514
-0.13653,51.514
-0.12514,51.528
-0.33453,51.593
0.081681,51.54
-0.047301,51.492
-0.17466,51.627
-0.30645,51.409
-0.058322,51.542
0.009013,51.465
-0.010825,51.466
-0.069426,51.531
0.016638,51.4
-0.33258,51.58
-0.22767,51.421
-0.1272,51.513
-0.14055,51.507
-0.18041,51.482
-0.23954,51.501
-0.39029,51.537
-0.090522,51.525
-0.070239,51.535
-0.018303,51.466
-0.11978,51.533
-0.30639,51.46
-0.024793,51.41
-0.30457,51.488
-0.16806,51.464
-0.201,51.544
-0.13228,51.511
-0.17725,51.557
-0.16444,51.365
0.10746,51.507
-0.26046,51.534
-0.0011586,51.482
-0.19917,51.533
-0.21008,51.468
-0.081447,51.53
-0.074423,51.524
-0.098331,51.539
-0.11634,51.482
-0.20911,51.411
-0.053157,51.416
0.063529,51.5
-0.1064,51.532
-0.12253,51.521
-0.10533,51.601
-0.11077,51.489
0.0043309,51.546
-0.10844,51.55
-0.25664,51.512
-0.1516,51.492
-0.16257,51.473
-0.083701,51.505
-0.041422,51.545
0.026167,51.546
-0.10952,51.537
-0.12175,51.565
-0.040856,51.587
-0.12478,51.634
-0.039648,51.475
0.012225,51.569
-0.13923,51.514
-0.12198,51.567
-0.13269,51.528
-0.033854,51.503
0.076649,51.411
-0.085016,51.542
-0.063099,51.65
0.062191,51.542
-0.19457,51.48
-0.087703,51.659
0.17697,51.453
-0.29891,51.411
-0.20212,51.42
-0.074751,51.602
-0.063117,51.509
0.18264,51.618
-0.1205,51.513
-0.14929,51.468
-0.12881,51.507
-0.16644,51.461
-0.18778,51.513
-0.17449,51.495
-0.36978,51.416
-0.10509,51.489
-0.13022,51.513
0.11262,51.402
-0.12551,51.511
-0.34819,51.439
-0.1163,51.588
-0.11286,51.471
-0.27832,51.485
-0.047305,51.505
-0.033986,51.505
-0.078868,51.661
-0.13262,51.516
0.0079165,51.483
-0.11205,51.522
-0.0016186,51.56
-0.1087,51.534
-0.26856,51.47
-0.45995,51.535
-0.14593,51.496
-0.17932,51.558
-0.0075012,51.455
0.12166,51.496
-0.21269,51.46
-0.0713,51.53
-0.22718,51.494
-0.33963,51.579
-0.15335,51.541
-0.034666,51.436
-0.114,51.549
-0.079213,51.543
0.035711,51.392
-0.10838,51.374
-0.32944,51.56
-0.022493,51.506
-0.051867,51.414
-0.070463,51.537
-0.12706,51.507
-0.36621,51.468
-0.294,51.417
-0.022538,51.504
-0.078188,51.527
-0.15607,51.517
-0.10321,51.542
-0.15804,51.45
-0.15118,51.555
-0.044013,51.492
0.08877,51.351
-0.10195,51.546
-0.12279,51.563
-0.2069,51.484
-0.079505,51.585
-0.14817,51.473
-0.056135,51.556
-0.4171,51.466
-0.12604,51.51
-0.33822,51.429
-0.12202,51.515
-0.14605,51.545
-0.03467,51.495
0.073569,51.482
0.067935,51.563
-0.10111,51.37
-0.3122,51.396
0.21951,51.568
-0.11761,51.449
-0.12988,51.43
-0.16319,51.455
-0.22768,51.502
-0.13131,51.512
-0.12505,51.524
-0.21202,51.554
-0.13738,51.513
0.039765,51.474
-0.054696,51.438
-0.12809,51.511
0.027859,51.592
-0.099251,51.588
-0.21004,51.652
-0.30812,51.395
-0.11326,51.501
-0.17993,51.416
-0.15095,51.57
0.080989,51.588
-0.24334,51.493
-0.11665,51.518
-0.14736,51.509
-0.13964,51.553
-0.14636,51.507
-0.13192,51.543
0.18135,51.481
-0.24643,51.381
0.15083,51.442
-0.086888,51.55
-0.13377,51.522
-0.10971,51.521
-0.16162,51.42
-0.063206,51.545
-0.11368,51.462
-0.35812,51.453
-0.069744,51.593
0.027681,51.362
-0.24367,51.499
-0.097071,51.374
-0.13993,51.536
-0.20348,51.508
-0.078326,51.519
0.17792,51.452
-0.077995,51.489
-0.12321,51.515
-0.13481,51.463
0.087753,51.36
-0.13318,51.519
-0.10382,51.496
-0.040892,51.399
0.038102,51.53
-0.10751,51.507
-0.31589,51.512
-0.36671,51.415
-0.030731,51.481
-0.062401,51.503
0.26645,51.569
0.026177,51.521
-0.098329,51.56
-0.33781,51.582
-0.16625,51.515
-0.1034,51.52
0.0069276,51.536
-0.28956,51.557
-0.1267,51.509
-0.14236,51.513
-0.1963,51.486
-0.21575,51.358
-0.11309,51.543
-0.067647,51.603
-0.069175,51.516
-0.18913,51.443
0.14286,51.489
-0.11927,51.516
-0.11692,51.534
-0.11922,51.557
-0.13823,51.461
-0.12812,51.511
0.14958,51.442
-0.14431,51.478
-0.32327,51.449
-0.48029,51.546
0.021783,51.522
-0.055261,51.523
0.1753,51.454
-0.36053,51.439
0.017225,51.4
-0.098645,51.535
-0.11161,51.462
-0.27007,51.496
0.02817,51.576
-0.35039,51.436
-0.13088,51.513
-0.090799,51.505
-0.085971,51.659
-0.1549,51.491
-0.21657,51.464
-0.10082,51.372
-0.18375,51.413
-0.30258,51.515
-0.10308,51.378
-0.20745,51.561
-0.15073,51.494
-0.039551,51.495
-0.17001,51.478
0.14322,51.482
-0.11127,51.568
-0.41939,51.439
-0.085412,51.663
-0.042132,51.532
-0.058725,51.519
-0.13732,51.533
-0.1423,51.512
-0.33952,51.604
-0.0004333,51.486
-0.15871,51.386
0.021,51.41
-0.27901,51.485
-0.17696,51.512
-0.068469,51.51
-0.079259,51.66
0.18155,51.473
0.20093,51.587
-0.1267,51.529
-0.4816,51.53
-0.079991,51.528
-0.12697,51.506
0.16104,51.471
-0.13112,51.523
0.0169,51.634
0.12408,51.501
-0.095481,51.487
-0.056296,51.47
-0.44283,51.565
-0.060382,51.519
-0.13182,51.511
-0.038393,51.453
-0.32303,51.45
-0.12556,51.511
-0.14433,51.541
-0.1237,51.561
-0.25518,51.399
0.10297,51.451
-0.1007,51.537
-0.48047,51.521
-0.16447,51.587
0.0081217,51.468
-0.11174,51.515
0.12139,51.448
-0.028113,51.406
-0.16308,51.491
-0.058009,51.514
-0.12683,51.447
-0.17865,51.418
-0.22572,51.493
-0.34581,51.444
-0.33449,51.424
-0.05143,51.527
-0.092879,51.384
-0.21559,51.359
-0.16049,51.653
0.021006,51.408
-0.16215,51.502
-0.16422,51.589
-0.079354,51.549
-0.16717,51.461
-0.1266,51.46
-0.12098,51.516
-0.11444,51.525
-0.17367,51.515
0.089337,51.498
-0.13922,51.535
-0.283,51.487
-0.30004,51.486
-0.11947,51.517
-0.10571,51.532
-0.17447,51.516
-0.33002,51.549
-0.13112,51.512
-0.14227,51.541
0.010413,51.469
-0.1414,51.517
-0.042795,51.523
0.19328,51.471
-0.3138,51.482
-0.10811,51.522
-0.1686,51.495
-0.09805,51.554
-0.18831,51.479
0.012566,51.407
-0.10824,51.567
0.088089,51.35
0.024186,51.52
-0.052225,51.413
-0.24492,51.536
-0.052834,51.568
-0.216,51.499
-0.33241,51.583
-0.12565,51.627
-0.12921,51.515
-0.058674,51.465
-0.14064,51.493
-0.1661,51.5
-0.43712,51.515
-0.11857,51.53
-0.058634,51.477
-0.13312,51.515
0.11486,51.498
-0.075618,51.548
-0.13181,51.593
0.043093,51.437
-0.0135,51.487
-0.097406,51.587
-0.083703,51.529
-0.18938,51.457
-0.027573,51.408
-0.11573,51.463
-0.26523,51.498
-0.059783,51.431
-0.39989,51.579
-0.1003,51.385
-0.11815,51.528
-0.14574,51.544
-0.13842,51.557
-0.089647,51.654
-0.0095704,51.477
-0.31586,51.583
-0.45776,51.493
-0.11218,51.49
-0.14285,51.466
-0.37267,51.457
0.0037644,51.468
-0.11374,51.487
-0.092593,51.564
-0.0095976,51.477
-0.11958,51.306
-0.052141,51.551
-0.16609,51.535
-0.21128,51.385
-0.046705,51.475
-0.058712,51.412
-0.21924,51.488
-0.35526,51.472
-0.080588,51.546
-0.14147,51.508
-0.21265,51.522
0.16011,51.472
-0.093063,51.385
-0.44102,51.568
-0.14079,51.565
-0.323,51.456
-0.21706,51.461
0.022664,51.53
-0.11311,51.481
-0.095353,51.488
-0.14549,51.537
-0.18851,51.516
-0.080589,51.562
-0.10729,51.535
-0.20131,51.658
-0.17673,51.516
0.14626,51.482
-0.056852,51.52
-0.14185,51.539
-0.12692,51.486
-0.1353,51.518
-0.29953,51.514
-0.24413,51.38
-0.13684,51.569
-0.098819,51.536
-0.13962,51.536
-0.14168,51.552
-0.19052,51.49
0.14487,51.466
-0.093289,51.488
-0.1864,51.416
-0.30386,51.461
-0.053923,51.478
-0.096441,51.572
-0.2158,51.509
-0.39729,51.469
0.045113,51.493
-0.30804,51.41
-0.19396,51.508
0.025539,51.615
-0.10393,51.663
0.29479,51.541
-0.30369,51.394
0.047708,51.39
-0.10417,51.52
-0.20865,51.422
0.070717,51.439
-0.19371,51.493
-0.1272,51.633
-0.12523,51.475
-0.086947,51.538
-0.1343,51.588
-0.23323,51.493
-0.12598,51.516
0.13793,51.46
-0.12248,51.454
-0.36287,51.478
-0.12929,51.465
-0.037104,51.476
-0.080115,51.53
-0.1642,51.367
-0.053537,51.502
-0.27299,51.508
-0.14228,51.537
-0.32977,51.449
0.16212,51.49
-0.020215,51.474
-0.24157,51.549
0.0082089,51.545
-0.090055,51.523
-0.10335,51.379
-0.12591,51.526
-0.051506,51.441
-0.18988,51.512
-0.31506,51.511
-0.21611,51.497
0.010309,51.411
-0.018141,51.407
-0.087384,51.525
-0.10008,51.47
-0.27648,51.508
-0.077534,51.518
-0.24546,51.537
-0.090874,51.491
-0.080755,51.536
0.026749,51.531
-0.14114,51.53
-0.14576,51.541
-0.15313,51.519
-0.27552,51.404
-0.30627,51.483
-0.19163,51.361
0.13214,51.463
-0.11954,51.528
-0.35155,51.472
-0.15783,51.514
0.026308,51.476
-0.30624,51.461
-0.23469,51.495
-0.12127,51.51
-0.47415,51.533
-0.19352,51.503
-0.13763,51.535
-0.36694,51.471
-0.40286,51.563
-0.16586,51.369
-0.23843,51.493
-0.13766,51.462
-0.21486,51.557
-0.27098,51.403
-0.14901,51.447
-0.087783,51.526
-0.092862,51.5
-0.30839,51.459
-0.113,51.513
-0.13726,51.517
-0.22024,51.426
-0.19205,51.492
-0.16584,51.473
-0.32885,51.446
0.0001783,51.54
-0.18677,51.461
-0.14102,51.465
0.2336,51.606
-0.011175,51.635
-0.1256,51.501
-0.031902,51.533
0.17336,51.485
-0.087676,51.548
-0.11719,51.515
-0.24963,51.488
-0.14197,51.523
-0.07531,51.504
-0.20703,51.474
-0.04567,51.672
-0.074875,51.552
-0.13631,51.511
-0.054156,51.374
-0.086347,51.532
-0.11885,51.517
-0.28694,51.51
-0.36229,51.466
-0.16859,51.477
0.067613,51.359
-0.18684,51.42
-0.14296,51.497
0.0034181,51.405
-0.10741,51.501
-0.15083,51.54
-0.026669,51.583
-0.1222,51.533
-0.36934,51.467
-0.17465,51.65
0.096523,51.564
-0.47996,51.546
-0.0782,51.527
-0.15516,51.369
-0.090022,51.525
-0.10646,51.42
-0.11649,51.523
-0.14167,51.535
-0.016336,51.515
0.097659,51.486
-0.37289,51.478
-0.075409,51.524
-0.1366,51.568
-0.42569,51.455
-0.18667,51.51
-0.14586,51.541
-0.0080777,51.48
0.011208,51.517
-0.11865,51.564
-0.091308,51.549
-0.10011,51.474
-0.29823,51.427
-0.34021,51.522
-0.30054,51.552
-0.26854,51.469
-0.12396,51.513
-0.1356,51.524
-0.19457,51.601
-0.21518,51.526
-0.1871,51.437
-0.14542,51.511
0.0019562,51.549
-0.093679,51.673
-0.16601,51.495
-0.19511,51.368
-0.07818,51.527
-0.20439,51.658
-0.078181,51.527
-0.10337,51.546
0.11333,51.49
-0.13541,51.464
-0.16976,51.516
0.19103,51.572
-0.16233,51.365
-0.14038,51.518
-0.070702,51.514
-0.1851,51.495
-0.10038,51.537
0.062513,51.409
-0.12346,51.625
-0.28506,51.543
-0.23868,51.507
-0.1813,51.493
0.022555,51.522
-0.070131,51.507
-0.103,51.453
-0.096509,51.508
-0.30216,51.511
-0.085976,51.379
-0.34504,51.474
-0.23473,51.496
0.19846,51.551
-0.40583,51.486
-0.14431,51.497
0.096175,51.427
-0.015172,51.473
-0.064421,51.526
-0.072106,51.531
-0.47685,51.536
0.039391,51.509
-0.47797,51.489
-0.15491,51.501
-0.15102,51.448
0.051337,51.539
-0.059379,51.549
0.012918,51.57
-0.077288,51.562
-0.11994,51.463
-0.11628,51.519
0.084571,51.446
-0.08657,51.522
-0.15151,51.466
-0.08658,51.653
-0.021728,51.506
-0.12882,51.517
-0.15998,51.436
-0.15757,51.378
-0.097713,51.542
0.19036,51.518
-0.10796,51.48
-0.16177,51.41
-0.059951,51.496
-0.20084,51.653
0.019849,51.416
-0.16256,51.489
-0.26466,51.47
-0.20177,51.414
-0.098799,51.373
0.11084,51.49
-0.12173,51.515
-0.12315,51.521
-0.0088906,51.544
-0.142,51.534
-0.13895,51.528
-0.1764,51.619
0.25032,51.559
-0.10343,51.478
-0.30183,51.466
-0.020117,51.504
-0.16897,51.535
-0.13567,51.499
-0.13953,51.513
-0.13344,51.512
-0.090501,51.558
-0.19627,51.435
-0.33999,51.572
-0.12628,51.582
-0.075131,51.503
-0.10648,51.454
-0.13048,51.633
-0.15406,51.54
-0.18088,51.486
-0.26804,51.471
0.084023,51.482
-0.013357,51.482
-0.07375,51.521
-0.13307,51.517
-0.12679,51.512
0.27316,51.558
-0.14144,51.509
-0.47374,51.51
-0.11075,51.388
-0.13556,51.54
0.0030424,51.541
-0.033242,51.428
-0.0736,51.479
-0.12473,51.508
-0.14417,51.522
-0.2217,51.5
-0.12065,51.559
-0.32445,51.468
-0.10405,51.432
-0.32071,51.471
-0.10402,51.431
-0.13897,51.548
0.076381,51.538
-0.32713,51.447
-0.099797,51.562
-0.13967,51.511
-0.22249,51.356
-0.16588,51.491
-0.14641,51.536
0.011644,51.407
-0.15281,51.444
-0.066386,51.498
-0.18002,51.563
0.05396,51.45
-0.14962,51.36
-0.29681,51.462
0.020887,51.609
-0.32018,51.525
-0.02693,51.475
-0.31107,51.618
-0.27493,51.533
-0.12224,51.532
-0.013176,51.469
-0.035885,51.498
-0.13081,51.515
-0.45614,51.489
0.14302,51.484
-0.20929,51.521
-0.017535,51.618
-0.1367,51.566
-0.057543,51.625
-0.034186,51.486
-0.27941,51.61
-0.077969,51.521
-0.12934,51.51
-0.048211,51.426
-0.21643,51.463
0.10692,51.533
-0.20039,51.524
-0.27016,51.507
-0.19949,51.653
-0.0657,51.518
-0.1378,51.534
-0.28069,51.612
-0.10095,51.408
-0.24453,51.495
-0.42726,51.462
-0.17331,51.462
-0.32586,51.446
-0.097848,51.385
-0.14463,51.539
-0.22365,51.548
-0.13709,51.511
-0.31934,51.455
-0.25276,51.385
0.21908,51.555
-0.097621,51.545
-0.14216,51.466
0.01647,51.408
-0.14785,51.506
-0.1386,51.567
-0.14126,51.515
-0.24733,51.473
-0.073355,51.563
-0.0098418,51.476
-0.10537,51.44
-0.035866,51.476
-0.1034,51.542
0.11712,51.532
0.0076756,51.467
-0.12572,51.51
-0.19671,51.364
-0.13259,51.552
-0.2419,51.627
-0.13101,51.511
-0.19143,51.489
-0.019142,51.511
-0.093555,51.474
-0.41933,51.505
-0.04693,51.553
-0.21299,51.486
-0.13584,51.542
-0.062535,51.343
0.14066,51.473
-0.091285,51.505
-0.11257,51.537
-0.11984,51.455
-0.070181,51.513
-0.10698,51.549
-0.10948,51.535
-0.18813,51.464
0.065296,51.501
-0.12487,51.513
-0.14417,51.529
-0.14587,51.514
-0.05841,51.527
-0.1236,51.56
-0.080736,51.379
-0.083366,51.528
-0.12593,51.48
-0.21759,51.514
0.056428,51.315
-0.10409,51.505
-0.13511,51.509
-0.12833,51.435
-0.2321,51.373
-0.14322,51.632
-0.14145,51.546
-0.38155,51.423
-0.30241,51.462
-0.11188,51.503
-0.12169,51.519
-0.18766,51.482
0.1167,51.581
-0.20895,51.372
-0.12985,51.5
0.15172,51.458
-0.070647,51.387
-0.35774,51.447
0.0023913,51.383
0.0061108,51.557
-0.02364,51.445
-0.059929,51.432
-0.15267,51.544
-0.10368,51.491
0.10211,51.529
-0.10698,51.539
-0.16746,51.485
-0.18701,51.479
0.18386,51.575
-0.22645,51.449
0.019039,51.603
-0.12952,51.431
-0.19741,51.48
-0.2988,51.514
-0.19419,51.516
-0.17819,51.546
-0.15883,51.547
-0.1182,51.485
-0.099576,51.582
-0.14339,51.616
-0.18112,51.473
-0.031777,51.484
-0.11787,51.386
-0.30241,51.399
-0.045166,51.399
-0.016002,51.455
-0.48179,51.527
0.029568,51.526
-0.09262,51.53
-0.15073,51.575
-0.072378,51.525
-0.32539,51.497
-0.0077676,51.591
-0.22378,51.491
-0.13918,51.493
0.1094,51.384
-0.30186,51.514
-0.22386,51.503
0.053913,51.366
-0.35814,51.453
-0.11714,51.541
-0.32217,51.469
-0.2025,51.42
-0.15337,51.417
-0.1579,51.63
-0.32747,51.604
-0.066921,51.513
-0.2718,51.507
-0.055561,51.535
-0.0332,51.476
-0.46341,51.51
-0.14281,51.516
-0.038199,51.392
-0.13209,51.528
0.14842,51.478
-0.046575,51.474
-0.062613,51.492
-0.48304,51.52
-0.22889,51.41
-0.32764,51.327
0.22608,51.507
-0.065633,51.544
0.14888,51.441
-0.16381,51.407
-0.013299,51.38
-0.13864,51.523
-0.12577,51.502
-0.3001,51.517
-0.14763,51.6
-0.031909,51.407
-0.070399,51.501
-0.28392,51.416
-0.20034,51.474
-0.26651,51.469
-0.31183,51.397
-0.30559,51.409
-0.081554,51.543
-0.12331,51.528
-0.28571,51.553
0.025577,51.529
-0.17365,51.559
0.092637,51.468
-0.11568,51.555
-0.13076,51.517
-0.1282,51.512
-0.10324,51.522
-0.30712,51.459
0.18139,51.481
-0.0039044,51.485
-0.19861,51.506
-0.10659,51.441
-0.097804,51.353
-0.11139,51.514
-0.35873,51.467
-0.19932,51.448
-0.11087,51.489
-0.073703,51.562
-0.24931,51.53
-0.060767,51.527
-0.11945,51.511
-0.11081,51.638
-0.13788,51.506
-0.1733,51.473
0.014101,51.406
-0.13907,51.491
0.020533,51.398
-0.37335,51.486
-0.28043,51.398
-0.11686,51.515
-0.26731,51.392
-0.11063,51.599
-0.031083,51.533
-0.28727,51.414
-0.088448,51.537
-0.049407,51.468
0.20795,51.578
0.027375,51.362
-0.1106,51.503
-0.21819,51.616
0.19612,51.457
-0.44484,51.564
-0.34646,51.569
-0.23695,51.376
-0.30743,51.395
0.010828,51.54
0.031478,51.488
-0.31536,51.501
-0.17814,51.46
0.1618,51.473
-0.068043,51.443
-0.19825,51.459
-0.047304,51.544
-0.30897,51.391
-0.34898,51.44
-0.29856,51.489
-0.30572,51.505
-0.20142,51.523
-0.2017,51.517
-0.087415,51.657
-0.083645,51.528
-0.059013,51.501
-0.18268,51.568
-0.19469,51.37
-0.14674,51.489
-0.018276,51.611
-0.1068,51.619
-0.14332,51.496
-0.086215,51.397
-0.22524,51.493
-0.21811,51.504
-0.15093,51.372
-0.15381,51.518
-0.03092,51.407
-0.11283,51.546
-0.25949,51.617
-0.082932,51.496
-0.089473,51.504
-0.12498,51.562
-0.022661,51.476
-0.059861,51.452
-0.12941,51.549
-0.10311,51.537
-0.14212,51.499
-0.068512,51.474
-0.086759,51.661
-0.2284,51.502
-0.16611,51.494
-0.18407,51.486
-0.19767,51.597
-0.12813,51.419
-0.19749,51.509
-0.27093,51.461
-0.11004,51.597
-0.13654,51.522
-0.087932,51.529
