-1.2248,51.72
-1.2369,51.741
-1.2435,51.75
-1.2584,51.752
-1.2213,51.722
-1.2119,51.734
-1.1957,51.759
-1.2122,51.736
-1.2827,51.784
-1.2572,51.751
-1.2567,51.752
-1.2393,51.749
-1.2606,51.752
-1.2561,51.744
-1.236,51.747
-1.2372,51.73
-1.1975,51.759
-1.202,51.753
-1.2593,51.751
-1.2198,51.718
-1.2349,51.747
-1.2425,51.748
-1.2656,51.753
-1.2111,51.756
-1.2176,51.732
-1.2727,51.75
-1.2563,51.752
-1.2596,51.754
-1.2671,51.752
-1.2561,51.753
-1.2176,51.739
-1.2543,51.755
-1.2596,51.751
-1.2183,51.729
-1.262,51.751
-1.2605,51.754
-1.2557,51.752
-1.2556,51.755
-1.2371,51.747
-1.2739,51.752
-1.256,51.752
-1.2054,51.76
-1.2016,51.738
-1.293,51.784
-1.2933,51.784
-1.2647,51.778
-1.2591,51.753
-1.2608,51.754
-1.2574,51.751
-1.196,51.764
-1.2601,51.751
-1.2616,51.765
-1.2622,51.764
-1.2196,51.738
-1.2357,51.731
-1.2618,51.751
-1.2195,51.758
-1.2602,51.754
-1.2301,51.741
-1.1902,51.76
-1.2533,51.739
-1.2621,51.753
-1.216,51.733
-1.2627,51.751
-1.2698,51.758
