-4.0050004,51.6186649
-4.0049562,51.5824556
-4.0328041,51.71241
-4.1737719,51.60617
-3.8717742,51.6707788
-3.9218275,51.6629807
-3.9195552,51.7148853
-4.0286843,51.7124632
-4.0439189,51.6462989
-4.0428618,51.6706849
-3.9437529,51.6320741
-3.9697298,51.6134045
-4.0414892,51.674981
-4.0873075,51.5752316
-4.0042598,51.5759487
-4.0177967,51.5822551
-4.0325466,51.7130216
-4.0492511,51.5842533
-3.9073019,51.6855888
-4.0176378,51.5822975
-3.9556584,51.6730032
-4.030809,51.6132126
-3.9197897,51.6824678
-4.0181019,51.5832574
-4.0334908,51.7132078
-3.9158424,51.6219111
-4.0511536,51.5832684
-3.9290621,51.6787446
-3.9456136,51.6334046
-4.0338929,51.7172792
-3.9272305,51.6808011
-4.0494542,51.582975
-3.9042848,51.697368
-3.9535996,51.6157016
-3.9730398,51.6405215
-4.050339,51.5832333
-3.8749287,51.6696055
-4.0140875,51.5762231
-4.0472285,51.6764298
-4.001268,51.673292
-3.932555,51.6253025
-4.0397341,51.6466814
-3.9699415,51.6280806
-4.018468,51.5839523
-3.9721718,51.7077648
-4.0749423,51.6632997
-4.0329383,51.5856768
-4.0395478,51.6460413
-3.9276598,51.6241203
-3.8851422,51.6574692
-3.9448497,51.6435981
-4.0418761,51.6623164
-3.9423826,51.6280192
-4.0059531,51.5842892
