0.1541679,52.2006798
0.1764815,52.1867746
0.1251488,52.1950655
0.1183368,52.1760191
0.1269134,52.1965134
0.119747,52.2099308
0.1620721,52.2080209
0.1249275,52.220248
0.1454996,52.2258295
0.1301343,52.1978696
0.1254599,52.19716
0.1200667,52.2044512
0.1262013,52.2193086
0.1212682,52.22324
0.1271817,52.1981376
0.1655143,52.2119817
0.1188324,52.1820321
0.1204959,52.2308304
0.1183271,52.1771568
0.1302462,52.1982278
0.1283242,52.2267657
0.1337193,52.2045902
0.1431864,52.1820157
0.1057045,52.2086438
0.129828,52.232367
0.1293799,52.2258446
0.1617994,52.2088021
0.1694484,52.1907889
0.1394594,52.1813607
0.1285219,52.2044279
