-1.7028038,54.9779381
-1.6081239,54.9824082
-1.5838433,54.9839585
-1.665572,54.9948826
-1.5886864,54.9939755
-1.63562,54.976766
-1.5770729,54.9844326
-1.7122221,54.9990354
-1.5593397,54.9838485
-1.6264578,55.0081289
-1.6577947,55.0060682
-1.6640204,54.9691178
-1.6397303,54.9648527
-1.6586835,54.9836139
-1.5420623,54.9742431
-1.5539606,54.968947
-1.5795426,54.9729401
-1.7054914,54.974259
-1.667027,54.9773511
-1.7419543,54.9963109
-1.6586156,54.9731763
-1.6757089,54.994813
-1.6361172,54.9683785
-1.6102013,54.9847849
-1.6164912,55.0151331
-1.6175778,55.0176289
-1.670956,54.992271
-1.6171305,55.0167252
-1.6653722,54.9698814
-1.7102451,54.9767238
-1.7179298,54.9973615
-1.6293017,55.0135751
-1.6713979,55.0536849
-1.6750736,54.9717599
-1.684998,54.9996877
-1.6951649,54.9805178
-1.6250416,55.0077105
-1.6084942,54.9908722
-1.6172774,55.0179303
-1.7364974,54.9933699
-1.7364974,54.9920897
-1.6562294,55.004295
-1.7393832,54.9857265
-1.5946682,54.9837742
-1.6103663,54.9889845
-1.6551047,54.9676151
-1.6888709,54.9790998
-1.760554,54.9937232
-1.6722412,54.9760211
-1.6734428,54.9815748
-1.5906342,54.9785287
