-0.00084509,0.0010094,0.012809,0.026063,0.037448,0.048697,0.060109,0.072065,0.083858,0.096372,0.1083,0.12129,0.13328,0.14648,0.15829,0.17133,0.18273,0.19536,0.20624,0.21839,0.22876,0.24045,0.25036,0.26162,0.27111,0.282,0.29253,0.30168,0.3119,0.32073,0.3307,0.33926,0.34902,0.35734,0.36693,0.37505,0.38451,0.39247,0.40181,0.40964
0.0078337,0.01108,0.035764,0.068283,0.09747,0.12478,0.15037,0.17515,0.19804,0.22074,0.24152,0.26276,0.28199,0.30212,0.32014,0.33943,0.35652,0.37525,0.39166,0.41002,0.42594,0.44403,0.45956,0.4774,0.49257,0.51009,0.52709,0.54193,0.5584,0.57264,0.58841,0.60194,0.61686,0.62956,0.64352,0.65531,0.66826,0.67912,0.69104,0.70097
0.0034802,0.014652,0.066728,0.1116,0.14816,0.18295,0.21614,0.24872,0.27919,0.30951,0.33736,0.36579,0.39163,0.41882,0.44328,0.46969,0.49316,0.51883,0.5413,0.5659,0.58706,0.61007,0.62954,0.65053,0.66802,0.68677,0.70405,0.71867,0.73381,0.74649,0.75969,0.77064,0.78215,0.79162,0.80168,0.80992,0.81875,0.82595,0.83373,0.84006
0.059934,0.066389,0.10952,0.16032,0.20585,0.24895,0.28939,0.32835,0.36456,0.40059,0.43392,0.46816,0.49951,0.53221,0.56152,0.59196,0.61849,0.64566,0.66869,0.69207,0.71144,0.73113,0.74718,0.76366,0.77694,0.79079,0.80328,0.81359,0.8242,0.83292,0.84202,0.84946,0.85731,0.86372,0.87054,0.87609,0.88205,0.88689,0.89213,0.89638
0.039632,0.060573,0.14696,0.21567,0.26878,0.31653,0.36066,0.4037,0.44469,0.48658,0.52589,0.56587,0.60177,0.63727,0.66771,0.69722,0.72168,0.7454,0.76466,0.78361,0.79882,0.81408,0.82625,0.83868,0.84855,0.85877,0.86787,0.87537,0.88297,0.88921,0.89563,0.90089,0.90636,0.91084,0.91558,0.91945,0.92359,0.92698,0.9306,0.93359
0.043472,0.063901,0.15623,0.2363,0.29997,0.35808,0.41258,0.46583,0.51581,0.56473,0.60842,0.6497,0.68448,0.7167,0.74292,0.76747,0.78715,0.80603,0.8211,0.83589,0.84769,0.85948,0.86888,0.87842,0.88601,0.89383,0.90078,0.90654,0.91238,0.91721,0.92217,0.92629,0.93053,0.93408,0.9377,0.94077,0.94388,0.94654,0.94921,0.95152
0.096728,0.12529,0.23462,0.31748,0.38063,0.43897,0.49432,0.54765,0.59636,0.64188,0.6811,0.71691,0.74641,0.77331,0.79493,0.81502,0.831,0.84625,0.85834,0.8702,0.87956,0.88902,0.89644,0.90416,0.91018,0.91665,0.92236,0.92706,0.9318,0.93577,0.93969,0.94304,0.94629,0.94912,0.95178,0.95414,0.95629,0.95824,0.95998,0.96157
0.096798,0.12271,0.22758,0.31347,0.38128,0.44441,0.50456,0.56249,0.61477,0.66246,0.70226,0.73757,0.76585,0.79139,0.8116,0.83049,0.8454,0.85981,0.87115,0.88244,0.89131,0.90044,0.9076,0.91502,0.92091,0.92691,0.93214,0.93662,0.94086,0.94456,0.94794,0.95095,0.95363,0.95606,0.95813,0.96004,0.96162,0.96308,0.96424,0.96531
0.12542,0.15333,0.27017,0.36906,0.44941,0.52396,0.59203,0.65267,0.70278,0.74482,0.77773,0.80577,0.82765,0.84714,0.86243,0.87664,0.88777,0.89852,0.90692,0.91537,0.92197,0.92867,0.93399,0.93926,0.94358,0.94774,0.9513,0.95445,0.95722,0.95971,0.96181,0.96374,0.96529,0.96674,0.96784,0.96887,0.96958,0.97024,0.97066,0.97101
0.12437,0.15386,0.28317,0.39294,0.48091,0.56251,0.63541,0.69727,0.74572,0.78449,0.81389,0.83829,0.8571,0.87345,0.88627,0.89788,0.90708,0.91573,0.92267,0.92927,0.93468,0.93973,0.94397,0.94781,0.95112,0.95397,0.95638,0.95855,0.96026,0.96181,0.96295,0.96398,0.96465,0.96524,0.96555,0.96577,0.96579,0.9657,0.96552,0.96518
0.21509,0.23079,0.32065,0.41603,0.50207,0.58383,0.65506,0.71402,0.75946,0.79613,0.82405,0.84781,0.8662,0.88274,0.89563,0.90776,0.91726,0.92637,0.93363,0.94044,0.94603,0.95112,0.95542,0.9591,0.9623,0.9649,0.96703,0.96894,0.97032,0.97155,0.97234,0.97302,0.97337,0.97359,0.9736,0.97344,0.97323,0.97278,0.97236,0.97167
0.14817,0.17819,0.31723,0.44622,0.55284,0.64222,0.71014,0.76114,0.79903,0.82948,0.85302,0.87288,0.88845,0.90203,0.91281,0.9225,0.93033,0.93739,0.94325,0.94843,0.95284,0.95658,0.95983,0.96245,0.96477,0.96651,0.9679,0.96912,0.96993,0.9706,0.97099,0.97121,0.9713,0.97119,0.97108,0.97071,0.97053,0.97001,0.96984,0.96926
0.1857,0.21666,0.35438,0.48185,0.58633,0.67426,0.74236,0.7936,0.83078,0.85955,0.88094,0.8984,0.9117,0.92306,0.93193,0.9396,0.94577,0.95099,0.95532,0.95874,0.96166,0.96381,0.96564,0.96682,0.96779,0.96827,0.96852,0.96854,0.96836,0.96792,0.96746,0.96665,0.96599,0.96491,0.96419,0.96293,0.96226,0.96092,0.96048,0.95922
0.23784,0.27046,0.41742,0.54786,0.6467,0.72487,0.78248,0.82426,0.85407,0.87725,0.89459,0.90949,0.92102,0.93141,0.93968,0.94701,0.95301,0.95807,0.96232,0.9657,0.96854,0.9707,0.97247,0.97366,0.97458,0.97513,0.97547,0.97551,0.97545,0.97506,0.9748,0.97411,0.97374,0.97284,0.97252,0.97154,0.97147,0.97058,0.97067,0.96994
0.18197,0.22118,0.38811,0.52986,0.62949,0.70233,0.7559,0.79751,0.82888,0.85442,0.87377,0.89046,0.90343,0.91491,0.92419,0.93227,0.93901,0.94463,0.94939,0.95311,0.95625,0.95848,0.9603,0.9614,0.96215,0.96242,0.96241,0.96197,0.9615,0.9605,0.95979,0.95842,0.95772,0.95619,0.95578,0.95436,0.95432,0.95322,0.95366,0.95304
0.24924,0.28085,0.43685,0.58736,0.69645,0.77285,0.82433,0.86012,0.88536,0.90434,0.91856,0.93005,0.9391,0.94658,0.95269,0.95755,0.96161,0.96456,0.96703,0.96859,0.96982,0.97039,0.97068,0.97058,0.9702,0.96975,0.96927,0.96839,0.96792,0.96699,0.9668,0.96605,0.96633,0.966,0.96666,0.96677,0.96788,0.96841,0.96989,0.97077
0.31518,0.34855,0.4964,0.62431,0.71513,0.78325,0.83263,0.86855,0.89421,0.91352,0.92771,0.93892,0.94751,0.95432,0.95975,0.96391,0.96728,0.96973,0.97167,0.97295,0.97386,0.97433,0.97445,0.97439,0.97393,0.97356,0.97312,0.9722,0.97179,0.97081,0.97068,0.96989,0.97003,0.96956,0.97016,0.9701,0.97115,0.97153,0.97268,0.97333
0.19534,0.23233,0.4061,0.55505,0.65024,0.71696,0.76635,0.806,0.83677,0.86259,0.88283,0.89969,0.91315,0.92395,0.93261,0.9391,0.9442,0.94756,0.94997,0.95109,0.95147,0.95107,0.94994,0.94863,0.94647,0.94477,0.94321,0.94056,0.93943,0.93709,0.93672,0.93514,0.93588,0.93539,0.93729,0.93798,0.94058,0.94215,0.94519,0.9473
0.25797,0.29212,0.46392,0.62404,0.73036,0.80042,0.84633,0.87857,0.90153,0.91937,0.93288,0.94351,0.95187,0.95813,0.96302,0.9663,0.96871,0.96997,0.97061,0.97058,0.96998,0.96912,0.96762,0.96631,0.9642,0.96276,0.96149,0.95932,0.95838,0.95657,0.95628,0.95513,0.95567,0.95534,0.95642,0.95679,0.95826,0.95912,0.96049,0.96148
0.19146,0.24194,0.4535,0.61701,0.7201,0.78917,0.83463,0.86641,0.88878,0.90575,0.91857,0.92819,0.93563,0.94086,0.94475,0.94709,0.94847,0.94886,0.94842,0.94755,0.94578,0.94428,0.94162,0.94015,0.93716,0.93644,0.93613,0.93431,0.93539,0.93491,0.93762,0.93878,0.94261,0.94515,0.94974,0.95315,0.95771,0.96132,0.96582,0.96931
0.32154,0.36027,0.5314,0.67167,0.75715,0.814,0.85287,0.88117,0.90165,0.91719,0.92892,0.93744,0.94391,0.94809,0.951,0.95229,0.95266,0.95206,0.95062,0.94898,0.94643,0.94461,0.94171,0.94067,0.93841,0.93899,0.94011,0.94047,0.94323,0.94521,0.94898,0.95197,0.95605,0.95934,0.96319,0.96628,0.96979,0.97246,0.97544,0.97761
0.28609,0.33108,0.51454,0.65945,0.7498,0.8122,0.85587,0.88741,0.90956,0.92537,0.93703,0.94552,0.9519,0.95645,0.95965,0.9616,0.96256,0.96273,0.96207,0.96115,0.95941,0.95815,0.95597,0.95528,0.95359,0.95396,0.95496,0.9555,0.95792,0.95998,0.96322,0.96612,0.96955,0.97251,0.97563,0.97817,0.98078,0.9827,0.98498,0.98633
0.30756,0.35277,0.56838,0.72251,0.80218,0.85218,0.88513,0.90788,0.9242,0.93641,0.94583,0.95288,0.95834,0.96207,0.9647,0.96601,0.96644,0.96597,0.96462,0.96301,0.96039,0.95844,0.95531,0.95372,0.95096,0.95053,0.95042,0.9498,0.95075,0.9514,0.95301,0.95449,0.95634,0.95817,0.96023,0.9622,0.96414,0.96609,0.96806,0.96996
0.35602,0.39362,0.59068,0.74655,0.83033,0.88144,0.91406,0.9355,0.95006,0.96015,0.96752,0.97265,0.97641,0.97887,0.98047,0.9813,0.98147,0.98131,0.98052,0.97993,0.97866,0.97833,0.9773,0.97758,0.97727,0.97862,0.97991,0.98094,0.98254,0.98379,0.98535,0.98646,0.98785,0.98868,0.99007,0.99069,0.99137,0.99148,0.99261,0.99248
0.35602,0.39362,0.59068,0.74655,0.83033,0.88144,0.91406,0.9355,0.95006,0.96015,0.96752,0.97265,0.97641,0.97887,0.98047,0.9813,0.98147,0.98131,0.98052,0.97993,0.97866,0.97833,0.9773,0.97758,0.97727,0.97862,0.97991,0.98094,0.98254,0.98379,0.98535,0.98646,0.98785,0.98868,0.99007,0.99069,0.99137,0.99148,0.99261,0.99248
0.4074,0.45163,0.63714,0.77448,0.84832,0.89111,0.91701,0.93312,0.94341,0.94907,0.95211,0.95276,0.95195,0.95001,0.94696,0.94385,0.93967,0.9368,0.93298,0.93213,0.93071,0.93282,0.93483,0.93956,0.94414,0.94957,0.95467,0.95943,0.96421,0.9681,0.97178,0.97448,0.97787,0.97975,0.98262,0.98394,0.98616,0.987,0.98783,0.98768
0.4074,0.45163,0.63714,0.77448,0.84832,0.89111,0.91701,0.93312,0.94341,0.94907,0.95211,0.95276,0.95195,0.95001,0.94696,0.94385,0.93967,0.9368,0.93298,0.93213,0.93071,0.93282,0.93483,0.93956,0.94414,0.94957,0.95467,0.95943,0.96421,0.9681,0.97178,0.97448,0.97787,0.97975,0.98262,0.98394,0.98616,0.987,0.98783,0.98768
0.35339,0.38945,0.58723,0.74479,0.81912,0.86401,0.89517,0.91741,0.93313,0.94339,0.94974,0.95277,0.95331,0.95212,0.94876,0.94481,0.93827,0.93263,0.92375,0.91803,0.90892,0.90553,0.89935,0.89966,0.89825,0.901,0.90337,0.90695,0.91022,0.91515,0.91822,0.92338,0.92584,0.93025,0.93261,0.93574,0.94028,0.9431,0.94587,0.94724
0.35339,0.38945,0.58723,0.74479,0.81912,0.86401,0.89517,0.91741,0.93313,0.94339,0.94974,0.95277,0.95331,0.95212,0.94876,0.94481,0.93827,0.93263,0.92375,0.91803,0.90892,0.90553,0.89935,0.89966,0.89825,0.901,0.90337,0.90695,0.91022,0.91515,0.91822,0.92338,0.92584,0.93025,0.93261,0.93574,0.94028,0.9431,0.94587,0.94724
0.35339,0.38945,0.58723,0.74479,0.81912,0.86401,0.89517,0.91741,0.93313,0.94339,0.94974,0.95277,0.95331,0.95212,0.94876,0.94481,0.93827,0.93263,0.92375,0.91803,0.90892,0.90553,0.89935,0.89966,0.89825,0.901,0.90337,0.90695,0.91022,0.91515,0.91822,0.92338,0.92584,0.93025,0.93261,0.93574,0.94028,0.9431,0.94587,0.94724
0.39241,0.44378,0.63551,0.76569,0.84345,0.89465,0.9284,0.95027,0.9646,0.97356,0.97911,0.98204,0.98317,0.98294,0.9813,0.97922,0.97535,0.97188,0.96597,0.96199,0.95537,0.95191,0.94682,0.94477,0.94261,0.94201,0.94075,0.94167,0.94198,0.94361,0.94302,0.94252,0.94693,0.94569,0.95141,0.94975,0.95239,0.9487,0.95176,0.94549
0.39241,0.44378,0.63551,0.76569,0.84345,0.89465,0.9284,0.95027,0.9646,0.97356,0.97911,0.98204,0.98317,0.98294,0.9813,0.97922,0.97535,0.97188,0.96597,0.96199,0.95537,0.95191,0.94682,0.94477,0.94261,0.94201,0.94075,0.94167,0.94198,0.94361,0.94302,0.94252,0.94693,0.94569,0.95141,0.94975,0.95239,0.9487,0.95176,0.94549
0.39241,0.44378,0.63551,0.76569,0.84345,0.89465,0.9284,0.95027,0.9646,0.97356,0.97911,0.98204,0.98317,0.98294,0.9813,0.97922,0.97535,0.97188,0.96597,0.96199,0.95537,0.95191,0.94682,0.94477,0.94261,0.94201,0.94075,0.94167,0.94198,0.94361,0.94302,0.94252,0.94693,0.94569,0.95141,0.94975,0.95239,0.9487,0.95176,0.94549
0.44129,0.47626,0.65,0.78655,0.85863,0.90092,0.92795,0.94538,0.95689,0.96349,0.96684,0.96738,0.96609,0.96422,0.96227,0.96226,0.96432,0.96807,0.97414,0.97885,0.98408,0.98764,0.99,0.99272,0.99298,0.99566,0.99779,0.99753,0.99855,0.99757,0.9972,0.9943,0.99495,0.98993,0.9921,0.98506,0.99224,0.98543,0.98604,0.97426
0.45182,0.52046,0.64908,0.73857,0.80291,0.84107,0.86691,0.88639,0.89972,0.9078,0.91103,0.91112,0.90814,0.90577,0.90249,0.90391,0.90738,0.91628,0.928,0.94004,0.95236,0.96221,0.96987,0.97705,0.98051,0.98633,0.99089,0.99202,0.99509,0.99542,0.99496,0.9926,0.99183,0.98594,0.9896,0.98196,0.99338,0.98852,0.98343,0.96971
0.45182,0.52046,0.64908,0.73857,0.80291,0.84107,0.86691,0.88639,0.89972,0.9078,0.91103,0.91112,0.90814,0.90577,0.90249,0.90391,0.90738,0.91628,0.928,0.94004,0.95236,0.96221,0.96987,0.97705,0.98051,0.98633,0.99089,0.99202,0.99509,0.99542,0.99496,0.9926,0.99183,0.98594,0.9896,0.98196,0.99338,0.98852,0.98343,0.96971
0.45182,0.52046,0.64908,0.73857,0.80291,0.84107,0.86691,0.88639,0.89972,0.9078,0.91103,0.91112,0.90814,0.90577,0.90249,0.90391,0.90738,0.91628,0.928,0.94004,0.95236,0.96221,0.96987,0.97705,0.98051,0.98633,0.99089,0.99202,0.99509,0.99542,0.99496,0.9926,0.99183,0.98594,0.9896,0.98196,0.99338,0.98852,0.98343,0.96971
0.49715,0.56428,0.72211,0.80412,0.85359,0.88191,0.8976,0.90591,0.9083,0.90735,0.90255,0.89754,0.88973,0.88598,0.88104,0.8837,0.88647,0.89589,0.90469,0.91648,0.92693,0.9379,0.94738,0.95571,0.96285,0.96876,0.97279,0.97605,0.97959,0.98121,0.98185,0.98046,0.9831,0.97953,0.97937,0.97138,0.97889,0.97345,0.97335,0.96735
0.49715,0.56428,0.72211,0.80412,0.85359,0.88191,0.8976,0.90591,0.9083,0.90735,0.90255,0.89754,0.88973,0.88598,0.88104,0.8837,0.88647,0.89589,0.90469,0.91648,0.92693,0.9379,0.94738,0.95571,0.96285,0.96876,0.97279,0.97605,0.97959,0.98121,0.98185,0.98046,0.9831,0.97953,0.97937,0.97138,0.97889,0.97345,0.97335,0.96735
0.47472,0.52124,0.72216,0.83891,0.89136,0.91912,0.93375,0.94044,0.94183,0.94023,0.93558,0.9309,0.92383,0.9203,0.91544,0.91758,0.91972,0.92777,0.93589,0.94505,0.95405,0.96136,0.96862,0.97276,0.97706,0.98047,0.98342,0.98532,0.98703,0.98716,0.98894,0.98768,0.98646,0.98008,0.9861,0.9791,0.97333,0.9603,0.96817,0.95448
