-0.00053977,-0.00072252,-0.0013476,-0.00098723,-0.00023425,0.00038181,0.00082317,0.0012587,0.0017406,0.0024739,0.003304,0.0045348,0.0057931,0.0075224,0.0091478,0.011266,0.013151,0.015563,0.017638,0.020293,0.022524,0.025382,0.027739,0.030749,0.033197,0.036313,0.039408,0.042011,0.045177,0.047813,0.051057,0.053729,0.057077,0.059801,0.063283,0.066082,0.069733,0.072632,0.07648,0.079499
-0.0017276,-0.00097571,0.0003402,0.00031754,0.0010278,0.0029644,0.0058909,0.0098412,0.014204,0.01946,0.024659,0.030658,0.036197,0.042476,0.048062,0.054547,0.060211,0.067136,0.07309,0.080733,0.087176,0.095674,0.10268,0.11196,0.11947,0.1293,0.13906,0.1472,0.15702,0.16513,0.17477,0.18266,0.19194,0.19951,0.20837,0.21556,0.22399,0.23082,0.23888,0.24537
-0.0027556,-0.0026044,-0.0012059,0.0020515,0.0078048,0.015188,0.023271,0.032132,0.040818,0.050109,0.058865,0.06895,0.078422,0.090191,0.10096,0.11454,0.12646,0.14113,0.15356,0.16833,0.18053,0.19464,0.20613,0.21929,0.22992,0.24216,0.2538,0.26357,0.27466,0.28392,0.29465,0.30354,0.31399,0.32261,0.33278,0.34114,0.35098,0.35905,0.36847,0.3762
-0.004104,-0.0014218,0.0092492,0.01919,0.027948,0.037118,0.046898,0.057943,0.069437,0.083289,0.097288,0.11436,0.13047,0.14929,0.16595,0.18454,0.20037,0.21771,0.23219,0.24823,0.26152,0.27666,0.28913,0.30369,0.31561,0.32968,0.34318,0.3546,0.36739,0.37816,0.39003,0.4,0.41072,0.41973,0.42913,0.43707,0.44501,0.45178,0.45819,0.46372
0.0027823,0.0020902,0.0027805,0.012447,0.027697,0.045297,0.063983,0.08512,0.1069,0.13129,0.15434,0.17861,0.19991,0.22154,0.23991,0.25891,0.27497,0.29245,0.30721,0.3239,0.33791,0.35387,0.36713,0.38202,0.3943,0.40765,0.41972,0.43004,0.44007,0.44865,0.45643,0.46313,0.46856,0.47329,0.47633,0.47905,0.47971,0.48039,0.47864,0.47724
0.00037498,0.0031352,0.019223,0.03773,0.054875,0.072635,0.092186,0.11547,0.13963,0.16589,0.18999,0.21462,0.23612,0.25861,0.27812,0.29955,0.31801,0.33863,0.35614,0.37538,0.39147,0.40849,0.42258,0.4367,0.44835,0.45918,0.46802,0.4755,0.48097,0.48555,0.48767,0.48934,0.4881,0.48682,0.48215,0.47782,0.46964,0.46208,0.4503,0.43934
0.0062971,0.01184,0.037393,0.059971,0.078309,0.098142,0.12118,0.14854,0.17587,0.20406,0.22919,0.25473,0.27716,0.30118,0.3222,0.34503,0.36465,0.38533,0.40273,0.42007,0.43443,0.44761,0.45842,0.46713,0.47416,0.47833,0.48015,0.4812,0.47853,0.47555,0.46831,0.4611,0.44912,0.43739,0.42049,0.40391,0.382,0.36029,0.33348,0.30648
-0.0054786,0.0012865,0.026782,0.051305,0.081112,0.11804,0.1575,0.19681,0.23188,0.26499,0.29389,0.32306,0.34871,0.3753,0.39815,0.42102,0.44008,0.45778,0.4721,0.48386,0.49302,0.49867,0.50259,0.50221,0.50087,0.49438,0.48491,0.47475,0.45898,0.44264,0.42031,0.39732,0.36837,0.33836,0.30299,0.26587,0.22465,0.18071,0.13465,0.084652
-0.0087051,0.0012737,0.036429,0.06544,0.096594,0.13311,0.1705,0.20668,0.23872,0.26973,0.29742,0.32586,0.35104,0.37646,0.39817,0.41858,0.43537,0.44939,0.46044,0.46759,0.47264,0.47277,0.47162,0.46448,0.45674,0.44198,0.42364,0.40425,0.37808,0.35058,0.3167,0.28087,0.23984,0.19588,0.14883,0.097583,0.046193,-0.010869,-0.064523,-0.12534
0.012959,0.019329,0.048253,0.078451,0.11326,0.15337,0.19279,0.2302,0.26369,0.297,0.32707,0.35718,0.38321,0.40732,0.42696,0.44274,0.45464,0.46132,0.46508,0.4625,0.45788,0.44567,0.43203,0.40967,0.38611,0.35324,0.31615,0.27603,0.22957,0.17915,0.125,0.065694,0.0064205,-0.059331,-0.12069,-0.18973,-0.24999,-0.31889,-0.3751,-0.44057
0.0053487,0.016523,0.065582,0.10417,0.13791,0.17215,0.20463,0.23668,0.26718,0.29913,0.3286,0.35765,0.38244,0.40402,0.421,0.43274,0.44061,0.44174,0.43995,0.42996,0.4178,0.39615,0.37265,0.339,0.3033,0.25813,0.20889,0.15476,0.09671,0.032457,-0.031312,-0.10266,-0.16828,-0.24262,-0.30603,-0.3789,-0.43649,-0.50378,-0.55322,-0.61199
0.080445,0.082364,0.099185,0.13575,0.17922,0.22057,0.25812,0.29535,0.33078,0.36666,0.39867,0.42794,0.45188,0.47042,0.48398,0.49058,0.49323,0.4877,0.479,0.46099,0.44003,0.40912,0.3748,0.33118,0.28295,0.22784,0.16921,0.10237,0.036546,-0.039114,-0.10808,-0.18818,-0.25582,-0.3353,-0.39781,-0.4719,-0.52647,-0.59146,-0.63681,-0.69053
0.0028267,0.011964,0.06472,0.13063,0.19439,0.25136,0.30173,0.34964,0.39302,0.43318,0.46681,0.49447,0.51557,0.5294,0.5379,0.53811,0.53401,0.52025,0.50247,0.47385,0.44067,0.39678,0.34683,0.28855,0.22183,0.15198,0.079293,-0.0058751,-0.082971,-0.17393,-0.2492,-0.33859,-0.4065,-0.48735,-0.54451,-0.61198,-0.65744,-0.70967,-0.74436,-0.78196
-0.0051473,0.013182,0.091663,0.16146,0.217,0.26253,0.302,0.33958,0.37366,0.40421,0.42875,0.44623,0.45727,0.45912,0.45528,0.44031,0.42011,0.38697,0.34835,0.29672,0.23864,0.1705,0.094374,0.014827,-0.074469,-0.15803,-0.24005,-0.33235,-0.40774,-0.49261,-0.5565,-0.62823,-0.67867,-0.73479,-0.77264,-0.81358,-0.84097,-0.86892,-0.8892,-0.90745
0.059821,0.069258,0.11845,0.17313,0.22441,0.27527,0.32529,0.3733,0.41471,0.44802,0.47239,0.48615,0.49199,0.48576,0.47244,0.44519,0.41039,0.36069,0.30161,0.22987,0.14602,0.056834,-0.046906,-0.14344,-0.25548,-0.34639,-0.43131,-0.52616,-0.59365,-0.66767,-0.71685,-0.76917,-0.80335,-0.8374,-0.86152,-0.88231,-0.90068,-0.91307,-0.92736,-0.93473
-0.01532,0.0071417,0.10639,0.19654,0.26484,0.31993,0.36687,0.40761,0.44015,0.46313,0.47694,0.47894,0.47253,0.45216,0.4233,0.37854,0.32408,0.25478,0.17385,0.084501,-0.018208,-0.11727,-0.23013,-0.32536,-0.43322,-0.51265,-0.58502,-0.66204,-0.71537,-0.77017,-0.80726,-0.84303,-0.86902,-0.89103,-0.90995,-0.92314,-0.93688,-0.9445,-0.95325,-0.95641
0.042291,0.056999,0.1285,0.19531,0.25034,0.30365,0.35462,0.40015,0.43585,0.45924,0.47125,0.46843,0.45498,0.42487,0.38361,0.32536,0.25397,0.16984,0.070546,-0.030175,-0.14607,-0.24752,-0.3617,-0.44817,-0.5441,-0.6088,-0.66676,-0.72431,-0.76433,-0.80161,-0.8299,-0.85336,-0.87341,-0.88822,-0.90205,-0.91104,-0.92041,-0.92466,-0.93326,-0.93404
0.042291,0.056999,0.1285,0.19531,0.25034,0.30365,0.35462,0.40015,0.43585,0.45924,0.47125,0.46843,0.45498,0.42487,0.38361,0.32536,0.25397,0.16984,0.070546,-0.030175,-0.14607,-0.24752,-0.3617,-0.44817,-0.5441,-0.6088,-0.66676,-0.72431,-0.76433,-0.80161,-0.8299,-0.85336,-0.87341,-0.88822,-0.90205,-0.91104,-0.92041,-0.92466,-0.93326,-0.93404
-0.0070543,0.012264,0.097935,0.17684,0.24373,0.30534,0.35983,0.40361,0.43461,0.45066,0.45419,0.44109,0.41553,0.37136,0.31341,0.23916,0.14956,0.053232,-0.059411,-0.16395,-0.28419,-0.38169,-0.49207,-0.57175,-0.65944,-0.71788,-0.77099,-0.81908,-0.856,-0.88537,-0.90912,-0.9255,-0.9397,-0.94661,-0.95618,-0.95596,-0.96615,-0.96175,-0.9782,-0.97517
0.047501,0.069059,0.17388,0.2652,0.34096,0.41027,0.46782,0.50886,0.53296,0.53828,0.52829,0.49838,0.45234,0.38559,0.3,0.19981,0.079348,-0.0402,-0.17778,-0.29508,-0.42487,-0.52167,-0.62433,-0.69337,-0.76256,-0.80801,-0.84676,-0.87837,-0.90126,-0.91758,-0.93173,-0.93771,-0.94954,-0.94914,-0.96451,-0.96317,-0.97998,-0.98153,-0.98116,-0.97732
0.047501,0.069059,0.17388,0.2652,0.34096,0.41027,0.46782,0.50886,0.53296,0.53828,0.52829,0.49838,0.45234,0.38559,0.3,0.19981,0.079348,-0.0402,-0.17778,-0.29508,-0.42487,-0.52167,-0.62433,-0.69337,-0.76256,-0.80801,-0.84676,-0.87837,-0.90126,-0.91758,-0.93173,-0.93771,-0.94954,-0.94914,-0.96451,-0.96317,-0.97998,-0.98153,-0.98116,-0.97732
0.080447,0.11847,0.24138,0.3118,0.36165,0.40574,0.4406,0.46136,0.46651,0.45164,0.41899,0.36243,0.28528,0.18679,0.066091,-0.060516,-0.20598,-0.33203,-0.46841,-0.56627,-0.66656,-0.73012,-0.791,-0.82962,-0.86185,-0.8878,-0.91032,-0.92314,-0.93706,-0.94342,-0.95254,-0.95444,-0.96128,-0.95963,-0.96863,-0.96625,-0.97596,-0.97435,-0.96814,-0.95637
0.181,0.19167,0.23981,0.28001,0.31513,0.3481,0.37299,0.38334,0.3774,0.34995,0.30346,0.23332,0.14364,0.037954,-0.083589,-0.20353,-0.33256,-0.44251,-0.55529,-0.64057,-0.72445,-0.78222,-0.83636,-0.87232,-0.90397,-0.9242,-0.94044,-0.95156,-0.96195,-0.96567,-0.97603,-0.97714,-0.98731,-0.98902,-0.991,-0.99001,-0.98504,-0.97612,-0.97442,-0.95658
0.012639,0.049163,0.18382,0.27799,0.34956,0.40799,0.44972,0.47167,0.47483,0.45516,0.41462,0.34939,0.25983,0.15281,0.020313,-0.10964,-0.25973,-0.3824,-0.51408,-0.60783,-0.69947,-0.76258,-0.8156,-0.85876,-0.88704,-0.91507,-0.93649,-0.94479,-0.95932,-0.95938,-0.9752,-0.9737,-0.98697,-0.98642,-0.97691,-0.96106,-0.94444,-0.90027,-0.92057,-0.8618
0.046715,0.075549,0.18962,0.28764,0.36959,0.43499,0.47966,0.50222,0.50482,0.48518,0.44506,0.38181,0.29639,0.19539,0.073948,-0.047046,-0.18303,-0.3018,-0.42749,-0.52499,-0.62201,-0.69021,-0.75534,-0.79559,-0.83318,-0.85852,-0.88626,-0.90107,-0.92657,-0.93776,-0.94888,-0.95277,-0.95132,-0.94032,-0.95046,-0.93018,-0.955,-0.93332,-0.92342,-0.87334
0.096898,0.128,0.25995,0.37628,0.46658,0.53142,0.57128,0.58678,0.58041,0.54874,0.49159,0.40857,0.29499,0.16924,0.017965,-0.11633,-0.26006,-0.36799,-0.47235,-0.54709,-0.61312,-0.66497,-0.70775,-0.74258,-0.7698,-0.79708,-0.82489,-0.84263,-0.86579,-0.8815,-0.88292,-0.88137,-0.87296,-0.83925,-0.87789,-0.83823,-0.91579,-0.90086,-0.83353,-0.73807
0.096898,0.128,0.25995,0.37628,0.46658,0.53142,0.57128,0.58678,0.58041,0.54874,0.49159,0.40857,0.29499,0.16924,0.017965,-0.11633,-0.26006,-0.36799,-0.47235,-0.54709,-0.61312,-0.66497,-0.70775,-0.74258,-0.7698,-0.79708,-0.82489,-0.84263,-0.86579,-0.8815,-0.88292,-0.88137,-0.87296,-0.83925,-0.87789,-0.83823,-0.91579,-0.90086,-0.83353,-0.73807
0.096898,0.128,0.25995,0.37628,0.46658,0.53142,0.57128,0.58678,0.58041,0.54874,0.49159,0.40857,0.29499,0.16924,0.017965,-0.11633,-0.26006,-0.36799,-0.47235,-0.54709,-0.61312,-0.66497,-0.70775,-0.74258,-0.7698,-0.79708,-0.82489,-0.84263,-0.86579,-0.8815,-0.88292,-0.88137,-0.87296,-0.83925,-0.87789,-0.83823,-0.91579,-0.90086,-0.83353,-0.73807
0.070896,0.10414,0.2314,0.31107,0.35845,0.38264,0.3772,0.33489,0.25403,0.13593,-0.016793,-0.17908,-0.35383,-0.49913,-0.63489,-0.72962,-0.80855,-0.86006,-0.89856,-0.92439,-0.94096,-0.95452,-0.95893,-0.97107,-0.97077,-0.98466,-0.98456,-0.98082,-0.978,-0.96175,-0.98134,-0.96837,-0.98032,-0.96343,-0.92704,-0.85478,-0.86726,-0.75382,-0.86973,-0.76831
0.070896,0.10414,0.2314,0.31107,0.35845,0.38264,0.3772,0.33489,0.25403,0.13593,-0.016793,-0.17908,-0.35383,-0.49913,-0.63489,-0.72962,-0.80855,-0.86006,-0.89856,-0.92439,-0.94096,-0.95452,-0.95893,-0.97107,-0.97077,-0.98466,-0.98456,-0.98082,-0.978,-0.96175,-0.98134,-0.96837,-0.98032,-0.96343,-0.92704,-0.85478,-0.86726,-0.75382,-0.86973,-0.76831
0.070896,0.10414,0.2314,0.31107,0.35845,0.38264,0.3772,0.33489,0.25403,0.13593,-0.016793,-0.17908,-0.35383,-0.49913,-0.63489,-0.72962,-0.80855,-0.86006,-0.89856,-0.92439,-0.94096,-0.95452,-0.95893,-0.97107,-0.97077,-0.98466,-0.98456,-0.98082,-0.978,-0.96175,-0.98134,-0.96837,-0.98032,-0.96343,-0.92704,-0.85478,-0.86726,-0.75382,-0.86973,-0.76831
0.0024444,0.050356,0.25105,0.40174,0.48642,0.52181,0.51465,0.4642,0.36898,0.23308,0.052201,-0.13289,-0.33082,-0.47826,-0.60579,-0.68663,-0.74434,-0.78915,-0.81448,-0.8426,-0.85617,-0.87315,-0.87943,-0.88994,-0.88747,-0.901,-0.90247,-0.88623,-0.89564,-0.85751,-0.89902,-0.85778,-0.81726,-0.68877,-0.65036,-0.43862,-0.68817,-0.54492,-0.63687,-0.48368
0.0024444,0.050356,0.25105,0.40174,0.48642,0.52181,0.51465,0.4642,0.36898,0.23308,0.052201,-0.13289,-0.33082,-0.47826,-0.60579,-0.68663,-0.74434,-0.78915,-0.81448,-0.8426,-0.85617,-0.87315,-0.87943,-0.88994,-0.88747,-0.901,-0.90247,-0.88623,-0.89564,-0.85751,-0.89902,-0.85778,-0.81726,-0.68877,-0.65036,-0.43862,-0.68817,-0.54492,-0.63687,-0.48368
0.053855,0.10815,0.29729,0.42421,0.49403,0.51592,0.4951,0.43349,0.33343,0.20492,0.050973,-0.098935,-0.25167,-0.3752,-0.48986,-0.57375,-0.64961,-0.70459,-0.75407,-0.795,-0.82849,-0.86281,-0.88939,-0.89801,-0.90163,-0.90734,-0.92781,-0.91572,-0.92531,-0.88665,-0.89927,-0.81764,-0.86697,-0.74597,-0.71647,-0.50988,-0.76663,-0.6291,-0.59556,-0.42572
0.053855,0.10815,0.29729,0.42421,0.49403,0.51592,0.4951,0.43349,0.33343,0.20492,0.050973,-0.098935,-0.25167,-0.3752,-0.48986,-0.57375,-0.64961,-0.70459,-0.75407,-0.795,-0.82849,-0.86281,-0.88939,-0.89801,-0.90163,-0.90734,-0.92781,-0.91572,-0.92531,-0.88665,-0.89927,-0.81764,-0.86697,-0.74597,-0.71647,-0.50988,-0.76663,-0.6291,-0.59556,-0.42572
0.053855,0.10815,0.29729,0.42421,0.49403,0.51592,0.4951,0.43349,0.33343,0.20492,0.050973,-0.098935,-0.25167,-0.3752,-0.48986,-0.57375,-0.64961,-0.70459,-0.75407,-0.795,-0.82849,-0.86281,-0.88939,-0.89801,-0.90163,-0.90734,-0.92781,-0.91572,-0.92531,-0.88665,-0.89927,-0.81764,-0.86697,-0.74597,-0.71647,-0.50988,-0.76663,-0.6291,-0.59556,-0.42572
0.086329,0.14078,0.32339,0.42561,0.47412,0.48337,0.45663,0.40119,0.32441,0.23983,0.14422,0.051563,-0.046544,-0.13951,-0.22613,-0.31177,-0.38353,-0.45156,-0.50575,-0.55763,-0.59042,-0.63918,-0.65306,-0.63482,-0.54681,-0.63125,-0.71505,-0.63659,-0.46602,-0.2364,-0.43047,-0.23853,-0.59511,-0.41668,0.092827,0.246,0.14315,0.24389,-0.08159,0.042971
0.086329,0.14078,0.32339,0.42561,0.47412,0.48337,0.45663,0.40119,0.32441,0.23983,0.14422,0.051563,-0.046544,-0.13951,-0.22613,-0.31177,-0.38353,-0.45156,-0.50575,-0.55763,-0.59042,-0.63918,-0.65306,-0.63482,-0.54681,-0.63125,-0.71505,-0.63659,-0.46602,-0.2364,-0.43047,-0.23853,-0.59511,-0.41668,0.092827,0.246,0.14315,0.24389,-0.08159,0.042971
0.086329,0.14078,0.32339,0.42561,0.47412,0.48337,0.45663,0.40119,0.32441,0.23983,0.14422,0.051563,-0.046544,-0.13951,-0.22613,-0.31177,-0.38353,-0.45156,-0.50575,-0.55763,-0.59042,-0.63918,-0.65306,-0.63482,-0.54681,-0.63125,-0.71505,-0.63659,-0.46602,-0.2364,-0.43047,-0.23853,-0.59511,-0.41668,0.092827,0.246,0.14315,0.24389,-0.08159,0.042971
0.22767,0.2635,0.41143,0.50433,0.53008,0.50356,0.42848,0.31713,0.18159,0.041788,-0.1092,-0.25654,-0.41531,-0.55375,-0.68023,-0.77913,-0.83003,-0.91387,-0.93364,-0.95052,-0.9088,-0.96143,-0.9068,-0.87933,-0.72697,-0.79716,-0.89578,-0.75595,-0.5197,-0.25673,-0.79026,-0.66846,-0.24318,-0.03496,0.083964,0.23222,0.012732,0.11919,0.51047,0.58847
