-0.00029632,-0.00040448,-0.00093066,-0.00023066,0.002272,0.0055015,0.0091073,0.01372,0.019305,0.026238,0.033429,0.04117,0.048338,0.055576,0.061956,0.06842,0.074001,0.079844,0.084809,0.090167,0.094643,0.099549,0.10358,0.10801,0.11162,0.11554,0.11913,0.12213,0.12522,0.1278,0.1304,0.13258,0.13472,0.13653,0.13823,0.13968,0.14097,0.14208,0.14297,0.14377
-0.0011774,-0.0012083,0.0054459,0.017107,0.029953,0.04393,0.057304,0.069806,0.081028,0.091904,0.10145,0.11067,0.11843,0.12568,0.13159,0.13686,0.14104,0.14446,0.14709,0.14884,0.1501,0.15033,0.15037,0.14925,0.14823,0.14596,0.14324,0.14082,0.13731,0.13427,0.1302,0.12671,0.12227,0.1185,0.11385,0.10992,0.10519,0.10118,0.09643,0.092404
-0.002139,-0.0025843,0.0056049,0.029413,0.054219,0.076344,0.095164,0.11109,0.12371,0.13373,0.14113,0.14633,0.1497,0.15106,0.15131,0.14964,0.1475,0.14352,0.13963,0.13403,0.12897,0.12243,0.11672,0.10975,0.10376,0.096691,0.089807,0.083661,0.076864,0.070811,0.064097,0.058126,0.051421,0.045467,0.038653,0.032614,0.02554,0.019289,0.011831,0.0052443
-0.0033643,-0.002677,0.032695,0.075746,0.10224,0.12132,0.13495,0.14412,0.1497,0.15206,0.1522,0.14969,0.14601,0.14012,0.13401,0.12627,0.119,0.11067,0.10316,0.094958,0.087632,0.07976,0.072711,0.065059,0.058168,0.050453,0.042656,0.035305,0.026911,0.018975,0.009729,0.00095201,-0.0093359,-0.019141,-0.030614,-0.04158,-0.054284,-0.066481,-0.080477,-0.093947
-0.0048738,-0.0046502,0.029757,0.077462,0.10927,0.13053,0.14422,0.15201,0.15533,0.15429,0.15069,0.14393,0.13642,0.12717,0.11833,0.10867,0.099814,0.090422,0.081824,0.072542,0.063955,0.054219,0.045118,0.034313,0.024131,0.011844,-0.001088,-0.013908,-0.028687,-0.043372,-0.060105,-0.07676,-0.095483,-0.11413,-0.13481,-0.1554,-0.17793,-0.20034,-0.2244,-0.24843
-0.0073419,0.014178,0.094348,0.14362,0.16882,0.18184,0.18665,0.18446,0.17756,0.1662,0.15352,0.13903,0.12527,0.11083,0.097641,0.083676,0.070907,0.056613,0.043371,0.027703,0.013002,-0.004796,-0.021654,-0.041965,-0.061336,-0.084196,-0.10785,-0.13142,-0.15738,-0.18327,-0.21116,-0.23906,-0.26832,-0.29775,-0.32784,-0.35826,-0.38851,-0.41935,-0.44908,-0.47969
-0.0095856,-0.0049442,0.035562,0.080311,0.11004,0.12725,0.13414,0.13271,0.1264,0.11643,0.10556,0.093479,0.081862,0.069277,0.057207,0.043319,0.029672,0.013288,-0.0030791,-0.022789,-0.042596,-0.065993,-0.089546,-0.11669,-0.14396,-0.17464,-0.20632,-0.23885,-0.27279,-0.30763,-0.34278,-0.37897,-0.41414,-0.45058,-0.4845,-0.52006,-0.55157,-0.58509,-0.61336,-0.64388
-0.011603,-0.0047401,0.046073,0.091354,0.11387,0.12211,0.12055,0.11247,0.10175,0.089797,0.077971,0.06585,0.053718,0.040293,0.02614,0.0095969,-0.0082194,-0.029037,-0.051488,-0.077181,-0.10473,-0.13562,-0.16836,-0.20409,-0.24153,-0.28085,-0.32084,-0.36316,-0.40408,-0.44748,-0.48728,-0.52985,-0.56661,-0.60641,-0.63876,-0.67422,-0.7017,-0.732,-0.75451,-0.77952
0.07842,0.090569,0.13479,0.16315,0.17407,0.17231,0.16252,0.14829,0.1329,0.11695,0.10129,0.08454,0.067373,0.047397,0.026182,0.00092051,-0.026087,-0.05763,-0.091147,-0.12908,-0.16892,-0.21217,-0.25714,-0.30366,-0.3518,-0.39902,-0.44495,-0.49302,-0.53562,-0.58046,-0.61776,-0.6573,-0.68853,-0.72174,-0.74694,-0.77378,-0.79331,-0.81423,-0.82979,-0.84582
0.12968,0.14026,0.16709,0.17285,0.16474,0.14836,0.12817,0.1068,0.086082,0.065576,0.045355,0.023172,-0.00033102,-0.028142,-0.058206,-0.093499,-0.13125,-0.17395,-0.21885,-0.26705,-0.31715,-0.36798,-0.42059,-0.47065,-0.52269,-0.56846,-0.61089,-0.65552,-0.69089,-0.7282,-0.75622,-0.78576,-0.80686,-0.8291,-0.84538,-0.86171,-0.87488,-0.88678,-0.89781,-0.90638
-0.01862,-0.0083623,0.04251,0.073428,0.079294,0.072772,0.060215,0.045378,0.02975,0.0137,-0.0037287,-0.023574,-0.04637,-0.073064,-0.10354,-0.13848,-0.17744,-0.22067,-0.26755,-0.31696,-0.36944,-0.4213,-0.47588,-0.52562,-0.57809,-0.62168,-0.66172,-0.70367,-0.73578,-0.76925,-0.79367,-0.8189,-0.83782,-0.8563,-0.8717,-0.88517,-0.89799,-0.90767,-0.91936,-0.92641
0.15508,0.16728,0.19903,0.20125,0.18364,0.16152,0.14116,0.12255,0.10364,0.081473,0.055342,0.022168,-0.016754,-0.063854,-0.117,-0.17652,-0.24125,-0.30784,-0.3785,-0.44481,-0.51433,-0.57322,-0.63471,-0.68169,-0.73075,-0.76537,-0.79556,-0.82542,-0.84747,-0.86792,-0.88493,-0.89882,-0.91273,-0.92213,-0.93468,-0.94132,-0.952,-0.95672,-0.96556,-0.96892
0.043591,0.060198,0.11124,0.12094,0.10093,0.068081,0.030144,-0.011057,-0.053669,-0.099355,-0.14615,-0.19434,-0.24296,-0.29147,-0.34041,-0.38906,-0.4381,-0.48612,-0.5341,-0.57892,-0.62311,-0.66221,-0.70002,-0.73247,-0.76309,-0.78917,-0.8135,-0.83477,-0.85515,-0.87174,-0.88922,-0.90224,-0.91726,-0.92757,-0.93937,-0.94715,-0.95691,-0.96286,-0.97005,-0.97433
0.17439,0.17975,0.18847,0.17055,0.1368,0.10012,0.064316,0.028133,-0.010502,-0.054208,-0.10337,-0.15814,-0.21845,-0.28198,-0.34962,-0.41625,-0.48523,-0.5475,-0.61064,-0.66223,-0.7136,-0.7525,-0.79043,-0.818,-0.8441,-0.86493,-0.88442,-0.89932,-0.91556,-0.92619,-0.93939,-0.94701,-0.95726,-0.96254,-0.9712,-0.97531,-0.97814,-0.97886,-0.97976,-0.97573
0.17439,0.17975,0.18847,0.17055,0.1368,0.10012,0.064316,0.028133,-0.010502,-0.054208,-0.10337,-0.15814,-0.21845,-0.28198,-0.34962,-0.41625,-0.48523,-0.5475,-0.61064,-0.66223,-0.7136,-0.7525,-0.79043,-0.818,-0.8441,-0.86493,-0.88442,-0.89932,-0.91556,-0.92619,-0.93939,-0.94701,-0.95726,-0.96254,-0.9712,-0.97531,-0.97814,-0.97886,-0.97976,-0.97573
0.249,0.2459,0.22867,0.20362,0.17615,0.15163,0.12879,0.10325,0.071043,0.028313,-0.025393,-0.090283,-0.16548,-0.24521,-0.33175,-0.41169,-0.49471,-0.56082,-0.6273,-0.67349,-0.71879,-0.74752,-0.77478,-0.79379,-0.80945,-0.82356,-0.83743,-0.84499,-0.85557,-0.86036,-0.86886,-0.87245,-0.87604,-0.87702,-0.87734,-0.87365,-0.87268,-0.86179,-0.87263,-0.86079
0.088032,0.10768,0.13923,0.11676,0.079658,0.038006,-0.0067624,-0.056669,-0.11265,-0.1743,-0.24127,-0.31018,-0.38166,-0.44968,-0.51733,-0.57564,-0.63133,-0.67557,-0.71615,-0.74768,-0.77523,-0.79888,-0.81757,-0.83637,-0.84926,-0.86461,-0.87683,-0.88483,-0.89368,-0.89924,-0.9027,-0.90402,-0.9058,-0.90183,-0.90782,-0.90143,-0.91567,-0.91384,-0.90477,-0.88992
0.088032,0.10768,0.13923,0.11676,0.079658,0.038006,-0.0067624,-0.056669,-0.11265,-0.1743,-0.24127,-0.31018,-0.38166,-0.44968,-0.51733,-0.57564,-0.63133,-0.67557,-0.71615,-0.74768,-0.77523,-0.79888,-0.81757,-0.83637,-0.84926,-0.86461,-0.87683,-0.88483,-0.89368,-0.89924,-0.9027,-0.90402,-0.9058,-0.90183,-0.90782,-0.90143,-0.91567,-0.91384,-0.90477,-0.88992
0.36952,0.36047,0.30298,0.24033,0.18335,0.12536,0.062359,-0.0092208,-0.091212,-0.18046,-0.27736,-0.37275,-0.46959,-0.55351,-0.63335,-0.69449,-0.7494,-0.7892,-0.82288,-0.85019,-0.87056,-0.89147,-0.90438,-0.92009,-0.9281,-0.94038,-0.94634,-0.94934,-0.95206,-0.94903,-0.95373,-0.9462,-0.96125,-0.95831,-0.94836,-0.92795,-0.90714,-0.84784,-0.8839,-0.81574
0.36952,0.36047,0.30298,0.24033,0.18335,0.12536,0.062359,-0.0092208,-0.091212,-0.18046,-0.27736,-0.37275,-0.46959,-0.55351,-0.63335,-0.69449,-0.7494,-0.7892,-0.82288,-0.85019,-0.87056,-0.89147,-0.90438,-0.92009,-0.9281,-0.94038,-0.94634,-0.94934,-0.95206,-0.94903,-0.95373,-0.9462,-0.96125,-0.95831,-0.94836,-0.92795,-0.90714,-0.84784,-0.8839,-0.81574
-0.019973,-0.01275,0.0088948,0.010407,-0.00072827,-0.023747,-0.063239,-0.12008,-0.19707,-0.28834,-0.39286,-0.49325,-0.59401,-0.67367,-0.74567,-0.79727,-0.8396,-0.87371,-0.89769,-0.92316,-0.93787,-0.95573,-0.965,-0.97502,-0.97877,-0.9801,-0.98461,-0.97869,-0.99243,-0.99049,-0.98022,-0.95732,-0.93667,-0.86738,-0.92628,-0.86063,-0.93642,-0.8918,-0.79732,-0.68823
-0.019973,-0.01275,0.0088948,0.010407,-0.00072827,-0.023747,-0.063239,-0.12008,-0.19707,-0.28834,-0.39286,-0.49325,-0.59401,-0.67367,-0.74567,-0.79727,-0.8396,-0.87371,-0.89769,-0.92316,-0.93787,-0.95573,-0.965,-0.97502,-0.97877,-0.9801,-0.98461,-0.97869,-0.99243,-0.99049,-0.98022,-0.95732,-0.93667,-0.86738,-0.92628,-0.86063,-0.93642,-0.8918,-0.79732,-0.68823
-0.019973,-0.01275,0.0088948,0.010407,-0.00072827,-0.023747,-0.063239,-0.12008,-0.19707,-0.28834,-0.39286,-0.49325,-0.59401,-0.67367,-0.74567,-0.79727,-0.8396,-0.87371,-0.89769,-0.92316,-0.93787,-0.95573,-0.965,-0.97502,-0.97877,-0.9801,-0.98461,-0.97869,-0.99243,-0.99049,-0.98022,-0.95732,-0.93667,-0.86738,-0.92628,-0.86063,-0.93642,-0.8918,-0.79732,-0.68823
0.17333,0.16384,0.12134,0.079384,0.027537,-0.042141,-0.12935,-0.22908,-0.33971,-0.44898,-0.55775,-0.64795,-0.72731,-0.78623,-0.83231,-0.87064,-0.89677,-0.92305,-0.93863,-0.9553,-0.96458,-0.96981,-0.96814,-0.97283,-0.95984,-0.98241,-0.97301,-0.94895,-0.95073,-0.89782,-0.93897,-0.8859,-0.92781,-0.86978,-0.64667,-0.48107,-0.49583,-0.34781,-0.58721,-0.43992
0.17333,0.16384,0.12134,0.079384,0.027537,-0.042141,-0.12935,-0.22908,-0.33971,-0.44898,-0.55775,-0.64795,-0.72731,-0.78623,-0.83231,-0.87064,-0.89677,-0.92305,-0.93863,-0.9553,-0.96458,-0.96981,-0.96814,-0.97283,-0.95984,-0.98241,-0.97301,-0.94895,-0.95073,-0.89782,-0.93897,-0.8859,-0.92781,-0.86978,-0.64667,-0.48107,-0.49583,-0.34781,-0.58721,-0.43992
0.17333,0.16384,0.12134,0.079384,0.027537,-0.042141,-0.12935,-0.22908,-0.33971,-0.44898,-0.55775,-0.64795,-0.72731,-0.78623,-0.83231,-0.87064,-0.89677,-0.92305,-0.93863,-0.9553,-0.96458,-0.96981,-0.96814,-0.97283,-0.95984,-0.98241,-0.97301,-0.94895,-0.95073,-0.89782,-0.93897,-0.8859,-0.92781,-0.86978,-0.64667,-0.48107,-0.49583,-0.34781,-0.58721,-0.43992
0.17333,0.16384,0.12134,0.079384,0.027537,-0.042141,-0.12935,-0.22908,-0.33971,-0.44898,-0.55775,-0.64795,-0.72731,-0.78623,-0.83231,-0.87064,-0.89677,-0.92305,-0.93863,-0.9553,-0.96458,-0.96981,-0.96814,-0.97283,-0.95984,-0.98241,-0.97301,-0.94895,-0.95073,-0.89782,-0.93897,-0.8859,-0.92781,-0.86978,-0.64667,-0.48107,-0.49583,-0.34781,-0.58721,-0.43992
0.17777,0.15736,0.069044,0.012878,-0.030631,-0.095634,-0.19423,-0.31745,-0.45658,-0.58061,-0.68905,-0.7622,-0.81123,-0.84698,-0.86529,-0.8843,-0.89231,-0.89889,-0.89703,-0.89784,-0.87781,-0.90225,-0.88495,-0.85994,-0.76699,-0.81521,-0.87528,-0.8259,-0.66144,-0.47754,-0.39575,-0.21509,-0.30134,-0.11399,0.55191,0.60364,0.37962,0.28422,-0.33103,-0.35169
0.17777,0.15736,0.069044,0.012878,-0.030631,-0.095634,-0.19423,-0.31745,-0.45658,-0.58061,-0.68905,-0.7622,-0.81123,-0.84698,-0.86529,-0.8843,-0.89231,-0.89889,-0.89703,-0.89784,-0.87781,-0.90225,-0.88495,-0.85994,-0.76699,-0.81521,-0.87528,-0.8259,-0.66144,-0.47754,-0.39575,-0.21509,-0.30134,-0.11399,0.55191,0.60364,0.37962,0.28422,-0.33103,-0.35169
0.17777,0.15736,0.069044,0.012878,-0.030631,-0.095634,-0.19423,-0.31745,-0.45658,-0.58061,-0.68905,-0.7622,-0.81123,-0.84698,-0.86529,-0.8843,-0.89231,-0.89889,-0.89703,-0.89784,-0.87781,-0.90225,-0.88495,-0.85994,-0.76699,-0.81521,-0.87528,-0.8259,-0.66144,-0.47754,-0.39575,-0.21509,-0.30134,-0.11399,0.55191,0.60364,0.37962,0.28422,-0.33103,-0.35169
0.17777,0.15736,0.069044,0.012878,-0.030631,-0.095634,-0.19423,-0.31745,-0.45658,-0.58061,-0.68905,-0.7622,-0.81123,-0.84698,-0.86529,-0.8843,-0.89231,-0.89889,-0.89703,-0.89784,-0.87781,-0.90225,-0.88495,-0.85994,-0.76699,-0.81521,-0.87528,-0.8259,-0.66144,-0.47754,-0.39575,-0.21509,-0.30134,-0.11399,0.55191,0.60364,0.37962,0.28422,-0.33103,-0.35169
0.17777,0.15736,0.069044,0.012878,-0.030631,-0.095634,-0.19423,-0.31745,-0.45658,-0.58061,-0.68905,-0.7622,-0.81123,-0.84698,-0.86529,-0.8843,-0.89231,-0.89889,-0.89703,-0.89784,-0.87781,-0.90225,-0.88495,-0.85994,-0.76699,-0.81521,-0.87528,-0.8259,-0.66144,-0.47754,-0.39575,-0.21509,-0.30134,-0.11399,0.55191,0.60364,0.37962,0.28422,-0.33103,-0.35169
0.17777,0.15736,0.069044,0.012878,-0.030631,-0.095634,-0.19423,-0.31745,-0.45658,-0.58061,-0.68905,-0.7622,-0.81123,-0.84698,-0.86529,-0.8843,-0.89231,-0.89889,-0.89703,-0.89784,-0.87781,-0.90225,-0.88495,-0.85994,-0.76699,-0.81521,-0.87528,-0.8259,-0.66144,-0.47754,-0.39575,-0.21509,-0.30134,-0.11399,0.55191,0.60364,0.37962,0.28422,-0.33103,-0.35169
0.0018579,0.0039857,-0.023335,-0.10216,-0.20289,-0.31101,-0.41456,-0.49788,-0.55932,-0.5983,-0.62217,-0.63905,-0.64934,-0.65682,-0.66117,-0.66384,-0.66236,-0.66854,-0.66839,-0.65971,-0.62949,-0.65806,-0.63538,-0.61025,-0.53057,-0.454,-0.58019,-0.47171,0.70725,0.75494,-0.31792,-0.37686,-0.12013,-0.141,-0.067767,-0.076033,-0.060729,-0.034109,0.47395,0.44903
0.0018579,0.0039857,-0.023335,-0.10216,-0.20289,-0.31101,-0.41456,-0.49788,-0.55932,-0.5983,-0.62217,-0.63905,-0.64934,-0.65682,-0.66117,-0.66384,-0.66236,-0.66854,-0.66839,-0.65971,-0.62949,-0.65806,-0.63538,-0.61025,-0.53057,-0.454,-0.58019,-0.47171,0.70725,0.75494,-0.31792,-0.37686,-0.12013,-0.141,-0.067767,-0.076033,-0.060729,-0.034109,0.47395,0.44903
0.0018579,0.0039857,-0.023335,-0.10216,-0.20289,-0.31101,-0.41456,-0.49788,-0.55932,-0.5983,-0.62217,-0.63905,-0.64934,-0.65682,-0.66117,-0.66384,-0.66236,-0.66854,-0.66839,-0.65971,-0.62949,-0.65806,-0.63538,-0.61025,-0.53057,-0.454,-0.58019,-0.47171,0.70725,0.75494,-0.31792,-0.37686,-0.12013,-0.141,-0.067767,-0.076033,-0.060729,-0.034109,0.47395,0.44903
0.0018579,0.0039857,-0.023335,-0.10216,-0.20289,-0.31101,-0.41456,-0.49788,-0.55932,-0.5983,-0.62217,-0.63905,-0.64934,-0.65682,-0.66117,-0.66384,-0.66236,-0.66854,-0.66839,-0.65971,-0.62949,-0.65806,-0.63538,-0.61025,-0.53057,-0.454,-0.58019,-0.47171,0.70725,0.75494,-0.31792,-0.37686,-0.12013,-0.141,-0.067767,-0.076033,-0.060729,-0.034109,0.47395,0.44903
0.0018579,0.0039857,-0.023335,-0.10216,-0.20289,-0.31101,-0.41456,-0.49788,-0.55932,-0.5983,-0.62217,-0.63905,-0.64934,-0.65682,-0.66117,-0.66384,-0.66236,-0.66854,-0.66839,-0.65971,-0.62949,-0.65806,-0.63538,-0.61025,-0.53057,-0.454,-0.58019,-0.47171,0.70725,0.75494,-0.31792,-0.37686,-0.12013,-0.141,-0.067767,-0.076033,-0.060729,-0.034109,0.47395,0.44903
0.0018579,0.0039857,-0.023335,-0.10216,-0.20289,-0.31101,-0.41456,-0.49788,-0.55932,-0.5983,-0.62217,-0.63905,-0.64934,-0.65682,-0.66117,-0.66384,-0.66236,-0.66854,-0.66839,-0.65971,-0.62949,-0.65806,-0.63538,-0.61025,-0.53057,-0.454,-0.58019,-0.47171,0.70725,0.75494,-0.31792,-0.37686,-0.12013,-0.141,-0.067767,-0.076033,-0.060729,-0.034109,0.47395,0.44903
0.0018579,0.0039857,-0.023335,-0.10216,-0.20289,-0.31101,-0.41456,-0.49788,-0.55932,-0.5983,-0.62217,-0.63905,-0.64934,-0.65682,-0.66117,-0.66384,-0.66236,-0.66854,-0.66839,-0.65971,-0.62949,-0.65806,-0.63538,-0.61025,-0.53057,-0.454,-0.58019,-0.47171,0.70725,0.75494,-0.31792,-0.37686,-0.12013,-0.141,-0.067767,-0.076033,-0.060729,-0.034109,0.47395,0.44903
