-0.0006084,-0.00084348,-0.002415,-0.0045793,-0.0069864,-0.0097835,-0.012882,-0.016327,-0.019877,-0.023788,-0.027645,-0.031963,-0.03609,-0.040794,-0.045164,-0.050181,-0.054716,-0.059902,-0.064486,-0.069715,-0.074265,-0.079475,-0.083954,-0.089145,-0.093558,-0.098747,-0.10384,-0.10828,-0.11334,-0.11771,-0.12272,-0.12699,-0.13189,-0.13604,-0.14079,-0.14478,-0.14935,-0.15316,-0.15752,-0.16113
-0.0023784,-0.0032508,-0.0088987,-0.016339,-0.024064,-0.032464,-0.041353,-0.050975,-0.060664,-0.070935,-0.08073,-0.091025,-0.10051,-0.11059,-0.11965,-0.12938,-0.13792,-0.14713,-0.15504,-0.16354,-0.1707,-0.17838,-0.1847,-0.1915,-0.19698,-0.20292,-0.20834,-0.21274,-0.21744,-0.22116,-0.22523,-0.22837,-0.2319,-0.23456,-0.2376,-0.23984,-0.24245,-0.24432,-0.2465,-0.24804
-0.0052802,-0.0071781,-0.018261,-0.031146,-0.044299,-0.058386,-0.072492,-0.086414,-0.099383,-0.11225,-0.12397,-0.1359,-0.14654,-0.15759,-0.16717,-0.17723,-0.18563,-0.19448,-0.20163,-0.2092,-0.21513,-0.22148,-0.22631,-0.23154,-0.23541,-0.23959,-0.24315,-0.24581,-0.24849,-0.2504,-0.2523,-0.25356,-0.25485,-0.25559,-0.25647,-0.25685,-0.25752,-0.25773,-0.25845,-0.2587
-0.0090131,-0.012099,-0.030162,-0.051403,-0.071727,-0.091312,-0.10956,-0.12708,-0.14329,-0.1594,-0.17392,-0.18838,-0.2008,-0.21313,-0.22325,-0.23342,-0.24148,-0.24963,-0.2559,-0.26213,-0.26674,-0.27118,-0.27429,-0.27718,-0.27901,-0.28078,-0.28219,-0.28286,-0.28397,-0.28445,-0.28586,-0.28673,-0.28896,-0.29077,-0.29431,-0.29756,-0.30262,-0.30764,-0.31418,-0.32102
-0.012514,-0.016733,-0.041165,-0.069883,-0.098236,-0.12703,-0.15436,-0.17888,-0.19903,-0.21555,-0.22795,-0.23839,-0.24589,-0.25291,-0.25772,-0.26249,-0.26544,-0.2683,-0.26968,-0.27103,-0.27122,-0.27179,-0.27148,-0.27234,-0.27254,-0.27486,-0.27832,-0.28171,-0.28815,-0.29496,-0.30481,-0.31562,-0.32869,-0.34329,-0.35863,-0.37582,-0.39183,-0.40966,-0.42477,-0.44124
-0.015686,-0.021092,-0.05113,-0.082467,-0.10737,-0.1288,-0.14812,-0.16644,-0.18248,-0.1969,-0.20826,-0.21785,-0.22472,-0.23006,-0.23334,-0.23532,-0.2358,-0.23544,-0.23404,-0.23266,-0.23056,-0.22964,-0.22824,-0.22917,-0.22985,-0.23341,-0.23817,-0.24326,-0.25035,-0.25778,-0.26603,-0.27431,-0.28226,-0.28965,-0.29637,-0.30174,-0.30722,-0.31032,-0.31461,-0.31556
-0.023403,-0.030835,-0.071495,-0.11597,-0.15379,-0.1859,-0.21186,-0.2326,-0.24806,-0.26038,-0.2689,-0.27544,-0.27901,-0.28121,-0.28121,-0.28113,-0.27977,-0.28051,-0.28103,-0.28616,-0.2923,-0.30448,-0.31912,-0.33877,-0.36198,-0.3863,-0.41113,-0.43804,-0.46176,-0.48515,-0.50579,-0.52351,-0.54164,-0.55416,-0.57022,-0.57869,-0.59389,-0.60002,-0.61388,-0.61917
-0.026543,-0.03504,-0.080359,-0.12385,-0.15748,-0.18449,-0.20442,-0.21856,-0.22754,-0.23347,-0.23626,-0.23701,-0.23553,-0.23292,-0.22883,-0.22526,-0.22084,-0.2188,-0.21632,-0.21724,-0.21775,-0.22126,-0.22383,-0.2281,-0.23052,-0.23351,-0.23569,-0.23497,-0.23509,-0.23172,-0.22971,-0.22378,-0.21966,-0.21127,-0.20521,-0.19438,-0.18643,-0.17297,-0.16435,-0.1485
-0.028671,-0.038285,-0.091679,-0.14174,-0.17196,-0.18907,-0.19756,-0.20231,-0.20466,-0.20676,-0.20787,-0.20956,-0.21117,-0.21557,-0.22133,-0.23245,-0.24643,-0.2658,-0.28858,-0.31288,-0.33904,-0.36192,-0.38414,-0.40255,-0.41815,-0.43296,-0.44693,-0.45559,-0.46711,-0.47336,-0.48149,-0.48598,-0.49037,-0.4926,-0.49228,-0.48971,-0.49131,-0.48457,-0.49171,-0.48374
-0.041837,-0.054384,-0.10708,-0.14924,-0.17191,-0.1837,-0.19115,-0.19892,-0.20727,-0.21795,-0.23005,-0.24607,-0.26518,-0.29006,-0.31992,-0.35387,-0.39273,-0.42875,-0.46636,-0.49557,-0.52278,-0.54354,-0.56004,-0.57585,-0.58541,-0.59841,-0.60921,-0.615,-0.62141,-0.62512,-0.62639,-0.62589,-0.62651,-0.62109,-0.6276,-0.621,-0.63444,-0.63274,-0.62981,-0.62129
-0.044495,-0.05872,-0.13958,-0.21981,-0.26414,-0.2839,-0.29202,-0.29619,-0.2978,-0.29975,-0.30198,-0.3093,-0.32056,-0.34033,-0.36553,-0.39533,-0.42698,-0.45583,-0.48181,-0.50408,-0.52117,-0.53838,-0.54916,-0.56278,-0.5702,-0.57893,-0.58385,-0.58655,-0.5886,-0.58681,-0.5907,-0.58614,-0.59615,-0.59447,-0.59279,-0.5846,-0.56065,-0.5289,-0.54055,-0.50662
-0.044295,-0.058354,-0.13744,-0.21382,-0.25199,-0.26403,-0.26563,-0.26472,-0.26257,-0.26101,-0.26034,-0.26356,-0.27008,-0.28086,-0.29431,-0.30692,-0.31754,-0.32384,-0.32392,-0.32253,-0.31247,-0.30539,-0.28787,-0.27573,-0.25198,-0.23517,-0.21917,-0.19077,-0.17689,-0.14958,-0.13783,-0.11672,-0.10786,-0.098899,-0.097658,-0.11004,-0.098398,-0.12846,-0.11179,-0.15318
-0.057639,-0.072723,-0.14074,-0.19783,-0.23495,-0.25848,-0.27129,-0.27637,-0.2756,-0.27433,-0.27411,-0.2826,-0.29783,-0.32302,-0.35281,-0.38328,-0.41096,-0.43569,-0.45394,-0.47248,-0.48366,-0.49728,-0.50471,-0.51153,-0.51475,-0.51523,-0.5189,-0.51567,-0.5245,-0.52383,-0.51852,-0.50667,-0.49399,-0.46505,-0.48243,-0.4518,-0.5067,-0.48944,-0.44417,-0.41961
-0.065492,-0.073954,-0.12254,-0.17453,-0.21203,-0.23379,-0.2428,-0.24598,-0.2476,-0.25707,-0.27484,-0.30665,-0.34644,-0.38923,-0.42781,-0.46271,-0.48729,-0.51233,-0.52734,-0.54216,-0.55037,-0.55482,-0.55245,-0.55713,-0.54488,-0.56568,-0.55946,-0.54059,-0.53216,-0.49078,-0.54951,-0.52733,-0.50721,-0.46139,-0.41115,-0.38958,-0.35153,-0.32827,-0.27069,-0.19897
-0.065492,-0.073954,-0.12254,-0.17453,-0.21203,-0.23379,-0.2428,-0.24598,-0.2476,-0.25707,-0.27484,-0.30665,-0.34644,-0.38923,-0.42781,-0.46271,-0.48729,-0.51233,-0.52734,-0.54216,-0.55037,-0.55482,-0.55245,-0.55713,-0.54488,-0.56568,-0.55946,-0.54059,-0.53216,-0.49078,-0.54951,-0.52733,-0.50721,-0.46139,-0.41115,-0.38958,-0.35153,-0.32827,-0.27069,-0.19897
-0.068236,-0.079485,-0.14002,-0.19906,-0.23937,-0.26337,-0.27549,-0.28062,-0.28218,-0.28454,-0.28858,-0.29714,-0.30576,-0.31533,-0.31581,-0.31666,-0.30376,-0.29381,-0.26934,-0.25362,-0.21981,-0.21019,-0.179,-0.15851,-0.12565,-0.13018,-0.13223,-0.13826,-0.097764,-0.11459,-0.054705,-0.064075,-8.8256e-06,-0.016746,-0.10461,-0.15052,-0.09837,-0.13601,-0.13976,-0.19279
-0.10311,-0.11778,-0.17029,-0.19949,-0.21021,-0.21461,-0.21881,-0.22891,-0.24934,-0.2835,-0.33016,-0.37667,-0.41532,-0.44634,-0.46254,-0.48005,-0.48746,-0.49247,-0.49118,-0.49328,-0.48203,-0.50064,-0.49953,-0.46565,-0.41269,-0.43519,-0.49314,-0.47806,-0.37015,-0.32242,-0.30885,-0.27479,-0.35103,-0.27149,-0.36493,-0.38999,-0.30139,-0.28835,-0.23574,-0.24924
-0.10311,-0.11778,-0.17029,-0.19949,-0.21021,-0.21461,-0.21881,-0.22891,-0.24934,-0.2835,-0.33016,-0.37667,-0.41532,-0.44634,-0.46254,-0.48005,-0.48746,-0.49247,-0.49118,-0.49328,-0.48203,-0.50064,-0.49953,-0.46565,-0.41269,-0.43519,-0.49314,-0.47806,-0.37015,-0.32242,-0.30885,-0.27479,-0.35103,-0.27149,-0.36493,-0.38999,-0.30139,-0.28835,-0.23574,-0.24924
-0.0014329,-0.012665,-0.068014,-0.12695,-0.17853,-0.2219,-0.25657,-0.28189,-0.29641,-0.30352,-0.30019,-0.29482,-0.28049,-0.26573,-0.24281,-0.22167,-0.19094,-0.17207,-0.14263,-0.12325,-0.098749,-0.093451,-0.096497,-0.078368,-0.10813,-0.061412,0.067597,0.062969,0.015033,-0.028457,-0.10517,-0.1919,-0.061442,-0.11069,-0.46226,-0.48942,-0.44438,-0.39477,0.14939,0.13559
-0.020784,-0.034358,-0.081226,-0.11242,-0.13713,-0.16497,-0.20112,-0.2461,-0.29294,-0.33257,-0.36043,-0.38127,-0.39405,-0.40361,-0.40919,-0.41255,-0.41228,-0.41701,-0.41672,-0.40989,-0.3881,-0.41311,-0.40299,-0.37382,-0.33486,-0.3075,-0.34467,-0.28586,-0.29648,-0.30293,-0.27094,-0.29689,-0.26349,-0.26486,-0.2388,-0.23919,-0.18993,-0.1894,-0.27509,-0.27331
-0.020784,-0.034358,-0.081226,-0.11242,-0.13713,-0.16497,-0.20112,-0.2461,-0.29294,-0.33257,-0.36043,-0.38127,-0.39405,-0.40361,-0.40919,-0.41255,-0.41228,-0.41701,-0.41672,-0.40989,-0.3881,-0.41311,-0.40299,-0.37382,-0.33486,-0.3075,-0.34467,-0.28586,-0.29648,-0.30293,-0.27094,-0.29689,-0.26349,-0.26486,-0.2388,-0.23919,-0.18993,-0.1894,-0.27509,-0.27331
-0.020784,-0.034358,-0.081226,-0.11242,-0.13713,-0.16497,-0.20112,-0.2461,-0.29294,-0.33257,-0.36043,-0.38127,-0.39405,-0.40361,-0.40919,-0.41255,-0.41228,-0.41701,-0.41672,-0.40989,-0.3881,-0.41311,-0.40299,-0.37382,-0.33486,-0.3075,-0.34467,-0.28586,-0.29648,-0.30293,-0.27094,-0.29689,-0.26349,-0.26486,-0.2388,-0.23919,-0.18993,-0.1894,-0.27509,-0.27331
-0.15069,-0.17623,-0.26718,-0.32244,-0.34274,-0.34306,-0.33206,-0.31364,-0.28207,-0.24111,-0.18443,-0.12407,-0.046953,0.022342,0.1081,0.16712,0.20922,0.28563,0.26022,0.29669,0.12345,0.50418,0.35657,0.1664,-0.023464,-0.10331,-0.15761,-0.33868,-0.85042,-0.88434,-0.4301,-0.37866,-0.48756,-0.47493,-0.45262,-0.44655,-0.32472,-0.3469,-0.72619,-0.71552
-0.15069,-0.17623,-0.26718,-0.32244,-0.34274,-0.34306,-0.33206,-0.31364,-0.28207,-0.24111,-0.18443,-0.12407,-0.046953,0.022342,0.1081,0.16712,0.20922,0.28563,0.26022,0.29669,0.12345,0.50418,0.35657,0.1664,-0.023464,-0.10331,-0.15761,-0.33868,-0.85042,-0.88434,-0.4301,-0.37866,-0.48756,-0.47493,-0.45262,-0.44655,-0.32472,-0.3469,-0.72619,-0.71552
-0.22849,-0.261,-0.35107,-0.39382,-0.42198,-0.46661,-0.52899,-0.58865,-0.63131,-0.66132,-0.68029,-0.69189,-0.69837,-0.7029,-0.70468,-0.70313,-0.69135,-0.70425,-0.69505,-0.65778,-0.62412,-0.6305,-0.61321,-0.86896,-0.75938,-0.62069,-0.64203,-0.63754,-0.76593,-0.78366,-0.67938,-0.67054,-0.62326,-0.62305,-0.63572,-0.6361,-0.8349,-0.84216,-0.64955,-0.64557
-0.22849,-0.261,-0.35107,-0.39382,-0.42198,-0.46661,-0.52899,-0.58865,-0.63131,-0.66132,-0.68029,-0.69189,-0.69837,-0.7029,-0.70468,-0.70313,-0.69135,-0.70425,-0.69505,-0.65778,-0.62412,-0.6305,-0.61321,-0.86896,-0.75938,-0.62069,-0.64203,-0.63754,-0.76593,-0.78366,-0.67938,-0.67054,-0.62326,-0.62305,-0.63572,-0.6361,-0.8349,-0.84216,-0.64955,-0.64557
-0.22849,-0.261,-0.35107,-0.39382,-0.42198,-0.46661,-0.52899,-0.58865,-0.63131,-0.66132,-0.68029,-0.69189,-0.69837,-0.7029,-0.70468,-0.70313,-0.69135,-0.70425,-0.69505,-0.65778,-0.62412,-0.6305,-0.61321,-0.86896,-0.75938,-0.62069,-0.64203,-0.63754,-0.76593,-0.78366,-0.67938,-0.67054,-0.62326,-0.62305,-0.63572,-0.6361,-0.8349,-0.84216,-0.64955,-0.64557
-0.22849,-0.261,-0.35107,-0.39382,-0.42198,-0.46661,-0.52899,-0.58865,-0.63131,-0.66132,-0.68029,-0.69189,-0.69837,-0.7029,-0.70468,-0.70313,-0.69135,-0.70425,-0.69505,-0.65778,-0.62412,-0.6305,-0.61321,-0.86896,-0.75938,-0.62069,-0.64203,-0.63754,-0.76593,-0.78366,-0.67938,-0.67054,-0.62326,-0.62305,-0.63572,-0.6361,-0.8349,-0.84216,-0.64955,-0.64557
-0.22849,-0.261,-0.35107,-0.39382,-0.42198,-0.46661,-0.52899,-0.58865,-0.63131,-0.66132,-0.68029,-0.69189,-0.69837,-0.7029,-0.70468,-0.70313,-0.69135,-0.70425,-0.69505,-0.65778,-0.62412,-0.6305,-0.61321,-0.86896,-0.75938,-0.62069,-0.64203,-0.63754,-0.76593,-0.78366,-0.67938,-0.67054,-0.62326,-0.62305,-0.63572,-0.6361,-0.8349,-0.84216,-0.64955,-0.64557
-0.22849,-0.261,-0.35107,-0.39382,-0.42198,-0.46661,-0.52899,-0.58865,-0.63131,-0.66132,-0.68029,-0.69189,-0.69837,-0.7029,-0.70468,-0.70313,-0.69135,-0.70425,-0.69505,-0.65778,-0.62412,-0.6305,-0.61321,-0.86896,-0.75938,-0.62069,-0.64203,-0.63754,-0.76593,-0.78366,-0.67938,-0.67054,-0.62326,-0.62305,-0.63572,-0.6361,-0.8349,-0.84216,-0.64955,-0.64557
-0.23899,-0.26073,-0.30845,-0.33431,-0.36256,-0.3911,-0.40981,-0.41806,-0.41288,-0.40427,-0.39405,-0.39229,-0.39313,-0.40639,-0.35397,-0.40193,-0.26389,-0.47589,-0.33061,-0.25717,-0.34362,-0.25961,-0.39755,-0.86695,-0.79638,-0.44804,-0.44762,-0.43707,-0.87236,-0.88054,-0.60003,-0.58657,-0.29528,-0.29726,-0.64622,-0.65179,-0.7174,-0.72003,-0.47188,-0.4639
-0.23899,-0.26073,-0.30845,-0.33431,-0.36256,-0.3911,-0.40981,-0.41806,-0.41288,-0.40427,-0.39405,-0.39229,-0.39313,-0.40639,-0.35397,-0.40193,-0.26389,-0.47589,-0.33061,-0.25717,-0.34362,-0.25961,-0.39755,-0.86695,-0.79638,-0.44804,-0.44762,-0.43707,-0.87236,-0.88054,-0.60003,-0.58657,-0.29528,-0.29726,-0.64622,-0.65179,-0.7174,-0.72003,-0.47188,-0.4639
-0.23488,-0.26992,-0.36493,-0.45591,-0.58036,-0.67868,-0.72332,-0.74222,-0.75061,-0.75464,-0.75536,-0.75716,-0.7553,-0.73173,-0.64477,-0.61925,-0.5905,-0.59755,-0.67066,-0.58033,-0.57516,-0.96292,-0.95692,-0.71349,-0.72089,-0.57397,-0.93252,-0.91058,-0.72835,-0.73251,-0.57527,-0.57587,-0.85683,-0.83725,-0.73941,-0.74156,-0.57762,-0.57834,-0.79881,-0.78537
-0.23488,-0.26992,-0.36493,-0.45591,-0.58036,-0.67868,-0.72332,-0.74222,-0.75061,-0.75464,-0.75536,-0.75716,-0.7553,-0.73173,-0.64477,-0.61925,-0.5905,-0.59755,-0.67066,-0.58033,-0.57516,-0.96292,-0.95692,-0.71349,-0.72089,-0.57397,-0.93252,-0.91058,-0.72835,-0.73251,-0.57527,-0.57587,-0.85683,-0.83725,-0.73941,-0.74156,-0.57762,-0.57834,-0.79881,-0.78537
-0.23488,-0.26992,-0.36493,-0.45591,-0.58036,-0.67868,-0.72332,-0.74222,-0.75061,-0.75464,-0.75536,-0.75716,-0.7553,-0.73173,-0.64477,-0.61925,-0.5905,-0.59755,-0.67066,-0.58033,-0.57516,-0.96292,-0.95692,-0.71349,-0.72089,-0.57397,-0.93252,-0.91058,-0.72835,-0.73251,-0.57527,-0.57587,-0.85683,-0.83725,-0.73941,-0.74156,-0.57762,-0.57834,-0.79881,-0.78537
-0.23488,-0.26992,-0.36493,-0.45591,-0.58036,-0.67868,-0.72332,-0.74222,-0.75061,-0.75464,-0.75536,-0.75716,-0.7553,-0.73173,-0.64477,-0.61925,-0.5905,-0.59755,-0.67066,-0.58033,-0.57516,-0.96292,-0.95692,-0.71349,-0.72089,-0.57397,-0.93252,-0.91058,-0.72835,-0.73251,-0.57527,-0.57587,-0.85683,-0.83725,-0.73941,-0.74156,-0.57762,-0.57834,-0.79881,-0.78537
-0.23488,-0.26992,-0.36493,-0.45591,-0.58036,-0.67868,-0.72332,-0.74222,-0.75061,-0.75464,-0.75536,-0.75716,-0.7553,-0.73173,-0.64477,-0.61925,-0.5905,-0.59755,-0.67066,-0.58033,-0.57516,-0.96292,-0.95692,-0.71349,-0.72089,-0.57397,-0.93252,-0.91058,-0.72835,-0.73251,-0.57527,-0.57587,-0.85683,-0.83725,-0.73941,-0.74156,-0.57762,-0.57834,-0.79881,-0.78537
-0.23488,-0.26992,-0.36493,-0.45591,-0.58036,-0.67868,-0.72332,-0.74222,-0.75061,-0.75464,-0.75536,-0.75716,-0.7553,-0.73173,-0.64477,-0.61925,-0.5905,-0.59755,-0.67066,-0.58033,-0.57516,-0.96292,-0.95692,-0.71349,-0.72089,-0.57397,-0.93252,-0.91058,-0.72835,-0.73251,-0.57527,-0.57587,-0.85683,-0.83725,-0.73941,-0.74156,-0.57762,-0.57834,-0.79881,-0.78537
-0.23488,-0.26992,-0.36493,-0.45591,-0.58036,-0.67868,-0.72332,-0.74222,-0.75061,-0.75464,-0.75536,-0.75716,-0.7553,-0.73173,-0.64477,-0.61925,-0.5905,-0.59755,-0.67066,-0.58033,-0.57516,-0.96292,-0.95692,-0.71349,-0.72089,-0.57397,-0.93252,-0.91058,-0.72835,-0.73251,-0.57527,-0.57587,-0.85683,-0.83725,-0.73941,-0.74156,-0.57762,-0.57834,-0.79881,-0.78537
-0.23488,-0.26992,-0.36493,-0.45591,-0.58036,-0.67868,-0.72332,-0.74222,-0.75061,-0.75464,-0.75536,-0.75716,-0.7553,-0.73173,-0.64477,-0.61925,-0.5905,-0.59755,-0.67066,-0.58033,-0.57516,-0.96292,-0.95692,-0.71349,-0.72089,-0.57397,-0.93252,-0.91058,-0.72835,-0.73251,-0.57527,-0.57587,-0.85683,-0.83725,-0.73941,-0.74156,-0.57762,-0.57834,-0.79881,-0.78537
