-0.0005977,0.0024504,0.012806,0.02032,0.026958,0.033192,0.038711,0.04343,0.047389,0.050714,0.053516,0.05622,0.058654,0.061608,0.064362,0.068103,0.07155,0.076234,0.080442,0.08592,0.09073,0.09669,0.10184,0.10793,0.11314,0.11908,0.12473,0.12971,0.13494,0.13954,0.14428,0.14843,0.15265,0.15636,0.16009,0.16337,0.16667,0.16956,0.1725,0.17508
-0.0015307,0.0024813,0.024935,0.043834,0.054235,0.062009,0.069251,0.077416,0.086292,0.096759,0.10737,0.11874,0.1293,0.13971,0.14886,0.15743,0.16476,0.17151,0.17726,0.18269,0.18734,0.19205,0.19612,0.20064,0.20453,0.20921,0.21401,0.21824,0.2234,0.2279,0.23342,0.23817,0.24397,0.24892,0.25488,0.25995,0.26594,0.27102,0.27692,0.28192
-0.0033607,-0.00020318,0.016727,0.033271,0.050921,0.072647,0.095761,0.11799,0.13743,0.1538,0.16697,0.17747,0.18584,0.19288,0.19884,0.20485,0.21028,0.21675,0.22266,0.23009,0.23673,0.24498,0.25218,0.26082,0.26826,0.27683,0.28502,0.29228,0.29992,0.30668,0.31364,0.31979,0.32607,0.33162,0.33729,0.3423,0.34746,0.35202,0.35676,0.36095
0.042677,0.044692,0.059406,0.078382,0.097417,0.11668,0.13466,0.15012,0.16272,0.17317,0.18204,0.19093,0.19939,0.20945,0.21917,0.23092,0.24186,0.25449,0.26584,0.27827,0.2892,0.30061,0.31055,0.32063,0.32939,0.33821,0.34637,0.3537,0.361,0.36757,0.37417,0.38015,0.38604,0.39146,0.3965,0.40127,0.40512,0.40904,0.41134,0.41412
-0.0094688,-0.00099931,0.035322,0.068557,0.099124,0.12686,0.14947,0.16679,0.18036,0.19264,0.20439,0.21783,0.23125,0.24672,0.26135,0.27725,0.29163,0.30645,0.31954,0.33274,0.34431,0.35603,0.36633,0.37691,0.38626,0.39578,0.40444,0.41248,0.41948,0.42622,0.43095,0.43586,0.4377,0.44022,0.43869,0.43828,0.43304,0.42924,0.42003,0.41247
0.10837,0.099645,0.08084,0.099087,0.12788,0.15051,0.16614,0.1779,0.18837,0.20022,0.21283,0.22783,0.24266,0.25872,0.2735,0.2885,0.30185,0.31522,0.32707,0.3391,0.34979,0.36052,0.37015,0.37903,0.3872,0.39309,0.39688,0.4008,0.40022,0.40024,0.39465,0.38998,0.37883,0.36877,0.35191,0.336,0.31358,0.29161,0.26409,0.23619
-0.014624,-0.0038909,0.069929,0.13976,0.18033,0.20568,0.22411,0.24132,0.25872,0.2779,0.29659,0.3155,0.33244,0.34824,0.36186,0.37437,0.38518,0.39533,0.40419,0.41211,0.41912,0.42367,0.42788,0.4276,0.42761,0.42132,0.4119,0.40264,0.38639,0.37018,0.34704,0.32339,0.29381,0.26278,0.22756,0.18966,0.15008,0.10634,0.063923,0.015819
0.045582,0.05808,0.11026,0.15145,0.18081,0.2055,0.22913,0.25397,0.27876,0.30337,0.32592,0.34638,0.36432,0.38025,0.39429,0.40682,0.41801,0.4268,0.43462,0.43779,0.44046,0.43601,0.43153,0.4181,0.40486,0.3818,0.35511,0.32645,0.29125,0.25291,0.21043,0.16337,0.11546,0.061335,0.010363,-0.048539,-0.099759,-0.16056,-0.2099,-0.26974
0.036374,0.048055,0.095798,0.12899,0.1541,0.18143,0.21169,0.24374,0.27385,0.30153,0.32538,0.34698,0.36583,0.38379,0.39984,0.41406,0.42663,0.43411,0.4403,0.43779,0.43447,0.41989,0.40471,0.37749,0.34923,0.31031,0.26759,0.2202,0.1688,0.111,0.053827,-0.011703,-0.070987,-0.14052,-0.19867,-0.26814,-0.32203,-0.38763,-0.43432,-0.49293
0.03961,0.049278,0.11081,0.16473,0.19687,0.22348,0.25044,0.2786,0.30532,0.33008,0.35178,0.37147,0.38875,0.40378,0.41675,0.42454,0.43043,0.42724,0.42239,0.40547,0.38692,0.35545,0.32169,0.27681,0.22821,0.17265,0.11482,0.049593,-0.012341,-0.082944,-0.14399,-0.21454,-0.27087,-0.33678,-0.38545,-0.44361,-0.48343,-0.53244,-0.56471,-0.60495
0.067411,0.07735,0.13628,0.18705,0.22719,0.26668,0.30343,0.3355,0.36204,0.38392,0.40188,0.41685,0.42914,0.43664,0.44154,0.43765,0.43118,0.41293,0.39215,0.35926,0.32339,0.27796,0.22845,0.17406,0.11412,0.055327,-0.0029457,-0.06872,-0.12512,-0.18934,-0.24084,-0.30007,-0.34452,-0.3966,-0.43476,-0.47947,-0.51295,-0.55127,-0.58143,-0.61464
0.065447,0.07856,0.13506,0.1752,0.20218,0.22919,0.25728,0.28338,0.30567,0.32413,0.33982,0.35282,0.36361,0.36829,0.36988,0.36037,0.34683,0.31943,0.28671,0.24158,0.18913,0.12954,0.060203,-0.0080904,-0.088975,-0.15927,-0.22857,-0.31148,-0.37596,-0.45352,-0.50856,-0.57495,-0.62017,-0.6725,-0.70972,-0.74824,-0.77868,-0.80491,-0.83028,-0.84601
0.17027,0.16495,0.15809,0.17093,0.20113,0.24212,0.28324,0.31852,0.34684,0.36924,0.38682,0.39769,0.40367,0.39811,0.38644,0.35968,0.32512,0.27637,0.21766,0.1512,0.0729,-0.0023596,-0.090376,-0.16342,-0.2491,-0.31193,-0.37017,-0.43508,-0.48168,-0.53199,-0.57063,-0.60943,-0.64226,-0.67251,-0.7011,-0.72468,-0.75361,-0.7741,-0.79978,-0.8189
0.025521,0.038597,0.10201,0.15491,0.19786,0.23787,0.27285,0.30338,0.3308,0.35531,0.37668,0.38913,0.39578,0.38735,0.37141,0.34005,0.30012,0.25031,0.19089,0.13081,0.059533,-0.002828,-0.078256,-0.1381,-0.21195,-0.2658,-0.32075,-0.38254,-0.43427,-0.48819,-0.53556,-0.58054,-0.6264,-0.66413,-0.70614,-0.73839,-0.77305,-0.80094,-0.81521,-0.83076
0.0080861,0.027955,0.13359,0.21743,0.2716,0.31446,0.35137,0.38718,0.42204,0.45363,0.47999,0.49269,0.4965,0.48138,0.45699,0.41594,0.36572,0.30516,0.23384,0.16049,0.07282,-0.008148,-0.10709,-0.18873,-0.29047,-0.3647,-0.43817,-0.52031,-0.58274,-0.64641,-0.69676,-0.74053,-0.78461,-0.81318,-0.85176,-0.87096,-0.90036,-0.91354,-0.92131,-0.92144
0.18024,0.18593,0.2263,0.27355,0.31426,0.34912,0.37781,0.40206,0.42167,0.4328,0.43549,0.4207,0.39442,0.34751,0.28819,0.21349,0.12664,0.036576,-0.064397,-0.15403,-0.25264,-0.32961,-0.414,-0.47324,-0.53934,-0.58553,-0.62983,-0.67421,-0.70985,-0.74446,-0.7751,-0.80298,-0.82878,-0.85231,-0.86582,-0.8815,-0.88702,-0.89175,-0.89363,-0.88426
0.062677,0.076487,0.14562,0.20724,0.26192,0.31436,0.3627,0.40686,0.44481,0.46918,0.48091,0.47126,0.4466,0.40393,0.34575,0.27998,0.1967,0.11848,0.018877,-0.063666,-0.16988,-0.24841,-0.3473,-0.41957,-0.5008,-0.56442,-0.63166,-0.68147,-0.74335,-0.78037,-0.82691,-0.85393,-0.86917,-0.87422,-0.86831,-0.83768,-0.83197,-0.75873,-0.83089,-0.75465
0.062677,0.076487,0.14562,0.20724,0.26192,0.31436,0.3627,0.40686,0.44481,0.46918,0.48091,0.47126,0.4466,0.40393,0.34575,0.27998,0.1967,0.11848,0.018877,-0.063666,-0.16988,-0.24841,-0.3473,-0.41957,-0.5008,-0.56442,-0.63166,-0.68147,-0.74335,-0.78037,-0.82691,-0.85393,-0.86917,-0.87422,-0.86831,-0.83768,-0.83197,-0.75873,-0.83089,-0.75465
0.17938,0.17759,0.21301,0.26825,0.30895,0.33795,0.35682,0.36521,0.3629,0.34255,0.30675,0.24918,0.17479,0.087206,-0.014372,-0.11194,-0.21839,-0.30549,-0.39696,-0.46458,-0.53346,-0.58561,-0.63585,-0.67799,-0.71531,-0.75105,-0.7828,-0.81055,-0.83063,-0.85084,-0.86063,-0.86885,-0.87039,-0.8589,-0.87599,-0.85243,-0.89454,-0.8752,-0.86473,-0.80803
0.25912,0.25743,0.27025,0.32431,0.38492,0.43224,0.46619,0.48499,0.48785,0.46615,0.42482,0.35885,0.27429,0.17499,0.059042,-0.055519,-0.18391,-0.29277,-0.41122,-0.49864,-0.59189,-0.65639,-0.72282,-0.76883,-0.8122,-0.847,-0.87748,-0.90061,-0.91669,-0.92749,-0.93509,-0.93233,-0.93332,-0.91043,-0.9314,-0.89762,-0.95053,-0.92633,-0.92472,-0.86717
0.30667,0.30057,0.29717,0.33964,0.40152,0.46096,0.51264,0.55097,0.57495,0.57734,0.5627,0.53021,0.48254,0.42914,0.36275,0.30269,0.22946,0.16774,0.091804,0.025284,-0.055118,-0.12569,-0.20911,-0.28228,-0.36699,-0.42597,-0.47173,-0.52578,-0.55352,-0.56484,-0.60184,-0.57291,-0.65437,-0.61537,-0.61663,-0.49641,-0.47224,-0.26742,-0.35812,-0.13133
0.30667,0.30057,0.29717,0.33964,0.40152,0.46096,0.51264,0.55097,0.57495,0.57734,0.5627,0.53021,0.48254,0.42914,0.36275,0.30269,0.22946,0.16774,0.091804,0.025284,-0.055118,-0.12569,-0.20911,-0.28228,-0.36699,-0.42597,-0.47173,-0.52578,-0.55352,-0.56484,-0.60184,-0.57291,-0.65437,-0.61537,-0.61663,-0.49641,-0.47224,-0.26742,-0.35812,-0.13133
0.16995,0.15979,0.21324,0.31945,0.39288,0.44003,0.46426,0.45979,0.42638,0.36308,0.2727,0.16826,0.042431,-0.076044,-0.20941,-0.31835,-0.43167,-0.52132,-0.60455,-0.67596,-0.73347,-0.78996,-0.8325,-0.8549,-0.86985,-0.86568,-0.88698,-0.85859,-0.91815,-0.89905,-0.87581,-0.78184,-0.75079,-0.56014,-0.70361,-0.51247,-0.84368,-0.73787,-0.34949,-0.15436
0.16995,0.15979,0.21324,0.31945,0.39288,0.44003,0.46426,0.45979,0.42638,0.36308,0.2727,0.16826,0.042431,-0.076044,-0.20941,-0.31835,-0.43167,-0.52132,-0.60455,-0.67596,-0.73347,-0.78996,-0.8325,-0.8549,-0.86985,-0.86568,-0.88698,-0.85859,-0.91815,-0.89905,-0.87581,-0.78184,-0.75079,-0.56014,-0.70361,-0.51247,-0.84368,-0.73787,-0.34949,-0.15436
0.16995,0.15979,0.21324,0.31945,0.39288,0.44003,0.46426,0.45979,0.42638,0.36308,0.2727,0.16826,0.042431,-0.076044,-0.20941,-0.31835,-0.43167,-0.52132,-0.60455,-0.67596,-0.73347,-0.78996,-0.8325,-0.8549,-0.86985,-0.86568,-0.88698,-0.85859,-0.91815,-0.89905,-0.87581,-0.78184,-0.75079,-0.56014,-0.70361,-0.51247,-0.84368,-0.73787,-0.34949,-0.15436
0.13672,0.15799,0.24952,0.32135,0.35942,0.37256,0.36383,0.33056,0.27259,0.19647,0.10256,0.011836,-0.085098,-0.16487,-0.24225,-0.30948,-0.36974,-0.43141,-0.48722,-0.53397,-0.58202,-0.60565,-0.62188,-0.64209,-0.61137,-0.68733,-0.67665,-0.58737,-0.5808,-0.38889,-0.67002,-0.55563,-0.53297,-0.34691,-0.13197,0.041727,0.023883,0.13794,-0.040304,0.068673
0.13107,0.15284,0.23735,0.29735,0.33711,0.35865,0.34941,0.29438,0.19077,0.054531,-0.11595,-0.27872,-0.45693,-0.59317,-0.71386,-0.80172,-0.85302,-0.9124,-0.93303,-0.96216,-0.96502,-0.96395,-0.92872,-0.93744,-0.85993,-0.96858,-0.92798,-0.82484,-0.77432,-0.55847,-0.86831,-0.75107,-0.61498,-0.40298,-0.14744,0.025943,0.057814,0.18795,-0.26943,-0.1898
0.13107,0.15284,0.23735,0.29735,0.33711,0.35865,0.34941,0.29438,0.19077,0.054531,-0.11595,-0.27872,-0.45693,-0.59317,-0.71386,-0.80172,-0.85302,-0.9124,-0.93303,-0.96216,-0.96502,-0.96395,-0.92872,-0.93744,-0.85993,-0.96858,-0.92798,-0.82484,-0.77432,-0.55847,-0.86831,-0.75107,-0.61498,-0.40298,-0.14744,0.025943,0.057814,0.18795,-0.26943,-0.1898
0.13107,0.15284,0.23735,0.29735,0.33711,0.35865,0.34941,0.29438,0.19077,0.054531,-0.11595,-0.27872,-0.45693,-0.59317,-0.71386,-0.80172,-0.85302,-0.9124,-0.93303,-0.96216,-0.96502,-0.96395,-0.92872,-0.93744,-0.85993,-0.96858,-0.92798,-0.82484,-0.77432,-0.55847,-0.86831,-0.75107,-0.61498,-0.40298,-0.14744,0.025943,0.057814,0.18795,-0.26943,-0.1898
0.13107,0.15284,0.23735,0.29735,0.33711,0.35865,0.34941,0.29438,0.19077,0.054531,-0.11595,-0.27872,-0.45693,-0.59317,-0.71386,-0.80172,-0.85302,-0.9124,-0.93303,-0.96216,-0.96502,-0.96395,-0.92872,-0.93744,-0.85993,-0.96858,-0.92798,-0.82484,-0.77432,-0.55847,-0.86831,-0.75107,-0.61498,-0.40298,-0.14744,0.025943,0.057814,0.18795,-0.26943,-0.1898
0.28743,0.28579,0.30255,0.3272,0.34002,0.33456,0.29685,0.21345,0.075664,-0.08374,-0.25285,-0.38328,-0.48821,-0.57145,-0.63366,-0.69253,-0.73982,-0.7722,-0.7971,-0.80933,-0.78416,-0.84784,-0.82397,-0.7636,-0.56892,-0.62785,-0.87961,-0.79476,-0.44473,-0.20224,-0.08139,0.16438,-0.28822,-0.19823,0.35331,0.36986,0.43086,0.39694,-0.35328,-0.34709
0.28743,0.28579,0.30255,0.3272,0.34002,0.33456,0.29685,0.21345,0.075664,-0.08374,-0.25285,-0.38328,-0.48821,-0.57145,-0.63366,-0.69253,-0.73982,-0.7722,-0.7971,-0.80933,-0.78416,-0.84784,-0.82397,-0.7636,-0.56892,-0.62785,-0.87961,-0.79476,-0.44473,-0.20224,-0.08139,0.16438,-0.28822,-0.19823,0.35331,0.36986,0.43086,0.39694,-0.35328,-0.34709
0.28743,0.28579,0.30255,0.3272,0.34002,0.33456,0.29685,0.21345,0.075664,-0.08374,-0.25285,-0.38328,-0.48821,-0.57145,-0.63366,-0.69253,-0.73982,-0.7722,-0.7971,-0.80933,-0.78416,-0.84784,-0.82397,-0.7636,-0.56892,-0.62785,-0.87961,-0.79476,-0.44473,-0.20224,-0.08139,0.16438,-0.28822,-0.19823,0.35331,0.36986,0.43086,0.39694,-0.35328,-0.34709
0.17544,0.18276,0.25084,0.3431,0.40587,0.40809,0.34384,0.22718,0.063362,-0.11513,-0.31192,-0.4746,-0.61893,-0.72597,-0.80512,-0.86909,-0.90642,-0.9318,-0.92796,-0.94496,-0.89562,-0.97469,-0.94551,-0.89282,-0.70069,-0.70187,-0.87848,-0.74365,-0.44551,-0.12122,-0.14466,0.049915,-0.1394,-0.0057721,0.53642,0.55339,0.61141,0.57456,-0.21068,-0.20991
0.17544,0.18276,0.25084,0.3431,0.40587,0.40809,0.34384,0.22718,0.063362,-0.11513,-0.31192,-0.4746,-0.61893,-0.72597,-0.80512,-0.86909,-0.90642,-0.9318,-0.92796,-0.94496,-0.89562,-0.97469,-0.94551,-0.89282,-0.70069,-0.70187,-0.87848,-0.74365,-0.44551,-0.12122,-0.14466,0.049915,-0.1394,-0.0057721,0.53642,0.55339,0.61141,0.57456,-0.21068,-0.20991
0.17544,0.18276,0.25084,0.3431,0.40587,0.40809,0.34384,0.22718,0.063362,-0.11513,-0.31192,-0.4746,-0.61893,-0.72597,-0.80512,-0.86909,-0.90642,-0.9318,-0.92796,-0.94496,-0.89562,-0.97469,-0.94551,-0.89282,-0.70069,-0.70187,-0.87848,-0.74365,-0.44551,-0.12122,-0.14466,0.049915,-0.1394,-0.0057721,0.53642,0.55339,0.61141,0.57456,-0.21068,-0.20991
0.3818,0.38499,0.37527,0.35518,0.29748,0.17418,-0.0099373,-0.21669,-0.41432,-0.56254,-0.66771,-0.74392,-0.79886,-0.83945,-0.87177,-0.89025,-0.88969,-0.91992,-0.89973,-0.89164,-0.74516,-0.92749,-0.84264,-0.70075,-0.41912,-0.11729,-0.22461,0.067466,0.78574,0.79325,-0.28378,-0.34887,0.30778,0.28613,0.37877,0.37468,0.57533,0.57999,0.55378,0.54676
0.3818,0.38499,0.37527,0.35518,0.29748,0.17418,-0.0099373,-0.21669,-0.41432,-0.56254,-0.66771,-0.74392,-0.79886,-0.83945,-0.87177,-0.89025,-0.88969,-0.91992,-0.89973,-0.89164,-0.74516,-0.92749,-0.84264,-0.70075,-0.41912,-0.11729,-0.22461,0.067466,0.78574,0.79325,-0.28378,-0.34887,0.30778,0.28613,0.37877,0.37468,0.57533,0.57999,0.55378,0.54676
0.3818,0.38499,0.37527,0.35518,0.29748,0.17418,-0.0099373,-0.21669,-0.41432,-0.56254,-0.66771,-0.74392,-0.79886,-0.83945,-0.87177,-0.89025,-0.88969,-0.91992,-0.89973,-0.89164,-0.74516,-0.92749,-0.84264,-0.70075,-0.41912,-0.11729,-0.22461,0.067466,0.78574,0.79325,-0.28378,-0.34887,0.30778,0.28613,0.37877,0.37468,0.57533,0.57999,0.55378,0.54676
0.3818,0.38499,0.37527,0.35518,0.29748,0.17418,-0.0099373,-0.21669,-0.41432,-0.56254,-0.66771,-0.74392,-0.79886,-0.83945,-0.87177,-0.89025,-0.88969,-0.91992,-0.89973,-0.89164,-0.74516,-0.92749,-0.84264,-0.70075,-0.41912,-0.11729,-0.22461,0.067466,0.78574,0.79325,-0.28378,-0.34887,0.30778,0.28613,0.37877,0.37468,0.57533,0.57999,0.55378,0.54676
