-0.00089044,-0.0012142,-0.0032462,-0.0057912,-0.0082844,-0.010725,-0.013041,-0.015397,-0.017728,-0.020252,-0.022681,-0.025225,-0.02749,-0.029572,-0.031219,-0.032236,-0.032835,-0.032405,-0.031773,-0.029865,-0.028068,-0.024857,-0.022081,-0.017781,-0.014206,-0.0089944,-0.0034636,0.0012433,0.0075027,0.012738,0.019631,0.025321,0.032754,0.038828,0.046705,0.053092,0.061316,0.067947,0.076428,0.083237
-0.0032655,-0.0043395,-0.0096317,-0.014554,-0.019017,-0.023513,-0.027287,-0.029153,-0.028791,-0.025298,-0.020156,-0.012138,-0.0037112,0.0074725,0.018116,0.031711,0.043999,0.059381,0.072816,0.089334,0.10343,0.12049,0.13482,0.15196,0.1662,0.18306,0.19931,0.2133,0.22894,0.24234,0.25725,0.26999,0.2841,0.29614,0.30944,0.32078,0.33325,0.3439,0.35557,0.36557
-0.0063421,-0.0070913,-0.0137,-0.022434,-0.029367,-0.03221,-0.030046,-0.022471,-0.011562,0.0039,0.02054,0.041347,0.061537,0.085463,0.10737,0.13251,0.15473,0.17966,0.20123,0.22505,0.24539,0.26759,0.28642,0.30679,0.32403,0.34256,0.35984,0.37498,0.39057,0.40425,0.41823,0.43055,0.44305,0.4541,0.4652,0.47507,0.4849,0.49368,0.50237,0.51016
-0.0098089,-0.010816,-0.019327,-0.025588,-0.021844,-0.0091987,0.009307,0.033555,0.060263,0.091319,0.12171,0.15491,0.18533,0.2175,0.24592,0.27546,0.30108,0.32744,0.35011,0.37328,0.39317,0.41336,0.43073,0.4482,0.46329,0.47826,0.49187,0.50405,0.51566,0.52611,0.53606,0.54505,0.55367,0.56149,0.56912,0.57603,0.5829,0.58913,0.59542,0.60111
-0.013652,-0.016399,-0.02596,-0.020814,0.0018905,0.036472,0.076492,0.11939,0.16029,0.2007,0.23689,0.2722,0.30313,0.33326,0.3594,0.38484,0.40686,0.42823,0.44674,0.4646,0.48012,0.49497,0.50794,0.52036,0.53124,0.54185,0.55168,0.56052,0.56932,0.57725,0.58533,0.59263,0.60018,0.607,0.61403,0.62041,0.62688,0.6328,0.63873,0.6442
-0.0067335,-0.012065,-0.026766,-0.013447,0.021876,0.067819,0.11717,0.16793,0.21533,0.26098,0.30138,0.33957,0.37275,0.40393,0.43089,0.45593,0.47755,0.49718,0.51416,0.52918,0.54225,0.55372,0.56377,0.57277,0.58073,0.58815,0.59501,0.60118,0.6072,0.61262,0.61798,0.62283,0.62761,0.63198,0.63626,0.64024,0.64414,0.64785,0.6514,0.65493
-0.014299,-0.020339,-0.02866,-0.00069854,0.049621,0.10806,0.16626,0.22231,0.2727,0.31931,0.35985,0.39702,0.42903,0.45826,0.48339,0.50613,0.5257,0.54334,0.55862,0.57261,0.58484,0.59638,0.60657,0.61646,0.62524,0.63382,0.64172,0.64895,0.65583,0.66219,0.66826,0.67397,0.67943,0.68471,0.68995,0.6951,0.70046,0.7058,0.71169,0.71759
-0.032989,-0.022741,0.036101,0.098833,0.15629,0.21182,0.2637,0.31243,0.35593,0.39599,0.43083,0.46249,0.48965,0.51385,0.53449,0.55269,0.56831,0.5824,0.59474,0.60637,0.61674,0.62677,0.6358,0.64445,0.65232,0.65963,0.66624,0.67258,0.67816,0.68371,0.68877,0.69395,0.69903,0.70435,0.71001,0.71604,0.72265,0.72988,0.73773,0.74652
-0.030709,-0.025295,0.023605,0.089845,0.15837,0.2267,0.28968,0.34613,0.39448,0.4366,0.47214,0.50296,0.52899,0.55176,0.57132,0.58934,0.6053,0.62092,0.63504,0.64904,0.66176,0.67403,0.68526,0.69576,0.70553,0.71455,0.72305,0.73138,0.73948,0.74761,0.75603,0.76464,0.77373,0.78334,0.79337,0.80426,0.81533,0.82757,0.83922,0.85248
-0.022474,-0.027107,-0.013064,0.050549,0.13056,0.20758,0.275,0.33349,0.38278,0.42485,0.45973,0.48858,0.51235,0.53219,0.549,0.56421,0.57761,0.59051,0.60213,0.6134,0.62375,0.63378,0.64325,0.65251,0.66167,0.67122,0.68124,0.69175,0.70319,0.71555,0.72887,0.74361,0.75872,0.77584,0.79225,0.8112,0.82757,0.84708,0.86239,0.88101
-0.039558,-0.02344,0.066461,0.16317,0.2463,0.31815,0.37976,0.43323,0.47881,0.51743,0.54971,0.57644,0.59893,0.61815,0.63487,0.64989,0.66326,0.67535,0.68626,0.69597,0.705,0.71314,0.72113,0.72911,0.73734,0.74648,0.75634,0.76732,0.77934,0.79298,0.80702,0.82321,0.83827,0.85599,0.87077,0.88839,0.90171,0.91769,0.92858,0.94188
-0.02908,-0.0061879,0.092159,0.18749,0.27243,0.34652,0.40854,0.45952,0.50061,0.53252,0.55757,0.57741,0.59391,0.60927,0.62311,0.63721,0.65028,0.66364,0.67628,0.68923,0.70191,0.71564,0.72949,0.74492,0.76098,0.77844,0.79631,0.8159,0.83448,0.85511,0.87254,0.89223,0.9071,0.92407,0.9356,0.94893,0.95665,0.96611,0.97053,0.97643
-0.02825,-0.010492,0.10355,0.22628,0.32623,0.40728,0.47181,0.52345,0.5648,0.59884,0.62716,0.65188,0.67348,0.69252,0.70938,0.72344,0.73605,0.74625,0.75595,0.76466,0.77374,0.78333,0.79403,0.80582,0.81946,0.83377,0.84855,0.86586,0.88093,0.89857,0.91232,0.92826,0.93927,0.95211,0.95918,0.96813,0.97246,0.97789,0.98105,0.98401
-0.022413,0.014021,0.17245,0.29,0.36731,0.42688,0.47538,0.51584,0.54897,0.57642,0.59911,0.61871,0.6357,0.65104,0.66489,0.67794,0.69035,0.70303,0.71592,0.73027,0.74554,0.76269,0.78142,0.80117,0.82306,0.84359,0.86325,0.88527,0.90234,0.92145,0.93448,0.94919,0.95773,0.96774,0.9727,0.97865,0.98174,0.98477,0.98731,0.9886
-0.05229,-0.029842,0.077881,0.189,0.28637,0.36844,0.43425,0.48545,0.52565,0.559,0.58818,0.61603,0.64186,0.6665,0.6893,0.71076,0.73096,0.75097,0.77047,0.7906,0.81097,0.83148,0.85287,0.8726,0.89357,0.91027,0.92529,0.94118,0.95216,0.96378,0.97029,0.9776,0.98145,0.98546,0.98813,0.9901,0.99198,0.9927,0.99416,0.99406
-0.06077,-0.034099,0.090162,0.21004,0.31079,0.39358,0.45923,0.51013,0.54996,0.58155,0.60802,0.63089,0.65126,0.66966,0.68669,0.70337,0.71968,0.7376,0.75607,0.77677,0.79894,0.82178,0.8467,0.86897,0.89337,0.91177,0.92798,0.94514,0.95561,0.96686,0.97285,0.97903,0.9831,0.98606,0.98894,0.98997,0.99201,0.99171,0.99362,0.99242
-0.044894,-0.009186,0.15886,0.29394,0.3836,0.45206,0.50859,0.5574,0.59967,0.63637,0.6682,0.69471,0.71766,0.73734,0.75558,0.77371,0.7922,0.81192,0.83308,0.85427,0.87725,0.89702,0.91843,0.93403,0.95082,0.96119,0.96926,0.97761,0.98217,0.98646,0.98948,0.99145,0.99342,0.99401,0.9951,0.99458,0.99683,0.99622,0.99861,0.99834
-0.076923,-0.027353,0.18483,0.33957,0.44203,0.52094,0.58456,0.6364,0.67895,0.71329,0.74182,0.76487,0.7849,0.80316,0.82068,0.83898,0.85777,0.87709,0.89718,0.9152,0.93372,0.94758,0.96161,0.97059,0.97957,0.98396,0.98766,0.99079,0.99302,0.99424,0.99585,0.99609,0.99699,0.99646,0.99827,0.99781,0.99855,0.99775,0.99834,0.99712
0.13999,0.18177,0.3462,0.46433,0.54857,0.61499,0.66704,0.70742,0.73931,0.76489,0.78653,0.80538,0.82288,0.84018,0.85768,0.87605,0.89503,0.9133,0.93167,0.94657,0.96104,0.97069,0.97993,0.98471,0.98938,0.99195,0.99411,0.99533,0.99662,0.99675,0.99807,0.99785,0.99901,0.99873,0.99874,0.99782,0.99861,0.99741,0.99805,0.99627
0.093135,0.13036,0.29435,0.42592,0.51254,0.57486,0.62085,0.65819,0.69159,0.72319,0.75239,0.77865,0.8026,0.82501,0.84672,0.868,0.88967,0.90936,0.9294,0.94478,0.96009,0.97001,0.97966,0.98427,0.98892,0.9915,0.99386,0.99504,0.99628,0.99622,0.99764,0.99712,0.99884,0.99842,0.99831,0.997,0.99839,0.99697,0.99756,0.99536
-0.02896,0.024627,0.25141,0.41588,0.51552,0.58397,0.63103,0.6644,0.69077,0.71508,0.73852,0.76425,0.79074,0.81968,0.84933,0.87774,0.9059,0.92811,0.94924,0.96284,0.97541,0.98197,0.98787,0.99094,0.99305,0.99507,0.9966,0.99658,0.99827,0.99796,0.99863,0.99774,0.99887,0.99776,0.99765,0.99529,0.99499,0.99038,0.9933,0.9876
-0.02896,0.024627,0.25141,0.41588,0.51552,0.58397,0.63103,0.6644,0.69077,0.71508,0.73852,0.76425,0.79074,0.81968,0.84933,0.87774,0.9059,0.92811,0.94924,0.96284,0.97541,0.98197,0.98787,0.99094,0.99305,0.99507,0.9966,0.99658,0.99827,0.99796,0.99863,0.99774,0.99887,0.99776,0.99765,0.99529,0.99499,0.99038,0.9933,0.9876
0.054219,0.098733,0.28072,0.40846,0.48373,0.53907,0.58818,0.63463,0.67751,0.71326,0.7449,0.77354,0.80319,0.8333,0.86618,0.89505,0.92454,0.94493,0.96412,0.97396,0.9826,0.98763,0.99047,0.99349,0.99357,0.99592,0.99849,0.99812,0.99852,0.99698,0.99831,0.99614,0.99405,0.98753,0.99009,0.98056,0.99414,0.98828,0.97308,0.94879
0.054219,0.098733,0.28072,0.40846,0.48373,0.53907,0.58818,0.63463,0.67751,0.71326,0.7449,0.77354,0.80319,0.8333,0.86618,0.89505,0.92454,0.94493,0.96412,0.97396,0.9826,0.98763,0.99047,0.99349,0.99357,0.99592,0.99849,0.99812,0.99852,0.99698,0.99831,0.99614,0.99405,0.98753,0.99009,0.98056,0.99414,0.98828,0.97308,0.94879
0.054219,0.098733,0.28072,0.40846,0.48373,0.53907,0.58818,0.63463,0.67751,0.71326,0.7449,0.77354,0.80319,0.8333,0.86618,0.89505,0.92454,0.94493,0.96412,0.97396,0.9826,0.98763,0.99047,0.99349,0.99357,0.99592,0.99849,0.99812,0.99852,0.99698,0.99831,0.99614,0.99405,0.98753,0.99009,0.98056,0.99414,0.98828,0.97308,0.94879
0.37561,0.41258,0.55552,0.64993,0.70382,0.73993,0.76823,0.79323,0.81642,0.83947,0.86293,0.88741,0.91232,0.93437,0.95476,0.96869,0.9805,0.98681,0.9918,0.99446,0.99601,0.99742,0.99752,0.99883,0.99862,0.99902,0.99965,0.99918,0.99882,0.9972,0.99791,0.99544,0.99814,0.99591,0.99261,0.9845,0.98822,0.97658,0.97131,0.95012
0.37561,0.41258,0.55552,0.64993,0.70382,0.73993,0.76823,0.79323,0.81642,0.83947,0.86293,0.88741,0.91232,0.93437,0.95476,0.96869,0.9805,0.98681,0.9918,0.99446,0.99601,0.99742,0.99752,0.99883,0.99862,0.99902,0.99965,0.99918,0.99882,0.9972,0.99791,0.99544,0.99814,0.99591,0.99261,0.9845,0.98822,0.97658,0.97131,0.95012
0.37561,0.41258,0.55552,0.64993,0.70382,0.73993,0.76823,0.79323,0.81642,0.83947,0.86293,0.88741,0.91232,0.93437,0.95476,0.96869,0.9805,0.98681,0.9918,0.99446,0.99601,0.99742,0.99752,0.99883,0.99862,0.99902,0.99965,0.99918,0.99882,0.9972,0.99791,0.99544,0.99814,0.99591,0.99261,0.9845,0.98822,0.97658,0.97131,0.95012
-0.115,-0.063474,0.16853,0.33929,0.42949,0.50033,0.56833,0.63218,0.69233,0.7508,0.80878,0.8598,0.90655,0.93827,0.96379,0.97706,0.98621,0.99169,0.99389,0.99643,0.99576,0.99872,0.99784,0.99857,0.99626,0.9967,0.99569,0.98949,0.99656,0.99163,0.98691,0.96987,0.97618,0.94908,0.94003,0.88827,0.93741,0.88936,0.88013,0.82561
-0.115,-0.063474,0.16853,0.33929,0.42949,0.50033,0.56833,0.63218,0.69233,0.7508,0.80878,0.8598,0.90655,0.93827,0.96379,0.97706,0.98621,0.99169,0.99389,0.99643,0.99576,0.99872,0.99784,0.99857,0.99626,0.9967,0.99569,0.98949,0.99656,0.99163,0.98691,0.96987,0.97618,0.94908,0.94003,0.88827,0.93741,0.88936,0.88013,0.82561
-0.115,-0.063474,0.16853,0.33929,0.42949,0.50033,0.56833,0.63218,0.69233,0.7508,0.80878,0.8598,0.90655,0.93827,0.96379,0.97706,0.98621,0.99169,0.99389,0.99643,0.99576,0.99872,0.99784,0.99857,0.99626,0.9967,0.99569,0.98949,0.99656,0.99163,0.98691,0.96987,0.97618,0.94908,0.94003,0.88827,0.93741,0.88936,0.88013,0.82561
-0.115,-0.063474,0.16853,0.33929,0.42949,0.50033,0.56833,0.63218,0.69233,0.7508,0.80878,0.8598,0.90655,0.93827,0.96379,0.97706,0.98621,0.99169,0.99389,0.99643,0.99576,0.99872,0.99784,0.99857,0.99626,0.9967,0.99569,0.98949,0.99656,0.99163,0.98691,0.96987,0.97618,0.94908,0.94003,0.88827,0.93741,0.88936,0.88013,0.82561
0.035655,0.11572,0.42272,0.60333,0.67228,0.71273,0.75093,0.79227,0.83472,0.87683,0.91507,0.94412,0.96652,0.97949,0.98834,0.993,0.99547,0.99748,0.99779,0.99853,0.99734,0.99889,0.99711,0.99676,0.99117,0.99545,0.99381,0.98387,0.98853,0.9725,0.98156,0.96112,0.95635,0.91973,0.90049,0.85587,0.78721,0.71827,0.67485,0.59962
0.035655,0.11572,0.42272,0.60333,0.67228,0.71273,0.75093,0.79227,0.83472,0.87683,0.91507,0.94412,0.96652,0.97949,0.98834,0.993,0.99547,0.99748,0.99779,0.99853,0.99734,0.99889,0.99711,0.99676,0.99117,0.99545,0.99381,0.98387,0.98853,0.9725,0.98156,0.96112,0.95635,0.91973,0.90049,0.85587,0.78721,0.71827,0.67485,0.59962
0.035655,0.11572,0.42272,0.60333,0.67228,0.71273,0.75093,0.79227,0.83472,0.87683,0.91507,0.94412,0.96652,0.97949,0.98834,0.993,0.99547,0.99748,0.99779,0.99853,0.99734,0.99889,0.99711,0.99676,0.99117,0.99545,0.99381,0.98387,0.98853,0.9725,0.98156,0.96112,0.95635,0.91973,0.90049,0.85587,0.78721,0.71827,0.67485,0.59962
0.035655,0.11572,0.42272,0.60333,0.67228,0.71273,0.75093,0.79227,0.83472,0.87683,0.91507,0.94412,0.96652,0.97949,0.98834,0.993,0.99547,0.99748,0.99779,0.99853,0.99734,0.99889,0.99711,0.99676,0.99117,0.99545,0.99381,0.98387,0.98853,0.9725,0.98156,0.96112,0.95635,0.91973,0.90049,0.85587,0.78721,0.71827,0.67485,0.59962
0.035655,0.11572,0.42272,0.60333,0.67228,0.71273,0.75093,0.79227,0.83472,0.87683,0.91507,0.94412,0.96652,0.97949,0.98834,0.993,0.99547,0.99748,0.99779,0.99853,0.99734,0.99889,0.99711,0.99676,0.99117,0.99545,0.99381,0.98387,0.98853,0.9725,0.98156,0.96112,0.95635,0.91973,0.90049,0.85587,0.78721,0.71827,0.67485,0.59962
0.22415,0.2949,0.54179,0.66418,0.68598,0.68816,0.70659,0.74788,0.80194,0.85594,0.90282,0.93529,0.95904,0.97343,0.98306,0.98905,0.99214,0.99478,0.99447,0.99467,0.98794,0.99579,0.98812,0.98904,0.96886,0.97257,0.9689,0.92819,0.93819,0.88731,0.86247,0.80963,0.69341,0.58455,0.60676,0.60386,0.57072,0.58891,0.73091,0.73852
0.68894,0.70774,0.76804,0.80287,0.827,0.84925,0.87275,0.90035,0.9313,0.95728,0.97721,0.98806,0.99393,0.99726,0.9981,0.99955,0.9995,0.99986,0.99919,0.99847,0.99484,0.9983,0.99448,0.99394,0.98204,0.97995,0.99051,0.97718,0.96771,0.93953,0.8989,0.86037,0.84555,0.79669,0.77541,0.77733,0.85223,0.85029,0.83608,0.84335
0.68894,0.70774,0.76804,0.80287,0.827,0.84925,0.87275,0.90035,0.9313,0.95728,0.97721,0.98806,0.99393,0.99726,0.9981,0.99955,0.9995,0.99986,0.99919,0.99847,0.99484,0.9983,0.99448,0.99394,0.98204,0.97995,0.99051,0.97718,0.96771,0.93953,0.8989,0.86037,0.84555,0.79669,0.77541,0.77733,0.85223,0.85029,0.83608,0.84335
