-8.6266e-05,-0.0001199,-0.0003366,0.0001913,0.00497,0.016218,0.032213,0.050267,0.067877,0.084084,0.098061,0.11015,0.12027,0.12937,0.13722,0.14515,0.15226,0.16024,0.16745,0.17597,0.18356,0.19271,0.20074,0.21052,0.21896,0.22933,0.23982,0.2491,0.26009,0.2697,0.28108,0.29095,0.30261,0.31264,0.32446,0.33456,0.3464,0.35646,0.36819,0.37813
-0.00034515,0.00049455,0.025483,0.06596,0.097503,0.12004,0.13614,0.14982,0.16314,0.17841,0.19437,0.213,0.23156,0.25294,0.27332,0.29644,0.3177,0.3414,0.36259,0.38582,0.40616,0.42819,0.4472,0.46768,0.48517,0.50409,0.52199,0.53759,0.55419,0.56853,0.58401,0.59727,0.61176,0.62407,0.63767,0.64912,0.66187,0.67253,0.68447,0.69438
-0.0006938,0.0007466,0.041357,0.093962,0.12615,0.15312,0.18053,0.21032,0.24097,0.27425,0.30685,0.34138,0.37355,0.4067,0.43643,0.4667,0.49322,0.52043,0.54393,0.56853,0.58951,0.61191,0.63078,0.65121,0.66822,0.68675,0.70402,0.71868,0.73415,0.74716,0.76092,0.7724,0.78457,0.79465,0.80539,0.81422,0.82366,0.83139,0.83965,0.8464
0.11041,0.11975,0.15557,0.17505,0.1922,0.2188,0.2534,0.29428,0.33677,0.38104,0.42247,0.46322,0.49936,0.53455,0.56508,0.5954,0.62137,0.64776,0.67007,0.69303,0.71218,0.73203,0.74835,0.76539,0.77924,0.79377,0.80691,0.81783,0.82896,0.83816,0.84754,0.85527,0.86314,0.86962,0.87618,0.88161,0.88707,0.8916,0.89612,0.89989
0.1095,0.1099,0.13518,0.18503,0.23741,0.29144,0.34478,0.39697,0.44492,0.49055,0.53091,0.57011,0.60429,0.63846,0.66773,0.69729,0.72206,0.74704,0.76754,0.78816,0.80482,0.82158,0.83497,0.84841,0.85909,0.86977,0.87903,0.88663,0.89389,0.89987,0.90553,0.91022,0.91461,0.91828,0.92166,0.92452,0.92713,0.92935,0.93133,0.93304
0.10893,0.10638,0.11643,0.16447,0.23408,0.31111,0.38477,0.45105,0.50792,0.55831,0.60126,0.64115,0.67506,0.70754,0.73464,0.76096,0.78245,0.80345,0.82029,0.83677,0.84985,0.86256,0.8726,0.88225,0.88989,0.89713,0.90324,0.90829,0.91283,0.91661,0.91997,0.92278,0.92523,0.9273,0.92903,0.93051,0.93166,0.93266,0.93331,0.93389
-0.0041807,0.02723,0.15711,0.25619,0.33572,0.41182,0.48117,0.54331,0.59686,0.64512,0.68586,0.72274,0.75315,0.78093,0.80345,0.82439,0.84117,0.8569,0.86941,0.88107,0.89034,0.89885,0.90565,0.91177,0.91671,0.92105,0.92461,0.92761,0.93005,0.93212,0.93369,0.93504,0.93588,0.93664,0.93692,0.93717,0.93691,0.9367,0.93593,0.93529
0.21929,0.24051,0.33103,0.40454,0.46454,0.52085,0.5723,0.62018,0.66304,0.70374,0.73891,0.77201,0.79941,0.82479,0.84515,0.86367,0.87829,0.8913,0.90153,0.91044,0.91749,0.92348,0.92829,0.93226,0.93549,0.93803,0.93997,0.94161,0.94263,0.9435,0.94379,0.94403,0.94369,0.94337,0.94245,0.94161,0.94015,0.9388,0.93683,0.93495
0.10689,0.13122,0.25947,0.3908,0.48884,0.5636,0.62294,0.67409,0.71752,0.7565,0.78854,0.81689,0.83935,0.85896,0.87421,0.88736,0.89755,0.90622,0.91298,0.91864,0.92309,0.92673,0.92961,0.93181,0.93355,0.93461,0.9352,0.9356,0.93533,0.93498,0.93392,0.93286,0.93106,0.92928,0.92673,0.9242,0.92082,0.91747,0.91325,0.90896
0.10466,0.13902,0.29793,0.42954,0.51966,0.59227,0.65442,0.70959,0.75574,0.79518,0.8262,0.85213,0.87198,0.88834,0.90076,0.9108,0.91846,0.92449,0.92914,0.93264,0.93536,0.93719,0.93859,0.93916,0.93953,0.93912,0.93823,0.93727,0.93552,0.93374,0.93114,0.9285,0.92497,0.92139,0.91692,0.91229,0.90671,0.90087,0.89407,0.88681
0.10334,0.11881,0.24521,0.39476,0.5032,0.58697,0.65471,0.71146,0.75722,0.79518,0.82452,0.84844,0.86645,0.88104,0.89198,0.90086,0.90756,0.91299,0.9171,0.92028,0.92265,0.92411,0.92511,0.92513,0.92492,0.92355,0.92158,0.91946,0.91616,0.91273,0.90807,0.9032,0.897,0.89045,0.8825,0.87394,0.86403,0.85308,0.8409,0.8271
0.21302,0.2342,0.35645,0.47832,0.57155,0.65075,0.71737,0.77277,0.81599,0.8503,0.87585,0.89559,0.9101,0.92104,0.92914,0.93504,0.93943,0.94231,0.9444,0.9453,0.9458,0.94519,0.9444,0.9425,0.94053,0.93748,0.93387,0.93,0.92515,0.91988,0.91358,0.90664,0.89876,0.88988,0.88014,0.86894,0.85721,0.84337,0.82961,0.81291
0.091123,0.13126,0.32657,0.48294,0.58123,0.66114,0.72901,0.78594,0.82998,0.8641,0.88897,0.90744,0.92075,0.93042,0.93748,0.9425,0.9462,0.9486,0.95031,0.95102,0.95135,0.95072,0.94986,0.94805,0.94605,0.94301,0.93944,0.93543,0.93048,0.92488,0.91835,0.91082,0.90248,0.89263,0.88228,0.86975,0.85735,0.84189,0.82759,0.80925
0.32204,0.34819,0.46623,0.57236,0.65432,0.72166,0.77595,0.81956,0.8529,0.87868,0.89781,0.91216,0.92279,0.93051,0.93628,0.94007,0.94284,0.94404,0.94469,0.9439,0.94279,0.94031,0.93755,0.93338,0.92882,0.92281,0.91591,0.90794,0.89871,0.88784,0.87585,0.86138,0.84628,0.82754,0.80919,0.78573,0.76436,0.73625,0.7125,0.68048
-0.01253,0.0047307,0.20395,0.42878,0.57201,0.67327,0.74572,0.79853,0.83604,0.86315,0.88209,0.89548,0.90478,0.91108,0.91535,0.91768,0.91892,0.91854,0.91744,0.9147,0.91137,0.90609,0.90017,0.89215,0.88309,0.87159,0.85842,0.8428,0.82513,0.80374,0.78089,0.75252,0.72406,0.6878,0.65416,0.61007,0.57247,0.52199,0.48286,0.42906
0.24235,0.27769,0.42378,0.56135,0.67297,0.75962,0.82233,0.86678,0.8973,0.91808,0.93209,0.9411,0.9471,0.95038,0.95233,0.95256,0.95214,0.95031,0.94807,0.94439,0.94028,0.93465,0.92836,0.92036,0.9113,0.90055,0.88855,0.87412,0.85895,0.84029,0.82208,0.79917,0.7786,0.75219,0.73066,0.70244,0.68144,0.65353,0.63425,0.6085
0.07978,0.13388,0.38741,0.57073,0.67534,0.75104,0.80737,0.84883,0.87806,0.89837,0.91223,0.92126,0.92722,0.93044,0.93218,0.93199,0.93095,0.9282,0.92473,0.9195,0.91339,0.90545,0.89618,0.88505,0.87185,0.8571,0.84084,0.82076,0.801,0.77621,0.75395,0.72556,0.70251,0.67273,0.6508,0.62224,0.60283,0.57763,0.56105,0.54019
0.21965,0.27226,0.48163,0.63963,0.74316,0.81391,0.86067,0.89129,0.9111,0.92389,0.93224,0.93747,0.94079,0.94219,0.94255,0.94111,0.93889,0.93468,0.92961,0.92227,0.91367,0.90246,0.88909,0.87296,0.85311,0.83087,0.80587,0.77356,0.74192,0.70015,0.66308,0.61343,0.57385,0.52059,0.48187,0.43048,0.39537,0.35042,0.3197,0.28332
0.42183,0.45114,0.58808,0.69394,0.76471,0.81853,0.85834,0.88687,0.90673,0.92032,0.92966,0.93547,0.93918,0.94035,0.9403,0.93805,0.93483,0.92952,0.92313,0.91465,0.90461,0.89263,0.87826,0.86251,0.84326,0.82417,0.80415,0.77931,0.75805,0.73164,0.71122,0.68593,0.66792,0.64593,0.63083,0.61307,0.60034,0.58647,0.57557,0.56477
0.21641,0.24998,0.44166,0.63878,0.76025,0.82941,0.86879,0.89201,0.90604,0.91396,0.91827,0.91912,0.91807,0.91414,0.90871,0.90017,0.88978,0.87562,0.8585,0.8368,0.81001,0.77833,0.7381,0.69444,0.63724,0.5816,0.52168,0.44275,0.37652,0.28962,0.22407,0.13967,0.081065,0.0087177,-0.041336,-0.0974,-0.14005,-0.1805,-0.21849,-0.24636
0.37496,0.39671,0.5419,0.69092,0.7895,0.85251,0.89101,0.91407,0.92792,0.93595,0.94063,0.94257,0.94291,0.94119,0.93826,0.9332,0.92665,0.91763,0.90624,0.89205,0.87379,0.85303,0.82565,0.79788,0.76044,0.72774,0.6942,0.65059,0.6189,0.57885,0.55285,0.52198,0.50278,0.48278,0.46834,0.45743,0.44549,0.4408,0.43057,0.42992
0.53668,0.56217,0.68124,0.77328,0.83428,0.87852,0.90872,0.92816,0.94051,0.94794,0.95244,0.95411,0.95423,0.95211,0.94877,0.94331,0.93636,0.92712,0.91552,0.90142,0.88343,0.86342,0.8373,0.8114,0.77696,0.74733,0.71703,0.67879,0.65057,0.61655,0.59421,0.56936,0.55413,0.53961,0.53084,0.52495,0.52006,0.51949,0.51802,0.52036
0.050459,0.11025,0.40218,0.65227,0.79082,0.86469,0.90344,0.92349,0.93389,0.93849,0.9399,0.93836,0.93505,0.92923,0.9216,0.91124,0.89819,0.88199,0.86137,0.83769,0.80688,0.77491,0.73248,0.69366,0.6417,0.60069,0.55925,0.50854,0.47177,0.42906,0.39895,0.36683,0.3424,0.31983,0.29886,0.28352,0.26441,0.25459,0.23583,0.23033
0.23809,0.26354,0.43457,0.61777,0.74192,0.82184,0.87022,0.89777,0.91299,0.91969,0.92176,0.91964,0.91497,0.90696,0.89616,0.88167,0.8628,0.83999,0.81001,0.77753,0.73445,0.69407,0.64062,0.59873,0.54404,0.50791,0.47255,0.43408,0.40634,0.37973,0.35713,0.33947,0.31954,0.30727,0.2891,0.27989,0.26199,0.25385,0.23874,0.23174
0.23809,0.26354,0.43457,0.61777,0.74192,0.82184,0.87022,0.89777,0.91299,0.91969,0.92176,0.91964,0.91497,0.90696,0.89616,0.88167,0.8628,0.83999,0.81001,0.77753,0.73445,0.69407,0.64062,0.59873,0.54404,0.50791,0.47255,0.43408,0.40634,0.37973,0.35713,0.33947,0.31954,0.30727,0.2891,0.27989,0.26199,0.25385,0.23874,0.23174
0.28311,0.33285,0.57254,0.75094,0.84419,0.89585,0.92369,0.93797,0.94516,0.94782,0.94778,0.94484,0.93972,0.93152,0.92026,0.90536,0.88541,0.86222,0.83128,0.80051,0.76013,0.72704,0.68523,0.65711,0.62368,0.60352,0.58447,0.56839,0.55564,0.54699,0.53826,0.5336,0.52785,0.52517,0.52311,0.52214,0.52143,0.52085,0.52048,0.51842
0.28311,0.33285,0.57254,0.75094,0.84419,0.89585,0.92369,0.93797,0.94516,0.94782,0.94778,0.94484,0.93972,0.93152,0.92026,0.90536,0.88541,0.86222,0.83128,0.80051,0.76013,0.72704,0.68523,0.65711,0.62368,0.60352,0.58447,0.56839,0.55564,0.54699,0.53826,0.5336,0.52785,0.52517,0.52311,0.52214,0.52143,0.52085,0.52048,0.51842
0.4759,0.51947,0.6984,0.82262,0.88811,0.92275,0.94157,0.95183,0.95724,0.95881,0.95779,0.95406,0.9478,0.93878,0.92579,0.90955,0.88616,0.86037,0.82298,0.78821,0.7392,0.70247,0.65435,0.62481,0.59119,0.57101,0.55057,0.54044,0.52641,0.52624,0.51573,0.52143,0.51476,0.52448,0.51956,0.53103,0.52954,0.54201,0.55871,0.5817
0.4759,0.51947,0.6984,0.82262,0.88811,0.92275,0.94157,0.95183,0.95724,0.95881,0.95779,0.95406,0.9478,0.93878,0.92579,0.90955,0.88616,0.86037,0.82298,0.78821,0.7392,0.70247,0.65435,0.62481,0.59119,0.57101,0.55057,0.54044,0.52641,0.52624,0.51573,0.52143,0.51476,0.52448,0.51956,0.53103,0.52954,0.54201,0.55871,0.5817
0.4759,0.51947,0.6984,0.82262,0.88811,0.92275,0.94157,0.95183,0.95724,0.95881,0.95779,0.95406,0.9478,0.93878,0.92579,0.90955,0.88616,0.86037,0.82298,0.78821,0.7392,0.70247,0.65435,0.62481,0.59119,0.57101,0.55057,0.54044,0.52641,0.52624,0.51573,0.52143,0.51476,0.52448,0.51956,0.53103,0.52954,0.54201,0.55871,0.5817
0.29921,0.37433,0.67448,0.83155,0.88723,0.91285,0.92446,0.92681,0.92336,0.91412,0.8997,0.87826,0.84822,0.80856,0.75316,0.68839,0.59847,0.5086,0.38863,0.2864,0.16109,0.064315,-0.039354,-0.12054,-0.1922,-0.26544,-0.33822,-0.382,-0.44676,-0.47881,-0.53783,-0.56431,-0.61205,-0.63157,-0.59779,-0.54884,-0.54181,-0.42774,-0.52424,-0.39123
0.29921,0.37433,0.67448,0.83155,0.88723,0.91285,0.92446,0.92681,0.92336,0.91412,0.8997,0.87826,0.84822,0.80856,0.75316,0.68839,0.59847,0.5086,0.38863,0.2864,0.16109,0.064315,-0.039354,-0.12054,-0.1922,-0.26544,-0.33822,-0.382,-0.44676,-0.47881,-0.53783,-0.56431,-0.61205,-0.63157,-0.59779,-0.54884,-0.54181,-0.42774,-0.52424,-0.39123
0.29921,0.37433,0.67448,0.83155,0.88723,0.91285,0.92446,0.92681,0.92336,0.91412,0.8997,0.87826,0.84822,0.80856,0.75316,0.68839,0.59847,0.5086,0.38863,0.2864,0.16109,0.064315,-0.039354,-0.12054,-0.1922,-0.26544,-0.33822,-0.382,-0.44676,-0.47881,-0.53783,-0.56431,-0.61205,-0.63157,-0.59779,-0.54884,-0.54181,-0.42774,-0.52424,-0.39123
0.40322,0.46831,0.71308,0.85123,0.90932,0.93606,0.94941,0.95616,0.95932,0.95915,0.95628,0.95025,0.94081,0.92895,0.91297,0.89812,0.8807,0.86942,0.85853,0.85347,0.84981,0.8486,0.84815,0.84932,0.85019,0.85158,0.8536,0.85475,0.85738,0.85861,0.85935,0.85867,0.86123,0.85885,0.86034,0.8553,0.85942,0.85236,0.8407,0.82643
0.51066,0.56448,0.76584,0.87957,0.9273,0.9485,0.95783,0.96079,0.95988,0.95556,0.94792,0.93668,0.92105,0.9028,0.88032,0.861,0.84268,0.83567,0.83746,0.84872,0.86784,0.88799,0.90523,0.92616,0.93202,0.95284,0.9747,0.97341,0.99299,0.99166,0.98022,0.95957,0.95106,0.91598,0.93869,0.90213,0.96419,0.9379,0.90917,0.86751
0.51066,0.56448,0.76584,0.87957,0.9273,0.9485,0.95783,0.96079,0.95988,0.95556,0.94792,0.93668,0.92105,0.9028,0.88032,0.861,0.84268,0.83567,0.83746,0.84872,0.86784,0.88799,0.90523,0.92616,0.93202,0.95284,0.9747,0.97341,0.99299,0.99166,0.98022,0.95957,0.95106,0.91598,0.93869,0.90213,0.96419,0.9379,0.90917,0.86751
0.51066,0.56448,0.76584,0.87957,0.9273,0.9485,0.95783,0.96079,0.95988,0.95556,0.94792,0.93668,0.92105,0.9028,0.88032,0.861,0.84268,0.83567,0.83746,0.84872,0.86784,0.88799,0.90523,0.92616,0.93202,0.95284,0.9747,0.97341,0.99299,0.99166,0.98022,0.95957,0.95106,0.91598,0.93869,0.90213,0.96419,0.9379,0.90917,0.86751
0.58115,0.63714,0.81616,0.89957,0.93025,0.94144,0.94327,0.93828,0.92719,0.9086,0.88031,0.84146,0.78576,0.72251,0.63988,0.56828,0.48753,0.43234,0.38109,0.34583,0.32126,0.29792,0.28415,0.27308,0.26161,0.25771,0.25178,0.23878,0.22589,0.23168,0.21943,0.25435,0.22464,0.27468,0.26406,0.34546,0.35445,0.46632,0.47631,0.59296
0.58115,0.63714,0.81616,0.89957,0.93025,0.94144,0.94327,0.93828,0.92719,0.9086,0.88031,0.84146,0.78576,0.72251,0.63988,0.56828,0.48753,0.43234,0.38109,0.34583,0.32126,0.29792,0.28415,0.27308,0.26161,0.25771,0.25178,0.23878,0.22589,0.23168,0.21943,0.25435,0.22464,0.27468,0.26406,0.34546,0.35445,0.46632,0.47631,0.59296
0.6044,0.64551,0.80511,0.88582,0.91368,0.92168,0.91962,0.91025,0.89395,0.87001,0.83552,0.79173,0.7321,0.66843,0.58954,0.52232,0.44994,0.39958,0.35353,0.32158,0.29923,0.27758,0.27096,0.2503,0.25021,0.23152,0.23438,0.2451,0.25102,0.28097,0.26079,0.29254,0.24989,0.26791,0.3183,0.38707,0.42068,0.52195,0.46287,0.56077
