-0.00059134,-0.00080911,-0.0021251,-0.0026554,-0.0010358,0.0018462,0.0049858,0.0079644,0.010678,0.013319,0.01588,0.018796,0.021671,0.025126,0.028403,0.03234,0.035953,0.040321,0.044235,0.049032,0.05323,0.05842,0.062858,0.068341,0.072932,0.078567,0.084116,0.088857,0.094352,0.098989,0.10433,0.10879,0.11391,0.11815,0.12297,0.12696,0.13146,0.13517,0.13933,0.14274
-0.0021526,-0.0027748,-0.0026568,0.0018098,0.006957,0.01146,0.015769,0.020867,0.026898,0.034717,0.043132,0.053215,0.062897,0.073757,0.083455,0.093959,0.10294,0.11248,0.12042,0.12874,0.13553,0.14254,0.14818,0.15394,0.15853,0.16317,0.16724,0.17054,0.17377,0.17637,0.17892,0.18096,0.18296,0.18455,0.18614,0.18738,0.18864,0.18962,0.19063,0.19143
-0.0045262,-0.001344,0.010423,0.017795,0.025134,0.03489,0.046769,0.06096,0.075668,0.091426,0.10591,0.12047,0.13297,0.14503,0.15493,0.16413,0.17148,0.17814,0.18334,0.18802,0.19162,0.19489,0.19736,0.19969,0.20143,0.20315,0.20464,0.20585,0.20714,0.20824,0.20951,0.21065,0.21201,0.21327,0.21476,0.21617,0.21778,0.21932,0.22094,0.22255
-0.0074439,-0.005588,0.0048077,0.020823,0.041778,0.065882,0.089117,0.10994,0.12712,0.14158,0.15285,0.16209,0.16899,0.17453,0.17851,0.18171,0.1839,0.18577,0.18701,0.18819,0.18904,0.19004,0.19089,0.19203,0.19313,0.19456,0.19609,0.19771,0.19937,0.20116,0.20266,0.20438,0.2054,0.20675,0.20704,0.20775,0.20712,0.20699,0.20529,0.20417
0.051689,0.051529,0.055198,0.068457,0.088326,0.11032,0.13095,0.14945,0.16469,0.17762,0.18773,0.19623,0.20272,0.20829,0.21257,0.21646,0.21962,0.22282,0.22566,0.22886,0.23183,0.23522,0.23841,0.24171,0.24483,0.24747,0.24952,0.25152,0.25229,0.25309,0.25233,0.25167,0.2493,0.24705,0.24319,0.23933,0.23424,0.2289,0.22287,0.21626
0.026764,0.032908,0.059434,0.082455,0.10368,0.12551,0.14589,0.16406,0.17894,0.19148,0.20135,0.20986,0.21676,0.22321,0.2289,0.23475,0.24028,0.24605,0.25159,0.25675,0.26169,0.26508,0.26838,0.26903,0.26979,0.26705,0.26273,0.2583,0.25072,0.24285,0.23238,0.22128,0.20847,0.19453,0.18009,0.16381,0.14843,0.13037,0.11476,0.095483
0.0079921,0.012688,0.051736,0.09809,0.13286,0.15798,0.17439,0.18392,0.18869,0.19075,0.19122,0.19107,0.19078,0.19074,0.19118,0.19192,0.19316,0.19384,0.19485,0.19415,0.19367,0.19069,0.18784,0.18224,0.17659,0.16877,0.16047,0.15102,0.1415,0.13032,0.12043,0.10828,0.098889,0.08654,0.078583,0.066882,0.061139,0.050942,0.048238,0.040468
0.022858,0.029654,0.062963,0.099002,0.1275,0.14813,0.16187,0.17093,0.1767,0.18108,0.1844,0.18796,0.19148,0.19529,0.19905,0.20139,0.2033,0.20167,0.19941,0.1922,0.1843,0.17141,0.1575,0.13983,0.12041,0.099283,0.077678,0.052243,0.029301,0.0012198,-0.021598,-0.051196,-0.072534,-0.10241,-0.12116,-0.15,-0.1655,-0.19215,-0.2034,-0.22662
0.0043876,0.0089028,0.048521,0.10106,0.14342,0.17377,0.19363,0.20588,0.21294,0.217,0.21969,0.22174,0.22366,0.22439,0.22469,0.22197,0.21843,0.21066,0.20178,0.18873,0.1741,0.15652,0.13664,0.11587,0.091794,0.069369,0.04722,0.019882,-0.0015608,-0.029609,-0.048932,-0.076225,-0.092423,-0.1176,-0.12971,-0.15143,-0.15841,-0.17515,-0.17817,-0.18931
0.046331,0.052905,0.089694,0.13212,0.16667,0.19384,0.21475,0.23064,0.24295,0.25291,0.2617,0.26876,0.27476,0.27712,0.27766,0.27276,0.26553,0.25292,0.23748,0.21859,0.19616,0.17352,0.14628,0.1228,0.093227,0.071837,0.052354,0.02576,0.011247,-0.011063,-0.019295,-0.035449,-0.036892,-0.045686,-0.041608,-0.043189,-0.035922,-0.03176,-0.02194,-0.013255
0.046394,0.06586,0.13017,0.1635,0.17553,0.18023,0.18345,0.18806,0.19395,0.20209,0.21081,0.21925,0.22618,0.22906,0.22917,0.22344,0.21462,0.20099,0.18403,0.16536,0.14272,0.12248,0.097092,0.078796,0.053763,0.040461,0.029852,0.012907,0.0097746,0.00039233,0.0058325,0.0056545,0.01784,0.02622,0.042914,0.057553,0.077622,0.096169,0.11898,0.13965
0.035318,0.050191,0.11726,0.1672,0.19365,0.20711,0.21432,0.21932,0.22364,0.22619,0.22664,0.2216,0.21276,0.19701,0.17683,0.15136,0.12077,0.08858,0.04988,0.014705,-0.029461,-0.063771,-0.11037,-0.1403,-0.18573,-0.20835,-0.22877,-0.26104,-0.27506,-0.29698,-0.30799,-0.31959,-0.33121,-0.33333,-0.35411,-0.35069,-0.38418,-0.37916,-0.42721,-0.42471
0.0045546,0.038234,0.14349,0.19255,0.21341,0.22611,0.23651,0.24749,0.25954,0.27054,0.27929,0.28074,0.27671,0.26346,0.24382,0.21877,0.18713,0.15683,0.11918,0.090275,0.052749,0.030816,-0.00083502,-0.012194,-0.033411,-0.033352,-0.032442,-0.034068,-0.027467,-0.020135,-0.0099681,0.0039091,0.014537,0.032082,0.040749,0.057459,0.07357,0.090548,0.12134,0.14263
0.060678,0.067325,0.11741,0.17418,0.21298,0.23495,0.2443,0.24481,0.23986,0.22772,0.20977,0.18369,0.15031,0.11053,0.061553,0.010905,-0.051713,-0.10779,-0.17966,-0.23384,-0.30739,-0.35257,-0.41833,-0.44951,-0.49818,-0.52101,-0.55096,-0.57352,-0.60889,-0.62168,-0.66786,-0.67697,-0.73268,-0.74267,-0.80312,-0.81665,-0.81737,-0.78869,-0.76553,-0.68094
0.060678,0.067325,0.11741,0.17418,0.21298,0.23495,0.2443,0.24481,0.23986,0.22772,0.20977,0.18369,0.15031,0.11053,0.061553,0.010905,-0.051713,-0.10779,-0.17966,-0.23384,-0.30739,-0.35257,-0.41833,-0.44951,-0.49818,-0.52101,-0.55096,-0.57352,-0.60889,-0.62168,-0.66786,-0.67697,-0.73268,-0.74267,-0.80312,-0.81665,-0.81737,-0.78869,-0.76553,-0.68094
0.10721,0.13993,0.24061,0.27809,0.28274,0.27793,0.27282,0.26993,0.26863,0.26212,0.24934,0.22387,0.18693,0.1395,0.078503,0.015982,-0.061681,-0.1288,-0.21215,-0.27332,-0.34939,-0.39662,-0.45357,-0.49103,-0.52752,-0.56111,-0.60196,-0.61997,-0.66258,-0.67619,-0.71381,-0.7255,-0.74042,-0.73767,-0.73677,-0.70698,-0.69482,-0.62934,-0.68856,-0.6195
-0.0054602,0.012757,0.08794,0.14525,0.18384,0.21589,0.24499,0.26586,0.27523,0.26332,0.23107,0.17528,0.095747,0.005386,-0.10796,-0.21037,-0.33143,-0.42107,-0.52212,-0.5853,-0.65204,-0.69777,-0.73632,-0.77456,-0.79396,-0.83605,-0.87239,-0.88699,-0.91149,-0.92026,-0.92375,-0.9133,-0.91029,-0.87099,-0.90389,-0.85513,-0.94614,-0.92923,-0.86972,-0.78611
-0.0054602,0.012757,0.08794,0.14525,0.18384,0.21589,0.24499,0.26586,0.27523,0.26332,0.23107,0.17528,0.095747,0.005386,-0.10796,-0.21037,-0.33143,-0.42107,-0.52212,-0.5853,-0.65204,-0.69777,-0.73632,-0.77456,-0.79396,-0.83605,-0.87239,-0.88699,-0.91149,-0.92026,-0.92375,-0.9133,-0.91029,-0.87099,-0.90389,-0.85513,-0.94614,-0.92923,-0.86972,-0.78611
0.040277,0.079806,0.21608,0.29123,0.32391,0.33637,0.33768,0.32565,0.29943,0.25584,0.19517,0.12626,0.042002,-0.031698,-0.11791,-0.17487,-0.23978,-0.26895,-0.30003,-0.31098,-0.31565,-0.32329,-0.31525,-0.32771,-0.31844,-0.33152,-0.32671,-0.31446,-0.31061,-0.287,-0.29228,-0.25929,-0.30498,-0.2885,-0.26383,-0.21522,-0.14714,-0.051196,-0.06433,0.042666
0.040277,0.079806,0.21608,0.29123,0.32391,0.33637,0.33768,0.32565,0.29943,0.25584,0.19517,0.12626,0.042002,-0.031698,-0.11791,-0.17487,-0.23978,-0.26895,-0.30003,-0.31098,-0.31565,-0.32329,-0.31525,-0.32771,-0.31844,-0.33152,-0.32671,-0.31446,-0.31061,-0.287,-0.29228,-0.25929,-0.30498,-0.2885,-0.26383,-0.21522,-0.14714,-0.051196,-0.06433,0.042666
0.21535,0.21402,0.20597,0.22333,0.25916,0.2961,0.32185,0.32459,0.30162,0.25834,0.19725,0.13861,0.071644,0.027338,-0.019172,-0.034355,-0.045901,-0.038359,-0.021434,-0.0058209,0.022893,0.03975,0.065355,0.10008,0.12794,0.13647,0.15171,0.15634,0.18312,0.1893,0.15117,0.14085,0.17412,0.20624,0.17801,0.20382,0.051913,0.018389,0.28681,0.34078
0.21535,0.21402,0.20597,0.22333,0.25916,0.2961,0.32185,0.32459,0.30162,0.25834,0.19725,0.13861,0.071644,0.027338,-0.019172,-0.034355,-0.045901,-0.038359,-0.021434,-0.0058209,0.022893,0.03975,0.065355,0.10008,0.12794,0.13647,0.15171,0.15634,0.18312,0.1893,0.15117,0.14085,0.17412,0.20624,0.17801,0.20382,0.051913,0.018389,0.28681,0.34078
0.21535,0.21402,0.20597,0.22333,0.25916,0.2961,0.32185,0.32459,0.30162,0.25834,0.19725,0.13861,0.071644,0.027338,-0.019172,-0.034355,-0.045901,-0.038359,-0.021434,-0.0058209,0.022893,0.03975,0.065355,0.10008,0.12794,0.13647,0.15171,0.15634,0.18312,0.1893,0.15117,0.14085,0.17412,0.20624,0.17801,0.20382,0.051913,0.018389,0.28681,0.34078
0.034025,0.050726,0.10425,0.13278,0.14362,0.13234,0.094811,0.034787,-0.048099,-0.14046,-0.25219,-0.34936,-0.45432,-0.52298,-0.58039,-0.61957,-0.63521,-0.66541,-0.66772,-0.6872,-0.68632,-0.67776,-0.64604,-0.65403,-0.59443,-0.68249,-0.63973,-0.55925,-0.52161,-0.37048,-0.54887,-0.44419,-0.46173,-0.32469,-0.099377,0.017703,0.011235,0.10009,-0.11185,-0.0090083
0.034025,0.050726,0.10425,0.13278,0.14362,0.13234,0.094811,0.034787,-0.048099,-0.14046,-0.25219,-0.34936,-0.45432,-0.52298,-0.58039,-0.61957,-0.63521,-0.66541,-0.66772,-0.6872,-0.68632,-0.67776,-0.64604,-0.65403,-0.59443,-0.68249,-0.63973,-0.55925,-0.52161,-0.37048,-0.54887,-0.44419,-0.46173,-0.32469,-0.099377,0.017703,0.011235,0.10009,-0.11185,-0.0090083
0.034025,0.050726,0.10425,0.13278,0.14362,0.13234,0.094811,0.034787,-0.048099,-0.14046,-0.25219,-0.34936,-0.45432,-0.52298,-0.58039,-0.61957,-0.63521,-0.66541,-0.66772,-0.6872,-0.68632,-0.67776,-0.64604,-0.65403,-0.59443,-0.68249,-0.63973,-0.55925,-0.52161,-0.37048,-0.54887,-0.44419,-0.46173,-0.32469,-0.099377,0.017703,0.011235,0.10009,-0.11185,-0.0090083
0.034025,0.050726,0.10425,0.13278,0.14362,0.13234,0.094811,0.034787,-0.048099,-0.14046,-0.25219,-0.34936,-0.45432,-0.52298,-0.58039,-0.61957,-0.63521,-0.66541,-0.66772,-0.6872,-0.68632,-0.67776,-0.64604,-0.65403,-0.59443,-0.68249,-0.63973,-0.55925,-0.52161,-0.37048,-0.54887,-0.44419,-0.46173,-0.32469,-0.099377,0.017703,0.011235,0.10009,-0.11185,-0.0090083
0.19542,0.21635,0.26461,0.2686,0.25874,0.23873,0.20422,0.15946,0.1071,0.065404,0.031543,0.017195,0.012009,0.012446,0.017113,0.019551,0.023628,0.028037,0.034323,0.036286,0.049887,0.035628,0.046547,0.052228,0.089248,0.095037,0.047271,0.068374,0.1436,0.21015,0.25273,0.31629,0.31522,0.38475,0.45121,0.46075,0.52289,0.5025,0.26383,0.25944
0.19542,0.21635,0.26461,0.2686,0.25874,0.23873,0.20422,0.15946,0.1071,0.065404,0.031543,0.017195,0.012009,0.012446,0.017113,0.019551,0.023628,0.028037,0.034323,0.036286,0.049887,0.035628,0.046547,0.052228,0.089248,0.095037,0.047271,0.068374,0.1436,0.21015,0.25273,0.31629,0.31522,0.38475,0.45121,0.46075,0.52289,0.5025,0.26383,0.25944
0.19542,0.21635,0.26461,0.2686,0.25874,0.23873,0.20422,0.15946,0.1071,0.065404,0.031543,0.017195,0.012009,0.012446,0.017113,0.019551,0.023628,0.028037,0.034323,0.036286,0.049887,0.035628,0.046547,0.052228,0.089248,0.095037,0.047271,0.068374,0.1436,0.21015,0.25273,0.31629,0.31522,0.38475,0.45121,0.46075,0.52289,0.5025,0.26383,0.25944
0.19542,0.21635,0.26461,0.2686,0.25874,0.23873,0.20422,0.15946,0.1071,0.065404,0.031543,0.017195,0.012009,0.012446,0.017113,0.019551,0.023628,0.028037,0.034323,0.036286,0.049887,0.035628,0.046547,0.052228,0.089248,0.095037,0.047271,0.068374,0.1436,0.21015,0.25273,0.31629,0.31522,0.38475,0.45121,0.46075,0.52289,0.5025,0.26383,0.25944
0.19542,0.21635,0.26461,0.2686,0.25874,0.23873,0.20422,0.15946,0.1071,0.065404,0.031543,0.017195,0.012009,0.012446,0.017113,0.019551,0.023628,0.028037,0.034323,0.036286,0.049887,0.035628,0.046547,0.052228,0.089248,0.095037,0.047271,0.068374,0.1436,0.21015,0.25273,0.31629,0.31522,0.38475,0.45121,0.46075,0.52289,0.5025,0.26383,0.25944
0.19542,0.21635,0.26461,0.2686,0.25874,0.23873,0.20422,0.15946,0.1071,0.065404,0.031543,0.017195,0.012009,0.012446,0.017113,0.019551,0.023628,0.028037,0.034323,0.036286,0.049887,0.035628,0.046547,0.052228,0.089248,0.095037,0.047271,0.068374,0.1436,0.21015,0.25273,0.31629,0.31522,0.38475,0.45121,0.46075,0.52289,0.5025,0.26383,0.25944
-0.068753,-0.022448,0.14861,0.24215,0.23669,0.16432,0.060573,-0.024696,-0.07935,-0.097984,-0.10009,-0.097104,-0.092317,-0.087775,-0.083641,-0.081832,-0.076605,-0.082495,-0.082143,-0.068708,-0.029246,-0.091435,-0.11162,0.011594,0.11145,0.068517,-0.060181,-0.041486,0.61792,0.63001,-0.36881,-0.35873,0.41953,0.40918,0.17424,0.1713,0.016419,0.023522,0.59738,0.59413
-0.068753,-0.022448,0.14861,0.24215,0.23669,0.16432,0.060573,-0.024696,-0.07935,-0.097984,-0.10009,-0.097104,-0.092317,-0.087775,-0.083641,-0.081832,-0.076605,-0.082495,-0.082143,-0.068708,-0.029246,-0.091435,-0.11162,0.011594,0.11145,0.068517,-0.060181,-0.041486,0.61792,0.63001,-0.36881,-0.35873,0.41953,0.40918,0.17424,0.1713,0.016419,0.023522,0.59738,0.59413
-0.068753,-0.022448,0.14861,0.24215,0.23669,0.16432,0.060573,-0.024696,-0.07935,-0.097984,-0.10009,-0.097104,-0.092317,-0.087775,-0.083641,-0.081832,-0.076605,-0.082495,-0.082143,-0.068708,-0.029246,-0.091435,-0.11162,0.011594,0.11145,0.068517,-0.060181,-0.041486,0.61792,0.63001,-0.36881,-0.35873,0.41953,0.40918,0.17424,0.1713,0.016419,0.023522,0.59738,0.59413
-0.068753,-0.022448,0.14861,0.24215,0.23669,0.16432,0.060573,-0.024696,-0.07935,-0.097984,-0.10009,-0.097104,-0.092317,-0.087775,-0.083641,-0.081832,-0.076605,-0.082495,-0.082143,-0.068708,-0.029246,-0.091435,-0.11162,0.011594,0.11145,0.068517,-0.060181,-0.041486,0.61792,0.63001,-0.36881,-0.35873,0.41953,0.40918,0.17424,0.1713,0.016419,0.023522,0.59738,0.59413
-0.068753,-0.022448,0.14861,0.24215,0.23669,0.16432,0.060573,-0.024696,-0.07935,-0.097984,-0.10009,-0.097104,-0.092317,-0.087775,-0.083641,-0.081832,-0.076605,-0.082495,-0.082143,-0.068708,-0.029246,-0.091435,-0.11162,0.011594,0.11145,0.068517,-0.060181,-0.041486,0.61792,0.63001,-0.36881,-0.35873,0.41953,0.40918,0.17424,0.1713,0.016419,0.023522,0.59738,0.59413
-0.068753,-0.022448,0.14861,0.24215,0.23669,0.16432,0.060573,-0.024696,-0.07935,-0.097984,-0.10009,-0.097104,-0.092317,-0.087775,-0.083641,-0.081832,-0.076605,-0.082495,-0.082143,-0.068708,-0.029246,-0.091435,-0.11162,0.011594,0.11145,0.068517,-0.060181,-0.041486,0.61792,0.63001,-0.36881,-0.35873,0.41953,0.40918,0.17424,0.1713,0.016419,0.023522,0.59738,0.59413
-0.068753,-0.022448,0.14861,0.24215,0.23669,0.16432,0.060573,-0.024696,-0.07935,-0.097984,-0.10009,-0.097104,-0.092317,-0.087775,-0.083641,-0.081832,-0.076605,-0.082495,-0.082143,-0.068708,-0.029246,-0.091435,-0.11162,0.011594,0.11145,0.068517,-0.060181,-0.041486,0.61792,0.63001,-0.36881,-0.35873,0.41953,0.40918,0.17424,0.1713,0.016419,0.023522,0.59738,0.59413
