0.013359,0.019279,0.052731,0.092412,0.12942,0.16449,0.1973,0.22946,0.25972,0.29027,0.3181,0.34622,0.3709,0.3958,0.41709,0.43863,0.45675,0.47522,0.49058,0.50648,0.5196,0.53347,0.54482,0.55714,0.56715,0.57827,0.58869,0.59739,0.60695,0.61486,0.62367,0.6309,0.63904,0.64567,0.65318,0.65927,0.66619,0.67177,0.67815,0.68326
0.034869,0.053142,0.14416,0.22811,0.29526,0.35432,0.40493,0.44852,0.48452,0.51592,0.5418,0.56567,0.58553,0.60497,0.62113,0.63752,0.65098,0.6649,0.67619,0.68797,0.69742,0.70738,0.71531,0.72376,0.73045,0.73767,0.74422,0.74961,0.7553,0.76,0.76499,0.76912,0.77354,0.7772,0.78113,0.7844,0.78788,0.7908,0.79389,0.7965
0.063729,0.090026,0.22301,0.33678,0.41573,0.47557,0.52122,0.55803,0.58784,0.61458,0.63694,0.65805,0.67549,0.69223,0.7058,0.71897,0.72953,0.73996,0.7483,0.75669,0.76343,0.77029,0.77584,0.7815,0.78611,0.79078,0.7949,0.79843,0.80177,0.80469,0.80735,0.80973,0.81181,0.81371,0.81529,0.8168,0.81794,0.81909,0.81983,0.82067
0.16502,0.18761,0.30621,0.41003,0.48237,0.53814,0.5823,0.61912,0.64879,0.67422,0.69436,0.71198,0.72588,0.7385,0.74861,0.75816,0.76594,0.77345,0.77963,0.78556,0.7905,0.79513,0.79906,0.80259,0.80567,0.8083,0.81051,0.81257,0.81411,0.81564,0.81661,0.81767,0.81813,0.81879,0.81875,0.819,0.81847,0.81832,0.81728,0.8167
0.17828,0.21953,0.37923,0.48334,0.54764,0.59686,0.63578,0.66755,0.69254,0.7135,0.73006,0.74458,0.75628,0.76691,0.7756,0.7835,0.79004,0.79583,0.8007,0.80481,0.80838,0.81119,0.81375,0.81554,0.81731,0.81825,0.81878,0.81952,0.8193,0.81941,0.81843,0.8179,0.81612,0.81488,0.81224,0.81021,0.80664,0.80368,0.79909,0.79509
0.26309,0.30046,0.45013,0.54759,0.60886,0.65552,0.69092,0.71826,0.73889,0.75571,0.76897,0.78044,0.78974,0.79781,0.80442,0.80993,0.81452,0.81807,0.82113,0.82317,0.82505,0.82585,0.82674,0.82642,0.8264,0.82497,0.82302,0.82143,0.81831,0.8156,0.81117,0.80715,0.80127,0.79569,0.78818,0.78074,0.77144,0.76185,0.75068,0.73867
0.28965,0.3373,0.51175,0.61044,0.66203,0.697,0.72258,0.74261,0.75829,0.77139,0.78194,0.79075,0.79786,0.80351,0.80809,0.81141,0.81417,0.81573,0.8171,0.81717,0.81732,0.81593,0.81483,0.81186,0.80933,0.80456,0.79892,0.79336,0.78547,0.7774,0.76688,0.75568,0.74216,0.72715,0.71037,0.6909,0.67083,0.64645,0.62335,0.59389
0.32689,0.36981,0.52827,0.62312,0.67847,0.71653,0.74347,0.76372,0.77918,0.79138,0.80092,0.80814,0.81381,0.8177,0.82083,0.82245,0.8238,0.82355,0.82335,0.82119,0.81927,0.81494,0.81088,0.80394,0.79712,0.78703,0.77556,0.76285,0.74759,0.73001,0.71064,0.68737,0.66384,0.63432,0.60715,0.57136,0.54184,0.50076,0.47089,0.42672
0.37988,0.41759,0.57074,0.66318,0.71017,0.73886,0.75844,0.77342,0.78522,0.7948,0.80259,0.80882,0.81409,0.81804,0.82157,0.82361,0.82559,0.82563,0.82583,0.82355,0.82152,0.81643,0.81145,0.80304,0.79425,0.78216,0.76874,0.7529,0.73595,0.71509,0.69533,0.66982,0.64878,0.62003,0.59999,0.57068,0.55463,0.52866,0.5195,0.50117
0.39833,0.4413,0.5809,0.65742,0.7014,0.7321,0.75498,0.77285,0.78669,0.79718,0.80525,0.8109,0.81534,0.81774,0.81962,0.8193,0.81883,0.81571,0.81256,0.80629,0.7998,0.78998,0.77936,0.76586,0.75059,0.73396,0.71691,0.69603,0.67856,0.65627,0.6414,0.62119,0.61209,0.59797,0.59679,0.59175,0.59862,0.60349,0.6166,0.63003
0.32816,0.37493,0.5518,0.65091,0.69979,0.7297,0.74999,0.76442,0.77492,0.78225,0.78759,0.79052,0.79239,0.79167,0.79031,0.78576,0.78065,0.77155,0.76145,0.74663,0.72967,0.70791,0.68188,0.65249,0.61548,0.57894,0.54065,0.48909,0.4476,0.38917,0.34879,0.2894,0.2545,0.20159,0.17499,0.13561,0.1178,0.097133,0.085628,0.085964
0.47919,0.51724,0.64807,0.71836,0.75499,0.77906,0.7958,0.80704,0.8144,0.81814,0.8199,0.81878,0.81654,0.81112,0.80468,0.79424,0.78216,0.76513,0.74491,0.71931,0.68768,0.65174,0.60528,0.55841,0.49477,0.43893,0.3806,0.29999,0.2403,0.15701,0.10383,0.030731,-0.010057,-0.061757,-0.089175,-0.11366,-0.13124,-0.12754,-0.14386,-0.11549
0.52014,0.55113,0.66359,0.72673,0.76102,0.78348,0.79889,0.80889,0.8152,0.81768,0.81807,0.81483,0.81002,0.80079,0.78942,0.77227,0.75101,0.72297,0.687,0.64541,0.59004,0.53485,0.45889,0.39566,0.30617,0.24544,0.18507,0.11028,0.062211,0.011077,-0.023595,-0.045867,-0.070852,-0.065251,-0.087941,-0.059932,-0.090343,-0.050788,-0.091275,-0.052634
0.45975,0.5027,0.64486,0.71305,0.74661,0.7677,0.78133,0.78955,0.79454,0.79608,0.79572,0.79137,0.78495,0.77297,0.75733,0.73436,0.70403,0.66608,0.61415,0.55878,0.47962,0.40934,0.30446,0.22859,0.11249,0.044296,-0.029015,-0.11034,-0.17306,-0.21408,-0.27084,-0.26443,-0.33632,-0.29299,-0.40552,-0.35367,-0.50461,-0.48105,-0.51054,-0.44508
0.50792,0.53776,0.65523,0.7281,0.76859,0.79378,0.81025,0.82139,0.82979,0.8354,0.83975,0.84062,0.84003,0.83451,0.82628,0.81225,0.793,0.76886,0.73503,0.70048,0.64905,0.60554,0.53623,0.48945,0.4101,0.3681,0.32128,0.26727,0.22556,0.20507,0.15953,0.17598,0.10834,0.15006,0.048103,0.094328,-0.01083,0.033246,-0.017592,0.038993
0.53888,0.56898,0.67214,0.73029,0.76257,0.78245,0.79456,0.80112,0.80447,0.80421,0.80192,0.79511,0.78549,0.76967,0.74873,0.72127,0.68484,0.64589,0.59328,0.54916,0.48814,0.45102,0.3986,0.38102,0.35632,0.36011,0.36373,0.38589,0.40041,0.43619,0.46408,0.50264,0.55588,0.60184,0.62895,0.64865,0.62209,0.59379,0.60466,0.57268
0.45476,0.50985,0.68938,0.76609,0.7955,0.81078,0.81966,0.82409,0.82571,0.82302,0.81736,0.80602,0.7899,0.76715,0.73605,0.70078,0.65216,0.60859,0.54765,0.50808,0.45355,0.43351,0.41113,0.41585,0.43669,0.4549,0.47134,0.52429,0.55011,0.60708,0.62882,0.67033,0.68496,0.69615,0.73114,0.72887,0.7686,0.75957,0.73572,0.69525
0.45476,0.50985,0.68938,0.76609,0.7955,0.81078,0.81966,0.82409,0.82571,0.82302,0.81736,0.80602,0.7899,0.76715,0.73605,0.70078,0.65216,0.60859,0.54765,0.50808,0.45355,0.43351,0.41113,0.41585,0.43669,0.4549,0.47134,0.52429,0.55011,0.60708,0.62882,0.67033,0.68496,0.69615,0.73114,0.72887,0.7686,0.75957,0.73572,0.69525
0.47415,0.52524,0.66597,0.72423,0.74956,0.76113,0.7643,0.76013,0.74986,0.73106,0.70355,0.66384,0.60833,0.53843,0.44129,0.33742,0.19616,0.072463,-0.085363,-0.20087,-0.32973,-0.42231,-0.49979,-0.57565,-0.60662,-0.6831,-0.75891,-0.77819,-0.82894,-0.8444,-0.82527,-0.78468,-0.74902,-0.62614,-0.74145,-0.62003,-0.87115,-0.85336,-0.69354,-0.52923
0.49082,0.5364,0.66116,0.71358,0.74144,0.75971,0.77152,0.77677,0.77643,0.76743,0.7502,0.72096,0.67724,0.62025,0.53749,0.44687,0.31503,0.19453,0.025511,-0.10111,-0.25879,-0.36489,-0.46299,-0.56071,-0.59985,-0.71575,-0.81206,-0.83667,-0.88662,-0.88449,-0.88925,-0.83403,-0.80903,-0.67231,-0.74397,-0.57619,-0.85572,-0.77,-0.80616,-0.64768
0.58405,0.61279,0.71032,0.76096,0.785,0.79702,0.80197,0.80107,0.79581,0.7844,0.76745,0.74413,0.71345,0.68327,0.64756,0.62763,0.60852,0.61252,0.62224,0.64257,0.67166,0.69424,0.72807,0.74938,0.78059,0.80266,0.81688,0.83521,0.84429,0.84549,0.87076,0.86621,0.87392,0.84529,0.83751,0.78077,0.85374,0.82733,0.90891,0.89687
0.58405,0.61279,0.71032,0.76096,0.785,0.79702,0.80197,0.80107,0.79581,0.7844,0.76745,0.74413,0.71345,0.68327,0.64756,0.62763,0.60852,0.61252,0.62224,0.64257,0.67166,0.69424,0.72807,0.74938,0.78059,0.80266,0.81688,0.83521,0.84429,0.84549,0.87076,0.86621,0.87392,0.84529,0.83751,0.78077,0.85374,0.82733,0.90891,0.89687
0.69083,0.70808,0.76746,0.79906,0.81429,0.82159,0.8227,0.81603,0.8002,0.77134,0.72313,0.65813,0.55744,0.45072,0.29917,0.17042,0.025429,-0.097713,-0.15503,-0.30378,-0.27013,-0.53537,-0.53978,-0.52837,-0.31564,-0.19728,-0.35854,-0.1206,-0.26708,-0.12415,0.04438,0.23117,0.48252,0.66411,0.5008,0.60996,0.16288,0.21632,0.62881,0.67802
0.69083,0.70808,0.76746,0.79906,0.81429,0.82159,0.8227,0.81603,0.8002,0.77134,0.72313,0.65813,0.55744,0.45072,0.29917,0.17042,0.025429,-0.097713,-0.15503,-0.30378,-0.27013,-0.53537,-0.53978,-0.52837,-0.31564,-0.19728,-0.35854,-0.1206,-0.26708,-0.12415,0.04438,0.23117,0.48252,0.66411,0.5008,0.60996,0.16288,0.21632,0.62881,0.67802
0.69083,0.70808,0.76746,0.79906,0.81429,0.82159,0.8227,0.81603,0.8002,0.77134,0.72313,0.65813,0.55744,0.45072,0.29917,0.17042,0.025429,-0.097713,-0.15503,-0.30378,-0.27013,-0.53537,-0.53978,-0.52837,-0.31564,-0.19728,-0.35854,-0.1206,-0.26708,-0.12415,0.04438,0.23117,0.48252,0.66411,0.5008,0.60996,0.16288,0.21632,0.62881,0.67802
0.67181,0.69727,0.76077,0.78207,0.78524,0.77673,0.75564,0.71736,0.65326,0.55849,0.41354,0.24688,0.04255,-0.12741,-0.27005,-0.38508,-0.43877,-0.51665,-0.52974,-0.57588,-0.57169,-0.5654,-0.49289,-0.4982,-0.33672,-0.54088,-0.48184,-0.30412,-0.10533,0.20123,-0.19712,0.022219,-0.044173,0.21327,0.72626,0.79125,0.69903,0.72206,-0.12815,-0.093196
0.66986,0.68219,0.7221,0.74182,0.74852,0.74406,0.72473,0.68406,0.61368,0.51397,0.36749,0.20792,0.0099652,-0.15301,-0.29878,-0.42194,-0.47231,-0.59859,-0.62285,-0.71878,-0.71889,-0.69682,-0.52961,-0.57575,-0.31476,-0.70785,-0.51088,-0.16787,0.072087,0.39297,-0.28898,-0.084142,0.10796,0.26829,0.63785,0.70163,0.70062,0.74725,0.57988,0.5949
0.66986,0.68219,0.7221,0.74182,0.74852,0.74406,0.72473,0.68406,0.61368,0.51397,0.36749,0.20792,0.0099652,-0.15301,-0.29878,-0.42194,-0.47231,-0.59859,-0.62285,-0.71878,-0.71889,-0.69682,-0.52961,-0.57575,-0.31476,-0.70785,-0.51088,-0.16787,0.072087,0.39297,-0.28898,-0.084142,0.10796,0.26829,0.63785,0.70163,0.70062,0.74725,0.57988,0.5949
0.66986,0.68219,0.7221,0.74182,0.74852,0.74406,0.72473,0.68406,0.61368,0.51397,0.36749,0.20792,0.0099652,-0.15301,-0.29878,-0.42194,-0.47231,-0.59859,-0.62285,-0.71878,-0.71889,-0.69682,-0.52961,-0.57575,-0.31476,-0.70785,-0.51088,-0.16787,0.072087,0.39297,-0.28898,-0.084142,0.10796,0.26829,0.63785,0.70163,0.70062,0.74725,0.57988,0.5949
0.66986,0.68219,0.7221,0.74182,0.74852,0.74406,0.72473,0.68406,0.61368,0.51397,0.36749,0.20792,0.0099652,-0.15301,-0.29878,-0.42194,-0.47231,-0.59859,-0.62285,-0.71878,-0.71889,-0.69682,-0.52961,-0.57575,-0.31476,-0.70785,-0.51088,-0.16787,0.072087,0.39297,-0.28898,-0.084142,0.10796,0.26829,0.63785,0.70163,0.70062,0.74725,0.57988,0.5949
0.63749,0.65932,0.71227,0.72016,0.70362,0.66777,0.6058,0.50929,0.36248,0.18753,-0.015148,-0.17878,-0.28675,-0.36353,-0.35418,-0.37246,-0.31112,-0.28206,-0.17886,-0.12341,0.018914,-0.086723,-0.088765,0.17062,0.3097,0.32755,0.26781,0.23199,0.65485,0.71972,0.70571,0.69712,0.26756,0.26308,0.73199,0.73556,0.79331,0.78744,0.59017,0.57903
0.63749,0.65932,0.71227,0.72016,0.70362,0.66777,0.6058,0.50929,0.36248,0.18753,-0.015148,-0.17878,-0.28675,-0.36353,-0.35418,-0.37246,-0.31112,-0.28206,-0.17886,-0.12341,0.018914,-0.086723,-0.088765,0.17062,0.3097,0.32755,0.26781,0.23199,0.65485,0.71972,0.70571,0.69712,0.26756,0.26308,0.73199,0.73556,0.79331,0.78744,0.59017,0.57903
0.63749,0.65932,0.71227,0.72016,0.70362,0.66777,0.6058,0.50929,0.36248,0.18753,-0.015148,-0.17878,-0.28675,-0.36353,-0.35418,-0.37246,-0.31112,-0.28206,-0.17886,-0.12341,0.018914,-0.086723,-0.088765,0.17062,0.3097,0.32755,0.26781,0.23199,0.65485,0.71972,0.70571,0.69712,0.26756,0.26308,0.73199,0.73556,0.79331,0.78744,0.59017,0.57903
0.73693,0.75254,0.81225,0.84828,0.86735,0.87488,0.86886,0.84828,0.80983,0.76472,0.7142,0.68633,0.69181,0.73665,0.78722,0.88936,0.89496,0.96438,0.8876,0.85093,0.7231,0.93007,0.80996,0.67979,0.68996,0.70578,0.54327,0.45258,0.78903,0.84876,0.74605,0.77351,0.38688,0.39769,0.8867,0.89069,0.88017,0.87411,0.50333,0.50666
0.73693,0.75254,0.81225,0.84828,0.86735,0.87488,0.86886,0.84828,0.80983,0.76472,0.7142,0.68633,0.69181,0.73665,0.78722,0.88936,0.89496,0.96438,0.8876,0.85093,0.7231,0.93007,0.80996,0.67979,0.68996,0.70578,0.54327,0.45258,0.78903,0.84876,0.74605,0.77351,0.38688,0.39769,0.8867,0.89069,0.88017,0.87411,0.50333,0.50666
0.73693,0.75254,0.81225,0.84828,0.86735,0.87488,0.86886,0.84828,0.80983,0.76472,0.7142,0.68633,0.69181,0.73665,0.78722,0.88936,0.89496,0.96438,0.8876,0.85093,0.7231,0.93007,0.80996,0.67979,0.68996,0.70578,0.54327,0.45258,0.78903,0.84876,0.74605,0.77351,0.38688,0.39769,0.8867,0.89069,0.88017,0.87411,0.50333,0.50666
0.62313,0.64665,0.72203,0.74678,0.72701,0.66467,0.53864,0.3386,0.064301,-0.2066,-0.41744,-0.58299,-0.67361,-0.75528,-0.7992,-0.81704,-0.77111,-0.87281,-0.84862,-0.65214,-0.20475,-0.77594,-0.51895,-0.0039224,0.35716,0.40884,0.090351,0.26135,0.91957,0.92056,0.50629,0.45052,0.7074,0.7021,0.64791,0.64465,0.45711,0.47469,0.83955,0.83713
0.62313,0.64665,0.72203,0.74678,0.72701,0.66467,0.53864,0.3386,0.064301,-0.2066,-0.41744,-0.58299,-0.67361,-0.75528,-0.7992,-0.81704,-0.77111,-0.87281,-0.84862,-0.65214,-0.20475,-0.77594,-0.51895,-0.0039224,0.35716,0.40884,0.090351,0.26135,0.91957,0.92056,0.50629,0.45052,0.7074,0.7021,0.64791,0.64465,0.45711,0.47469,0.83955,0.83713
0.62313,0.64665,0.72203,0.74678,0.72701,0.66467,0.53864,0.3386,0.064301,-0.2066,-0.41744,-0.58299,-0.67361,-0.75528,-0.7992,-0.81704,-0.77111,-0.87281,-0.84862,-0.65214,-0.20475,-0.77594,-0.51895,-0.0039224,0.35716,0.40884,0.090351,0.26135,0.91957,0.92056,0.50629,0.45052,0.7074,0.7021,0.64791,0.64465,0.45711,0.47469,0.83955,0.83713
0.62313,0.64665,0.72203,0.74678,0.72701,0.66467,0.53864,0.3386,0.064301,-0.2066,-0.41744,-0.58299,-0.67361,-0.75528,-0.7992,-0.81704,-0.77111,-0.87281,-0.84862,-0.65214,-0.20475,-0.77594,-0.51895,-0.0039224,0.35716,0.40884,0.090351,0.26135,0.91957,0.92056,0.50629,0.45052,0.7074,0.7021,0.64791,0.64465,0.45711,0.47469,0.83955,0.83713
