-0.00028176,-0.00038735,-0.0010621,-0.0015809,-0.00098265,0.0014043,0.0058781,0.012446,0.020184,0.028816,0.037277,0.045818,0.053584,0.061252,0.068024,0.074882,0.080898,0.087397,0.093088,0.099777,0.10559,0.11293,0.11922,0.12754,0.13453,0.14395,0.15378,0.16223,0.17306,0.18224,0.19392,0.20369,0.21602,0.22624,0.23903,0.24955,0.26261,0.27328,0.28643,0.29712
-0.0010858,0.00052893,0.0080675,0.019467,0.033196,0.047461,0.060855,0.073352,0.084888,0.09725,0.10961,0.12491,0.14021,0.15964,0.17814,0.20108,0.22189,0.24692,0.26882,0.2945,0.31639,0.34153,0.36256,0.38632,0.40594,0.4278,0.44814,0.4654,0.48365,0.49902,0.51519,0.52875,0.54299,0.55488,0.56736,0.57776,0.5887,0.5978,0.60744,0.61544
-0.0021381,-3.3563e-05,0.029478,0.066539,0.091863,0.11144,0.1295,0.15064,0.17441,0.20402,0.23435,0.2693,0.302,0.33765,0.36917,0.40238,0.43071,0.45993,0.4843,0.50912,0.52953,0.55018,0.56703,0.58407,0.59791,0.61204,0.6247,0.63527,0.6459,0.65477,0.66384,0.67139,0.67925,0.68577,0.69269,0.69842,0.70461,0.70972,0.71533,0.71996
-0.0040707,0.00064807,0.027686,0.056247,0.081973,0.11113,0.14604,0.18875,0.23426,0.28409,0.33103,0.37866,0.42032,0.46071,0.49452,0.5265,0.55266,0.57718,0.59705,0.61586,0.63105,0.64571,0.65756,0.66934,0.67887,0.68863,0.69746,0.70487,0.71251,0.71892,0.72568,0.73135,0.73745,0.74256,0.7481,0.75277,0.75785,0.76214,0.76681,0.77078
-0.00571,-0.0044021,0.028991,0.077667,0.12436,0.17716,0.23432,0.29454,0.3515,0.40638,0.45381,0.49728,0.53304,0.56517,0.59105,0.61447,0.63325,0.65068,0.66469,0.67818,0.68907,0.69997,0.70881,0.71797,0.72542,0.73336,0.74067,0.74688,0.75339,0.75894,0.76479,0.76981,0.77509,0.77965,0.78441,0.78855,0.79283,0.79658,0.80041,0.8038
0.010404,0.018943,0.068496,0.12539,0.18568,0.25222,0.31858,0.38194,0.43754,0.48702,0.52771,0.56296,0.59117,0.61593,0.63574,0.65389,0.66857,0.68274,0.69433,0.70607,0.71574,0.72585,0.73423,0.74311,0.75052,0.75839,0.76564,0.77198,0.7784,0.78406,0.78972,0.79474,0.79972,0.80415,0.80848,0.81236,0.81611,0.81948,0.82269,0.82558
0.006201,0.016545,0.079602,0.16057,0.24368,0.32749,0.40536,0.47451,0.53108,0.57771,0.61393,0.64395,0.66727,0.6874,0.70336,0.71793,0.72979,0.7412,0.75067,0.76014,0.7681,0.77619,0.78306,0.79004,0.79603,0.80207,0.80757,0.8125,0.81721,0.82146,0.82547,0.82909,0.83247,0.8355,0.83825,0.84071,0.84285,0.84476,0.84636,0.84774
0.0028252,0.019934,0.1095,0.21229,0.31311,0.40621,0.48418,0.54645,0.59362,0.63002,0.65736,0.67965,0.69708,0.71269,0.7254,0.73763,0.74784,0.75804,0.76669,0.77542,0.78291,0.79044,0.79697,0.80347,0.80915,0.81472,0.81979,0.82433,0.82861,0.83242,0.83586,0.83893,0.84159,0.84392,0.84578,0.84737,0.84838,0.84921,0.84939,0.84944
0.036764,0.055465,0.14095,0.24185,0.34562,0.44048,0.51816,0.57926,0.62481,0.66054,0.68731,0.70942,0.72662,0.74168,0.75392,0.76524,0.77475,0.78388,0.7917,0.79934,0.80596,0.81247,0.81811,0.82364,0.8284,0.83307,0.83717,0.84074,0.84395,0.84669,0.84897,0.85085,0.85215,0.85315,0.85346,0.85353,0.85278,0.85188,0.85009,0.84817
0.052243,0.081713,0.21827,0.34048,0.43863,0.51805,0.5783,0.62382,0.65778,0.68526,0.70688,0.7261,0.74182,0.75659,0.76889,0.78065,0.79058,0.80002,0.80809,0.81567,0.82221,0.82826,0.83349,0.83822,0.84228,0.84576,0.84862,0.851,0.85265,0.85391,0.85437,0.8545,0.85371,0.85267,0.85067,0.84842,0.84521,0.84173,0.83735,0.83261
0.099876,0.11586,0.21864,0.33982,0.44113,0.52003,0.57857,0.6231,0.65704,0.68554,0.70844,0.729,0.74593,0.76151,0.77459,0.78677,0.79719,0.80702,0.81551,0.8236,0.83054,0.83714,0.8427,0.84774,0.85189,0.85541,0.85806,0.86004,0.86106,0.86155,0.861,0.85999,0.85791,0.8554,0.85191,0.84794,0.84316,0.83779,0.83187,0.8252
0.13904,0.17289,0.33647,0.46728,0.55391,0.61429,0.65573,0.68532,0.70724,0.72554,0.74075,0.755,0.7674,0.77933,0.78981,0.79974,0.80843,0.81643,0.82334,0.82932,0.83435,0.8383,0.84143,0.84323,0.84439,0.84405,0.84267,0.84072,0.83726,0.83324,0.82781,0.82173,0.81445,0.80635,0.79744,0.78744,0.77726,0.76561,0.75466,0.74181
0.19453,0.22744,0.36469,0.46621,0.53795,0.59297,0.63549,0.67036,0.69811,0.72186,0.74106,0.75786,0.77173,0.78402,0.79441,0.80377,0.81173,0.819,0.82505,0.8304,0.83467,0.83806,0.84052,0.84178,0.84229,0.8413,0.83926,0.83649,0.8323,0.82734,0.82111,0.81399,0.80598,0.79683,0.78745,0.7766,0.7665,0.75452,0.74451,0.7322
0.19988,0.23543,0.38807,0.50247,0.58055,0.63667,0.67697,0.70776,0.73173,0.75203,0.76883,0.78365,0.79621,0.80733,0.81683,0.82518,0.83222,0.83817,0.84299,0.84663,0.84926,0.85048,0.85083,0.84954,0.84748,0.84367,0.83878,0.83286,0.82567,0.81723,0.808,0.7972,0.78644,0.77369,0.76219,0.74825,0.73703,0.72296,0.71308,0.70008
0.062231,0.098238,0.30148,0.48696,0.60054,0.67021,0.71451,0.74552,0.76825,0.78656,0.80136,0.81434,0.82545,0.83573,0.84461,0.85281,0.85969,0.86572,0.87049,0.87407,0.87656,0.87761,0.87774,0.87634,0.8741,0.87039,0.86576,0.86,0.8534,0.84547,0.83731,0.82748,0.81833,0.80717,0.79788,0.78622,0.77768,0.76656,0.75977,0.75024
0.043749,0.11102,0.37229,0.53577,0.62739,0.6844,0.7216,0.74821,0.76845,0.78513,0.79894,0.8106,0.82033,0.82818,0.83453,0.83912,0.84248,0.84413,0.84472,0.8435,0.8413,0.8372,0.83209,0.82519,0.81709,0.80765,0.79739,0.78527,0.77357,0.75964,0.74774,0.7333,0.72274,0.70941,0.7016,0.69097,0.68682,0.67994,0.6796,0.6768
0.070511,0.14564,0.40249,0.54342,0.61995,0.66735,0.69955,0.72438,0.7446,0.7621,0.77712,0.79036,0.80172,0.8115,0.8195,0.82568,0.83013,0.8324,0.8331,0.83131,0.8281,0.8224,0.81526,0.80603,0.79516,0.78309,0.77035,0.75536,0.74181,0.72575,0.71319,0.69796,0.68813,0.67562,0.66976,0.66132,0.65967,0.65576,0.65738,0.6575
0.11437,0.18024,0.4193,0.56505,0.65102,0.70492,0.74039,0.76582,0.78543,0.80154,0.81511,0.82712,0.83723,0.84617,0.85322,0.85885,0.86267,0.86464,0.86505,0.86338,0.8603,0.85529,0.84882,0.84093,0.83137,0.82144,0.81122,0.7989,0.7887,0.77629,0.76765,0.75685,0.75114,0.74335,0.74107,0.73699,0.73755,0.73694,0.73969,0.74191
0.033253,0.10084,0.32647,0.47003,0.56917,0.64261,0.69587,0.73535,0.76471,0.78787,0.80626,0.82204,0.8348,0.8457,0.85404,0.86012,0.86401,0.86522,0.8646,0.86131,0.85635,0.84915,0.84016,0.82994,0.81763,0.80589,0.79434,0.78048,0.77026,0.75785,0.75089,0.74191,0.73904,0.73451,0.73507,0.73472,0.73807,0.7411,0.74637,0.75191
0.098137,0.18442,0.44186,0.57083,0.6499,0.7075,0.74989,0.78194,0.80657,0.82652,0.84278,0.85658,0.86771,0.87647,0.88292,0.88672,0.8887,0.88822,0.88626,0.88237,0.8771,0.87069,0.86286,0.85512,0.8459,0.83836,0.83148,0.82351,0.81894,0.81346,0.81181,0.80948,0.81027,0.81083,0.8135,0.81632,0.82045,0.825,0.82971,0.83547
0.074618,0.15871,0.48393,0.64245,0.70337,0.7419,0.77115,0.79436,0.81311,0.82909,0.84229,0.85387,0.86306,0.87043,0.87562,0.87851,0.87951,0.87811,0.87496,0.86985,0.86288,0.85503,0.84512,0.83622,0.82511,0.81729,0.81056,0.80229,0.79863,0.79375,0.79306,0.79159,0.79309,0.7943,0.79716,0.80025,0.80388,0.80829,0.81199,0.81727
0.018865,0.089576,0.52997,0.76134,0.80432,0.80509,0.80271,0.80506,0.81222,0.82284,0.83404,0.84558,0.85526,0.86306,0.86857,0.87142,0.87223,0.87053,0.86693,0.86154,0.85417,0.84631,0.8363,0.82777,0.81702,0.80993,0.80411,0.79683,0.79436,0.79085,0.79148,0.79171,0.7948,0.7981,0.80278,0.80838,0.81367,0.82082,0.82609,0.83416
0.33621,0.37427,0.53881,0.63897,0.69726,0.74215,0.77704,0.8042,0.82557,0.84313,0.85729,0.86865,0.8771,0.88237,0.88512,0.88471,0.88216,0.87714,0.87013,0.86213,0.85218,0.84363,0.83328,0.82697,0.81923,0.81751,0.81774,0.81775,0.82177,0.82603,0.83269,0.83983,0.84742,0.85608,0.86344,0.87255,0.87923,0.88805,0.89402,0.90207
0.47587,0.49394,0.59004,0.65338,0.69413,0.72954,0.75968,0.78507,0.80586,0.82319,0.83661,0.84639,0.85243,0.85422,0.85267,0.847,0.83831,0.82673,0.81233,0.79782,0.78076,0.76757,0.75234,0.74437,0.73486,0.73353,0.73386,0.73444,0.73879,0.74376,0.75037,0.75812,0.76539,0.77471,0.78137,0.79111,0.79805,0.80797,0.81508,0.82513
0.47587,0.49394,0.59004,0.65338,0.69413,0.72954,0.75968,0.78507,0.80586,0.82319,0.83661,0.84639,0.85243,0.85422,0.85267,0.847,0.83831,0.82673,0.81233,0.79782,0.78076,0.76757,0.75234,0.74437,0.73486,0.73353,0.73386,0.73444,0.73879,0.74376,0.75037,0.75812,0.76539,0.77471,0.78137,0.79111,0.79805,0.80797,0.81508,0.82513
0.6227,0.6168,0.65688,0.70349,0.7358,0.76224,0.78359,0.80165,0.81704,0.83016,0.83957,0.84491,0.8463,0.84336,0.83689,0.82719,0.81429,0.8006,0.78416,0.77064,0.75513,0.74599,0.73559,0.7329,0.72935,0.73164,0.7348,0.73906,0.74476,0.75213,0.75845,0.76752,0.77391,0.78371,0.79117,0.80186,0.80745,0.81745,0.82383,0.83319
0.6227,0.6168,0.65688,0.70349,0.7358,0.76224,0.78359,0.80165,0.81704,0.83016,0.83957,0.84491,0.8463,0.84336,0.83689,0.82719,0.81429,0.8006,0.78416,0.77064,0.75513,0.74599,0.73559,0.7329,0.72935,0.73164,0.7348,0.73906,0.74476,0.75213,0.75845,0.76752,0.77391,0.78371,0.79117,0.80186,0.80745,0.81745,0.82383,0.83319
0.59414,0.62229,0.74163,0.79297,0.81326,0.82868,0.84357,0.85786,0.8698,0.87839,0.88305,0.88337,0.87979,0.87216,0.86066,0.84654,0.82854,0.81122,0.79058,0.77533,0.75798,0.7492,0.73956,0.73749,0.73574,0.73857,0.74182,0.74814,0.75299,0.76208,0.76802,0.77878,0.78526,0.79685,0.803,0.81429,0.82136,0.83228,0.83705,0.84553
0.59414,0.62229,0.74163,0.79297,0.81326,0.82868,0.84357,0.85786,0.8698,0.87839,0.88305,0.88337,0.87979,0.87216,0.86066,0.84654,0.82854,0.81122,0.79058,0.77533,0.75798,0.7492,0.73956,0.73749,0.73574,0.73857,0.74182,0.74814,0.75299,0.76208,0.76802,0.77878,0.78526,0.79685,0.803,0.81429,0.82136,0.83228,0.83705,0.84553
0.59414,0.62229,0.74163,0.79297,0.81326,0.82868,0.84357,0.85786,0.8698,0.87839,0.88305,0.88337,0.87979,0.87216,0.86066,0.84654,0.82854,0.81122,0.79058,0.77533,0.75798,0.7492,0.73956,0.73749,0.73574,0.73857,0.74182,0.74814,0.75299,0.76208,0.76802,0.77878,0.78526,0.79685,0.803,0.81429,0.82136,0.83228,0.83705,0.84553
0.51743,0.53895,0.66135,0.73418,0.77202,0.80061,0.82654,0.84994,0.86779,0.87911,0.88413,0.88269,0.87619,0.86508,0.84967,0.83299,0.81297,0.79661,0.77855,0.76843,0.75811,0.75517,0.75334,0.75614,0.76112,0.76633,0.77168,0.78153,0.78898,0.80093,0.80756,0.81924,0.82768,0.83897,0.84502,0.85307,0.85642,0.85816,0.85577,0.8458
0.51743,0.53895,0.66135,0.73418,0.77202,0.80061,0.82654,0.84994,0.86779,0.87911,0.88413,0.88269,0.87619,0.86508,0.84967,0.83299,0.81297,0.79661,0.77855,0.76843,0.75811,0.75517,0.75334,0.75614,0.76112,0.76633,0.77168,0.78153,0.78898,0.80093,0.80756,0.81924,0.82768,0.83897,0.84502,0.85307,0.85642,0.85816,0.85577,0.8458
0.51743,0.53895,0.66135,0.73418,0.77202,0.80061,0.82654,0.84994,0.86779,0.87911,0.88413,0.88269,0.87619,0.86508,0.84967,0.83299,0.81297,0.79661,0.77855,0.76843,0.75811,0.75517,0.75334,0.75614,0.76112,0.76633,0.77168,0.78153,0.78898,0.80093,0.80756,0.81924,0.82768,0.83897,0.84502,0.85307,0.85642,0.85816,0.85577,0.8458
0.58319,0.6031,0.69149,0.7381,0.76697,0.79024,0.80988,0.82597,0.8359,0.83893,0.83455,0.82299,0.80411,0.78118,0.75206,0.72657,0.69804,0.68059,0.66285,0.65613,0.65015,0.6498,0.6512,0.65341,0.65885,0.66095,0.66392,0.67068,0.67491,0.68239,0.68858,0.69777,0.70286,0.71309,0.71295,0.71997,0.71761,0.71787,0.71114,0.70013
0.45426,0.52173,0.69874,0.75077,0.77117,0.7996,0.83142,0.8571,0.87337,0.8803,0.88049,0.87488,0.86456,0.85136,0.83468,0.81901,0.80137,0.78847,0.77491,0.76676,0.759,0.75511,0.75274,0.75144,0.75338,0.75423,0.75651,0.76281,0.76739,0.77609,0.78227,0.79193,0.79577,0.80174,0.80407,0.8029,0.8101,0.80211,0.79923,0.77825
0.45426,0.52173,0.69874,0.75077,0.77117,0.7996,0.83142,0.8571,0.87337,0.8803,0.88049,0.87488,0.86456,0.85136,0.83468,0.81901,0.80137,0.78847,0.77491,0.76676,0.759,0.75511,0.75274,0.75144,0.75338,0.75423,0.75651,0.76281,0.76739,0.77609,0.78227,0.79193,0.79577,0.80174,0.80407,0.8029,0.8101,0.80211,0.79923,0.77825
0.45426,0.52173,0.69874,0.75077,0.77117,0.7996,0.83142,0.8571,0.87337,0.8803,0.88049,0.87488,0.86456,0.85136,0.83468,0.81901,0.80137,0.78847,0.77491,0.76676,0.759,0.75511,0.75274,0.75144,0.75338,0.75423,0.75651,0.76281,0.76739,0.77609,0.78227,0.79193,0.79577,0.80174,0.80407,0.8029,0.8101,0.80211,0.79923,0.77825
0.26648,0.37389,0.63958,0.72505,0.76238,0.80236,0.84009,0.86769,0.88421,0.89169,0.89303,0.89012,0.88419,0.87746,0.86976,0.8637,0.8577,0.85381,0.85031,0.84817,0.84664,0.84545,0.84523,0.84478,0.84555,0.84559,0.84693,0.84875,0.85082,0.85368,0.85365,0.85471,0.85539,0.85319,0.85489,0.84912,0.86144,0.86024,0.85305,0.84634
0.26648,0.37389,0.63958,0.72505,0.76238,0.80236,0.84009,0.86769,0.88421,0.89169,0.89303,0.89012,0.88419,0.87746,0.86976,0.8637,0.8577,0.85381,0.85031,0.84817,0.84664,0.84545,0.84523,0.84478,0.84555,0.84559,0.84693,0.84875,0.85082,0.85368,0.85365,0.85471,0.85539,0.85319,0.85489,0.84912,0.86144,0.86024,0.85305,0.84634
0.096016,0.26367,0.59636,0.74387,0.81471,0.85946,0.89168,0.91406,0.92808,0.93448,0.93575,0.93376,0.93009,0.92794,0.9269,0.92979,0.93405,0.94008,0.94656,0.95272,0.95887,0.96377,0.9684,0.97319,0.97696,0.97931,0.9819,0.98301,0.98427,0.98247,0.98361,0.97784,0.98382,0.9755,0.9752,0.95776,0.96525,0.94479,0.94813,0.92171
