-0.00024452,0.0017291,0.013906,0.026584,0.035142,0.041144,0.046019,0.051221,0.056982,0.064601,0.073016,0.083791,0.094726,0.10786,0.12035,0.13475,0.14793,0.16284,0.17616,0.19123,0.20445,0.21957,0.23268,0.24786,0.26089,0.27619,0.2913,0.30459,0.31978,0.33301,0.3482,0.36131,0.37638,0.38928,0.40409,0.4167,0.43112,0.44334,0.45727,0.46902
0.018055,0.02154,0.035925,0.049269,0.063761,0.082833,0.10634,0.13356,0.16168,0.19137,0.21991,0.25008,0.27836,0.30884,0.33677,0.36705,0.39409,0.4232,0.44863,0.47572,0.49895,0.52356,0.54439,0.56649,0.58501,0.60482,0.62329,0.63912,0.6558,0.66999,0.68513,0.69791,0.7117,0.72326,0.73582,0.74629,0.75773,0.76722,0.77763,0.78622
0.013239,0.020802,0.051134,0.085436,0.12453,0.16643,0.20835,0.25119,0.29325,0.33736,0.37932,0.42257,0.46169,0.50084,0.53492,0.56859,0.59725,0.62583,0.64986,0.67429,0.69465,0.7157,0.73309,0.7513,0.76621,0.78194,0.79625,0.80824,0.82052,0.83075,0.84128,0.84999,0.85899,0.86641,0.87413,0.88046,0.88709,0.8925,0.89821,0.90286
0.037668,0.047642,0.091573,0.14155,0.19505,0.25085,0.30635,0.36193,0.41443,0.46542,0.51094,0.55425,0.59158,0.62739,0.65775,0.68749,0.7124,0.73718,0.75768,0.77828,0.79512,0.8121,0.82586,0.83981,0.85101,0.86243,0.87257,0.88092,0.88925,0.89607,0.90294,0.90856,0.91427,0.91893,0.92369,0.9276,0.9316,0.9349,0.93828,0.94108
0.021598,0.035331,0.10829,0.18615,0.25684,0.32705,0.39538,0.46051,0.51826,0.57077,0.61543,0.65692,0.69183,0.72508,0.75264,0.77909,0.80066,0.82139,0.83806,0.85417,0.86699,0.87948,0.88936,0.8991,0.90678,0.91445,0.92113,0.92659,0.93192,0.9363,0.9406,0.94415,0.94764,0.95054,0.95338,0.95577,0.95809,0.96006,0.96197,0.96359
0.02697,0.036224,0.1107,0.20886,0.30741,0.40408,0.49023,0.56355,0.62324,0.67388,0.71515,0.75172,0.78154,0.80862,0.83043,0.85048,0.86642,0.88122,0.89287,0.90383,0.91244,0.92065,0.9271,0.93333,0.93826,0.94305,0.94717,0.95059,0.9538,0.95649,0.95899,0.96112,0.96307,0.96475,0.96625,0.96756,0.96871,0.96972,0.97057,0.97134
0.056396,0.076576,0.1759,0.28679,0.39439,0.49301,0.57569,0.64423,0.69934,0.74579,0.78268,0.814,0.83848,0.85956,0.87594,0.89047,0.90175,0.9121,0.92017,0.92774,0.93369,0.93934,0.94381,0.94805,0.95144,0.95462,0.9573,0.95956,0.96153,0.96323,0.96466,0.9659,0.9669,0.96779,0.96847,0.96908,0.96948,0.96986,0.97008,0.97029
0.20594,0.22848,0.34331,0.44546,0.52473,0.59454,0.65441,0.70599,0.74865,0.78573,0.81567,0.84184,0.86246,0.88064,0.89475,0.90738,0.91716,0.92605,0.93299,0.93935,0.94437,0.94896,0.95264,0.95596,0.95866,0.96103,0.96299,0.96466,0.96601,0.96718,0.96806,0.96884,0.96936,0.96984,0.9701,0.97034,0.97037,0.9704,0.97028,0.97016
0.098726,0.12981,0.30157,0.45649,0.56066,0.63737,0.69729,0.74742,0.78816,0.82268,0.84973,0.87253,0.88996,0.9049,0.91628,0.92629,0.93398,0.94087,0.94623,0.95107,0.95488,0.95831,0.96104,0.96344,0.96538,0.96704,0.96835,0.96947,0.9703,0.97102,0.97154,0.97196,0.97219,0.97238,0.97243,0.97243,0.97235,0.9722,0.97198,0.97169
0.14878,0.1841,0.3613,0.51571,0.62105,0.70112,0.7635,0.81261,0.84971,0.87839,0.89949,0.9161,0.92842,0.93849,0.94612,0.95252,0.95749,0.96169,0.965,0.96775,0.96995,0.97171,0.97313,0.97418,0.97502,0.97555,0.97589,0.97614,0.97616,0.97614,0.97595,0.97571,0.97535,0.97493,0.97441,0.97382,0.97316,0.9724,0.97162,0.97069
0.090397,0.11042,0.28885,0.47767,0.60035,0.68835,0.75394,0.80427,0.84184,0.87096,0.89243,0.90951,0.92224,0.93274,0.94073,0.94748,0.95271,0.95713,0.96061,0.96346,0.96572,0.96749,0.9689,0.9699,0.97069,0.97113,0.97139,0.97156,0.9715,0.97138,0.97112,0.97077,0.97032,0.96976,0.96914,0.96837,0.96761,0.96663,0.96572,0.96452
0.20985,0.24469,0.41518,0.56689,0.67236,0.74953,0.80581,0.8473,0.8771,0.89941,0.91555,0.92817,0.93756,0.94516,0.95096,0.95564,0.95927,0.96204,0.96421,0.96569,0.96684,0.96743,0.96787,0.96786,0.96777,0.96735,0.96681,0.96614,0.96529,0.96428,0.96317,0.96183,0.96048,0.9588,0.9572,0.95517,0.9534,0.95105,0.94914,0.94651
0.15552,0.19859,0.41101,0.57677,0.68023,0.75871,0.81762,0.86107,0.89169,0.91411,0.93002,0.94201,0.95079,0.95753,0.96259,0.96645,0.96939,0.97155,0.97321,0.9743,0.97513,0.97555,0.97584,0.97583,0.97575,0.97547,0.97508,0.97459,0.974,0.97326,0.97248,0.97149,0.97053,0.96928,0.96816,0.96666,0.96545,0.96374,0.96255,0.96074
0.25769,0.29519,0.46959,0.61531,0.71362,0.78485,0.83567,0.87223,0.89793,0.91688,0.93051,0.94082,0.94842,0.95409,0.95832,0.96127,0.96345,0.9647,0.96559,0.9658,0.96584,0.96536,0.96475,0.96375,0.96258,0.96108,0.95939,0.95734,0.95514,0.95243,0.94975,0.94636,0.94325,0.9392,0.93585,0.93128,0.92797,0.92318,0.92025,0.91565
0.10321,0.1273,0.35323,0.57924,0.71292,0.79718,0.85093,0.88666,0.91087,0.92823,0.94066,0.9499,0.95669,0.96173,0.96546,0.96816,0.97015,0.9715,0.97246,0.97305,0.97341,0.97352,0.97348,0.97333,0.97301,0.97263,0.9722,0.9715,0.97089,0.96994,0.96918,0.96796,0.96712,0.9657,0.96494,0.96346,0.96276,0.96132,0.96105,0.9599
0.36088,0.39432,0.53367,0.65415,0.74148,0.8056,0.85152,0.88492,0.90873,0.92632,0.93905,0.94836,0.95515,0.95983,0.96321,0.96519,0.96657,0.96703,0.96719,0.96668,0.96598,0.96477,0.96331,0.9614,0.95914,0.95655,0.95372,0.95022,0.94688,0.94262,0.93901,0.93426,0.93076,0.92594,0.92305,0.91875,0.91681,0.9135,0.91268,0.91063
0.20731,0.26954,0.52465,0.69489,0.79117,0.85253,0.89195,0.91801,0.93523,0.94715,0.95532,0.96107,0.96508,0.96781,0.96971,0.9709,0.97169,0.97208,0.97228,0.97224,0.97204,0.97171,0.97119,0.97062,0.96977,0.96899,0.96817,0.96693,0.96606,0.96467,0.96394,0.9626,0.96218,0.96113,0.96118,0.96061,0.96116,0.96114,0.96205,0.9625
0.3237,0.37807,0.59101,0.73507,0.81766,0.86924,0.9019,0.92378,0.93864,0.94924,0.95668,0.96196,0.96562,0.9679,0.96935,0.96987,0.96995,0.9694,0.96853,0.96717,0.96546,0.96337,0.9608,0.958,0.95449,0.95107,0.94752,0.94296,0.93933,0.93454,0.93144,0.92714,0.92511,0.92199,0.92146,0.91993,0.92069,0.92071,0.9224,0.9236
0.44109,0.48466,0.65822,0.77791,0.84663,0.88867,0.91471,0.93165,0.94283,0.95037,0.95538,0.95834,0.96007,0.96057,0.96049,0.9597,0.95853,0.95693,0.95494,0.9527,0.94992,0.94712,0.94357,0.94047,0.93638,0.93341,0.93076,0.92709,0.92544,0.9228,0.92248,0.9213,0.92229,0.92262,0.9245,0.92602,0.9284,0.93067,0.93334,0.93608
0.34061,0.37466,0.55595,0.7183,0.81401,0.86995,0.90363,0.92549,0.94012,0.95043,0.95764,0.96278,0.96646,0.96902,0.9709,0.9722,0.97313,0.97381,0.97418,0.9745,0.97448,0.97458,0.97427,0.97428,0.97379,0.97399,0.97426,0.97404,0.97465,0.97476,0.97587,0.97643,0.97782,0.97872,0.98016,0.9812,0.9827,0.98378,0.98517,0.98623
0.26346,0.33655,0.60889,0.76776,0.84763,0.8933,0.92078,0.93863,0.95063,0.95906,0.96493,0.969,0.97186,0.97369,0.97498,0.97574,0.9762,0.97645,0.97641,0.97635,0.97594,0.9757,0.97501,0.97476,0.97397,0.97398,0.97415,0.97385,0.97447,0.97466,0.97561,0.97621,0.9774,0.97825,0.97949,0.98044,0.98162,0.98258,0.98369,0.98463
0.5816,0.6259,0.77595,0.85728,0.89709,0.92045,0.9356,0.94635,0.95377,0.95873,0.96175,0.96319,0.96365,0.96321,0.96222,0.96071,0.95867,0.95627,0.95316,0.94991,0.94567,0.94177,0.93658,0.93269,0.92728,0.92446,0.92238,0.9193,0.91931,0.9186,0.92052,0.92204,0.92518,0.92825,0.93191,0.93583,0.93937,0.9436,0.94679,0.95101
0.10793,0.1669,0.44782,0.67,0.79591,0.8683,0.91009,0.93509,0.95063,0.96057,0.96716,0.9713,0.97413,0.97582,0.97696,0.97764,0.97797,0.97818,0.97804,0.97798,0.97751,0.97748,0.97698,0.9772,0.97697,0.97775,0.97881,0.97949,0.98092,0.98196,0.98362,0.98481,0.98633,0.98748,0.98873,0.98971,0.99073,0.99151,0.99209,0.99254
0.18458,0.24997,0.51021,0.69103,0.79691,0.86074,0.89833,0.92083,0.93484,0.94372,0.94968,0.95351,0.9562,0.95801,0.95922,0.96018,0.9606,0.96118,0.96118,0.96174,0.96168,0.9627,0.96305,0.9647,0.96568,0.96796,0.97023,0.97199,0.9743,0.97609,0.97829,0.97995,0.98186,0.98334,0.98481,0.98604,0.9871,0.98803,0.98883,0.98945
0.18458,0.24997,0.51021,0.69103,0.79691,0.86074,0.89833,0.92083,0.93484,0.94372,0.94968,0.95351,0.9562,0.95801,0.95922,0.96018,0.9606,0.96118,0.96118,0.96174,0.96168,0.9627,0.96305,0.9647,0.96568,0.96796,0.97023,0.97199,0.9743,0.97609,0.97829,0.97995,0.98186,0.98334,0.98481,0.98604,0.9871,0.98803,0.98883,0.98945
0.43276,0.47906,0.67535,0.79819,0.85956,0.89684,0.91992,0.93384,0.94184,0.94581,0.94732,0.94699,0.94538,0.94275,0.93887,0.93435,0.92819,0.92216,0.91415,0.90803,0.89998,0.89613,0.89082,0.89072,0.88969,0.89253,0.89579,0.89956,0.90385,0.90903,0.91348,0.91921,0.92308,0.92874,0.93245,0.93795,0.94069,0.9456,0.94793,0.95222
0.43276,0.47906,0.67535,0.79819,0.85956,0.89684,0.91992,0.93384,0.94184,0.94581,0.94732,0.94699,0.94538,0.94275,0.93887,0.93435,0.92819,0.92216,0.91415,0.90803,0.89998,0.89613,0.89082,0.89072,0.88969,0.89253,0.89579,0.89956,0.90385,0.90903,0.91348,0.91921,0.92308,0.92874,0.93245,0.93795,0.94069,0.9456,0.94793,0.95222
0.39897,0.47303,0.719,0.84669,0.90299,0.9322,0.94855,0.95787,0.96315,0.96571,0.9666,0.96639,0.96511,0.96333,0.96035,0.95742,0.95294,0.94967,0.94467,0.94267,0.93927,0.94006,0.93988,0.9432,0.94578,0.95017,0.95411,0.95818,0.96162,0.96549,0.96818,0.97149,0.97352,0.97615,0.97776,0.97974,0.9811,0.9825,0.98328,0.98385
0.39897,0.47303,0.719,0.84669,0.90299,0.9322,0.94855,0.95787,0.96315,0.96571,0.9666,0.96639,0.96511,0.96333,0.96035,0.95742,0.95294,0.94967,0.94467,0.94267,0.93927,0.94006,0.93988,0.9432,0.94578,0.95017,0.95411,0.95818,0.96162,0.96549,0.96818,0.97149,0.97352,0.97615,0.97776,0.97974,0.9811,0.9825,0.98328,0.98385
0.39897,0.47303,0.719,0.84669,0.90299,0.9322,0.94855,0.95787,0.96315,0.96571,0.9666,0.96639,0.96511,0.96333,0.96035,0.95742,0.95294,0.94967,0.94467,0.94267,0.93927,0.94006,0.93988,0.9432,0.94578,0.95017,0.95411,0.95818,0.96162,0.96549,0.96818,0.97149,0.97352,0.97615,0.97776,0.97974,0.9811,0.9825,0.98328,0.98385
0.41008,0.47112,0.67002,0.77687,0.83517,0.87122,0.89221,0.9035,0.90879,0.91028,0.90888,0.90511,0.89842,0.88998,0.87783,0.86622,0.85074,0.84056,0.82792,0.82448,0.82063,0.82465,0.82966,0.8383,0.84885,0.8581,0.86666,0.87916,0.88641,0.8982,0.90438,0.91483,0.9197,0.92844,0.93239,0.93921,0.94042,0.94389,0.94473,0.94453
0.41008,0.47112,0.67002,0.77687,0.83517,0.87122,0.89221,0.9035,0.90879,0.91028,0.90888,0.90511,0.89842,0.88998,0.87783,0.86622,0.85074,0.84056,0.82792,0.82448,0.82063,0.82465,0.82966,0.8383,0.84885,0.8581,0.86666,0.87916,0.88641,0.8982,0.90438,0.91483,0.9197,0.92844,0.93239,0.93921,0.94042,0.94389,0.94473,0.94453
0.41008,0.47112,0.67002,0.77687,0.83517,0.87122,0.89221,0.9035,0.90879,0.91028,0.90888,0.90511,0.89842,0.88998,0.87783,0.86622,0.85074,0.84056,0.82792,0.82448,0.82063,0.82465,0.82966,0.8383,0.84885,0.8581,0.86666,0.87916,0.88641,0.8982,0.90438,0.91483,0.9197,0.92844,0.93239,0.93921,0.94042,0.94389,0.94473,0.94453
0.47921,0.54842,0.76636,0.86604,0.90609,0.92554,0.9342,0.93682,0.93587,0.93252,0.92679,0.91913,0.90824,0.89644,0.88082,0.86822,0.8532,0.84594,0.83851,0.83817,0.83892,0.84241,0.84779,0.85257,0.85999,0.86452,0.86924,0.87674,0.88159,0.88923,0.89336,0.90093,0.90328,0.90994,0.91137,0.91666,0.91652,0.91947,0.91805,0.91748
0.31137,0.41543,0.70905,0.83292,0.89464,0.93403,0.95761,0.9709,0.97872,0.98372,0.98738,0.99013,0.99244,0.99418,0.99561,0.99658,0.99724,0.99778,0.99801,0.99833,0.99838,0.9987,0.99876,0.99891,0.99892,0.99905,0.9991,0.99904,0.99923,0.99916,0.99919,0.99894,0.99877,0.99802,0.99834,0.99716,0.99844,0.99724,0.99569,0.99224
0.31137,0.41543,0.70905,0.83292,0.89464,0.93403,0.95761,0.9709,0.97872,0.98372,0.98738,0.99013,0.99244,0.99418,0.99561,0.99658,0.99724,0.99778,0.99801,0.99833,0.99838,0.9987,0.99876,0.99891,0.99892,0.99905,0.9991,0.99904,0.99923,0.99916,0.99919,0.99894,0.99877,0.99802,0.99834,0.99716,0.99844,0.99724,0.99569,0.99224
0.31137,0.41543,0.70905,0.83292,0.89464,0.93403,0.95761,0.9709,0.97872,0.98372,0.98738,0.99013,0.99244,0.99418,0.99561,0.99658,0.99724,0.99778,0.99801,0.99833,0.99838,0.9987,0.99876,0.99891,0.99892,0.99905,0.9991,0.99904,0.99923,0.99916,0.99919,0.99894,0.99877,0.99802,0.99834,0.99716,0.99844,0.99724,0.99569,0.99224
0.57573,0.64589,0.83349,0.90252,0.93249,0.9512,0.96354,0.97188,0.97753,0.98166,0.9846,0.98703,0.98895,0.99072,0.99214,0.99332,0.99413,0.99478,0.99516,0.9956,0.99582,0.99616,0.99631,0.99657,0.99664,0.99685,0.99701,0.997,0.99729,0.99726,0.99695,0.99626,0.9966,0.99529,0.99658,0.99524,0.99607,0.99453,0.99239,0.98906
0.57573,0.64589,0.83349,0.90252,0.93249,0.9512,0.96354,0.97188,0.97753,0.98166,0.9846,0.98703,0.98895,0.99072,0.99214,0.99332,0.99413,0.99478,0.99516,0.9956,0.99582,0.99616,0.99631,0.99657,0.99664,0.99685,0.99701,0.997,0.99729,0.99726,0.99695,0.99626,0.9966,0.99529,0.99658,0.99524,0.99607,0.99453,0.99239,0.98906
0.69235,0.72489,0.85557,0.9232,0.94823,0.95889,0.96365,0.96594,0.9671,0.96801,0.96835,0.96911,0.96936,0.97091,0.97219,0.97526,0.97799,0.98161,0.98469,0.98752,0.98996,0.99181,0.99345,0.99449,0.99538,0.99617,0.99673,0.99704,0.99734,0.99713,0.99757,0.99692,0.99682,0.99481,0.9964,0.99393,0.99413,0.9903,0.99194,0.98715
