0.017608,0.023278,0.050007,0.073187,0.092325,0.11178,0.13114,0.15006,0.16718,0.18324,0.19713,0.21027,0.22149,0.23252,0.24199,0.25186,0.26041,0.26985,0.27806,0.28755,0.29575,0.30553,0.31388,0.32399,0.33251,0.34287,0.35311,0.36198,0.37227,0.38109,0.3913,0.39998,0.41,0.41847,0.42823,0.43644,0.44589,0.4538,0.46292,0.47052
0.059158,0.065848,0.10985,0.15761,0.19308,0.22054,0.24235,0.26112,0.27787,0.29492,0.31128,0.32934,0.34644,0.36546,0.38278,0.40182,0.41862,0.43691,0.45273,0.4699,0.48455,0.50047,0.51393,0.52858,0.54088,0.55429,0.56685,0.57768,0.58907,0.59884,0.6091,0.61784,0.62701,0.63478,0.64289,0.64975,0.65689,0.6629,0.66915,0.67441
0.092381,0.10476,0.16485,0.21337,0.24546,0.27178,0.2967,0.32329,0.35035,0.3795,0.40724,0.43596,0.46188,0.48813,0.51113,0.53424,0.55413,0.5741,0.59104,0.60801,0.62222,0.63637,0.64809,0.65964,0.66913,0.67841,0.68656,0.69341,0.6999,0.70535,0.71054,0.7149,0.71905,0.72256,0.72587,0.7287,0.73133,0.73359,0.73564,0.73744
0.13414,0.14555,0.19626,0.23938,0.2777,0.31806,0.35899,0.39932,0.43613,0.47075,0.50115,0.52994,0.55495,0.57891,0.59942,0.61902,0.63548,0.65098,0.66379,0.67569,0.68541,0.6944,0.70172,0.70848,0.71398,0.71901,0.72324,0.72684,0.72989,0.73252,0.7346,0.73644,0.7377,0.73888,0.73944,0.74004,0.74001,0.74009,0.73953,0.73915
0.1081,0.13058,0.22394,0.29878,0.35837,0.41282,0.46128,0.50425,0.54107,0.57389,0.6017,0.62651,0.64707,0.66513,0.67973,0.69231,0.70234,0.71088,0.71769,0.72339,0.72797,0.73162,0.7346,0.7367,0.73846,0.73931,0.73961,0.73989,0.73928,0.73877,0.73737,0.73616,0.73405,0.73218,0.72948,0.72703,0.72381,0.72083,0.71714,0.71367
0.17384,0.19017,0.26586,0.33058,0.38503,0.43624,0.4827,0.52492,0.56171,0.59489,0.62266,0.6471,0.66669,0.68347,0.69663,0.70782,0.7166,0.72401,0.72992,0.73477,0.73871,0.74168,0.74416,0.74566,0.74694,0.74721,0.74693,0.74662,0.74537,0.74415,0.74205,0.74001,0.73717,0.73438,0.73099,0.72756,0.72373,0.71979,0.71577,0.71149
0.17174,0.1963,0.29221,0.36812,0.42794,0.4821,0.5312,0.57537,0.61277,0.64401,0.66852,0.68803,0.70289,0.7146,0.72354,0.7304,0.73568,0.73932,0.74209,0.74342,0.74432,0.74382,0.74314,0.74108,0.73897,0.73551,0.73151,0.72729,0.72212,0.71662,0.7104,0.7037,0.69667,0.6889,0.6814,0.67281,0.66526,0.65625,0.64911,0.64019
0.19529,0.21505,0.31481,0.4107,0.48572,0.5476,0.59838,0.63992,0.6725,0.69786,0.71679,0.73114,0.74181,0.74977,0.75575,0.75978,0.76275,0.76403,0.76475,0.76387,0.76269,0.75993,0.75699,0.75256,0.74792,0.74198,0.73555,0.72846,0.72101,0.71259,0.70457,0.6952,0.68725,0.67757,0.67056,0.66145,0.65632,0.64888,0.64649,0.6418
0.21246,0.2348,0.34192,0.43348,0.50057,0.55539,0.60039,0.63702,0.66533,0.6871,0.70336,0.71561,0.72479,0.73127,0.73607,0.73875,0.74049,0.74045,0.73985,0.73778,0.73526,0.73162,0.72748,0.72267,0.71719,0.7117,0.70637,0.69984,0.69488,0.68847,0.68485,0.67954,0.67829,0.67525,0.67723,0.67757,0.6834,0.68794,0.69753,0.70645
0.25049,0.26754,0.36368,0.46521,0.54386,0.60564,0.65324,0.68872,0.71394,0.7315,0.7437,0.75183,0.75746,0.76044,0.76217,0.76181,0.76074,0.75794,0.75462,0.75006,0.74494,0.73921,0.73276,0.72671,0.71964,0.71435,0.71001,0.70447,0.70267,0.69967,0.70147,0.7022,0.70806,0.71314,0.72279,0.73208,0.74426,0.75682,0.77025,0.78479
0.26775,0.29281,0.43324,0.55091,0.62796,0.68698,0.73043,0.75982,0.7785,0.78956,0.79596,0.7989,0.79997,0.79925,0.79748,0.79439,0.79028,0.78505,0.77854,0.77127,0.76224,0.75341,0.74206,0.73247,0.71951,0.71054,0.70251,0.69088,0.68589,0.67739,0.67703,0.67373,0.6784,0.68132,0.6904,0.69924,0.71139,0.72493,0.73841,0.75505
0.23947,0.25856,0.35611,0.44965,0.52254,0.57894,0.61915,0.6465,0.66476,0.67692,0.68487,0.68909,0.69095,0.68962,0.68665,0.68049,0.67287,0.66197,0.64941,0.63382,0.61598,0.5962,0.57318,0.55047,0.5233,0.50003,0.47763,0.45061,0.43221,0.41033,0.39885,0.3868,0.38414,0.38515,0.39161,0.4067,0.41958,0.44697,0.46274,0.49855
0.31647,0.34533,0.46039,0.54591,0.60582,0.64861,0.67675,0.69414,0.70437,0.70913,0.71061,0.70847,0.70447,0.69739,0.68892,0.6778,0.66535,0.65132,0.63583,0.62075,0.60416,0.5908,0.57621,0.56775,0.55884,0.55773,0.55957,0.56412,0.57301,0.58631,0.60063,0.62097,0.63771,0.66229,0.67948,0.70567,0.72233,0.7483,0.76278,0.78701
0.2128,0.24513,0.38245,0.49482,0.57883,0.63907,0.67684,0.69811,0.70931,0.7136,0.71392,0.71061,0.70478,0.69602,0.68463,0.67074,0.65341,0.63491,0.61163,0.5899,0.56197,0.5399,0.51094,0.4928,0.4689,0.45846,0.44988,0.44542,0.44607,0.45765,0.46485,0.4906,0.50219,0.53752,0.55073,0.58947,0.60182,0.63733,0.65231,0.68202
0.1651,0.21178,0.38831,0.50306,0.57144,0.61537,0.64189,0.65717,0.66586,0.66978,0.67046,0.66794,0.66263,0.6545,0.6431,0.62953,0.61156,0.59322,0.56885,0.54787,0.51926,0.50006,0.47306,0.46228,0.44681,0.45012,0.45676,0.47441,0.49408,0.53325,0.5582,0.60906,0.63278,0.68352,0.70389,0.74682,0.75907,0.78745,0.79907,0.81239
0.26791,0.32028,0.52094,0.63736,0.68381,0.70472,0.71486,0.7196,0.72107,0.71945,0.71516,0.70793,0.69774,0.68552,0.66992,0.65496,0.63645,0.62331,0.60733,0.60216,0.59588,0.60297,0.61109,0.62929,0.65061,0.67466,0.69797,0.72818,0.75036,0.78052,0.79935,0.82651,0.84116,0.86378,0.8735,0.89016,0.89659,0.90677,0.91083,0.91409
0.23667,0.26481,0.4053,0.53801,0.62916,0.6858,0.71847,0.73625,0.74547,0.74839,0.74698,0.74159,0.73232,0.72097,0.70504,0.69066,0.67104,0.65891,0.64218,0.63937,0.63487,0.64522,0.65855,0.67969,0.70818,0.73236,0.75445,0.78738,0.80731,0.83635,0.84997,0.87056,0.88018,0.89048,0.90485,0.90995,0.91425,0.90935,0.9088,0.88785
0.23667,0.26481,0.4053,0.53801,0.62916,0.6858,0.71847,0.73625,0.74547,0.74839,0.74698,0.74159,0.73232,0.72097,0.70504,0.69066,0.67104,0.65891,0.64218,0.63937,0.63487,0.64522,0.65855,0.67969,0.70818,0.73236,0.75445,0.78738,0.80731,0.83635,0.84997,0.87056,0.88018,0.89048,0.90485,0.90995,0.91425,0.90935,0.9088,0.88785
0.30936,0.33007,0.45269,0.56857,0.63673,0.6753,0.69572,0.70449,0.70625,0.70205,0.69333,0.68005,0.66192,0.64147,0.61541,0.59217,0.56363,0.54475,0.52314,0.51464,0.50808,0.51113,0.52208,0.53209,0.5566,0.5691,0.58364,0.61341,0.6298,0.65851,0.67743,0.70344,0.71128,0.7234,0.73033,0.7247,0.73594,0.7079,0.71305,0.65684
0.3067,0.33807,0.49933,0.62669,0.69174,0.72568,0.7426,0.74916,0.74941,0.74457,0.73491,0.72168,0.70276,0.68314,0.65689,0.63621,0.6101,0.59829,0.58652,0.59195,0.60568,0.62667,0.66314,0.68834,0.7333,0.75571,0.77946,0.8141,0.83071,0.8505,0.8667,0.87161,0.8826,0.86937,0.88772,0.85788,0.89965,0.85852,0.89657,0.84174
0.32706,0.36801,0.54929,0.672,0.72438,0.74469,0.74932,0.74481,0.73396,0.71848,0.69811,0.67738,0.65335,0.63641,0.61978,0.61697,0.61835,0.63193,0.65172,0.67479,0.70553,0.72951,0.76323,0.78341,0.81432,0.83013,0.84569,0.86568,0.8755,0.88566,0.89173,0.88881,0.90211,0.88858,0.90505,0.88041,0.9098,0.88377,0.92044,0.89607
0.32706,0.36801,0.54929,0.672,0.72438,0.74469,0.74932,0.74481,0.73396,0.71848,0.69811,0.67738,0.65335,0.63641,0.61978,0.61697,0.61835,0.63193,0.65172,0.67479,0.70553,0.72951,0.76323,0.78341,0.81432,0.83013,0.84569,0.86568,0.8755,0.88566,0.89173,0.88881,0.90211,0.88858,0.90505,0.88041,0.9098,0.88377,0.92044,0.89607
0.37854,0.41613,0.56163,0.63361,0.65981,0.67079,0.6734,0.66854,0.65533,0.63428,0.60236,0.56649,0.51934,0.48024,0.43824,0.41732,0.41228,0.42179,0.46532,0.49425,0.56511,0.59712,0.66419,0.69338,0.73865,0.7642,0.78574,0.78366,0.81817,0.78341,0.84064,0.79375,0.89827,0.88064,0.88272,0.8367,0.75862,0.62627,0.74062,0.69842
0.37854,0.41613,0.56163,0.63361,0.65981,0.67079,0.6734,0.66854,0.65533,0.63428,0.60236,0.56649,0.51934,0.48024,0.43824,0.41732,0.41228,0.42179,0.46532,0.49425,0.56511,0.59712,0.66419,0.69338,0.73865,0.7642,0.78574,0.78366,0.81817,0.78341,0.84064,0.79375,0.89827,0.88064,0.88272,0.8367,0.75862,0.62627,0.74062,0.69842
0.37854,0.41613,0.56163,0.63361,0.65981,0.67079,0.6734,0.66854,0.65533,0.63428,0.60236,0.56649,0.51934,0.48024,0.43824,0.41732,0.41228,0.42179,0.46532,0.49425,0.56511,0.59712,0.66419,0.69338,0.73865,0.7642,0.78574,0.78366,0.81817,0.78341,0.84064,0.79375,0.89827,0.88064,0.88272,0.8367,0.75862,0.62627,0.74062,0.69842
0.53265,0.55428,0.62699,0.65667,0.65744,0.6473,0.62958,0.6025,0.56312,0.51006,0.43904,0.35576,0.25546,0.15015,0.042261,-0.075315,-0.17441,-0.30428,-0.39749,-0.52165,-0.60297,-0.64816,-0.59357,-0.65666,-0.45915,-0.77921,-0.59792,-0.31369,-0.14497,0.19406,-0.23157,-0.0012511,0.2741,0.50457,0.8997,0.91105,0.78182,0.75676,-0.010314,-0.034281
0.3652,0.41343,0.58269,0.68275,0.7283,0.7519,0.76386,0.76714,0.7617,0.75036,0.72938,0.70735,0.67569,0.64875,0.62166,0.59512,0.5933,0.5619,0.58419,0.55506,0.57403,0.65941,0.72252,0.69087,0.71388,0.45033,0.74449,0.78931,0.84952,0.86383,0.73893,0.74218,0.63021,0.64515,0.84959,0.85384,0.79994,0.79771,0.21705,0.23005
0.3652,0.41343,0.58269,0.68275,0.7283,0.7519,0.76386,0.76714,0.7617,0.75036,0.72938,0.70735,0.67569,0.64875,0.62166,0.59512,0.5933,0.5619,0.58419,0.55506,0.57403,0.65941,0.72252,0.69087,0.71388,0.45033,0.74449,0.78931,0.84952,0.86383,0.73893,0.74218,0.63021,0.64515,0.84959,0.85384,0.79994,0.79771,0.21705,0.23005
0.3652,0.41343,0.58269,0.68275,0.7283,0.7519,0.76386,0.76714,0.7617,0.75036,0.72938,0.70735,0.67569,0.64875,0.62166,0.59512,0.5933,0.5619,0.58419,0.55506,0.57403,0.65941,0.72252,0.69087,0.71388,0.45033,0.74449,0.78931,0.84952,0.86383,0.73893,0.74218,0.63021,0.64515,0.84959,0.85384,0.79994,0.79771,0.21705,0.23005
0.3652,0.41343,0.58269,0.68275,0.7283,0.7519,0.76386,0.76714,0.7617,0.75036,0.72938,0.70735,0.67569,0.64875,0.62166,0.59512,0.5933,0.5619,0.58419,0.55506,0.57403,0.65941,0.72252,0.69087,0.71388,0.45033,0.74449,0.78931,0.84952,0.86383,0.73893,0.74218,0.63021,0.64515,0.84959,0.85384,0.79994,0.79771,0.21705,0.23005
0.39765,0.44324,0.61225,0.70097,0.73158,0.73755,0.73219,0.7238,0.71807,0.71819,0.72451,0.73475,0.74899,0.76411,0.7825,0.7997,0.82081,0.83565,0.85385,0.86232,0.86493,0.88251,0.87478,0.87193,0.82314,0.84617,0.9384,0.91516,0.83747,0.77683,0.74812,0.69839,0.4929,0.37858,0.75636,0.76488,0.66148,0.65546,0.4143,0.43862
0.39765,0.44324,0.61225,0.70097,0.73158,0.73755,0.73219,0.7238,0.71807,0.71819,0.72451,0.73475,0.74899,0.76411,0.7825,0.7997,0.82081,0.83565,0.85385,0.86232,0.86493,0.88251,0.87478,0.87193,0.82314,0.84617,0.9384,0.91516,0.83747,0.77683,0.74812,0.69839,0.4929,0.37858,0.75636,0.76488,0.66148,0.65546,0.4143,0.43862
0.39765,0.44324,0.61225,0.70097,0.73158,0.73755,0.73219,0.7238,0.71807,0.71819,0.72451,0.73475,0.74899,0.76411,0.7825,0.7997,0.82081,0.83565,0.85385,0.86232,0.86493,0.88251,0.87478,0.87193,0.82314,0.84617,0.9384,0.91516,0.83747,0.77683,0.74812,0.69839,0.4929,0.37858,0.75636,0.76488,0.66148,0.65546,0.4143,0.43862
0.45088,0.47498,0.58388,0.64332,0.655,0.64256,0.61911,0.59873,0.5933,0.61359,0.66278,0.72328,0.79374,0.84799,0.89528,0.92728,0.94874,0.96323,0.96411,0.97484,0.95854,0.99133,0.98579,0.96265,0.9007,0.89486,0.95471,0.88915,0.86148,0.80739,0.70635,0.63766,0.2967,0.081727,0.66723,0.67689,0.66509,0.65898,0.31224,0.33794
0.45088,0.47498,0.58388,0.64332,0.655,0.64256,0.61911,0.59873,0.5933,0.61359,0.66278,0.72328,0.79374,0.84799,0.89528,0.92728,0.94874,0.96323,0.96411,0.97484,0.95854,0.99133,0.98579,0.96265,0.9007,0.89486,0.95471,0.88915,0.86148,0.80739,0.70635,0.63766,0.2967,0.081727,0.66723,0.67689,0.66509,0.65898,0.31224,0.33794
0.45088,0.47498,0.58388,0.64332,0.655,0.64256,0.61911,0.59873,0.5933,0.61359,0.66278,0.72328,0.79374,0.84799,0.89528,0.92728,0.94874,0.96323,0.96411,0.97484,0.95854,0.99133,0.98579,0.96265,0.9007,0.89486,0.95471,0.88915,0.86148,0.80739,0.70635,0.63766,0.2967,0.081727,0.66723,0.67689,0.66509,0.65898,0.31224,0.33794
0.44947,0.48263,0.57649,0.60791,0.5875,0.51879,0.39511,0.22537,0.017754,-0.18202,-0.34173,-0.48999,-0.56727,-0.65242,-0.67492,-0.67565,-0.57141,-0.69898,-0.67904,-0.24979,0.17062,-0.19783,0.12503,0.48291,0.62232,0.58174,-0.12102,-0.066029,0.93358,0.93439,0.23115,0.17175,0.60646,0.60611,0.61548,0.61418,0.52255,0.53888,0.80247,0.79733
0.44947,0.48263,0.57649,0.60791,0.5875,0.51879,0.39511,0.22537,0.017754,-0.18202,-0.34173,-0.48999,-0.56727,-0.65242,-0.67492,-0.67565,-0.57141,-0.69898,-0.67904,-0.24979,0.17062,-0.19783,0.12503,0.48291,0.62232,0.58174,-0.12102,-0.066029,0.93358,0.93439,0.23115,0.17175,0.60646,0.60611,0.61548,0.61418,0.52255,0.53888,0.80247,0.79733
0.44947,0.48263,0.57649,0.60791,0.5875,0.51879,0.39511,0.22537,0.017754,-0.18202,-0.34173,-0.48999,-0.56727,-0.65242,-0.67492,-0.67565,-0.57141,-0.69898,-0.67904,-0.24979,0.17062,-0.19783,0.12503,0.48291,0.62232,0.58174,-0.12102,-0.066029,0.93358,0.93439,0.23115,0.17175,0.60646,0.60611,0.61548,0.61418,0.52255,0.53888,0.80247,0.79733
0.44947,0.48263,0.57649,0.60791,0.5875,0.51879,0.39511,0.22537,0.017754,-0.18202,-0.34173,-0.48999,-0.56727,-0.65242,-0.67492,-0.67565,-0.57141,-0.69898,-0.67904,-0.24979,0.17062,-0.19783,0.12503,0.48291,0.62232,0.58174,-0.12102,-0.066029,0.93358,0.93439,0.23115,0.17175,0.60646,0.60611,0.61548,0.61418,0.52255,0.53888,0.80247,0.79733
