-0.00043475,-0.0005931,-0.0016223,-0.0030601,-0.00473,-0.006728,-0.0089206,-0.011107,-0.013007,-0.014467,-0.015439,-0.015697,-0.015486,-0.014266,-0.012708,-0.0098338,-0.0068521,-0.0023216,0.0020184,0.0080345,0.013553,0.020807,0.027282,0.035543,0.042774,0.051847,0.061103,0.06937,0.079178,0.087805,0.098008,0.10687,0.11731,0.12628,0.13684,0.14582,0.15636,0.16527,0.17568,0.18445
-0.0014534,-0.0020215,-0.0058955,-0.010473,-0.013327,-0.014595,-0.014028,-0.010365,-0.0039188,0.0063454,0.018336,0.0335,0.048951,0.067121,0.084433,0.10423,0.12227,0.14257,0.16053,0.1805,0.19782,0.21694,0.23332,0.25138,0.26672,0.28367,0.29979,0.31387,0.32899,0.34211,0.35629,0.36852,0.38178,0.39316,0.4055,0.41605,0.42745,0.43718,0.44763,0.45654
-0.0032092,-0.0044549,-0.01134,-0.015055,-0.012559,-0.0036832,0.010984,0.031078,0.054115,0.081035,0.10826,0.13825,0.1664,0.19622,0.22294,0.25059,0.27475,0.29959,0.32101,0.34314,0.36207,0.38178,0.39852,0.41601,0.43076,0.44613,0.46018,0.47235,0.48447,0.49496,0.50533,0.51433,0.52321,0.53094,0.53861,0.54533,0.55203,0.55794,0.56391,0.5692
-0.0056934,-0.0072738,-0.0054103,0.0089584,0.031814,0.061552,0.095207,0.1318,0.16819,0.20536,0.23969,0.27339,0.30328,0.33243,0.35788,0.38301,0.40474,0.42639,0.4449,0.4632,0.47872,0.49383,0.50659,0.51887,0.52928,0.53934,0.54839,0.5564,0.56415,0.57107,0.57795,0.58416,0.59037,0.59609,0.6017,0.60701,0.61188,0.61672,0.62073,0.62498
-0.009007,-0.011223,-0.0070702,0.0095175,0.038196,0.081782,0.13362,0.18825,0.23903,0.28616,0.32685,0.36416,0.39602,0.42579,0.45106,0.47473,0.49462,0.51298,0.52835,0.54247,0.55436,0.56549,0.57501,0.58421,0.59224,0.60017,0.60738,0.6141,0.62014,0.62601,0.63067,0.6355,0.63846,0.64194,0.64288,0.64465,0.64336,0.64309,0.63932,0.63669
-0.011923,-0.011085,0.0045786,0.049436,0.10404,0.15647,0.20416,0.24816,0.28763,0.32451,0.35721,0.38808,0.41491,0.4401,0.46161,0.48178,0.49895,0.51543,0.52965,0.54379,0.55624,0.56883,0.58019,0.59133,0.60173,0.61099,0.61893,0.62704,0.63242,0.63836,0.64085,0.64411,0.64328,0.64336,0.63908,0.63558,0.62778,0.62042,0.60925,0.59792
-0.016479,-0.01132,0.022941,0.072958,0.12745,0.18343,0.23695,0.28742,0.33323,0.37637,0.41465,0.45028,0.48093,0.50853,0.53185,0.55251,0.57013,0.58598,0.59987,0.61245,0.62389,0.63353,0.64273,0.64919,0.65576,0.65856,0.65943,0.66062,0.65753,0.65471,0.6477,0.64064,0.62992,0.61862,0.60493,0.58982,0.57378,0.55548,0.53747,0.51653
-0.020541,-0.008389,0.051866,0.12575,0.20247,0.27447,0.33572,0.38727,0.43004,0.46676,0.49695,0.52271,0.54394,0.56279,0.57899,0.5943,0.60808,0.62086,0.63282,0.64243,0.65179,0.65709,0.66263,0.66272,0.66329,0.65771,0.64985,0.64128,0.62828,0.6138,0.59646,0.57662,0.55563,0.53112,0.50818,0.48012,0.45606,0.42549,0.4012,0.369
0.030119,0.03245,0.084349,0.18585,0.28232,0.36227,0.42601,0.47777,0.51916,0.55206,0.57756,0.59727,0.61297,0.62608,0.63744,0.64718,0.65614,0.66225,0.66802,0.66895,0.6698,0.66423,0.65857,0.64596,0.6328,0.61346,0.59201,0.56744,0.54044,0.50895,0.47775,0.44012,0.40552,0.36245,0.3253,0.27752,0.23836,0.1865,0.14697,0.092307
-0.036306,-0.030359,0.074495,0.20927,0.30847,0.38636,0.44819,0.49799,0.53693,0.56705,0.59024,0.60872,0.624,0.63714,0.64885,0.65784,0.66603,0.66932,0.67203,0.66779,0.66285,0.64994,0.63571,0.61399,0.58972,0.56006,0.52781,0.48957,0.4515,0.40539,0.3632,0.31091,0.26606,0.2094,0.16398,0.10516,0.06113,0.0026138,-0.039416,-0.095711
-0.044554,-0.019644,0.10336,0.22424,0.31956,0.39753,0.46137,0.51332,0.55455,0.58741,0.61386,0.63602,0.65489,0.67023,0.68353,0.69179,0.69856,0.69896,0.69818,0.69098,0.68262,0.6693,0.65451,0.63733,0.61812,0.59884,0.57968,0.55751,0.53817,0.51518,0.49551,0.47151,0.45166,0.42631,0.40561,0.37842,0.35622,0.32669,0.30191,0.26931
-0.038606,-0.02299,0.072993,0.17164,0.25232,0.32466,0.3861,0.43597,0.47542,0.50684,0.53259,0.55349,0.57163,0.5845,0.59546,0.59895,0.60042,0.59331,0.58338,0.56633,0.54527,0.52137,0.49216,0.46546,0.43232,0.40747,0.38421,0.35452,0.33539,0.30993,0.29558,0.27496,0.26397,0.24741,0.23668,0.22185,0.21234,0.19849,0.18959,0.17688
-0.00083594,0.030897,0.1839,0.31413,0.39997,0.45988,0.50251,0.53383,0.55743,0.57617,0.59121,0.60168,0.60914,0.60896,0.60513,0.59144,0.57276,0.54502,0.51037,0.47132,0.42317,0.37726,0.3202,0.27211,0.21095,0.16356,0.11571,0.057181,0.010775,-0.044621,-0.091178,-0.14326,-0.18998,-0.23821,-0.2848,-0.32799,-0.38019,-0.42132,-0.47627,-0.51882
-4.4763e-05,0.014105,0.11199,0.22111,0.30929,0.38553,0.45131,0.50776,0.55554,0.59547,0.6296,0.65555,0.67709,0.6894,0.69786,0.69847,0.69588,0.6899,0.68186,0.67545,0.66819,0.66591,0.6633,0.66543,0.66733,0.67217,0.67749,0.68219,0.68787,0.69197,0.70012,0.70429,0.71371,0.71814,0.72785,0.73158,0.7478,0.75407,0.76492,0.76897
-0.010043,0.018222,0.14841,0.25439,0.33193,0.39662,0.45327,0.5069,0.55792,0.60446,0.64605,0.67667,0.70111,0.71264,0.71904,0.7159,0.70949,0.69945,0.68786,0.67835,0.66861,0.6641,0.66077,0.66312,0.66798,0.67544,0.685,0.69691,0.71106,0.72415,0.74221,0.75348,0.77991,0.79024,0.81673,0.82247,0.85718,0.86181,0.88432,0.88002
0.031896,0.078433,0.25531,0.37537,0.45244,0.50635,0.5451,0.57613,0.60254,0.62317,0.63865,0.64307,0.64074,0.62507,0.60192,0.56808,0.5261,0.47938,0.42315,0.36907,0.30311,0.2454,0.17328,0.1152,0.041073,-0.017801,-0.079978,-0.15099,-0.21254,-0.27971,-0.343,-0.4067,-0.46696,-0.52762,-0.56583,-0.61177,-0.62573,-0.64093,-0.64396,-0.6185
0.052075,0.076498,0.2075,0.33385,0.42769,0.50076,0.55983,0.6103,0.65404,0.6875,0.71285,0.72446,0.72789,0.72122,0.70793,0.69213,0.6712,0.65431,0.63266,0.61809,0.59825,0.58505,0.56581,0.55219,0.53124,0.51899,0.50651,0.48646,0.47451,0.45334,0.45145,0.43568,0.43418,0.42108,0.41588,0.40061,0.39573,0.38466,0.373,0.36148
0.052075,0.076498,0.2075,0.33385,0.42769,0.50076,0.55983,0.6103,0.65404,0.6875,0.71285,0.72446,0.72789,0.72122,0.70793,0.69213,0.6712,0.65431,0.63266,0.61809,0.59825,0.58505,0.56581,0.55219,0.53124,0.51899,0.50651,0.48646,0.47451,0.45334,0.45145,0.43568,0.43418,0.42108,0.41588,0.40061,0.39573,0.38466,0.373,0.36148
0.018161,0.066869,0.26488,0.40585,0.49618,0.56036,0.60636,0.63919,0.66285,0.67561,0.68059,0.67533,0.66319,0.64632,0.62486,0.60605,0.58449,0.5693,0.55118,0.53863,0.52191,0.50893,0.4903,0.47549,0.45309,0.4378,0.42072,0.39422,0.38166,0.35568,0.34531,0.32382,0.31681,0.30564,0.29867,0.30123,0.28463,0.29796,0.27282,0.29583
0.2368,0.25739,0.37121,0.47962,0.55826,0.61623,0.65982,0.69092,0.71134,0.7173,0.71301,0.69643,0.67171,0.6414,0.60505,0.57014,0.52991,0.49583,0.45563,0.42321,0.38261,0.35148,0.30954,0.2793,0.23702,0.2083,0.17846,0.14011,0.11953,0.093884,0.078053,0.077923,0.061021,0.088292,0.059195,0.10719,-0.0092177,0.030626,0.0028571,0.06017
0.17891,0.21393,0.38843,0.52913,0.61492,0.6685,0.70223,0.72118,0.72919,0.72288,0.70519,0.67566,0.63532,0.5909,0.53659,0.48547,0.42348,0.36831,0.30024,0.23883,0.16244,0.095861,0.012327,-0.062177,-0.15446,-0.21873,-0.26831,-0.33184,-0.36541,-0.37917,-0.42307,-0.38515,-0.4939,-0.44349,-0.4319,-0.27702,-0.30866,-0.098615,-0.21689,0.007676
0.17891,0.21393,0.38843,0.52913,0.61492,0.6685,0.70223,0.72118,0.72919,0.72288,0.70519,0.67566,0.63532,0.5909,0.53659,0.48547,0.42348,0.36831,0.30024,0.23883,0.16244,0.095861,0.012327,-0.062177,-0.15446,-0.21873,-0.26831,-0.33184,-0.36541,-0.37917,-0.42307,-0.38515,-0.4939,-0.44349,-0.4319,-0.27702,-0.30866,-0.098615,-0.21689,0.007676
-0.00065329,0.061124,0.3147,0.47358,0.55783,0.61484,0.65399,0.67414,0.67781,0.66589,0.64282,0.61664,0.58713,0.56433,0.54084,0.52417,0.50421,0.48922,0.46686,0.45414,0.4297,0.4225,0.40061,0.40175,0.38762,0.37608,0.37355,0.36114,0.37129,0.3672,0.31525,0.2986,0.26933,0.29599,0.28377,0.3179,0.24482,0.24256,0.41219,0.48073
-0.00065329,0.061124,0.3147,0.47358,0.55783,0.61484,0.65399,0.67414,0.67781,0.66589,0.64282,0.61664,0.58713,0.56433,0.54084,0.52417,0.50421,0.48922,0.46686,0.45414,0.4297,0.4225,0.40061,0.40175,0.38762,0.37608,0.37355,0.36114,0.37129,0.3672,0.31525,0.2986,0.26933,0.29599,0.28377,0.3179,0.24482,0.24256,0.41219,0.48073
-0.00065329,0.061124,0.3147,0.47358,0.55783,0.61484,0.65399,0.67414,0.67781,0.66589,0.64282,0.61664,0.58713,0.56433,0.54084,0.52417,0.50421,0.48922,0.46686,0.45414,0.4297,0.4225,0.40061,0.40175,0.38762,0.37608,0.37355,0.36114,0.37129,0.3672,0.31525,0.2986,0.26933,0.29599,0.28377,0.3179,0.24482,0.24256,0.41219,0.48073
0.28853,0.30216,0.39002,0.47606,0.53685,0.58259,0.61538,0.63514,0.6459,0.65276,0.6605,0.67363,0.69048,0.70855,0.72396,0.73841,0.7456,0.75652,0.75788,0.7667,0.76537,0.76672,0.75237,0.7573,0.72607,0.75986,0.74994,0.71026,0.69558,0.64536,0.6311,0.5366,0.57506,0.50995,0.49139,0.495,0.49479,0.5133,0.51227,0.53724
0.18605,0.20962,0.32081,0.41359,0.4829,0.54189,0.5847,0.60011,0.58909,0.56418,0.53513,0.52203,0.52202,0.53904,0.56786,0.60338,0.63971,0.68943,0.72555,0.77767,0.80349,0.80674,0.75864,0.78513,0.68894,0.78818,0.78971,0.65274,0.6583,0.55787,0.60797,0.49941,0.56776,0.50982,0.45256,0.45942,0.44888,0.45682,0.25996,0.24704
0.18605,0.20962,0.32081,0.41359,0.4829,0.54189,0.5847,0.60011,0.58909,0.56418,0.53513,0.52203,0.52202,0.53904,0.56786,0.60338,0.63971,0.68943,0.72555,0.77767,0.80349,0.80674,0.75864,0.78513,0.68894,0.78818,0.78971,0.65274,0.6583,0.55787,0.60797,0.49941,0.56776,0.50982,0.45256,0.45942,0.44888,0.45682,0.25996,0.24704
0.18605,0.20962,0.32081,0.41359,0.4829,0.54189,0.5847,0.60011,0.58909,0.56418,0.53513,0.52203,0.52202,0.53904,0.56786,0.60338,0.63971,0.68943,0.72555,0.77767,0.80349,0.80674,0.75864,0.78513,0.68894,0.78818,0.78971,0.65274,0.6583,0.55787,0.60797,0.49941,0.56776,0.50982,0.45256,0.45942,0.44888,0.45682,0.25996,0.24704
0.18605,0.20962,0.32081,0.41359,0.4829,0.54189,0.5847,0.60011,0.58909,0.56418,0.53513,0.52203,0.52202,0.53904,0.56786,0.60338,0.63971,0.68943,0.72555,0.77767,0.80349,0.80674,0.75864,0.78513,0.68894,0.78818,0.78971,0.65274,0.6583,0.55787,0.60797,0.49941,0.56776,0.50982,0.45256,0.45942,0.44888,0.45682,0.25996,0.24704
0.29062,0.30875,0.41073,0.48723,0.52337,0.53816,0.52792,0.48169,0.38902,0.26995,0.13164,0.017606,-0.08477,-0.17232,-0.25181,-0.32819,-0.40576,-0.45977,-0.51581,-0.54324,-0.52735,-0.61047,-0.56208,-0.52612,-0.28347,-0.35852,-0.75554,-0.63418,-0.19406,0.069123,0.20537,0.41045,0.081372,0.17762,0.4829,0.49372,0.5171,0.49589,0.12342,0.11771
0.29062,0.30875,0.41073,0.48723,0.52337,0.53816,0.52792,0.48169,0.38902,0.26995,0.13164,0.017606,-0.08477,-0.17232,-0.25181,-0.32819,-0.40576,-0.45977,-0.51581,-0.54324,-0.52735,-0.61047,-0.56208,-0.52612,-0.28347,-0.35852,-0.75554,-0.63418,-0.19406,0.069123,0.20537,0.41045,0.081372,0.17762,0.4829,0.49372,0.5171,0.49589,0.12342,0.11771
0.29062,0.30875,0.41073,0.48723,0.52337,0.53816,0.52792,0.48169,0.38902,0.26995,0.13164,0.017606,-0.08477,-0.17232,-0.25181,-0.32819,-0.40576,-0.45977,-0.51581,-0.54324,-0.52735,-0.61047,-0.56208,-0.52612,-0.28347,-0.35852,-0.75554,-0.63418,-0.19406,0.069123,0.20537,0.41045,0.081372,0.17762,0.4829,0.49372,0.5171,0.49589,0.12342,0.11771
0.30987,0.33907,0.47592,0.57297,0.61325,0.60457,0.54966,0.45636,0.32023,0.15655,-0.050241,-0.24593,-0.43943,-0.5936,-0.70909,-0.80686,-0.86122,-0.89995,-0.89082,-0.91461,-0.8323,-0.96219,-0.91758,-0.80806,-0.50727,-0.53529,-0.80776,-0.59105,-0.22433,0.11679,0.17498,0.36425,0.22535,0.36452,0.70931,0.71964,0.74736,0.7241,0.37147,0.35264
0.30987,0.33907,0.47592,0.57297,0.61325,0.60457,0.54966,0.45636,0.32023,0.15655,-0.050241,-0.24593,-0.43943,-0.5936,-0.70909,-0.80686,-0.86122,-0.89995,-0.89082,-0.91461,-0.8323,-0.96219,-0.91758,-0.80806,-0.50727,-0.53529,-0.80776,-0.59105,-0.22433,0.11679,0.17498,0.36425,0.22535,0.36452,0.70931,0.71964,0.74736,0.7241,0.37147,0.35264
0.30987,0.33907,0.47592,0.57297,0.61325,0.60457,0.54966,0.45636,0.32023,0.15655,-0.050241,-0.24593,-0.43943,-0.5936,-0.70909,-0.80686,-0.86122,-0.89995,-0.89082,-0.91461,-0.8323,-0.96219,-0.91758,-0.80806,-0.50727,-0.53529,-0.80776,-0.59105,-0.22433,0.11679,0.17498,0.36425,0.22535,0.36452,0.70931,0.71964,0.74736,0.7241,0.37147,0.35264
0.54656,0.57518,0.67345,0.72833,0.73653,0.72185,0.70457,0.70573,0.73524,0.78745,0.84412,0.90072,0.93558,0.96737,0.97932,0.98128,0.95595,0.98961,0.97429,0.9059,0.79672,0.88731,0.77069,0.76494,0.7394,0.7298,0.79385,0.78468,0.86727,0.86957,0.52866,0.53475,0.78331,0.78082,0.75676,0.75649,0.77757,0.77697,0.82381,0.82197
0.54656,0.57518,0.67345,0.72833,0.73653,0.72185,0.70457,0.70573,0.73524,0.78745,0.84412,0.90072,0.93558,0.96737,0.97932,0.98128,0.95595,0.98961,0.97429,0.9059,0.79672,0.88731,0.77069,0.76494,0.7394,0.7298,0.79385,0.78468,0.86727,0.86957,0.52866,0.53475,0.78331,0.78082,0.75676,0.75649,0.77757,0.77697,0.82381,0.82197
0.54656,0.57518,0.67345,0.72833,0.73653,0.72185,0.70457,0.70573,0.73524,0.78745,0.84412,0.90072,0.93558,0.96737,0.97932,0.98128,0.95595,0.98961,0.97429,0.9059,0.79672,0.88731,0.77069,0.76494,0.7394,0.7298,0.79385,0.78468,0.86727,0.86957,0.52866,0.53475,0.78331,0.78082,0.75676,0.75649,0.77757,0.77697,0.82381,0.82197
0.54656,0.57518,0.67345,0.72833,0.73653,0.72185,0.70457,0.70573,0.73524,0.78745,0.84412,0.90072,0.93558,0.96737,0.97932,0.98128,0.95595,0.98961,0.97429,0.9059,0.79672,0.88731,0.77069,0.76494,0.7394,0.7298,0.79385,0.78468,0.86727,0.86957,0.52866,0.53475,0.78331,0.78082,0.75676,0.75649,0.77757,0.77697,0.82381,0.82197
