0.03191,0.033895,0.055746,0.078891,0.094597,0.10741,0.11819,0.12697,0.1339,0.13923,0.14336,0.14649,0.14902,0.15106,0.1529,0.15462,0.15636,0.15823,0.16016,0.16234,0.16452,0.16696,0.1693,0.17181,0.17416,0.17653,0.17872,0.18078,0.18257,0.18426,0.18556,0.18681,0.18755,0.18833,0.18852,0.18882,0.18848,0.18834,0.18751,0.18697
0.023081,0.025742,0.049735,0.075893,0.093002,0.10522,0.11481,0.12314,0.13099,0.13873,0.14617,0.15324,0.1596,0.16494,0.16936,0.17226,0.17439,0.17479,0.17478,0.17301,0.17127,0.16787,0.16488,0.16035,0.15654,0.15126,0.14583,0.14118,0.13537,0.13047,0.12444,0.1194,0.11328,0.10817,0.10208,0.096989,0.091022,0.086002,0.08023,0.075329
0.12515,0.12752,0.13557,0.14285,0.15113,0.16039,0.16958,0.17732,0.18304,0.18552,0.18571,0.18251,0.17807,0.17086,0.16364,0.15428,0.14575,0.13544,0.12646,0.11582,0.10677,0.09619,0.087285,0.077076,0.068493,0.058886,0.049798,0.041766,0.033158,0.025546,0.017127,0.0097456,0.001175,-0.0062209,-0.0153,-0.022966,-0.032851,-0.041021,-0.051969,-0.060851
0.16845,0.16891,0.16551,0.1604,0.1622,0.16939,0.17721,0.18158,0.18224,0.17847,0.17267,0.16388,0.15487,0.14353,0.13296,0.1203,0.10895,0.095952,0.084513,0.071986,0.060999,0.049084,0.038648,0.026828,0.016601,0.0040746,-0.0090593,-0.02048,-0.035331,-0.047982,-0.064952,-0.079244,-0.098444,-0.11464,-0.13598,-0.15418,-0.17741,-0.19758,-0.22247,-0.2445
0.16477,0.16157,0.15657,0.16219,0.16789,0.16951,0.16654,0.15932,0.15015,0.13908,0.12821,0.11621,0.10513,0.093195,0.08236,0.070895,0.060438,0.048885,0.038284,0.02525,0.013468,-0.0024615,-0.016469,-0.036382,-0.053489,-0.077679,-0.1033,-0.12657,-0.15576,-0.18255,-0.21467,-0.2446,-0.27868,-0.31112,-0.3462,-0.38038,-0.4154,-0.45044,-0.4844,-0.51938
0.15525,0.14981,0.13959,0.14642,0.15036,0.14503,0.13248,0.11495,0.09605,0.075924,0.057148,0.038535,0.021862,0.0058326,-0.008598,-0.023062,-0.036452,-0.051618,-0.065769,-0.083822,-0.1004,-0.12267,-0.14289,-0.16968,-0.19411,-0.22514,-0.25712,-0.28833,-0.32304,-0.35763,-0.39395,-0.43104,-0.46769,-0.50619,-0.54185,-0.58053,-0.61405,-0.65166,-0.68191,-0.71718
0.16331,0.16202,0.18156,0.20571,0.20545,0.18931,0.16599,0.13936,0.11288,0.085972,0.060963,0.03638,0.013945,-0.0093267,-0.030761,-0.055822,-0.078944,-0.10859,-0.13582,-0.17108,-0.20367,-0.24418,-0.28219,-0.32644,-0.36889,-0.4146,-0.45889,-0.50445,-0.54686,-0.59159,-0.62999,-0.67179,-0.7047,-0.74183,-0.76844,-0.79976,-0.82037,-0.84562,-0.86076,-0.88029
0.021213,0.035097,0.10072,0.13594,0.13704,0.12498,0.10873,0.091279,0.074464,0.058412,0.043262,0.028081,0.012862,-0.0053149,-0.023908,-0.048454,-0.07297,-0.10493,-0.13642,-0.17515,-0.21342,-0.25706,-0.30099,-0.34704,-0.39478,-0.44063,-0.48465,-0.53305,-0.57352,-0.61946,-0.65444,-0.69558,-0.72418,-0.75898,-0.78112,-0.80905,-0.8243,-0.84515,-0.85602,-0.8708
0.14221,0.1381,0.12402,0.10815,0.087593,0.066983,0.0501,0.038145,0.029692,0.022946,0.015824,0.0048074,-0.0083827,-0.029509,-0.052369,-0.084764,-0.11814,-0.16053,-0.20388,-0.25361,-0.30524,-0.35903,-0.41643,-0.47053,-0.53038,-0.58096,-0.62835,-0.68276,-0.72259,-0.76948,-0.80019,-0.83735,-0.85838,-0.88499,-0.89906,-0.91646,-0.9259,-0.93605,-0.94342,-0.94837
0.14049,0.14594,0.17299,0.17689,0.15789,0.13064,0.10166,0.0735,0.047088,0.019939,-0.0073187,-0.040463,-0.074638,-0.11763,-0.16153,-0.21376,-0.26698,-0.3248,-0.38445,-0.44285,-0.50451,-0.55844,-0.61716,-0.66231,-0.71342,-0.74779,-0.77811,-0.81234,-0.83283,-0.85672,-0.8705,-0.88607,-0.89634,-0.90617,-0.91475,-0.92069,-0.92838,-0.93128,-0.94013,-0.94127
0.031484,0.042706,0.063988,0.048191,0.018723,-0.0090073,-0.030671,-0.046168,-0.058963,-0.07254,-0.088121,-0.11028,-0.1357,-0.16963,-0.20676,-0.25085,-0.29866,-0.34919,-0.40515,-0.45776,-0.51825,-0.56824,-0.62823,-0.67109,-0.72476,-0.75734,-0.78646,-0.82089,-0.84141,-0.86389,-0.87882,-0.89158,-0.90451,-0.91021,-0.92289,-0.9234,-0.94163,-0.94162,-0.95929,-0.9603
0.14056,0.12685,0.091786,0.065696,0.035572,0.0064997,-0.018897,-0.039869,-0.059268,-0.081981,-0.10869,-0.14609,-0.18893,-0.24307,-0.30231,-0.36761,-0.43829,-0.50652,-0.5811,-0.64376,-0.71336,-0.7634,-0.81992,-0.85406,-0.89356,-0.91272,-0.92996,-0.94626,-0.95707,-0.96421,-0.97221,-0.97376,-0.98167,-0.98048,-0.99012,-0.98927,-0.99354,-0.99132,-0.99391,-0.98971
0.040474,0.052726,0.081383,0.08455,0.079712,0.070084,0.056801,0.04146,0.022619,-0.0031327,-0.035887,-0.080461,-0.13297,-0.1954,-0.26565,-0.33771,-0.41813,-0.48897,-0.56883,-0.62826,-0.69638,-0.73871,-0.78827,-0.81309,-0.84296,-0.85807,-0.87437,-0.88498,-0.89834,-0.90192,-0.91759,-0.91882,-0.93793,-0.94164,-0.94748,-0.94636,-0.94643,-0.93509,-0.93606,-0.91146
0.10177,0.098826,0.078119,0.050618,0.022617,-0.0039885,-0.029314,-0.058111,-0.090266,-0.13029,-0.17346,-0.22204,-0.27275,-0.32309,-0.37563,-0.42084,-0.46902,-0.50419,-0.54309,-0.56714,-0.59538,-0.61084,-0.63039,-0.64349,-0.6591,-0.67358,-0.69071,-0.70571,-0.72874,-0.74792,-0.76458,-0.78089,-0.79379,-0.80075,-0.80526,-0.79191,-0.792,-0.75062,-0.78751,-0.73519
0.18242,0.17847,0.14103,0.091516,0.040222,-0.011759,-0.062026,-0.11475,-0.17012,-0.23378,-0.30197,-0.37464,-0.45015,-0.51925,-0.58896,-0.64152,-0.69364,-0.72524,-0.75666,-0.7719,-0.78709,-0.79515,-0.80143,-0.80843,-0.81133,-0.82015,-0.82942,-0.83498,-0.84204,-0.84797,-0.85117,-0.85207,-0.85361,-0.84337,-0.85386,-0.83479,-0.86483,-0.8485,-0.84213,-0.8023
0.16415,0.15196,0.091903,0.044831,0.011686,-0.014551,-0.038894,-0.068612,-0.10657,-0.15723,-0.21807,-0.28825,-0.36828,-0.44726,-0.53627,-0.61076,-0.69415,-0.75162,-0.81472,-0.8499,-0.88653,-0.90727,-0.92298,-0.93871,-0.94113,-0.96013,-0.9762,-0.97766,-0.98474,-0.98169,-0.9828,-0.97085,-0.9676,-0.93941,-0.95065,-0.91076,-0.96032,-0.92952,-0.9165,-0.8486
0.093932,0.089015,0.043133,0.0046728,-0.018011,-0.041265,-0.070518,-0.10933,-0.15845,-0.21811,-0.28813,-0.36099,-0.44301,-0.51435,-0.59214,-0.6466,-0.7029,-0.73388,-0.7623,-0.77977,-0.78913,-0.80287,-0.80107,-0.82478,-0.82523,-0.84276,-0.84996,-0.84243,-0.84455,-0.81186,-0.82562,-0.76906,-0.84716,-0.80203,-0.74363,-0.63608,-0.59178,-0.45253,-0.432,-0.28804
0.10826,0.098702,0.071316,0.070396,0.078619,0.081637,0.072202,0.046958,0.0076646,-0.044018,-0.10687,-0.17395,-0.25304,-0.32752,-0.4176,-0.49196,-0.58219,-0.64453,-0.71319,-0.76307,-0.79957,-0.84537,-0.85362,-0.91056,-0.91143,-0.94119,-0.95894,-0.93829,-0.92518,-0.85874,-0.87952,-0.78604,-0.92007,-0.85222,-0.76636,-0.62282,-0.60305,-0.44328,-0.44362,-0.3077
-0.0015555,-0.0062759,0.027389,0.07302,0.093307,0.09589,0.082739,0.057194,0.022885,-0.012204,-0.049061,-0.075179,-0.098166,-0.10245,-0.098292,-0.077398,-0.043901,-0.0069711,0.04514,0.088423,0.1471,0.19686,0.2591,0.29558,0.3272,0.34926,0.3909,0.36046,0.41629,0.33987,0.35679,0.25735,0.32739,0.25691,0.26646,0.21374,0.25716,0.16679,0.18289,0.14773
-0.0015555,-0.0062759,0.027389,0.07302,0.093307,0.09589,0.082739,0.057194,0.022885,-0.012204,-0.049061,-0.075179,-0.098166,-0.10245,-0.098292,-0.077398,-0.043901,-0.0069711,0.04514,0.088423,0.1471,0.19686,0.2591,0.29558,0.3272,0.34926,0.3909,0.36046,0.41629,0.33987,0.35679,0.25735,0.32739,0.25691,0.26646,0.21374,0.25716,0.16679,0.18289,0.14773
0.051967,0.054329,0.042262,0.013496,-0.018461,-0.058961,-0.11548,-0.19094,-0.28642,-0.38994,-0.50623,-0.60458,-0.69695,-0.7558,-0.79691,-0.82546,-0.83547,-0.85487,-0.85725,-0.86712,-0.86163,-0.86957,-0.84871,-0.84215,-0.77241,-0.84467,-0.84418,-0.76802,-0.70511,-0.55073,-0.73559,-0.63591,-0.5423,-0.39999,-0.22337,-0.11847,-0.090658,-0.026567,-0.24019,-0.22404
0.11146,0.089172,-0.015778,-0.082933,-0.1138,-0.14281,-0.18482,-0.2442,-0.32215,-0.4087,-0.51337,-0.60896,-0.71403,-0.78995,-0.85329,-0.90176,-0.9187,-0.96095,-0.96424,-0.98462,-0.97252,-0.97347,-0.9257,-0.92381,-0.82374,-0.91826,-0.89689,-0.76664,-0.7154,-0.515,-0.84703,-0.74895,-0.54259,-0.40535,-0.23375,-0.12589,-0.009386,0.096168,-0.061875,0.0015951
0.11146,0.089172,-0.015778,-0.082933,-0.1138,-0.14281,-0.18482,-0.2442,-0.32215,-0.4087,-0.51337,-0.60896,-0.71403,-0.78995,-0.85329,-0.90176,-0.9187,-0.96095,-0.96424,-0.98462,-0.97252,-0.97347,-0.9257,-0.92381,-0.82374,-0.91826,-0.89689,-0.76664,-0.7154,-0.515,-0.84703,-0.74895,-0.54259,-0.40535,-0.23375,-0.12589,-0.009386,0.096168,-0.061875,0.0015951
0.11146,0.089172,-0.015778,-0.082933,-0.1138,-0.14281,-0.18482,-0.2442,-0.32215,-0.4087,-0.51337,-0.60896,-0.71403,-0.78995,-0.85329,-0.90176,-0.9187,-0.96095,-0.96424,-0.98462,-0.97252,-0.97347,-0.9257,-0.92381,-0.82374,-0.91826,-0.89689,-0.76664,-0.7154,-0.515,-0.84703,-0.74895,-0.54259,-0.40535,-0.23375,-0.12589,-0.009386,0.096168,-0.061875,0.0015951
-0.0097814,-0.01132,-0.046891,-0.088426,-0.12111,-0.15657,-0.19954,-0.24412,-0.28882,-0.31561,-0.32694,-0.30982,-0.27008,-0.22125,-0.15026,-0.090233,-0.0043817,0.054774,0.13998,0.18025,0.22386,0.26164,0.23605,0.28001,0.18792,0.29318,0.56748,0.49864,0.439,0.36736,0.27621,0.17904,-0.13669,-0.26437,0.15413,0.15479,0.48714,0.46493,0.063269,0.068018
-0.0097814,-0.01132,-0.046891,-0.088426,-0.12111,-0.15657,-0.19954,-0.24412,-0.28882,-0.31561,-0.32694,-0.30982,-0.27008,-0.22125,-0.15026,-0.090233,-0.0043817,0.054774,0.13998,0.18025,0.22386,0.26164,0.23605,0.28001,0.18792,0.29318,0.56748,0.49864,0.439,0.36736,0.27621,0.17904,-0.13669,-0.26437,0.15413,0.15479,0.48714,0.46493,0.063269,0.068018
-0.030657,-0.02933,-0.0012308,0.024118,0.028457,0.019268,0.0068417,0.0055261,0.02235,0.070463,0.15679,0.2691,0.41205,0.54499,0.66285,0.76957,0.82961,0.8803,0.86568,0.88078,0.77242,0.9298,0.83844,0.75081,0.55318,0.57495,0.6437,0.43654,0.44158,0.35466,0.31459,0.26139,-0.049385,-0.17514,0.12393,0.13398,0.31025,0.28735,0.014837,0.026748
-0.030657,-0.02933,-0.0012308,0.024118,0.028457,0.019268,0.0068417,0.0055261,0.02235,0.070463,0.15679,0.2691,0.41205,0.54499,0.66285,0.76957,0.82961,0.8803,0.86568,0.88078,0.77242,0.9298,0.83844,0.75081,0.55318,0.57495,0.6437,0.43654,0.44158,0.35466,0.31459,0.26139,-0.049385,-0.17514,0.12393,0.13398,0.31025,0.28735,0.014837,0.026748
0.06192,0.037655,-0.043352,-0.098172,-0.16889,-0.27615,-0.41911,-0.57503,-0.72953,-0.84465,-0.91293,-0.96031,-0.97277,-0.98945,-0.9848,-0.98084,-0.9325,-0.975,-0.91754,-0.84996,-0.63172,-0.8675,-0.71911,-0.44948,-0.2476,-0.17624,-0.27894,-0.21171,0.49898,0.52672,-0.34186,-0.37922,-0.087648,-0.094683,-0.0021082,-0.0033131,0.18825,0.20042,0.21578,0.20109
0.06192,0.037655,-0.043352,-0.098172,-0.16889,-0.27615,-0.41911,-0.57503,-0.72953,-0.84465,-0.91293,-0.96031,-0.97277,-0.98945,-0.9848,-0.98084,-0.9325,-0.975,-0.91754,-0.84996,-0.63172,-0.8675,-0.71911,-0.44948,-0.2476,-0.17624,-0.27894,-0.21171,0.49898,0.52672,-0.34186,-0.37922,-0.087648,-0.094683,-0.0021082,-0.0033131,0.18825,0.20042,0.21578,0.20109
0.06192,0.037655,-0.043352,-0.098172,-0.16889,-0.27615,-0.41911,-0.57503,-0.72953,-0.84465,-0.91293,-0.96031,-0.97277,-0.98945,-0.9848,-0.98084,-0.9325,-0.975,-0.91754,-0.84996,-0.63172,-0.8675,-0.71911,-0.44948,-0.2476,-0.17624,-0.27894,-0.21171,0.49898,0.52672,-0.34186,-0.37922,-0.087648,-0.094683,-0.0021082,-0.0033131,0.18825,0.20042,0.21578,0.20109
0.06192,0.037655,-0.043352,-0.098172,-0.16889,-0.27615,-0.41911,-0.57503,-0.72953,-0.84465,-0.91293,-0.96031,-0.97277,-0.98945,-0.9848,-0.98084,-0.9325,-0.975,-0.91754,-0.84996,-0.63172,-0.8675,-0.71911,-0.44948,-0.2476,-0.17624,-0.27894,-0.21171,0.49898,0.52672,-0.34186,-0.37922,-0.087648,-0.094683,-0.0021082,-0.0033131,0.18825,0.20042,0.21578,0.20109
0.06192,0.037655,-0.043352,-0.098172,-0.16889,-0.27615,-0.41911,-0.57503,-0.72953,-0.84465,-0.91293,-0.96031,-0.97277,-0.98945,-0.9848,-0.98084,-0.9325,-0.975,-0.91754,-0.84996,-0.63172,-0.8675,-0.71911,-0.44948,-0.2476,-0.17624,-0.27894,-0.21171,0.49898,0.52672,-0.34186,-0.37922,-0.087648,-0.094683,-0.0021082,-0.0033131,0.18825,0.20042,0.21578,0.20109
0.06192,0.037655,-0.043352,-0.098172,-0.16889,-0.27615,-0.41911,-0.57503,-0.72953,-0.84465,-0.91293,-0.96031,-0.97277,-0.98945,-0.9848,-0.98084,-0.9325,-0.975,-0.91754,-0.84996,-0.63172,-0.8675,-0.71911,-0.44948,-0.2476,-0.17624,-0.27894,-0.21171,0.49898,0.52672,-0.34186,-0.37922,-0.087648,-0.094683,-0.0021082,-0.0033131,0.18825,0.20042,0.21578,0.20109
0.06192,0.037655,-0.043352,-0.098172,-0.16889,-0.27615,-0.41911,-0.57503,-0.72953,-0.84465,-0.91293,-0.96031,-0.97277,-0.98945,-0.9848,-0.98084,-0.9325,-0.975,-0.91754,-0.84996,-0.63172,-0.8675,-0.71911,-0.44948,-0.2476,-0.17624,-0.27894,-0.21171,0.49898,0.52672,-0.34186,-0.37922,-0.087648,-0.094683,-0.0021082,-0.0033131,0.18825,0.20042,0.21578,0.20109
-0.0090642,0.044944,0.1763,0.20048,0.14626,0.034429,-0.12118,-0.30533,-0.519,-0.71181,-0.84726,-0.94186,-0.97005,-0.99536,-0.98549,-0.98389,-0.92416,-0.97824,-0.91462,-0.84257,-0.6014,-0.86476,-0.70973,-0.48202,-0.24098,-0.10898,-0.14975,0.025265,0.73361,0.757,-0.26729,-0.29737,0.14949,0.13395,0.34159,0.3357,0.25639,0.2694,0.5112,0.49471
0.075434,0.10915,0.22136,0.30178,0.37655,0.49152,0.66171,0.83317,0.93042,0.97922,0.9912,0.99606,0.98908,0.98748,0.93238,0.94534,0.7855,0.96172,0.86739,0.49105,0.35887,0.23141,0.12767,0.72448,0.66107,0.15724,0.34002,0.33539,0.43181,0.44176,0.29235,0.2906,0.25952,0.26361,0.53753,0.53721,0.051315,0.058783,0.34134,0.3374
0.075434,0.10915,0.22136,0.30178,0.37655,0.49152,0.66171,0.83317,0.93042,0.97922,0.9912,0.99606,0.98908,0.98748,0.93238,0.94534,0.7855,0.96172,0.86739,0.49105,0.35887,0.23141,0.12767,0.72448,0.66107,0.15724,0.34002,0.33539,0.43181,0.44176,0.29235,0.2906,0.25952,0.26361,0.53753,0.53721,0.051315,0.058783,0.34134,0.3374
0.075434,0.10915,0.22136,0.30178,0.37655,0.49152,0.66171,0.83317,0.93042,0.97922,0.9912,0.99606,0.98908,0.98748,0.93238,0.94534,0.7855,0.96172,0.86739,0.49105,0.35887,0.23141,0.12767,0.72448,0.66107,0.15724,0.34002,0.33539,0.43181,0.44176,0.29235,0.2906,0.25952,0.26361,0.53753,0.53721,0.051315,0.058783,0.34134,0.3374
0.075434,0.10915,0.22136,0.30178,0.37655,0.49152,0.66171,0.83317,0.93042,0.97922,0.9912,0.99606,0.98908,0.98748,0.93238,0.94534,0.7855,0.96172,0.86739,0.49105,0.35887,0.23141,0.12767,0.72448,0.66107,0.15724,0.34002,0.33539,0.43181,0.44176,0.29235,0.2906,0.25952,0.26361,0.53753,0.53721,0.051315,0.058783,0.34134,0.3374
