0.026233,0.029103,0.048979,0.074976,0.09661,0.1147,0.1311,0.1476,0.16386,0.18104,0.19735,0.21454,0.23015,0.24657,0.26103,0.2763,0.28947,0.30352,0.31547,0.32848,0.33942,0.35166,0.36184,0.37354,0.38318,0.39451,0.40548,0.41479,0.42547,0.43444,0.44481,0.45345,0.46348,0.47177,0.48139,0.48931,0.49851,0.50603,0.51479,0.52191
0.063826,0.074062,0.12035,0.16404,0.20357,0.2406,0.27352,0.30309,0.32884,0.35283,0.37392,0.39495,0.41364,0.4334,0.45083,0.4697,0.486,0.50369,0.51867,0.53496,0.54851,0.56338,0.5756,0.58924,0.60031,0.61292,0.62486,0.6348,0.64594,0.65513,0.66556,0.67408,0.68385,0.69177,0.70091,0.70827,0.71682,0.72367,0.73166,0.73803
0.097511,0.10287,0.13439,0.18098,0.2308,0.279,0.32332,0.3654,0.40356,0.44039,0.47273,0.50365,0.52991,0.55517,0.5763,0.59733,0.6148,0.633,0.648,0.66421,0.67744,0.69206,0.70388,0.71713,0.72773,0.73975,0.75093,0.76016,0.7703,0.77858,0.78776,0.7952,0.8035,0.81017,0.81772,0.82369,0.83055,0.8359,0.84214,0.84694
0.10727,0.12323,0.20458,0.2809,0.34068,0.39276,0.43947,0.48315,0.52167,0.55704,0.58686,0.61467,0.63788,0.66062,0.67949,0.69873,0.71454,0.73108,0.74453,0.75883,0.77034,0.78276,0.79266,0.80348,0.81201,0.82147,0.83015,0.83717,0.84484,0.85092,0.85778,0.86309,0.86919,0.87381,0.87932,0.88336,0.88836,0.89192,0.89644,0.8996
0.17038,0.18606,0.26305,0.33037,0.38054,0.42532,0.46631,0.50469,0.53841,0.5707,0.59861,0.6266,0.65032,0.67468,0.69484,0.71581,0.7328,0.7507,0.76494,0.78015,0.79203,0.80499,0.81489,0.82604,0.83435,0.84388,0.85254,0.85917,0.86673,0.8724,0.87909,0.88404,0.89042,0.89498,0.90026,0.90435,0.90902,0.91268,0.91676,0.92005
0.2367,0.2546,0.33367,0.39746,0.44589,0.49109,0.53265,0.5712,0.60506,0.63709,0.66471,0.69137,0.71388,0.73582,0.75402,0.77189,0.78648,0.80101,0.81267,0.82454,0.83387,0.84358,0.85104,0.85906,0.86507,0.87169,0.87783,0.8826,0.88749,0.89148,0.89552,0.89885,0.90218,0.90499,0.90768,0.91009,0.91244,0.91464,0.91683,0.91898
0.14147,0.17349,0.31039,0.42,0.4969,0.5569,0.60528,0.64712,0.68242,0.71457,0.74158,0.76667,0.78748,0.80718,0.82329,0.83888,0.8514,0.8639,0.87369,0.88387,0.89161,0.90006,0.90633,0.91389,0.91936,0.92536,0.93057,0.9349,0.93906,0.94267,0.94592,0.94891,0.95155,0.95411,0.95642,0.95875,0.96093,0.96318,0.96533,0.96758
0.30762,0.32196,0.38918,0.45423,0.50859,0.55746,0.60109,0.64145,0.67673,0.70924,0.73666,0.76183,0.78253,0.80169,0.81717,0.83164,0.84316,0.85417,0.86287,0.87169,0.87868,0.88557,0.89122,0.89674,0.90136,0.90583,0.90985,0.91369,0.91746,0.92124,0.92514,0.92917,0.93335,0.93777,0.94216,0.9469,0.95131,0.95617,0.96031,0.96503
0.34426,0.35194,0.4088,0.47571,0.53141,0.58074,0.62404,0.66339,0.69712,0.72786,0.75334,0.77671,0.79558,0.81324,0.82714,0.84052,0.85082,0.86142,0.86953,0.87774,0.88419,0.89059,0.8958,0.90078,0.90517,0.90948,0.91363,0.91781,0.92202,0.92641,0.93077,0.93542,0.93977,0.94452,0.94858,0.95316,0.95667,0.96078,0.96362,0.96708
0.29998,0.32864,0.43388,0.52309,0.59102,0.64468,0.68781,0.72475,0.7552,0.78223,0.80422,0.82425,0.84027,0.85519,0.86695,0.87859,0.88785,0.89737,0.90513,0.91318,0.91993,0.92673,0.93281,0.93883,0.94453,0.95009,0.95533,0.96064,0.96534,0.97022,0.97418,0.97841,0.98152,0.98495,0.98721,0.9898,0.99136,0.99322,0.99423,0.99548
0.33042,0.34537,0.42208,0.50119,0.56588,0.62308,0.67285,0.71663,0.75287,0.78399,0.80879,0.83001,0.84677,0.86172,0.87377,0.88502,0.89426,0.90309,0.91049,0.91766,0.924,0.93045,0.93645,0.94264,0.94862,0.95446,0.95987,0.96544,0.97004,0.9749,0.97845,0.98235,0.98491,0.98781,0.98954,0.99158,0.99254,0.99383,0.99441,0.99517
0.35808,0.363,0.41767,0.4949,0.5646,0.6269,0.67924,0.72281,0.75729,0.78586,0.80826,0.82762,0.84311,0.85736,0.86904,0.88018,0.88966,0.89905,0.9076,0.91648,0.92498,0.93357,0.94205,0.94986,0.9578,0.96424,0.96982,0.97573,0.97974,0.9841,0.98677,0.98976,0.99127,0.99313,0.99403,0.99509,0.99566,0.99619,0.99663,0.99684
0.37259,0.39671,0.52087,0.62748,0.69655,0.74814,0.78809,0.81971,0.84433,0.86398,0.87918,0.89132,0.90078,0.90853,0.91472,0.91997,0.9244,0.9285,0.93245,0.93668,0.94124,0.94622,0.95179,0.95724,0.96339,0.96844,0.97306,0.97821,0.98173,0.98564,0.98785,0.9904,0.99176,0.99323,0.99412,0.99485,0.99552,0.99578,0.9964,0.99638
0.23653,0.2704,0.41044,0.52621,0.61535,0.68729,0.74348,0.78684,0.81955,0.84464,0.86393,0.87952,0.89194,0.90181,0.90997,0.91662,0.92278,0.92887,0.93519,0.94185,0.949,0.95575,0.96307,0.96883,0.97517,0.97931,0.98283,0.98664,0.98864,0.99094,0.99211,0.99332,0.99405,0.99457,0.99513,0.99524,0.99579,0.99569,0.99627,0.99608
0.43207,0.44499,0.52174,0.60605,0.67074,0.72366,0.76582,0.79973,0.82595,0.8473,0.86408,0.87927,0.89183,0.90397,0.9145,0.92474,0.93423,0.94331,0.95208,0.95981,0.96744,0.97329,0.97918,0.98303,0.98703,0.9893,0.99103,0.99281,0.99375,0.99464,0.9952,0.99557,0.996,0.99608,0.99644,0.99635,0.99677,0.99663,0.99703,0.99689
0.28791,0.34651,0.54978,0.6706,0.73819,0.78614,0.82135,0.84705,0.86611,0.88077,0.8923,0.90112,0.90814,0.91351,0.91827,0.92275,0.92724,0.93159,0.93608,0.9397,0.94349,0.94583,0.94839,0.94961,0.95105,0.95138,0.95169,0.95198,0.95209,0.95202,0.95212,0.9519,0.95207,0.95183,0.95183,0.9515,0.95171,0.95141,0.95151,0.95118
0.36347,0.41362,0.59137,0.70869,0.782,0.83469,0.87281,0.90022,0.9201,0.93524,0.94698,0.9563,0.96374,0.96962,0.97447,0.97839,0.98177,0.98436,0.98666,0.98816,0.9895,0.99033,0.99105,0.99136,0.99164,0.99183,0.99203,0.99206,0.99225,0.99221,0.99238,0.99231,0.99236,0.99221,0.99235,0.99215,0.99224,0.99194,0.992,0.99149
0.36347,0.41362,0.59137,0.70869,0.782,0.83469,0.87281,0.90022,0.9201,0.93524,0.94698,0.9563,0.96374,0.96962,0.97447,0.97839,0.98177,0.98436,0.98666,0.98816,0.9895,0.99033,0.99105,0.99136,0.99164,0.99183,0.99203,0.99206,0.99225,0.99221,0.99238,0.99231,0.99236,0.99221,0.99235,0.99215,0.99224,0.99194,0.992,0.99149
0.37289,0.40458,0.54228,0.64592,0.70792,0.74934,0.77769,0.79719,0.81108,0.82004,0.82641,0.83084,0.83521,0.84023,0.84607,0.85213,0.85871,0.86374,0.8689,0.87182,0.8748,0.87583,0.87699,0.87724,0.87737,0.87748,0.87773,0.87742,0.87756,0.87715,0.87739,0.87701,0.87717,0.87677,0.87681,0.87621,0.87577,0.87444,0.87475,0.87282
0.3366,0.37614,0.51982,0.62498,0.69649,0.74654,0.78114,0.80566,0.82392,0.83744,0.84804,0.85618,0.86334,0.86931,0.8748,0.87875,0.88228,0.88389,0.88519,0.88492,0.8844,0.88288,0.88096,0.87881,0.87581,0.8734,0.87095,0.86707,0.86411,0.85947,0.85659,0.85131,0.84852,0.84272,0.84013,0.83395,0.8321,0.82598,0.82421,0.8181
0.29771,0.37437,0.58521,0.70931,0.78821,0.8414,0.87763,0.90417,0.92442,0.94043,0.95318,0.96324,0.97177,0.9785,0.98446,0.98859,0.99225,0.99439,0.99627,0.99716,0.99792,0.99838,0.9986,0.99896,0.99895,0.99929,0.99948,0.99941,0.99955,0.9994,0.99947,0.99917,0.99912,0.99841,0.99843,0.99711,0.99868,0.99757,0.99679,0.99389
0.29771,0.37437,0.58521,0.70931,0.78821,0.8414,0.87763,0.90417,0.92442,0.94043,0.95318,0.96324,0.97177,0.9785,0.98446,0.98859,0.99225,0.99439,0.99627,0.99716,0.99792,0.99838,0.9986,0.99896,0.99895,0.99929,0.99948,0.99941,0.99955,0.9994,0.99947,0.99917,0.99912,0.99841,0.99843,0.99711,0.99868,0.99757,0.99679,0.99389
0.61264,0.65579,0.80338,0.88291,0.91948,0.94074,0.95354,0.9611,0.96603,0.97034,0.9743,0.97846,0.98249,0.98621,0.98947,0.99207,0.99404,0.99536,0.99621,0.99696,0.99723,0.99773,0.99767,0.99831,0.99829,0.99819,0.99845,0.99804,0.9983,0.99756,0.99683,0.99441,0.99626,0.9931,0.9944,0.98964,0.99146,0.98484,0.98526,0.97609
0.61264,0.65579,0.80338,0.88291,0.91948,0.94074,0.95354,0.9611,0.96603,0.97034,0.9743,0.97846,0.98249,0.98621,0.98947,0.99207,0.99404,0.99536,0.99621,0.99696,0.99723,0.99773,0.99767,0.99831,0.99829,0.99819,0.99845,0.99804,0.9983,0.99756,0.99683,0.99441,0.99626,0.9931,0.9944,0.98964,0.99146,0.98484,0.98526,0.97609
0.41659,0.4648,0.63186,0.73086,0.78612,0.82327,0.84943,0.87035,0.88945,0.90898,0.92801,0.94451,0.95908,0.9689,0.97671,0.98095,0.98386,0.9855,0.98607,0.98681,0.98643,0.9868,0.98607,0.98602,0.985,0.98414,0.98362,0.98172,0.98221,0.98051,0.97847,0.97404,0.9743,0.96708,0.97001,0.96123,0.96908,0.96226,0.95789,0.947
0.42996,0.46534,0.60135,0.68832,0.73477,0.76229,0.77936,0.7921,0.80421,0.81814,0.83276,0.84626,0.85837,0.86673,0.87342,0.87718,0.87991,0.88167,0.88252,0.88365,0.88383,0.88463,0.88456,0.88515,0.88496,0.8851,0.88487,0.88399,0.88474,0.88388,0.88305,0.88023,0.88108,0.87657,0.8784,0.87208,0.87438,0.86582,0.86695,0.8573
0.42996,0.46534,0.60135,0.68832,0.73477,0.76229,0.77936,0.7921,0.80421,0.81814,0.83276,0.84626,0.85837,0.86673,0.87342,0.87718,0.87991,0.88167,0.88252,0.88365,0.88383,0.88463,0.88456,0.88515,0.88496,0.8851,0.88487,0.88399,0.88474,0.88388,0.88305,0.88023,0.88108,0.87657,0.8784,0.87208,0.87438,0.86582,0.86695,0.8573
0.42996,0.46534,0.60135,0.68832,0.73477,0.76229,0.77936,0.7921,0.80421,0.81814,0.83276,0.84626,0.85837,0.86673,0.87342,0.87718,0.87991,0.88167,0.88252,0.88365,0.88383,0.88463,0.88456,0.88515,0.88496,0.8851,0.88487,0.88399,0.88474,0.88388,0.88305,0.88023,0.88108,0.87657,0.8784,0.87208,0.87438,0.86582,0.86695,0.8573
0.5371,0.57052,0.69565,0.77359,0.81589,0.84178,0.85691,0.86456,0.86735,0.86738,0.86501,0.86148,0.85636,0.85045,0.84295,0.83494,0.82461,0.81466,0.80084,0.78887,0.77084,0.75637,0.733,0.71765,0.68993,0.67527,0.65959,0.63851,0.62528,0.61918,0.60415,0.62137,0.60953,0.65959,0.6221,0.68946,0.5453,0.59728,0.45213,0.51956
0.39866,0.52174,0.72696,0.81451,0.86197,0.89315,0.918,0.94047,0.95855,0.97166,0.98067,0.98605,0.98946,0.99117,0.99215,0.99275,0.99292,0.99327,0.99327,0.99338,0.99321,0.99339,0.99312,0.99278,0.99154,0.99237,0.99251,0.99111,0.9915,0.98887,0.99195,0.99028,0.98476,0.97745,0.97954,0.97215,0.94712,0.93126,0.89343,0.85933
0.39866,0.52174,0.72696,0.81451,0.86197,0.89315,0.918,0.94047,0.95855,0.97166,0.98067,0.98605,0.98946,0.99117,0.99215,0.99275,0.99292,0.99327,0.99327,0.99338,0.99321,0.99339,0.99312,0.99278,0.99154,0.99237,0.99251,0.99111,0.9915,0.98887,0.99195,0.99028,0.98476,0.97745,0.97954,0.97215,0.94712,0.93126,0.89343,0.85933
0.39866,0.52174,0.72696,0.81451,0.86197,0.89315,0.918,0.94047,0.95855,0.97166,0.98067,0.98605,0.98946,0.99117,0.99215,0.99275,0.99292,0.99327,0.99327,0.99338,0.99321,0.99339,0.99312,0.99278,0.99154,0.99237,0.99251,0.99111,0.9915,0.98887,0.99195,0.99028,0.98476,0.97745,0.97954,0.97215,0.94712,0.93126,0.89343,0.85933
0.39866,0.52174,0.72696,0.81451,0.86197,0.89315,0.918,0.94047,0.95855,0.97166,0.98067,0.98605,0.98946,0.99117,0.99215,0.99275,0.99292,0.99327,0.99327,0.99338,0.99321,0.99339,0.99312,0.99278,0.99154,0.99237,0.99251,0.99111,0.9915,0.98887,0.99195,0.99028,0.98476,0.97745,0.97954,0.97215,0.94712,0.93126,0.89343,0.85933
0.51358,0.56693,0.73415,0.81859,0.85651,0.87604,0.88569,0.89188,0.89688,0.90168,0.90574,0.90914,0.91166,0.91375,0.91505,0.9163,0.91688,0.91774,0.91808,0.91799,0.91739,0.91751,0.91583,0.91649,0.91354,0.91821,0.91502,0.9103,0.91355,0.90882,0.88574,0.86621,0.82621,0.78062,0.82801,0.82708,0.90569,0.90471,0.83799,0.84533
0.51358,0.56693,0.73415,0.81859,0.85651,0.87604,0.88569,0.89188,0.89688,0.90168,0.90574,0.90914,0.91166,0.91375,0.91505,0.9163,0.91688,0.91774,0.91808,0.91799,0.91739,0.91751,0.91583,0.91649,0.91354,0.91821,0.91502,0.9103,0.91355,0.90882,0.88574,0.86621,0.82621,0.78062,0.82801,0.82708,0.90569,0.90471,0.83799,0.84533
0.51358,0.56693,0.73415,0.81859,0.85651,0.87604,0.88569,0.89188,0.89688,0.90168,0.90574,0.90914,0.91166,0.91375,0.91505,0.9163,0.91688,0.91774,0.91808,0.91799,0.91739,0.91751,0.91583,0.91649,0.91354,0.91821,0.91502,0.9103,0.91355,0.90882,0.88574,0.86621,0.82621,0.78062,0.82801,0.82708,0.90569,0.90471,0.83799,0.84533
0.51358,0.56693,0.73415,0.81859,0.85651,0.87604,0.88569,0.89188,0.89688,0.90168,0.90574,0.90914,0.91166,0.91375,0.91505,0.9163,0.91688,0.91774,0.91808,0.91799,0.91739,0.91751,0.91583,0.91649,0.91354,0.91821,0.91502,0.9103,0.91355,0.90882,0.88574,0.86621,0.82621,0.78062,0.82801,0.82708,0.90569,0.90471,0.83799,0.84533
0.51358,0.56693,0.73415,0.81859,0.85651,0.87604,0.88569,0.89188,0.89688,0.90168,0.90574,0.90914,0.91166,0.91375,0.91505,0.9163,0.91688,0.91774,0.91808,0.91799,0.91739,0.91751,0.91583,0.91649,0.91354,0.91821,0.91502,0.9103,0.91355,0.90882,0.88574,0.86621,0.82621,0.78062,0.82801,0.82708,0.90569,0.90471,0.83799,0.84533
0.51358,0.56693,0.73415,0.81859,0.85651,0.87604,0.88569,0.89188,0.89688,0.90168,0.90574,0.90914,0.91166,0.91375,0.91505,0.9163,0.91688,0.91774,0.91808,0.91799,0.91739,0.91751,0.91583,0.91649,0.91354,0.91821,0.91502,0.9103,0.91355,0.90882,0.88574,0.86621,0.82621,0.78062,0.82801,0.82708,0.90569,0.90471,0.83799,0.84533
0.40918,0.52126,0.70005,0.76292,0.80541,0.8378,0.85931,0.87245,0.87913,0.88135,0.87926,0.87491,0.86613,0.85682,0.84164,0.82776,0.80594,0.79024,0.7656,0.75168,0.73407,0.72393,0.72852,0.70785,0.73701,0.68527,0.57076,0.54962,0.51023,0.58797,0.66464,0.74347,0.808,0.84344,0.8512,0.85572,0.78163,0.7643,0.74235,0.74261
