-0.00040906,-0.00052939,0.0010799,0.0084918,0.016842,0.023198,0.027248,0.029367,0.030166,0.029944,0.029197,0.027943,0.026564,0.024889,0.023278,0.021443,0.019773,0.017905,0.016258,0.014419,0.012829,0.011041,0.009516,0.0077765,0.0063061,0.0045976,0.0029288,0.0014776,-0.00017478,-0.0016006,-0.0032249,-0.0046209,-0.0061865,-0.0075335,-0.0089978,-0.010266,-0.011573,-0.012725,-0.013823,-0.01482
-0.0012657,0.0025027,0.018422,0.026851,0.028117,0.026774,0.024378,0.021389,0.018255,0.014895,0.011711,0.008362,0.0052899,0.0019939,-0.00098128,-0.0041692,-0.0069808,-0.0098006,-0.012222,-0.014291,-0.016035,-0.017025,-0.017875,-0.01765,-0.017535,-0.016162,-0.01433,-0.01283,-0.010207,-0.0080791,-0.0049155,-0.0023595,0.0011193,0.0039251,0.0075337,0.010445,0.014041,0.016948,0.020425,0.023246
-0.0024589,-0.0027782,0.0037724,0.01014,0.010522,0.0080645,0.0044737,0.00037553,-0.0037084,-0.0079373,-0.011826,-0.015307,-0.018111,-0.019623,-0.020452,-0.019382,-0.018021,-0.014688,-0.011593,-0.0068165,-0.0027023,0.0026915,0.0071902,0.012611,0.017062,0.022151,0.026847,0.030842,0.03493,0.038405,0.041783,0.044675,0.04729,0.049572,0.051405,0.053075,0.054141,0.055217,0.055567,0.056086
0.064975,0.060434,0.041247,0.026046,0.015267,0.0061953,-0.0016508,-0.0082899,-0.01343,-0.016494,-0.017841,-0.016436,-0.013913,-0.008827,-0.0036155,0.0035068,0.009967,0.017681,0.024321,0.031671,0.037834,0.044227,0.049528,0.054638,0.05888,0.062578,0.065466,0.067999,0.069575,0.071048,0.071432,0.071948,0.071252,0.070907,0.069251,0.068125,0.065596,0.063754,0.060414,0.057899
-0.006,-0.0025297,0.0054072,0.0051697,0.0020403,-0.0028069,-0.0086422,-0.014271,-0.018598,-0.020032,-0.019451,-0.015466,-0.010588,-0.0032814,0.0036558,0.011831,0.018936,0.02627,0.032386,0.03797,0.042556,0.046082,0.049012,0.050556,0.051934,0.0517,0.05066,0.049877,0.047385,0.045405,0.041595,0.038514,0.033476,0.029359,0.023153,0.018042,0.010694,0.0046095,-0.0038652,-0.010922
0.022844,0.021707,0.012389,0.0022002,-0.0050845,-0.010512,-0.013479,-0.012514,-0.0084694,-0.00084027,0.007696,0.017747,0.026941,0.036203,0.04402,0.051046,0.05672,0.061046,0.064452,0.066195,0.067543,0.067033,0.066611,0.064157,0.062186,0.058006,0.053122,0.048862,0.042447,0.036877,0.028977,0.022126,0.012759,0.0046277,-0.006189,-0.015614,-0.02792,-0.038685,-0.052483,-0.064641
0.023379,0.020588,0.0076274,-0.0029022,-0.010685,-0.014397,-0.011943,-0.0030522,0.0086834,0.02202,0.034173,0.04549,0.054727,0.062322,0.068109,0.071799,0.074357,0.07462,0.074481,0.07195,0.06961,0.064761,0.060545,0.053659,0.047745,0.03895,0.029381,0.020752,0.0093353,-0.00093111,-0.014234,-0.026204,-0.041438,-0.055205,-0.072335,-0.087971,-0.107,-0.12457,-0.14538,-0.16489
0.047842,0.043729,0.020998,0.00032218,-0.011148,-0.012803,-0.0061524,0.0066436,0.021178,0.036099,0.049004,0.059624,0.067722,0.072774,0.076133,0.076423,0.076001,0.072535,0.069105,0.062545,0.056561,0.047279,0.038984,0.027125,0.016601,0.0021949,-0.013253,-0.02762,-0.045655,-0.062475,-0.083107,-0.10249,-0.12565,-0.14765,-0.17308,-0.19764,-0.22501,-0.25192,-0.28074,-0.30963
0.013067,0.0095427,-0.0079007,-0.02226,-0.027141,-0.022204,-0.010897,0.0039289,0.018966,0.033543,0.045973,0.056139,0.064053,0.069175,0.072818,0.073486,0.073454,0.070211,0.066881,0.060029,0.053609,0.043275,0.033837,0.020073,0.0075918,-0.0096507,-0.028223,-0.045923,-0.067783,-0.088757,-0.11366,-0.13788,-0.16548,-0.19279,-0.22257,-0.25264,-0.28394,-0.31624,-0.34828,-0.38205
0.029763,0.025705,0.0036979,-0.01605,-0.023035,-0.016767,-0.0024346,0.015089,0.03139,0.044873,0.054957,0.061031,0.064661,0.064469,0.063032,0.05782,0.052211,0.042607,0.033224,0.019435,0.0063566,-0.011608,-0.028507,-0.050692,-0.07162,-0.097932,-0.1256,-0.1531,-0.18419,-0.21547,-0.2492,-0.28368,-0.31902,-0.35576,-0.39151,-0.42928,-0.46426,-0.50175,-0.5349,-0.57085
0.024508,0.023426,0.010211,-0.0031395,-0.0039768,0.0044635,0.015823,0.026234,0.033976,0.038153,0.039825,0.038052,0.035058,0.028905,0.022363,0.012375,0.0024921,-0.011412,-0.024807,-0.042857,-0.060072,-0.082505,-0.10391,-0.13077,-0.15663,-0.18767,-0.21989,-0.25259,-0.28776,-0.324,-0.36088,-0.39948,-0.43656,-0.47593,-0.51169,-0.55009,-0.58305,-0.61884,-0.64819,-0.68017
0.027877,0.021506,-0.0027914,-0.01041,-0.00012435,0.017434,0.034489,0.047504,0.055972,0.059398,0.059812,0.056222,0.051285,0.042706,0.033636,0.020606,0.0075997,-0.0099127,-0.027063,-0.049234,-0.070906,-0.097788,-0.12432,-0.15571,-0.18724,-0.2225,-0.25865,-0.29692,-0.33535,-0.37673,-0.41611,-0.45905,-0.49778,-0.54041,-0.57699,-0.6174,-0.6507,-0.68722,-0.71653,-0.74804
0.019556,0.016267,0.0062955,0.0084745,0.022673,0.044011,0.066119,0.084819,0.098705,0.10743,0.11253,0.11309,0.11135,0.10504,0.097328,0.084679,0.071312,0.052471,0.033336,0.0083936,-0.016814,-0.04759,-0.079115,-0.11518,-0.15302,-0.19332,-0.23446,-0.27984,-0.32295,-0.37116,-0.414,-0.46228,-0.50267,-0.54803,-0.58412,-0.62407,-0.65527,-0.68855,-0.7147,-0.74114
0.017986,0.011672,-0.014151,-0.021267,-0.0043157,0.021684,0.04578,0.063647,0.07534,0.080388,0.081351,0.076361,0.069025,0.055936,0.041642,0.021184,0.00014609,-0.027784,-0.056069,-0.091458,-0.12737,-0.16943,-0.21262,-0.25945,-0.30838,-0.35715,-0.40515,-0.45651,-0.50212,-0.55094,-0.5917,-0.63508,-0.66969,-0.706,-0.73447,-0.76346,-0.78634,-0.80868,-0.82727,-0.84428
-0.010618,-0.011808,-0.011661,-0.00046399,0.016422,0.033886,0.048136,0.057281,0.061848,0.060733,0.055871,0.044415,0.030086,0.0083319,-0.015408,-0.047277,-0.080663,-0.12214,-0.16523,-0.21472,-0.26644,-0.32063,-0.37786,-0.43208,-0.48974,-0.53899,-0.58477,-0.63239,-0.66977,-0.70782,-0.73715,-0.7659,-0.78858,-0.8096,-0.82769,-0.84305,-0.85791,-0.86949,-0.88158,-0.8906
0.020419,0.024213,0.039193,0.065826,0.096629,0.12065,0.13555,0.14203,0.14255,0.13594,0.12513,0.10649,0.084879,0.054692,0.022457,-0.018592,-0.06132,-0.11175,-0.16413,-0.2211,-0.28062,-0.33972,-0.40179,-0.45785,-0.51673,-0.56545,-0.61049,-0.65582,-0.6922,-0.72757,-0.75618,-0.78271,-0.8053,-0.82502,-0.84316,-0.8581,-0.87235,-0.88382,-0.89483,-0.90354
-0.021305,-0.02237,-0.028398,-0.0225,-0.010667,-0.0025276,-0.00018424,-0.0038932,-0.011362,-0.023633,-0.038492,-0.059077,-0.082078,-0.11232,-0.14508,-0.18575,-0.22921,-0.27877,-0.33127,-0.3851,-0.44145,-0.4932,-0.54643,-0.59093,-0.63586,-0.67149,-0.70418,-0.73462,-0.76037,-0.78341,-0.80399,-0.8218,-0.83834,-0.85266,-0.86551,-0.87719,-0.88694,-0.89622,-0.90389,-0.91091
-0.021305,-0.02237,-0.028398,-0.0225,-0.010667,-0.0025276,-0.00018424,-0.0038932,-0.011362,-0.023633,-0.038492,-0.059077,-0.082078,-0.11232,-0.14508,-0.18575,-0.22921,-0.27877,-0.33127,-0.3851,-0.44145,-0.4932,-0.54643,-0.59093,-0.63586,-0.67149,-0.70418,-0.73462,-0.76037,-0.78341,-0.80399,-0.8218,-0.83834,-0.85266,-0.86551,-0.87719,-0.88694,-0.89622,-0.90389,-0.91091
-0.003504,-0.0063782,-0.011363,0.01298,0.045668,0.069767,0.083234,0.086743,0.083439,0.072512,0.057476,0.034992,0.0093926,-0.024385,-0.061385,-0.10618,-0.15515,-0.20926,-0.26883,-0.32859,-0.39441,-0.45426,-0.51922,-0.57346,-0.63038,-0.67576,-0.71804,-0.75665,-0.78977,-0.81796,-0.84242,-0.86242,-0.87959,-0.89291,-0.90536,-0.91306,-0.92428,-0.92812,-0.94171,-0.94503
-0.020034,-0.020945,0.011592,0.062094,0.097018,0.117,0.12481,0.12094,0.10847,0.086006,0.057701,0.019961,-0.022692,-0.074196,-0.13088,-0.19335,-0.26147,-0.32937,-0.40249,-0.4684,-0.53774,-0.59508,-0.65331,-0.69893,-0.74307,-0.77764,-0.80806,-0.8349,-0.85614,-0.87483,-0.8899,-0.90235,-0.9142,-0.92202,-0.9346,-0.94087,-0.95185,-0.95806,-0.96068,-0.96349
-0.020034,-0.020945,0.011592,0.062094,0.097018,0.117,0.12481,0.12094,0.10847,0.086006,0.057701,0.019961,-0.022692,-0.074196,-0.13088,-0.19335,-0.26147,-0.32937,-0.40249,-0.4684,-0.53774,-0.59508,-0.65331,-0.69893,-0.74307,-0.77764,-0.80806,-0.8349,-0.85614,-0.87483,-0.8899,-0.90235,-0.9142,-0.92202,-0.9346,-0.94087,-0.95185,-0.95806,-0.96068,-0.96349
-0.024848,-0.011337,0.029035,0.045252,0.04686,0.03874,0.024785,0.0059072,-0.016991,-0.046826,-0.081448,-0.12451,-0.17287,-0.22869,-0.29036,-0.35439,-0.42365,-0.4868,-0.55246,-0.60535,-0.65754,-0.69746,-0.73437,-0.764,-0.78919,-0.81244,-0.83282,-0.84896,-0.86402,-0.87653,-0.88724,-0.89652,-0.90504,-0.91161,-0.92032,-0.92576,-0.93344,-0.93843,-0.93769,-0.93707
-0.017304,-0.018765,-0.026983,-0.0225,-0.015683,-0.017768,-0.028353,-0.04659,-0.069419,-0.099572,-0.13383,-0.17692,-0.22421,-0.27951,-0.33805,-0.4002,-0.46351,-0.52489,-0.5851,-0.6394,-0.69074,-0.7348,-0.77505,-0.80855,-0.83863,-0.86255,-0.88248,-0.90043,-0.91472,-0.92699,-0.93836,-0.9471,-0.95624,-0.96316,-0.96705,-0.97098,-0.97022,-0.96875,-0.96974,-0.9632
-0.013316,-0.019296,-0.029048,-0.0057325,0.02009,0.033589,0.036344,0.029327,0.015773,-0.0068366,-0.035107,-0.073698,-0.1189,-0.17385,-0.23675,-0.30441,-0.3792,-0.44982,-0.52323,-0.58602,-0.64605,-0.69642,-0.7398,-0.77892,-0.80923,-0.83788,-0.86107,-0.87785,-0.8945,-0.90476,-0.91941,-0.92674,-0.93847,-0.94473,-0.94248,-0.93888,-0.93042,-0.90904,-0.92242,-0.89224
0.026584,0.025423,0.040782,0.075643,0.10311,0.11804,0.12194,0.11603,0.10302,0.081013,0.052497,0.013621,-0.03258,-0.08825,-0.15158,-0.22021,-0.29552,-0.36977,-0.44795,-0.51809,-0.5888,-0.64653,-0.70383,-0.74522,-0.7873,-0.81609,-0.84465,-0.86901,-0.8922,-0.91094,-0.92234,-0.93302,-0.93546,-0.93424,-0.94245,-0.9332,-0.94996,-0.93786,-0.93375,-0.90251
-0.005888,-0.0024245,0.032781,0.086459,0.12879,0.15305,0.16079,0.15359,0.13559,0.10452,0.063724,0.010597,-0.052474,-0.12214,-0.19941,-0.27306,-0.34887,-0.41425,-0.47753,-0.53102,-0.58124,-0.62415,-0.66521,-0.69867,-0.73259,-0.75849,-0.7837,-0.80916,-0.82894,-0.85065,-0.85737,-0.86757,-0.86876,-0.86123,-0.87862,-0.86193,-0.8976,-0.88447,-0.86913,-0.81983
-0.005888,-0.0024245,0.032781,0.086459,0.12879,0.15305,0.16079,0.15359,0.13559,0.10452,0.063724,0.010597,-0.052474,-0.12214,-0.19941,-0.27306,-0.34887,-0.41425,-0.47753,-0.53102,-0.58124,-0.62415,-0.66521,-0.69867,-0.73259,-0.75849,-0.7837,-0.80916,-0.82894,-0.85065,-0.85737,-0.86757,-0.86876,-0.86123,-0.87862,-0.86193,-0.8976,-0.88447,-0.86913,-0.81983
-0.005888,-0.0024245,0.032781,0.086459,0.12879,0.15305,0.16079,0.15359,0.13559,0.10452,0.063724,0.010597,-0.052474,-0.12214,-0.19941,-0.27306,-0.34887,-0.41425,-0.47753,-0.53102,-0.58124,-0.62415,-0.66521,-0.69867,-0.73259,-0.75849,-0.7837,-0.80916,-0.82894,-0.85065,-0.85737,-0.86757,-0.86876,-0.86123,-0.87862,-0.86193,-0.8976,-0.88447,-0.86913,-0.81983
-0.052201,-0.046751,-0.016512,0.0017921,-0.0080325,-0.035199,-0.075095,-0.12834,-0.19348,-0.26969,-0.35505,-0.44163,-0.52946,-0.60615,-0.67644,-0.73283,-0.78076,-0.81897,-0.85039,-0.87519,-0.89613,-0.91185,-0.92515,-0.9375,-0.94653,-0.95682,-0.9604,-0.96357,-0.9645,-0.9594,-0.9711,-0.96601,-0.97232,-0.96232,-0.94568,-0.90464,-0.92793,-0.87442,-0.94671,-0.91004
-0.052201,-0.046751,-0.016512,0.0017921,-0.0080325,-0.035199,-0.075095,-0.12834,-0.19348,-0.26969,-0.35505,-0.44163,-0.52946,-0.60615,-0.67644,-0.73283,-0.78076,-0.81897,-0.85039,-0.87519,-0.89613,-0.91185,-0.92515,-0.9375,-0.94653,-0.95682,-0.9604,-0.96357,-0.9645,-0.9594,-0.9711,-0.96601,-0.97232,-0.96232,-0.94568,-0.90464,-0.92793,-0.87442,-0.94671,-0.91004
-0.052201,-0.046751,-0.016512,0.0017921,-0.0080325,-0.035199,-0.075095,-0.12834,-0.19348,-0.26969,-0.35505,-0.44163,-0.52946,-0.60615,-0.67644,-0.73283,-0.78076,-0.81897,-0.85039,-0.87519,-0.89613,-0.91185,-0.92515,-0.9375,-0.94653,-0.95682,-0.9604,-0.96357,-0.9645,-0.9594,-0.9711,-0.96601,-0.97232,-0.96232,-0.94568,-0.90464,-0.92793,-0.87442,-0.94671,-0.91004
-0.04346,-0.024198,0.036553,0.057627,0.053498,0.029447,-0.014006,-0.076877,-0.15487,-0.2445,-0.34285,-0.43636,-0.52616,-0.59739,-0.65734,-0.70364,-0.73964,-0.77107,-0.79498,-0.81694,-0.83478,-0.84909,-0.86189,-0.87247,-0.8811,-0.89054,-0.8942,-0.89417,-0.89853,-0.88626,-0.90667,-0.89304,-0.88704,-0.84284,-0.82183,-0.72902,-0.83683,-0.76973,-0.87403,-0.82355
-0.04346,-0.024198,0.036553,0.057627,0.053498,0.029447,-0.014006,-0.076877,-0.15487,-0.2445,-0.34285,-0.43636,-0.52616,-0.59739,-0.65734,-0.70364,-0.73964,-0.77107,-0.79498,-0.81694,-0.83478,-0.84909,-0.86189,-0.87247,-0.8811,-0.89054,-0.8942,-0.89417,-0.89853,-0.88626,-0.90667,-0.89304,-0.88704,-0.84284,-0.82183,-0.72902,-0.83683,-0.76973,-0.87403,-0.82355
-0.0048567,0.017088,0.049949,0.035801,0.015499,-0.0066018,-0.032951,-0.07071,-0.12081,-0.18653,-0.26203,-0.34265,-0.42418,-0.49984,-0.57206,-0.63341,-0.69241,-0.73847,-0.78491,-0.81845,-0.85373,-0.8769,-0.90262,-0.91283,-0.92529,-0.93053,-0.94134,-0.93911,-0.94828,-0.93371,-0.95303,-0.92969,-0.95718,-0.92613,-0.9244,-0.8616,-0.92413,-0.86547,-0.84338,-0.7485
-0.0048567,0.017088,0.049949,0.035801,0.015499,-0.0066018,-0.032951,-0.07071,-0.12081,-0.18653,-0.26203,-0.34265,-0.42418,-0.49984,-0.57206,-0.63341,-0.69241,-0.73847,-0.78491,-0.81845,-0.85373,-0.8769,-0.90262,-0.91283,-0.92529,-0.93053,-0.94134,-0.93911,-0.94828,-0.93371,-0.95303,-0.92969,-0.95718,-0.92613,-0.9244,-0.8616,-0.92413,-0.86547,-0.84338,-0.7485
-0.0048567,0.017088,0.049949,0.035801,0.015499,-0.0066018,-0.032951,-0.07071,-0.12081,-0.18653,-0.26203,-0.34265,-0.42418,-0.49984,-0.57206,-0.63341,-0.69241,-0.73847,-0.78491,-0.81845,-0.85373,-0.8769,-0.90262,-0.91283,-0.92529,-0.93053,-0.94134,-0.93911,-0.94828,-0.93371,-0.95303,-0.92969,-0.95718,-0.92613,-0.9244,-0.8616,-0.92413,-0.86547,-0.84338,-0.7485
-0.034327,-0.017587,0.075317,0.1276,0.14248,0.15188,0.16157,0.16903,0.17537,0.17465,0.1694,0.14991,0.11809,0.072477,0.012855,-0.049304,-0.12087,-0.18583,-0.25749,-0.31427,-0.37675,-0.42183,-0.46444,-0.47009,-0.44166,-0.50057,-0.55671,-0.49647,-0.42811,-0.28498,-0.46574,-0.36332,-0.63001,-0.52756,-0.21043,-0.12817,-0.19479,-0.13239,-0.18804,-0.086139
-0.034327,-0.017587,0.075317,0.1276,0.14248,0.15188,0.16157,0.16903,0.17537,0.17465,0.1694,0.14991,0.11809,0.072477,0.012855,-0.049304,-0.12087,-0.18583,-0.25749,-0.31427,-0.37675,-0.42183,-0.46444,-0.47009,-0.44166,-0.50057,-0.55671,-0.49647,-0.42811,-0.28498,-0.46574,-0.36332,-0.63001,-0.52756,-0.21043,-0.12817,-0.19479,-0.13239,-0.18804,-0.086139
-0.034327,-0.017587,0.075317,0.1276,0.14248,0.15188,0.16157,0.16903,0.17537,0.17465,0.1694,0.14991,0.11809,0.072477,0.012855,-0.049304,-0.12087,-0.18583,-0.25749,-0.31427,-0.37675,-0.42183,-0.46444,-0.47009,-0.44166,-0.50057,-0.55671,-0.49647,-0.42811,-0.28498,-0.46574,-0.36332,-0.63001,-0.52756,-0.21043,-0.12817,-0.19479,-0.13239,-0.18804,-0.086139
-0.093649,-0.063889,0.055806,0.12866,0.15654,0.16799,0.16905,0.1547,0.12277,0.069699,-0.0070318,-0.10301,-0.22698,-0.35478,-0.49264,-0.61003,-0.70043,-0.79783,-0.85018,-0.88292,-0.86985,-0.91745,-0.87563,-0.86444,-0.73828,-0.82062,-0.90419,-0.79165,-0.60306,-0.40495,-0.80926,-0.69263,-0.40095,-0.25994,-0.17961,-0.091353,-0.26152,-0.20775,-0.051681,-0.018865
