-0.00021957,-0.00030523,-0.00089541,-0.001757,-0.0027653,-0.003991,-0.0054048,-0.0068102,-0.0078182,-0.007312,-0.0055182,-0.00063802,0.0054558,0.015193,0.025325,0.038813,0.051723,0.067298,0.081539,0.09769,0.11208,0.1277,0.1414,0.15583,0.16837,0.18124,0.19306,0.20355,0.21372,0.22271,0.23131,0.2389,0.24607,0.25241,0.25835,0.26362,0.26855,0.27293,0.27702,0.28068
-0.00087291,-0.0012143,-0.00357,-0.0066604,-0.0069425,0.00079126,0.018,0.044188,0.074361,0.10714,0.13821,0.16789,0.19383,0.21697,0.23641,0.25305,0.26679,0.27839,0.28802,0.29626,0.30326,0.3095,0.31493,0.3201,0.32466,0.32938,0.33412,0.33836,0.34342,0.34782,0.35346,0.35825,0.36464,0.36995,0.37706,0.38288,0.39056,0.3968,0.40478,0.41129
-0.0019498,-0.0021838,0.0092213,0.044603,0.090888,0.13969,0.18582,0.22625,0.25977,0.28643,0.307,0.32211,0.33329,0.34079,0.3463,0.34959,0.35211,0.35387,0.35544,0.35774,0.35986,0.36401,0.36759,0.37384,0.37904,0.38688,0.39486,0.40184,0.41009,0.41728,0.42512,0.432,0.43904,0.44527,0.45129,0.4567,0.46171,0.46628,0.47046,0.47427
-0.003457,-0.0042851,0.0033414,0.037248,0.086582,0.13737,0.18193,0.2179,0.24533,0.2657,0.28104,0.29279,0.30252,0.31156,0.31995,0.3299,0.33936,0.35148,0.3626,0.37604,0.38798,0.40113,0.4126,0.42406,0.43406,0.44324,0.45108,0.45821,0.46412,0.46952,0.47387,0.47788,0.48134,0.48445,0.48736,0.48994,0.49274,0.49511,0.49807,0.50048
-0.00542,-0.0069655,0.004286,0.062918,0.13552,0.1964,0.24037,0.26942,0.28836,0.30161,0.31242,0.32478,0.33751,0.35444,0.37106,0.39046,0.40817,0.42603,0.44166,0.45573,0.46784,0.47781,0.4864,0.49326,0.49916,0.50401,0.50823,0.51187,0.51543,0.51842,0.52174,0.52452,0.52786,0.53067,0.53424,0.53725,0.5411,0.5444,0.54857,0.55221
-0.0076386,0.0135,0.14992,0.27362,0.336,0.36832,0.38391,0.3901,0.39238,0.39445,0.39751,0.40472,0.41311,0.42529,0.43692,0.45,0.46144,0.47273,0.48233,0.4914,0.49909,0.50653,0.5129,0.51939,0.52501,0.53115,0.53706,0.54243,0.54825,0.55364,0.55961,0.56516,0.57133,0.57717,0.58369,0.58992,0.59681,0.60352,0.6109,0.61817
-0.010315,-0.01234,0.020139,0.087296,0.13606,0.16847,0.19315,0.21725,0.24327,0.27622,0.3114,0.35079,0.38804,0.42356,0.45465,0.48103,0.5033,0.52102,0.53576,0.5473,0.55684,0.5648,0.57128,0.57717,0.58195,0.58686,0.59139,0.5953,0.5997,0.60365,0.60813,0.61241,0.61734,0.62219,0.62773,0.63329,0.63957,0.64597,0.65304,0.66042
-0.012978,0.016023,0.1683,0.28417,0.3317,0.35698,0.37919,0.40726,0.44004,0.47949,0.51824,0.55693,0.59043,0.61989,0.64395,0.66403,0.68021,0.69389,0.70503,0.71501,0.7233,0.73113,0.73784,0.74459,0.75053,0.75682,0.76293,0.76878,0.77497,0.78106,0.78761,0.79413,0.80103,0.80808,0.81542,0.82308,0.83049,0.83865,0.84608,0.85462
-0.017089,0.0034611,0.13372,0.24942,0.30621,0.3368,0.3573,0.37929,0.40496,0.43379,0.46128,0.48495,0.5047,0.52021,0.53295,0.54388,0.55322,0.56249,0.57075,0.57959,0.58776,0.59683,0.60543,0.6151,0.62455,0.63507,0.64595,0.65729,0.66927,0.68205,0.69508,0.7094,0.723,0.73868,0.75255,0.7693,0.78295,0.80034,0.8131,0.83051
-0.021172,0.028943,0.22166,0.31931,0.34894,0.37131,0.40003,0.43543,0.47164,0.50457,0.53199,0.55409,0.57168,0.58681,0.59931,0.61151,0.62214,0.63321,0.64329,0.65409,0.6643,0.67529,0.68604,0.69761,0.7092,0.72159,0.73408,0.74742,0.76025,0.7746,0.7875,0.8026,0.81522,0.83074,0.84214,0.8574,0.86732,0.88169,0.8899,0.90284
-0.024324,-0.011803,0.10962,0.24778,0.33467,0.40505,0.47011,0.53079,0.58279,0.62488,0.65733,0.68159,0.69997,0.71398,0.72514,0.73444,0.7425,0.75025,0.75753,0.76538,0.77318,0.78199,0.791,0.80102,0.8115,0.82253,0.8334,0.84568,0.85657,0.86943,0.87969,0.89252,0.90148,0.91356,0.92082,0.93152,0.93711,0.94604,0.94991,0.95681
0.2365,0.23048,0.24654,0.27885,0.29053,0.30283,0.32373,0.35084,0.37814,0.40268,0.42385,0.44268,0.45935,0.47592,0.49141,0.50809,0.52427,0.54221,0.56019,0.58007,0.60057,0.62256,0.64591,0.66939,0.6954,0.71901,0.74162,0.7689,0.78958,0.81601,0.83341,0.85727,0.87094,0.89095,0.90077,0.91617,0.92216,0.93235,0.93618,0.94118
0.25076,0.24407,0.25414,0.28829,0.32379,0.36668,0.4108,0.44925,0.48031,0.50559,0.52661,0.54613,0.5635,0.58085,0.59681,0.61334,0.629,0.64558,0.66179,0.67912,0.69653,0.71461,0.73348,0.75149,0.77145,0.78889,0.80526,0.82513,0.83952,0.85834,0.87022,0.88704,0.89618,0.91025,0.91653,0.92714,0.93116,0.93789,0.94095,0.94378
-0.040186,0.007232,0.18642,0.32026,0.42221,0.52166,0.6125,0.68318,0.73258,0.7646,0.78575,0.80095,0.81241,0.82301,0.83241,0.8425,0.8522,0.86283,0.87332,0.88429,0.89539,0.90576,0.91681,0.926,0.93642,0.94373,0.95009,0.95802,0.96286,0.96912,0.97209,0.97635,0.97839,0.98077,0.98234,0.98299,0.98358,0.98172,0.98304,0.97829
0.31088,0.32161,0.34843,0.373,0.42699,0.49796,0.56754,0.62722,0.67391,0.70919,0.73494,0.75413,0.76871,0.78075,0.79106,0.8008,0.81017,0.81976,0.82966,0.83945,0.85023,0.86014,0.87175,0.88103,0.89292,0.9011,0.9086,0.91897,0.92497,0.93377,0.93802,0.94449,0.94736,0.95081,0.95196,0.95081,0.95459,0.94943,0.95346,0.94277
0.30621,0.29121,0.26002,0.28717,0.36131,0.45569,0.54317,0.61411,0.66775,0.70858,0.73917,0.76311,0.78227,0.79883,0.81371,0.82803,0.84227,0.85628,0.8712,0.88463,0.89989,0.91183,0.92631,0.93561,0.94791,0.95438,0.96019,0.96741,0.97127,0.97541,0.9781,0.97942,0.98196,0.98069,0.98351,0.97938,0.98664,0.98198,0.98952,0.98443
0.33285,0.31589,0.27654,0.2954,0.35919,0.44077,0.51524,0.57572,0.62221,0.65924,0.68794,0.71096,0.72957,0.74521,0.75918,0.77216,0.78521,0.79779,0.81182,0.82457,0.84012,0.85238,0.8688,0.87961,0.89568,0.90335,0.9112,0.92178,0.92754,0.93358,0.93715,0.93648,0.94291,0.93605,0.94688,0.93495,0.94975,0.93279,0.95786,0.93979
-0.066817,0.0040674,0.22937,0.30716,0.35543,0.41455,0.47375,0.52645,0.57097,0.61028,0.64543,0.67937,0.71213,0.7446,0.77716,0.80749,0.83879,0.86432,0.89176,0.91049,0.93174,0.94367,0.95798,0.96482,0.97317,0.9762,0.98049,0.98198,0.9861,0.98509,0.98894,0.98537,0.99327,0.99018,0.99716,0.9947,0.98908,0.97572,0.96552,0.933
0.29619,0.31921,0.36522,0.39332,0.45049,0.5188,0.58631,0.64703,0.69733,0.73826,0.7716,0.80037,0.82552,0.84829,0.86944,0.88777,0.90585,0.91986,0.93476,0.94469,0.9562,0.9624,0.97039,0.97379,0.97832,0.98006,0.98261,0.98246,0.98599,0.98373,0.98829,0.98414,0.99063,0.98526,0.99528,0.99124,0.98861,0.97677,0.96239,0.93521
0.29619,0.31921,0.36522,0.39332,0.45049,0.5188,0.58631,0.64703,0.69733,0.73826,0.7716,0.80037,0.82552,0.84829,0.86944,0.88777,0.90585,0.91986,0.93476,0.94469,0.9562,0.9624,0.97039,0.97379,0.97832,0.98006,0.98261,0.98246,0.98599,0.98373,0.98829,0.98414,0.99063,0.98526,0.99528,0.99124,0.98861,0.97677,0.96239,0.93521
0.19028,0.17689,0.16793,0.24385,0.33575,0.40547,0.45591,0.49464,0.5241,0.54761,0.56704,0.58567,0.60392,0.62283,0.64331,0.66289,0.68593,0.70505,0.72994,0.74647,0.77071,0.78427,0.80532,0.81221,0.82242,0.82836,0.84015,0.83097,0.84762,0.82054,0.87058,0.84742,0.88819,0.85413,0.97435,0.96687,0.82006,0.72044,0.49754,0.36052
0.074367,0.11063,0.31169,0.52529,0.64748,0.69964,0.72025,0.73075,0.73834,0.74545,0.7535,0.76336,0.77654,0.79163,0.81229,0.83138,0.85727,0.87578,0.90041,0.91352,0.9293,0.9387,0.9433,0.95125,0.94267,0.96193,0.98268,0.97972,0.99204,0.98145,0.97746,0.94213,0.90123,0.83037,0.90006,0.85689,0.84787,0.78667,0.71652,0.64327
0.074367,0.11063,0.31169,0.52529,0.64748,0.69964,0.72025,0.73075,0.73834,0.74545,0.7535,0.76336,0.77654,0.79163,0.81229,0.83138,0.85727,0.87578,0.90041,0.91352,0.9293,0.9387,0.9433,0.95125,0.94267,0.96193,0.98268,0.97972,0.99204,0.98145,0.97746,0.94213,0.90123,0.83037,0.90006,0.85689,0.84787,0.78667,0.71652,0.64327
0.074367,0.11063,0.31169,0.52529,0.64748,0.69964,0.72025,0.73075,0.73834,0.74545,0.7535,0.76336,0.77654,0.79163,0.81229,0.83138,0.85727,0.87578,0.90041,0.91352,0.9293,0.9387,0.9433,0.95125,0.94267,0.96193,0.98268,0.97972,0.99204,0.98145,0.97746,0.94213,0.90123,0.83037,0.90006,0.85689,0.84787,0.78667,0.71652,0.64327
0.07877,0.1549,0.49649,0.72972,0.80726,0.82944,0.83895,0.84578,0.85134,0.85608,0.86069,0.8655,0.8714,0.87746,0.88568,0.89282,0.90296,0.90977,0.91957,0.92432,0.92876,0.93349,0.92838,0.93885,0.9261,0.941,0.96773,0.95994,0.98813,0.97737,0.88559,0.80893,0.72449,0.65824,0.78443,0.78529,0.51779,0.5916,0.79436,0.80352
0.07877,0.1549,0.49649,0.72972,0.80726,0.82944,0.83895,0.84578,0.85134,0.85608,0.86069,0.8655,0.8714,0.87746,0.88568,0.89282,0.90296,0.90977,0.91957,0.92432,0.92876,0.93349,0.92838,0.93885,0.9261,0.941,0.96773,0.95994,0.98813,0.97737,0.88559,0.80893,0.72449,0.65824,0.78443,0.78529,0.51779,0.5916,0.79436,0.80352
0.071108,0.10063,0.32092,0.57365,0.70967,0.77442,0.81281,0.84266,0.86934,0.89389,0.91761,0.9368,0.95508,0.96693,0.97783,0.98382,0.98854,0.99167,0.99243,0.99467,0.99192,0.99685,0.99297,0.99804,0.99292,0.9848,0.98844,0.97103,0.98851,0.97639,0.89433,0.81695,0.65551,0.49068,0.48783,0.43544,0.44537,0.55033,0.72202,0.73704
0.071108,0.10063,0.32092,0.57365,0.70967,0.77442,0.81281,0.84266,0.86934,0.89389,0.91761,0.9368,0.95508,0.96693,0.97783,0.98382,0.98854,0.99167,0.99243,0.99467,0.99192,0.99685,0.99297,0.99804,0.99292,0.9848,0.98844,0.97103,0.98851,0.97639,0.89433,0.81695,0.65551,0.49068,0.48783,0.43544,0.44537,0.55033,0.72202,0.73704
0.29573,0.31466,0.43567,0.56469,0.64396,0.6852,0.70915,0.72868,0.74936,0.77184,0.79847,0.82296,0.85193,0.87316,0.89738,0.9124,0.92452,0.93655,0.93218,0.95326,0.93936,0.98084,0.98117,0.98688,0.95613,0.85295,0.77775,0.60068,0.65937,0.63603,0.68247,0.72011,0.64259,0.65448,0.58452,0.5889,0.18335,0.16018,0.55607,0.5605
0.29573,0.31466,0.43567,0.56469,0.64396,0.6852,0.70915,0.72868,0.74936,0.77184,0.79847,0.82296,0.85193,0.87316,0.89738,0.9124,0.92452,0.93655,0.93218,0.95326,0.93936,0.98084,0.98117,0.98688,0.95613,0.85295,0.77775,0.60068,0.65937,0.63603,0.68247,0.72011,0.64259,0.65448,0.58452,0.5889,0.18335,0.16018,0.55607,0.5605
0.29573,0.31466,0.43567,0.56469,0.64396,0.6852,0.70915,0.72868,0.74936,0.77184,0.79847,0.82296,0.85193,0.87316,0.89738,0.9124,0.92452,0.93655,0.93218,0.95326,0.93936,0.98084,0.98117,0.98688,0.95613,0.85295,0.77775,0.60068,0.65937,0.63603,0.68247,0.72011,0.64259,0.65448,0.58452,0.5889,0.18335,0.16018,0.55607,0.5605
0.29573,0.31466,0.43567,0.56469,0.64396,0.6852,0.70915,0.72868,0.74936,0.77184,0.79847,0.82296,0.85193,0.87316,0.89738,0.9124,0.92452,0.93655,0.93218,0.95326,0.93936,0.98084,0.98117,0.98688,0.95613,0.85295,0.77775,0.60068,0.65937,0.63603,0.68247,0.72011,0.64259,0.65448,0.58452,0.5889,0.18335,0.16018,0.55607,0.5605
0.29573,0.31466,0.43567,0.56469,0.64396,0.6852,0.70915,0.72868,0.74936,0.77184,0.79847,0.82296,0.85193,0.87316,0.89738,0.9124,0.92452,0.93655,0.93218,0.95326,0.93936,0.98084,0.98117,0.98688,0.95613,0.85295,0.77775,0.60068,0.65937,0.63603,0.68247,0.72011,0.64259,0.65448,0.58452,0.5889,0.18335,0.16018,0.55607,0.5605
0.29573,0.31466,0.43567,0.56469,0.64396,0.6852,0.70915,0.72868,0.74936,0.77184,0.79847,0.82296,0.85193,0.87316,0.89738,0.9124,0.92452,0.93655,0.93218,0.95326,0.93936,0.98084,0.98117,0.98688,0.95613,0.85295,0.77775,0.60068,0.65937,0.63603,0.68247,0.72011,0.64259,0.65448,0.58452,0.5889,0.18335,0.16018,0.55607,0.5605
0.29573,0.31466,0.43567,0.56469,0.64396,0.6852,0.70915,0.72868,0.74936,0.77184,0.79847,0.82296,0.85193,0.87316,0.89738,0.9124,0.92452,0.93655,0.93218,0.95326,0.93936,0.98084,0.98117,0.98688,0.95613,0.85295,0.77775,0.60068,0.65937,0.63603,0.68247,0.72011,0.64259,0.65448,0.58452,0.5889,0.18335,0.16018,0.55607,0.5605
0.20816,0.23463,0.37874,0.51262,0.6036,0.6764,0.74665,0.81463,0.8774,0.92313,0.95699,0.97557,0.98618,0.99297,0.99462,0.99855,0.99842,0.99919,0.99466,0.99575,0.98307,0.99907,0.9971,0.95563,0.89966,0.85898,0.89267,0.76077,0.29871,0.26712,0.54324,0.61466,0.87473,0.8816,0.50822,0.50767,0.11862,0.10862,0.72758,0.73276
0.32871,0.3449,0.47476,0.61585,0.71186,0.7796,0.83373,0.87792,0.9148,0.94067,0.96081,0.97325,0.98039,0.98779,0.98729,0.99621,0.99584,0.99738,0.9825,0.95485,0.87658,0.86048,0.64214,0.31433,0.47913,0.75449,0.73591,0.74795,-0.075546,-0.096736,0.64289,0.66273,0.9271,0.92727,0.5955,0.58848,0.0038459,0.0004034,0.87532,0.87696
0.32871,0.3449,0.47476,0.61585,0.71186,0.7796,0.83373,0.87792,0.9148,0.94067,0.96081,0.97325,0.98039,0.98779,0.98729,0.99621,0.99584,0.99738,0.9825,0.95485,0.87658,0.86048,0.64214,0.31433,0.47913,0.75449,0.73591,0.74795,-0.075546,-0.096736,0.64289,0.66273,0.9271,0.92727,0.5955,0.58848,0.0038459,0.0004034,0.87532,0.87696
0.32871,0.3449,0.47476,0.61585,0.71186,0.7796,0.83373,0.87792,0.9148,0.94067,0.96081,0.97325,0.98039,0.98779,0.98729,0.99621,0.99584,0.99738,0.9825,0.95485,0.87658,0.86048,0.64214,0.31433,0.47913,0.75449,0.73591,0.74795,-0.075546,-0.096736,0.64289,0.66273,0.9271,0.92727,0.5955,0.58848,0.0038459,0.0004034,0.87532,0.87696
0.32871,0.3449,0.47476,0.61585,0.71186,0.7796,0.83373,0.87792,0.9148,0.94067,0.96081,0.97325,0.98039,0.98779,0.98729,0.99621,0.99584,0.99738,0.9825,0.95485,0.87658,0.86048,0.64214,0.31433,0.47913,0.75449,0.73591,0.74795,-0.075546,-0.096736,0.64289,0.66273,0.9271,0.92727,0.5955,0.58848,0.0038459,0.0004034,0.87532,0.87696
