0.0066755,0.011902,0.042366,0.072582,0.097392,0.12219,0.14708,0.17206,0.19506,0.21698,0.23612,0.25427,0.26988,0.28498,0.29793,0.31076,0.32172,0.33295,0.3425,0.35272,0.36135,0.37104,0.37911,0.38857,0.39635,0.40577,0.41505,0.42286,0.4322,0.43997,0.44939,0.45714,0.46662,0.47434,0.48381,0.49148,0.50089,0.50847,0.51771,0.52515
0.066971,0.074734,0.13461,0.19928,0.24624,0.28141,0.3083,0.33039,0.34906,0.36679,0.38274,0.39955,0.41477,0.43183,0.44701,0.46456,0.47981,0.49756,0.51264,0.53001,0.54454,0.56092,0.57451,0.58949,0.60187,0.61525,0.62753,0.63813,0.64891,0.65824,0.66764,0.67583,0.68394,0.69109,0.69796,0.70413,0.70977,0.71497,0.71935,0.72359
0.05878,0.079759,0.17495,0.24426,0.28768,0.32,0.34632,0.37066,0.39329,0.41742,0.44023,0.46528,0.48806,0.51233,0.53355,0.55521,0.5737,0.59194,0.6074,0.62228,0.63496,0.64679,0.65701,0.66587,0.67373,0.67952,0.6835,0.68742,0.68818,0.6893,0.68694,0.6852,0.68001,0.67544,0.66783,0.66059,0.65109,0.64143,0.63064,0.61891
0.12941,0.15033,0.23567,0.29182,0.32468,0.35143,0.3769,0.40416,0.43127,0.46003,0.48655,0.51252,0.53502,0.55532,0.57241,0.58646,0.5982,0.60614,0.61272,0.6144,0.6156,0.61063,0.60593,0.59423,0.58315,0.56492,0.54441,0.52271,0.49656,0.46781,0.43652,0.40066,0.36488,0.32206,0.2827,0.23352,0.19246,0.13846,0.098157,0.041948
0.13998,0.15991,0.25076,0.32413,0.37433,0.41668,0.45543,0.49291,0.52672,0.55768,0.5839,0.60636,0.62483,0.63902,0.65031,0.65608,0.65991,0.65696,0.65272,0.64155,0.62912,0.61122,0.59113,0.56855,0.54195,0.51705,0.49269,0.46117,0.43858,0.4071,0.38969,0.36214,0.3523,0.33213,0.33101,0.32023,0.32768,0.32659,0.34158,0.34929
0.15486,0.18335,0.27455,0.33243,0.38084,0.42917,0.47452,0.5143,0.54683,0.5719,0.59122,0.60379,0.61253,0.61329,0.61122,0.60027,0.58695,0.56631,0.54293,0.51634,0.48575,0.45748,0.42371,0.39837,0.36628,0.34843,0.33412,0.31444,0.30867,0.29819,0.29969,0.29725,0.30364,0.30704,0.31507,0.32174,0.33011,0.33838,0.34567,0.35425
0.18417,0.19863,0.27967,0.35906,0.42457,0.48319,0.53384,0.5768,0.61251,0.6418,0.6658,0.6822,0.69421,0.6979,0.69827,0.69324,0.68579,0.67808,0.6682,0.66261,0.65463,0.65382,0.65012,0.654,0.65473,0.66126,0.66791,0.6726,0.67977,0.68507,0.69173,0.69675,0.70225,0.70646,0.71022,0.71306,0.7164,0.71814,0.72079,0.72162
0.24536,0.25468,0.30291,0.34883,0.38988,0.42761,0.45915,0.48273,0.49975,0.50826,0.51132,0.50498,0.49405,0.47623,0.45503,0.43361,0.40975,0.39328,0.3747,0.36872,0.36018,0.36449,0.3657,0.37598,0.38319,0.39564,0.40712,0.41721,0.4278,0.43724,0.4459,0.45376,0.46036,0.46615,0.47221,0.47656,0.48159,0.48506,0.48967,0.49332
0.20981,0.23818,0.3351,0.39504,0.43576,0.46377,0.48049,0.48496,0.47979,0.45854,0.42682,0.37866,0.31941,0.25074,0.16981,0.093611,0.0054151,-0.059355,-0.13253,-0.17071,-0.2122,-0.22247,-0.23176,-0.22679,-0.2152,-0.20318,-0.19195,-0.16758,-0.15309,-0.12506,-0.10776,-0.076529,-0.058084,-0.023278,-0.0069598,0.031656,0.041947,0.083637,0.070356,0.099015
0.20401,0.22231,0.29297,0.35009,0.39513,0.4306,0.45776,0.47609,0.48809,0.49357,0.49635,0.50034,0.50552,0.51899,0.53441,0.559,0.58335,0.61275,0.63958,0.66812,0.69288,0.7179,0.73919,0.75977,0.77749,0.7945,0.80876,0.82246,0.8328,0.84341,0.85131,0.85888,0.8665,0.87192,0.87117,0.86778,0.87399,0.86359,0.868,0.84708
0.25394,0.25958,0.30333,0.34977,0.38513,0.40864,0.42032,0.41731,0.40233,0.37364,0.33572,0.29468,0.2494,0.2166,0.18408,0.17341,0.16431,0.17248,0.18068,0.19661,0.21117,0.22661,0.24076,0.25248,0.26298,0.27263,0.28153,0.28856,0.29384,0.29928,0.29988,0.30281,0.30244,0.30332,0.29593,0.28951,0.31586,0.32923,0.33197,0.35284
0.24481,0.24333,0.25768,0.28602,0.31423,0.34213,0.37113,0.40188,0.43266,0.46522,0.49601,0.52971,0.5601,0.59185,0.61897,0.64522,0.66663,0.68702,0.70276,0.71778,0.72873,0.73914,0.74617,0.75323,0.75756,0.76102,0.76297,0.76346,0.76623,0.76617,0.76312,0.75695,0.7628,0.75636,0.75751,0.7461,0.74144,0.72019,0.74131,0.72617
0.12986,0.13341,0.14645,0.14889,0.14547,0.15061,0.1695,0.20354,0.24905,0.30692,0.36887,0.43453,0.4955,0.55323,0.60253,0.64806,0.68593,0.72078,0.75063,0.77684,0.80136,0.81975,0.83951,0.85149,0.86606,0.8749,0.88061,0.88515,0.89364,0.89177,0.89153,0.87087,0.89494,0.86941,0.87437,0.82836,0.84641,0.78778,0.87801,0.83877
0.11785,0.13002,0.17322,0.19201,0.18354,0.15913,0.12652,0.089754,0.052825,0.024709,0.0038266,0.0031535,0.013585,0.040513,0.070944,0.10493,0.13165,0.16044,0.17741,0.1994,0.21069,0.22251,0.22929,0.22766,0.22548,0.22627,0.22082,0.21245,0.22479,0.22753,0.19211,0.16257,0.21585,0.21713,0.25353,0.28435,0.23599,0.25925,0.16304,0.17367
0.094684,0.11763,0.20199,0.24725,0.25888,0.24928,0.22766,0.20535,0.1908,0.19861,0.22802,0.28565,0.35773,0.43763,0.51133,0.58026,0.63654,0.68815,0.72975,0.75978,0.78067,0.8094,0.81672,0.81629,0.77866,0.823,0.83853,0.77958,0.76577,0.6619,0.69762,0.57779,0.65363,0.55924,0.57817,0.55256,0.50103,0.47645,0.25364,0.1955
0.05399,0.050135,0.060154,0.1283,0.23876,0.36314,0.47923,0.57843,0.65769,0.72102,0.76933,0.8074,0.83541,0.85859,0.87485,0.88861,0.89775,0.90512,0.90969,0.91205,0.9116,0.91496,0.91248,0.9116,0.90047,0.90736,0.90885,0.89511,0.89361,0.86872,0.81637,0.75946,0.73245,0.64008,0.71432,0.76247,0.55607,0.59235,0.68437,0.70086
0.05399,0.050135,0.060154,0.1283,0.23876,0.36314,0.47923,0.57843,0.65769,0.72102,0.76933,0.8074,0.83541,0.85859,0.87485,0.88861,0.89775,0.90512,0.90969,0.91205,0.9116,0.91496,0.91248,0.9116,0.90047,0.90736,0.90885,0.89511,0.89361,0.86872,0.81637,0.75946,0.73245,0.64008,0.71432,0.76247,0.55607,0.59235,0.68437,0.70086
0.14655,0.15048,0.21494,0.31481,0.44987,0.59103,0.70152,0.77247,0.81606,0.84384,0.86306,0.87908,0.89281,0.90503,0.9175,0.92679,0.93762,0.94434,0.9526,0.95645,0.95969,0.96302,0.95898,0.96526,0.9532,0.96516,0.98043,0.97099,0.98595,0.97242,0.91569,0.8484,0.81991,0.73177,0.48768,0.46125,0.68426,0.72819,0.81946,0.82892
0.21164,0.23199,0.31978,0.40267,0.51017,0.63005,0.74035,0.82018,0.87152,0.89734,0.90885,0.91546,0.91678,0.9184,0.91829,0.91757,0.91479,0.91662,0.9132,0.91018,0.89182,0.9025,0.8744,0.8818,0.8403,0.74748,0.7522,0.62538,0.73204,0.77392,0.40779,0.48506,0.69823,0.70358,0.54822,0.55007,0.39608,0.39291,0.64928,0.64613
0.21164,0.23199,0.31978,0.40267,0.51017,0.63005,0.74035,0.82018,0.87152,0.89734,0.90885,0.91546,0.91678,0.9184,0.91829,0.91757,0.91479,0.91662,0.9132,0.91018,0.89182,0.9025,0.8744,0.8818,0.8403,0.74748,0.7522,0.62538,0.73204,0.77392,0.40779,0.48506,0.69823,0.70358,0.54822,0.55007,0.39608,0.39291,0.64928,0.64613
0.21164,0.23199,0.31978,0.40267,0.51017,0.63005,0.74035,0.82018,0.87152,0.89734,0.90885,0.91546,0.91678,0.9184,0.91829,0.91757,0.91479,0.91662,0.9132,0.91018,0.89182,0.9025,0.8744,0.8818,0.8403,0.74748,0.7522,0.62538,0.73204,0.77392,0.40779,0.48506,0.69823,0.70358,0.54822,0.55007,0.39608,0.39291,0.64928,0.64613
0.21164,0.23199,0.31978,0.40267,0.51017,0.63005,0.74035,0.82018,0.87152,0.89734,0.90885,0.91546,0.91678,0.9184,0.91829,0.91757,0.91479,0.91662,0.9132,0.91018,0.89182,0.9025,0.8744,0.8818,0.8403,0.74748,0.7522,0.62538,0.73204,0.77392,0.40779,0.48506,0.69823,0.70358,0.54822,0.55007,0.39608,0.39291,0.64928,0.64613
0.1168,0.1428,0.29423,0.42727,0.5323,0.62417,0.70003,0.75951,0.80587,0.84184,0.87159,0.8949,0.91581,0.93108,0.94512,0.95406,0.95916,0.9665,0.96125,0.96433,0.92889,0.9676,0.92509,0.94937,0.89358,0.83682,0.67098,0.57011,0.62329,0.65204,0.72413,0.73396,0.72833,0.73434,0.59267,0.59228,0.41053,0.41886,0.78287,0.7763
0.18443,0.229,0.52205,0.71894,0.81734,0.87315,0.90796,0.93129,0.94673,0.95742,0.96425,0.96847,0.97085,0.97219,0.97225,0.97319,0.97245,0.97242,0.96868,0.95256,0.92026,0.87394,0.77039,0.88966,0.89948,0.92263,0.82384,0.82884,0.67405,0.67736,0.91602,0.91809,0.93539,0.93657,0.82823,0.82695,0.68958,0.69202,0.9241,0.9254
0.18443,0.229,0.52205,0.71894,0.81734,0.87315,0.90796,0.93129,0.94673,0.95742,0.96425,0.96847,0.97085,0.97219,0.97225,0.97319,0.97245,0.97242,0.96868,0.95256,0.92026,0.87394,0.77039,0.88966,0.89948,0.92263,0.82384,0.82884,0.67405,0.67736,0.91602,0.91809,0.93539,0.93657,0.82823,0.82695,0.68958,0.69202,0.9241,0.9254
0.18443,0.229,0.52205,0.71894,0.81734,0.87315,0.90796,0.93129,0.94673,0.95742,0.96425,0.96847,0.97085,0.97219,0.97225,0.97319,0.97245,0.97242,0.96868,0.95256,0.92026,0.87394,0.77039,0.88966,0.89948,0.92263,0.82384,0.82884,0.67405,0.67736,0.91602,0.91809,0.93539,0.93657,0.82823,0.82695,0.68958,0.69202,0.9241,0.9254
0.18443,0.229,0.52205,0.71894,0.81734,0.87315,0.90796,0.93129,0.94673,0.95742,0.96425,0.96847,0.97085,0.97219,0.97225,0.97319,0.97245,0.97242,0.96868,0.95256,0.92026,0.87394,0.77039,0.88966,0.89948,0.92263,0.82384,0.82884,0.67405,0.67736,0.91602,0.91809,0.93539,0.93657,0.82823,0.82695,0.68958,0.69202,0.9241,0.9254
0.18443,0.229,0.52205,0.71894,0.81734,0.87315,0.90796,0.93129,0.94673,0.95742,0.96425,0.96847,0.97085,0.97219,0.97225,0.97319,0.97245,0.97242,0.96868,0.95256,0.92026,0.87394,0.77039,0.88966,0.89948,0.92263,0.82384,0.82884,0.67405,0.67736,0.91602,0.91809,0.93539,0.93657,0.82823,0.82695,0.68958,0.69202,0.9241,0.9254
0.18443,0.229,0.52205,0.71894,0.81734,0.87315,0.90796,0.93129,0.94673,0.95742,0.96425,0.96847,0.97085,0.97219,0.97225,0.97319,0.97245,0.97242,0.96868,0.95256,0.92026,0.87394,0.77039,0.88966,0.89948,0.92263,0.82384,0.82884,0.67405,0.67736,0.91602,0.91809,0.93539,0.93657,0.82823,0.82695,0.68958,0.69202,0.9241,0.9254
0.2674,0.26798,0.50298,0.78612,0.92019,0.96865,0.9861,0.99351,0.99704,0.99869,0.99944,0.99977,0.99978,0.99978,0.99876,0.99956,0.99754,0.99927,0.99737,0.97724,0.94297,0.89572,0.77941,0.96238,0.9708,0.87099,0.8566,0.86051,0.8702,0.87143,0.82934,0.8366,0.91295,0.91454,0.94084,0.94064,0.63378,0.63427,0.86892,0.87245
0.2674,0.26798,0.50298,0.78612,0.92019,0.96865,0.9861,0.99351,0.99704,0.99869,0.99944,0.99977,0.99978,0.99978,0.99876,0.99956,0.99754,0.99927,0.99737,0.97724,0.94297,0.89572,0.77941,0.96238,0.9708,0.87099,0.8566,0.86051,0.8702,0.87143,0.82934,0.8366,0.91295,0.91454,0.94084,0.94064,0.63378,0.63427,0.86892,0.87245
0.20351,0.20076,0.51869,0.80164,0.92203,0.96578,0.9817,0.98875,0.99222,0.99395,0.99454,0.99508,0.99475,0.98929,0.95807,0.94247,0.74034,0.92364,0.96997,0.7631,0.77697,0.49162,0.49339,0.98445,0.98651,0.78027,0.5006,0.50772,0.98847,0.98952,0.77626,0.77466,0.52746,0.53565,0.99119,0.9917,0.7698,0.76799,0.55353,0.56044
0.20351,0.20076,0.51869,0.80164,0.92203,0.96578,0.9817,0.98875,0.99222,0.99395,0.99454,0.99508,0.99475,0.98929,0.95807,0.94247,0.74034,0.92364,0.96997,0.7631,0.77697,0.49162,0.49339,0.98445,0.98651,0.78027,0.5006,0.50772,0.98847,0.98952,0.77626,0.77466,0.52746,0.53565,0.99119,0.9917,0.7698,0.76799,0.55353,0.56044
0.20351,0.20076,0.51869,0.80164,0.92203,0.96578,0.9817,0.98875,0.99222,0.99395,0.99454,0.99508,0.99475,0.98929,0.95807,0.94247,0.74034,0.92364,0.96997,0.7631,0.77697,0.49162,0.49339,0.98445,0.98651,0.78027,0.5006,0.50772,0.98847,0.98952,0.77626,0.77466,0.52746,0.53565,0.99119,0.9917,0.7698,0.76799,0.55353,0.56044
0.20351,0.20076,0.51869,0.80164,0.92203,0.96578,0.9817,0.98875,0.99222,0.99395,0.99454,0.99508,0.99475,0.98929,0.95807,0.94247,0.74034,0.92364,0.96997,0.7631,0.77697,0.49162,0.49339,0.98445,0.98651,0.78027,0.5006,0.50772,0.98847,0.98952,0.77626,0.77466,0.52746,0.53565,0.99119,0.9917,0.7698,0.76799,0.55353,0.56044
0.20351,0.20076,0.51869,0.80164,0.92203,0.96578,0.9817,0.98875,0.99222,0.99395,0.99454,0.99508,0.99475,0.98929,0.95807,0.94247,0.74034,0.92364,0.96997,0.7631,0.77697,0.49162,0.49339,0.98445,0.98651,0.78027,0.5006,0.50772,0.98847,0.98952,0.77626,0.77466,0.52746,0.53565,0.99119,0.9917,0.7698,0.76799,0.55353,0.56044
0.20351,0.20076,0.51869,0.80164,0.92203,0.96578,0.9817,0.98875,0.99222,0.99395,0.99454,0.99508,0.99475,0.98929,0.95807,0.94247,0.74034,0.92364,0.96997,0.7631,0.77697,0.49162,0.49339,0.98445,0.98651,0.78027,0.5006,0.50772,0.98847,0.98952,0.77626,0.77466,0.52746,0.53565,0.99119,0.9917,0.7698,0.76799,0.55353,0.56044
0.20351,0.20076,0.51869,0.80164,0.92203,0.96578,0.9817,0.98875,0.99222,0.99395,0.99454,0.99508,0.99475,0.98929,0.95807,0.94247,0.74034,0.92364,0.96997,0.7631,0.77697,0.49162,0.49339,0.98445,0.98651,0.78027,0.5006,0.50772,0.98847,0.98952,0.77626,0.77466,0.52746,0.53565,0.99119,0.9917,0.7698,0.76799,0.55353,0.56044
0.20351,0.20076,0.51869,0.80164,0.92203,0.96578,0.9817,0.98875,0.99222,0.99395,0.99454,0.99508,0.99475,0.98929,0.95807,0.94247,0.74034,0.92364,0.96997,0.7631,0.77697,0.49162,0.49339,0.98445,0.98651,0.78027,0.5006,0.50772,0.98847,0.98952,0.77626,0.77466,0.52746,0.53565,0.99119,0.9917,0.7698,0.76799,0.55353,0.56044
0.20351,0.20076,0.51869,0.80164,0.92203,0.96578,0.9817,0.98875,0.99222,0.99395,0.99454,0.99508,0.99475,0.98929,0.95807,0.94247,0.74034,0.92364,0.96997,0.7631,0.77697,0.49162,0.49339,0.98445,0.98651,0.78027,0.5006,0.50772,0.98847,0.98952,0.77626,0.77466,0.52746,0.53565,0.99119,0.9917,0.7698,0.76799,0.55353,0.56044
