0.099331,0.11342,0.19055,0.26442,0.3192,0.36628,0.40835,0.44788,0.48319,0.51691,0.54622,0.57441,0.59838,0.62179,0.6415,0.6612,0.67774,0.6947,0.7089,0.72378,0.73618,0.74936,0.76027,0.77197,0.7816,0.79195,0.80146,0.80953,0.81787,0.82492,0.83221,0.83834,0.84467,0.84998,0.85545,0.86004,0.86473,0.86868,0.87268,0.87606
0.15677,0.18905,0.34577,0.46451,0.54094,0.59898,0.64423,0.68122,0.71146,0.73813,0.76061,0.78127,0.79862,0.81471,0.82802,0.84035,0.85042,0.85969,0.86721,0.87405,0.87957,0.88449,0.88845,0.89186,0.89461,0.89685,0.89861,0.90005,0.90108,0.90191,0.90236,0.90271,0.90271,0.90267,0.90229,0.90192,0.90121,0.90055,0.89953,0.89859
0.22721,0.26771,0.4285,0.54069,0.61379,0.66917,0.7132,0.74986,0.77977,0.80496,0.82501,0.84158,0.85446,0.86477,0.87265,0.87863,0.88314,0.8863,0.88862,0.89002,0.89095,0.89119,0.89119,0.89058,0.88987,0.88857,0.88699,0.88535,0.88321,0.88103,0.87828,0.87551,0.87215,0.86871,0.86466,0.86044,0.85558,0.85043,0.84463,0.83836
0.39538,0.43433,0.5804,0.66627,0.71765,0.75792,0.79008,0.81542,0.83447,0.8487,0.85896,0.86622,0.87132,0.87471,0.87702,0.87838,0.87918,0.87937,0.87922,0.87851,0.87757,0.87607,0.87436,0.87201,0.86943,0.86615,0.86242,0.85815,0.85324,0.84751,0.84129,0.83375,0.82614,0.81644,0.80729,0.79506,0.78457,0.76962,0.75794,0.7403
0.4749,0.51248,0.64037,0.71569,0.76182,0.79648,0.82243,0.84153,0.85515,0.86454,0.87082,0.87461,0.87677,0.87746,0.87726,0.87603,0.87421,0.87141,0.86809,0.86364,0.85853,0.8521,0.84463,0.83565,0.82496,0.8131,0.80001,0.78307,0.76675,0.7446,0.72468,0.69664,0.67365,0.63978,0.61442,0.57573,0.54788,0.50573,0.47742,0.43508
0.41093,0.45744,0.61887,0.71262,0.76602,0.80191,0.82572,0.8408,0.84987,0.85506,0.85782,0.8592,0.85948,0.85895,0.85776,0.85568,0.85311,0.84949,0.84546,0.84058,0.83531,0.83019,0.82473,0.82078,0.81685,0.81558,0.81578,0.81686,0.81985,0.82392,0.82857,0.83396,0.83876,0.84385,0.84854,0.85276,0.858,0.86169,0.86637,0.86941
0.45661,0.49288,0.64477,0.74407,0.79905,0.83476,0.85699,0.8693,0.87541,0.87765,0.87768,0.8765,0.87464,0.87274,0.87087,0.86958,0.86885,0.86925,0.87075,0.87381,0.87828,0.88373,0.89044,0.89682,0.90396,0.9096,0.91475,0.91989,0.92389,0.9276,0.93086,0.93356,0.93628,0.93827,0.94099,0.94267,0.94496,0.94637,0.94879,0.95023
0.51245,0.53603,0.64518,0.72441,0.7707,0.79945,0.8158,0.82472,0.8296,0.83286,0.8351,0.83712,0.83928,0.84165,0.8453,0.84989,0.85696,0.86523,0.87641,0.88669,0.89911,0.90817,0.9181,0.92361,0.92945,0.93285,0.93598,0.9379,0.9405,0.9413,0.94333,0.94347,0.94566,0.9457,0.94686,0.94653,0.94684,0.9456,0.94528,0.9424
0.52317,0.5537,0.66099,0.71546,0.73572,0.74442,0.74928,0.75437,0.76011,0.76617,0.77211,0.7777,0.78319,0.79022,0.79773,0.80907,0.82102,0.83671,0.85192,0.8685,0.88332,0.89791,0.91016,0.92203,0.93141,0.94095,0.94923,0.95526,0.96187,0.96632,0.97008,0.97244,0.9757,0.97652,0.97762,0.97587,0.97883,0.97547,0.97666,0.97022
0.44454,0.47765,0.60298,0.67803,0.71944,0.74683,0.76645,0.78261,0.79683,0.81104,0.82632,0.84302,0.86284,0.88346,0.90671,0.92644,0.94645,0.9596,0.97183,0.97832,0.98394,0.98702,0.98906,0.99105,0.9915,0.99325,0.99468,0.99479,0.99565,0.99554,0.99534,0.99418,0.99484,0.99279,0.99337,0.98982,0.99309,0.98907,0.99071,0.9844
0.56458,0.59739,0.72128,0.79695,0.8303,0.84557,0.85422,0.86202,0.87065,0.88091,0.89277,0.90566,0.91966,0.93276,0.94551,0.9553,0.96383,0.96967,0.97442,0.9781,0.98077,0.98355,0.9852,0.98731,0.98827,0.99007,0.99094,0.99131,0.99196,0.99172,0.99172,0.99026,0.99229,0.99084,0.99144,0.98878,0.98624,0.97935,0.98231,0.97427
0.5148,0.55428,0.69232,0.76022,0.78491,0.80438,0.82681,0.85246,0.87804,0.90149,0.92175,0.9368,0.94843,0.95523,0.96005,0.96225,0.96363,0.96422,0.96435,0.96453,0.96425,0.96454,0.96426,0.96444,0.96419,0.9641,0.96384,0.96308,0.96365,0.96283,0.96321,0.96196,0.96142,0.95832,0.95647,0.94956,0.95549,0.94877,0.9528,0.94671
0.31057,0.35545,0.5345,0.63468,0.6935,0.7532,0.81064,0.85961,0.89805,0.92669,0.94787,0.96232,0.97268,0.97933,0.98411,0.98729,0.9896,0.9914,0.99263,0.99383,0.99456,0.99532,0.99573,0.9961,0.99604,0.99662,0.99679,0.99635,0.99679,0.99584,0.99562,0.99288,0.99499,0.9916,0.99016,0.98295,0.98333,0.97266,0.97924,0.96836
0.3229,0.34967,0.45622,0.52312,0.57027,0.63203,0.7036,0.77249,0.83017,0.87475,0.90741,0.93044,0.94666,0.95843,0.96687,0.97385,0.97884,0.98332,0.98637,0.98921,0.99106,0.99235,0.99297,0.99344,0.99248,0.99422,0.99441,0.9929,0.99347,0.99046,0.98966,0.98269,0.99055,0.98576,0.9742,0.96269,0.94314,0.92608,0.90879,0.88122
0.3373,0.40231,0.60354,0.71873,0.77216,0.80774,0.84149,0.87518,0.90648,0.93224,0.95227,0.9662,0.97608,0.98276,0.98743,0.99097,0.99338,0.99533,0.99655,0.99756,0.99801,0.99836,0.99795,0.99833,0.99694,0.99855,0.99837,0.99646,0.99666,0.99253,0.99317,0.98583,0.98933,0.98014,0.96896,0.95352,0.95509,0.94143,0.92928,0.90734
0.276,0.35604,0.57954,0.72002,0.81661,0.88216,0.92555,0.9533,0.97134,0.98199,0.98865,0.99239,0.99466,0.99622,0.99712,0.99797,0.99843,0.99877,0.99884,0.99897,0.99854,0.99914,0.99869,0.99814,0.99548,0.9971,0.99905,0.99841,0.99134,0.98262,0.97793,0.96271,0.96378,0.93518,0.90248,0.93585,0.92286,0.9283,0.98166,0.98283
0.276,0.35604,0.57954,0.72002,0.81661,0.88216,0.92555,0.9533,0.97134,0.98199,0.98865,0.99239,0.99466,0.99622,0.99712,0.99797,0.99843,0.99877,0.99884,0.99897,0.99854,0.99914,0.99869,0.99814,0.99548,0.9971,0.99905,0.99841,0.99134,0.98262,0.97793,0.96271,0.96378,0.93518,0.90248,0.93585,0.92286,0.9283,0.98166,0.98283
0.52542,0.54444,0.62358,0.72123,0.81363,0.88229,0.92577,0.95128,0.96627,0.97473,0.97991,0.98283,0.98475,0.98606,0.98708,0.98807,0.98906,0.98984,0.99076,0.99129,0.99166,0.99235,0.99205,0.9919,0.98892,0.99107,0.99575,0.9943,0.9922,0.98424,0.98365,0.975,0.98125,0.98237,0.97257,0.97568,0.94385,0.9421,0.97512,0.97596
0.58164,0.59269,0.63684,0.72216,0.81681,0.88707,0.92995,0.95336,0.96591,0.97226,0.97554,0.9776,0.9786,0.97946,0.97986,0.98006,0.98001,0.98014,0.97986,0.97957,0.97772,0.97995,0.97933,0.97587,0.96966,0.96115,0.96185,0.94113,0.88293,0.89531,0.96645,0.97047,0.93147,0.93412,0.91402,0.91483,0.88982,0.8894,0.87381,0.8755
0.58164,0.59269,0.63684,0.72216,0.81681,0.88707,0.92995,0.95336,0.96591,0.97226,0.97554,0.9776,0.9786,0.97946,0.97986,0.98006,0.98001,0.98014,0.97986,0.97957,0.97772,0.97995,0.97933,0.97587,0.96966,0.96115,0.96185,0.94113,0.88293,0.89531,0.96645,0.97047,0.93147,0.93412,0.91402,0.91483,0.88982,0.8894,0.87381,0.8755
0.58164,0.59269,0.63684,0.72216,0.81681,0.88707,0.92995,0.95336,0.96591,0.97226,0.97554,0.9776,0.9786,0.97946,0.97986,0.98006,0.98001,0.98014,0.97986,0.97957,0.97772,0.97995,0.97933,0.97587,0.96966,0.96115,0.96185,0.94113,0.88293,0.89531,0.96645,0.97047,0.93147,0.93412,0.91402,0.91483,0.88982,0.8894,0.87381,0.8755
0.58164,0.59269,0.63684,0.72216,0.81681,0.88707,0.92995,0.95336,0.96591,0.97226,0.97554,0.9776,0.9786,0.97946,0.97986,0.98006,0.98001,0.98014,0.97986,0.97957,0.97772,0.97995,0.97933,0.97587,0.96966,0.96115,0.96185,0.94113,0.88293,0.89531,0.96645,0.97047,0.93147,0.93412,0.91402,0.91483,0.88982,0.8894,0.87381,0.8755
0.37526,0.39068,0.48207,0.59854,0.72581,0.8375,0.91544,0.95877,0.98079,0.9906,0.99493,0.99723,0.9981,0.99883,0.99902,0.99903,0.99804,0.9992,0.99809,0.99647,0.9877,0.99773,0.99359,0.97786,0.95163,0.93389,0.91466,0.84331,0.92179,0.96441,0.87156,0.89095,0.85464,0.86023,0.80726,0.80848,0.75629,0.76603,0.81967,0.81616
0.88412,0.86729,0.8925,0.93382,0.96629,0.98537,0.99374,0.99657,0.99724,0.99736,0.99726,0.99717,0.99707,0.99704,0.99698,0.99685,0.99617,0.99687,0.99636,0.99351,0.98758,0.9891,0.97298,0.91618,0.93569,0.98619,0.96354,0.9654,0.91113,0.90707,0.9553,0.95782,0.98728,0.9872,0.96603,0.96584,0.8969,0.89597,0.96446,0.96583
0.88412,0.86729,0.8925,0.93382,0.96629,0.98537,0.99374,0.99657,0.99724,0.99736,0.99726,0.99717,0.99707,0.99704,0.99698,0.99685,0.99617,0.99687,0.99636,0.99351,0.98758,0.9891,0.97298,0.91618,0.93569,0.98619,0.96354,0.9654,0.91113,0.90707,0.9553,0.95782,0.98728,0.9872,0.96603,0.96584,0.8969,0.89597,0.96446,0.96583
0.88412,0.86729,0.8925,0.93382,0.96629,0.98537,0.99374,0.99657,0.99724,0.99736,0.99726,0.99717,0.99707,0.99704,0.99698,0.99685,0.99617,0.99687,0.99636,0.99351,0.98758,0.9891,0.97298,0.91618,0.93569,0.98619,0.96354,0.9654,0.91113,0.90707,0.9553,0.95782,0.98728,0.9872,0.96603,0.96584,0.8969,0.89597,0.96446,0.96583
0.88412,0.86729,0.8925,0.93382,0.96629,0.98537,0.99374,0.99657,0.99724,0.99736,0.99726,0.99717,0.99707,0.99704,0.99698,0.99685,0.99617,0.99687,0.99636,0.99351,0.98758,0.9891,0.97298,0.91618,0.93569,0.98619,0.96354,0.9654,0.91113,0.90707,0.9553,0.95782,0.98728,0.9872,0.96603,0.96584,0.8969,0.89597,0.96446,0.96583
0.88412,0.86729,0.8925,0.93382,0.96629,0.98537,0.99374,0.99657,0.99724,0.99736,0.99726,0.99717,0.99707,0.99704,0.99698,0.99685,0.99617,0.99687,0.99636,0.99351,0.98758,0.9891,0.97298,0.91618,0.93569,0.98619,0.96354,0.9654,0.91113,0.90707,0.9553,0.95782,0.98728,0.9872,0.96603,0.96584,0.8969,0.89597,0.96446,0.96583
0.88412,0.86729,0.8925,0.93382,0.96629,0.98537,0.99374,0.99657,0.99724,0.99736,0.99726,0.99717,0.99707,0.99704,0.99698,0.99685,0.99617,0.99687,0.99636,0.99351,0.98758,0.9891,0.97298,0.91618,0.93569,0.98619,0.96354,0.9654,0.91113,0.90707,0.9553,0.95782,0.98728,0.9872,0.96603,0.96584,0.8969,0.89597,0.96446,0.96583
0.94227,0.95688,0.98549,0.9918,0.99311,0.99399,0.99504,0.99611,0.99714,0.99794,0.9986,0.99903,0.99929,0.99956,0.99957,0.99987,0.9999,0.99995,0.99954,0.9992,0.99763,0.99944,0.99826,0.97669,0.9823,0.99262,0.99876,0.99876,0.97719,0.97715,0.98853,0.98931,0.99925,0.9992,0.98998,0.98969,0.9734,0.97319,0.99814,0.99811
0.94227,0.95688,0.98549,0.9918,0.99311,0.99399,0.99504,0.99611,0.99714,0.99794,0.9986,0.99903,0.99929,0.99956,0.99957,0.99987,0.9999,0.99995,0.99954,0.9992,0.99763,0.99944,0.99826,0.97669,0.9823,0.99262,0.99876,0.99876,0.97719,0.97715,0.98853,0.98931,0.99925,0.9992,0.98998,0.98969,0.9734,0.97319,0.99814,0.99811
0.96246,0.97894,0.98917,0.99212,0.99324,0.99307,0.99235,0.99168,0.99121,0.99097,0.99082,0.99079,0.99074,0.99028,0.98767,0.98629,0.96821,0.98465,0.98865,0.97022,0.97144,0.98992,0.9889,0.98987,0.99004,0.97171,0.98492,0.98155,0.9902,0.99029,0.97134,0.97121,0.97424,0.97194,0.99043,0.99047,0.97078,0.97063,0.96806,0.96691
0.96246,0.97894,0.98917,0.99212,0.99324,0.99307,0.99235,0.99168,0.99121,0.99097,0.99082,0.99079,0.99074,0.99028,0.98767,0.98629,0.96821,0.98465,0.98865,0.97022,0.97144,0.98992,0.9889,0.98987,0.99004,0.97171,0.98492,0.98155,0.9902,0.99029,0.97134,0.97121,0.97424,0.97194,0.99043,0.99047,0.97078,0.97063,0.96806,0.96691
0.96246,0.97894,0.98917,0.99212,0.99324,0.99307,0.99235,0.99168,0.99121,0.99097,0.99082,0.99079,0.99074,0.99028,0.98767,0.98629,0.96821,0.98465,0.98865,0.97022,0.97144,0.98992,0.9889,0.98987,0.99004,0.97171,0.98492,0.98155,0.9902,0.99029,0.97134,0.97121,0.97424,0.97194,0.99043,0.99047,0.97078,0.97063,0.96806,0.96691
0.96246,0.97894,0.98917,0.99212,0.99324,0.99307,0.99235,0.99168,0.99121,0.99097,0.99082,0.99079,0.99074,0.99028,0.98767,0.98629,0.96821,0.98465,0.98865,0.97022,0.97144,0.98992,0.9889,0.98987,0.99004,0.97171,0.98492,0.98155,0.9902,0.99029,0.97134,0.97121,0.97424,0.97194,0.99043,0.99047,0.97078,0.97063,0.96806,0.96691
0.96246,0.97894,0.98917,0.99212,0.99324,0.99307,0.99235,0.99168,0.99121,0.99097,0.99082,0.99079,0.99074,0.99028,0.98767,0.98629,0.96821,0.98465,0.98865,0.97022,0.97144,0.98992,0.9889,0.98987,0.99004,0.97171,0.98492,0.98155,0.9902,0.99029,0.97134,0.97121,0.97424,0.97194,0.99043,0.99047,0.97078,0.97063,0.96806,0.96691
0.96246,0.97894,0.98917,0.99212,0.99324,0.99307,0.99235,0.99168,0.99121,0.99097,0.99082,0.99079,0.99074,0.99028,0.98767,0.98629,0.96821,0.98465,0.98865,0.97022,0.97144,0.98992,0.9889,0.98987,0.99004,0.97171,0.98492,0.98155,0.9902,0.99029,0.97134,0.97121,0.97424,0.97194,0.99043,0.99047,0.97078,0.97063,0.96806,0.96691
0.96246,0.97894,0.98917,0.99212,0.99324,0.99307,0.99235,0.99168,0.99121,0.99097,0.99082,0.99079,0.99074,0.99028,0.98767,0.98629,0.96821,0.98465,0.98865,0.97022,0.97144,0.98992,0.9889,0.98987,0.99004,0.97171,0.98492,0.98155,0.9902,0.99029,0.97134,0.97121,0.97424,0.97194,0.99043,0.99047,0.97078,0.97063,0.96806,0.96691
0.96246,0.97894,0.98917,0.99212,0.99324,0.99307,0.99235,0.99168,0.99121,0.99097,0.99082,0.99079,0.99074,0.99028,0.98767,0.98629,0.96821,0.98465,0.98865,0.97022,0.97144,0.98992,0.9889,0.98987,0.99004,0.97171,0.98492,0.98155,0.9902,0.99029,0.97134,0.97121,0.97424,0.97194,0.99043,0.99047,0.97078,0.97063,0.96806,0.96691
0.96246,0.97894,0.98917,0.99212,0.99324,0.99307,0.99235,0.99168,0.99121,0.99097,0.99082,0.99079,0.99074,0.99028,0.98767,0.98629,0.96821,0.98465,0.98865,0.97022,0.97144,0.98992,0.9889,0.98987,0.99004,0.97171,0.98492,0.98155,0.9902,0.99029,0.97134,0.97121,0.97424,0.97194,0.99043,0.99047,0.97078,0.97063,0.96806,0.96691
