0.091794,0.10276,0.1602,0.20711,0.2401,0.26996,0.29884,0.32756,0.35452,0.38059,0.40378,0.42602,0.44513,0.46389,0.47975,0.49598,0.50958,0.52399,0.53596,0.54891,0.55959,0.57137,0.58103,0.59191,0.60082,0.61108,0.62093,0.62934,0.63887,0.64698,0.65629,0.66418,0.67329,0.68098,0.68986,0.69735,0.70594,0.71319,0.72145,0.72841
0.096287,0.11413,0.20573,0.28998,0.35544,0.40951,0.45237,0.48698,0.51463,0.53903,0.55948,0.57922,0.59638,0.61438,0.63039,0.648,0.66364,0.68093,0.69609,0.71255,0.7268,0.74182,0.75474,0.76788,0.77918,0.79017,0.79983,0.80851,0.81608,0.82298,0.82857,0.83382,0.83765,0.8414,0.84369,0.84612,0.84709,0.84837,0.84814,0.84838
0.1797,0.2018,0.31114,0.39722,0.44915,0.48884,0.52256,0.55406,0.58322,0.61289,0.64062,0.66897,0.6946,0.71987,0.74198,0.76268,0.78043,0.796,0.80927,0.81992,0.82907,0.83542,0.84102,0.84389,0.84656,0.84657,0.84544,0.84442,0.84116,0.8381,0.83286,0.82782,0.82074,0.8137,0.80479,0.79566,0.78487,0.77351,0.76084,0.74708
0.26682,0.29646,0.41869,0.49825,0.54724,0.58734,0.62408,0.66043,0.6948,0.72774,0.75685,0.78266,0.80438,0.82205,0.83659,0.84712,0.85576,0.86075,0.86485,0.86575,0.8664,0.86429,0.8622,0.85777,0.85335,0.84721,0.84072,0.83341,0.8259,0.81723,0.80932,0.79988,0.79234,0.78304,0.77672,0.76871,0.76465,0.75927,0.75851,0.75708
0.30501,0.32271,0.43898,0.54001,0.59891,0.64378,0.68396,0.72135,0.75423,0.7811,0.80222,0.81629,0.82621,0.83034,0.83225,0.82948,0.82559,0.81729,0.80817,0.79486,0.78035,0.76214,0.74181,0.719,0.69255,0.66579,0.63803,0.6039,0.57417,0.53648,0.50725,0.4687,0.4429,0.40694,0.3863,0.35588,0.34119,0.318,0.31035,0.29551
0.29076,0.31258,0.40805,0.48859,0.56026,0.62892,0.68981,0.73946,0.77752,0.80364,0.82156,0.83051,0.83503,0.83272,0.8279,0.81759,0.80511,0.78842,0.76891,0.74711,0.72122,0.69613,0.66559,0.64005,0.60811,0.58667,0.56818,0.54465,0.53352,0.51817,0.51461,0.50728,0.50857,0.50705,0.5101,0.51174,0.51483,0.51776,0.52033,0.52352
0.41591,0.4325,0.49058,0.52862,0.56643,0.61251,0.66083,0.70408,0.73886,0.76198,0.7764,0.77951,0.77608,0.76265,0.74316,0.71492,0.67904,0.63691,0.58403,0.5309,0.46391,0.40823,0.33767,0.29207,0.23336,0.20612,0.18476,0.16013,0.15287,0.14567,0.14546,0.14886,0.1512,0.16006,0.16448,0.17682,0.178,0.19039,0.19168,0.20286
0.35574,0.40101,0.56191,0.64852,0.6994,0.73789,0.76484,0.77976,0.78559,0.78171,0.7718,0.75403,0.73137,0.70369,0.67111,0.63829,0.60053,0.56938,0.53414,0.5124,0.48757,0.47877,0.46706,0.46767,0.46555,0.47045,0.47434,0.47827,0.48213,0.4866,0.48942,0.49324,0.49536,0.49816,0.50018,0.50212,0.50477,0.50676,0.5101,0.51354
0.45988,0.49308,0.613,0.69739,0.76147,0.81176,0.84678,0.86811,0.88032,0.88583,0.88688,0.88522,0.88119,0.87785,0.87378,0.87277,0.87207,0.87444,0.87674,0.88017,0.88255,0.8851,0.8861,0.88728,0.88683,0.88701,0.88728,0.8858,0.88489,0.8824,0.88163,0.87846,0.87788,0.87421,0.87242,0.86741,0.86863,0.86367,0.8601,0.85137
0.38728,0.41662,0.57213,0.70085,0.77592,0.81552,0.83187,0.8333,0.82585,0.81041,0.78877,0.76291,0.73174,0.70318,0.67193,0.65183,0.63196,0.62588,0.62047,0.62423,0.62817,0.63531,0.64313,0.65059,0.65975,0.66702,0.67368,0.68299,0.69041,0.70059,0.70647,0.71688,0.72205,0.73252,0.73355,0.74115,0.74026,0.74247,0.74188,0.7377
0.29642,0.35704,0.56048,0.6796,0.75377,0.79775,0.8181,0.82006,0.80968,0.78982,0.76288,0.73464,0.70336,0.67994,0.65743,0.64782,0.63957,0.64037,0.64114,0.64524,0.64889,0.65251,0.65608,0.65835,0.66065,0.6631,0.66507,0.66666,0.66876,0.67109,0.66947,0.67044,0.66858,0.66754,0.6693,0.66964,0.67839,0.68754,0.68628,0.69907
0.54238,0.54249,0.59561,0.67614,0.73598,0.77173,0.78476,0.78011,0.76503,0.74702,0.72875,0.71627,0.70698,0.70431,0.70342,0.70534,0.70732,0.7099,0.71178,0.71379,0.7149,0.71656,0.71714,0.7186,0.71904,0.72049,0.71971,0.7197,0.71897,0.71797,0.71769,0.71601,0.72222,0.72626,0.71771,0.71612,0.7066,0.69622,0.71653,0.71645
0.53401,0.56919,0.69901,0.77627,0.81664,0.83907,0.85008,0.85502,0.85598,0.85719,0.85819,0.86133,0.86455,0.8687,0.87231,0.87575,0.87848,0.88108,0.88307,0.88522,0.88703,0.88923,0.89154,0.89346,0.89607,0.89812,0.89968,0.90143,0.90256,0.9015,0.90435,0.90043,0.9006,0.89027,0.90477,0.89751,0.89118,0.8703,0.89313,0.8714
0.65169,0.66682,0.73943,0.80236,0.84375,0.86689,0.87454,0.87403,0.87024,0.86867,0.86841,0.87112,0.87418,0.87809,0.88125,0.8843,0.88641,0.88843,0.88961,0.8909,0.89144,0.89253,0.89307,0.8924,0.89141,0.89194,0.89238,0.89141,0.89198,0.89045,0.88814,0.88211,0.88181,0.87207,0.89491,0.89575,0.84402,0.82636,0.76927,0.72636
0.57015,0.57381,0.60541,0.65003,0.6803,0.69086,0.68491,0.67006,0.65167,0.6393,0.631,0.63168,0.63497,0.64238,0.65026,0.65885,0.66816,0.67679,0.68772,0.69666,0.70988,0.71832,0.73261,0.73738,0.74653,0.74845,0.75622,0.74808,0.76957,0.75808,0.77403,0.74078,0.82162,0.79856,0.86492,0.84845,0.78534,0.75863,0.63426,0.62882
0.48086,0.51316,0.62031,0.65559,0.65608,0.64733,0.63856,0.6349,0.63533,0.638,0.6412,0.64296,0.64362,0.64369,0.64238,0.64222,0.64089,0.64105,0.64089,0.63967,0.63962,0.63722,0.63565,0.63717,0.63902,0.63944,0.63428,0.62994,0.64809,0.65927,0.63356,0.63012,0.55232,0.49121,0.80378,0.81998,0.74504,0.72785,0.54998,0.56064
0.48086,0.51316,0.62031,0.65559,0.65608,0.64733,0.63856,0.6349,0.63533,0.638,0.6412,0.64296,0.64362,0.64369,0.64238,0.64222,0.64089,0.64105,0.64089,0.63967,0.63962,0.63722,0.63565,0.63717,0.63902,0.63944,0.63428,0.62994,0.64809,0.65927,0.63356,0.63012,0.55232,0.49121,0.80378,0.81998,0.74504,0.72785,0.54998,0.56064
0.82138,0.83674,0.88682,0.91186,0.91988,0.92492,0.93128,0.9384,0.94479,0.94916,0.95201,0.95322,0.9534,0.95347,0.9528,0.95299,0.95282,0.95379,0.9547,0.95545,0.95514,0.95709,0.95427,0.95505,0.9453,0.9476,0.96406,0.94663,0.95223,0.91844,0.89552,0.8801,0.87573,0.88146,0.84221,0.84466,0.71422,0.71917,0.80246,0.81286
0.91058,0.9149,0.94234,0.9599,0.97011,0.97851,0.98508,0.9895,0.9922,0.99382,0.99479,0.99547,0.99589,0.9962,0.99635,0.99645,0.99622,0.99643,0.9957,0.99637,0.99546,0.99646,0.99596,0.99252,0.98725,0.97187,0.95417,0.90559,0.93395,0.9315,0.98395,0.98657,0.95905,0.96192,0.90533,0.90589,0.74563,0.74293,0.94481,0.94595
0.91058,0.9149,0.94234,0.9599,0.97011,0.97851,0.98508,0.9895,0.9922,0.99382,0.99479,0.99547,0.99589,0.9962,0.99635,0.99645,0.99622,0.99643,0.9957,0.99637,0.99546,0.99646,0.99596,0.99252,0.98725,0.97187,0.95417,0.90559,0.93395,0.9315,0.98395,0.98657,0.95905,0.96192,0.90533,0.90589,0.74563,0.74293,0.94481,0.94595
0.91058,0.9149,0.94234,0.9599,0.97011,0.97851,0.98508,0.9895,0.9922,0.99382,0.99479,0.99547,0.99589,0.9962,0.99635,0.99645,0.99622,0.99643,0.9957,0.99637,0.99546,0.99646,0.99596,0.99252,0.98725,0.97187,0.95417,0.90559,0.93395,0.9315,0.98395,0.98657,0.95905,0.96192,0.90533,0.90589,0.74563,0.74293,0.94481,0.94595
0.91058,0.9149,0.94234,0.9599,0.97011,0.97851,0.98508,0.9895,0.9922,0.99382,0.99479,0.99547,0.99589,0.9962,0.99635,0.99645,0.99622,0.99643,0.9957,0.99637,0.99546,0.99646,0.99596,0.99252,0.98725,0.97187,0.95417,0.90559,0.93395,0.9315,0.98395,0.98657,0.95905,0.96192,0.90533,0.90589,0.74563,0.74293,0.94481,0.94595
0.85903,0.87109,0.88843,0.88109,0.86392,0.85146,0.85173,0.86306,0.87962,0.89618,0.91333,0.92739,0.94205,0.95217,0.96273,0.96889,0.97378,0.97812,0.9765,0.98361,0.97731,0.99231,0.98953,0.99475,0.98609,0.95716,0.93035,0.89358,0.97473,0.97573,0.91285,0.91711,0.89824,0.90057,0.92144,0.92198,0.95094,0.95192,0.94314,0.94103
0.84537,0.84196,0.84241,0.84182,0.84895,0.86252,0.87307,0.87656,0.87519,0.87297,0.87009,0.86804,0.86672,0.8649,0.86363,0.86358,0.86231,0.86336,0.86044,0.84791,0.82665,0.7816,0.7026,0.94155,0.90323,0.83027,0.78696,0.7876,0.65152,0.66126,0.87448,0.87102,0.83911,0.84023,0.78552,0.78476,0.68822,0.69411,0.86318,0.86161
0.84537,0.84196,0.84241,0.84182,0.84895,0.86252,0.87307,0.87656,0.87519,0.87297,0.87009,0.86804,0.86672,0.8649,0.86363,0.86358,0.86231,0.86336,0.86044,0.84791,0.82665,0.7816,0.7026,0.94155,0.90323,0.83027,0.78696,0.7876,0.65152,0.66126,0.87448,0.87102,0.83911,0.84023,0.78552,0.78476,0.68822,0.69411,0.86318,0.86161
0.84537,0.84196,0.84241,0.84182,0.84895,0.86252,0.87307,0.87656,0.87519,0.87297,0.87009,0.86804,0.86672,0.8649,0.86363,0.86358,0.86231,0.86336,0.86044,0.84791,0.82665,0.7816,0.7026,0.94155,0.90323,0.83027,0.78696,0.7876,0.65152,0.66126,0.87448,0.87102,0.83911,0.84023,0.78552,0.78476,0.68822,0.69411,0.86318,0.86161
0.84537,0.84196,0.84241,0.84182,0.84895,0.86252,0.87307,0.87656,0.87519,0.87297,0.87009,0.86804,0.86672,0.8649,0.86363,0.86358,0.86231,0.86336,0.86044,0.84791,0.82665,0.7816,0.7026,0.94155,0.90323,0.83027,0.78696,0.7876,0.65152,0.66126,0.87448,0.87102,0.83911,0.84023,0.78552,0.78476,0.68822,0.69411,0.86318,0.86161
0.84537,0.84196,0.84241,0.84182,0.84895,0.86252,0.87307,0.87656,0.87519,0.87297,0.87009,0.86804,0.86672,0.8649,0.86363,0.86358,0.86231,0.86336,0.86044,0.84791,0.82665,0.7816,0.7026,0.94155,0.90323,0.83027,0.78696,0.7876,0.65152,0.66126,0.87448,0.87102,0.83911,0.84023,0.78552,0.78476,0.68822,0.69411,0.86318,0.86161
0.84537,0.84196,0.84241,0.84182,0.84895,0.86252,0.87307,0.87656,0.87519,0.87297,0.87009,0.86804,0.86672,0.8649,0.86363,0.86358,0.86231,0.86336,0.86044,0.84791,0.82665,0.7816,0.7026,0.94155,0.90323,0.83027,0.78696,0.7876,0.65152,0.66126,0.87448,0.87102,0.83911,0.84023,0.78552,0.78476,0.68822,0.69411,0.86318,0.86161
0.44708,0.5163,0.70164,0.77267,0.81541,0.84615,0.87057,0.89148,0.91251,0.93153,0.94992,0.96337,0.97219,0.98183,0.98155,0.99398,0.99295,0.99689,0.97715,0.9493,0.88253,0.88825,0.73535,0.88813,0.8444,0.80305,0.81737,0.82242,0.76403,0.77443,0.80967,0.81033,0.92321,0.92281,0.7751,0.77372,0.70745,0.70775,0.87942,0.88002
0.44708,0.5163,0.70164,0.77267,0.81541,0.84615,0.87057,0.89148,0.91251,0.93153,0.94992,0.96337,0.97219,0.98183,0.98155,0.99398,0.99295,0.99689,0.97715,0.9493,0.88253,0.88825,0.73535,0.88813,0.8444,0.80305,0.81737,0.82242,0.76403,0.77443,0.80967,0.81033,0.92321,0.92281,0.7751,0.77372,0.70745,0.70775,0.87942,0.88002
0.47132,0.56086,0.80358,0.89187,0.91096,0.90923,0.90205,0.89542,0.89092,0.88798,0.88656,0.8862,0.88597,0.88661,0.88884,0.88934,0.90867,0.89087,0.88751,0.90629,0.9048,0.95056,0.95018,0.88658,0.88644,0.90437,0.94855,0.94701,0.88634,0.88627,0.90477,0.90498,0.94286,0.94121,0.88617,0.88614,0.90549,0.90572,0.9377,0.93638
0.47132,0.56086,0.80358,0.89187,0.91096,0.90923,0.90205,0.89542,0.89092,0.88798,0.88656,0.8862,0.88597,0.88661,0.88884,0.88934,0.90867,0.89087,0.88751,0.90629,0.9048,0.95056,0.95018,0.88658,0.88644,0.90437,0.94855,0.94701,0.88634,0.88627,0.90477,0.90498,0.94286,0.94121,0.88617,0.88614,0.90549,0.90572,0.9377,0.93638
0.47132,0.56086,0.80358,0.89187,0.91096,0.90923,0.90205,0.89542,0.89092,0.88798,0.88656,0.8862,0.88597,0.88661,0.88884,0.88934,0.90867,0.89087,0.88751,0.90629,0.9048,0.95056,0.95018,0.88658,0.88644,0.90437,0.94855,0.94701,0.88634,0.88627,0.90477,0.90498,0.94286,0.94121,0.88617,0.88614,0.90549,0.90572,0.9377,0.93638
0.47132,0.56086,0.80358,0.89187,0.91096,0.90923,0.90205,0.89542,0.89092,0.88798,0.88656,0.8862,0.88597,0.88661,0.88884,0.88934,0.90867,0.89087,0.88751,0.90629,0.9048,0.95056,0.95018,0.88658,0.88644,0.90437,0.94855,0.94701,0.88634,0.88627,0.90477,0.90498,0.94286,0.94121,0.88617,0.88614,0.90549,0.90572,0.9377,0.93638
0.47132,0.56086,0.80358,0.89187,0.91096,0.90923,0.90205,0.89542,0.89092,0.88798,0.88656,0.8862,0.88597,0.88661,0.88884,0.88934,0.90867,0.89087,0.88751,0.90629,0.9048,0.95056,0.95018,0.88658,0.88644,0.90437,0.94855,0.94701,0.88634,0.88627,0.90477,0.90498,0.94286,0.94121,0.88617,0.88614,0.90549,0.90572,0.9377,0.93638
0.47132,0.56086,0.80358,0.89187,0.91096,0.90923,0.90205,0.89542,0.89092,0.88798,0.88656,0.8862,0.88597,0.88661,0.88884,0.88934,0.90867,0.89087,0.88751,0.90629,0.9048,0.95056,0.95018,0.88658,0.88644,0.90437,0.94855,0.94701,0.88634,0.88627,0.90477,0.90498,0.94286,0.94121,0.88617,0.88614,0.90549,0.90572,0.9377,0.93638
0.47132,0.56086,0.80358,0.89187,0.91096,0.90923,0.90205,0.89542,0.89092,0.88798,0.88656,0.8862,0.88597,0.88661,0.88884,0.88934,0.90867,0.89087,0.88751,0.90629,0.9048,0.95056,0.95018,0.88658,0.88644,0.90437,0.94855,0.94701,0.88634,0.88627,0.90477,0.90498,0.94286,0.94121,0.88617,0.88614,0.90549,0.90572,0.9377,0.93638
0.47132,0.56086,0.80358,0.89187,0.91096,0.90923,0.90205,0.89542,0.89092,0.88798,0.88656,0.8862,0.88597,0.88661,0.88884,0.88934,0.90867,0.89087,0.88751,0.90629,0.9048,0.95056,0.95018,0.88658,0.88644,0.90437,0.94855,0.94701,0.88634,0.88627,0.90477,0.90498,0.94286,0.94121,0.88617,0.88614,0.90549,0.90572,0.9377,0.93638
0.47132,0.56086,0.80358,0.89187,0.91096,0.90923,0.90205,0.89542,0.89092,0.88798,0.88656,0.8862,0.88597,0.88661,0.88884,0.88934,0.90867,0.89087,0.88751,0.90629,0.9048,0.95056,0.95018,0.88658,0.88644,0.90437,0.94855,0.94701,0.88634,0.88627,0.90477,0.90498,0.94286,0.94121,0.88617,0.88614,0.90549,0.90572,0.9377,0.93638
