-0.00015688,-0.00021806,-0.00063937,-0.0012535,-0.0019617,-0.0027847,-0.0036816,-0.0046735,-0.0057029,-0.0068698,-0.0080523,-0.0094296,-0.010787,-0.012398,-0.013944,-0.015803,-0.017543,-0.019661,-0.021602,-0.023988,-0.026135,-0.028793,-0.031148,-0.034079,-0.036639,-0.039833,-0.043103,-0.046032,-0.049538,-0.052643,-0.056368,-0.059633,-0.063561,-0.066971,-0.071083,-0.074622,-0.078889,-0.082532,-0.086915,-0.090628
-0.00062784,-0.00087278,-0.0025574,-0.0049276,-0.0074455,-0.010257,-0.01337,-0.016964,-0.020848,-0.025395,-0.030122,-0.035678,-0.041221,-0.047713,-0.053956,-0.061261,-0.068081,-0.076088,-0.083372,-0.091889,-0.099426,-0.10806,-0.11547,-0.12368,-0.13053,-0.13779,-0.14431,-0.14967,-0.15484,-0.15893,-0.16269,-0.16549,-0.1679,-0.16949,-0.17065,-0.17115,-0.17117,-0.1707,-0.1697,-0.16835
-0.0013844,-0.0019248,-0.0055855,-0.010442,-0.015532,-0.021426,-0.028169,-0.03604,-0.044527,-0.054188,-0.064015,-0.075183,-0.0861,-0.098478,-0.11001,-0.12257,-0.13359,-0.14485,-0.15414,-0.16301,-0.16988,-0.17597,-0.18029,-0.1837,-0.18568,-0.1867,-0.18661,-0.18557,-0.18353,-0.18078,-0.17697,-0.17265,-0.16719,-0.16137,-0.15436,-0.14709,-0.13858,-0.12986,-0.11991,-0.10973
-0.0024659,-0.0034168,-0.0092345,-0.016566,-0.024931,-0.035006,-0.046462,-0.059441,-0.073125,-0.088372,-0.10339,-0.11905,-0.13283,-0.14563,-0.15555,-0.16357,-0.16876,-0.17181,-0.17253,-0.17104,-0.16782,-0.16217,-0.1553,-0.14573,-0.13532,-0.12199,-0.10704,-0.091095,-0.072709,-0.05321,-0.031647,-0.0086066,0.015755,0.042238,0.068957,0.098643,0.12704,0.15939,0.1885,0.22256
-0.0037362,-0.0051791,-0.014039,-0.025282,-0.038211,-0.053927,-0.071939,-0.092124,-0.11245,-0.13239,-0.14915,-0.16309,-0.17277,-0.1796,-0.18286,-0.18375,-0.1819,-0.17762,-0.17124,-0.16208,-0.15124,-0.1374,-0.12212,-0.10389,-0.084157,-0.062123,-0.038883,-0.012822,0.013143,0.042924,0.070739,0.10348,0.13184,0.16607,0.19335,0.22692,0.25135,0.28184,0.30227,0.32782
-0.0036901,-0.0051336,-0.015175,-0.02977,-0.045873,-0.064275,-0.08481,-0.10719,-0.12829,-0.14657,-0.15945,-0.16692,-0.16894,-0.16606,-0.15928,-0.14846,-0.13486,-0.11756,-0.097939,-0.074795,-0.049242,-0.020864,0.010629,0.043355,0.080387,0.11584,0.15137,0.19241,0.22679,0.26666,0.29697,0.33196,0.35645,0.3843,0.40402,0.42497,0.4412,0.45664,0.47077,0.48217
-0.0072712,-0.0097098,-0.025025,-0.045906,-0.068942,-0.09468,-0.12067,-0.14391,-0.16078,-0.17124,-0.17464,-0.17226,-0.16426,-0.15083,-0.13278,-0.10947,-0.082124,-0.050668,-0.015226,0.021539,0.062778,0.10101,0.14412,0.17902,0.21856,0.24635,0.27119,0.29715,0.31477,0.33188,0.34494,0.3555,0.36576,0.37196,0.38075,0.3842,0.39272,0.39492,0.4023,0.40401
-0.0064518,-0.0089853,-0.026758,-0.053048,-0.082294,-0.11269,-0.13781,-0.15362,-0.15907,-0.15626,-0.1465,-0.13067,-0.10977,-0.083005,-0.051699,-0.015236,0.025843,0.069504,0.11796,0.16407,0.21443,0.25679,0.30206,0.33628,0.37212,0.3982,0.42292,0.4459,0.46633,0.48421,0.50297,0.51831,0.53571,0.55013,0.56447,0.5778,0.59145,0.6045,0.61409,0.62527
-0.011832,-0.016442,-0.045362,-0.082395,-0.12083,-0.15496,-0.17674,-0.18574,-0.18465,-0.17767,-0.16632,-0.15208,-0.13508,-0.11589,-0.094134,-0.071403,-0.045873,-0.021529,0.005486,0.028183,0.052435,0.070367,0.08813,0.10145,0.11275,0.1231,0.13298,0.13845,0.14685,0.15063,0.15661,0.15924,0.16228,0.1632,0.16428,0.16264,0.16024,0.15309,0.16169,0.15517
-0.010101,-0.014078,-0.042286,-0.084118,-0.12239,-0.14484,-0.14913,-0.14198,-0.1285,-0.11244,-0.094287,-0.074658,-0.052788,-0.029766,-0.0036706,0.021668,0.050123,0.073947,0.09923,0.11702,0.134,0.14654,0.1561,0.1652,0.16987,0.1778,0.18455,0.18716,0.19087,0.19195,0.19364,0.19263,0.19043,0.18378,0.18986,0.18236,0.19544,0.19247,0.17716,0.15779
-0.01779,-0.023825,-0.062557,-0.11228,-0.14489,-0.15367,-0.14563,-0.12621,-0.096508,-0.05512,-0.0020478,0.061232,0.13809,0.21737,0.3117,0.3925,0.48179,0.54211,0.59867,0.63588,0.66072,0.68592,0.69306,0.71709,0.72033,0.73449,0.73854,0.73529,0.73271,0.71647,0.72572,0.70237,0.73868,0.72858,0.70154,0.65292,0.61726,0.52176,0.5269,0.41755
-0.02006,-0.026912,-0.070985,-0.12854,-0.1699,-0.18863,-0.19232,-0.18779,-0.17636,-0.15803,-0.13298,-0.10198,-0.064825,-0.024984,0.019309,0.061381,0.10508,0.14425,0.18361,0.21964,0.25613,0.29033,0.32651,0.35803,0.39471,0.42139,0.44549,0.47663,0.49737,0.52211,0.53503,0.5445,0.56117,0.55316,0.55979,0.51919,0.53627,0.4605,0.47326,0.36613
-0.015873,-0.021254,-0.055763,-0.10427,-0.15208,-0.18703,-0.20241,-0.2009,-0.185,-0.15919,-0.12473,-0.087829,-0.047638,-0.013453,0.018788,0.042008,0.060949,0.075548,0.085481,0.095501,0.10091,0.10812,0.11157,0.11523,0.11678,0.11528,0.1179,0.11542,0.12116,0.12095,0.11401,0.10255,0.10077,0.077328,0.092646,0.067338,0.10827,0.097761,0.068425,0.042147
-0.029775,-0.038278,-0.085862,-0.12853,-0.13409,-0.10607,-0.054371,0.015997,0.10491,0.20593,0.32275,0.43018,0.53536,0.60798,0.6622,0.69957,0.7185,0.74146,0.74892,0.7608,0.76287,0.7638,0.75356,0.75642,0.73096,0.76695,0.75166,0.71439,0.69925,0.61038,0.72725,0.68006,0.63888,0.54092,0.37746,0.25066,0.25924,0.16162,0.38008,0.29732
-0.029775,-0.038278,-0.085862,-0.12853,-0.13409,-0.10607,-0.054371,0.015997,0.10491,0.20593,0.32275,0.43018,0.53536,0.60798,0.6622,0.69957,0.7185,0.74146,0.74892,0.7608,0.76287,0.7638,0.75356,0.75642,0.73096,0.76695,0.75166,0.71439,0.69925,0.61038,0.72725,0.68006,0.63888,0.54092,0.37746,0.25066,0.25924,0.16162,0.38008,0.29732
-0.034922,-0.044998,-0.10235,-0.15948,-0.18273,-0.17625,-0.15001,-0.10842,-0.051479,0.018131,0.097596,0.17465,0.25028,0.31511,0.37637,0.42981,0.48262,0.52793,0.57672,0.61231,0.65531,0.67951,0.70913,0.72171,0.72364,0.74877,0.76074,0.72355,0.74619,0.65822,0.74366,0.64378,0.80727,0.72958,0.52351,0.36259,0.36866,0.20618,0.10569,-0.10615
-0.028572,-0.038337,-0.099219,-0.15463,-0.1592,-0.13054,-0.088169,-0.040962,0.0090675,0.055934,0.097268,0.12884,0.15187,0.17024,0.182,0.19275,0.19897,0.20426,0.20655,0.20795,0.20478,0.2117,0.21083,0.19943,0.17361,0.18681,0.19945,0.17934,0.15578,0.10481,0.077134,0.01559,0.1323,0.097302,-0.53251,-0.58849,-0.36629,-0.30962,-0.10459,-0.08474
-0.028572,-0.038337,-0.099219,-0.15463,-0.1592,-0.13054,-0.088169,-0.040962,0.0090675,0.055934,0.097268,0.12884,0.15187,0.17024,0.182,0.19275,0.19897,0.20426,0.20655,0.20795,0.20478,0.2117,0.21083,0.19943,0.17361,0.18681,0.19945,0.17934,0.15578,0.10481,0.077134,0.01559,0.1323,0.097302,-0.53251,-0.58849,-0.36629,-0.30962,-0.10459,-0.08474
-0.034484,-0.046068,-0.098728,-0.096331,-0.03411,0.059574,0.18211,0.33055,0.49731,0.64412,0.76289,0.83794,0.88487,0.9165,0.93388,0.94966,0.95743,0.96541,0.96608,0.96731,0.95043,0.97533,0.96417,0.9312,0.83634,0.86898,0.94052,0.86987,0.74978,0.58252,0.58808,0.41396,0.44636,0.32652,-0.45145,-0.49507,-0.33762,-0.24601,0.33988,0.35663
-0.041668,-0.055778,-0.12639,-0.15315,-0.12962,-0.091914,-0.048892,-0.00094677,0.061242,0.14337,0.25174,0.44233,0.58636,0.91438,0.84102,0.7625,0.4603,0.72633,0.45338,0.31313,0.14131,0.41912,0.25969,0.088185,0.015376,-0.027119,-0.012468,-0.084226,-0.33404,-0.34952,0.0051839,0.031953,-0.12516,-0.11868,-0.15728,-0.15537,-0.23739,-0.24263,-0.26685,-0.26007
-0.041668,-0.055778,-0.12639,-0.15315,-0.12962,-0.091914,-0.048892,-0.00094677,0.061242,0.14337,0.25174,0.44233,0.58636,0.91438,0.84102,0.7625,0.4603,0.72633,0.45338,0.31313,0.14131,0.41912,0.25969,0.088185,0.015376,-0.027119,-0.012468,-0.084226,-0.33404,-0.34952,0.0051839,0.031953,-0.12516,-0.11868,-0.15728,-0.15537,-0.23739,-0.24263,-0.26685,-0.26007
-0.041668,-0.055778,-0.12639,-0.15315,-0.12962,-0.091914,-0.048892,-0.00094677,0.061242,0.14337,0.25174,0.44233,0.58636,0.91438,0.84102,0.7625,0.4603,0.72633,0.45338,0.31313,0.14131,0.41912,0.25969,0.088185,0.015376,-0.027119,-0.012468,-0.084226,-0.33404,-0.34952,0.0051839,0.031953,-0.12516,-0.11868,-0.15728,-0.15537,-0.23739,-0.24263,-0.26685,-0.26007
-0.052633,-0.067685,-0.15892,-0.27161,-0.35449,-0.40446,-0.42868,-0.43042,-0.41029,-0.37536,-0.32599,-0.27489,-0.21118,-0.15651,-0.088494,-0.04187,-0.0011403,0.050739,0.037722,0.091936,-0.0086751,0.25821,0.1748,0.078355,-0.07625,-0.1563,-0.11708,-0.23443,-0.6463,-0.67139,-0.51305,-0.46251,-0.49648,-0.48762,-0.36193,-0.3558,0.0042685,-0.010558,-0.73082,-0.72133
-0.052633,-0.067685,-0.15892,-0.27161,-0.35449,-0.40446,-0.42868,-0.43042,-0.41029,-0.37536,-0.32599,-0.27489,-0.21118,-0.15651,-0.088494,-0.04187,-0.0011403,0.050739,0.037722,0.091936,-0.0086751,0.25821,0.1748,0.078355,-0.07625,-0.1563,-0.11708,-0.23443,-0.6463,-0.67139,-0.51305,-0.46251,-0.49648,-0.48762,-0.36193,-0.3558,0.0042685,-0.010558,-0.73082,-0.72133
-0.066668,-0.085729,-0.18358,-0.24316,-0.22376,-0.17046,-0.11855,-0.077239,-0.04699,-0.024591,-0.0091909,0.00051153,0.0060659,0.010449,0.012191,0.011648,0.0038676,0.012022,0.0056766,-0.027459,-0.086087,-0.056929,-0.14701,-0.77675,-0.57843,-0.10144,-0.25614,-0.2445,-0.37716,-0.39952,-0.40441,-0.38158,-0.09389,-0.095299,-0.23872,-0.23945,-0.46278,-0.47293,-0.32161,-0.3089
-0.066668,-0.085729,-0.18358,-0.24316,-0.22376,-0.17046,-0.11855,-0.077239,-0.04699,-0.024591,-0.0091909,0.00051153,0.0060659,0.010449,0.012191,0.011648,0.0038676,0.012022,0.0056766,-0.027459,-0.086087,-0.056929,-0.14701,-0.77675,-0.57843,-0.10144,-0.25614,-0.2445,-0.37716,-0.39952,-0.40441,-0.38158,-0.09389,-0.095299,-0.23872,-0.23945,-0.46278,-0.47293,-0.32161,-0.3089
-0.066668,-0.085729,-0.18358,-0.24316,-0.22376,-0.17046,-0.11855,-0.077239,-0.04699,-0.024591,-0.0091909,0.00051153,0.0060659,0.010449,0.012191,0.011648,0.0038676,0.012022,0.0056766,-0.027459,-0.086087,-0.056929,-0.14701,-0.77675,-0.57843,-0.10144,-0.25614,-0.2445,-0.37716,-0.39952,-0.40441,-0.38158,-0.09389,-0.095299,-0.23872,-0.23945,-0.46278,-0.47293,-0.32161,-0.3089
-0.066668,-0.085729,-0.18358,-0.24316,-0.22376,-0.17046,-0.11855,-0.077239,-0.04699,-0.024591,-0.0091909,0.00051153,0.0060659,0.010449,0.012191,0.011648,0.0038676,0.012022,0.0056766,-0.027459,-0.086087,-0.056929,-0.14701,-0.77675,-0.57843,-0.10144,-0.25614,-0.2445,-0.37716,-0.39952,-0.40441,-0.38158,-0.09389,-0.095299,-0.23872,-0.23945,-0.46278,-0.47293,-0.32161,-0.3089
-0.066668,-0.085729,-0.18358,-0.24316,-0.22376,-0.17046,-0.11855,-0.077239,-0.04699,-0.024591,-0.0091909,0.00051153,0.0060659,0.010449,0.012191,0.011648,0.0038676,0.012022,0.0056766,-0.027459,-0.086087,-0.056929,-0.14701,-0.77675,-0.57843,-0.10144,-0.25614,-0.2445,-0.37716,-0.39952,-0.40441,-0.38158,-0.09389,-0.095299,-0.23872,-0.23945,-0.46278,-0.47293,-0.32161,-0.3089
-0.066668,-0.085729,-0.18358,-0.24316,-0.22376,-0.17046,-0.11855,-0.077239,-0.04699,-0.024591,-0.0091909,0.00051153,0.0060659,0.010449,0.012191,0.011648,0.0038676,0.012022,0.0056766,-0.027459,-0.086087,-0.056929,-0.14701,-0.77675,-0.57843,-0.10144,-0.25614,-0.2445,-0.37716,-0.39952,-0.40441,-0.38158,-0.09389,-0.095299,-0.23872,-0.23945,-0.46278,-0.47293,-0.32161,-0.3089
-0.090911,-0.1096,-0.078127,0.10113,0.33482,0.54688,0.70358,0.80693,0.87499,0.91841,0.94757,0.96472,0.97254,0.98261,0.97378,0.98799,0.95642,0.98781,0.943,0.7334,0.43649,0.32787,-0.12164,-0.53141,-0.31122,0.16325,-0.068906,-0.040992,-0.45393,-0.46698,-0.185,-0.15361,0.38655,0.3894,0.0098872,0.0042055,-0.58858,-0.59595,0.0030843,0.024418
-0.090911,-0.1096,-0.078127,0.10113,0.33482,0.54688,0.70358,0.80693,0.87499,0.91841,0.94757,0.96472,0.97254,0.98261,0.97378,0.98799,0.95642,0.98781,0.943,0.7334,0.43649,0.32787,-0.12164,-0.53141,-0.31122,0.16325,-0.068906,-0.040992,-0.45393,-0.46698,-0.185,-0.15361,0.38655,0.3894,0.0098872,0.0042055,-0.58858,-0.59595,0.0030843,0.024418
-0.125,-0.15496,-0.20277,-0.18288,-0.18032,-0.23868,-0.33076,-0.37905,-0.38256,-0.37967,-0.3642,-0.37632,-0.35293,-0.25105,-0.2152,-0.22503,-0.43843,-0.24124,-0.21082,-0.41101,-0.39463,-0.9901,-0.98251,-0.22593,-0.23349,-0.39059,-0.95148,-0.92337,-0.24413,-0.2518,-0.39519,-0.39716,-0.85344,-0.82752,-0.2687,-0.27537,-0.40284,-0.40507,-0.77576,-0.75734
-0.125,-0.15496,-0.20277,-0.18288,-0.18032,-0.23868,-0.33076,-0.37905,-0.38256,-0.37967,-0.3642,-0.37632,-0.35293,-0.25105,-0.2152,-0.22503,-0.43843,-0.24124,-0.21082,-0.41101,-0.39463,-0.9901,-0.98251,-0.22593,-0.23349,-0.39059,-0.95148,-0.92337,-0.24413,-0.2518,-0.39519,-0.39716,-0.85344,-0.82752,-0.2687,-0.27537,-0.40284,-0.40507,-0.77576,-0.75734
-0.125,-0.15496,-0.20277,-0.18288,-0.18032,-0.23868,-0.33076,-0.37905,-0.38256,-0.37967,-0.3642,-0.37632,-0.35293,-0.25105,-0.2152,-0.22503,-0.43843,-0.24124,-0.21082,-0.41101,-0.39463,-0.9901,-0.98251,-0.22593,-0.23349,-0.39059,-0.95148,-0.92337,-0.24413,-0.2518,-0.39519,-0.39716,-0.85344,-0.82752,-0.2687,-0.27537,-0.40284,-0.40507,-0.77576,-0.75734
-0.125,-0.15496,-0.20277,-0.18288,-0.18032,-0.23868,-0.33076,-0.37905,-0.38256,-0.37967,-0.3642,-0.37632,-0.35293,-0.25105,-0.2152,-0.22503,-0.43843,-0.24124,-0.21082,-0.41101,-0.39463,-0.9901,-0.98251,-0.22593,-0.23349,-0.39059,-0.95148,-0.92337,-0.24413,-0.2518,-0.39519,-0.39716,-0.85344,-0.82752,-0.2687,-0.27537,-0.40284,-0.40507,-0.77576,-0.75734
-0.125,-0.15496,-0.20277,-0.18288,-0.18032,-0.23868,-0.33076,-0.37905,-0.38256,-0.37967,-0.3642,-0.37632,-0.35293,-0.25105,-0.2152,-0.22503,-0.43843,-0.24124,-0.21082,-0.41101,-0.39463,-0.9901,-0.98251,-0.22593,-0.23349,-0.39059,-0.95148,-0.92337,-0.24413,-0.2518,-0.39519,-0.39716,-0.85344,-0.82752,-0.2687,-0.27537,-0.40284,-0.40507,-0.77576,-0.75734
-0.125,-0.15496,-0.20277,-0.18288,-0.18032,-0.23868,-0.33076,-0.37905,-0.38256,-0.37967,-0.3642,-0.37632,-0.35293,-0.25105,-0.2152,-0.22503,-0.43843,-0.24124,-0.21082,-0.41101,-0.39463,-0.9901,-0.98251,-0.22593,-0.23349,-0.39059,-0.95148,-0.92337,-0.24413,-0.2518,-0.39519,-0.39716,-0.85344,-0.82752,-0.2687,-0.27537,-0.40284,-0.40507,-0.77576,-0.75734
-0.125,-0.15496,-0.20277,-0.18288,-0.18032,-0.23868,-0.33076,-0.37905,-0.38256,-0.37967,-0.3642,-0.37632,-0.35293,-0.25105,-0.2152,-0.22503,-0.43843,-0.24124,-0.21082,-0.41101,-0.39463,-0.9901,-0.98251,-0.22593,-0.23349,-0.39059,-0.95148,-0.92337,-0.24413,-0.2518,-0.39519,-0.39716,-0.85344,-0.82752,-0.2687,-0.27537,-0.40284,-0.40507,-0.77576,-0.75734
-0.125,-0.15496,-0.20277,-0.18288,-0.18032,-0.23868,-0.33076,-0.37905,-0.38256,-0.37967,-0.3642,-0.37632,-0.35293,-0.25105,-0.2152,-0.22503,-0.43843,-0.24124,-0.21082,-0.41101,-0.39463,-0.9901,-0.98251,-0.22593,-0.23349,-0.39059,-0.95148,-0.92337,-0.24413,-0.2518,-0.39519,-0.39716,-0.85344,-0.82752,-0.2687,-0.27537,-0.40284,-0.40507,-0.77576,-0.75734
