-9.6426e-05,-0.00013402,-0.00039154,-0.0007569,-0.0011507,-0.0013756,-0.00090886,0.0008316,0.0037314,0.0077324,0.012139,0.016937,0.021559,0.026277,0.030655,0.035219,0.039446,0.044161,0.048527,0.053759,0.058547,0.064538,0.069911,0.076715,0.082692,0.090204,0.097873,0.10475,0.11286,0.12005,0.12846,0.13585,0.14447,0.15198,0.16076,0.16836,0.17727,0.18494,0.19398,0.20172
-0.00038581,-0.00053045,-0.0014803,-0.0022188,-0.00050269,0.0043059,0.011086,0.018942,0.027332,0.03693,0.047135,0.059521,0.072149,0.087153,0.1016,0.11823,0.13365,0.15123,0.1672,0.18552,0.2019,0.22087,0.23761,0.25711,0.27408,0.29384,0.31326,0.33053,0.34971,0.36658,0.38521,0.40145,0.41929,0.4347,0.45161,0.46611,0.48203,0.49557,0.51051,0.52311
-0.00077559,-0.0010616,-0.00041804,0.0078678,0.019838,0.032999,0.048152,0.066874,0.088137,0.11219,0.13647,0.16241,0.18735,0.21424,0.23953,0.26724,0.29273,0.32068,0.34579,0.37309,0.39709,0.42294,0.44527,0.46925,0.48964,0.51163,0.53232,0.55014,0.56903,0.58509,0.60233,0.61682,0.63253,0.64563,0.65996,0.67181,0.68486,0.6956,0.70747,0.71721
-0.0013791,-0.0019011,-0.0028733,0.0037184,0.017432,0.038571,0.065959,0.098016,0.13122,0.16661,0.20115,0.2382,0.27342,0.31111,0.34573,0.38209,0.41439,0.44779,0.47667,0.50651,0.53176,0.55816,0.58011,0.60344,0.62255,0.64314,0.66209,0.67796,0.69462,0.70851,0.72311,0.73526,0.74805,0.75868,0.76985,0.77916,0.78892,0.79706,0.80558,0.8127
-0.0020994,0.0057358,0.036007,0.05873,0.086758,0.12429,0.16594,0.20962,0.25319,0.29859,0.34226,0.38671,0.42729,0.46732,0.50235,0.53666,0.5659,0.59507,0.61947,0.64439,0.66492,0.6863,0.7037,0.722,0.7368,0.7524,0.76647,0.77827,0.79021,0.80023,0.81035,0.81886,0.82744,0.83468,0.84196,0.84812,0.8543,0.85956,0.86479,0.86929
-0.0031091,-0.003563,0.0075917,0.031421,0.066065,0.11196,0.16444,0.22169,0.27901,0.33678,0.38966,0.44058,0.48465,0.52704,0.56269,0.59775,0.62673,0.65576,0.67946,0.7034,0.72284,0.74249,0.75843,0.77448,0.78753,0.80059,0.81212,0.82188,0.83126,0.83924,0.84688,0.85343,0.85963,0.86502,0.87003,0.87446,0.87855,0.88219,0.88552,0.88851
0.10641,0.10368,0.099927,0.13206,0.18638,0.24788,0.30965,0.36916,0.42337,0.47376,0.51781,0.55923,0.59455,0.6286,0.65703,0.68501,0.70803,0.73094,0.74965,0.76832,0.78351,0.79864,0.81095,0.82315,0.83309,0.84294,0.85152,0.85886,0.86568,0.87161,0.87698,0.88176,0.88603,0.88987,0.89326,0.89633,0.89897,0.9014,0.90351,0.90541
-0.0054576,0.0011278,0.031999,0.080681,0.14385,0.21742,0.29401,0.36838,0.43501,0.49527,0.54631,0.59312,0.63191,0.66833,0.69803,0.72624,0.74904,0.77081,0.78837,0.80519,0.81877,0.83186,0.84248,0.85262,0.86097,0.86872,0.87539,0.88124,0.88642,0.89102,0.895,0.8986,0.90169,0.90448,0.90687,0.90899,0.91076,0.9123,0.9136,0.91466
-0.0076501,-0.0074593,0.049134,0.14727,0.23655,0.32116,0.40004,0.47222,0.53456,0.59063,0.63737,0.67976,0.71423,0.74551,0.77065,0.79353,0.8119,0.82868,0.84218,0.85458,0.86463,0.87373,0.88124,0.88779,0.89335,0.89813,0.90209,0.90561,0.90843,0.91092,0.91288,0.91456,0.9158,0.91681,0.91749,0.91792,0.9181,0.91802,0.91775,0.91719
-0.00846,-0.0014294,0.057714,0.14621,0.24224,0.34279,0.4367,0.51902,0.58623,0.64252,0.68699,0.72495,0.75506,0.78133,0.80237,0.82092,0.83591,0.84915,0.85997,0.86938,0.8772,0.8838,0.88941,0.89396,0.8979,0.9009,0.90332,0.9054,0.9068,0.90793,0.90853,0.90886,0.90877,0.9084,0.90777,0.90677,0.90569,0.90414,0.90273,0.90069
-0.011218,-0.0035737,0.066352,0.17163,0.27565,0.3771,0.46938,0.54997,0.61535,0.67,0.7128,0.74909,0.77765,0.80247,0.82217,0.83959,0.85352,0.86585,0.87587,0.88447,0.89166,0.89772,0.90287,0.90707,0.91068,0.91358,0.91595,0.9179,0.91937,0.92045,0.92119,0.92153,0.92169,0.92138,0.92104,0.92015,0.91948,0.9181,0.91707,0.91524
-0.012536,-0.0068951,0.051394,0.1601,0.28538,0.40486,0.50412,0.58469,0.64811,0.70037,0.74136,0.77524,0.80179,0.8237,0.84101,0.85525,0.86669,0.87596,0.8836,0.88965,0.89473,0.8986,0.90185,0.90418,0.90604,0.90719,0.90787,0.90811,0.90797,0.90734,0.90658,0.90522,0.90398,0.90201,0.90041,0.8979,0.89619,0.89329,0.89167,0.88854
0.07851,0.10703,0.24059,0.36197,0.45949,0.54539,0.61832,0.67982,0.72913,0.77037,0.80302,0.83024,0.85171,0.86932,0.8833,0.89439,0.90337,0.91024,0.91594,0.92007,0.92352,0.92592,0.92782,0.92897,0.9297,0.92994,0.92987,0.92929,0.92865,0.9274,0.92636,0.92457,0.92328,0.92108,0.91971,0.91723,0.91612,0.9136,0.91301,0.91072
0.083665,0.10526,0.22861,0.35973,0.46419,0.55359,0.62832,0.69002,0.73807,0.77668,0.80622,0.83028,0.84893,0.86422,0.87639,0.8863,0.89445,0.90091,0.90632,0.91053,0.91395,0.91649,0.91839,0.91959,0.9202,0.92042,0.92028,0.91941,0.91856,0.91684,0.9155,0.91304,0.91149,0.90847,0.90698,0.90364,0.9026,0.89932,0.89886,0.89598
-0.018629,0.019263,0.18077,0.32335,0.44005,0.53901,0.6185,0.68239,0.73204,0.77179,0.80242,0.82693,0.84593,0.86093,0.87286,0.88205,0.88954,0.89522,0.89979,0.90322,0.90575,0.90748,0.90839,0.90878,0.9083,0.90761,0.90645,0.90429,0.90231,0.8991,0.89658,0.89243,0.88983,0.88506,0.88274,0.87781,0.87592,0.87125,0.87054,0.86675
-0.021685,0.016908,0.22303,0.41965,0.55155,0.64667,0.71684,0.77023,0.81023,0.84095,0.86415,0.8819,0.89563,0.906,0.91437,0.92059,0.92575,0.92948,0.93252,0.93453,0.93598,0.93675,0.93698,0.93692,0.93624,0.93575,0.93522,0.93393,0.93352,0.93218,0.93227,0.93125,0.93216,0.93178,0.93336,0.93369,0.93601,0.93699,0.94019,0.94183
-0.024036,0.02143,0.21622,0.38397,0.51585,0.62389,0.70676,0.76895,0.81446,0.84825,0.87311,0.89135,0.90504,0.91474,0.92222,0.9273,0.93118,0.93365,0.93527,0.936,0.93596,0.93553,0.93422,0.93297,0.93068,0.92896,0.92722,0.92422,0.92279,0.91978,0.91917,0.91676,0.91701,0.91551,0.91709,0.91679,0.91983,0.92087,0.92445,0.92645
-0.024673,0.017416,0.22982,0.41745,0.53702,0.62097,0.68309,0.73177,0.76978,0.80047,0.82471,0.84414,0.85973,0.87214,0.88209,0.88997,0.89611,0.9009,0.90433,0.90694,0.90837,0.90952,0.90954,0.9098,0.90888,0.90876,0.90889,0.90764,0.90842,0.9076,0.90927,0.90927,0.91227,0.91337,0.9181,0.92052,0.9259,0.9292,0.93502,0.93876
0.069748,0.10261,0.26646,0.43047,0.55958,0.6589,0.7303,0.78125,0.81748,0.84411,0.86399,0.87889,0.89064,0.89939,0.90632,0.91122,0.91478,0.91702,0.91809,0.91864,0.91796,0.91751,0.91567,0.9149,0.91248,0.91223,0.91252,0.91118,0.91284,0.91289,0.91631,0.91809,0.9233,0.92673,0.93254,0.93686,0.94299,0.94763,0.9531,0.95743
0.062283,0.080293,0.26098,0.47314,0.60689,0.69377,0.75139,0.79081,0.81843,0.83766,0.85157,0.86089,0.86756,0.87173,0.87418,0.87514,0.87454,0.87305,0.8698,0.86621,0.86041,0.85514,0.84685,0.84072,0.83048,0.8249,0.81983,0.81061,0.80836,0.80201,0.80404,0.80239,0.80803,0.81109,0.81965,0.82641,0.83601,0.84482,0.85464,0.86426
0.065472,0.09255,0.29111,0.49119,0.61486,0.69748,0.75422,0.79457,0.82362,0.84421,0.85918,0.86925,0.87643,0.88095,0.88365,0.88497,0.88473,0.88392,0.88147,0.87934,0.87528,0.87267,0.86768,0.86591,0.86116,0.86157,0.86267,0.86142,0.86534,0.86685,0.87307,0.87707,0.88415,0.88957,0.89687,0.90284,0.90959,0.9155,0.92119,0.92661
0.18833,0.21693,0.36985,0.50759,0.60833,0.6886,0.74943,0.79402,0.82617,0.84928,0.8665,0.87963,0.88964,0.89783,0.90381,0.90876,0.91195,0.91461,0.91577,0.91688,0.9165,0.9171,0.91586,0.91699,0.91592,0.91815,0.92134,0.92269,0.92786,0.93113,0.93744,0.94201,0.94885,0.95393,0.95988,0.96456,0.96968,0.97364,0.97742,0.98037
0.14436,0.16599,0.34476,0.55893,0.69864,0.78572,0.84025,0.87513,0.89833,0.91377,0.92468,0.93228,0.93767,0.94131,0.94341,0.9445,0.9443,0.94377,0.94197,0.94089,0.93838,0.93796,0.93591,0.93689,0.93624,0.93942,0.94304,0.94554,0.95024,0.95385,0.95874,0.96262,0.96704,0.97063,0.97419,0.97718,0.9798,0.98202,0.98441,0.98611
-0.045406,-0.022441,0.19138,0.45117,0.62839,0.74289,0.81423,0.85791,0.88528,0.90196,0.91293,0.91992,0.92447,0.92716,0.92815,0.92795,0.92604,0.92356,0.91892,0.91499,0.90827,0.90464,0.89791,0.89611,0.8917,0.89392,0.89644,0.89819,0.90253,0.9064,0.91152,0.91613,0.92087,0.92524,0.92999,0.93401,0.9373,0.9403,0.9449,0.94774
-0.045406,-0.022441,0.19138,0.45117,0.62839,0.74289,0.81423,0.85791,0.88528,0.90196,0.91293,0.91992,0.92447,0.92716,0.92815,0.92795,0.92604,0.92356,0.91892,0.91499,0.90827,0.90464,0.89791,0.89611,0.8917,0.89392,0.89644,0.89819,0.90253,0.9064,0.91152,0.91613,0.92087,0.92524,0.92999,0.93401,0.9373,0.9403,0.9449,0.94774
0.42971,0.44565,0.58233,0.72554,0.80887,0.85999,0.89182,0.9105,0.92147,0.92675,0.92917,0.92965,0.92876,0.92754,0.92521,0.92358,0.92073,0.91994,0.91764,0.91911,0.91881,0.92281,0.92499,0.93186,0.93642,0.94403,0.95111,0.95681,0.96315,0.9682,0.97335,0.97741,0.98089,0.98361,0.98671,0.98856,0.99013,0.99075,0.99208,0.99169
0.42971,0.44565,0.58233,0.72554,0.80887,0.85999,0.89182,0.9105,0.92147,0.92675,0.92917,0.92965,0.92876,0.92754,0.92521,0.92358,0.92073,0.91994,0.91764,0.91911,0.91881,0.92281,0.92499,0.93186,0.93642,0.94403,0.95111,0.95681,0.96315,0.9682,0.97335,0.97741,0.98089,0.98361,0.98671,0.98856,0.99013,0.99075,0.99208,0.99169
0.12557,0.16895,0.41727,0.63564,0.74348,0.80226,0.83959,0.86506,0.88302,0.89511,0.90262,0.90666,0.9073,0.90633,0.90224,0.89853,0.89125,0.88745,0.87949,0.87909,0.87457,0.88103,0.88368,0.89601,0.90485,0.91896,0.93105,0.94192,0.95183,0.9605,0.9679,0.9738,0.97861,0.98159,0.98486,0.98515,0.98971,0.98893,0.99106,0.98852
0.12557,0.16895,0.41727,0.63564,0.74348,0.80226,0.83959,0.86506,0.88302,0.89511,0.90262,0.90666,0.9073,0.90633,0.90224,0.89853,0.89125,0.88745,0.87949,0.87909,0.87457,0.88103,0.88368,0.89601,0.90485,0.91896,0.93105,0.94192,0.95183,0.9605,0.9679,0.9738,0.97861,0.98159,0.98486,0.98515,0.98971,0.98893,0.99106,0.98852
0.12557,0.16895,0.41727,0.63564,0.74348,0.80226,0.83959,0.86506,0.88302,0.89511,0.90262,0.90666,0.9073,0.90633,0.90224,0.89853,0.89125,0.88745,0.87949,0.87909,0.87457,0.88103,0.88368,0.89601,0.90485,0.91896,0.93105,0.94192,0.95183,0.9605,0.9679,0.9738,0.97861,0.98159,0.98486,0.98515,0.98971,0.98893,0.99106,0.98852
0.23572,0.28918,0.53465,0.69317,0.77014,0.81661,0.84798,0.87043,0.88725,0.89944,0.90772,0.91234,0.9136,0.91167,0.90595,0.89853,0.88669,0.87697,0.86403,0.8584,0.85221,0.85321,0.85556,0.86074,0.86698,0.87523,0.88402,0.89044,0.90165,0.90743,0.91664,0.92018,0.92743,0.9267,0.92858,0.91916,0.91848,0.89967,0.92074,0.90249
0.23572,0.28918,0.53465,0.69317,0.77014,0.81661,0.84798,0.87043,0.88725,0.89944,0.90772,0.91234,0.9136,0.91167,0.90595,0.89853,0.88669,0.87697,0.86403,0.8584,0.85221,0.85321,0.85556,0.86074,0.86698,0.87523,0.88402,0.89044,0.90165,0.90743,0.91664,0.92018,0.92743,0.9267,0.92858,0.91916,0.91848,0.89967,0.92074,0.90249
0.23572,0.28918,0.53465,0.69317,0.77014,0.81661,0.84798,0.87043,0.88725,0.89944,0.90772,0.91234,0.9136,0.91167,0.90595,0.89853,0.88669,0.87697,0.86403,0.8584,0.85221,0.85321,0.85556,0.86074,0.86698,0.87523,0.88402,0.89044,0.90165,0.90743,0.91664,0.92018,0.92743,0.9267,0.92858,0.91916,0.91848,0.89967,0.92074,0.90249
0.31537,0.3428,0.53081,0.71233,0.81071,0.86463,0.89755,0.91954,0.93559,0.94708,0.9553,0.96105,0.96498,0.96817,0.97052,0.97343,0.97577,0.97885,0.98118,0.98434,0.98633,0.98922,0.99081,0.99264,0.99341,0.99521,0.99604,0.99614,0.99697,0.9964,0.99683,0.9952,0.99714,0.99519,0.9939,0.98861,0.99125,0.98345,0.99039,0.98238
0.27222,0.31021,0.48848,0.64407,0.74302,0.80342,0.84298,0.8712,0.89106,0.90512,0.91489,0.92155,0.92566,0.92911,0.93063,0.9339,0.93581,0.94161,0.94612,0.95345,0.95939,0.96629,0.9719,0.9766,0.98057,0.98402,0.98638,0.9881,0.99063,0.99165,0.99245,0.99211,0.99256,0.99035,0.99059,0.98568,0.99177,0.98699,0.98125,0.96751
0.27222,0.31021,0.48848,0.64407,0.74302,0.80342,0.84298,0.8712,0.89106,0.90512,0.91489,0.92155,0.92566,0.92911,0.93063,0.9339,0.93581,0.94161,0.94612,0.95345,0.95939,0.96629,0.9719,0.9766,0.98057,0.98402,0.98638,0.9881,0.99063,0.99165,0.99245,0.99211,0.99256,0.99035,0.99059,0.98568,0.99177,0.98699,0.98125,0.96751
0.27222,0.31021,0.48848,0.64407,0.74302,0.80342,0.84298,0.8712,0.89106,0.90512,0.91489,0.92155,0.92566,0.92911,0.93063,0.9339,0.93581,0.94161,0.94612,0.95345,0.95939,0.96629,0.9719,0.9766,0.98057,0.98402,0.98638,0.9881,0.99063,0.99165,0.99245,0.99211,0.99256,0.99035,0.99059,0.98568,0.99177,0.98699,0.98125,0.96751
0.55877,0.58505,0.67565,0.74859,0.79758,0.82784,0.847,0.86021,0.86806,0.87316,0.87441,0.87476,0.87132,0.87034,0.86655,0.87004,0.87318,0.88492,0.89638,0.9117,0.92558,0.93992,0.95192,0.96245,0.97063,0.97844,0.983,0.9859,0.98935,0.98933,0.99065,0.98703,0.99219,0.98755,0.9863,0.97504,0.97971,0.96733,0.96268,0.94584
0.55877,0.58505,0.67565,0.74859,0.79758,0.82784,0.847,0.86021,0.86806,0.87316,0.87441,0.87476,0.87132,0.87034,0.86655,0.87004,0.87318,0.88492,0.89638,0.9117,0.92558,0.93992,0.95192,0.96245,0.97063,0.97844,0.983,0.9859,0.98935,0.98933,0.99065,0.98703,0.99219,0.98755,0.9863,0.97504,0.97971,0.96733,0.96268,0.94584
0.22828,0.27838,0.53556,0.70923,0.79167,0.83539,0.8588,0.87051,0.87393,0.87291,0.86669,0.86154,0.85301,0.85275,0.85199,0.86416,0.87698,0.89756,0.91659,0.93515,0.95081,0.96366,0.97364,0.98025,0.98474,0.98939,0.99238,0.99339,0.99401,0.99211,0.99478,0.99186,0.99125,0.98335,0.99087,0.98306,0.96856,0.94811,0.95982,0.93944
