-0.00014505,-0.00019064,-0.00044379,-0.00073067,-0.0010166,-0.0013292,-0.0016668,-0.002047,-0.0024463,-0.0029042,-0.0033684,-0.0039075,-0.004433,-0.0050101,-0.0055347,-0.0059377,-0.0062467,-0.0060456,-0.0057732,-0.0044501,-0.0032047,-0.00034422,0.0021585,0.0067423,0.010615,0.01689,0.023822,0.029884,0.038182,0.045354,0.054784,0.062879,0.07321,0.082045,0.093066,0.10247,0.11399,0.12381,0.13566,0.14576
-0.00046229,-0.00060085,-0.0013443,-0.002187,-0.0030717,-0.0040853,-0.0051648,-0.0059584,-0.0060829,-0.0042033,-0.00081444,0.0063705,0.014817,0.027777,0.040953,0.058527,0.075227,0.095894,0.11484,0.13724,0.15733,0.18033,0.20067,0.22339,0.2433,0.2651,0.28589,0.30455,0.32389,0.34117,0.3589,0.37469,0.39077,0.40507,0.41954,0.43241,0.44539,0.45694,0.46856,0.47891
-0.00081481,-0.0010488,-0.0023344,-0.0039146,-0.0054768,-0.0055125,-0.0016148,0.0094921,0.026395,0.050766,0.077848,0.11003,0.14195,0.17693,0.20974,0.2441,0.2753,0.30699,0.33518,0.36321,0.38783,0.41195,0.43301,0.45347,0.47129,0.48856,0.50422,0.51822,0.53147,0.54336,0.55462,0.56475,0.57433,0.58299,0.59111,0.59849,0.60531,0.61156,0.6172,0.62242
-0.0011852,-0.0015868,-0.0038769,-0.0063763,-0.0062917,0.0011721,0.018081,0.045933,0.080707,0.1227,0.16588,0.21148,0.25418,0.29623,0.33376,0.3693,0.40026,0.42897,0.45375,0.47655,0.49623,0.51432,0.52999,0.5444,0.55696,0.5684,0.57839,0.58739,0.59507,0.60208,0.60767,0.6129,0.61656,0.62017,0.62198,0.62407,0.62411,0.62474,0.62327,0.62257
-0.0018089,-0.0023908,-0.0054263,-0.0020115,0.019533,0.05931,0.11075,0.16898,0.22765,0.28498,0.33705,0.38448,0.42549,0.46173,0.49255,0.51968,0.54282,0.56335,0.58099,0.59673,0.61033,0.62235,0.63278,0.64168,0.64946,0.65558,0.66019,0.66451,0.6666,0.66881,0.66884,0.66919,0.66723,0.66585,0.66159,0.65839,0.65123,0.64584,0.63638,0.62869
-0.0023412,-0.0030436,-0.00021151,0.027583,0.07938,0.14568,0.21682,0.2865,0.34971,0.40542,0.45255,0.49234,0.52538,0.55314,0.57641,0.59611,0.61288,0.62696,0.63908,0.64879,0.65721,0.66315,0.6684,0.67086,0.67324,0.67251,0.67036,0.66865,0.66297,0.65839,0.64887,0.64095,0.62846,0.61722,0.60153,0.58688,0.56832,0.55031,0.5293,0.50809
-0.0030842,-0.0040472,0.0019355,0.042688,0.10555,0.17793,0.25145,0.32037,0.38068,0.43183,0.47417,0.50929,0.53849,0.56282,0.58338,0.60026,0.61461,0.62556,0.63488,0.64051,0.64534,0.64602,0.64672,0.643,0.63988,0.63116,0.61964,0.60939,0.59324,0.57815,0.55746,0.53744,0.51278,0.48802,0.45986,0.43064,0.39963,0.36638,0.33305,0.2963
-0.0037474,-0.004953,-0.00052432,0.041728,0.11236,0.19367,0.27242,0.34212,0.40012,0.4472,0.48504,0.51515,0.53961,0.55843,0.57378,0.58406,0.5923,0.59518,0.59721,0.59349,0.58987,0.57916,0.56952,0.55088,0.53419,0.50791,0.47893,0.45012,0.41452,0.37825,0.33697,0.29379,0.24803,0.19886,0.15002,0.096159,0.045904,-0.010914,-0.060689,-0.11836
-0.003944,-0.0046022,0.017509,0.090643,0.18434,0.27777,0.35941,0.42545,0.47713,0.51695,0.54823,0.57213,0.59115,0.60441,0.61472,0.61936,0.62248,0.61982,0.61668,0.60561,0.59522,0.576,0.55762,0.53108,0.50468,0.47212,0.43798,0.40089,0.36235,0.31936,0.2774,0.22946,0.18518,0.13339,0.08802,0.033702,-0.011331,-0.066538,-0.10933,-0.16334
-0.0059512,0.0013401,0.04913,0.12815,0.21576,0.29881,0.37059,0.42915,0.47567,0.51153,0.53956,0.55946,0.57455,0.5821,0.58696,0.58418,0.58027,0.56706,0.55382,0.53023,0.50697,0.47452,0.44185,0.40293,0.36261,0.31987,0.27707,0.23018,0.18687,0.13872,0.097023,0.050092,0.012003,-0.03137,-0.064597,-0.10272,-0.13017,-0.16207,-0.18377,-0.20936
-0.007005,-0.0070191,0.039762,0.13424,0.23149,0.31905,0.39085,0.44766,0.49307,0.52855,0.55691,0.5769,0.59216,0.59932,0.60379,0.59921,0.5934,0.5773,0.56076,0.53505,0.50881,0.47667,0.44329,0.40848,0.37128,0.33709,0.30463,0.26863,0.24009,0.20805,0.18506,0.1588,0.14205,0.12235,0.11137,0.097845,0.090849,0.082105,0.078074,0.072677
-0.0087613,-0.0071203,0.091741,0.25682,0.38677,0.47875,0.54032,0.58039,0.60728,0.62386,0.63465,0.63764,0.63773,0.62911,0.61861,0.59796,0.57572,0.5449,0.51212,0.47528,0.43533,0.39606,0.35258,0.31351,0.26956,0.23261,0.19699,0.15747,0.12587,0.091082,0.064711,0.035826,0.014658,-0.0080739,-0.025237,-0.042749,-0.056764,-0.070183,-0.082289,-0.092623
-0.0068145,0.041185,0.2339,0.35777,0.4333,0.49513,0.54793,0.59157,0.62717,0.65291,0.67183,0.68033,0.684,0.67594,0.66435,0.64054,0.61316,0.57502,0.53196,0.48155,0.42389,0.36416,0.29474,0.23071,0.15538,0.094181,0.03688,-0.028905,-0.074086,-0.12599,-0.15747,-0.1937,-0.214,-0.23681,-0.25062,-0.26399,-0.27443,-0.28164,-0.29,-0.29292
-0.01167,-0.0078271,0.14538,0.34487,0.4663,0.53968,0.5855,0.61464,0.63404,0.64372,0.64775,0.64147,0.63084,0.60737,0.58003,0.54033,0.49661,0.44514,0.38885,0.33146,0.26838,0.21137,0.14833,0.097752,0.041609,0.0020277,-0.032548,-0.069556,-0.09297,-0.11789,-0.13338,-0.14909,-0.15989,-0.16953,-0.17776,-0.18352,-0.19025,-0.19337,-0.20063,-0.20267
-0.0089239,0.038866,0.22977,0.36844,0.46148,0.52819,0.5753,0.60614,0.62583,0.63279,0.63309,0.62,0.60153,0.56916,0.53129,0.48378,0.43016,0.37414,0.3113,0.25343,0.18877,0.13544,0.076339,0.033167,-0.014241,-0.045043,-0.071598,-0.098486,-0.11637,-0.13337,-0.14611,-0.15675,-0.16637,-0.17283,-0.18138,-0.18531,-0.19361,-0.19647,-0.20306,-0.20549
-0.019583,0.0024531,0.17746,0.35338,0.46062,0.53184,0.58185,0.61493,0.63611,0.64325,0.64236,0.62691,0.605,0.57009,0.52967,0.48285,0.43125,0.38206,0.32908,0.28633,0.24107,0.21036,0.17806,0.16015,0.14083,0.13157,0.12384,0.11666,0.11221,0.10859,0.10584,0.10415,0.10158,0.10065,0.09804,0.096947,0.095856,0.094662,0.096287,0.096205
-0.012194,0.037674,0.29628,0.49702,0.59679,0.65408,0.68987,0.71012,0.72057,0.71833,0.70898,0.68857,0.66291,0.63223,0.59858,0.56664,0.53397,0.50713,0.48122,0.46189,0.44433,0.43182,0.42107,0.41268,0.40581,0.39972,0.39454,0.38998,0.38632,0.38274,0.3798,0.37686,0.3746,0.37194,0.37181,0.37003,0.37123,0.37102,0.37176,0.37326
-0.012194,0.037674,0.29628,0.49702,0.59679,0.65408,0.68987,0.71012,0.72057,0.71833,0.70898,0.68857,0.66291,0.63223,0.59858,0.56664,0.53397,0.50713,0.48122,0.46189,0.44433,0.43182,0.42107,0.41268,0.40581,0.39972,0.39454,0.38998,0.38632,0.38274,0.3798,0.37686,0.3746,0.37194,0.37181,0.37003,0.37123,0.37102,0.37176,0.37326
-0.020469,0.020635,0.22856,0.40157,0.5083,0.58272,0.63337,0.66143,0.67277,0.66508,0.64668,0.616,0.5795,0.53933,0.4963,0.4582,0.41895,0.39076,0.36238,0.34702,0.33128,0.32463,0.31762,0.31542,0.31293,0.31216,0.31081,0.31047,0.30999,0.30998,0.30898,0.30819,0.3098,0.3096,0.31149,0.31245,0.31308,0.31493,0.30935,0.30796
-0.017015,0.031084,0.27483,0.46042,0.55582,0.61399,0.6498,0.66542,0.66731,0.65418,0.63336,0.60345,0.57002,0.53458,0.49814,0.46588,0.43366,0.40851,0.38346,0.3655,0.34695,0.33337,0.31866,0.30699,0.29374,0.28257,0.27148,0.25835,0.24708,0.23287,0.22186,0.20634,0.1969,0.18116,0.17266,0.15793,0.15019,0.1379,0.12828,0.11771
-0.017671,0.030807,0.2829,0.47411,0.56902,0.62297,0.65335,0.66461,0.66413,0.65347,0.63772,0.62371,0.61021,0.60337,0.5997,0.59927,0.60228,0.60344,0.60716,0.60629,0.60687,0.60547,0.60313,0.60257,0.599,0.59969,0.59912,0.59586,0.59734,0.59519,0.59617,0.59488,0.59358,0.5913,0.58752,0.58169,0.58434,0.57758,0.56769,0.54968
-0.017671,0.030807,0.2829,0.47411,0.56902,0.62297,0.65335,0.66461,0.66413,0.65347,0.63772,0.62371,0.61021,0.60337,0.5997,0.59927,0.60228,0.60344,0.60716,0.60629,0.60687,0.60547,0.60313,0.60257,0.599,0.59969,0.59912,0.59586,0.59734,0.59519,0.59617,0.59488,0.59358,0.5913,0.58752,0.58169,0.58434,0.57758,0.56769,0.54968
0.56279,0.56348,0.6173,0.68654,0.72837,0.75003,0.75245,0.73224,0.69241,0.63028,0.54655,0.44463,0.31739,0.18894,0.040561,-0.075218,-0.19345,-0.26332,-0.32472,-0.36069,-0.38332,-0.40596,-0.41055,-0.43243,-0.43426,-0.44466,-0.44666,-0.44173,-0.43767,-0.41874,-0.42899,-0.40225,-0.44173,-0.42822,-0.40545,-0.35299,-0.30749,-0.18695,-0.19896,-0.05895
0.56279,0.56348,0.6173,0.68654,0.72837,0.75003,0.75245,0.73224,0.69241,0.63028,0.54655,0.44463,0.31739,0.18894,0.040561,-0.075218,-0.19345,-0.26332,-0.32472,-0.36069,-0.38332,-0.40596,-0.41055,-0.43243,-0.43426,-0.44466,-0.44666,-0.44173,-0.43767,-0.41874,-0.42899,-0.40225,-0.44173,-0.42822,-0.40545,-0.35299,-0.30749,-0.18695,-0.19896,-0.05895
0.55778,0.55569,0.60222,0.67156,0.71741,0.74304,0.74937,0.73806,0.71552,0.68316,0.64536,0.60623,0.56574,0.53024,0.49515,0.46634,0.43738,0.41285,0.38655,0.36304,0.33582,0.312,0.28188,0.25669,0.22206,0.19787,0.17366,0.13821,0.11647,0.084125,0.066951,0.046017,0.033211,0.033963,0.018926,0.047723,0.03942,0.10783,0.088893,0.18811
-0.027878,0.016946,0.24554,0.41231,0.4888,0.52153,0.52293,0.49771,0.45794,0.41461,0.37269,0.34235,0.31795,0.30575,0.29741,0.29506,0.29386,0.2943,0.29457,0.29543,0.29563,0.29623,0.29572,0.2979,0.29812,0.29986,0.2981,0.29764,0.29621,0.29394,0.29389,0.29065,0.30161,0.30866,0.29875,0.29992,0.25984,0.23178,0.30425,0.3113
-0.027878,0.016946,0.24554,0.41231,0.4888,0.52153,0.52293,0.49771,0.45794,0.41461,0.37269,0.34235,0.31795,0.30575,0.29741,0.29506,0.29386,0.2943,0.29457,0.29543,0.29563,0.29623,0.29572,0.2979,0.29812,0.29986,0.2981,0.29764,0.29621,0.29394,0.29389,0.29065,0.30161,0.30866,0.29875,0.29992,0.25984,0.23178,0.30425,0.3113
-0.027878,0.016946,0.24554,0.41231,0.4888,0.52153,0.52293,0.49771,0.45794,0.41461,0.37269,0.34235,0.31795,0.30575,0.29741,0.29506,0.29386,0.2943,0.29457,0.29543,0.29563,0.29623,0.29572,0.2979,0.29812,0.29986,0.2981,0.29764,0.29621,0.29394,0.29389,0.29065,0.30161,0.30866,0.29875,0.29992,0.25984,0.23178,0.30425,0.3113
-0.032021,0.010906,0.22688,0.38138,0.44509,0.46106,0.44193,0.3899,0.31502,0.2275,0.13356,0.049939,-0.02961,-0.090296,-0.14624,-0.18787,-0.229,-0.26182,-0.29792,-0.32746,-0.36289,-0.39214,-0.42895,-0.45248,-0.48438,-0.50577,-0.52541,-0.5384,-0.55857,-0.55054,-0.57467,-0.54037,-0.52424,-0.42239,-0.4597,-0.32402,-0.52592,-0.44299,-0.45161,-0.33756
0.56884,0.56294,0.6041,0.68778,0.7342,0.7452,0.72849,0.6913,0.63864,0.58461,0.5307,0.49496,0.4691,0.45827,0.45225,0.45056,0.44915,0.44881,0.44712,0.44923,0.44869,0.45211,0.45596,0.45001,0.451,0.44032,0.4442,0.44642,0.46344,0.49003,0.42733,0.41036,0.44381,0.44724,0.55599,0.59138,0.43901,0.43572,0.1857,0.15553
0.56884,0.56294,0.6041,0.68778,0.7342,0.7452,0.72849,0.6913,0.63864,0.58461,0.5307,0.49496,0.4691,0.45827,0.45225,0.45056,0.44915,0.44881,0.44712,0.44923,0.44869,0.45211,0.45596,0.45001,0.451,0.44032,0.4442,0.44642,0.46344,0.49003,0.42733,0.41036,0.44381,0.44724,0.55599,0.59138,0.43901,0.43572,0.1857,0.15553
0.56884,0.56294,0.6041,0.68778,0.7342,0.7452,0.72849,0.6913,0.63864,0.58461,0.5307,0.49496,0.4691,0.45827,0.45225,0.45056,0.44915,0.44881,0.44712,0.44923,0.44869,0.45211,0.45596,0.45001,0.451,0.44032,0.4442,0.44642,0.46344,0.49003,0.42733,0.41036,0.44381,0.44724,0.55599,0.59138,0.43901,0.43572,0.1857,0.15553
0.56884,0.56294,0.6041,0.68778,0.7342,0.7452,0.72849,0.6913,0.63864,0.58461,0.5307,0.49496,0.4691,0.45827,0.45225,0.45056,0.44915,0.44881,0.44712,0.44923,0.44869,0.45211,0.45596,0.45001,0.451,0.44032,0.4442,0.44642,0.46344,0.49003,0.42733,0.41036,0.44381,0.44724,0.55599,0.59138,0.43901,0.43572,0.1857,0.15553
-0.038158,0.025542,0.25242,0.3413,0.34341,0.31159,0.27303,0.24636,0.23144,0.22514,0.22311,0.22151,0.22011,0.21827,0.21544,0.21474,0.21242,0.21324,0.21341,0.21149,0.21248,0.20792,0.20734,0.20788,0.21286,0.21374,0.2012,0.19275,0.2365,0.26524,0.23621,0.25198,0.19589,0.19094,0.46129,0.48114,0.45414,0.41781,0.073979,0.088076
-0.038158,0.025542,0.25242,0.3413,0.34341,0.31159,0.27303,0.24636,0.23144,0.22514,0.22311,0.22151,0.22011,0.21827,0.21544,0.21474,0.21242,0.21324,0.21341,0.21149,0.21248,0.20792,0.20734,0.20788,0.21286,0.21374,0.2012,0.19275,0.2365,0.26524,0.23621,0.25198,0.19589,0.19094,0.46129,0.48114,0.45414,0.41781,0.073979,0.088076
-0.038158,0.025542,0.25242,0.3413,0.34341,0.31159,0.27303,0.24636,0.23144,0.22514,0.22311,0.22151,0.22011,0.21827,0.21544,0.21474,0.21242,0.21324,0.21341,0.21149,0.21248,0.20792,0.20734,0.20788,0.21286,0.21374,0.2012,0.19275,0.2365,0.26524,0.23621,0.25198,0.19589,0.19094,0.46129,0.48114,0.45414,0.41781,0.073979,0.088076
-0.038158,0.025542,0.25242,0.3413,0.34341,0.31159,0.27303,0.24636,0.23144,0.22514,0.22311,0.22151,0.22011,0.21827,0.21544,0.21474,0.21242,0.21324,0.21341,0.21149,0.21248,0.20792,0.20734,0.20788,0.21286,0.21374,0.2012,0.19275,0.2365,0.26524,0.23621,0.25198,0.19589,0.19094,0.46129,0.48114,0.45414,0.41781,0.073979,0.088076
-0.038158,0.025542,0.25242,0.3413,0.34341,0.31159,0.27303,0.24636,0.23144,0.22514,0.22311,0.22151,0.22011,0.21827,0.21544,0.21474,0.21242,0.21324,0.21341,0.21149,0.21248,0.20792,0.20734,0.20788,0.21286,0.21374,0.2012,0.19275,0.2365,0.26524,0.23621,0.25198,0.19589,0.19094,0.46129,0.48114,0.45414,0.41781,0.073979,0.088076
-0.038158,0.025542,0.25242,0.3413,0.34341,0.31159,0.27303,0.24636,0.23144,0.22514,0.22311,0.22151,0.22011,0.21827,0.21544,0.21474,0.21242,0.21324,0.21341,0.21149,0.21248,0.20792,0.20734,0.20788,0.21286,0.21374,0.2012,0.19275,0.2365,0.26524,0.23621,0.25198,0.19589,0.19094,0.46129,0.48114,0.45414,0.41781,0.073979,0.088076
-0.056476,-0.046693,0.083271,0.17121,0.20469,0.2052,0.18228,0.14762,0.10526,0.055342,-0.0038577,-0.063856,-0.13582,-0.19875,-0.27667,-0.34037,-0.41956,-0.47527,-0.54383,-0.57749,-0.60639,-0.64161,-0.62699,-0.64678,-0.53859,-0.64243,-0.84986,-0.83225,-0.7108,-0.50474,-0.62321,-0.41689,0.018393,0.21003,0.343,0.36757,0.017322,-0.048169,0.012337,-0.0042181
