-3.2365e-05,-4.4987e-05,-0.00013185,-0.00025839,-0.00040612,-0.00058534,-0.00079388,-0.0010394,-0.0013079,-0.0016214,-0.0019479,-0.0023293,-0.0027087,-0.0031438,-0.0035524,-0.0039996,-0.0043947,-0.0048053,-0.0051487,-0.005492,-0.0057652,-0.0060201,-0.0062127,-0.0063598,-0.0064601,-0.006474,-0.006404,-0.0063236,-0.0060925,-0.0058842,-0.0054904,-0.0051565,-0.0046124,-0.0041645,-0.0034918,-0.0029472,-0.0021694,-0.0015465,-0.0006846,-6.9869e-08
-0.00013226,-0.00018405,-0.00053999,-0.0010567,-0.0016606,-0.0023918,-0.003219,-0.0040917,-0.0048787,-0.0055414,-0.0060035,-0.0062409,-0.0062608,-0.0059159,-0.0054093,-0.0044313,-0.0034204,-0.0019022,-0.00049038,0.0014481,0.0031645,0.0054451,0.0074064,0.0099878,0.012159,0.015027,0.018,0.020547,0.023811,0.026546,0.030104,0.033025,0.036873,0.039973,0.044095,0.047358,0.051716,0.055114,0.059657,0.063148
-0.00030013,-0.00041843,-0.0012301,-0.0024023,-0.003725,-0.0050681,-0.0061441,-0.0068099,-0.0069898,-0.0065216,-0.0055916,-0.0038813,-0.001937,0.00080458,0.0035397,0.0071221,0.010488,0.014828,0.018739,0.023816,0.028231,0.034035,0.038922,0.045386,0.050671,0.057627,0.064617,0.070376,0.07746,0.083126,0.089991,0.095311,0.10162,0.10635,0.11176,0.11568,0.11992,0.12285,0.12568,0.12747
-0.00051678,-0.00072005,-0.0021168,-0.0039937,-0.0054353,-0.0059128,-0.0051618,-0.0031292,-0.00028103,0.0034732,0.0075493,0.012558,0.017587,0.023845,0.029788,0.037381,0.044233,0.053102,0.060728,0.070524,0.078557,0.088674,0.096563,0.10621,0.11332,0.12163,0.12868,0.13359,0.13821,0.14101,0.14279,0.14323,0.14195,0.13996,0.1356,0.13123,0.12396,0.11733,0.10742,0.098711
-0.00082816,-0.0011629,-0.0034398,-0.0064424,-0.0084474,-0.0080436,-0.005109,-0.00026491,0.0054033,0.012107,0.018899,0.02711,0.034971,0.044866,0.053778,0.064959,0.074357,0.085735,0.094571,0.10468,0.1118,0.11917,0.12363,0.12717,0.12835,0.12748,0.12409,0.11967,0.11184,0.10391,0.092094,0.080979,0.06569,0.051738,0.033516,0.017068,-0.0035672,-0.022203,-0.0449,-0.065512
-0.0012201,-0.0017154,-0.0041381,-0.0045487,-0.0029096,0.00071782,0.0067248,0.015662,0.026664,0.040679,0.055581,0.073558,0.090842,0.11074,0.12817,0.14701,0.16209,0.17689,0.18762,0.19631,0.20157,0.20318,0.20262,0.19707,0.19094,0.17894,0.16444,0.15059,0.13152,0.11379,0.091192,0.070219,0.04479,0.020978,-0.0067786,-0.033209,-0.06288,-0.091778,-0.12304,-0.15425
-0.0016151,-0.0022873,-0.0057366,-0.0056365,-0.00052365,0.0078929,0.018572,0.031803,0.046151,0.063091,0.07953,0.098206,0.11437,0.13147,0.14447,0.15635,0.16376,0.16791,0.16841,0.16379,0.15715,0.14404,0.13071,0.1104,0.091294,0.06518,0.037373,0.010618,-0.02099,-0.051522,-0.086032,-0.11988,-0.15635,-0.19302,-0.23114,-0.27021,-0.30938,-0.35029,-0.38961,-0.43155
-0.0030222,-0.0042754,-0.0059683,0.010036,0.035764,0.064469,0.093812,0.12369,0.15162,0.17959,0.20348,0.22584,0.24238,0.2548,0.26147,0.26191,0.25828,0.24699,0.234,0.21276,0.19183,0.16271,0.13521,0.099941,0.066828,0.026801,-0.013949,-0.054878,-0.098624,-0.14348,-0.18944,-0.2375,-0.28435,-0.33443,-0.38079,-0.43133,-0.47526,-0.52429,-0.56391,-0.60935
-0.0029408,-0.0038615,-0.00026772,0.013061,0.028284,0.045398,0.064497,0.087542,0.11139,0.13751,0.15958,0.17927,0.19184,0.19859,0.19895,0.19155,0.18041,0.16101,0.14041,0.11199,0.083892,0.048913,0.014619,-0.025504,-0.065479,-0.10943,-0.15418,-0.20206,-0.24977,-0.30164,-0.35101,-0.4054,-0.45427,-0.50895,-0.55473,-0.607,-0.6473,-0.69452,-0.72768,-0.76787
-0.0045066,-0.0059715,-0.0021579,0.011764,0.02891,0.048672,0.068709,0.088785,0.10582,0.12022,0.12879,0.13099,0.12696,0.11369,0.096293,0.068377,0.039298,-0.00018372,-0.038489,-0.086282,-0.13185,-0.18484,-0.23603,-0.29143,-0.3464,-0.40185,-0.45499,-0.51088,-0.56003,-0.61259,-0.65498,-0.70122,-0.73512,-0.77302,-0.79842,-0.82756,-0.8454,-0.86661,-0.87797,-0.8925
-0.0070198,-0.0089606,0.0069397,0.056422,0.11084,0.16194,0.20663,0.24487,0.27312,0.29112,0.29855,0.29451,0.28345,0.26128,0.23616,0.20067,0.16509,0.12,0.076116,0.023974,-0.027123,-0.083797,-0.14072,-0.19939,-0.25987,-0.3171,-0.37097,-0.42923,-0.47616,-0.52792,-0.565,-0.6071,-0.63395,-0.66545,-0.68304,-0.70487,-0.71471,-0.7285,-0.73399,-0.74201
-0.0043827,-0.0056379,-0.005979,0.0053245,0.024917,0.048637,0.071863,0.092613,0.10643,0.11146,0.10685,0.089669,0.065923,0.030166,-0.0077773,-0.055672,-0.10331,-0.15783,-0.2122,-0.26936,-0.32777,-0.38416,-0.44312,-0.49504,-0.55032,-0.59386,-0.63235,-0.67398,-0.70215,-0.73315,-0.75198,-0.77328,-0.78424,-0.79754,-0.80409,-0.81177,-0.81604,-0.82011,-0.82356,-0.82549
-0.0069949,-0.0035717,0.01594,0.055896,0.11307,0.1776,0.23754,0.28543,0.31707,0.33135,0.33202,0.31609,0.29249,0.25547,0.21515,0.16502,0.11248,0.053027,-0.01045,-0.077739,-0.15149,-0.22423,-0.30575,-0.37842,-0.46163,-0.52676,-0.58629,-0.65411,-0.69907,-0.75087,-0.78014,-0.81491,-0.83313,-0.85399,-0.86599,-0.8772,-0.8864,-0.89151,-0.89925,-0.9004
-0.0071352,2.8876e-05,0.045578,0.097928,0.14662,0.19324,0.23092,0.25499,0.26308,0.2548,0.23517,0.20191,0.16239,0.11178,0.057328,-0.0057007,-0.072658,-0.1449,-0.22209,-0.29867,-0.38113,-0.45432,-0.53372,-0.59482,-0.66199,-0.70606,-0.74337,-0.78363,-0.80594,-0.83077,-0.84394,-0.8577,-0.86625,-0.87308,-0.87963,-0.88241,-0.888,-0.88834,-0.89478,-0.89436
0.022814,0.02484,0.031272,0.052903,0.08726,0.12518,0.15523,0.1698,0.16636,0.14353,0.10968,0.061606,0.010089,-0.050834,-0.11306,-0.1799,-0.24909,-0.31662,-0.38764,-0.44906,-0.51431,-0.56274,-0.61484,-0.64707,-0.68274,-0.70106,-0.71506,-0.73025,-0.7374,-0.74455,-0.74877,-0.75154,-0.75426,-0.7546,-0.75738,-0.75664,-0.7596,-0.75862,-0.76042,-0.75916
-0.013923,0.011723,0.14048,0.24218,0.29035,0.30949,0.30932,0.29244,0.26331,0.22071,0.17212,0.11196,0.04935,-0.02213,-0.095573,-0.17183,-0.25072,-0.32296,-0.39784,-0.45604,-0.51623,-0.55455,-0.59455,-0.61515,-0.63745,-0.64555,-0.6527,-0.659,-0.66281,-0.66475,-0.66713,-0.66697,-0.66969,-0.66906,-0.67023,-0.669,-0.67068,-0.66963,-0.66847,-0.66607
-0.014306,-0.0033993,0.062797,0.13675,0.20055,0.24736,0.27079,0.26994,0.25084,0.21216,0.1641,0.10428,0.040242,-0.025819,-0.094733,-0.15506,-0.21724,-0.26201,-0.30758,-0.33282,-0.35859,-0.36819,-0.37868,-0.37929,-0.38115,-0.37927,-0.37795,-0.37605,-0.37459,-0.3724,-0.37165,-0.36998,-0.36831,-0.36672,-0.36455,-0.36247,-0.36006,-0.35652,-0.35374,-0.34678
-0.014306,-0.0033993,0.062797,0.13675,0.20055,0.24736,0.27079,0.26994,0.25084,0.21216,0.1641,0.10428,0.040242,-0.025819,-0.094733,-0.15506,-0.21724,-0.26201,-0.30758,-0.33282,-0.35859,-0.36819,-0.37868,-0.37929,-0.38115,-0.37927,-0.37795,-0.37605,-0.37459,-0.3724,-0.37165,-0.36998,-0.36831,-0.36672,-0.36455,-0.36247,-0.36006,-0.35652,-0.35374,-0.34678
-0.026037,0.0021933,0.14941,0.28082,0.35945,0.40052,0.41261,0.39999,0.36991,0.31937,0.2572,0.17932,0.093577,0.002268,-0.095028,-0.18281,-0.27392,-0.34031,-0.40705,-0.44485,-0.48245,-0.4983,-0.51441,-0.52091,-0.52593,-0.5295,-0.53376,-0.53363,-0.53621,-0.5351,-0.53719,-0.53617,-0.5355,-0.53307,-0.53053,-0.5242,-0.52203,-0.50916,-0.5197,-0.50607
-0.028898,0.013446,0.1804,0.29635,0.36363,0.39732,0.40282,0.38187,0.34218,0.28295,0.21342,0.13729,0.057749,-0.012297,-0.080788,-0.12902,-0.17381,-0.19918,-0.22252,-0.23415,-0.24567,-0.25332,-0.2612,-0.26825,-0.27577,-0.28431,-0.29175,-0.30142,-0.30849,-0.31885,-0.32612,-0.33632,-0.34401,-0.3526,-0.36281,-0.36955,-0.38639,-0.39454,-0.39685,-0.39442
0.01716,0.027223,0.06889,0.10433,0.12265,0.11698,0.086112,0.032801,-0.033369,-0.11047,-0.19273,-0.274,-0.3575,-0.42695,-0.49527,-0.54048,-0.58291,-0.60405,-0.6234,-0.62958,-0.63524,-0.63673,-0.63696,-0.63738,-0.63568,-0.63716,-0.63681,-0.63552,-0.63442,-0.63236,-0.63096,-0.62688,-0.62519,-0.61638,-0.62098,-0.60899,-0.62691,-0.61983,-0.61302,-0.59099
0.01716,0.027223,0.06889,0.10433,0.12265,0.11698,0.086112,0.032801,-0.033369,-0.11047,-0.19273,-0.274,-0.3575,-0.42695,-0.49527,-0.54048,-0.58291,-0.60405,-0.6234,-0.62958,-0.63524,-0.63673,-0.63696,-0.63738,-0.63568,-0.63716,-0.63681,-0.63552,-0.63442,-0.63236,-0.63096,-0.62688,-0.62519,-0.61638,-0.62098,-0.60899,-0.62691,-0.61983,-0.61302,-0.59099
-0.034923,-0.0036439,0.13369,0.21198,0.22814,0.21147,0.17017,0.10516,0.02355,-0.074377,-0.1852,-0.30256,-0.43116,-0.54577,-0.66342,-0.74564,-0.82263,-0.86564,-0.90191,-0.92373,-0.93708,-0.95167,-0.95558,-0.96686,-0.96752,-0.9757,-0.97731,-0.97523,-0.97367,-0.9641,-0.96921,-0.95463,-0.97697,-0.97066,-0.95498,-0.92251,-0.89232,-0.80665,-0.8447,-0.74456
-0.034923,-0.0036439,0.13369,0.21198,0.22814,0.21147,0.17017,0.10516,0.02355,-0.074377,-0.1852,-0.30256,-0.43116,-0.54577,-0.66342,-0.74564,-0.82263,-0.86564,-0.90191,-0.92373,-0.93708,-0.95167,-0.95558,-0.96686,-0.96752,-0.9757,-0.97731,-0.97523,-0.97367,-0.9641,-0.96921,-0.95463,-0.97697,-0.97066,-0.95498,-0.92251,-0.89232,-0.80665,-0.8447,-0.74456
-0.039702,0.0032417,0.18477,0.27581,0.2777,0.23218,0.15306,0.044329,-0.083212,-0.21835,-0.35786,-0.47671,-0.58598,-0.65779,-0.71652,-0.74852,-0.77313,-0.78944,-0.80121,-0.81367,-0.82271,-0.8327,-0.84162,-0.8482,-0.85539,-0.86041,-0.8676,-0.87073,-0.88321,-0.88713,-0.88787,-0.88062,-0.87732,-0.84651,-0.87341,-0.83443,-0.87912,-0.84283,-0.79006,-0.68914
-0.046493,0.031609,0.32002,0.4918,0.5651,0.58634,0.57446,0.53858,0.48941,0.43493,0.37755,0.32828,0.28198,0.25229,0.22796,0.21701,0.20952,0.20621,0.20546,0.2036,0.20411,0.20357,0.20428,0.205,0.20683,0.20858,0.20764,0.21166,0.20622,0.20822,0.21258,0.22367,0.22956,0.25725,0.22741,0.24732,0.21908,0.22896,0.29109,0.33335
-0.046493,0.031609,0.32002,0.4918,0.5651,0.58634,0.57446,0.53858,0.48941,0.43493,0.37755,0.32828,0.28198,0.25229,0.22796,0.21701,0.20952,0.20621,0.20546,0.2036,0.20411,0.20357,0.20428,0.205,0.20683,0.20858,0.20764,0.21166,0.20622,0.20822,0.21258,0.22367,0.22956,0.25725,0.22741,0.24732,0.21908,0.22896,0.29109,0.33335
-0.046493,0.031609,0.32002,0.4918,0.5651,0.58634,0.57446,0.53858,0.48941,0.43493,0.37755,0.32828,0.28198,0.25229,0.22796,0.21701,0.20952,0.20621,0.20546,0.2036,0.20411,0.20357,0.20428,0.205,0.20683,0.20858,0.20764,0.21166,0.20622,0.20822,0.21258,0.22367,0.22956,0.25725,0.22741,0.24732,0.21908,0.22896,0.29109,0.33335
-0.058105,-0.022396,0.20112,0.39072,0.48173,0.51462,0.51478,0.5002,0.48167,0.46663,0.45481,0.44685,0.44057,0.43431,0.42792,0.42043,0.41192,0.40396,0.3939,0.38655,0.37599,0.3697,0.35981,0.35382,0.34496,0.33961,0.33507,0.32935,0.32911,0.32975,0.3214,0.32146,0.3232,0.33256,0.32501,0.34231,0.31398,0.32235,0.24633,0.22208
0.037842,0.040721,0.042312,0.032939,-0.0048861,-0.062844,-0.12545,-0.17783,-0.21906,-0.23868,-0.24892,-0.2427,-0.23379,-0.2194,-0.2069,-0.19503,-0.18597,-0.17776,-0.17224,-0.16632,-0.16249,-0.15847,-0.15372,-0.15428,-0.14833,-0.15661,-0.15488,-0.14794,-0.1464,-0.12861,-0.14734,-0.13586,-0.1356,-0.11581,-0.038759,0.026622,0.0064305,0.061523,-0.055386,-0.014618
0.037842,0.040721,0.042312,0.032939,-0.0048861,-0.062844,-0.12545,-0.17783,-0.21906,-0.23868,-0.24892,-0.2427,-0.23379,-0.2194,-0.2069,-0.19503,-0.18597,-0.17776,-0.17224,-0.16632,-0.16249,-0.15847,-0.15372,-0.15428,-0.14833,-0.15661,-0.15488,-0.14794,-0.1464,-0.12861,-0.14734,-0.13586,-0.1356,-0.11581,-0.038759,0.026622,0.0064305,0.061523,-0.055386,-0.014618
0.037842,0.040721,0.042312,0.032939,-0.0048861,-0.062844,-0.12545,-0.17783,-0.21906,-0.23868,-0.24892,-0.2427,-0.23379,-0.2194,-0.2069,-0.19503,-0.18597,-0.17776,-0.17224,-0.16632,-0.16249,-0.15847,-0.15372,-0.15428,-0.14833,-0.15661,-0.15488,-0.14794,-0.1464,-0.12861,-0.14734,-0.13586,-0.1356,-0.11581,-0.038759,0.026622,0.0064305,0.061523,-0.055386,-0.014618
0.037842,0.040721,0.042312,0.032939,-0.0048861,-0.062844,-0.12545,-0.17783,-0.21906,-0.23868,-0.24892,-0.2427,-0.23379,-0.2194,-0.2069,-0.19503,-0.18597,-0.17776,-0.17224,-0.16632,-0.16249,-0.15847,-0.15372,-0.15428,-0.14833,-0.15661,-0.15488,-0.14794,-0.1464,-0.12861,-0.14734,-0.13586,-0.1356,-0.11581,-0.038759,0.026622,0.0064305,0.061523,-0.055386,-0.014618
0.115,0.13624,0.20443,0.21833,0.17063,0.084616,-0.015255,-0.10244,-0.16846,-0.20229,-0.21876,-0.22367,-0.22518,-0.22579,-0.22736,-0.22652,-0.22752,-0.22622,-0.224,-0.22541,-0.21806,-0.22957,-0.22425,-0.21872,-0.18576,-0.20428,-0.22249,-0.2075,-0.13591,-0.047482,-0.003976,0.10801,0.062044,0.18933,0.69892,0.73377,0.40779,0.3591,0.035695,0.020593
0.115,0.13624,0.20443,0.21833,0.17063,0.084616,-0.015255,-0.10244,-0.16846,-0.20229,-0.21876,-0.22367,-0.22518,-0.22579,-0.22736,-0.22652,-0.22752,-0.22622,-0.224,-0.22541,-0.21806,-0.22957,-0.22425,-0.21872,-0.18576,-0.20428,-0.22249,-0.2075,-0.13591,-0.047482,-0.003976,0.10801,0.062044,0.18933,0.69892,0.73377,0.40779,0.3591,0.035695,0.020593
0.115,0.13624,0.20443,0.21833,0.17063,0.084616,-0.015255,-0.10244,-0.16846,-0.20229,-0.21876,-0.22367,-0.22518,-0.22579,-0.22736,-0.22652,-0.22752,-0.22622,-0.224,-0.22541,-0.21806,-0.22957,-0.22425,-0.21872,-0.18576,-0.20428,-0.22249,-0.2075,-0.13591,-0.047482,-0.003976,0.10801,0.062044,0.18933,0.69892,0.73377,0.40779,0.3591,0.035695,0.020593
0.115,0.13624,0.20443,0.21833,0.17063,0.084616,-0.015255,-0.10244,-0.16846,-0.20229,-0.21876,-0.22367,-0.22518,-0.22579,-0.22736,-0.22652,-0.22752,-0.22622,-0.224,-0.22541,-0.21806,-0.22957,-0.22425,-0.21872,-0.18576,-0.20428,-0.22249,-0.2075,-0.13591,-0.047482,-0.003976,0.10801,0.062044,0.18933,0.69892,0.73377,0.40779,0.3591,0.035695,0.020593
0.115,0.13624,0.20443,0.21833,0.17063,0.084616,-0.015255,-0.10244,-0.16846,-0.20229,-0.21876,-0.22367,-0.22518,-0.22579,-0.22736,-0.22652,-0.22752,-0.22622,-0.224,-0.22541,-0.21806,-0.22957,-0.22425,-0.21872,-0.18576,-0.20428,-0.22249,-0.2075,-0.13591,-0.047482,-0.003976,0.10801,0.062044,0.18933,0.69892,0.73377,0.40779,0.3591,0.035695,0.020593
0.115,0.13624,0.20443,0.21833,0.17063,0.084616,-0.015255,-0.10244,-0.16846,-0.20229,-0.21876,-0.22367,-0.22518,-0.22579,-0.22736,-0.22652,-0.22752,-0.22622,-0.224,-0.22541,-0.21806,-0.22957,-0.22425,-0.21872,-0.18576,-0.20428,-0.22249,-0.2075,-0.13591,-0.047482,-0.003976,0.10801,0.062044,0.18933,0.69892,0.73377,0.40779,0.3591,0.035695,0.020593
0.072322,0.059845,0.065016,0.092407,0.096568,0.1137,0.14444,0.17072,0.1855,0.18433,0.16975,0.14708,0.11144,0.077794,0.02979,-0.010938,-0.067136,-0.11035,-0.16851,-0.19916,-0.23032,-0.26134,-0.24731,-0.27637,-0.1813,-0.29253,-0.55437,-0.52792,-0.47761,-0.2418,-0.43316,-0.1984,0.34489,0.49996,0.68485,0.70987,0.13022,0.085704,0.40222,0.38004
