-5.6525e-05,-7.8566e-05,-0.00023033,-0.0004516,-0.00071008,-0.0010238,-0.0013892,-0.0018196,-0.0022908,-0.0028411,-0.0034151,-0.0040883,-0.0047631,-0.0055615,-0.0063354,-0.0072578,-0.0081257,-0.0091645,-0.010116,-0.011258,-0.012279,-0.01351,-0.014589,-0.0159,-0.017028,-0.018413,-0.019814,-0.021046,-0.022522,-0.023803,-0.025358,-0.026692,-0.028331,-0.029722,-0.031451,-0.032904,-0.034729,-0.036249,-0.038175,-0.039766
-0.00022325,-0.00031038,-0.00091061,-0.001787,-0.0028127,-0.0040609,-0.005518,-0.0072355,-0.0091071,-0.011261,-0.013458,-0.01596,-0.018388,-0.021182,-0.023809,-0.026904,-0.029747,-0.033181,-0.036275,-0.040094,-0.043475,-0.047722,-0.051422,-0.056139,-0.06019,-0.065418,-0.070834,-0.075615,-0.081552,-0.086732,-0.093148,-0.09869,-0.10546,-0.11127,-0.11825,-0.12423,-0.13127,-0.13729,-0.14422,-0.15017
-0.00050243,-0.0006987,-0.0020523,-0.0040329,-0.0063582,-0.0091877,-0.012454,-0.016204,-0.020156,-0.024598,-0.029054,-0.034182,-0.03919,-0.04514,-0.050818,-0.057745,-0.064208,-0.072254,-0.079596,-0.088794,-0.09701,-0.10712,-0.11598,-0.12656,-0.13572,-0.14625,-0.15635,-0.16539,-0.17494,-0.1835,-0.19241,-0.20045,-0.2088,-0.21638,-0.22437,-0.23165,-0.23945,-0.2466,-0.25447,-0.26167
-0.00089365,-0.0012434,-0.0036586,-0.0071816,-0.011172,-0.015717,-0.020682,-0.026312,-0.032319,-0.039358,-0.046665,-0.055445,-0.064272,-0.075055,-0.085524,-0.098157,-0.10995,-0.12357,-0.13586,-0.14932,-0.16122,-0.1737,-0.18471,-0.19607,-0.20616,-0.2167,-0.22687,-0.23636,-0.24649,-0.25602,-0.26662,-0.27662,-0.28809,-0.29888,-0.31148,-0.3233,-0.33718,-0.35013,-0.36528,-0.37939
-0.001345,-0.0018724,-0.0055182,-0.010786,-0.016594,-0.023151,-0.030414,-0.038826,-0.047976,-0.058882,-0.070364,-0.084278,-0.098324,-0.11492,-0.13081,-0.14842,-0.16462,-0.18153,-0.19685,-0.21237,-0.22652,-0.24102,-0.25441,-0.2686,-0.2819,-0.29666,-0.31181,-0.3265,-0.34305,-0.35904,-0.37725,-0.39471,-0.41434,-0.43313,-0.45391,-0.47373,-0.49514,-0.51557,-0.53708,-0.55767
-0.0020127,-0.0028034,-0.0082697,-0.016051,-0.024472,-0.034073,-0.044936,-0.057832,-0.072106,-0.089232,-0.10711,-0.12746,-0.14711,-0.16782,-0.18686,-0.20612,-0.22375,-0.24177,-0.25859,-0.27654,-0.29363,-0.31272,-0.33104,-0.35207,-0.37222,-0.39536,-0.41904,-0.44224,-0.46723,-0.49163,-0.51715,-0.54207,-0.56723,-0.59195,-0.61603,-0.63991,-0.66247,-0.68508,-0.7059,-0.72698
-0.0026656,-0.0037141,-0.010997,-0.021626,-0.033513,-0.047166,-0.062569,-0.080786,-0.10086,-0.12402,-0.14734,-0.17145,-0.19387,-0.21547,-0.23534,-0.25488,-0.27343,-0.29312,-0.3123,-0.33395,-0.35515,-0.37961,-0.40333,-0.43021,-0.45606,-0.48443,-0.51266,-0.54022,-0.56811,-0.59539,-0.62203,-0.64826,-0.67309,-0.69778,-0.72063,-0.74355,-0.76427,-0.7853,-0.80388,-0.82297
-0.0034787,-0.0048522,-0.014231,-0.026891,-0.040522,-0.056804,-0.076081,-0.099422,-0.12496,-0.15267,-0.17956,-0.20575,-0.23027,-0.2543,-0.27761,-0.30245,-0.32746,-0.35594,-0.38477,-0.41788,-0.45094,-0.48757,-0.5236,-0.5614,-0.5982,-0.63427,-0.66825,-0.70183,-0.73168,-0.76131,-0.78662,-0.81192,-0.83275,-0.85384,-0.87083,-0.88815,-0.90174,-0.91574,-0.92634,-0.93737
-0.0043052,-0.0060004,-0.017356,-0.032454,-0.048964,-0.06903,-0.092495,-0.11787,-0.14208,-0.16271,-0.18019,-0.19484,-0.20863,-0.2239,-0.24033,-0.26176,-0.28479,-0.31432,-0.34474,-0.38096,-0.41706,-0.45708,-0.49611,-0.5365,-0.57568,-0.61392,-0.65013,-0.68593,-0.71826,-0.7505,-0.77858,-0.80685,-0.83063,-0.85478,-0.87383,-0.89365,-0.90835,-0.92392,-0.93508,-0.94691
-0.0050781,-0.007063,-0.019322,-0.03505,-0.053544,-0.076481,-0.10226,-0.12736,-0.14927,-0.16625,-0.18072,-0.194,-0.20835,-0.22692,-0.24844,-0.2773,-0.30884,-0.34733,-0.38714,-0.43101,-0.47505,-0.51924,-0.56333,-0.60452,-0.64589,-0.68257,-0.7166,-0.75138,-0.7806,-0.81064,-0.83485,-0.85996,-0.87906,-0.89909,-0.9137,-0.929,-0.93979,-0.95107,-0.958,-0.96581
-0.0065933,-0.0091695,-0.025157,-0.045873,-0.07016,-0.097711,-0.12337,-0.14208,-0.15473,-0.16344,-0.17241,-0.18611,-0.20439,-0.23222,-0.26481,-0.30674,-0.35133,-0.4018,-0.45251,-0.50467,-0.55568,-0.60459,-0.65216,-0.6951,-0.73722,-0.77328,-0.80572,-0.83784,-0.86279,-0.88796,-0.90627,-0.92503,-0.9376,-0.95091,-0.95842,-0.96716,-0.97187,-0.97728,-0.98011,-0.98309
-0.0081008,-0.011279,-0.031148,-0.057297,-0.08885,-0.12696,-0.16701,-0.20502,-0.24058,-0.27584,-0.31233,-0.35312,-0.39664,-0.44481,-0.4943,-0.54512,-0.59514,-0.64227,-0.68741,-0.72718,-0.76496,-0.79678,-0.82717,-0.85211,-0.87605,-0.89456,-0.9106,-0.92601,-0.93749,-0.94866,-0.95605,-0.96374,-0.96863,-0.97376,-0.97704,-0.98029,-0.98266,-0.98452,-0.98701,-0.98814
-0.0086466,-0.012049,-0.033365,-0.061252,-0.091448,-0.11776,-0.13475,-0.14368,-0.15013,-0.16052,-0.1765,-0.20379,-0.23804,-0.28343,-0.33357,-0.38967,-0.44824,-0.50621,-0.56554,-0.61882,-0.67332,-0.71837,-0.76478,-0.8001,-0.83677,-0.86237,-0.88454,-0.90655,-0.92122,-0.93582,-0.94531,-0.95463,-0.96041,-0.96593,-0.97009,-0.97302,-0.97658,-0.97773,-0.98252,-0.98325
-0.010211,-0.013715,-0.035961,-0.068025,-0.10776,-0.15394,-0.2002,-0.24313,-0.28395,-0.32649,-0.37179,-0.42349,-0.478,-0.53571,-0.59336,-0.64781,-0.7004,-0.74583,-0.78911,-0.82429,-0.85767,-0.88338,-0.90761,-0.92539,-0.9418,-0.95367,-0.96283,-0.971,-0.97657,-0.98132,-0.98447,-0.98684,-0.98883,-0.98952,-0.99224,-0.99245,-0.99458,-0.9945,-0.99508,-0.99409
-0.012241,-0.017113,-0.047939,-0.088715,-0.13247,-0.17336,-0.2094,-0.24455,-0.28498,-0.33587,-0.39632,-0.46528,-0.53807,-0.60814,-0.67591,-0.73302,-0.78627,-0.82776,-0.86623,-0.89487,-0.92123,-0.93955,-0.95621,-0.96727,-0.97711,-0.98221,-0.98635,-0.98968,-0.99174,-0.99275,-0.99458,-0.99451,-0.99689,-0.99678,-0.99722,-0.99626,-0.99729,-0.99577,-0.99643,-0.99401
-0.013279,-0.017882,-0.047316,-0.088704,-0.12851,-0.15664,-0.17575,-0.19597,-0.22611,-0.27461,-0.33918,-0.41964,-0.50806,-0.59449,-0.6788,-0.74696,-0.80978,-0.85425,-0.89451,-0.92072,-0.94396,-0.95864,-0.97087,-0.97861,-0.98442,-0.98833,-0.99118,-0.99242,-0.99427,-0.99402,-0.996,-0.99519,-0.99776,-0.99725,-0.99759,-0.99618,-0.99516,-0.99139,-0.99106,-0.98415
-0.014965,-0.020208,-0.053906,-0.10297,-0.15796,-0.21051,-0.25763,-0.30444,-0.35464,-0.41197,-0.47277,-0.53682,-0.59929,-0.65876,-0.71401,-0.76292,-0.80763,-0.84475,-0.87849,-0.90396,-0.92721,-0.94319,-0.95796,-0.96653,-0.97485,-0.97967,-0.98399,-0.98699,-0.99024,-0.99174,-0.99363,-0.99398,-0.99542,-0.99491,-0.99672,-0.99595,-0.9968,-0.99527,-0.99405,-0.9899
-0.01635,-0.021947,-0.057829,-0.097718,-0.11256,-0.10762,-0.10054,-0.10851,-0.13534,-0.18653,-0.25349,-0.33418,-0.42099,-0.50625,-0.59154,-0.66445,-0.73524,-0.78838,-0.83906,-0.87294,-0.90469,-0.9239,-0.94175,-0.95214,-0.96116,-0.96761,-0.97458,-0.97766,-0.98328,-0.98496,-0.98885,-0.98954,-0.98999,-0.98782,-0.98832,-0.98259,-0.9869,-0.97905,-0.9788,-0.96394
-0.018732,-0.025213,-0.066013,-0.10207,-0.10125,-0.082655,-0.070471,-0.079337,-0.11005,-0.16416,-0.23309,-0.31473,-0.40193,-0.49017,-0.57926,-0.65907,-0.7375,-0.79733,-0.85514,-0.89142,-0.92644,-0.94435,-0.96161,-0.97029,-0.977,-0.98313,-0.98832,-0.98913,-0.99297,-0.99183,-0.99716,-0.99669,-0.997,-0.99455,-0.99145,-0.98337,-0.9872,-0.97593,-0.98465,-0.97181
-0.020646,-0.029146,-0.083865,-0.14844,-0.20084,-0.24606,-0.29488,-0.35565,-0.42861,-0.50745,-0.58766,-0.65909,-0.72601,-0.78048,-0.83055,-0.86887,-0.90315,-0.92698,-0.94765,-0.95989,-0.97055,-0.97664,-0.98121,-0.9852,-0.98657,-0.99124,-0.99313,-0.9932,-0.99472,-0.9934,-0.99545,-0.99329,-0.99329,-0.98796,-0.98652,-0.97445,-0.98715,-0.97597,-0.98619,-0.97339
-0.020646,-0.029146,-0.083865,-0.14844,-0.20084,-0.24606,-0.29488,-0.35565,-0.42861,-0.50745,-0.58766,-0.65909,-0.72601,-0.78048,-0.83055,-0.86887,-0.90315,-0.92698,-0.94765,-0.95989,-0.97055,-0.97664,-0.98121,-0.9852,-0.98657,-0.99124,-0.99313,-0.9932,-0.99472,-0.9934,-0.99545,-0.99329,-0.99329,-0.98796,-0.98652,-0.97445,-0.98715,-0.97597,-0.98619,-0.97339
-0.018869,-0.02659,-0.083093,-0.15874,-0.2167,-0.26962,-0.33399,-0.41523,-0.5064,-0.59773,-0.6842,-0.7586,-0.82399,-0.87391,-0.91556,-0.94269,-0.96436,-0.97589,-0.98462,-0.9894,-0.99169,-0.99517,-0.99538,-0.99692,-0.99529,-0.99809,-0.99906,-0.99772,-0.99674,-0.99235,-0.9926,-0.98413,-0.99489,-0.98895,-0.98163,-0.96151,-0.95725,-0.91709,-0.95207,-0.91301
-0.018869,-0.02659,-0.083093,-0.15874,-0.2167,-0.26962,-0.33399,-0.41523,-0.5064,-0.59773,-0.6842,-0.7586,-0.82399,-0.87391,-0.91556,-0.94269,-0.96436,-0.97589,-0.98462,-0.9894,-0.99169,-0.99517,-0.99538,-0.99692,-0.99529,-0.99809,-0.99906,-0.99772,-0.99674,-0.99235,-0.9926,-0.98413,-0.99489,-0.98895,-0.98163,-0.96151,-0.95725,-0.91709,-0.95207,-0.91301
-0.030416,-0.041116,-0.096412,-0.1297,-0.14698,-0.1855,-0.26282,-0.37723,-0.51064,-0.63648,-0.74734,-0.82767,-0.8896,-0.9286,-0.95634,-0.97259,-0.9831,-0.98923,-0.99207,-0.99527,-0.99511,-0.99852,-0.99846,-0.99809,-0.99531,-0.99519,-0.99782,-0.99462,-0.99386,-0.98506,-0.9869,-0.97017,-0.97969,-0.95534,-0.93399,-0.87274,-0.92803,-0.8791,-0.91666,-0.86735
-0.030416,-0.041116,-0.096412,-0.1297,-0.14698,-0.1855,-0.26282,-0.37723,-0.51064,-0.63648,-0.74734,-0.82767,-0.8896,-0.9286,-0.95634,-0.97259,-0.9831,-0.98923,-0.99207,-0.99527,-0.99511,-0.99852,-0.99846,-0.99809,-0.99531,-0.99519,-0.99782,-0.99462,-0.99386,-0.98506,-0.9869,-0.97017,-0.97969,-0.95534,-0.93399,-0.87274,-0.92803,-0.8791,-0.91666,-0.86735
-0.030416,-0.041116,-0.096412,-0.1297,-0.14698,-0.1855,-0.26282,-0.37723,-0.51064,-0.63648,-0.74734,-0.82767,-0.8896,-0.9286,-0.95634,-0.97259,-0.9831,-0.98923,-0.99207,-0.99527,-0.99511,-0.99852,-0.99846,-0.99809,-0.99531,-0.99519,-0.99782,-0.99462,-0.99386,-0.98506,-0.9869,-0.97017,-0.97969,-0.95534,-0.93399,-0.87274,-0.92803,-0.8791,-0.91666,-0.86735
-0.036708,-0.052056,-0.13561,-0.18977,-0.22033,-0.26676,-0.33999,-0.43565,-0.53965,-0.63999,-0.7313,-0.80446,-0.86617,-0.90689,-0.94,-0.95851,-0.97304,-0.9815,-0.98708,-0.99114,-0.9923,-0.996,-0.99624,-0.99707,-0.99513,-0.99473,-0.99725,-0.99377,-0.99475,-0.98744,-0.99415,-0.98581,-0.96946,-0.93268,-0.94719,-0.89847,-0.9674,-0.94238,-0.83922,-0.74814
-0.042216,-0.057902,-0.16389,-0.30647,-0.43481,-0.55926,-0.67924,-0.77729,-0.84819,-0.89345,-0.92303,-0.94298,-0.95721,-0.96714,-0.97517,-0.98054,-0.9851,-0.98855,-0.99102,-0.99273,-0.99289,-0.99503,-0.99413,-0.99273,-0.98507,-0.98996,-0.99551,-0.98952,-0.98278,-0.95809,-0.97397,-0.94403,-0.93895,-0.88392,-0.88272,-0.81897,-0.76884,-0.68053,-0.34802,-0.17351
-0.042216,-0.057902,-0.16389,-0.30647,-0.43481,-0.55926,-0.67924,-0.77729,-0.84819,-0.89345,-0.92303,-0.94298,-0.95721,-0.96714,-0.97517,-0.98054,-0.9851,-0.98855,-0.99102,-0.99273,-0.99289,-0.99503,-0.99413,-0.99273,-0.98507,-0.98996,-0.99551,-0.98952,-0.98278,-0.95809,-0.97397,-0.94403,-0.93895,-0.88392,-0.88272,-0.81897,-0.76884,-0.68053,-0.34802,-0.17351
-0.042216,-0.057902,-0.16389,-0.30647,-0.43481,-0.55926,-0.67924,-0.77729,-0.84819,-0.89345,-0.92303,-0.94298,-0.95721,-0.96714,-0.97517,-0.98054,-0.9851,-0.98855,-0.99102,-0.99273,-0.99289,-0.99503,-0.99413,-0.99273,-0.98507,-0.98996,-0.99551,-0.98952,-0.98278,-0.95809,-0.97397,-0.94403,-0.93895,-0.88392,-0.88272,-0.81897,-0.76884,-0.68053,-0.34802,-0.17351
-0.042216,-0.057902,-0.16389,-0.30647,-0.43481,-0.55926,-0.67924,-0.77729,-0.84819,-0.89345,-0.92303,-0.94298,-0.95721,-0.96714,-0.97517,-0.98054,-0.9851,-0.98855,-0.99102,-0.99273,-0.99289,-0.99503,-0.99413,-0.99273,-0.98507,-0.98996,-0.99551,-0.98952,-0.98278,-0.95809,-0.97397,-0.94403,-0.93895,-0.88392,-0.88272,-0.81897,-0.76884,-0.68053,-0.34802,-0.17351
-0.04959,-0.066858,-0.13719,-0.16062,-0.18293,-0.25543,-0.3691,-0.49202,-0.60619,-0.69169,-0.75488,-0.7974,-0.82774,-0.85147,-0.87123,-0.88732,-0.90292,-0.91397,-0.92393,-0.92768,-0.91935,-0.93801,-0.92149,-0.91844,-0.84974,-0.88554,-0.96017,-0.93164,-0.76743,-0.59625,-0.67342,-0.55547,-0.23178,-0.047617,0.10635,0.13138,-0.33097,-0.36004,-0.21581,-0.2424
-0.04348,-0.062489,-0.17929,-0.28597,-0.3698,-0.46326,-0.56071,-0.65456,-0.74284,-0.81588,-0.87638,-0.91653,-0.94529,-0.96446,-0.97604,-0.98509,-0.98875,-0.99224,-0.98951,-0.98977,-0.97411,-0.99116,-0.97443,-0.96455,-0.90092,-0.94816,-0.95684,-0.90646,-0.84256,-0.73103,-0.63895,-0.51701,-0.54528,-0.45467,-0.32758,-0.31619,-0.53905,-0.54968,-0.58468,-0.60074
-0.04348,-0.062489,-0.17929,-0.28597,-0.3698,-0.46326,-0.56071,-0.65456,-0.74284,-0.81588,-0.87638,-0.91653,-0.94529,-0.96446,-0.97604,-0.98509,-0.98875,-0.99224,-0.98951,-0.98977,-0.97411,-0.99116,-0.97443,-0.96455,-0.90092,-0.94816,-0.95684,-0.90646,-0.84256,-0.73103,-0.63895,-0.51701,-0.54528,-0.45467,-0.32758,-0.31619,-0.53905,-0.54968,-0.58468,-0.60074
-0.04348,-0.062489,-0.17929,-0.28597,-0.3698,-0.46326,-0.56071,-0.65456,-0.74284,-0.81588,-0.87638,-0.91653,-0.94529,-0.96446,-0.97604,-0.98509,-0.98875,-0.99224,-0.98951,-0.98977,-0.97411,-0.99116,-0.97443,-0.96455,-0.90092,-0.94816,-0.95684,-0.90646,-0.84256,-0.73103,-0.63895,-0.51701,-0.54528,-0.45467,-0.32758,-0.31619,-0.53905,-0.54968,-0.58468,-0.60074
-0.04348,-0.062489,-0.17929,-0.28597,-0.3698,-0.46326,-0.56071,-0.65456,-0.74284,-0.81588,-0.87638,-0.91653,-0.94529,-0.96446,-0.97604,-0.98509,-0.98875,-0.99224,-0.98951,-0.98977,-0.97411,-0.99116,-0.97443,-0.96455,-0.90092,-0.94816,-0.95684,-0.90646,-0.84256,-0.73103,-0.63895,-0.51701,-0.54528,-0.45467,-0.32758,-0.31619,-0.53905,-0.54968,-0.58468,-0.60074
-0.04348,-0.062489,-0.17929,-0.28597,-0.3698,-0.46326,-0.56071,-0.65456,-0.74284,-0.81588,-0.87638,-0.91653,-0.94529,-0.96446,-0.97604,-0.98509,-0.98875,-0.99224,-0.98951,-0.98977,-0.97411,-0.99116,-0.97443,-0.96455,-0.90092,-0.94816,-0.95684,-0.90646,-0.84256,-0.73103,-0.63895,-0.51701,-0.54528,-0.45467,-0.32758,-0.31619,-0.53905,-0.54968,-0.58468,-0.60074
-0.04348,-0.062489,-0.17929,-0.28597,-0.3698,-0.46326,-0.56071,-0.65456,-0.74284,-0.81588,-0.87638,-0.91653,-0.94529,-0.96446,-0.97604,-0.98509,-0.98875,-0.99224,-0.98951,-0.98977,-0.97411,-0.99116,-0.97443,-0.96455,-0.90092,-0.94816,-0.95684,-0.90646,-0.84256,-0.73103,-0.63895,-0.51701,-0.54528,-0.45467,-0.32758,-0.31619,-0.53905,-0.54968,-0.58468,-0.60074
-0.076465,-0.1012,-0.15634,-0.21268,-0.34721,-0.51951,-0.67413,-0.78221,-0.85006,-0.88999,-0.91396,-0.93067,-0.94292,-0.9529,-0.96133,-0.96598,-0.96518,-0.97531,-0.97121,-0.96135,-0.906,-0.97367,-0.94008,-0.8526,-0.69729,-0.76171,-0.65649,-0.55029,-0.18209,-0.15902,-0.38722,-0.44502,-0.50674,-0.51425,-0.45634,-0.45988,-0.51575,-0.50467,0.050068,0.025668
-0.076465,-0.1012,-0.15634,-0.21268,-0.34721,-0.51951,-0.67413,-0.78221,-0.85006,-0.88999,-0.91396,-0.93067,-0.94292,-0.9529,-0.96133,-0.96598,-0.96518,-0.97531,-0.97121,-0.96135,-0.906,-0.97367,-0.94008,-0.8526,-0.69729,-0.76171,-0.65649,-0.55029,-0.18209,-0.15902,-0.38722,-0.44502,-0.50674,-0.51425,-0.45634,-0.45988,-0.51575,-0.50467,0.050068,0.025668
