-4.5746e-05,-6.3587e-05,-0.00018638,-0.00036528,-0.00057417,-0.00082756,-0.001121,-0.0014462,-0.0017652,-0.0020269,-0.0022291,-0.0023089,-0.0023385,-0.0022307,-0.0021059,-0.0018371,-0.0015857,-0.0011844,-0.00083341,-0.00033576,8.3471e-05,0.00063438,0.0010873,0.0016478,0.002101,0.0026318,0.0031195,0.0035238,0.0039437,0.0042839,0.0046265,0.0048956,0.0051685,0.005372,0.0055956,0.0057484,0.0059572,0.0060831,0.0063106,0.0064361
-0.00018696,-0.00026022,-0.00076342,-0.0014592,-0.0020141,-0.0021854,-0.0019578,-0.0012996,-0.00039079,0.00085019,0.0021169,0.0035128,0.0047382,0.005907,0.0068253,0.0076455,0.008236,0.0088707,0.009313,0.010067,0.010614,0.011794,0.012679,0.014525,0.015929,0.018607,0.021711,0.024271,0.028327,0.031657,0.036703,0.040828,0.046862,0.051773,0.058756,0.064414,0.072275,0.078617,0.087272,0.094216
-0.00042431,-0.00058837,-0.0011875,-0.00051858,0.00094653,0.0026996,0.0045647,0.0064422,0.0080128,0.0093126,0.010237,0.01127,0.012159,0.013864,0.015509,0.018694,0.021691,0.026896,0.031625,0.039164,0.045826,0.055807,0.064433,0.076737,0.087173,0.1015,0.11642,0.1294,0.14573,0.15963,0.17696,0.19142,0.20937,0.22406,0.2423,0.25697,0.27526,0.28974,0.30798,0.32217
-0.00073074,-0.00098579,-0.001875,-0.001323,0.00086398,0.0036119,0.0060516,0.0079181,0.0092956,0.011023,0.012951,0.016654,0.020794,0.027854,0.035087,0.046109,0.056703,0.071665,0.085369,0.10373,0.11989,0.14084,0.15862,0.18123,0.19982,0.2232,0.24624,0.26535,0.28826,0.30683,0.32937,0.34721,0.36941,0.38648,0.40824,0.42454,0.44596,0.46155,0.48222,0.49706
-0.0011702,-0.001608,-0.0035825,-0.0040279,-0.0026016,-0.00065032,0.0011302,0.0031248,0.0055195,0.0099346,0.015435,0.024619,0.034697,0.049531,0.064352,0.084353,0.103,0.12687,0.14792,0.17415,0.19626,0.22361,0.24584,0.27369,0.29555,0.32364,0.35145,0.37315,0.40088,0.42182,0.44859,0.46856,0.49358,0.51236,0.53501,0.55236,0.5722,0.58792,0.60519,0.61925
-0.0017259,-0.0023479,-0.004204,-0.0025733,0.0014248,0.0061822,0.011872,0.020546,0.032189,0.04966,0.069893,0.096432,0.12342,0.15576,0.18578,0.22004,0.2499,0.28326,0.3112,0.34264,0.3682,0.3979,0.42127,0.44945,0.47091,0.49732,0.52157,0.5408,0.56188,0.57895,0.59648,0.61117,0.62537,0.63768,0.64896,0.65911,0.66792,0.67621,0.68317,0.68999
-0.0022847,-0.0011735,0.0040496,0.0085202,0.01191,0.016661,0.024642,0.038465,0.056862,0.082609,0.11089,0.14569,0.17938,0.21817,0.25278,0.29174,0.32481,0.36283,0.39379,0.43099,0.45991,0.49578,0.52266,0.55538,0.57984,0.60794,0.63225,0.65242,0.67209,0.68899,0.70459,0.71856,0.73092,0.74246,0.75258,0.76232,0.77098,0.77949,0.78722,0.79495
-0.0042761,-0.00097381,0.013909,0.02628,0.036636,0.050714,0.071398,0.10132,0.13633,0.1776,0.21817,0.26122,0.29982,0.33948,0.37353,0.40933,0.43927,0.4723,0.49927,0.52952,0.55406,0.58066,0.60256,0.62481,0.6437,0.66195,0.67801,0.69302,0.70656,0.71969,0.73178,0.74381,0.75515,0.76668,0.77751,0.78877,0.79905,0.80999,0.8194,0.8297
-0.0041606,-0.0030981,0.0019761,0.0080933,0.015234,0.027016,0.046144,0.075566,0.11111,0.1545,0.19709,0.24353,0.28416,0.32807,0.36429,0.40549,0.438,0.47549,0.5045,0.53616,0.56105,0.58598,0.60634,0.62525,0.6415,0.65588,0.66862,0.68066,0.6915,0.70208,0.71186,0.7217,0.73075,0.74014,0.74841,0.75725,0.76444,0.77243,0.77834,0.78519
-0.0063744,0.0042192,0.042183,0.060338,0.077523,0.10632,0.14481,0.19086,0.2365,0.2834,0.3247,0.36703,0.40303,0.44272,0.47547,0.51273,0.54275,0.57531,0.60182,0.62908,0.65198,0.6748,0.69477,0.71448,0.73247,0.75018,0.76669,0.78278,0.79743,0.81212,0.82455,0.8374,0.8474,0.85802,0.86556,0.87386,0.87933,0.88554,0.88904,0.89341
-0.0099379,0.0021884,0.045422,0.072944,0.10604,0.15482,0.21342,0.27638,0.335,0.38951,0.43578,0.47813,0.51367,0.54813,0.57737,0.60651,0.63139,0.65572,0.67676,0.69728,0.71552,0.73377,0.75063,0.76799,0.78455,0.80118,0.81686,0.83285,0.84675,0.86133,0.87265,0.88492,0.89355,0.90318,0.90918,0.91624,0.91977,0.92451,0.92665,0.92958
-0.0061987,-0.0056849,-0.0014281,0.010612,0.038283,0.083242,0.13938,0.2024,0.26394,0.32845,0.38645,0.44884,0.50131,0.55518,0.59947,0.64179,0.67711,0.70957,0.73763,0.76355,0.7868,0.80838,0.82845,0.84635,0.86367,0.87792,0.8902,0.90268,0.91159,0.92089,0.92692,0.93344,0.9369,0.94105,0.94316,0.9456,0.94691,0.94816,0.94918,0.94966
-0.0099114,-0.00016438,0.047523,0.091995,0.14772,0.2201,0.29509,0.36415,0.4211,0.46955,0.50832,0.54318,0.57167,0.59686,0.61759,0.63381,0.6473,0.65666,0.66489,0.67128,0.67768,0.68422,0.69171,0.69978,0.7095,0.71827,0.72689,0.73725,0.74458,0.7535,0.75809,0.76427,0.76702,0.77053,0.77201,0.77336,0.77451,0.77444,0.77559,0.77466
-0.010113,-0.006768,0.01241,0.047589,0.10769,0.18797,0.27302,0.35369,0.42367,0.48826,0.54304,0.59444,0.63798,0.67639,0.70907,0.7363,0.76036,0.78134,0.80106,0.81958,0.83792,0.85486,0.87213,0.88628,0.90101,0.91155,0.92049,0.92969,0.93492,0.94064,0.94387,0.94705,0.94911,0.95059,0.95224,0.9527,0.95426,0.95417,0.95603,0.95583
-0.010031,-0.0073569,0.014889,0.051766,0.11093,0.19173,0.27803,0.3596,0.42855,0.49089,0.54235,0.58943,0.62873,0.66376,0.69377,0.72071,0.74501,0.76761,0.78916,0.80865,0.82804,0.84361,0.85961,0.87052,0.88216,0.88886,0.89388,0.89937,0.90212,0.90485,0.90646,0.90743,0.9087,0.90866,0.9101,0.9097,0.91073,0.91002,0.91072,0.90961
0.13684,0.14262,0.15815,0.1947,0.25484,0.32108,0.3842,0.44446,0.49934,0.55256,0.60048,0.64479,0.68425,0.71989,0.75275,0.78373,0.81385,0.84206,0.87022,0.89389,0.91754,0.93445,0.95132,0.96159,0.97203,0.97706,0.98151,0.98536,0.98822,0.98997,0.99215,0.9928,0.9949,0.99515,0.99627,0.99598,0.99743,0.99703,0.99791,0.99723
-0.020302,-0.0098006,0.057889,0.16304,0.27608,0.37375,0.4516,0.51921,0.57749,0.63323,0.68172,0.72636,0.76525,0.80086,0.83286,0.86179,0.88867,0.91072,0.93159,0.94596,0.95982,0.96794,0.97593,0.97947,0.98325,0.98506,0.98696,0.98777,0.98924,0.98928,0.99069,0.99048,0.99098,0.99028,0.9915,0.99083,0.99133,0.99028,0.98997,0.98774
-0.020302,-0.0098006,0.057889,0.16304,0.27608,0.37375,0.4516,0.51921,0.57749,0.63323,0.68172,0.72636,0.76525,0.80086,0.83286,0.86179,0.88867,0.91072,0.93159,0.94596,0.95982,0.96794,0.97593,0.97947,0.98325,0.98506,0.98696,0.98777,0.98924,0.98928,0.99069,0.99048,0.99098,0.99028,0.9915,0.99083,0.99133,0.99028,0.98997,0.98774
0.25457,0.27102,0.35665,0.44554,0.50989,0.55777,0.59569,0.62762,0.65529,0.67898,0.70031,0.72111,0.74275,0.76743,0.79504,0.82339,0.85417,0.87913,0.90474,0.92094,0.93702,0.94502,0.9529,0.95714,0.96031,0.96332,0.96642,0.96722,0.96916,0.96919,0.97087,0.9707,0.9714,0.97071,0.97042,0.96828,0.9669,0.96158,0.96578,0.95989
-0.041057,-0.010925,0.14754,0.30703,0.42476,0.51027,0.57488,0.62867,0.6755,0.71746,0.75568,0.79162,0.82632,0.85767,0.88797,0.91057,0.93148,0.94388,0.95489,0.9601,0.96446,0.96683,0.9679,0.96934,0.96883,0.9707,0.97105,0.97022,0.97043,0.96914,0.96897,0.96686,0.96649,0.96279,0.96306,0.95727,0.96342,0.95869,0.95559,0.94429
-0.020079,-0.015857,0.037791,0.13541,0.25366,0.37495,0.48489,0.58333,0.66397,0.7298,0.78231,0.82459,0.85974,0.888,0.91257,0.93026,0.94579,0.95528,0.96364,0.96772,0.97131,0.97334,0.97442,0.97596,0.97592,0.97757,0.97829,0.97788,0.97886,0.97838,0.97878,0.97785,0.97752,0.97517,0.97524,0.97099,0.97623,0.97304,0.96856,0.95836
-0.020079,-0.015857,0.037791,0.13541,0.25366,0.37495,0.48489,0.58333,0.66397,0.7298,0.78231,0.82459,0.85974,0.888,0.91257,0.93026,0.94579,0.95528,0.96364,0.96772,0.97131,0.97334,0.97442,0.97596,0.97592,0.97757,0.97829,0.97788,0.97886,0.97838,0.97878,0.97785,0.97752,0.97517,0.97524,0.97099,0.97623,0.97304,0.96856,0.95836
0.068901,0.10681,0.32432,0.51098,0.60865,0.65996,0.68862,0.70568,0.71541,0.72041,0.72175,0.72231,0.72207,0.7237,0.72628,0.73,0.73427,0.73731,0.73999,0.74192,0.74231,0.74424,0.74366,0.74472,0.74314,0.74535,0.74658,0.74582,0.74635,0.74528,0.74199,0.73672,0.73887,0.73121,0.73226,0.72007,0.72673,0.71337,0.73377,0.72757
0.068901,0.10681,0.32432,0.51098,0.60865,0.65996,0.68862,0.70568,0.71541,0.72041,0.72175,0.72231,0.72207,0.7237,0.72628,0.73,0.73427,0.73731,0.73999,0.74192,0.74231,0.74424,0.74366,0.74472,0.74314,0.74535,0.74658,0.74582,0.74635,0.74528,0.74199,0.73672,0.73887,0.73121,0.73226,0.72007,0.72673,0.71337,0.73377,0.72757
0.059438,0.073845,0.18049,0.2986,0.36996,0.41072,0.43828,0.46427,0.49306,0.52954,0.57092,0.61266,0.6536,0.68298,0.70758,0.71995,0.72805,0.73119,0.73002,0.73002,0.72519,0.72334,0.71685,0.71542,0.70902,0.70631,0.70266,0.69603,0.69509,0.68927,0.68396,0.6731,0.67673,0.66419,0.67168,0.65775,0.65066,0.6248,0.64436,0.6223
-0.066284,-0.0171,0.18825,0.32522,0.39071,0.42426,0.4445,0.46144,0.48291,0.51773,0.56739,0.62809,0.69937,0.75801,0.81291,0.84468,0.86853,0.88353,0.89012,0.90004,0.90127,0.90682,0.90588,0.90879,0.90557,0.9044,0.90414,0.8936,0.9053,0.89663,0.88827,0.8587,0.85709,0.80625,0.845,0.7942,0.8183,0.75228,0.73978,0.68209
-0.066284,-0.0171,0.18825,0.32522,0.39071,0.42426,0.4445,0.46144,0.48291,0.51773,0.56739,0.62809,0.69937,0.75801,0.81291,0.84468,0.86853,0.88353,0.89012,0.90004,0.90127,0.90682,0.90588,0.90879,0.90557,0.9044,0.90414,0.8936,0.9053,0.89663,0.88827,0.8587,0.85709,0.80625,0.845,0.7942,0.8183,0.75228,0.73978,0.68209
-0.066284,-0.0171,0.18825,0.32522,0.39071,0.42426,0.4445,0.46144,0.48291,0.51773,0.56739,0.62809,0.69937,0.75801,0.81291,0.84468,0.86853,0.88353,0.89012,0.90004,0.90127,0.90682,0.90588,0.90879,0.90557,0.9044,0.90414,0.8936,0.9053,0.89663,0.88827,0.8587,0.85709,0.80625,0.845,0.7942,0.8183,0.75228,0.73978,0.68209
0.37113,0.38884,0.48591,0.57604,0.64328,0.6959,0.73747,0.77275,0.80356,0.83063,0.85283,0.86893,0.88044,0.8868,0.88979,0.89035,0.88783,0.88507,0.87861,0.87382,0.86418,0.85697,0.84341,0.83506,0.81755,0.8103,0.80096,0.78521,0.78087,0.77393,0.75699,0.75018,0.76348,0.78336,0.74873,0.76871,0.66124,0.65936,0.60478,0.61742
0.10066,0.14637,0.33594,0.50083,0.63276,0.73444,0.80902,0.86278,0.90189,0.92927,0.94912,0.96151,0.97011,0.97453,0.97727,0.97903,0.97957,0.98049,0.98028,0.98108,0.98081,0.98109,0.9804,0.97967,0.97682,0.97958,0.97819,0.97373,0.97698,0.97166,0.96692,0.9503,0.96607,0.95336,0.94074,0.91916,0.87409,0.83774,0.81646,0.754
0.10066,0.14637,0.33594,0.50083,0.63276,0.73444,0.80902,0.86278,0.90189,0.92927,0.94912,0.96151,0.97011,0.97453,0.97727,0.97903,0.97957,0.98049,0.98028,0.98108,0.98081,0.98109,0.9804,0.97967,0.97682,0.97958,0.97819,0.97373,0.97698,0.97166,0.96692,0.9503,0.96607,0.95336,0.94074,0.91916,0.87409,0.83774,0.81646,0.754
0.10066,0.14637,0.33594,0.50083,0.63276,0.73444,0.80902,0.86278,0.90189,0.92927,0.94912,0.96151,0.97011,0.97453,0.97727,0.97903,0.97957,0.98049,0.98028,0.98108,0.98081,0.98109,0.9804,0.97967,0.97682,0.97958,0.97819,0.97373,0.97698,0.97166,0.96692,0.9503,0.96607,0.95336,0.94074,0.91916,0.87409,0.83774,0.81646,0.754
0.10066,0.14637,0.33594,0.50083,0.63276,0.73444,0.80902,0.86278,0.90189,0.92927,0.94912,0.96151,0.97011,0.97453,0.97727,0.97903,0.97957,0.98049,0.98028,0.98108,0.98081,0.98109,0.9804,0.97967,0.97682,0.97958,0.97819,0.97373,0.97698,0.97166,0.96692,0.9503,0.96607,0.95336,0.94074,0.91916,0.87409,0.83774,0.81646,0.754
-0.084894,-0.0065175,0.3225,0.51719,0.62435,0.70789,0.78022,0.84514,0.9,0.93669,0.96105,0.97426,0.98169,0.98741,0.99005,0.99234,0.99303,0.99411,0.99311,0.99256,0.98573,0.99126,0.98056,0.98172,0.95414,0.98163,0.97873,0.9539,0.92884,0.87113,0.76197,0.64917,0.47546,0.25868,0.44417,0.43863,0.72732,0.73587,0.59007,0.62225
-0.084894,-0.0065175,0.3225,0.51719,0.62435,0.70789,0.78022,0.84514,0.9,0.93669,0.96105,0.97426,0.98169,0.98741,0.99005,0.99234,0.99303,0.99411,0.99311,0.99256,0.98573,0.99126,0.98056,0.98172,0.95414,0.98163,0.97873,0.9539,0.92884,0.87113,0.76197,0.64917,0.47546,0.25868,0.44417,0.43863,0.72732,0.73587,0.59007,0.62225
-0.084894,-0.0065175,0.3225,0.51719,0.62435,0.70789,0.78022,0.84514,0.9,0.93669,0.96105,0.97426,0.98169,0.98741,0.99005,0.99234,0.99303,0.99411,0.99311,0.99256,0.98573,0.99126,0.98056,0.98172,0.95414,0.98163,0.97873,0.9539,0.92884,0.87113,0.76197,0.64917,0.47546,0.25868,0.44417,0.43863,0.72732,0.73587,0.59007,0.62225
-0.084894,-0.0065175,0.3225,0.51719,0.62435,0.70789,0.78022,0.84514,0.9,0.93669,0.96105,0.97426,0.98169,0.98741,0.99005,0.99234,0.99303,0.99411,0.99311,0.99256,0.98573,0.99126,0.98056,0.98172,0.95414,0.98163,0.97873,0.9539,0.92884,0.87113,0.76197,0.64917,0.47546,0.25868,0.44417,0.43863,0.72732,0.73587,0.59007,0.62225
-0.084894,-0.0065175,0.3225,0.51719,0.62435,0.70789,0.78022,0.84514,0.9,0.93669,0.96105,0.97426,0.98169,0.98741,0.99005,0.99234,0.99303,0.99411,0.99311,0.99256,0.98573,0.99126,0.98056,0.98172,0.95414,0.98163,0.97873,0.9539,0.92884,0.87113,0.76197,0.64917,0.47546,0.25868,0.44417,0.43863,0.72732,0.73587,0.59007,0.62225
-0.084894,-0.0065175,0.3225,0.51719,0.62435,0.70789,0.78022,0.84514,0.9,0.93669,0.96105,0.97426,0.98169,0.98741,0.99005,0.99234,0.99303,0.99411,0.99311,0.99256,0.98573,0.99126,0.98056,0.98172,0.95414,0.98163,0.97873,0.9539,0.92884,0.87113,0.76197,0.64917,0.47546,0.25868,0.44417,0.43863,0.72732,0.73587,0.59007,0.62225
-0.031518,0.11262,0.48494,0.66927,0.78986,0.86882,0.91501,0.94006,0.95361,0.96005,0.96252,0.96263,0.96087,0.95877,0.95512,0.95206,0.94723,0.94462,0.93996,0.93734,0.93111,0.93326,0.92899,0.9256,0.91607,0.9146,0.92229,0.90125,0.8312,0.78189,0.82868,0.81319,0.83904,0.84989,0.81188,0.81326,0.7713,0.76892,0.80878,0.81246
