-0.0022936,0.0021435,0.021835,0.040605,0.056565,0.071293,0.085285,0.099095,0.11187,0.12449,0.13585,0.14778,0.15854,0.17068,0.18155,0.19441,0.20573,0.21946,0.23131,0.24582,0.2581,0.27314,0.28566,0.30088,0.31337,0.32844,0.34298,0.35527,0.36925,0.38096,0.3942,0.40522,0.41761,0.42787,0.43937,0.44886,0.45947,0.46819,0.47794,0.48594
0.028246,0.037088,0.07289,0.10289,0.12816,0.15221,0.17561,0.20036,0.22513,0.25261,0.27901,0.3079,0.33408,0.36192,0.38603,0.41112,0.43219,0.45386,0.47174,0.49009,0.50507,0.52055,0.53313,0.54629,0.55695,0.56828,0.57865,0.58734,0.59644,0.60405,0.61211,0.61884,0.626,0.63198,0.63835,0.64367,0.6493,0.65402,0.65895,0.66312
0.026878,0.039104,0.089761,0.13224,0.17063,0.21184,0.25494,0.29984,0.34192,0.38272,0.41786,0.45067,0.47775,0.50293,0.52341,0.54287,0.55868,0.57418,0.58682,0.59956,0.60996,0.62062,0.62933,0.63825,0.64556,0.65293,0.65938,0.66493,0.67003,0.67447,0.67833,0.68177,0.68454,0.68709,0.68891,0.69069,0.69166,0.69276,0.693,0.6935
0.033443,0.04977,0.11808,0.17677,0.23053,0.28558,0.33846,0.38778,0.43014,0.4677,0.49853,0.5261,0.54862,0.56948,0.5866,0.60297,0.61643,0.62941,0.64009,0.65018,0.6585,0.66602,0.67228,0.67754,0.68202,0.68539,0.6879,0.6902,0.69135,0.69252,0.69253,0.69274,0.69172,0.69107,0.68905,0.68753,0.68444,0.68201,0.67777,0.67433
0.036384,0.057064,0.14428,0.22566,0.30199,0.37457,0.43768,0.49021,0.5314,0.56488,0.59109,0.61353,0.63159,0.64776,0.66095,0.67277,0.68243,0.69074,0.69758,0.70305,0.70764,0.71089,0.71372,0.71521,0.71663,0.71661,0.71589,0.71533,0.71309,0.71121,0.70731,0.70394,0.69816,0.69307,0.68521,0.67813,0.66803,0.65871,0.64619,0.63437
0.1499,0.15977,0.23721,0.32566,0.3987,0.45939,0.50755,0.54605,0.57626,0.6016,0.62207,0.63999,0.65459,0.66717,0.67736,0.68557,0.69221,0.69697,0.70088,0.70302,0.70483,0.70484,0.70487,0.70283,0.70109,0.69675,0.69124,0.686,0.67772,0.66979,0.65842,0.64734,0.63255,0.61786,0.59945,0.58077,0.55865,0.5357,0.50994,0.48259
0.12685,0.14436,0.24517,0.35128,0.43467,0.49781,0.54445,0.58027,0.60803,0.631,0.64933,0.66449,0.67644,0.68556,0.69261,0.69717,0.70063,0.70188,0.70267,0.7012,0.69966,0.69536,0.69126,0.68373,0.67656,0.6653,0.65236,0.63908,0.62201,0.60427,0.583,0.56051,0.53523,0.50799,0.47917,0.44746,0.4158,0.3802,0.34647,0.30773
0.14581,0.17882,0.31691,0.41992,0.48989,0.54131,0.57997,0.61077,0.63511,0.65471,0.66986,0.68098,0.68923,0.69418,0.6976,0.69821,0.6981,0.69497,0.69152,0.68426,0.67686,0.66468,0.65236,0.63453,0.6163,0.59232,0.56595,0.53719,0.5049,0.46916,0.43151,0.3891,0.34698,0.29863,0.25337,0.2003,0.1535,0.097377,0.050499,-0.0067543
0.16728,0.20432,0.35476,0.46019,0.52721,0.57504,0.61062,0.63813,0.65906,0.67454,0.68586,0.69317,0.69823,0.70024,0.70108,0.69867,0.69555,0.68813,0.68014,0.66662,0.65246,0.6319,0.61034,0.58226,0.55244,0.51698,0.4789,0.43632,0.39186,0.34141,0.2918,0.23446,0.18142,0.1189,0.064331,-0.0010608,-0.054877,-0.12046,-0.17103,-0.23407
0.2152,0.25512,0.40899,0.51511,0.57943,0.62309,0.65409,0.67655,0.69253,0.70286,0.70944,0.71194,0.71251,0.70948,0.70531,0.69667,0.68703,0.67148,0.65472,0.63093,0.60535,0.57254,0.53692,0.49522,0.44923,0.39976,0.34801,0.28891,0.23259,0.16752,0.10956,0.04184,-0.014842,-0.081728,-0.13441,-0.19748,-0.24435,-0.30164,-0.34257,-0.39342
0.15543,0.20339,0.3804,0.48478,0.5429,0.58492,0.61804,0.64466,0.66537,0.6808,0.69208,0.69872,0.70248,0.70103,0.69734,0.68749,0.67564,0.65718,0.63659,0.60992,0.58063,0.54697,0.50988,0.47107,0.42772,0.3857,0.34318,0.29466,0.2513,0.20115,0.15821,0.10774,0.066225,0.016439,-0.023636,-0.072353,-0.11146,-0.15922,-0.1975,-0.24436
0.14421,0.18884,0.35508,0.46457,0.53142,0.57801,0.61089,0.63281,0.64671,0.65356,0.65634,0.65426,0.64966,0.63952,0.62663,0.60642,0.58246,0.55035,0.51297,0.46896,0.41775,0.36401,0.30082,0.24091,0.16904,0.10705,0.044802,-0.03002,-0.089969,-0.16288,-0.21736,-0.28423,-0.33229,-0.39045,-0.43315,-0.48199,-0.52016,-0.55974,-0.59406,-0.6242
0.24178,0.28788,0.44516,0.53696,0.59131,0.62929,0.65562,0.67222,0.68209,0.68563,0.68528,0.67898,0.66909,0.65176,0.6298,0.59935,0.5625,0.51845,0.46596,0.41082,0.34539,0.28409,0.2112,0.14948,0.075666,0.017746,-0.038836,-0.10316,-0.15427,-0.21134,-0.25847,-0.30943,-0.35292,-0.3986,-0.43863,-0.47889,-0.51984,-0.55705,-0.59692,-0.63351
0.17426,0.22055,0.3981,0.50275,0.55974,0.59942,0.62671,0.64362,0.65304,0.65552,0.65301,0.64298,0.62774,0.60364,0.57344,0.53571,0.49114,0.44359,0.38859,0.3366,0.27629,0.22432,0.16289,0.11313,0.052992,0.0066644,-0.040467,-0.095127,-0.14134,-0.19409,-0.23896,-0.28913,-0.33476,-0.3825,-0.43099,-0.47911,-0.52048,-0.56711,-0.58763,-0.62091
0.25179,0.29367,0.46039,0.5584,0.61064,0.64507,0.66833,0.68361,0.69297,0.69561,0.69275,0.6811,0.66356,0.63651,0.60353,0.56276,0.51571,0.46394,0.40443,0.34416,0.27339,0.20671,0.12596,0.056171,-0.031525,-0.099488,-0.16802,-0.25111,-0.316,-0.39129,-0.45156,-0.51497,-0.57177,-0.62246,-0.676,-0.7165,-0.7549,-0.7823,-0.80014,-0.80669
0.29301,0.3443,0.50731,0.59515,0.6439,0.67597,0.69619,0.70662,0.70948,0.70319,0.68987,0.66577,0.63395,0.5913,0.54002,0.48106,0.41253,0.34224,0.26143,0.18638,0.10016,0.026784,-0.058042,-0.12479,-0.20343,-0.26358,-0.32317,-0.38926,-0.44245,-0.50063,-0.55024,-0.60191,-0.64538,-0.69163,-0.71607,-0.74928,-0.75886,-0.77143,-0.77515,-0.76162
0.19845,0.25622,0.45844,0.56778,0.62543,0.66207,0.68534,0.69863,0.70402,0.69913,0.6855,0.65978,0.6242,0.57858,0.52234,0.46143,0.38858,0.31805,0.23355,0.15889,0.068302,-0.0050945,-0.095782,-0.1662,-0.25304,-0.31864,-0.38645,-0.45898,-0.5226,-0.58737,-0.63369,-0.68395,-0.70696,-0.73055,-0.74227,-0.73122,-0.73855,-0.68499,-0.74465,-0.67232
0.19845,0.25622,0.45844,0.56778,0.62543,0.66207,0.68534,0.69863,0.70402,0.69913,0.6855,0.65978,0.6242,0.57858,0.52234,0.46143,0.38858,0.31805,0.23355,0.15889,0.068302,-0.0050945,-0.095782,-0.1662,-0.25304,-0.31864,-0.38645,-0.45898,-0.5226,-0.58737,-0.63369,-0.68395,-0.70696,-0.73055,-0.74227,-0.73122,-0.73855,-0.68499,-0.74465,-0.67232
0.20906,0.26441,0.46547,0.58068,0.63882,0.6711,0.68738,0.69166,0.68662,0.67087,0.64584,0.61069,0.56626,0.51711,0.46033,0.40669,0.34692,0.29546,0.23774,0.1894,0.13368,0.085379,0.028461,-0.020985,-0.080622,-0.13134,-0.18292,-0.24612,-0.28878,-0.34819,-0.37521,-0.41416,-0.42347,-0.41874,-0.46129,-0.42834,-0.5135,-0.47739,-0.45658,-0.34098
0.42729,0.45999,0.57171,0.64455,0.68702,0.71202,0.72467,0.72542,0.71539,0.6921,0.65794,0.61186,0.5551,0.49065,0.41443,0.33662,0.24424,0.15872,0.055269,-0.030905,-0.13694,-0.21939,-0.3192,-0.39528,-0.4803,-0.55113,-0.61783,-0.67867,-0.71977,-0.75261,-0.77517,-0.77052,-0.77694,-0.71968,-0.77956,-0.69593,-0.85259,-0.8015,-0.81976,-0.70925
0.55702,0.57689,0.65037,0.70363,0.73656,0.75482,0.76117,0.75543,0.73867,0.70866,0.6665,0.61337,0.54852,0.48045,0.40237,0.32994,0.24819,0.17715,0.095441,0.024855,-0.05868,-0.12817,-0.21256,-0.2817,-0.36672,-0.42166,-0.46546,-0.52067,-0.54617,-0.559,-0.60084,-0.57906,-0.64862,-0.60805,-0.60058,-0.46658,-0.52463,-0.32033,-0.46061,-0.2314
0.55702,0.57689,0.65037,0.70363,0.73656,0.75482,0.76117,0.75543,0.73867,0.70866,0.6665,0.61337,0.54852,0.48045,0.40237,0.32994,0.24819,0.17715,0.095441,0.024855,-0.05868,-0.12817,-0.21256,-0.2817,-0.36672,-0.42166,-0.46546,-0.52067,-0.54617,-0.559,-0.60084,-0.57906,-0.64862,-0.60805,-0.60058,-0.46658,-0.52463,-0.32033,-0.46061,-0.2314
0.35556,0.39184,0.54471,0.62951,0.66271,0.67344,0.66628,0.64011,0.59531,0.53373,0.45538,0.37041,0.27143,0.17697,0.069086,-0.025277,-0.13147,-0.22162,-0.31904,-0.40414,-0.48948,-0.56741,-0.64311,-0.67757,-0.71027,-0.71335,-0.75561,-0.7211,-0.80323,-0.7588,-0.76047,-0.62012,-0.62065,-0.39445,-0.50778,-0.25636,-0.71518,-0.51879,-0.13511,0.079696
0.35556,0.39184,0.54471,0.62951,0.66271,0.67344,0.66628,0.64011,0.59531,0.53373,0.45538,0.37041,0.27143,0.17697,0.069086,-0.025277,-0.13147,-0.22162,-0.31904,-0.40414,-0.48948,-0.56741,-0.64311,-0.67757,-0.71027,-0.71335,-0.75561,-0.7211,-0.80323,-0.7588,-0.76047,-0.62012,-0.62065,-0.39445,-0.50778,-0.25636,-0.71518,-0.51879,-0.13511,0.079696
0.35556,0.39184,0.54471,0.62951,0.66271,0.67344,0.66628,0.64011,0.59531,0.53373,0.45538,0.37041,0.27143,0.17697,0.069086,-0.025277,-0.13147,-0.22162,-0.31904,-0.40414,-0.48948,-0.56741,-0.64311,-0.67757,-0.71027,-0.71335,-0.75561,-0.7211,-0.80323,-0.7588,-0.76047,-0.62012,-0.62065,-0.39445,-0.50778,-0.25636,-0.71518,-0.51879,-0.13511,0.079696
0.41156,0.44574,0.5538,0.60636,0.62805,0.63348,0.62339,0.5985,0.56086,0.51991,0.47783,0.44615,0.41905,0.3989,0.37779,0.35698,0.32888,0.30394,0.26603,0.23945,0.19572,0.17083,0.13318,0.11962,0.11909,0.076106,0.051607,0.098303,0.097091,0.21421,0.024727,0.12604,-0.010882,0.10713,0.31194,0.42861,0.43123,0.52338,0.49966,0.60305
0.41526,0.44813,0.54576,0.58251,0.5887,0.58221,0.55795,0.50919,0.43468,0.34888,0.25183,0.16671,0.077283,0.0059866,-0.070404,-0.1381,-0.20774,-0.2871,-0.3615,-0.43329,-0.48573,-0.50817,-0.4457,-0.49462,-0.33947,-0.61472,-0.5744,-0.36006,-0.25561,-0.015451,-0.42131,-0.21672,-0.023301,0.17157,0.27552,0.38817,0.34301,0.42718,0.60589,0.66922
0.41526,0.44813,0.54576,0.58251,0.5887,0.58221,0.55795,0.50919,0.43468,0.34888,0.25183,0.16671,0.077283,0.0059866,-0.070404,-0.1381,-0.20774,-0.2871,-0.3615,-0.43329,-0.48573,-0.50817,-0.4457,-0.49462,-0.33947,-0.61472,-0.5744,-0.36006,-0.25561,-0.015451,-0.42131,-0.21672,-0.023301,0.17157,0.27552,0.38817,0.34301,0.42718,0.60589,0.66922
0.41526,0.44813,0.54576,0.58251,0.5887,0.58221,0.55795,0.50919,0.43468,0.34888,0.25183,0.16671,0.077283,0.0059866,-0.070404,-0.1381,-0.20774,-0.2871,-0.3615,-0.43329,-0.48573,-0.50817,-0.4457,-0.49462,-0.33947,-0.61472,-0.5744,-0.36006,-0.25561,-0.015451,-0.42131,-0.21672,-0.023301,0.17157,0.27552,0.38817,0.34301,0.42718,0.60589,0.66922
0.41526,0.44813,0.54576,0.58251,0.5887,0.58221,0.55795,0.50919,0.43468,0.34888,0.25183,0.16671,0.077283,0.0059866,-0.070404,-0.1381,-0.20774,-0.2871,-0.3615,-0.43329,-0.48573,-0.50817,-0.4457,-0.49462,-0.33947,-0.61472,-0.5744,-0.36006,-0.25561,-0.015451,-0.42131,-0.21672,-0.023301,0.17157,0.27552,0.38817,0.34301,0.42718,0.60589,0.66922
0.44848,0.49233,0.61988,0.66463,0.6665,0.6476,0.60427,0.52905,0.41325,0.28091,0.13938,0.02491,-0.075099,-0.1608,-0.23964,-0.31405,-0.39078,-0.44657,-0.50491,-0.52954,-0.50991,-0.60617,-0.57087,-0.50521,-0.23974,-0.3364,-0.7506,-0.62465,-0.10844,0.20491,0.1908,0.43662,0.42332,0.55666,0.68385,0.69227,0.63925,0.61826,0.58287,0.5598
0.44848,0.49233,0.61988,0.66463,0.6665,0.6476,0.60427,0.52905,0.41325,0.28091,0.13938,0.02491,-0.075099,-0.1608,-0.23964,-0.31405,-0.39078,-0.44657,-0.50491,-0.52954,-0.50991,-0.60617,-0.57087,-0.50521,-0.23974,-0.3364,-0.7506,-0.62465,-0.10844,0.20491,0.1908,0.43662,0.42332,0.55666,0.68385,0.69227,0.63925,0.61826,0.58287,0.5598
0.44848,0.49233,0.61988,0.66463,0.6665,0.6476,0.60427,0.52905,0.41325,0.28091,0.13938,0.02491,-0.075099,-0.1608,-0.23964,-0.31405,-0.39078,-0.44657,-0.50491,-0.52954,-0.50991,-0.60617,-0.57087,-0.50521,-0.23974,-0.3364,-0.7506,-0.62465,-0.10844,0.20491,0.1908,0.43662,0.42332,0.55666,0.68385,0.69227,0.63925,0.61826,0.58287,0.5598
0.56091,0.57281,0.6529,0.71682,0.73553,0.716,0.66141,0.57541,0.45189,0.30022,0.10521,-0.087159,-0.29409,-0.46321,-0.61119,-0.72464,-0.79999,-0.85409,-0.85372,-0.89271,-0.81582,-0.95922,-0.92593,-0.81662,-0.51414,-0.53475,-0.77939,-0.53112,-0.26688,0.086987,0.23121,0.45695,0.49337,0.68305,0.80605,0.81514,0.74381,0.71947,0.57299,0.54855
0.56091,0.57281,0.6529,0.71682,0.73553,0.716,0.66141,0.57541,0.45189,0.30022,0.10521,-0.087159,-0.29409,-0.46321,-0.61119,-0.72464,-0.79999,-0.85409,-0.85372,-0.89271,-0.81582,-0.95922,-0.92593,-0.81662,-0.51414,-0.53475,-0.77939,-0.53112,-0.26688,0.086987,0.23121,0.45695,0.49337,0.68305,0.80605,0.81514,0.74381,0.71947,0.57299,0.54855
0.56091,0.57281,0.6529,0.71682,0.73553,0.716,0.66141,0.57541,0.45189,0.30022,0.10521,-0.087159,-0.29409,-0.46321,-0.61119,-0.72464,-0.79999,-0.85409,-0.85372,-0.89271,-0.81582,-0.95922,-0.92593,-0.81662,-0.51414,-0.53475,-0.77939,-0.53112,-0.26688,0.086987,0.23121,0.45695,0.49337,0.68305,0.80605,0.81514,0.74381,0.71947,0.57299,0.54855
0.62075,0.63593,0.67596,0.68049,0.63976,0.5615,0.45561,0.33801,0.2131,0.094304,-0.026952,-0.14063,-0.26253,-0.36208,-0.46845,-0.53494,-0.56622,-0.65227,-0.61396,-0.63929,-0.37961,-0.8038,-0.67381,-0.36394,0.020951,0.26825,0.31019,0.60202,0.84456,0.85117,0.54125,0.4615,0.65786,0.64413,0.69023,0.68663,0.76385,0.76738,0.83545,0.83035
0.62075,0.63593,0.67596,0.68049,0.63976,0.5615,0.45561,0.33801,0.2131,0.094304,-0.026952,-0.14063,-0.26253,-0.36208,-0.46845,-0.53494,-0.56622,-0.65227,-0.61396,-0.63929,-0.37961,-0.8038,-0.67381,-0.36394,0.020951,0.26825,0.31019,0.60202,0.84456,0.85117,0.54125,0.4615,0.65786,0.64413,0.69023,0.68663,0.76385,0.76738,0.83545,0.83035
0.62075,0.63593,0.67596,0.68049,0.63976,0.5615,0.45561,0.33801,0.2131,0.094304,-0.026952,-0.14063,-0.26253,-0.36208,-0.46845,-0.53494,-0.56622,-0.65227,-0.61396,-0.63929,-0.37961,-0.8038,-0.67381,-0.36394,0.020951,0.26825,0.31019,0.60202,0.84456,0.85117,0.54125,0.4615,0.65786,0.64413,0.69023,0.68663,0.76385,0.76738,0.83545,0.83035
0.62075,0.63593,0.67596,0.68049,0.63976,0.5615,0.45561,0.33801,0.2131,0.094304,-0.026952,-0.14063,-0.26253,-0.36208,-0.46845,-0.53494,-0.56622,-0.65227,-0.61396,-0.63929,-0.37961,-0.8038,-0.67381,-0.36394,0.020951,0.26825,0.31019,0.60202,0.84456,0.85117,0.54125,0.4615,0.65786,0.64413,0.69023,0.68663,0.76385,0.76738,0.83545,0.83035
