-0.00011745,-0.0001615,-0.00045219,-0.0008483,-0.0012443,-0.00137,-0.00077272,0.001269,0.0045466,0.009848,0.015845,0.023675,0.031458,0.04086,0.049733,0.060233,0.069878,0.081355,0.091703,0.10422,0.11533,0.12897,0.14088,0.15561,0.16828,0.18396,0.19977,0.21372,0.23013,0.24448,0.26127,0.27582,0.29276,0.30733,0.3242,0.33861,0.35521,0.3693,0.38542,0.39906
-0.00045156,-0.00060306,0.00022583,0.0079153,0.0217,0.038321,0.055697,0.074359,0.093694,0.116,0.139,0.16608,0.19279,0.22362,0.25268,0.28541,0.31514,0.34792,0.37683,0.40801,0.43489,0.46327,0.48732,0.51228,0.53319,0.55466,0.57414,0.59079,0.60738,0.62149,0.63567,0.64767,0.65989,0.67016,0.6808,0.6897,0.69906,0.70683,0.71515,0.722
-0.00081973,-0.00080354,0.0064536,0.027217,0.055963,0.089618,0.12651,0.16773,0.2106,0.25737,0.30291,0.35064,0.39427,0.438,0.47601,0.51272,0.5436,0.57292,0.59719,0.62037,0.63941,0.65798,0.67317,0.68839,0.70075,0.71349,0.72499,0.73455,0.74431,0.75238,0.76072,0.7676,0.77478,0.78068,0.78689,0.79198,0.79739,0.80183,0.80658,0.81047
-0.0015571,-0.00099073,0.022241,0.061461,0.10319,0.15129,0.20546,0.26556,0.32613,0.38736,0.44281,0.49467,0.53844,0.57771,0.60981,0.63862,0.66196,0.68348,0.70088,0.71751,0.73092,0.74406,0.75462,0.7652,0.77367,0.7823,0.79,0.79635,0.80278,0.80807,0.81351,0.81798,0.82265,0.82648,0.83052,0.83384,0.83734,0.84024,0.84328,0.84581
-0.0022199,0.0067391,0.04611,0.096439,0.1632,0.24208,0.32312,0.40073,0.46837,0.52655,0.57339,0.613,0.64452,0.67233,0.69464,0.71533,0.73198,0.74791,0.7607,0.77321,0.78322,0.79319,0.80117,0.80925,0.81572,0.82238,0.82832,0.83327,0.83822,0.84237,0.8465,0.84999,0.85341,0.85633,0.8591,0.8615,0.86367,0.86559,0.86721,0.86867
-0.0030243,0.0096113,0.073487,0.15433,0.24717,0.34616,0.43846,0.51709,0.57897,0.62748,0.66442,0.69459,0.71814,0.73873,0.75507,0.77007,0.78203,0.79341,0.80251,0.81141,0.81857,0.82572,0.8315,0.8373,0.84203,0.84674,0.85086,0.85439,0.85762,0.86042,0.86284,0.86496,0.86661,0.86809,0.869,0.86987,0.87009,0.87037,0.8699,0.86961
-0.004602,0.013635,0.10502,0.21259,0.31867,0.41617,0.49728,0.56207,0.61196,0.65219,0.68346,0.70997,0.73082,0.74925,0.76384,0.77732,0.78806,0.79839,0.80664,0.81474,0.82124,0.82759,0.8327,0.83753,0.84144,0.8449,0.84761,0.84989,0.85139,0.85266,0.85306,0.8534,0.85277,0.85223,0.85069,0.84935,0.84694,0.84484,0.84169,0.83889
0.093852,0.11152,0.21167,0.32967,0.43842,0.52953,0.59756,0.64697,0.68287,0.71173,0.7343,0.75437,0.77041,0.78528,0.79717,0.80846,0.8175,0.82618,0.83316,0.83979,0.84515,0.85002,0.85398,0.85726,0.85995,0.86174,0.86281,0.86366,0.86342,0.86316,0.86177,0.86049,0.85803,0.85579,0.8524,0.84928,0.84499,0.84101,0.83593,0.8311
0.048235,0.062697,0.20327,0.37247,0.49964,0.58903,0.64906,0.69152,0.72246,0.74746,0.76668,0.7831,0.7959,0.80745,0.81659,0.82526,0.8322,0.83887,0.84422,0.84916,0.8531,0.85638,0.85896,0.86064,0.8619,0.86206,0.86153,0.86085,0.85906,0.85725,0.85435,0.85151,0.84757,0.84373,0.83886,0.83406,0.82825,0.82245,0.81568,0.80881
0.1021,0.13341,0.29385,0.44534,0.55181,0.62774,0.68258,0.72425,0.75554,0.78024,0.79889,0.81427,0.82614,0.83645,0.84458,0.85172,0.85739,0.86213,0.86585,0.86848,0.87046,0.87117,0.87155,0.87048,0.86936,0.86673,0.86347,0.8602,0.85562,0.8511,0.84533,0.83956,0.83259,0.82555,0.81734,0.80891,0.7994,0.78943,0.77854,0.76684
-0.0099052,0.021419,0.23756,0.4505,0.57537,0.64968,0.69648,0.72953,0.75392,0.77401,0.78978,0.80378,0.81496,0.8251,0.83317,0.84022,0.84576,0.85006,0.85333,0.85515,0.85636,0.85597,0.85532,0.853,0.85066,0.84668,0.84207,0.83733,0.8313,0.82511,0.81774,0.81006,0.80129,0.79199,0.78174,0.77065,0.7589,0.74585,0.73257,0.71742
0.12886,0.15489,0.30198,0.45561,0.56368,0.63764,0.68922,0.72729,0.75538,0.77765,0.79462,0.80881,0.81986,0.82902,0.83609,0.84128,0.84507,0.8468,0.84769,0.84637,0.84466,0.84078,0.83678,0.83063,0.82452,0.81641,0.80755,0.79824,0.78743,0.77592,0.76305,0.74906,0.73407,0.7173,0.7001,0.6803,0.66102,0.63812,0.61717,0.59138
0.073746,0.1075,0.30328,0.48248,0.59298,0.66855,0.722,0.76089,0.7888,0.81022,0.82619,0.83893,0.84859,0.85595,0.86138,0.86466,0.86674,0.86662,0.86582,0.86282,0.85951,0.85406,0.84848,0.84084,0.83308,0.82333,0.81272,0.80129,0.78843,0.77427,0.75899,0.74174,0.72398,0.70334,0.68327,0.65921,0.63741,0.61032,0.58791,0.55884
0.084858,0.13786,0.37415,0.54261,0.63457,0.69452,0.73637,0.76703,0.78936,0.80682,0.82,0.83043,0.83819,0.84346,0.84688,0.84764,0.84722,0.84408,0.8403,0.8339,0.82712,0.81788,0.80823,0.79623,0.78355,0.76858,0.75237,0.73416,0.71462,0.69211,0.66916,0.64192,0.61583,0.58385,0.5556,0.51965,0.49095,0.45277,0.426,0.38835
0.089381,0.099297,0.27404,0.48791,0.61429,0.68959,0.73632,0.76809,0.79089,0.80879,0.82236,0.83283,0.84032,0.84504,0.84774,0.84798,0.84695,0.84389,0.84,0.83427,0.82797,0.81991,0.81124,0.80099,0.78981,0.77718,0.76363,0.74806,0.73211,0.71333,0.69521,0.67329,0.65375,0.6293,0.60977,0.58419,0.5663,0.5416,0.52746,0.50602
0.19031,0.25312,0.48572,0.61728,0.68475,0.73221,0.76847,0.79707,0.81895,0.83571,0.84809,0.85631,0.86159,0.86297,0.86249,0.85834,0.85317,0.84462,0.83543,0.82311,0.81004,0.79402,0.77671,0.75667,0.73439,0.71014,0.68444,0.65405,0.62492,0.58951,0.55872,0.5201,0.49046,0.45187,0.42697,0.39262,0.37495,0.34839,0.33896,0.32203
0.21556,0.28476,0.53933,0.67352,0.73436,0.77031,0.79429,0.81236,0.82584,0.83623,0.84346,0.84764,0.84948,0.84816,0.84525,0.83933,0.83232,0.82246,0.81161,0.79802,0.78309,0.76554,0.74585,0.72397,0.6987,0.67251,0.64503,0.6116,0.58163,0.54416,0.51448,0.47609,0.45052,0.41573,0.3973,0.37023,0.36028,0.34322,0.34163,0.33488
0.2051,0.27041,0.4922,0.60922,0.67508,0.72117,0.75562,0.78349,0.80498,0.82185,0.83376,0.84111,0.84483,0.84441,0.84171,0.83569,0.82815,0.81789,0.8062,0.79205,0.77602,0.7578,0.73681,0.71443,0.68795,0.66192,0.63521,0.60231,0.57502,0.54044,0.51598,0.48375,0.46553,0.4399,0.42969,0.41338,0.41158,0.40533,0.41009,0.41275
0.2545,0.31431,0.53988,0.66653,0.72624,0.76135,0.78404,0.8001,0.81122,0.81827,0.82176,0.82097,0.81757,0.81016,0.80097,0.78828,0.77402,0.75664,0.73719,0.71497,0.68964,0.66251,0.63074,0.59955,0.56192,0.52918,0.49758,0.45834,0.43149,0.39691,0.37863,0.35351,0.34543,0.33221,0.33394,0.33251,0.34113,0.34933,0.36228,0.37753
0.1931,0.23985,0.45376,0.61202,0.69649,0.74658,0.77999,0.80531,0.82406,0.83786,0.84682,0.85146,0.85281,0.85095,0.84701,0.84081,0.8329,0.8232,0.81149,0.79838,0.78255,0.76622,0.7462,0.72772,0.70446,0.68631,0.66958,0.648,0.63597,0.61952,0.61422,0.60539,0.60703,0.60631,0.61295,0.61897,0.6286,0.63945,0.65035,0.66435
0.1394,0.19921,0.44806,0.60769,0.69893,0.75752,0.79542,0.82137,0.83859,0.84934,0.85493,0.85555,0.85308,0.84689,0.83874,0.82774,0.81471,0.79929,0.78098,0.76105,0.73691,0.71324,0.68393,0.65918,0.62773,0.60638,0.58801,0.56465,0.55447,0.5405,0.53855,0.53425,0.53847,0.54194,0.54953,0.55825,0.56718,0.57917,0.58852,0.60258
0.14573,0.18086,0.32824,0.45665,0.5711,0.66129,0.72157,0.76112,0.78485,0.7977,0.80281,0.80196,0.79741,0.78964,0.77957,0.76725,0.75257,0.73598,0.71634,0.69563,0.67086,0.64733,0.61866,0.59562,0.56656,0.54872,0.5344,0.51568,0.51058,0.50214,0.50614,0.50816,0.51856,0.52896,0.54288,0.55905,0.5743,0.59414,0.60917,0.63125
0.066767,0.1441,0.45038,0.64683,0.75138,0.81252,0.84929,0.87149,0.88464,0.89116,0.89333,0.89128,0.88679,0.87927,0.86983,0.85807,0.84393,0.82815,0.8089,0.78956,0.76539,0.74469,0.718,0.70023,0.67623,0.66631,0.66003,0.65152,0.65469,0.65733,0.6676,0.67901,0.69248,0.7091,0.7234,0.74257,0.75592,0.77587,0.78681,0.80603
0.065828,0.1464,0.45568,0.64339,0.74226,0.79819,0.83001,0.8482,0.85808,0.86127,0.86004,0.85392,0.84482,0.8319,0.81582,0.79647,0.7725,0.74641,0.71348,0.68212,0.64195,0.6108,0.57038,0.54788,0.51746,0.5086,0.50359,0.49802,0.50307,0.51004,0.52062,0.53553,0.54825,0.56754,0.58057,0.60209,0.61438,0.63682,0.64782,0.67028
0.065828,0.1464,0.45568,0.64339,0.74226,0.79819,0.83001,0.8482,0.85808,0.86127,0.86004,0.85392,0.84482,0.8319,0.81582,0.79647,0.7725,0.74641,0.71348,0.68212,0.64195,0.6108,0.57038,0.54788,0.51746,0.5086,0.50359,0.49802,0.50307,0.51004,0.52062,0.53553,0.54825,0.56754,0.58057,0.60209,0.61438,0.63682,0.64782,0.67028
0.18956,0.23355,0.41805,0.54796,0.63307,0.69498,0.73709,0.76269,0.77487,0.77628,0.77018,0.7579,0.74059,0.71881,0.69139,0.66055,0.62224,0.5842,0.53724,0.4989,0.45191,0.42409,0.38955,0.37858,0.36352,0.368,0.37478,0.3849,0.39854,0.41819,0.43473,0.45998,0.4765,0.50462,0.5201,0.54944,0.56411,0.59366,0.60525,0.63341
0.18956,0.23355,0.41805,0.54796,0.63307,0.69498,0.73709,0.76269,0.77487,0.77628,0.77018,0.7579,0.74059,0.71881,0.69139,0.66055,0.62224,0.5842,0.53724,0.4989,0.45191,0.42409,0.38955,0.37858,0.36352,0.368,0.37478,0.3849,0.39854,0.41819,0.43473,0.45998,0.4765,0.50462,0.5201,0.54944,0.56411,0.59366,0.60525,0.63341
0.18433,0.25476,0.50669,0.65713,0.73862,0.78718,0.81524,0.82889,0.83222,0.82775,0.81761,0.80263,0.78263,0.75845,0.72748,0.6939,0.65076,0.61097,0.55976,0.52322,0.47648,0.45452,0.42631,0.42344,0.41873,0.42896,0.43917,0.45825,0.47273,0.49968,0.51401,0.54446,0.55811,0.58966,0.6014,0.63189,0.64314,0.67206,0.68535,0.71429
0.18433,0.25476,0.50669,0.65713,0.73862,0.78718,0.81524,0.82889,0.83222,0.82775,0.81761,0.80263,0.78263,0.75845,0.72748,0.6939,0.65076,0.61097,0.55976,0.52322,0.47648,0.45452,0.42631,0.42344,0.41873,0.42896,0.43917,0.45825,0.47273,0.49968,0.51401,0.54446,0.55811,0.58966,0.6014,0.63189,0.64314,0.67206,0.68535,0.71429
0.18433,0.25476,0.50669,0.65713,0.73862,0.78718,0.81524,0.82889,0.83222,0.82775,0.81761,0.80263,0.78263,0.75845,0.72748,0.6939,0.65076,0.61097,0.55976,0.52322,0.47648,0.45452,0.42631,0.42344,0.41873,0.42896,0.43917,0.45825,0.47273,0.49968,0.51401,0.54446,0.55811,0.58966,0.6014,0.63189,0.64314,0.67206,0.68535,0.71429
0.30456,0.34543,0.45986,0.5348,0.59665,0.64444,0.6735,0.68606,0.68484,0.67473,0.65549,0.62936,0.59299,0.5508,0.49566,0.442,0.37469,0.32486,0.26537,0.23691,0.20556,0.20395,0.20546,0.22277,0.24942,0.27399,0.29754,0.34107,0.3647,0.41241,0.43445,0.482,0.50085,0.54463,0.56653,0.6081,0.61865,0.65212,0.64755,0.66424
0.30456,0.34543,0.45986,0.5348,0.59665,0.64444,0.6735,0.68606,0.68484,0.67473,0.65549,0.62936,0.59299,0.5508,0.49566,0.442,0.37469,0.32486,0.26537,0.23691,0.20556,0.20395,0.20546,0.22277,0.24942,0.27399,0.29754,0.34107,0.3647,0.41241,0.43445,0.482,0.50085,0.54463,0.56653,0.6081,0.61865,0.65212,0.64755,0.66424
0.30456,0.34543,0.45986,0.5348,0.59665,0.64444,0.6735,0.68606,0.68484,0.67473,0.65549,0.62936,0.59299,0.5508,0.49566,0.442,0.37469,0.32486,0.26537,0.23691,0.20556,0.20395,0.20546,0.22277,0.24942,0.27399,0.29754,0.34107,0.3647,0.41241,0.43445,0.482,0.50085,0.54463,0.56653,0.6081,0.61865,0.65212,0.64755,0.66424
0.3289,0.38166,0.5555,0.6498,0.69919,0.7245,0.73049,0.72069,0.69859,0.66617,0.62215,0.56847,0.49894,0.42523,0.33401,0.25797,0.17138,0.12143,0.070215,0.053513,0.040771,0.043577,0.054837,0.065263,0.08917,0.10035,0.11353,0.1415,0.15884,0.1913,0.20815,0.24549,0.25439,0.29293,0.29815,0.33681,0.32304,0.35009,0.34801,0.37094
0.17014,0.2429,0.49643,0.62736,0.7056,0.7599,0.79243,0.81035,0.81823,0.82026,0.81746,0.81063,0.80022,0.78726,0.77102,0.75604,0.73801,0.72628,0.712,0.70631,0.69913,0.69828,0.69816,0.69998,0.70594,0.70848,0.7113,0.72187,0.72631,0.73891,0.74662,0.76131,0.76797,0.78202,0.78131,0.78752,0.78318,0.77536,0.79146,0.78279
0.17014,0.2429,0.49643,0.62736,0.7056,0.7599,0.79243,0.81035,0.81823,0.82026,0.81746,0.81063,0.80022,0.78726,0.77102,0.75604,0.73801,0.72628,0.712,0.70631,0.69913,0.69828,0.69816,0.69998,0.70594,0.70848,0.7113,0.72187,0.72631,0.73891,0.74662,0.76131,0.76797,0.78202,0.78131,0.78752,0.78318,0.77536,0.79146,0.78279
0.17014,0.2429,0.49643,0.62736,0.7056,0.7599,0.79243,0.81035,0.81823,0.82026,0.81746,0.81063,0.80022,0.78726,0.77102,0.75604,0.73801,0.72628,0.712,0.70631,0.69913,0.69828,0.69816,0.69998,0.70594,0.70848,0.7113,0.72187,0.72631,0.73891,0.74662,0.76131,0.76797,0.78202,0.78131,0.78752,0.78318,0.77536,0.79146,0.78279
0.37506,0.43325,0.5986,0.68021,0.7343,0.76839,0.78489,0.79127,0.79065,0.78739,0.78156,0.77674,0.77259,0.77143,0.77155,0.7732,0.7743,0.77639,0.77688,0.77925,0.78017,0.7827,0.78486,0.78717,0.79066,0.79266,0.79468,0.79959,0.80141,0.80744,0.80786,0.81326,0.8127,0.81533,0.81875,0.82077,0.82545,0.82828,0.83675,0.84151
0.37506,0.43325,0.5986,0.68021,0.7343,0.76839,0.78489,0.79127,0.79065,0.78739,0.78156,0.77674,0.77259,0.77143,0.77155,0.7732,0.7743,0.77639,0.77688,0.77925,0.78017,0.7827,0.78486,0.78717,0.79066,0.79266,0.79468,0.79959,0.80141,0.80744,0.80786,0.81326,0.8127,0.81533,0.81875,0.82077,0.82545,0.82828,0.83675,0.84151
0.65462,0.68523,0.78311,0.83839,0.86564,0.87867,0.88223,0.87905,0.87073,0.85935,0.84354,0.82776,0.80817,0.79577,0.78327,0.78475,0.78945,0.80425,0.82219,0.84051,0.86216,0.87769,0.89764,0.90883,0.92522,0.93168,0.93907,0.94813,0.9531,0.95829,0.95986,0.95925,0.96353,0.95787,0.96723,0.96002,0.97028,0.96292,0.97194,0.96374
