-0.0006084,-0.0008435,-0.0024138,-0.0042123,-0.002493,0.0094534,0.034427,0.073087,0.11866,0.172,0.22456,0.28144,0.33337,0.38773,0.43522,0.48368,0.52488,0.56607,0.6006,0.63456,0.66287,0.6904,0.71336,0.7355,0.75404,0.77182,0.7875,0.80109,0.81375,0.82477,0.83504,0.84403,0.85242,0.8598,0.86671,0.87281,0.87854,0.88364,0.88844,0.89274
-0.0023784,-0.0028711,0.010141,0.070393,0.1651,0.27377,0.37951,0.47572,0.55622,0.62386,0.67795,0.72264,0.75827,0.78781,0.8116,0.83155,0.84784,0.86172,0.87326,0.88329,0.89181,0.89939,0.90596,0.91193,0.9172,0.92206,0.92643,0.93044,0.93407,0.93745,0.94048,0.94334,0.94584,0.94823,0.95027,0.95224,0.9539,0.95551,0.95684,0.95813
-0.0052789,0.011423,0.15176,0.33605,0.49014,0.60927,0.69603,0.7579,0.80203,0.83407,0.85778,0.87577,0.88973,0.9009,0.91006,0.91782,0.92451,0.93038,0.93562,0.94025,0.94446,0.9481,0.95145,0.95422,0.95681,0.95888,0.9606,0.96223,0.96346,0.96458,0.96534,0.96602,0.96643,0.96671,0.96679,0.9667,0.96643,0.96594,0.96533,0.9644
-0.0090095,0.032361,0.23676,0.43955,0.58919,0.69336,0.7644,0.81321,0.84756,0.87228,0.89092,0.9054,0.91719,0.92688,0.93515,0.94198,0.94793,0.95277,0.95704,0.96039,0.9634,0.96579,0.96789,0.9695,0.97088,0.97192,0.97272,0.97322,0.97352,0.97345,0.97326,0.97259,0.97192,0.97062,0.9695,0.96758,0.96608,0.96356,0.96183,0.95885
-0.012509,0.041002,0.33889,0.59241,0.73191,0.81235,0.86043,0.88962,0.90801,0.9197,0.92786,0.93359,0.93817,0.94143,0.9441,0.94549,0.94643,0.94588,0.94493,0.94241,0.93932,0.93444,0.92858,0.92071,0.91104,0.89913,0.8852,0.86689,0.84719,0.82028,0.79374,0.75579,0.72197,0.67152,0.63193,0.57036,0.5285,0.46124,0.4223,0.35831
-0.015675,0.1068,0.53892,0.744,0.82214,0.86288,0.88836,0.90625,0.92013,0.93116,0.94033,0.94751,0.95346,0.95788,0.96146,0.96398,0.96587,0.96703,0.96753,0.96748,0.96657,0.9652,0.96259,0.9598,0.9552,0.95105,0.94647,0.93959,0.93529,0.92869,0.92611,0.92231,0.92221,0.92215,0.92506,0.92759,0.93257,0.93544,0.94085,0.94193
0.40954,0.43572,0.61521,0.76443,0.83528,0.87278,0.89504,0.91035,0.92253,0.93268,0.94133,0.94787,0.95305,0.95584,0.95728,0.95616,0.9533,0.94784,0.9395,0.92885,0.91305,0.89644,0.87111,0.84903,0.81456,0.79178,0.76848,0.73673,0.7183,0.6957,0.68301,0.67098,0.66179,0.6579,0.64884,0.64947,0.63935,0.64127,0.62885,0.62861
0.23638,0.32686,0.62975,0.77724,0.84006,0.87775,0.90392,0.92257,0.93624,0.94582,0.95283,0.95766,0.96101,0.9631,0.96393,0.96382,0.96217,0.95993,0.95568,0.95184,0.94579,0.94279,0.93834,0.93843,0.93854,0.9416,0.94585,0.9495,0.95438,0.95644,0.96244,0.96245,0.96724,0.96432,0.97264,0.96896,0.97156,0.96374,0.96715,0.95515
0.30864,0.39939,0.69435,0.8278,0.87818,0.9044,0.92021,0.92969,0.93501,0.93652,0.93502,0.93014,0.92141,0.90823,0.88794,0.86183,0.8221,0.77871,0.71297,0.65598,0.5725,0.51666,0.44129,0.39855,0.3526,0.31727,0.26985,0.2592,0.20941,0.20664,0.15632,0.14894,0.1419,0.15293,0.18809,0.23361,0.24037,0.30543,0.24045,0.2997
0.35211,0.38598,0.61816,0.78894,0.85288,0.88517,0.9067,0.9216,0.93157,0.9355,0.93459,0.92718,0.91346,0.89373,0.86443,0.83324,0.79024,0.75675,0.71502,0.69171,0.66626,0.65448,0.64469,0.63797,0.63671,0.63025,0.62382,0.62346,0.62142,0.62112,0.62429,0.62721,0.62933,0.63587,0.62618,0.62794,0.61577,0.60638,0.618,0.61409
0.42027,0.49014,0.72326,0.83569,0.87917,0.90123,0.91263,0.916,0.91289,0.90327,0.88559,0.85886,0.81647,0.76302,0.68199,0.60105,0.48829,0.40126,0.29672,0.22068,0.15958,0.078804,0.066965,-0.068015,-0.066108,-0.20085,-0.23297,-0.13612,-0.088485,0.035919,-0.018191,0.090728,-0.10723,-0.031787,0.0638,0.18041,0.33845,0.49077,0.45343,0.58274
0.6719,0.69382,0.78714,0.85377,0.89238,0.91912,0.9383,0.95159,0.96085,0.96707,0.97131,0.97466,0.9768,0.97903,0.98026,0.98216,0.98331,0.98528,0.98623,0.98879,0.98976,0.99058,0.98975,0.99216,0.99058,0.99128,0.99099,0.98544,0.99006,0.98297,0.98158,0.96737,0.97401,0.95612,0.96965,0.95442,0.94641,0.93117,0.93446,0.92633
0.53234,0.553,0.68862,0.80005,0.85447,0.8877,0.90941,0.92043,0.92208,0.9138,0.89573,0.87236,0.84017,0.81449,0.78727,0.7746,0.76493,0.76294,0.76361,0.76429,0.76758,0.76683,0.76815,0.77063,0.77199,0.77472,0.77376,0.77327,0.7722,0.76744,0.77156,0.76705,0.78772,0.79956,0.79543,0.80768,0.72697,0.693,0.79219,0.80047
0.77789,0.79832,0.87147,0.91393,0.93345,0.94131,0.94027,0.93119,0.91132,0.87854,0.82201,0.74978,0.64502,0.54935,0.45345,0.3766,0.34017,0.28099,0.27533,0.2397,0.22794,0.26254,0.31036,0.28255,0.35829,0.2316,0.30971,0.41003,0.45715,0.60229,0.36625,0.45001,0.47523,0.59109,0.82823,0.88404,0.82815,0.86056,0.7401,0.79156
0.77789,0.79832,0.87147,0.91393,0.93345,0.94131,0.94027,0.93119,0.91132,0.87854,0.82201,0.74978,0.64502,0.54935,0.45345,0.3766,0.34017,0.28099,0.27533,0.2397,0.22794,0.26254,0.31036,0.28255,0.35829,0.2316,0.30971,0.41003,0.45715,0.60229,0.36625,0.45001,0.47523,0.59109,0.82823,0.88404,0.82815,0.86056,0.7401,0.79156
0.74056,0.74906,0.81506,0.88604,0.92682,0.9496,0.96131,0.96617,0.96661,0.96529,0.96228,0.96118,0.96191,0.96665,0.97175,0.97845,0.98136,0.9865,0.98513,0.988,0.97929,0.9858,0.97069,0.96889,0.94424,0.96528,0.96722,0.94649,0.93738,0.93203,0.82613,0.79355,0.81226,0.79954,0.9269,0.92884,0.93603,0.93522,0.83986,0.84492
0.48543,0.51045,0.6421,0.75942,0.8282,0.86248,0.86568,0.84307,0.80153,0.7619,0.73072,0.71959,0.71842,0.72213,0.72579,0.7292,0.73067,0.73347,0.73374,0.73299,0.72797,0.73343,0.72736,0.72287,0.71072,0.73135,0.70898,0.67189,0.73376,0.75344,0.67233,0.6667,0.49347,0.42889,0.78819,0.79405,0.83011,0.82039,0.35926,0.38974
0.48543,0.51045,0.6421,0.75942,0.8282,0.86248,0.86568,0.84307,0.80153,0.7619,0.73072,0.71959,0.71842,0.72213,0.72579,0.7292,0.73067,0.73347,0.73374,0.73299,0.72797,0.73343,0.72736,0.72287,0.71072,0.73135,0.70898,0.67189,0.73376,0.75344,0.67233,0.6667,0.49347,0.42889,0.78819,0.79405,0.83011,0.82039,0.35926,0.38974
0.68378,0.69239,0.73221,0.77252,0.79097,0.77723,0.72087,0.62026,0.47657,0.3345,0.21039,0.132,0.091824,0.06752,0.067388,0.061596,0.072828,0.07541,0.095268,0.10927,0.16184,0.1102,0.12212,0.20712,0.31973,0.3548,0.1951,0.21514,0.60405,0.71101,0.4821,0.51188,0.62901,0.65384,0.77461,0.77833,0.78212,0.77267,0.71835,0.71461
0.82028,0.82878,0.87384,0.90134,0.8944,0.8601,0.78879,0.67318,0.50746,0.33199,0.17744,0.0076851,-0.080768,-0.24809,-0.21468,-0.17415,-0.0087327,-0.17009,-0.047804,0.13442,0.37954,0.047906,0.20446,0.46734,0.65313,0.71933,0.54948,0.72092,0.98236,0.98387,0.74511,0.67304,0.89518,0.89077,0.89246,0.89058,0.89924,0.90248,0.97161,0.97014
0.82028,0.82878,0.87384,0.90134,0.8944,0.8601,0.78879,0.67318,0.50746,0.33199,0.17744,0.0076851,-0.080768,-0.24809,-0.21468,-0.17415,-0.0087327,-0.17009,-0.047804,0.13442,0.37954,0.047906,0.20446,0.46734,0.65313,0.71933,0.54948,0.72092,0.98236,0.98387,0.74511,0.67304,0.89518,0.89077,0.89246,0.89058,0.89924,0.90248,0.97161,0.97014
0.82028,0.82878,0.87384,0.90134,0.8944,0.8601,0.78879,0.67318,0.50746,0.33199,0.17744,0.0076851,-0.080768,-0.24809,-0.21468,-0.17415,-0.0087327,-0.17009,-0.047804,0.13442,0.37954,0.047906,0.20446,0.46734,0.65313,0.71933,0.54948,0.72092,0.98236,0.98387,0.74511,0.67304,0.89518,0.89077,0.89246,0.89058,0.89924,0.90248,0.97161,0.97014
0.76943,0.78184,0.85426,0.92175,0.95117,0.96419,0.97242,0.97854,0.98243,0.98512,0.98603,0.98609,0.98396,0.98279,0.97732,0.97675,0.97219,0.96649,0.95632,0.92709,0.89938,0.78138,0.67257,0.95958,0.96151,0.93772,0.77987,0.78457,0.86127,0.86206,0.93932,0.93721,0.94857,0.95009,0.8518,0.85065,0.72572,0.7296,0.97064,0.97043
0.76943,0.78184,0.85426,0.92175,0.95117,0.96419,0.97242,0.97854,0.98243,0.98512,0.98603,0.98609,0.98396,0.98279,0.97732,0.97675,0.97219,0.96649,0.95632,0.92709,0.89938,0.78138,0.67257,0.95958,0.96151,0.93772,0.77987,0.78457,0.86127,0.86206,0.93932,0.93721,0.94857,0.95009,0.8518,0.85065,0.72572,0.7296,0.97064,0.97043
0.40413,0.45857,0.64255,0.71521,0.68881,0.64645,0.63173,0.64226,0.65874,0.67287,0.68278,0.68908,0.69275,0.69431,0.69352,0.69692,0.70083,0.69418,0.68804,0.67243,0.65274,0.52496,0.44381,0.93289,0.90293,0.67264,0.62792,0.6271,0.41676,0.42726,0.86194,0.85454,0.69319,0.69701,0.62172,0.62021,0.45397,0.46016,0.83357,0.82876
0.40413,0.45857,0.64255,0.71521,0.68881,0.64645,0.63173,0.64226,0.65874,0.67287,0.68278,0.68908,0.69275,0.69431,0.69352,0.69692,0.70083,0.69418,0.68804,0.67243,0.65274,0.52496,0.44381,0.93289,0.90293,0.67264,0.62792,0.6271,0.41676,0.42726,0.86194,0.85454,0.69319,0.69701,0.62172,0.62021,0.45397,0.46016,0.83357,0.82876
0.40413,0.45857,0.64255,0.71521,0.68881,0.64645,0.63173,0.64226,0.65874,0.67287,0.68278,0.68908,0.69275,0.69431,0.69352,0.69692,0.70083,0.69418,0.68804,0.67243,0.65274,0.52496,0.44381,0.93289,0.90293,0.67264,0.62792,0.6271,0.41676,0.42726,0.86194,0.85454,0.69319,0.69701,0.62172,0.62021,0.45397,0.46016,0.83357,0.82876
0.40413,0.45857,0.64255,0.71521,0.68881,0.64645,0.63173,0.64226,0.65874,0.67287,0.68278,0.68908,0.69275,0.69431,0.69352,0.69692,0.70083,0.69418,0.68804,0.67243,0.65274,0.52496,0.44381,0.93289,0.90293,0.67264,0.62792,0.6271,0.41676,0.42726,0.86194,0.85454,0.69319,0.69701,0.62172,0.62021,0.45397,0.46016,0.83357,0.82876
0.40413,0.45857,0.64255,0.71521,0.68881,0.64645,0.63173,0.64226,0.65874,0.67287,0.68278,0.68908,0.69275,0.69431,0.69352,0.69692,0.70083,0.69418,0.68804,0.67243,0.65274,0.52496,0.44381,0.93289,0.90293,0.67264,0.62792,0.6271,0.41676,0.42726,0.86194,0.85454,0.69319,0.69701,0.62172,0.62021,0.45397,0.46016,0.83357,0.82876
0.40413,0.45857,0.64255,0.71521,0.68881,0.64645,0.63173,0.64226,0.65874,0.67287,0.68278,0.68908,0.69275,0.69431,0.69352,0.69692,0.70083,0.69418,0.68804,0.67243,0.65274,0.52496,0.44381,0.93289,0.90293,0.67264,0.62792,0.6271,0.41676,0.42726,0.86194,0.85454,0.69319,0.69701,0.62172,0.62021,0.45397,0.46016,0.83357,0.82876
0.74092,0.74966,0.75426,0.65509,0.46142,0.26369,0.1233,0.03821,-0.015743,-0.061395,-0.10533,-0.14875,-0.1785,-0.23467,-0.14934,-0.25759,0.02342,-0.37236,-0.066204,0.36098,0.54876,0.58761,0.69525,0.84027,0.77931,0.7404,0.70092,0.69701,0.40116,0.40751,0.86805,0.86049,0.69083,0.69007,0.46582,0.46393,0.77329,0.77383,0.84285,0.83659
0.74092,0.74966,0.75426,0.65509,0.46142,0.26369,0.1233,0.03821,-0.015743,-0.061395,-0.10533,-0.14875,-0.1785,-0.23467,-0.14934,-0.25759,0.02342,-0.37236,-0.066204,0.36098,0.54876,0.58761,0.69525,0.84027,0.77931,0.7404,0.70092,0.69701,0.40116,0.40751,0.86805,0.86049,0.69083,0.69007,0.46582,0.46393,0.77329,0.77383,0.84285,0.83659
0.97118,0.96668,0.93787,0.86925,0.75607,0.70784,0.79899,0.87541,0.88816,0.88805,0.86659,0.88563,0.85081,0.73399,0.80113,0.8337,0.96249,0.86344,0.76854,0.95733,0.9537,0.99117,0.99106,0.7293,0.72774,0.95275,0.9906,0.99015,0.73018,0.73401,0.95385,0.95431,0.98881,0.98822,0.74668,0.75285,0.95559,0.95608,0.98687,0.98632
0.97118,0.96668,0.93787,0.86925,0.75607,0.70784,0.79899,0.87541,0.88816,0.88805,0.86659,0.88563,0.85081,0.73399,0.80113,0.8337,0.96249,0.86344,0.76854,0.95733,0.9537,0.99117,0.99106,0.7293,0.72774,0.95275,0.9906,0.99015,0.73018,0.73401,0.95385,0.95431,0.98881,0.98822,0.74668,0.75285,0.95559,0.95608,0.98687,0.98632
0.97118,0.96668,0.93787,0.86925,0.75607,0.70784,0.79899,0.87541,0.88816,0.88805,0.86659,0.88563,0.85081,0.73399,0.80113,0.8337,0.96249,0.86344,0.76854,0.95733,0.9537,0.99117,0.99106,0.7293,0.72774,0.95275,0.9906,0.99015,0.73018,0.73401,0.95385,0.95431,0.98881,0.98822,0.74668,0.75285,0.95559,0.95608,0.98687,0.98632
0.97118,0.96668,0.93787,0.86925,0.75607,0.70784,0.79899,0.87541,0.88816,0.88805,0.86659,0.88563,0.85081,0.73399,0.80113,0.8337,0.96249,0.86344,0.76854,0.95733,0.9537,0.99117,0.99106,0.7293,0.72774,0.95275,0.9906,0.99015,0.73018,0.73401,0.95385,0.95431,0.98881,0.98822,0.74668,0.75285,0.95559,0.95608,0.98687,0.98632
0.97118,0.96668,0.93787,0.86925,0.75607,0.70784,0.79899,0.87541,0.88816,0.88805,0.86659,0.88563,0.85081,0.73399,0.80113,0.8337,0.96249,0.86344,0.76854,0.95733,0.9537,0.99117,0.99106,0.7293,0.72774,0.95275,0.9906,0.99015,0.73018,0.73401,0.95385,0.95431,0.98881,0.98822,0.74668,0.75285,0.95559,0.95608,0.98687,0.98632
0.97118,0.96668,0.93787,0.86925,0.75607,0.70784,0.79899,0.87541,0.88816,0.88805,0.86659,0.88563,0.85081,0.73399,0.80113,0.8337,0.96249,0.86344,0.76854,0.95733,0.9537,0.99117,0.99106,0.7293,0.72774,0.95275,0.9906,0.99015,0.73018,0.73401,0.95385,0.95431,0.98881,0.98822,0.74668,0.75285,0.95559,0.95608,0.98687,0.98632
0.97118,0.96668,0.93787,0.86925,0.75607,0.70784,0.79899,0.87541,0.88816,0.88805,0.86659,0.88563,0.85081,0.73399,0.80113,0.8337,0.96249,0.86344,0.76854,0.95733,0.9537,0.99117,0.99106,0.7293,0.72774,0.95275,0.9906,0.99015,0.73018,0.73401,0.95385,0.95431,0.98881,0.98822,0.74668,0.75285,0.95559,0.95608,0.98687,0.98632
0.97118,0.96668,0.93787,0.86925,0.75607,0.70784,0.79899,0.87541,0.88816,0.88805,0.86659,0.88563,0.85081,0.73399,0.80113,0.8337,0.96249,0.86344,0.76854,0.95733,0.9537,0.99117,0.99106,0.7293,0.72774,0.95275,0.9906,0.99015,0.73018,0.73401,0.95385,0.95431,0.98881,0.98822,0.74668,0.75285,0.95559,0.95608,0.98687,0.98632
