-0.00092069,-0.00099729,0.0050707,0.022028,0.040806,0.058388,0.075366,0.09331,0.11179,0.13193,0.15167,0.17232,0.19139,0.21071,0.22788,0.24506,0.25999,0.2749,0.2877,0.30058,0.31157,0.32277,0.33231,0.34221,0.35063,0.35953,0.3679,0.37524,0.38295,0.3897,0.39691,0.4032,0.41004,0.41596,0.42251,0.42815,0.43447,0.43989,0.44604,0.45127
-0.003653,0.0074668,0.052696,0.089573,0.12259,0.15788,0.1935,0.22789,0.25873,0.28692,0.31121,0.33363,0.35293,0.3713,0.3872,0.40282,0.41638,0.43016,0.44209,0.4546,0.46539,0.47697,0.4869,0.4977,0.50692,0.51704,0.52668,0.53515,0.54423,0.55217,0.56074,0.56819,0.5763,0.58331,0.59098,0.59758,0.60482,0.61102,0.6178,0.62361
0.12877,0.1323,0.15337,0.18688,0.2245,0.26092,0.29317,0.32141,0.34599,0.36879,0.38938,0.40977,0.42832,0.44739,0.4645,0.48227,0.49792,0.51421,0.52837,0.54321,0.55599,0.56952,0.58109,0.59346,0.60396,0.61518,0.62562,0.63478,0.6441,0.65229,0.66053,0.66781,0.67507,0.68153,0.68792,0.69368,0.69934,0.70449,0.70955,0.71422
0.016786,0.041886,0.16361,0.26258,0.3218,0.36083,0.38799,0.40866,0.42599,0.4428,0.45887,0.47604,0.49218,0.50926,0.52475,0.54101,0.55542,0.57051,0.5837,0.59738,0.60923,0.6213,0.63174,0.64219,0.65129,0.66031,0.66855,0.67608,0.68332,0.69002,0.6965,0.70258,0.70844,0.71405,0.71935,0.72456,0.72931,0.73415,0.7383,0.74274
0.012216,0.030167,0.13826,0.24497,0.31684,0.36822,0.40681,0.43881,0.46663,0.49258,0.51585,0.53817,0.55806,0.57748,0.59463,0.61139,0.62606,0.64017,0.65252,0.66423,0.67459,0.68442,0.69327,0.70176,0.70957,0.7171,0.72407,0.73091,0.73709,0.74336,0.7487,0.75438,0.75881,0.76381,0.76725,0.77145,0.77377,0.77701,0.77802,0.7801
0.030822,0.056724,0.19257,0.3046,0.36913,0.41298,0.44677,0.47599,0.50193,0.52615,0.54781,0.56835,0.58648,0.6036,0.61853,0.63245,0.64463,0.65596,0.66605,0.67555,0.68423,0.69244,0.70017,0.70725,0.71419,0.72006,0.72514,0.73063,0.73425,0.73852,0.74044,0.74317,0.74309,0.74391,0.74156,0.74004,0.73511,0.73076,0.72309,0.71545
0.092121,0.11749,0.22664,0.31225,0.37027,0.41802,0.46041,0.49937,0.53389,0.56516,0.59216,0.61612,0.63641,0.65376,0.66838,0.68063,0.69116,0.70018,0.70825,0.71526,0.72184,0.72718,0.73253,0.73611,0.74004,0.74156,0.74188,0.74267,0.74032,0.73838,0.73289,0.72742,0.71826,0.70838,0.69519,0.67999,0.66243,0.64104,0.61886,0.59048
0.25075,0.26995,0.34663,0.40422,0.44709,0.48679,0.52295,0.55557,0.58428,0.61043,0.63321,0.65363,0.67131,0.6872,0.7013,0.7143,0.7263,0.73723,0.74778,0.7567,0.76575,0.77231,0.77945,0.78311,0.78763,0.78776,0.7862,0.78464,0.77881,0.77209,0.76147,0.74846,0.73254,0.71199,0.69089,0.66173,0.63572,0.59719,0.5674,0.5197
0.054884,0.096944,0.27212,0.39249,0.4666,0.52308,0.56782,0.6053,0.63686,0.66414,0.6872,0.70685,0.72391,0.73878,0.75243,0.76436,0.77593,0.78541,0.79507,0.80187,0.80921,0.81276,0.81698,0.81664,0.81671,0.81196,0.80555,0.79743,0.78633,0.77187,0.75642,0.73505,0.71583,0.68745,0.66593,0.63151,0.60964,0.57169,0.55313,0.51647
0.36623,0.37329,0.41938,0.46725,0.50788,0.54544,0.57848,0.60734,0.63209,0.65327,0.67146,0.68721,0.70137,0.7138,0.72551,0.73502,0.74435,0.75042,0.75665,0.75841,0.76034,0.75679,0.75288,0.74322,0.73194,0.71596,0.69802,0.67473,0.65234,0.62205,0.59821,0.56415,0.54305,0.51058,0.49656,0.47194,0.46786,0.45594,0.46185,0.46428
0.27656,0.29388,0.37419,0.44067,0.49642,0.54754,0.59097,0.62604,0.65365,0.67508,0.69237,0.70664,0.71927,0.72995,0.7401,0.7475,0.75485,0.75792,0.76102,0.75817,0.75472,0.74424,0.73134,0.71184,0.68643,0.65711,0.62499,0.57859,0.53908,0.47878,0.43505,0.36493,0.32182,0.25008,0.21102,0.14786,0.11402,0.069342,0.037205,0.01823
0.13492,0.17548,0.3581,0.4836,0.55207,0.59862,0.63261,0.65766,0.67661,0.69074,0.70238,0.71144,0.71967,0.72505,0.72988,0.73026,0.72967,0.72296,0.714,0.69799,0.67717,0.65005,0.61386,0.57466,0.52008,0.47004,0.41645,0.33924,0.27935,0.19157,0.13118,0.043147,-0.013032,-0.089245,-0.14023,-0.19432,-0.24092,-0.26364,-0.3173,-0.30477
0.18065,0.21684,0.36688,0.47863,0.55432,0.61034,0.65291,0.68582,0.71169,0.73155,0.74778,0.75949,0.76943,0.77475,0.77876,0.77694,0.77274,0.76103,0.74395,0.71912,0.68338,0.64301,0.58361,0.52967,0.44754,0.38777,0.32452,0.23888,0.18026,0.11092,0.060558,0.020289,-0.023768,-0.030429,-0.077757,-0.056045,-0.11487,-0.077107,-0.15253,-0.11704
0.21916,0.23492,0.35949,0.47745,0.54923,0.59735,0.63188,0.65721,0.67663,0.69125,0.70313,0.7099,0.71439,0.71124,0.70468,0.68795,0.66443,0.6303,0.58285,0.52916,0.45216,0.38199,0.27678,0.19919,0.079073,0.0071674,-0.071996,-0.16271,-0.23517,-0.28795,-0.35882,-0.36378,-0.45696,-0.42368,-0.5646,-0.52181,-0.71662,-0.71026,-0.76393,-0.70243
0.24858,0.27351,0.40248,0.5024,0.56293,0.60695,0.64174,0.67144,0.69877,0.72384,0.74814,0.76749,0.78569,0.79536,0.80289,0.80032,0.79359,0.77852,0.75519,0.72912,0.68751,0.65223,0.59145,0.55101,0.47591,0.43328,0.3807,0.31536,0.25868,0.21707,0.15082,0.14802,0.045204,0.078461,-0.10995,-0.072991,-0.30607,-0.26676,-0.39053,-0.29424
0.31856,0.3395,0.44654,0.52423,0.57489,0.61475,0.64677,0.67354,0.69785,0.71945,0.74041,0.75644,0.77164,0.77824,0.78234,0.77531,0.7619,0.73925,0.70342,0.66823,0.61104,0.57235,0.50593,0.47759,0.42672,0.41296,0.39107,0.39167,0.37502,0.40027,0.3933,0.43215,0.44555,0.49551,0.48867,0.51074,0.50739,0.49846,0.53751,0.53182
0.14625,0.19776,0.39972,0.53144,0.6075,0.65764,0.69233,0.71731,0.73703,0.74992,0.75868,0.75788,0.75101,0.73269,0.70381,0.66554,0.60882,0.55146,0.46482,0.39477,0.2877,0.21601,0.11449,0.051709,-0.010562,-0.067566,-0.1583,-0.15892,-0.27707,-0.26911,-0.38457,-0.38645,-0.38769,-0.32613,-0.24732,-0.087118,-0.079226,0.10452,-0.053636,0.079654
0.14625,0.19776,0.39972,0.53144,0.6075,0.65764,0.69233,0.71731,0.73703,0.74992,0.75868,0.75788,0.75101,0.73269,0.70381,0.66554,0.60882,0.55146,0.46482,0.39477,0.2877,0.21601,0.11449,0.051709,-0.010562,-0.067566,-0.1583,-0.15892,-0.27707,-0.26911,-0.38457,-0.38645,-0.38769,-0.32613,-0.24732,-0.087118,-0.079226,0.10452,-0.053636,0.079654
0.33878,0.36288,0.4845,0.58056,0.63705,0.67001,0.68863,0.69781,0.70126,0.69725,0.68713,0.66653,0.63525,0.59116,0.52888,0.45912,0.3646,0.28014,0.17284,0.09372,0.0062041,-0.056121,-0.10478,-0.15433,-0.16523,-0.21514,-0.26183,-0.26081,-0.28667,-0.27995,-0.25664,-0.20897,-0.17905,-0.080241,-0.15233,-0.063858,-0.23514,-0.22898,-0.13473,-0.065513
0.44616,0.46474,0.55956,0.63557,0.68482,0.7187,0.74394,0.76338,0.77931,0.78871,0.79288,0.78693,0.77133,0.74484,0.70142,0.6523,0.57586,0.50737,0.40592,0.33137,0.23644,0.17314,0.1209,0.059149,0.05332,-0.032407,-0.11838,-0.12875,-0.18304,-0.18112,-0.15055,-0.070223,-0.033388,0.099293,0.023816,0.14453,-0.13668,-0.088896,-0.0011344,0.10363
0.34418,0.39039,0.55478,0.64523,0.69453,0.72667,0.74983,0.76673,0.77993,0.78562,0.78557,0.77466,0.7528,0.72274,0.67712,0.63971,0.59027,0.56691,0.54452,0.54178,0.55413,0.56222,0.59598,0.60348,0.63908,0.65934,0.67945,0.70707,0.72809,0.74089,0.7592,0.75159,0.75308,0.69695,0.71747,0.63653,0.7586,0.72052,0.8602,0.84384
0.34418,0.39039,0.55478,0.64523,0.69453,0.72667,0.74983,0.76673,0.77993,0.78562,0.78557,0.77466,0.7528,0.72274,0.67712,0.63971,0.59027,0.56691,0.54452,0.54178,0.55413,0.56222,0.59598,0.60348,0.63908,0.65934,0.67945,0.70707,0.72809,0.74089,0.7592,0.75159,0.75308,0.69695,0.71747,0.63653,0.7586,0.72052,0.8602,0.84384
0.56328,0.57407,0.62987,0.66918,0.69309,0.7127,0.72919,0.73875,0.73978,0.72596,0.69302,0.64177,0.55618,0.46387,0.3263,0.2066,0.064162,-0.067022,-0.13381,-0.31229,-0.28253,-0.62182,-0.63861,-0.6698,-0.39774,-0.18235,-0.34619,0.011907,-0.367,-0.23126,0.15747,0.31499,0.79911,0.85223,0.63901,0.63696,-0.0065616,-0.038708,0.72961,0.72357
0.56328,0.57407,0.62987,0.66918,0.69309,0.7127,0.72919,0.73875,0.73978,0.72596,0.69302,0.64177,0.55618,0.46387,0.3263,0.2066,0.064162,-0.067022,-0.13381,-0.31229,-0.28253,-0.62182,-0.63861,-0.6698,-0.39774,-0.18235,-0.34619,0.011907,-0.367,-0.23126,0.15747,0.31499,0.79911,0.85223,0.63901,0.63696,-0.0065616,-0.038708,0.72961,0.72357
0.56328,0.57407,0.62987,0.66918,0.69309,0.7127,0.72919,0.73875,0.73978,0.72596,0.69302,0.64177,0.55618,0.46387,0.3263,0.2066,0.064162,-0.067022,-0.13381,-0.31229,-0.28253,-0.62182,-0.63861,-0.6698,-0.39774,-0.18235,-0.34619,0.011907,-0.367,-0.23126,0.15747,0.31499,0.79911,0.85223,0.63901,0.63696,-0.0065616,-0.038708,0.72961,0.72357
0.55534,0.5572,0.59767,0.6359,0.65507,0.66382,0.66305,0.64848,0.61445,0.5558,0.46112,0.35223,0.22109,0.12191,0.046363,-0.0028682,-0.0072754,-0.026217,0.0037374,0.0085739,0.05371,0.090543,0.16993,0.17442,0.2528,0.18013,0.25225,0.30278,0.38719,0.45864,0.33304,0.3119,0.51191,0.54771,0.73131,0.7321,0.62078,0.6056,0.15602,0.11843
0.21328,0.26032,0.43764,0.55918,0.63157,0.67501,0.6952,0.69012,0.65631,0.59632,0.5006,0.4048,0.29597,0.23356,0.2137,0.2196,0.29712,0.33527,0.43996,0.48879,0.56176,0.61805,0.63627,0.67437,0.62869,0.64759,0.79785,0.73137,0.77507,0.72076,0.6128,0.47376,0.47706,0.39626,0.62885,0.62877,0.65226,0.64709,0.13516,0.12504
0.21328,0.26032,0.43764,0.55918,0.63157,0.67501,0.6952,0.69012,0.65631,0.59632,0.5006,0.4048,0.29597,0.23356,0.2137,0.2196,0.29712,0.33527,0.43996,0.48879,0.56176,0.61805,0.63627,0.67437,0.62869,0.64759,0.79785,0.73137,0.77507,0.72076,0.6128,0.47376,0.47706,0.39626,0.62885,0.62877,0.65226,0.64709,0.13516,0.12504
0.21328,0.26032,0.43764,0.55918,0.63157,0.67501,0.6952,0.69012,0.65631,0.59632,0.5006,0.4048,0.29597,0.23356,0.2137,0.2196,0.29712,0.33527,0.43996,0.48879,0.56176,0.61805,0.63627,0.67437,0.62869,0.64759,0.79785,0.73137,0.77507,0.72076,0.6128,0.47376,0.47706,0.39626,0.62885,0.62877,0.65226,0.64709,0.13516,0.12504
0.21328,0.26032,0.43764,0.55918,0.63157,0.67501,0.6952,0.69012,0.65631,0.59632,0.5006,0.4048,0.29597,0.23356,0.2137,0.2196,0.29712,0.33527,0.43996,0.48879,0.56176,0.61805,0.63627,0.67437,0.62869,0.64759,0.79785,0.73137,0.77507,0.72076,0.6128,0.47376,0.47706,0.39626,0.62885,0.62877,0.65226,0.64709,0.13516,0.12504
0.21747,0.27245,0.45739,0.5496,0.58195,0.58366,0.55625,0.49195,0.37484,0.22023,0.025234,-0.13712,-0.25143,-0.33357,-0.32888,-0.35379,-0.29971,-0.26637,-0.16462,-0.11937,0.0012435,-0.08693,-0.11344,0.15099,0.26154,0.23597,0.17325,0.05245,0.50689,0.54083,0.54688,0.52575,-0.078176,-0.092356,0.50931,0.51726,0.60109,0.59058,0.052757,0.061944
0.21747,0.27245,0.45739,0.5496,0.58195,0.58366,0.55625,0.49195,0.37484,0.22023,0.025234,-0.13712,-0.25143,-0.33357,-0.32888,-0.35379,-0.29971,-0.26637,-0.16462,-0.11937,0.0012435,-0.08693,-0.11344,0.15099,0.26154,0.23597,0.17325,0.05245,0.50689,0.54083,0.54688,0.52575,-0.078176,-0.092356,0.50931,0.51726,0.60109,0.59058,0.052757,0.061944
0.21747,0.27245,0.45739,0.5496,0.58195,0.58366,0.55625,0.49195,0.37484,0.22023,0.025234,-0.13712,-0.25143,-0.33357,-0.32888,-0.35379,-0.29971,-0.26637,-0.16462,-0.11937,0.0012435,-0.08693,-0.11344,0.15099,0.26154,0.23597,0.17325,0.05245,0.50689,0.54083,0.54688,0.52575,-0.078176,-0.092356,0.50931,0.51726,0.60109,0.59058,0.052757,0.061944
0.61602,0.65228,0.77718,0.84809,0.88882,0.91534,0.92748,0.92399,0.9022,0.86801,0.81956,0.78162,0.76723,0.79431,0.82691,0.91408,0.9071,0.97505,0.89775,0.85282,0.72117,0.92401,0.78927,0.6743,0.67656,0.72002,0.49795,0.38147,0.78295,0.82769,0.67989,0.69448,0.26856,0.2708,0.8419,0.84625,0.83971,0.83295,0.36389,0.3766
0.61602,0.65228,0.77718,0.84809,0.88882,0.91534,0.92748,0.92399,0.9022,0.86801,0.81956,0.78162,0.76723,0.79431,0.82691,0.91408,0.9071,0.97505,0.89775,0.85282,0.72117,0.92401,0.78927,0.6743,0.67656,0.72002,0.49795,0.38147,0.78295,0.82769,0.67989,0.69448,0.26856,0.2708,0.8419,0.84625,0.83971,0.83295,0.36389,0.3766
0.61602,0.65228,0.77718,0.84809,0.88882,0.91534,0.92748,0.92399,0.9022,0.86801,0.81956,0.78162,0.76723,0.79431,0.82691,0.91408,0.9071,0.97505,0.89775,0.85282,0.72117,0.92401,0.78927,0.6743,0.67656,0.72002,0.49795,0.38147,0.78295,0.82769,0.67989,0.69448,0.26856,0.2708,0.8419,0.84625,0.83971,0.83295,0.36389,0.3766
0.64858,0.67078,0.76057,0.81784,0.84959,0.86872,0.87238,0.85686,0.82001,0.78306,0.76479,0.76271,0.78822,0.81215,0.84484,0.86448,0.86667,0.8941,0.85562,0.89846,0.85739,0.89783,0.81591,0.82608,0.79384,0.75682,0.39266,0.35012,0.90214,0.90069,0.51343,0.50862,0.82997,0.83165,0.67383,0.67199,0.40185,0.41575,0.84281,0.84334
0.64858,0.67078,0.76057,0.81784,0.84959,0.86872,0.87238,0.85686,0.82001,0.78306,0.76479,0.76271,0.78822,0.81215,0.84484,0.86448,0.86667,0.8941,0.85562,0.89846,0.85739,0.89783,0.81591,0.82608,0.79384,0.75682,0.39266,0.35012,0.90214,0.90069,0.51343,0.50862,0.82997,0.83165,0.67383,0.67199,0.40185,0.41575,0.84281,0.84334
0.64858,0.67078,0.76057,0.81784,0.84959,0.86872,0.87238,0.85686,0.82001,0.78306,0.76479,0.76271,0.78822,0.81215,0.84484,0.86448,0.86667,0.8941,0.85562,0.89846,0.85739,0.89783,0.81591,0.82608,0.79384,0.75682,0.39266,0.35012,0.90214,0.90069,0.51343,0.50862,0.82997,0.83165,0.67383,0.67199,0.40185,0.41575,0.84281,0.84334
0.64858,0.67078,0.76057,0.81784,0.84959,0.86872,0.87238,0.85686,0.82001,0.78306,0.76479,0.76271,0.78822,0.81215,0.84484,0.86448,0.86667,0.8941,0.85562,0.89846,0.85739,0.89783,0.81591,0.82608,0.79384,0.75682,0.39266,0.35012,0.90214,0.90069,0.51343,0.50862,0.82997,0.83165,0.67383,0.67199,0.40185,0.41575,0.84281,0.84334
