-0.0002742,-0.00038124,-0.0011195,-0.0021898,-0.0031091,-0.0022574,0.0026339,0.012993,0.027635,0.046131,0.065888,0.087606,0.10854,0.1307,0.15099,0.17211,0.19078,0.20986,0.2263,0.24275,0.25666,0.27028,0.28167,0.29263,0.30173,0.31038,0.31794,0.32435,0.33032,0.33539,0.3402,0.34428,0.34832,0.35172,0.35529,0.35826,0.36159,0.36433,0.3676,0.37024
-0.0010916,-0.0014589,0.0054878,0.042549,0.093474,0.14411,0.18942,0.22888,0.26162,0.28894,0.31044,0.32765,0.3407,0.35083,0.35844,0.36457,0.36931,0.3739,0.37767,0.38229,0.3862,0.39163,0.39622,0.40272,0.40816,0.41582,0.42395,0.43106,0.44039,0.44846,0.45897,0.46796,0.47961,0.48947,0.50204,0.51263,0.52596,0.53713,0.55093,0.56247
-0.002448,-0.0019995,0.031716,0.095697,0.15642,0.21103,0.25639,0.2919,0.31831,0.3382,0.35319,0.36609,0.37685,0.38819,0.39829,0.41021,0.42094,0.43425,0.44616,0.4613,0.47468,0.49187,0.50681,0.52575,0.54199,0.56214,0.58215,0.59979,0.61982,0.63732,0.65661,0.67339,0.69137,0.70698,0.72327,0.73742,0.75188,0.76446,0.77711,0.78815
-0.0043378,-0.0029808,0.064982,0.16924,0.24273,0.29152,0.32118,0.33771,0.34687,0.35379,0.36011,0.3696,0.38007,0.39586,0.41209,0.43449,0.45602,0.48355,0.50875,0.53896,0.56573,0.59613,0.62253,0.651,0.67546,0.7007,0.72353,0.7437,0.76292,0.77985,0.79582,0.80987,0.82309,0.83476,0.84584,0.85564,0.86499,0.87334,0.88129,0.88847
-0.0068396,-0.0050504,0.088872,0.21826,0.29302,0.3369,0.36594,0.38985,0.41169,0.43513,0.45834,0.48492,0.51092,0.54113,0.56962,0.60209,0.63149,0.66362,0.69176,0.72095,0.74592,0.77061,0.79141,0.81131,0.82799,0.84383,0.85771,0.86973,0.8809,0.89065,0.89969,0.90772,0.91518,0.9219,0.92808,0.93376,0.93892,0.94377,0.94803,0.95218
0.17729,0.19136,0.25228,0.29993,0.32599,0.34508,0.36441,0.38704,0.4113,0.44009,0.46987,0.5048,0.53907,0.57693,0.61197,0.64775,0.67938,0.7094,0.7352,0.75866,0.7786,0.79672,0.81211,0.82658,0.83893,0.85086,0.86162,0.8712,0.88027,0.88851,0.89616,0.90327,0.90978,0.91597,0.92144,0.9268,0.93143,0.93609,0.94003,0.94406
-0.013134,0.01522,0.13076,0.208,0.2517,0.28885,0.32569,0.36396,0.40245,0.44498,0.48762,0.53398,0.57765,0.62112,0.6595,0.69477,0.72477,0.75167,0.77437,0.7953,0.81314,0.83018,0.84495,0.85912,0.87166,0.88334,0.89375,0.90354,0.91206,0.92028,0.92713,0.93394,0.93946,0.94502,0.94944,0.95393,0.95757,0.9612,0.96414,0.9671
-0.016702,-0.00095134,0.11319,0.23332,0.31697,0.38314,0.43937,0.49304,0.54527,0.60026,0.65252,0.70407,0.74916,0.78912,0.82189,0.84871,0.87019,0.8877,0.90184,0.91392,0.92387,0.93288,0.94043,0.94739,0.95338,0.9589,0.96376,0.96816,0.97208,0.97563,0.9787,0.98148,0.98402,0.98621,0.98816,0.98986,0.99121,0.99244,0.9934,0.99424
0.17215,0.1994,0.30977,0.37449,0.40757,0.43858,0.47301,0.51301,0.55579,0.60226,0.64698,0.69027,0.72821,0.76196,0.79031,0.81515,0.83609,0.85469,0.87071,0.88487,0.89743,0.90833,0.91833,0.92675,0.93479,0.94141,0.94732,0.95309,0.9578,0.96245,0.96618,0.96994,0.97277,0.97579,0.97798,0.98039,0.98221,0.98418,0.98571,0.98733
-0.027603,-0.00033929,0.14599,0.28176,0.38235,0.46785,0.54447,0.61782,0.68533,0.74696,0.79842,0.8397,0.87155,0.89559,0.91394,0.92826,0.93954,0.9488,0.95643,0.96293,0.96847,0.97327,0.97743,0.98096,0.98398,0.98678,0.98913,0.99108,0.99256,0.99382,0.99498,0.99579,0.99658,0.99705,0.99766,0.9979,0.99825,0.99825,0.99842,0.99814
0.38695,0.38304,0.39159,0.44245,0.49858,0.55046,0.60168,0.65506,0.70592,0.75135,0.78867,0.8189,0.84298,0.86356,0.88064,0.89598,0.90915,0.92079,0.9311,0.93978,0.94774,0.95418,0.96023,0.96501,0.96957,0.97314,0.97615,0.97916,0.98142,0.98372,0.98556,0.98739,0.98874,0.99016,0.99119,0.9922,0.99327,0.99408,0.99482,0.99541
0.14675,0.17895,0.2666,0.31378,0.36781,0.43651,0.51269,0.5888,0.65696,0.71363,0.75862,0.7938,0.82151,0.84389,0.8623,0.87752,0.89076,0.90185,0.91206,0.92084,0.9292,0.93648,0.94358,0.94964,0.95578,0.96056,0.96492,0.96965,0.97316,0.97708,0.97975,0.98283,0.98493,0.98725,0.9888,0.99044,0.99137,0.99229,0.99274,0.99284
0.13406,0.16222,0.23706,0.28042,0.33991,0.42193,0.51393,0.60309,0.68007,0.74122,0.78845,0.82432,0.85221,0.87385,0.89141,0.90503,0.91667,0.92574,0.93388,0.9405,0.94655,0.95173,0.95659,0.96048,0.96443,0.96778,0.97085,0.97406,0.97641,0.97903,0.98124,0.98345,0.98544,0.98737,0.98788,0.98879,0.98983,0.99007,0.99092,0.99037
0.13619,0.18523,0.35472,0.46256,0.55892,0.65844,0.74745,0.81887,0.87141,0.90784,0.93282,0.94956,0.96121,0.96921,0.97504,0.97944,0.98275,0.98565,0.98781,0.98997,0.99155,0.99299,0.99408,0.99519,0.99599,0.99667,0.99716,0.9975,0.99806,0.9983,0.99834,0.99818,0.99876,0.99859,0.99866,0.99814,0.99805,0.99684,0.9975,0.99575
0.14228,0.15651,0.27498,0.38908,0.47377,0.55734,0.63485,0.70006,0.75187,0.79522,0.83128,0.86259,0.88921,0.91118,0.92979,0.94426,0.95637,0.96549,0.97298,0.97843,0.98284,0.9863,0.98891,0.99107,0.99249,0.994,0.99532,0.99599,0.99667,0.99685,0.99733,0.99705,0.997,0.99572,0.9964,0.99427,0.99688,0.99501,0.99335,0.98799
0.32468,0.31984,0.35644,0.42955,0.5072,0.59203,0.66924,0.72985,0.77489,0.81045,0.83925,0.86394,0.88518,0.9029,0.91856,0.93111,0.94244,0.9512,0.95939,0.96537,0.97131,0.97564,0.98009,0.98303,0.98614,0.98839,0.99031,0.99203,0.99303,0.99374,0.99466,0.9946,0.99488,0.99349,0.99454,0.99191,0.99584,0.99369,0.99364,0.98862
0.31474,0.32499,0.37451,0.46573,0.58592,0.70103,0.7902,0.85012,0.8889,0.91477,0.93314,0.94631,0.9565,0.96381,0.96972,0.97407,0.9777,0.98037,0.98273,0.98477,0.98661,0.98805,0.98944,0.9908,0.99199,0.99281,0.99354,0.99406,0.99454,0.99434,0.99456,0.99314,0.9954,0.994,0.99224,0.98677,0.99184,0.98579,0.98429,0.97171
0.28226,0.28321,0.31882,0.42125,0.54863,0.66693,0.76117,0.82839,0.87444,0.90507,0.92675,0.94197,0.95408,0.96324,0.97108,0.97697,0.98222,0.98574,0.98908,0.99131,0.99337,0.99471,0.9958,0.99678,0.99729,0.99759,0.99821,0.99807,0.99831,0.99747,0.99773,0.99585,0.99855,0.99722,0.99534,0.99021,0.99353,0.98671,0.98272,0.96726
0.42625,0.42662,0.45082,0.54612,0.66221,0.76451,0.84446,0.90088,0.93812,0.95984,0.97273,0.97969,0.98401,0.98693,0.98904,0.99075,0.99219,0.99339,0.99449,0.99526,0.99592,0.99672,0.99714,0.99748,0.99738,0.99763,0.99794,0.99707,0.99788,0.99632,0.9959,0.99156,0.99641,0.99253,0.9885,0.97712,0.98105,0.96633,0.97687,0.96261
0.42625,0.42662,0.45082,0.54612,0.66221,0.76451,0.84446,0.90088,0.93812,0.95984,0.97273,0.97969,0.98401,0.98693,0.98904,0.99075,0.99219,0.99339,0.99449,0.99526,0.99592,0.99672,0.99714,0.99748,0.99738,0.99763,0.99794,0.99707,0.99788,0.99632,0.9959,0.99156,0.99641,0.99253,0.9885,0.97712,0.98105,0.96633,0.97687,0.96261
0.099558,0.13863,0.32042,0.47963,0.58868,0.67392,0.74682,0.80784,0.85626,0.89003,0.91423,0.92899,0.93951,0.94618,0.95147,0.95573,0.9596,0.96314,0.9668,0.96936,0.97235,0.97467,0.9769,0.97741,0.97646,0.97896,0.98082,0.97711,0.97685,0.96402,0.9786,0.96744,0.96871,0.94645,0.95298,0.92158,0.86112,0.79562,0.79418,0.71756
0.29941,0.31417,0.41678,0.56492,0.68609,0.76459,0.81607,0.85461,0.88528,0.90919,0.92848,0.94273,0.9544,0.96287,0.97031,0.97577,0.9809,0.98468,0.98826,0.99028,0.99197,0.99328,0.99314,0.99392,0.99108,0.99485,0.99695,0.99429,0.99306,0.98292,0.99282,0.98353,0.97282,0.94951,0.95008,0.9206,0.89074,0.841,0.84673,0.78839
0.29941,0.31417,0.41678,0.56492,0.68609,0.76459,0.81607,0.85461,0.88528,0.90919,0.92848,0.94273,0.9544,0.96287,0.97031,0.97577,0.9809,0.98468,0.98826,0.99028,0.99197,0.99328,0.99314,0.99392,0.99108,0.99485,0.99695,0.99429,0.99306,0.98292,0.99282,0.98353,0.97282,0.94951,0.95008,0.9206,0.89074,0.841,0.84673,0.78839
0.29941,0.31417,0.41678,0.56492,0.68609,0.76459,0.81607,0.85461,0.88528,0.90919,0.92848,0.94273,0.9544,0.96287,0.97031,0.97577,0.9809,0.98468,0.98826,0.99028,0.99197,0.99328,0.99314,0.99392,0.99108,0.99485,0.99695,0.99429,0.99306,0.98292,0.99282,0.98353,0.97282,0.94951,0.95008,0.9206,0.89074,0.841,0.84673,0.78839
0.2884,0.31911,0.48002,0.65893,0.78004,0.84944,0.89145,0.91979,0.93983,0.95393,0.96412,0.97151,0.97693,0.98111,0.98424,0.98666,0.98862,0.99004,0.99125,0.99172,0.99127,0.99241,0.99002,0.99262,0.98875,0.98556,0.99303,0.98647,0.98728,0.97326,0.9345,0.89216,0.9109,0.88157,0.75189,0.73979,0.58994,0.64692,0.86052,0.8711
0.2884,0.31911,0.48002,0.65893,0.78004,0.84944,0.89145,0.91979,0.93983,0.95393,0.96412,0.97151,0.97693,0.98111,0.98424,0.98666,0.98862,0.99004,0.99125,0.99172,0.99127,0.99241,0.99002,0.99262,0.98875,0.98556,0.99303,0.98647,0.98728,0.97326,0.9345,0.89216,0.9109,0.88157,0.75189,0.73979,0.58994,0.64692,0.86052,0.8711
0.46578,0.46069,0.54062,0.69903,0.81022,0.87443,0.91381,0.93993,0.95852,0.97121,0.98055,0.98649,0.99098,0.99378,0.99581,0.99717,0.99792,0.99858,0.99856,0.99866,0.99714,0.99899,0.99723,0.99802,0.99376,0.99133,0.99405,0.98529,0.98843,0.97538,0.94209,0.89935,0.88267,0.82129,0.61921,0.57775,0.53579,0.61752,0.84797,0.85871
0.46578,0.46069,0.54062,0.69903,0.81022,0.87443,0.91381,0.93993,0.95852,0.97121,0.98055,0.98649,0.99098,0.99378,0.99581,0.99717,0.99792,0.99858,0.99856,0.99866,0.99714,0.99899,0.99723,0.99802,0.99376,0.99133,0.99405,0.98529,0.98843,0.97538,0.94209,0.89935,0.88267,0.82129,0.61921,0.57775,0.53579,0.61752,0.84797,0.85871
0.50802,0.50536,0.60569,0.76392,0.85953,0.90785,0.93167,0.94405,0.95144,0.95694,0.9618,0.96609,0.97085,0.97462,0.97878,0.98144,0.98239,0.98574,0.98229,0.98721,0.97719,0.99123,0.98236,0.97386,0.93854,0.88366,0.80611,0.69062,0.52342,0.4952,0.77729,0.80498,0.8341,0.84081,0.65907,0.66053,0.35514,0.34644,0.65844,0.67172
0.50802,0.50536,0.60569,0.76392,0.85953,0.90785,0.93167,0.94405,0.95144,0.95694,0.9618,0.96609,0.97085,0.97462,0.97878,0.98144,0.98239,0.98574,0.98229,0.98721,0.97719,0.99123,0.98236,0.97386,0.93854,0.88366,0.80611,0.69062,0.52342,0.4952,0.77729,0.80498,0.8341,0.84081,0.65907,0.66053,0.35514,0.34644,0.65844,0.67172
0.50802,0.50536,0.60569,0.76392,0.85953,0.90785,0.93167,0.94405,0.95144,0.95694,0.9618,0.96609,0.97085,0.97462,0.97878,0.98144,0.98239,0.98574,0.98229,0.98721,0.97719,0.99123,0.98236,0.97386,0.93854,0.88366,0.80611,0.69062,0.52342,0.4952,0.77729,0.80498,0.8341,0.84081,0.65907,0.66053,0.35514,0.34644,0.65844,0.67172
0.50802,0.50536,0.60569,0.76392,0.85953,0.90785,0.93167,0.94405,0.95144,0.95694,0.9618,0.96609,0.97085,0.97462,0.97878,0.98144,0.98239,0.98574,0.98229,0.98721,0.97719,0.99123,0.98236,0.97386,0.93854,0.88366,0.80611,0.69062,0.52342,0.4952,0.77729,0.80498,0.8341,0.84081,0.65907,0.66053,0.35514,0.34644,0.65844,0.67172
0.50802,0.50536,0.60569,0.76392,0.85953,0.90785,0.93167,0.94405,0.95144,0.95694,0.9618,0.96609,0.97085,0.97462,0.97878,0.98144,0.98239,0.98574,0.98229,0.98721,0.97719,0.99123,0.98236,0.97386,0.93854,0.88366,0.80611,0.69062,0.52342,0.4952,0.77729,0.80498,0.8341,0.84081,0.65907,0.66053,0.35514,0.34644,0.65844,0.67172
0.50802,0.50536,0.60569,0.76392,0.85953,0.90785,0.93167,0.94405,0.95144,0.95694,0.9618,0.96609,0.97085,0.97462,0.97878,0.98144,0.98239,0.98574,0.98229,0.98721,0.97719,0.99123,0.98236,0.97386,0.93854,0.88366,0.80611,0.69062,0.52342,0.4952,0.77729,0.80498,0.8341,0.84081,0.65907,0.66053,0.35514,0.34644,0.65844,0.67172
0.50802,0.50536,0.60569,0.76392,0.85953,0.90785,0.93167,0.94405,0.95144,0.95694,0.9618,0.96609,0.97085,0.97462,0.97878,0.98144,0.98239,0.98574,0.98229,0.98721,0.97719,0.99123,0.98236,0.97386,0.93854,0.88366,0.80611,0.69062,0.52342,0.4952,0.77729,0.80498,0.8341,0.84081,0.65907,0.66053,0.35514,0.34644,0.65844,0.67172
0.21738,0.23669,0.45321,0.70827,0.84776,0.90971,0.94143,0.96213,0.97718,0.9865,0.99265,0.99596,0.99767,0.99876,0.99859,0.99932,0.99769,0.99906,0.99573,0.99558,0.9834,0.99242,0.97716,0.97795,0.94868,0.83517,0.77927,0.56093,0.27126,0.21461,0.58645,0.64778,0.68515,0.70656,0.56473,0.56746,-0.098427,-0.10958,0.3283,0.35043
0.26355,0.31813,0.53184,0.73679,0.86822,0.92624,0.95063,0.96472,0.97537,0.98274,0.98847,0.99212,0.99406,0.99592,0.99319,0.99765,0.99181,0.9982,0.99134,0.93926,0.8614,0.81032,0.6969,0.78219,0.82427,0.65021,0.7888,0.78988,0.75846,0.75518,0.56789,0.58364,0.79222,0.79438,0.87954,0.87747,0.45023,0.45519,0.71304,0.71762
0.26355,0.31813,0.53184,0.73679,0.86822,0.92624,0.95063,0.96472,0.97537,0.98274,0.98847,0.99212,0.99406,0.99592,0.99319,0.99765,0.99181,0.9982,0.99134,0.93926,0.8614,0.81032,0.6969,0.78219,0.82427,0.65021,0.7888,0.78988,0.75846,0.75518,0.56789,0.58364,0.79222,0.79438,0.87954,0.87747,0.45023,0.45519,0.71304,0.71762
0.26355,0.31813,0.53184,0.73679,0.86822,0.92624,0.95063,0.96472,0.97537,0.98274,0.98847,0.99212,0.99406,0.99592,0.99319,0.99765,0.99181,0.9982,0.99134,0.93926,0.8614,0.81032,0.6969,0.78219,0.82427,0.65021,0.7888,0.78988,0.75846,0.75518,0.56789,0.58364,0.79222,0.79438,0.87954,0.87747,0.45023,0.45519,0.71304,0.71762
0.26355,0.31813,0.53184,0.73679,0.86822,0.92624,0.95063,0.96472,0.97537,0.98274,0.98847,0.99212,0.99406,0.99592,0.99319,0.99765,0.99181,0.9982,0.99134,0.93926,0.8614,0.81032,0.6969,0.78219,0.82427,0.65021,0.7888,0.78988,0.75846,0.75518,0.56789,0.58364,0.79222,0.79438,0.87954,0.87747,0.45023,0.45519,0.71304,0.71762
