-6.4575e-05,-8.9759e-05,-0.00026235,-0.0005097,-0.00079319,-0.0011335,-0.0015268,-0.0019871,-0.0024872,-0.003067,-0.0036662,-0.0043642,-0.0050564,-0.0058703,-0.0066499,-0.007576,-0.0084368,-0.0094702,-0.010406,-0.01154,-0.012543,-0.013772,-0.014836,-0.016153,-0.017272,-0.018671,-0.020089,-0.021319,-0.022813,-0.024089,-0.025659,-0.02698,-0.028625,-0.02999,-0.031711,-0.033121,-0.034918,-0.036373,-0.038246,-0.039746
-0.00027002,-0.00037397,-0.0010716,-0.0020519,-0.003172,-0.004511,-0.0060462,-0.0078254,-0.0097316,-0.011912,-0.01412,-0.016649,-0.019095,-0.021928,-0.024567,-0.027683,-0.030497,-0.033892,-0.036879,-0.04055,-0.0437,-0.047552,-0.050789,-0.054654,-0.057847,-0.06151,-0.064878,-0.067754,-0.070631,-0.07309,-0.075301,-0.077241,-0.078724,-0.080088,-0.080832,-0.081605,-0.081652,-0.081854,-0.081282,-0.080963
-0.00059759,-0.00082576,-0.0023522,-0.0044939,-0.0069239,-0.0097823,-0.012985,-0.016614,-0.020404,-0.024686,-0.028941,-0.033847,-0.038532,-0.044034,-0.04907,-0.05486,-0.05993,-0.065412,-0.070049,-0.074527,-0.078269,-0.081325,-0.083893,-0.085427,-0.086751,-0.086896,-0.086485,-0.086084,-0.084745,-0.083525,-0.081609,-0.079861,-0.077744,-0.075774,-0.07382,-0.071925,-0.070456,-0.068897,-0.068192,-0.067188
-0.0010116,-0.0013995,-0.0040139,-0.0077319,-0.011934,-0.016785,-0.022117,-0.028092,-0.034267,-0.04111,-0.047654,-0.054285,-0.059988,-0.064825,-0.06858,-0.070664,-0.07197,-0.071167,-0.070075,-0.066891,-0.063871,-0.059163,-0.05493,-0.049676,-0.045026,-0.04017,-0.036026,-0.032171,-0.029499,-0.02688,-0.026161,-0.025134,-0.026664,-0.02744,-0.031359,-0.034034,-0.040343,-0.044924,-0.053518,-0.059946
-0.0015762,-0.0021849,-0.0062055,-0.0117,-0.017773,-0.024727,-0.032354,-0.040937,-0.049718,-0.058924,-0.067276,-0.074609,-0.080441,-0.084154,-0.086528,-0.086669,-0.085992,-0.08374,-0.081177,-0.078145,-0.075097,-0.072853,-0.070582,-0.070372,-0.069813,-0.072448,-0.076712,-0.080072,-0.08758,-0.09359,-0.10428,-0.11289,-0.12644,-0.13744,-0.15345,-0.16657,-0.18451,-0.19942,-0.21874,-0.2351
-0.0023838,-0.0032944,-0.0091591,-0.016667,-0.024485,-0.033221,-0.042556,-0.052093,-0.060582,-0.06701,-0.071225,-0.071922,-0.070766,-0.066376,-0.061208,-0.054368,-0.047732,-0.041491,-0.035879,-0.032665,-0.029863,-0.031147,-0.032132,-0.038505,-0.043609,-0.054946,-0.06824,-0.079739,-0.09687,-0.11166,-0.13175,-0.14923,-0.17149,-0.1911,-0.21487,-0.23613,-0.26079,-0.28326,-0.308,-0.33115
-0.0030539,-0.0042091,-0.011487,-0.020712,-0.030581,-0.041934,-0.054218,-0.06634,-0.076616,-0.083555,-0.087506,-0.087766,-0.086,-0.082446,-0.078289,-0.075113,-0.072162,-0.072822,-0.073605,-0.08006,-0.085802,-0.09866,-0.10963,-0.12843,-0.14426,-0.16796,-0.19281,-0.21509,-0.24272,-0.26765,-0.29696,-0.32372,-0.35359,-0.38137,-0.41083,-0.43883,-0.46738,-0.49494,-0.52205,-0.54866
-0.0037978,-0.0052731,-0.014906,-0.027167,-0.039674,-0.052546,-0.063664,-0.069947,-0.071285,-0.06626,-0.058222,-0.047273,-0.036515,-0.027366,-0.019989,-0.017666,-0.016874,-0.023454,-0.030292,-0.045849,-0.060094,-0.0834,-0.10406,-0.13304,-0.15866,-0.19118,-0.22374,-0.25443,-0.28753,-0.31929,-0.35162,-0.38315,-0.4136,-0.44385,-0.47137,-0.49942,-0.52344,-0.54862,-0.56886,-0.59073
-0.0048559,-0.0067315,-0.018563,-0.033365,-0.047827,-0.059295,-0.064525,-0.061321,-0.052006,-0.037514,-0.021765,-0.0068568,0.0057258,0.012491,0.016228,0.011054,0.0042431,-0.012722,-0.029234,-0.055625,-0.079918,-0.11277,-0.14282,-0.1798,-0.21404,-0.25298,-0.29102,-0.32883,-0.36649,-0.40449,-0.44009,-0.4768,-0.50911,-0.54321,-0.57128,-0.60171,-0.62504,-0.65109,-0.66939,-0.69071
-0.0058785,-0.0081699,-0.022735,-0.040483,-0.058588,-0.076322,-0.090144,-0.097865,-0.10035,-0.10005,-0.098749,-0.10102,-0.1048,-0.11653,-0.12928,-0.1518,-0.17337,-0.20447,-0.23277,-0.26871,-0.30101,-0.33836,-0.37221,-0.40842,-0.44184,-0.47498,-0.50563,-0.5355,-0.56177,-0.5879,-0.60948,-0.63139,-0.64839,-0.66606,-0.67886,-0.69257,-0.7022,-0.71264,-0.71984,-0.72773
-0.0079886,-0.010889,-0.027859,-0.046048,-0.056785,-0.056502,-0.046805,-0.031305,-0.014464,-0.00085251,0.0090844,0.010492,0.0081225,-0.0048933,-0.019541,-0.045003,-0.069626,-0.1034,-0.13474,-0.17234,-0.20716,-0.24444,-0.27964,-0.31387,-0.34703,-0.3762,-0.40206,-0.42863,-0.44867,-0.46991,-0.48423,-0.50008,-0.50945,-0.52042,-0.52611,-0.53318,-0.53612,-0.54028,-0.5418,-0.54405
-0.0089227,-0.012208,-0.031001,-0.053257,-0.072299,-0.084222,-0.088372,-0.087589,-0.084883,-0.08623,-0.090618,-0.10488,-0.1218,-0.14951,-0.17712,-0.21317,-0.24711,-0.28595,-0.32234,-0.35973,-0.39537,-0.42895,-0.46159,-0.48949,-0.51743,-0.53901,-0.55746,-0.57664,-0.58946,-0.60319,-0.6116,-0.62083,-0.62589,-0.63168,-0.63491,-0.63842,-0.64046,-0.64247,-0.64421,-0.64537
-0.011303,-0.014855,-0.03468,-0.055861,-0.067413,-0.06419,-0.049392,-0.030077,-0.013147,-0.0053347,-0.0053074,-0.019557,-0.03953,-0.073162,-0.1087,-0.1543,-0.19949,-0.24974,-0.29899,-0.34816,-0.39664,-0.44017,-0.48385,-0.51896,-0.55508,-0.58074,-0.60232,-0.62497,-0.63906,-0.65422,-0.66249,-0.67179,-0.67675,-0.6821,-0.68514,-0.68798,-0.69038,-0.69178,-0.69347,-0.69384
-0.010236,-0.013955,-0.035698,-0.055216,-0.057779,-0.0448,-0.023587,-0.003721,0.0099965,0.01046,0.0021703,-0.022166,-0.051879,-0.095818,-0.1413,-0.19627,-0.25059,-0.30801,-0.36432,-0.41738,-0.46991,-0.5141,-0.5587,-0.59199,-0.62647,-0.64894,-0.66777,-0.68724,-0.69888,-0.71108,-0.7183,-0.72552,-0.73042,-0.73451,-0.73844,-0.74074,-0.74372,-0.74475,-0.74818,-0.74876
-0.013386,-0.017795,-0.04341,-0.074064,-0.098593,-0.11204,-0.11709,-0.1218,-0.13007,-0.14877,-0.17223,-0.2065,-0.24177,-0.283,-0.32304,-0.36345,-0.40242,-0.43735,-0.47125,-0.49794,-0.52438,-0.54234,-0.5607,-0.57098,-0.58211,-0.5872,-0.59083,-0.59475,-0.5962,-0.59769,-0.59821,-0.59851,-0.59858,-0.59825,-0.59853,-0.59799,-0.59837,-0.59783,-0.5983,-0.59792
-0.01358,-0.018247,-0.044575,-0.070538,-0.082137,-0.081183,-0.075716,-0.076695,-0.085716,-0.10968,-0.13994,-0.18278,-0.22663,-0.27641,-0.324,-0.37011,-0.41335,-0.4496,-0.48369,-0.50836,-0.53192,-0.54623,-0.56034,-0.56759,-0.57496,-0.57812,-0.58065,-0.58286,-0.58419,-0.58509,-0.58577,-0.586,-0.58676,-0.5868,-0.58743,-0.58749,-0.58769,-0.58775,-0.58699,-0.58652
-0.017929,-0.024426,-0.056976,-0.078264,-0.079629,-0.073729,-0.070877,-0.079695,-0.097277,-0.12809,-0.16226,-0.20202,-0.24042,-0.27561,-0.30843,-0.3328,-0.35549,-0.36845,-0.38069,-0.38463,-0.38857,-0.38739,-0.38651,-0.3834,-0.38075,-0.37752,-0.37462,-0.37227,-0.36965,-0.3678,-0.36589,-0.36464,-0.36281,-0.36193,-0.3599,-0.35893,-0.35695,-0.35539,-0.35357,-0.35061
-0.017929,-0.024426,-0.056976,-0.078264,-0.079629,-0.073729,-0.070877,-0.079695,-0.097277,-0.12809,-0.16226,-0.20202,-0.24042,-0.27561,-0.30843,-0.3328,-0.35549,-0.36845,-0.38069,-0.38463,-0.38857,-0.38739,-0.38651,-0.3834,-0.38075,-0.37752,-0.37462,-0.37227,-0.36965,-0.3678,-0.36589,-0.36464,-0.36281,-0.36193,-0.3599,-0.35893,-0.35695,-0.35539,-0.35357,-0.35061
-0.019122,-0.025717,-0.050913,-0.047624,-0.026303,-0.0072628,-0.0011565,-0.016115,-0.046961,-0.098173,-0.157,-0.22463,-0.2913,-0.35322,-0.41095,-0.45618,-0.49755,-0.52477,-0.54954,-0.56294,-0.57525,-0.58076,-0.58588,-0.58798,-0.58973,-0.59086,-0.59195,-0.59215,-0.59296,-0.59302,-0.59341,-0.59349,-0.59271,-0.59213,-0.59083,-0.58872,-0.5889,-0.58533,-0.58838,-0.58447
-0.02196,-0.028337,-0.041526,-0.012613,0.036727,0.074277,0.089018,0.075983,0.043408,-0.0095201,-0.070141,-0.13329,-0.19491,-0.24583,-0.29259,-0.32512,-0.35455,-0.37259,-0.3895,-0.39985,-0.41059,-0.41884,-0.42818,-0.43602,-0.44574,-0.45422,-0.46296,-0.47442,-0.48268,-0.49496,-0.50386,-0.51691,-0.52495,-0.53735,-0.54671,-0.55836,-0.56913,-0.58046,-0.5835,-0.58821
-0.021157,-0.029634,-0.074529,-0.11458,-0.13442,-0.14968,-0.17275,-0.21145,-0.25932,-0.31543,-0.37267,-0.42629,-0.47718,-0.51667,-0.55275,-0.57526,-0.59526,-0.60479,-0.61302,-0.61548,-0.61755,-0.61774,-0.61766,-0.61725,-0.61645,-0.61658,-0.61631,-0.6159,-0.61487,-0.61398,-0.61301,-0.61108,-0.61075,-0.60714,-0.60913,-0.6042,-0.61195,-0.60917,-0.60951,-0.60321
-0.021157,-0.029634,-0.074529,-0.11458,-0.13442,-0.14968,-0.17275,-0.21145,-0.25932,-0.31543,-0.37267,-0.42629,-0.47718,-0.51667,-0.55275,-0.57526,-0.59526,-0.60479,-0.61302,-0.61548,-0.61755,-0.61774,-0.61766,-0.61725,-0.61645,-0.61658,-0.61631,-0.6159,-0.61487,-0.61398,-0.61301,-0.61108,-0.61075,-0.60714,-0.60913,-0.6042,-0.61195,-0.60917,-0.60951,-0.60321
-0.026925,-0.036656,-0.079439,-0.092398,-0.092655,-0.10956,-0.14921,-0.21167,-0.28413,-0.36248,-0.43813,-0.50628,-0.56769,-0.61504,-0.65598,-0.68343,-0.70639,-0.72101,-0.73269,-0.74113,-0.74707,-0.75286,-0.75609,-0.76037,-0.76236,-0.76518,-0.76638,-0.76689,-0.76704,-0.76554,-0.7672,-0.76451,-0.76884,-0.76708,-0.76706,-0.76214,-0.75338,-0.73454,-0.74125,-0.71588
-0.026925,-0.036656,-0.079439,-0.092398,-0.092655,-0.10956,-0.14921,-0.21167,-0.28413,-0.36248,-0.43813,-0.50628,-0.56769,-0.61504,-0.65598,-0.68343,-0.70639,-0.72101,-0.73269,-0.74113,-0.74707,-0.75286,-0.75609,-0.76037,-0.76236,-0.76518,-0.76638,-0.76689,-0.76704,-0.76554,-0.7672,-0.76451,-0.76884,-0.76708,-0.76706,-0.76214,-0.75338,-0.73454,-0.74125,-0.71588
-0.031864,-0.042043,-0.075515,-0.068041,-0.054104,-0.06771,-0.11027,-0.17574,-0.24863,-0.3182,-0.3809,-0.42904,-0.46944,-0.49627,-0.51901,-0.53411,-0.54836,-0.55991,-0.57213,-0.58311,-0.59578,-0.6073,-0.62159,-0.63228,-0.64748,-0.65825,-0.66952,-0.68418,-0.69497,-0.70858,-0.71447,-0.72139,-0.72406,-0.71749,-0.72778,-0.70915,-0.72905,-0.70226,-0.69916,-0.64627
-0.032508,-0.041347,-0.047462,-0.011542,0.015118,0.0081243,-0.029697,-0.090561,-0.15888,-0.22058,-0.27397,-0.30866,-0.33437,-0.34517,-0.35139,-0.35116,-0.34996,-0.3474,-0.34537,-0.34304,-0.3417,-0.33995,-0.3395,-0.33648,-0.33495,-0.33288,-0.33435,-0.33218,-0.33593,-0.33524,-0.33608,-0.33343,-0.3239,-0.30618,-0.32465,-0.31286,-0.35539,-0.36969,-0.28299,-0.25017
-0.032508,-0.041347,-0.047462,-0.011542,0.015118,0.0081243,-0.029697,-0.090561,-0.15888,-0.22058,-0.27397,-0.30866,-0.33437,-0.34517,-0.35139,-0.35116,-0.34996,-0.3474,-0.34537,-0.34304,-0.3417,-0.33995,-0.3395,-0.33648,-0.33495,-0.33288,-0.33435,-0.33218,-0.33593,-0.33524,-0.33608,-0.33343,-0.3239,-0.30618,-0.32465,-0.31286,-0.35539,-0.36969,-0.28299,-0.25017
-0.032508,-0.041347,-0.047462,-0.011542,0.015118,0.0081243,-0.029697,-0.090561,-0.15888,-0.22058,-0.27397,-0.30866,-0.33437,-0.34517,-0.35139,-0.35116,-0.34996,-0.3474,-0.34537,-0.34304,-0.3417,-0.33995,-0.3395,-0.33648,-0.33495,-0.33288,-0.33435,-0.33218,-0.33593,-0.33524,-0.33608,-0.33343,-0.3239,-0.30618,-0.32465,-0.31286,-0.35539,-0.36969,-0.28299,-0.25017
-0.031416,-0.02896,-0.018593,0.012634,0.032857,0.026482,0.0027472,-0.021783,-0.04044,-0.048222,-0.052588,-0.054145,-0.057497,-0.064142,-0.074797,-0.088981,-0.10861,-0.12745,-0.15432,-0.17566,-0.20794,-0.23065,-0.2667,-0.28885,-0.32526,-0.34618,-0.36526,-0.38796,-0.40111,-0.40093,-0.42736,-0.40818,-0.41861,-0.35668,-0.40431,-0.31645,-0.45093,-0.37915,-0.54949,-0.48814
-0.038971,-0.054732,-0.11504,-0.14024,-0.16043,-0.1938,-0.22993,-0.25557,-0.27007,-0.2692,-0.2624,-0.24755,-0.23293,-0.21689,-0.2037,-0.19168,-0.18278,-0.17466,-0.16924,-0.16381,-0.16029,-0.15687,-0.15342,-0.15334,-0.14963,-0.15342,-0.1536,-0.15042,-0.14943,-0.14112,-0.15193,-0.14933,-0.14535,-0.1373,-0.09126,-0.055191,-0.060848,-0.027772,-0.040079,-0.00063496
-0.038971,-0.054732,-0.11504,-0.14024,-0.16043,-0.1938,-0.22993,-0.25557,-0.27007,-0.2692,-0.2624,-0.24755,-0.23293,-0.21689,-0.2037,-0.19168,-0.18278,-0.17466,-0.16924,-0.16381,-0.16029,-0.15687,-0.15342,-0.15334,-0.14963,-0.15342,-0.1536,-0.15042,-0.14943,-0.14112,-0.15193,-0.14933,-0.14535,-0.1373,-0.09126,-0.055191,-0.060848,-0.027772,-0.040079,-0.00063496
-0.038971,-0.054732,-0.11504,-0.14024,-0.16043,-0.1938,-0.22993,-0.25557,-0.27007,-0.2692,-0.2624,-0.24755,-0.23293,-0.21689,-0.2037,-0.19168,-0.18278,-0.17466,-0.16924,-0.16381,-0.16029,-0.15687,-0.15342,-0.15334,-0.14963,-0.15342,-0.1536,-0.15042,-0.14943,-0.14112,-0.15193,-0.14933,-0.14535,-0.1373,-0.09126,-0.055191,-0.060848,-0.027772,-0.040079,-0.00063496
-0.038971,-0.054732,-0.11504,-0.14024,-0.16043,-0.1938,-0.22993,-0.25557,-0.27007,-0.2692,-0.2624,-0.24755,-0.23293,-0.21689,-0.2037,-0.19168,-0.18278,-0.17466,-0.16924,-0.16381,-0.16029,-0.15687,-0.15342,-0.15334,-0.14963,-0.15342,-0.1536,-0.15042,-0.14943,-0.14112,-0.15193,-0.14933,-0.14535,-0.1373,-0.09126,-0.055191,-0.060848,-0.027772,-0.040079,-0.00063496
-0.060981,-0.092496,-0.20549,-0.2884,-0.34766,-0.39136,-0.41535,-0.4184,-0.40864,-0.39304,-0.37728,-0.3653,-0.35703,-0.3507,-0.34838,-0.34456,-0.34397,-0.34146,-0.33985,-0.34095,-0.33909,-0.34338,-0.34297,-0.34314,-0.3374,-0.33968,-0.34772,-0.3532,-0.31477,-0.28525,-0.30268,-0.27797,-0.31351,-0.29812,0.058483,0.094815,-0.14667,-0.17641,-0.43812,-0.42744
-0.060981,-0.092496,-0.20549,-0.2884,-0.34766,-0.39136,-0.41535,-0.4184,-0.40864,-0.39304,-0.37728,-0.3653,-0.35703,-0.3507,-0.34838,-0.34456,-0.34397,-0.34146,-0.33985,-0.34095,-0.33909,-0.34338,-0.34297,-0.34314,-0.3374,-0.33968,-0.34772,-0.3532,-0.31477,-0.28525,-0.30268,-0.27797,-0.31351,-0.29812,0.058483,0.094815,-0.14667,-0.17641,-0.43812,-0.42744
-0.060981,-0.092496,-0.20549,-0.2884,-0.34766,-0.39136,-0.41535,-0.4184,-0.40864,-0.39304,-0.37728,-0.3653,-0.35703,-0.3507,-0.34838,-0.34456,-0.34397,-0.34146,-0.33985,-0.34095,-0.33909,-0.34338,-0.34297,-0.34314,-0.3374,-0.33968,-0.34772,-0.3532,-0.31477,-0.28525,-0.30268,-0.27797,-0.31351,-0.29812,0.058483,0.094815,-0.14667,-0.17641,-0.43812,-0.42744
-0.060981,-0.092496,-0.20549,-0.2884,-0.34766,-0.39136,-0.41535,-0.4184,-0.40864,-0.39304,-0.37728,-0.3653,-0.35703,-0.3507,-0.34838,-0.34456,-0.34397,-0.34146,-0.33985,-0.34095,-0.33909,-0.34338,-0.34297,-0.34314,-0.3374,-0.33968,-0.34772,-0.3532,-0.31477,-0.28525,-0.30268,-0.27797,-0.31351,-0.29812,0.058483,0.094815,-0.14667,-0.17641,-0.43812,-0.42744
-0.060981,-0.092496,-0.20549,-0.2884,-0.34766,-0.39136,-0.41535,-0.4184,-0.40864,-0.39304,-0.37728,-0.3653,-0.35703,-0.3507,-0.34838,-0.34456,-0.34397,-0.34146,-0.33985,-0.34095,-0.33909,-0.34338,-0.34297,-0.34314,-0.3374,-0.33968,-0.34772,-0.3532,-0.31477,-0.28525,-0.30268,-0.27797,-0.31351,-0.29812,0.058483,0.094815,-0.14667,-0.17641,-0.43812,-0.42744
-0.060981,-0.092496,-0.20549,-0.2884,-0.34766,-0.39136,-0.41535,-0.4184,-0.40864,-0.39304,-0.37728,-0.3653,-0.35703,-0.3507,-0.34838,-0.34456,-0.34397,-0.34146,-0.33985,-0.34095,-0.33909,-0.34338,-0.34297,-0.34314,-0.3374,-0.33968,-0.34772,-0.3532,-0.31477,-0.28525,-0.30268,-0.27797,-0.31351,-0.29812,0.058483,0.094815,-0.14667,-0.17641,-0.43812,-0.42744
-0.062132,-0.089125,-0.20527,-0.2596,-0.27749,-0.26426,-0.22876,-0.19491,-0.17566,-0.17817,-0.19926,-0.2313,-0.27935,-0.32372,-0.38404,-0.43298,-0.49684,-0.5423,-0.5993,-0.62801,-0.65421,-0.68037,-0.66496,-0.69228,-0.60828,-0.70348,-0.85943,-0.83834,-0.80462,-0.64328,-0.70739,-0.51094,0.08048,0.3168,0.51328,0.55011,-0.20063,-0.25599,0.017833,-0.011006
