-0.0011423,-0.0015321,-0.0031044,-0.0027146,-0.00033904,0.0027713,0.0057975,0.0084626,0.010618,0.012487,0.01402,0.015622,0.017035,0.018728,0.02022,0.022001,0.023511,0.025257,0.026691,0.02834,0.029669,0.031238,0.032489,0.034026,0.035239,0.036779,0.038298,0.039544,0.041081,0.042331,0.043877,0.045126,0.046666,0.047904,0.049422,0.050637,0.052117,0.053298,0.054723,0.055858
-0.0043505,-0.0022595,0.0076467,0.014508,0.018517,0.022124,0.025672,0.02921,0.032354,0.035352,0.037915,0.040621,0.042993,0.045755,0.048166,0.05103,0.053469,0.056324,0.058696,0.061406,0.063614,0.066055,0.068016,0.070085,0.071736,0.073363,0.074705,0.075809,0.076677,0.077393,0.077788,0.078126,0.078069,0.078047,0.077565,0.077209,0.076336,0.075673,0.074441,0.073498
-0.0075986,-0.0036573,0.011902,0.022817,0.030837,0.037268,0.042249,0.04656,0.050432,0.054568,0.058443,0.062623,0.066324,0.070137,0.073333,0.07642,0.078892,0.081046,0.0827,0.083857,0.084688,0.084878,0.084937,0.084238,0.083601,0.082106,0.080269,0.078645,0.07614,0.073991,0.070863,0.068227,0.064488,0.061375,0.056998,0.053388,0.04832,0.044165,0.03834,0.033578
0.0010854,0.0025264,0.0092724,0.01951,0.029034,0.036608,0.042951,0.04899,0.054516,0.059953,0.064615,0.068822,0.07208,0.074519,0.076142,0.076738,0.076824,0.075779,0.074561,0.072132,0.069846,0.066245,0.063065,0.058411,0.054427,0.048723,0.042539,0.037061,0.029669,0.023176,0.014443,0.0067953,-0.0033942,-0.012323,-0.024052,-0.034361,-0.047655,-0.059405,-0.074216,-0.087415
-0.0053641,-0.00079453,0.015334,0.028369,0.039259,0.048291,0.055938,0.062893,0.068804,0.073857,0.077614,0.080076,0.081414,0.081311,0.080525,0.078284,0.07582,0.071832,0.068013,0.062441,0.057371,0.050098,0.043643,0.034389,0.026274,0.014782,0.0023191,-0.0091707,-0.024043,-0.037741,-0.054986,-0.070928,-0.090388,-0.1085,-0.12996,-0.15011,-0.17325,-0.1952,-0.21959,-0.24303
0.0018218,0.008711,0.03432,0.04818,0.059161,0.070726,0.081516,0.090859,0.098085,0.10313,0.10615,0.10684,0.10612,0.10306,0.099314,0.093059,0.086744,0.077432,0.068558,0.05594,0.044198,0.027996,0.013065,-0.0068722,-0.02519,-0.04868,-0.073238,-0.096977,-0.1244,-0.15101,-0.18063,-0.20962,-0.24067,-0.27141,-0.30314,-0.33495,-0.36658,-0.39875,-0.42953,-0.46134
0.023422,0.027995,0.044368,0.057726,0.069566,0.07967,0.087248,0.09183,0.093533,0.092123,0.088766,0.082714,0.075764,0.066163,0.056368,0.043265,0.030408,0.013239,-0.0033051,-0.024976,-0.045658,-0.071781,-0.096664,-0.12673,-0.15549,-0.18876,-0.22244,-0.25617,-0.29136,-0.32692,-0.36247,-0.39881,-0.43356,-0.46958,-0.50239,-0.53699,-0.56687,-0.599,-0.62525,-0.65405
-0.013633,-0.0021161,0.036958,0.058361,0.072091,0.082069,0.088312,0.090914,0.090697,0.087542,0.082862,0.075433,0.067295,0.055625,0.043577,0.026577,0.009443,-0.013881,-0.037001,-0.066715,-0.095956,-0.1313,-0.16612,-0.20565,-0.24494,-0.28688,-0.32851,-0.37177,-0.41324,-0.4569,-0.49643,-0.53872,-0.57473,-0.61393,-0.64521,-0.67986,-0.70607,-0.73546,-0.75664,-0.78066
0.022734,0.032868,0.066576,0.091911,0.11253,0.12823,0.13824,0.14265,0.14268,0.13832,0.13138,0.12019,0.10728,0.088857,0.069061,0.042264,0.014502,-0.020778,-0.056612,-0.09922,-0.14217,-0.18985,-0.23803,-0.28808,-0.33911,-0.38872,-0.43641,-0.48646,-0.53012,-0.57639,-0.61421,-0.65474,-0.68601,-0.71981,-0.74472,-0.77179,-0.791,-0.81195,-0.82709,-0.84302
0.029607,0.028644,0.036478,0.053108,0.067199,0.075521,0.07789,0.074974,0.068592,0.0583,0.045949,0.028623,0.0093972,-0.016687,-0.044484,-0.079924,-0.11664,-0.16019,-0.20465,-0.25358,-0.30344,-0.35454,-0.40694,-0.45687,-0.50869,-0.55429,-0.59661,-0.64121,-0.67661,-0.71407,-0.74221,-0.77199,-0.79346,-0.81606,-0.83271,-0.84945,-0.86291,-0.87521,-0.88657,-0.89556
0.013705,0.03032,0.068725,0.078255,0.078901,0.074638,0.066751,0.055951,0.043622,0.028636,0.012215,-0.0091348,-0.032697,-0.063405,-0.096546,-0.13722,-0.18005,-0.22871,-0.27924,-0.33225,-0.38721,-0.44044,-0.49605,-0.54542,-0.59771,-0.63987,-0.6781,-0.71861,-0.74838,-0.77993,-0.80185,-0.82499,-0.84133,-0.85769,-0.87049,-0.88191,-0.89247,-0.90032,-0.9097,-0.91507
0.047372,0.053119,0.081945,0.10436,0.11552,0.11823,0.11432,0.10432,0.089784,0.068261,0.042183,0.0068953,-0.032935,-0.082057,-0.13501,-0.19432,-0.25665,-0.32029,-0.38649,-0.4481,-0.5121,-0.566,-0.62215,-0.66492,-0.70965,-0.7412,-0.76893,-0.79635,-0.81676,-0.83573,-0.85153,-0.86457,-0.87754,-0.88648,-0.8981,-0.90449,-0.91442,-0.91906,-0.92744,-0.93097
0.019856,0.029155,0.057292,0.072474,0.078985,0.078126,0.070763,0.056287,0.036102,0.0066775,-0.028688,-0.07439,-0.12501,-0.18354,-0.24533,-0.3101,-0.3769,-0.44088,-0.50619,-0.56323,-0.62111,-0.66729,-0.71387,-0.74874,-0.78353,-0.80897,-0.83237,-0.8532,-0.87168,-0.88651,-0.90185,-0.91254,-0.92582,-0.93379,-0.94464,-0.95063,-0.95939,-0.96406,-0.96971,-0.97279
0.071914,0.082893,0.11695,0.12804,0.1236,0.10995,0.089631,0.061827,0.027573,-0.016484,-0.066696,-0.12559,-0.189,-0.25679,-0.32759,-0.39703,-0.46839,-0.53222,-0.59703,-0.64956,-0.70216,-0.74166,-0.78049,-0.80866,-0.83551,-0.85672,-0.87669,-0.89208,-0.90859,-0.91953,-0.93313,-0.94104,-0.95181,-0.95755,-0.96599,-0.97036,-0.97345,-0.97456,-0.97509,-0.9713
0.071914,0.082893,0.11695,0.12804,0.1236,0.10995,0.089631,0.061827,0.027573,-0.016484,-0.066696,-0.12559,-0.189,-0.25679,-0.32759,-0.39703,-0.46839,-0.53222,-0.59703,-0.64956,-0.70216,-0.74166,-0.78049,-0.80866,-0.83551,-0.85672,-0.87669,-0.89208,-0.90859,-0.91953,-0.93313,-0.94104,-0.95181,-0.95755,-0.96599,-0.97036,-0.97345,-0.97456,-0.97509,-0.9713
0.011954,0.025675,0.069781,0.093122,0.10127,0.098391,0.086447,0.06402,0.031527,-0.014701,-0.071183,-0.13867,-0.21368,-0.29172,-0.37448,-0.45098,-0.52986,-0.59454,-0.65946,-0.70741,-0.75418,-0.78702,-0.81775,-0.84139,-0.86108,-0.87964,-0.89737,-0.90846,-0.9224,-0.9302,-0.94097,-0.94683,-0.95228,-0.95506,-0.95651,-0.95421,-0.95441,-0.94515,-0.95582,-0.94552
0.064487,0.082637,0.13303,0.1459,0.13583,0.1124,0.078147,0.030571,-0.028861,-0.1008,-0.18102,-0.26539,-0.35317,-0.43537,-0.5175,-0.58635,-0.65276,-0.70353,-0.7508,-0.78603,-0.81729,-0.84307,-0.86363,-0.88404,-0.89783,-0.91463,-0.92833,-0.93704,-0.94638,-0.95232,-0.95614,-0.95762,-0.95883,-0.95414,-0.96152,-0.9549,-0.97016,-0.96887,-0.96035,-0.94662
0.064487,0.082637,0.13303,0.1459,0.13583,0.1124,0.078147,0.030571,-0.028861,-0.1008,-0.18102,-0.26539,-0.35317,-0.43537,-0.5175,-0.58635,-0.65276,-0.70353,-0.7508,-0.78603,-0.81729,-0.84307,-0.86363,-0.88404,-0.89783,-0.91463,-0.92833,-0.93704,-0.94638,-0.95232,-0.95614,-0.95762,-0.95883,-0.95414,-0.96152,-0.9549,-0.97016,-0.96887,-0.96035,-0.94662
0.11892,0.1296,0.14998,0.15512,0.15389,0.13884,0.10537,0.049484,-0.025462,-0.11613,-0.21756,-0.31949,-0.42385,-0.51475,-0.60224,-0.67008,-0.73193,-0.77813,-0.81779,-0.85067,-0.87587,-0.90139,-0.91789,-0.93788,-0.94904,-0.96357,-0.97152,-0.97629,-0.9796,-0.97727,-0.98332,-0.97656,-0.99126,-0.9885,-0.98125,-0.96327,-0.93826,-0.87893,-0.90664,-0.83192
0.11892,0.1296,0.14998,0.15512,0.15389,0.13884,0.10537,0.049484,-0.025462,-0.11613,-0.21756,-0.31949,-0.42385,-0.51475,-0.60224,-0.67008,-0.73193,-0.77813,-0.81779,-0.85067,-0.87587,-0.90139,-0.91789,-0.93788,-0.94904,-0.96357,-0.97152,-0.97629,-0.9796,-0.97727,-0.98332,-0.97656,-0.99126,-0.9885,-0.98125,-0.96327,-0.93826,-0.87893,-0.90664,-0.83192
0.10457,0.10967,0.11454,0.093782,0.060014,0.015084,-0.045652,-0.12503,-0.22149,-0.32666,-0.43962,-0.54246,-0.64306,-0.71916,-0.78692,-0.83248,-0.8692,-0.897,-0.91562,-0.93557,-0.94588,-0.95996,-0.96634,-0.97343,-0.97532,-0.97527,-0.97882,-0.97286,-0.985,-0.98328,-0.97324,-0.9524,-0.9325,-0.86815,-0.92133,-0.85979,-0.94425,-0.91216,-0.79967,-0.69419
0.10457,0.10967,0.11454,0.093782,0.060014,0.015084,-0.045652,-0.12503,-0.22149,-0.32666,-0.43962,-0.54246,-0.64306,-0.71916,-0.78692,-0.83248,-0.8692,-0.897,-0.91562,-0.93557,-0.94588,-0.95996,-0.96634,-0.97343,-0.97532,-0.97527,-0.97882,-0.97286,-0.985,-0.98328,-0.97324,-0.9524,-0.9325,-0.86815,-0.92133,-0.85979,-0.94425,-0.91216,-0.79967,-0.69419
0.10457,0.10967,0.11454,0.093782,0.060014,0.015084,-0.045652,-0.12503,-0.22149,-0.32666,-0.43962,-0.54246,-0.64306,-0.71916,-0.78692,-0.83248,-0.8692,-0.897,-0.91562,-0.93557,-0.94588,-0.95996,-0.96634,-0.97343,-0.97532,-0.97527,-0.97882,-0.97286,-0.985,-0.98328,-0.97324,-0.9524,-0.9325,-0.86815,-0.92133,-0.85979,-0.94425,-0.91216,-0.79967,-0.69419
-0.0028144,0.0040004,0.023479,0.021341,-0.0048911,-0.059123,-0.14152,-0.24537,-0.36378,-0.47989,-0.59458,-0.68629,-0.76589,-0.82194,-0.86478,-0.89873,-0.92082,-0.94354,-0.9561,-0.97008,-0.9775,-0.98091,-0.97838,-0.98285,-0.97125,-0.99112,-0.98291,-0.96265,-0.95772,-0.90461,-0.95949,-0.92209,-0.94562,-0.89613,-0.67467,-0.52149,-0.57555,-0.45397,-0.71831,-0.62235
-0.0028144,0.0040004,0.023479,0.021341,-0.0048911,-0.059123,-0.14152,-0.24537,-0.36378,-0.47989,-0.59458,-0.68629,-0.76589,-0.82194,-0.86478,-0.89873,-0.92082,-0.94354,-0.9561,-0.97008,-0.9775,-0.98091,-0.97838,-0.98285,-0.97125,-0.99112,-0.98291,-0.96265,-0.95772,-0.90461,-0.95949,-0.92209,-0.94562,-0.89613,-0.67467,-0.52149,-0.57555,-0.45397,-0.71831,-0.62235
-0.0028144,0.0040004,0.023479,0.021341,-0.0048911,-0.059123,-0.14152,-0.24537,-0.36378,-0.47989,-0.59458,-0.68629,-0.76589,-0.82194,-0.86478,-0.89873,-0.92082,-0.94354,-0.9561,-0.97008,-0.9775,-0.98091,-0.97838,-0.98285,-0.97125,-0.99112,-0.98291,-0.96265,-0.95772,-0.90461,-0.95949,-0.92209,-0.94562,-0.89613,-0.67467,-0.52149,-0.57555,-0.45397,-0.71831,-0.62235
-0.0028144,0.0040004,0.023479,0.021341,-0.0048911,-0.059123,-0.14152,-0.24537,-0.36378,-0.47989,-0.59458,-0.68629,-0.76589,-0.82194,-0.86478,-0.89873,-0.92082,-0.94354,-0.9561,-0.97008,-0.9775,-0.98091,-0.97838,-0.98285,-0.97125,-0.99112,-0.98291,-0.96265,-0.95772,-0.90461,-0.95949,-0.92209,-0.94562,-0.89613,-0.67467,-0.52149,-0.57555,-0.45397,-0.71831,-0.62235
0.2162,0.21071,0.16634,0.12132,0.060304,-0.033049,-0.15764,-0.29856,-0.4503,-0.58418,-0.70243,-0.78446,-0.84111,-0.88359,-0.9066,-0.93023,-0.9412,-0.94991,-0.94941,-0.95121,-0.93153,-0.9574,-0.94183,-0.91302,-0.81645,-0.8606,-0.93208,-0.88471,-0.70323,-0.50813,-0.44181,-0.25603,-0.408,-0.23399,0.69068,0.76655,0.48318,0.36951,-0.40349,-0.4205
0.2162,0.21071,0.16634,0.12132,0.060304,-0.033049,-0.15764,-0.29856,-0.4503,-0.58418,-0.70243,-0.78446,-0.84111,-0.88359,-0.9066,-0.93023,-0.9412,-0.94991,-0.94941,-0.95121,-0.93153,-0.9574,-0.94183,-0.91302,-0.81645,-0.8606,-0.93208,-0.88471,-0.70323,-0.50813,-0.44181,-0.25603,-0.408,-0.23399,0.69068,0.76655,0.48318,0.36951,-0.40349,-0.4205
0.2162,0.21071,0.16634,0.12132,0.060304,-0.033049,-0.15764,-0.29856,-0.4503,-0.58418,-0.70243,-0.78446,-0.84111,-0.88359,-0.9066,-0.93023,-0.9412,-0.94991,-0.94941,-0.95121,-0.93153,-0.9574,-0.94183,-0.91302,-0.81645,-0.8606,-0.93208,-0.88471,-0.70323,-0.50813,-0.44181,-0.25603,-0.408,-0.23399,0.69068,0.76655,0.48318,0.36951,-0.40349,-0.4205
0.2162,0.21071,0.16634,0.12132,0.060304,-0.033049,-0.15764,-0.29856,-0.4503,-0.58418,-0.70243,-0.78446,-0.84111,-0.88359,-0.9066,-0.93023,-0.9412,-0.94991,-0.94941,-0.95121,-0.93153,-0.9574,-0.94183,-0.91302,-0.81645,-0.8606,-0.93208,-0.88471,-0.70323,-0.50813,-0.44181,-0.25603,-0.408,-0.23399,0.69068,0.76655,0.48318,0.36951,-0.40349,-0.4205
0.2162,0.21071,0.16634,0.12132,0.060304,-0.033049,-0.15764,-0.29856,-0.4503,-0.58418,-0.70243,-0.78446,-0.84111,-0.88359,-0.9066,-0.93023,-0.9412,-0.94991,-0.94941,-0.95121,-0.93153,-0.9574,-0.94183,-0.91302,-0.81645,-0.8606,-0.93208,-0.88471,-0.70323,-0.50813,-0.44181,-0.25603,-0.408,-0.23399,0.69068,0.76655,0.48318,0.36951,-0.40349,-0.4205
0.2162,0.21071,0.16634,0.12132,0.060304,-0.033049,-0.15764,-0.29856,-0.4503,-0.58418,-0.70243,-0.78446,-0.84111,-0.88359,-0.9066,-0.93023,-0.9412,-0.94991,-0.94941,-0.95121,-0.93153,-0.9574,-0.94183,-0.91302,-0.81645,-0.8606,-0.93208,-0.88471,-0.70323,-0.50813,-0.44181,-0.25603,-0.408,-0.23399,0.69068,0.76655,0.48318,0.36951,-0.40349,-0.4205
0.10504,0.087918,0.010206,-0.094399,-0.22704,-0.36882,-0.5002,-0.60241,-0.67608,-0.7217,-0.749,-0.76801,-0.77912,-0.78726,-0.79179,-0.79449,-0.79255,-0.79936,-0.79908,-0.78858,-0.75283,-0.78743,-0.76223,-0.73016,-0.6362,-0.55049,-0.6992,-0.57626,0.67672,0.7189,-0.42292,-0.48568,-0.16176,-0.18554,-0.11305,-0.12226,-0.11203,-0.082128,0.46249,0.43841
0.10504,0.087918,0.010206,-0.094399,-0.22704,-0.36882,-0.5002,-0.60241,-0.67608,-0.7217,-0.749,-0.76801,-0.77912,-0.78726,-0.79179,-0.79449,-0.79255,-0.79936,-0.79908,-0.78858,-0.75283,-0.78743,-0.76223,-0.73016,-0.6362,-0.55049,-0.6992,-0.57626,0.67672,0.7189,-0.42292,-0.48568,-0.16176,-0.18554,-0.11305,-0.12226,-0.11203,-0.082128,0.46249,0.43841
0.10504,0.087918,0.010206,-0.094399,-0.22704,-0.36882,-0.5002,-0.60241,-0.67608,-0.7217,-0.749,-0.76801,-0.77912,-0.78726,-0.79179,-0.79449,-0.79255,-0.79936,-0.79908,-0.78858,-0.75283,-0.78743,-0.76223,-0.73016,-0.6362,-0.55049,-0.6992,-0.57626,0.67672,0.7189,-0.42292,-0.48568,-0.16176,-0.18554,-0.11305,-0.12226,-0.11203,-0.082128,0.46249,0.43841
0.10504,0.087918,0.010206,-0.094399,-0.22704,-0.36882,-0.5002,-0.60241,-0.67608,-0.7217,-0.749,-0.76801,-0.77912,-0.78726,-0.79179,-0.79449,-0.79255,-0.79936,-0.79908,-0.78858,-0.75283,-0.78743,-0.76223,-0.73016,-0.6362,-0.55049,-0.6992,-0.57626,0.67672,0.7189,-0.42292,-0.48568,-0.16176,-0.18554,-0.11305,-0.12226,-0.11203,-0.082128,0.46249,0.43841
0.10504,0.087918,0.010206,-0.094399,-0.22704,-0.36882,-0.5002,-0.60241,-0.67608,-0.7217,-0.749,-0.76801,-0.77912,-0.78726,-0.79179,-0.79449,-0.79255,-0.79936,-0.79908,-0.78858,-0.75283,-0.78743,-0.76223,-0.73016,-0.6362,-0.55049,-0.6992,-0.57626,0.67672,0.7189,-0.42292,-0.48568,-0.16176,-0.18554,-0.11305,-0.12226,-0.11203,-0.082128,0.46249,0.43841
0.10504,0.087918,0.010206,-0.094399,-0.22704,-0.36882,-0.5002,-0.60241,-0.67608,-0.7217,-0.749,-0.76801,-0.77912,-0.78726,-0.79179,-0.79449,-0.79255,-0.79936,-0.79908,-0.78858,-0.75283,-0.78743,-0.76223,-0.73016,-0.6362,-0.55049,-0.6992,-0.57626,0.67672,0.7189,-0.42292,-0.48568,-0.16176,-0.18554,-0.11305,-0.12226,-0.11203,-0.082128,0.46249,0.43841
0.10504,0.087918,0.010206,-0.094399,-0.22704,-0.36882,-0.5002,-0.60241,-0.67608,-0.7217,-0.749,-0.76801,-0.77912,-0.78726,-0.79179,-0.79449,-0.79255,-0.79936,-0.79908,-0.78858,-0.75283,-0.78743,-0.76223,-0.73016,-0.6362,-0.55049,-0.6992,-0.57626,0.67672,0.7189,-0.42292,-0.48568,-0.16176,-0.18554,-0.11305,-0.12226,-0.11203,-0.082128,0.46249,0.43841
