0.031441,0.038172,0.071321,0.10813,0.14628,0.18738,0.2294,0.27174,0.31138,0.34974,0.38374,0.41641,0.44445,0.47152,0.49432,0.51648,0.53498,0.55305,0.56807,0.58277,0.59497,0.60689,0.61678,0.62639,0.63439,0.64212,0.64893,0.65478,0.66027,0.66498,0.66939,0.67319,0.67674,0.6798,0.68263,0.68507,0.68729,0.68921,0.6909,0.69237
0.068311,0.086509,0.18525,0.28367,0.36177,0.42658,0.47886,0.52146,0.55537,0.58353,0.60599,0.6248,0.63975,0.65229,0.66227,0.67069,0.67739,0.68298,0.68741,0.6909,0.69361,0.69542,0.69677,0.69718,0.69741,0.69668,0.69547,0.69434,0.69237,0.69062,0.6881,0.68591,0.68303,0.68058,0.67752,0.67493,0.67183,0.6692,0.66615,0.66356
0.21764,0.25268,0.3948,0.48257,0.53225,0.56938,0.59871,0.6219,0.63968,0.65331,0.66354,0.67124,0.67688,0.68064,0.6831,0.68385,0.68387,0.68226,0.68041,0.67714,0.67405,0.66984,0.66609,0.66155,0.65761,0.65315,0.64892,0.64513,0.64121,0.63771,0.63411,0.6309,0.62756,0.6246,0.62147,0.61871,0.6157,0.61308,0.6101,0.60756
0.13767,0.16988,0.35443,0.50243,0.58277,0.6322,0.664,0.68509,0.69928,0.70863,0.71448,0.7171,0.71776,0.71602,0.71347,0.70931,0.70516,0.70012,0.69554,0.69055,0.68614,0.68154,0.67753,0.67335,0.66974,0.66587,0.66214,0.65886,0.65522,0.65205,0.64832,0.64513,0.64117,0.63783,0.63348,0.62986,0.62501,0.62098,0.61555,0.61103
0.1812,0.2481,0.50194,0.63202,0.68384,0.71013,0.7246,0.7321,0.73505,0.73411,0.73101,0.7256,0.7197,0.71281,0.70637,0.69973,0.69384,0.68803,0.68296,0.67793,0.67358,0.66905,0.66516,0.66078,0.65705,0.65247,0.6477,0.64352,0.63812,0.63342,0.6272,0.62179,0.61456,0.60826,0.59994,0.59261,0.58311,0.57464,0.56396,0.55427
0.33786,0.39378,0.58009,0.66758,0.70127,0.71684,0.72402,0.72594,0.72452,0.72004,0.7143,0.70715,0.70022,0.69293,0.6864,0.67973,0.67391,0.66773,0.66238,0.65623,0.65094,0.64433,0.63867,0.6311,0.62467,0.6158,0.60631,0.59776,0.5866,0.57648,0.56351,0.5516,0.53682,0.52301,0.50649,0.49074,0.4726,0.45491,0.43535,0.4158
0.4679,0.4826,0.5459,0.60312,0.64704,0.67897,0.69923,0.70878,0.71087,0.70752,0.70198,0.69511,0.68836,0.68138,0.67498,0.66815,0.66197,0.65474,0.64825,0.63997,0.63257,0.62269,0.61385,0.60189,0.59114,0.57685,0.56177,0.54722,0.52993,0.51296,0.49365,0.47428,0.45321,0.43156,0.40908,0.38536,0.3619,0.33639,0.31242,0.28555
0.17618,0.24057,0.49775,0.63071,0.67901,0.69957,0.70662,0.70632,0.70281,0.69821,0.69358,0.68902,0.68477,0.68017,0.67584,0.67041,0.66527,0.65821,0.65154,0.64223,0.63344,0.62147,0.61011,0.59532,0.58107,0.56366,0.54552,0.52664,0.50634,0.48468,0.46263,0.43842,0.41513,0.38874,0.36478,0.33674,0.31272,0.28369,0.26028,0.23106
0.52371,0.54775,0.63849,0.68712,0.7055,0.7115,0.71044,0.70586,0.70021,0.6943,0.6886,0.68259,0.67683,0.67018,0.66381,0.65571,0.64793,0.6375,0.62746,0.61394,0.60085,0.5839,0.56724,0.54693,0.52645,0.50302,0.47884,0.4526,0.42606,0.39644,0.36817,0.33568,0.30655,0.27205,0.24305,0.2077,0.17971,0.14472,0.1185,0.084854
0.56925,0.59234,0.67937,0.72677,0.74353,0.74557,0.73948,0.73007,0.72044,0.71088,0.70213,0.6928,0.68406,0.67351,0.66339,0.65005,0.63709,0.61968,0.60265,0.58053,0.55863,0.53193,0.50493,0.47424,0.44237,0.40873,0.37486,0.33749,0.30263,0.2633,0.22907,0.18955,0.15711,0.11894,0.089277,0.053527,0.026985,-0.0059053,-0.030161,-0.060594
0.67154,0.68549,0.74561,0.77923,0.78653,0.78259,0.774,0.76401,0.75418,0.74402,0.73421,0.72288,0.71171,0.69767,0.68371,0.66584,0.64803,0.62599,0.60382,0.57793,0.55142,0.52247,0.49208,0.4611,0.42759,0.3958,0.36431,0.32878,0.29774,0.26211,0.23221,0.19736,0.1692,0.13579,0.10868,0.076477,0.050362,0.019031,-0.0066691,-0.037592
0.17073,0.23366,0.47448,0.59973,0.63885,0.64733,0.64399,0.63664,0.62848,0.62018,0.61195,0.60222,0.59186,0.5781,0.56325,0.54391,0.52311,0.49795,0.47065,0.44024,0.40652,0.37199,0.33241,0.29536,0.25111,0.21333,0.17573,0.1295,0.093269,0.047804,0.014288,-0.028158,-0.05931,-0.097689,-0.12661,-0.16056,-0.1892,-0.21955,-0.24808,-0.27537
0.63806,0.64959,0.68312,0.68395,0.6733,0.66362,0.65667,0.65157,0.647,0.6408,0.63316,0.62107,0.60694,0.58721,0.56531,0.53834,0.50879,0.47614,0.44,0.4039,0.36308,0.32638,0.28376,0.24909,0.20786,0.17726,0.14797,0.11414,0.088165,0.058772,0.035114,0.0090478,-0.013623,-0.03764,-0.060809,-0.084219,-0.10867,-0.13318,-0.15748,-0.18432
0.57908,0.60322,0.69217,0.73533,0.74385,0.74185,0.73602,0.72748,0.71725,0.70422,0.68983,0.6719,0.65258,0.6297,0.60531,0.57855,0.54993,0.52097,0.48937,0.45967,0.42613,0.3961,0.36073,0.32955,0.29135,0.25814,0.22244,0.17931,0.13991,0.092489,0.049785,-0.00096307,-0.04744,-0.10129,-0.14753,-0.20282,-0.24839,-0.30517,-0.32837,-0.37186
0.67189,0.68668,0.74833,0.7762,0.77467,0.76536,0.75441,0.74271,0.73081,0.71722,0.7028,0.68511,0.66589,0.64267,0.61719,0.58808,0.55551,0.5205,0.47993,0.4387,0.38869,0.34044,0.27928,0.2236,0.15065,0.090097,0.025705,-0.054226,-0.12054,-0.19994,-0.26446,-0.33702,-0.40161,-0.46586,-0.52239,-0.57477,-0.62493,-0.66594,-0.68296,-0.69603
0.62674,0.65278,0.74312,0.77213,0.76595,0.75348,0.74056,0.72684,0.71237,0.69449,0.67444,0.64861,0.61972,0.58512,0.54682,0.50543,0.45949,0.41477,0.36468,0.3207,0.271,0.2309,0.18505,0.15009,0.10907,0.077598,0.045629,0.0098588,-0.020776,-0.055821,-0.086693,-0.12283,-0.15301,-0.1912,-0.21295,-0.24735,-0.25971,-0.28039,-0.28431,-0.27869
0.6425,0.65459,0.69381,0.70182,0.69136,0.67748,0.66383,0.64951,0.63391,0.61463,0.59256,0.56587,0.53563,0.50197,0.46375,0.42471,0.37907,0.33549,0.28204,0.2332,0.17065,0.11594,0.045145,-0.014665,-0.089214,-0.15218,-0.22031,-0.28997,-0.35851,-0.42389,-0.48333,-0.54031,-0.57082,-0.59964,-0.60248,-0.57914,-0.59625,-0.52124,-0.59205,-0.48931
0.6425,0.65459,0.69381,0.70182,0.69136,0.67748,0.66383,0.64951,0.63391,0.61463,0.59256,0.56587,0.53563,0.50197,0.46375,0.42471,0.37907,0.33549,0.28204,0.2332,0.17065,0.11594,0.045145,-0.014665,-0.089214,-0.15218,-0.22031,-0.28997,-0.35851,-0.42389,-0.48333,-0.54031,-0.57082,-0.59964,-0.60248,-0.57914,-0.59625,-0.52124,-0.59205,-0.48931
0.62857,0.65483,0.72558,0.7337,0.71871,0.6996,0.67948,0.65593,0.62832,0.59326,0.55259,0.5056,0.45325,0.39969,0.34121,0.28804,0.23057,0.18297,0.13184,0.09142,0.048051,0.011813,-0.026564,-0.060842,-0.097026,-0.13183,-0.16473,-0.20234,-0.22937,-0.26535,-0.28282,-0.30727,-0.31979,-0.32146,-0.33936,-0.31364,-0.36681,-0.33059,-0.34291,-0.26408
0.85156,0.84999,0.83607,0.81827,0.80391,0.79184,0.77969,0.76389,0.74391,0.71671,0.68345,0.6425,0.59381,0.53951,0.47493,0.40931,0.33086,0.25841,0.17164,0.098812,0.010563,-0.060176,-0.14693,-0.21338,-0.29497,-0.35966,-0.42266,-0.4908,-0.53533,-0.57915,-0.60946,-0.61385,-0.63568,-0.58556,-0.65584,-0.5729,-0.7123,-0.62777,-0.71997,-0.59017
0.77813,0.77668,0.76442,0.75154,0.74455,0.73841,0.72933,0.71488,0.69599,0.67319,0.64762,0.62248,0.59562,0.57303,0.54778,0.52709,0.50061,0.47609,0.44169,0.40804,0.3605,0.31597,0.25326,0.20182,0.12695,0.075638,0.030682,-0.031592,-0.063546,-0.086563,-0.13166,-0.10988,-0.18026,-0.11713,-0.18571,-0.060308,-0.053866,0.15462,-0.026352,0.2028
0.77813,0.77668,0.76442,0.75154,0.74455,0.73841,0.72933,0.71488,0.69599,0.67319,0.64762,0.62248,0.59562,0.57303,0.54778,0.52709,0.50061,0.47609,0.44169,0.40804,0.3605,0.31597,0.25326,0.20182,0.12695,0.075638,0.030682,-0.031592,-0.063546,-0.086563,-0.13166,-0.10988,-0.18026,-0.11713,-0.18571,-0.060308,-0.053866,0.15462,-0.026352,0.2028
0.76714,0.75804,0.73081,0.72722,0.73032,0.72742,0.71517,0.69159,0.65705,0.61242,0.55628,0.49512,0.4211,0.34916,0.263,0.18521,0.094494,0.013531,-0.07674,-0.15923,-0.24742,-0.32715,-0.41331,-0.4591,-0.51034,-0.51496,-0.56313,-0.52271,-0.63847,-0.58832,-0.60945,-0.44654,-0.444,-0.14128,-0.46177,-0.1771,-0.60414,-0.37492,0.15891,0.34941
0.76714,0.75804,0.73081,0.72722,0.73032,0.72742,0.71517,0.69159,0.65705,0.61242,0.55628,0.49512,0.4211,0.34916,0.263,0.18521,0.094494,0.013531,-0.07674,-0.15923,-0.24742,-0.32715,-0.41331,-0.4591,-0.51034,-0.51496,-0.56313,-0.52271,-0.63847,-0.58832,-0.60945,-0.44654,-0.444,-0.14128,-0.46177,-0.1771,-0.60414,-0.37492,0.15891,0.34941
0.76714,0.75804,0.73081,0.72722,0.73032,0.72742,0.71517,0.69159,0.65705,0.61242,0.55628,0.49512,0.4211,0.34916,0.263,0.18521,0.094494,0.013531,-0.07674,-0.15923,-0.24742,-0.32715,-0.41331,-0.4591,-0.51034,-0.51496,-0.56313,-0.52271,-0.63847,-0.58832,-0.60945,-0.44654,-0.444,-0.14128,-0.46177,-0.1771,-0.60414,-0.37492,0.15891,0.34941
0.5512,0.57024,0.62952,0.66249,0.67799,0.67525,0.65593,0.62437,0.58521,0.54547,0.5056,0.47255,0.44096,0.41374,0.3838,0.35407,0.31871,0.28391,0.24038,0.2058,0.15758,0.13292,0.099191,0.075905,0.072028,0.032228,0.0203,0.079295,0.065662,0.2019,-0.028463,0.066992,0.020983,0.19849,0.43178,0.58795,0.56975,0.61742,0.3756,0.41944
0.4934,0.51654,0.58419,0.60932,0.61019,0.59756,0.57303,0.53789,0.49219,0.44062,0.3781,0.31386,0.23488,0.15872,0.069391,-0.013293,-0.10085,-0.18788,-0.27566,-0.34713,-0.41412,-0.44945,-0.43153,-0.4863,-0.36885,-0.58942,-0.67769,-0.50464,-0.45989,-0.050537,-0.58966,-0.30513,-0.073926,0.15675,0.41396,0.52628,0.57778,0.67055,0.36299,0.42787
0.4934,0.51654,0.58419,0.60932,0.61019,0.59756,0.57303,0.53789,0.49219,0.44062,0.3781,0.31386,0.23488,0.15872,0.069391,-0.013293,-0.10085,-0.18788,-0.27566,-0.34713,-0.41412,-0.44945,-0.43153,-0.4863,-0.36885,-0.58942,-0.67769,-0.50464,-0.45989,-0.050537,-0.58966,-0.30513,-0.073926,0.15675,0.41396,0.52628,0.57778,0.67055,0.36299,0.42787
0.4934,0.51654,0.58419,0.60932,0.61019,0.59756,0.57303,0.53789,0.49219,0.44062,0.3781,0.31386,0.23488,0.15872,0.069391,-0.013293,-0.10085,-0.18788,-0.27566,-0.34713,-0.41412,-0.44945,-0.43153,-0.4863,-0.36885,-0.58942,-0.67769,-0.50464,-0.45989,-0.050537,-0.58966,-0.30513,-0.073926,0.15675,0.41396,0.52628,0.57778,0.67055,0.36299,0.42787
0.4934,0.51654,0.58419,0.60932,0.61019,0.59756,0.57303,0.53789,0.49219,0.44062,0.3781,0.31386,0.23488,0.15872,0.069391,-0.013293,-0.10085,-0.18788,-0.27566,-0.34713,-0.41412,-0.44945,-0.43153,-0.4863,-0.36885,-0.58942,-0.67769,-0.50464,-0.45989,-0.050537,-0.58966,-0.30513,-0.073926,0.15675,0.41396,0.52628,0.57778,0.67055,0.36299,0.42787
0.5327,0.57031,0.64779,0.64759,0.6186,0.5705,0.50703,0.43557,0.36006,0.29229,0.22806,0.17399,0.12195,0.073446,0.022404,-0.024205,-0.07985,-0.11749,-0.16649,-0.19388,-0.20906,-0.2534,-0.23235,-0.23608,-0.093919,-0.21359,-0.52794,-0.49763,-0.19325,0.16503,0.19902,0.39048,0.35871,0.49333,0.71656,0.72454,0.79088,0.76312,0.3127,0.2934
0.5327,0.57031,0.64779,0.64759,0.6186,0.5705,0.50703,0.43557,0.36006,0.29229,0.22806,0.17399,0.12195,0.073446,0.022404,-0.024205,-0.07985,-0.11749,-0.16649,-0.19388,-0.20906,-0.2534,-0.23235,-0.23608,-0.093919,-0.21359,-0.52794,-0.49763,-0.19325,0.16503,0.19902,0.39048,0.35871,0.49333,0.71656,0.72454,0.79088,0.76312,0.3127,0.2934
0.5327,0.57031,0.64779,0.64759,0.6186,0.5705,0.50703,0.43557,0.36006,0.29229,0.22806,0.17399,0.12195,0.073446,0.022404,-0.024205,-0.07985,-0.11749,-0.16649,-0.19388,-0.20906,-0.2534,-0.23235,-0.23608,-0.093919,-0.21359,-0.52794,-0.49763,-0.19325,0.16503,0.19902,0.39048,0.35871,0.49333,0.71656,0.72454,0.79088,0.76312,0.3127,0.2934
0.71071,0.70581,0.67588,0.64308,0.60052,0.5389,0.45656,0.35511,0.23059,0.097019,-0.051964,-0.18499,-0.31784,-0.43102,-0.54015,-0.63323,-0.70931,-0.7691,-0.77499,-0.83476,-0.75992,-0.9297,-0.88694,-0.80203,-0.48478,-0.53128,-0.76046,-0.54356,-0.2275,0.14213,0.20998,0.40286,0.2151,0.33599,0.71038,0.72302,0.84882,0.81699,0.24476,0.22616
0.71071,0.70581,0.67588,0.64308,0.60052,0.5389,0.45656,0.35511,0.23059,0.097019,-0.051964,-0.18499,-0.31784,-0.43102,-0.54015,-0.63323,-0.70931,-0.7691,-0.77499,-0.83476,-0.75992,-0.9297,-0.88694,-0.80203,-0.48478,-0.53128,-0.76046,-0.54356,-0.2275,0.14213,0.20998,0.40286,0.2151,0.33599,0.71038,0.72302,0.84882,0.81699,0.24476,0.22616
0.71071,0.70581,0.67588,0.64308,0.60052,0.5389,0.45656,0.35511,0.23059,0.097019,-0.051964,-0.18499,-0.31784,-0.43102,-0.54015,-0.63323,-0.70931,-0.7691,-0.77499,-0.83476,-0.75992,-0.9297,-0.88694,-0.80203,-0.48478,-0.53128,-0.76046,-0.54356,-0.2275,0.14213,0.20998,0.40286,0.2151,0.33599,0.71038,0.72302,0.84882,0.81699,0.24476,0.22616
0.6895,0.68812,0.66256,0.62462,0.56708,0.48258,0.37867,0.27589,0.18498,0.11968,0.07582,0.042608,0.019839,-8.6316e-05,-0.016735,-0.027151,-0.022887,-0.050647,-0.033651,-0.015009,0.12407,-0.091388,0.003688,0.33479,0.51071,0.47233,0.39149,0.48844,0.94764,0.9538,0.37645,0.33814,0.5603,0.5551,0.65125,0.65083,0.83087,0.83631,0.76268,0.75453
0.6895,0.68812,0.66256,0.62462,0.56708,0.48258,0.37867,0.27589,0.18498,0.11968,0.07582,0.042608,0.019839,-8.6316e-05,-0.016735,-0.027151,-0.022887,-0.050647,-0.033651,-0.015009,0.12407,-0.091388,0.003688,0.33479,0.51071,0.47233,0.39149,0.48844,0.94764,0.9538,0.37645,0.33814,0.5603,0.5551,0.65125,0.65083,0.83087,0.83631,0.76268,0.75453
0.6895,0.68812,0.66256,0.62462,0.56708,0.48258,0.37867,0.27589,0.18498,0.11968,0.07582,0.042608,0.019839,-8.6316e-05,-0.016735,-0.027151,-0.022887,-0.050647,-0.033651,-0.015009,0.12407,-0.091388,0.003688,0.33479,0.51071,0.47233,0.39149,0.48844,0.94764,0.9538,0.37645,0.33814,0.5603,0.5551,0.65125,0.65083,0.83087,0.83631,0.76268,0.75453
0.6895,0.68812,0.66256,0.62462,0.56708,0.48258,0.37867,0.27589,0.18498,0.11968,0.07582,0.042608,0.019839,-8.6316e-05,-0.016735,-0.027151,-0.022887,-0.050647,-0.033651,-0.015009,0.12407,-0.091388,0.003688,0.33479,0.51071,0.47233,0.39149,0.48844,0.94764,0.9538,0.37645,0.33814,0.5603,0.5551,0.65125,0.65083,0.83087,0.83631,0.76268,0.75453
