-0.00027347,-0.00023322,0.0023162,0.0055308,0.0074866,0.0087778,0.0097856,0.010862,0.012116,0.013783,0.015657,0.018169,0.020854,0.02464,0.028497,0.034005,0.039293,0.046633,0.053321,0.06224,0.070063,0.080115,0.088703,0.099419,0.10841,0.1194,0.1302,0.13951,0.15023,0.15939,0.16994,0.17887,0.18921,0.1979,0.20804,0.2165,0.22646,0.23471,0.24453,0.25259
-0.00097421,-0.0010376,0.0026927,0.0081664,0.012543,0.016922,0.022273,0.030318,0.040837,0.055548,0.071536,0.090911,0.10955,0.13047,0.14939,0.17017,0.18841,0.20864,0.22608,0.24583,0.26262,0.28199,0.29826,0.31724,0.33302,0.35154,0.3694,0.38467,0.40183,0.41638,0.43267,0.44639,0.46173,0.47454,0.48885,0.50074,0.51405,0.52502,0.53737,0.5475
-0.0019175,-0.00010606,0.0054769,0.011221,0.020175,0.03509,0.055916,0.082333,0.11025,0.1402,0.16828,0.19752,0.22393,0.2522,0.27731,0.30492,0.32901,0.35577,0.37871,0.40413,0.42555,0.44914,0.46873,0.49025,0.5079,0.52737,0.54553,0.56079,0.57726,0.591,0.60601,0.61847,0.63222,0.64359,0.65625,0.66669,0.67838,0.68801,0.69881,0.7077
0.023354,0.02326,0.023465,0.03158,0.05321,0.086053,0.12344,0.16242,0.19932,0.23653,0.27072,0.30628,0.33839,0.37223,0.40202,0.43322,0.45995,0.48772,0.51098,0.53524,0.55526,0.57649,0.59386,0.61268,0.62799,0.64489,0.66063,0.67391,0.68819,0.70022,0.71322,0.72416,0.73598,0.74592,0.75666,0.76569,0.77543,0.78362,0.79244,0.79986
0.02046,0.020303,0.031694,0.062958,0.10607,0.15354,0.20003,0.24619,0.28987,0.33452,0.37561,0.41718,0.45373,0.48989,0.52048,0.55074,0.57583,0.60128,0.62222,0.6441,0.66207,0.68122,0.69692,0.71377,0.7276,0.74244,0.75606,0.76769,0.77966,0.78988,0.80039,0.80935,0.81858,0.82645,0.83456,0.84149,0.84863,0.85474,0.86101,0.86641
0.0049423,0.0062488,0.028514,0.074295,0.12822,0.18362,0.2376,0.29208,0.34365,0.39489,0.4405,0.48437,0.52149,0.55724,0.58691,0.61632,0.64063,0.66533,0.68573,0.70669,0.72401,0.74185,0.75659,0.77176,0.78429,0.79717,0.8088,0.81876,0.82867,0.83715,0.84561,0.85286,0.86006,0.86628,0.87239,0.87772,0.88287,0.88741,0.8917,0.89554
0.025721,0.041969,0.11489,0.18683,0.25176,0.31463,0.37379,0.42899,0.4771,0.52037,0.55659,0.59006,0.618,0.64527,0.66813,0.69131,0.7107,0.73072,0.74736,0.76468,0.77898,0.79391,0.80616,0.81899,0.82946,0.84048,0.85037,0.85881,0.86713,0.87431,0.88124,0.8873,0.89299,0.89804,0.9026,0.90674,0.91031,0.9136,0.91631,0.91884
0.011195,0.024396,0.095446,0.1701,0.23523,0.29802,0.35801,0.41514,0.46565,0.51194,0.55102,0.58779,0.6187,0.64916,0.67479,0.70072,0.72241,0.74457,0.76295,0.78175,0.79725,0.81313,0.82618,0.83938,0.85033,0.86114,0.87062,0.87895,0.88654,0.89331,0.89923,0.9046,0.90911,0.91323,0.91652,0.91956,0.9218,0.92387,0.92521,0.92643
0.02729,0.042174,0.12271,0.21009,0.29198,0.37102,0.4427,0.50578,0.55785,0.60296,0.63988,0.67372,0.70189,0.72891,0.75144,0.77352,0.79178,0.80986,0.82466,0.83943,0.85147,0.86335,0.87312,0.88245,0.89027,0.89742,0.90343,0.90876,0.91309,0.91697,0.91987,0.92247,0.92416,0.92566,0.92631,0.92682,0.92656,0.92617,0.92511,0.92389
0.014329,0.033433,0.13003,0.22823,0.31707,0.40198,0.47822,0.54448,0.59841,0.64485,0.68276,0.7168,0.74499,0.77079,0.79222,0.81198,0.82841,0.84359,0.85624,0.86784,0.8776,0.88629,0.89374,0.90001,0.90549,0.90972,0.91306,0.91602,0.91786,0.91944,0.92002,0.9204,0.9199,0.91922,0.91779,0.91613,0.91396,0.91141,0.90856,0.90519
0.0096215,0.038854,0.16614,0.26848,0.35187,0.43116,0.50176,0.56332,0.6141,0.65884,0.69587,0.72978,0.75797,0.78436,0.80613,0.82672,0.8436,0.85953,0.87263,0.88469,0.89477,0.90363,0.91118,0.91737,0.92273,0.92677,0.92989,0.93257,0.93415,0.93539,0.93568,0.93565,0.93489,0.93374,0.93209,0.92992,0.92746,0.92435,0.92114,0.91712
0.01649,0.042148,0.16628,0.28757,0.393,0.48409,0.55689,0.61633,0.66466,0.70684,0.74189,0.77284,0.79837,0.82083,0.83927,0.85541,0.86873,0.88018,0.88973,0.89754,0.90413,0.90902,0.91315,0.91572,0.91778,0.91845,0.91835,0.9178,0.91627,0.91424,0.91151,0.90815,0.90433,0.89974,0.89495,0.88918,0.88357,0.8767,0.87059,0.86282
0.080123,0.10386,0.22737,0.35023,0.44855,0.5305,0.59734,0.6538,0.70047,0.74151,0.7754,0.80541,0.82994,0.85164,0.86937,0.88481,0.8976,0.90828,0.91729,0.92422,0.93014,0.93423,0.93768,0.93956,0.94104,0.94125,0.94092,0.94006,0.93863,0.93655,0.9342,0.93107,0.92794,0.92387,0.92013,0.91523,0.91119,0.90568,0.90169,0.8959
0.20267,0.22175,0.33096,0.44077,0.52479,0.59326,0.64845,0.69463,0.73266,0.76622,0.79404,0.81914,0.83978,0.85834,0.87362,0.88686,0.89783,0.9067,0.91404,0.91937,0.92365,0.92619,0.92794,0.92814,0.92767,0.92596,0.92352,0.92012,0.91604,0.91081,0.90524,0.89819,0.89135,0.88256,0.87485,0.86462,0.85653,0.84538,0.83742,0.82607
0.012615,0.051404,0.22015,0.37174,0.48457,0.56841,0.63298,0.68667,0.73062,0.76807,0.7983,0.82433,0.84531,0.86349,0.87834,0.89081,0.90107,0.90903,0.9155,0.91985,0.92315,0.92462,0.92527,0.92446,0.92282,0.92021,0.91689,0.91235,0.90751,0.90119,0.89512,0.88715,0.88031,0.87103,0.86394,0.85391,0.84705,0.83699,0.83112,0.82193
0.026347,0.066302,0.25357,0.42195,0.54198,0.62763,0.68987,0.73849,0.77723,0.8097,0.83611,0.85827,0.87629,0.89076,0.90253,0.91114,0.91806,0.9223,0.92544,0.92644,0.92662,0.92519,0.92297,0.91972,0.91549,0.91082,0.90568,0.89917,0.8932,0.88563,0.87952,0.87149,0.8659,0.85819,0.85341,0.84661,0.84346,0.83821,0.83688,0.83357
0.23438,0.27086,0.42663,0.54235,0.61474,0.6733,0.72406,0.76898,0.80634,0.8383,0.8638,0.88507,0.90191,0.91529,0.92592,0.93357,0.93958,0.94318,0.94573,0.94648,0.9464,0.94514,0.94298,0.94019,0.9363,0.93229,0.92788,0.92206,0.91718,0.91058,0.90583,0.89915,0.89497,0.88889,0.88606,0.88133,0.88023,0.87736,0.8774,0.87628
0.0084335,0.044858,0.21629,0.36539,0.46744,0.54609,0.61147,0.66976,0.71924,0.76282,0.79862,0.8288,0.85327,0.87275,0.88832,0.89979,0.90862,0.91435,0.91817,0.9198,0.91982,0.91846,0.9155,0.9119,0.9065,0.90124,0.89575,0.88803,0.88228,0.87407,0.86892,0.86132,0.85802,0.85229,0.85161,0.84869,0.84985,0.84963,0.8526,0.85465
0.17707,0.21306,0.38041,0.52459,0.61881,0.68606,0.73746,0.77996,0.81466,0.84437,0.86874,0.88901,0.90562,0.91844,0.9287,0.93575,0.941,0.94385,0.94531,0.94525,0.94386,0.94165,0.93802,0.93422,0.92877,0.92422,0.91965,0.91325,0.90898,0.90295,0.90011,0.89555,0.89471,0.89238,0.89303,0.89282,0.8951,0.89674,0.89972,0.90259
0.054944,0.11289,0.34641,0.51182,0.62021,0.70036,0.75857,0.80175,0.83375,0.85858,0.87765,0.89183,0.9025,0.90929,0.91372,0.91526,0.91495,0.91268,0.90859,0.90328,0.89584,0.88797,0.87736,0.86778,0.85458,0.84455,0.83474,0.82134,0.81367,0.80266,0.79886,0.79239,0.7924,0.791,0.79501,0.7983,0.80433,0.81086,0.81797,0.82644
0.20674,0.25475,0.43928,0.56694,0.64746,0.71002,0.76008,0.80096,0.83308,0.85865,0.87845,0.89313,0.90418,0.91135,0.91612,0.91819,0.91836,0.91683,0.91343,0.90929,0.90303,0.89707,0.88861,0.88222,0.87282,0.86756,0.86286,0.85594,0.85401,0.85015,0.85093,0.85041,0.85304,0.85514,0.85914,0.86309,0.86737,0.87234,0.87617,0.88145
0.23026,0.26047,0.38811,0.50941,0.60855,0.68933,0.75281,0.80257,0.84003,0.86797,0.88871,0.90358,0.91435,0.92174,0.92644,0.92902,0.92948,0.92858,0.92577,0.9222,0.91661,0.91141,0.90377,0.89824,0.88991,0.88532,0.88183,0.87645,0.87592,0.87406,0.87636,0.87803,0.88264,0.88706,0.89251,0.89845,0.9041,0.91068,0.9156,0.92208
0.041712,0.10447,0.37904,0.56275,0.66923,0.74874,0.80862,0.85401,0.88794,0.91318,0.93198,0.94487,0.95406,0.95957,0.96288,0.96432,0.96419,0.96324,0.96097,0.95877,0.95525,0.95282,0.94902,0.94707,0.94388,0.94354,0.94365,0.94322,0.94471,0.9459,0.94836,0.95065,0.95336,0.95615,0.95913,0.96217,0.96435,0.96712,0.96937,0.97193
0.2313,0.2639,0.42907,0.58146,0.68844,0.7671,0.82374,0.86432,0.89359,0.91472,0.93025,0.94065,0.94763,0.95098,0.95177,0.95,0.94584,0.93991,0.93143,0.92256,0.9109,0.90134,0.8892,0.88146,0.872,0.86873,0.86634,0.86428,0.86511,0.86654,0.86917,0.8726,0.87594,0.88026,0.88449,0.8894,0.89289,0.89763,0.9025,0.90766
0.2313,0.2639,0.42907,0.58146,0.68844,0.7671,0.82374,0.86432,0.89359,0.91472,0.93025,0.94065,0.94763,0.95098,0.95177,0.95,0.94584,0.93991,0.93143,0.92256,0.9109,0.90134,0.8892,0.88146,0.872,0.86873,0.86634,0.86428,0.86511,0.86654,0.86917,0.8726,0.87594,0.88026,0.88449,0.8894,0.89289,0.89763,0.9025,0.90766
0.31173,0.35576,0.52531,0.64429,0.72723,0.7919,0.84073,0.87584,0.9003,0.91469,0.92299,0.92565,0.92485,0.92141,0.91533,0.90828,0.8986,0.8897,0.87798,0.86971,0.85872,0.85355,0.8463,0.84629,0.84476,0.84834,0.85247,0.85742,0.86339,0.87056,0.87656,0.88446,0.89004,0.89781,0.90354,0.91118,0.91528,0.92198,0.92498,0.93023
0.31173,0.35576,0.52531,0.64429,0.72723,0.7919,0.84073,0.87584,0.9003,0.91469,0.92299,0.92565,0.92485,0.92141,0.91533,0.90828,0.8986,0.8897,0.87798,0.86971,0.85872,0.85355,0.8463,0.84629,0.84476,0.84834,0.85247,0.85742,0.86339,0.87056,0.87656,0.88446,0.89004,0.89781,0.90354,0.91118,0.91528,0.92198,0.92498,0.93023
0.26503,0.30122,0.47255,0.61264,0.69937,0.76728,0.82246,0.86577,0.89842,0.92106,0.9364,0.9455,0.95013,0.95152,0.94969,0.94647,0.94025,0.93472,0.92613,0.92093,0.91321,0.9118,0.90877,0.91164,0.91379,0.91949,0.92485,0.93081,0.93651,0.94254,0.94749,0.95271,0.95691,0.96103,0.96325,0.96531,0.96926,0.97038,0.97267,0.97221
0.26503,0.30122,0.47255,0.61264,0.69937,0.76728,0.82246,0.86577,0.89842,0.92106,0.9364,0.9455,0.95013,0.95152,0.94969,0.94647,0.94025,0.93472,0.92613,0.92093,0.91321,0.9118,0.90877,0.91164,0.91379,0.91949,0.92485,0.93081,0.93651,0.94254,0.94749,0.95271,0.95691,0.96103,0.96325,0.96531,0.96926,0.97038,0.97267,0.97221
0.26503,0.30122,0.47255,0.61264,0.69937,0.76728,0.82246,0.86577,0.89842,0.92106,0.9364,0.9455,0.95013,0.95152,0.94969,0.94647,0.94025,0.93472,0.92613,0.92093,0.91321,0.9118,0.90877,0.91164,0.91379,0.91949,0.92485,0.93081,0.93651,0.94254,0.94749,0.95271,0.95691,0.96103,0.96325,0.96531,0.96926,0.97038,0.97267,0.97221
0.29106,0.33482,0.50466,0.64223,0.74086,0.81096,0.858,0.8873,0.90396,0.91087,0.91041,0.90347,0.89002,0.87111,0.84406,0.81409,0.77367,0.73737,0.69134,0.66018,0.62463,0.60883,0.59523,0.59421,0.60068,0.60854,0.61757,0.63892,0.65193,0.677,0.69069,0.7156,0.72804,0.74886,0.75917,0.7722,0.7787,0.78283,0.79163,0.78791
0.29106,0.33482,0.50466,0.64223,0.74086,0.81096,0.858,0.8873,0.90396,0.91087,0.91041,0.90347,0.89002,0.87111,0.84406,0.81409,0.77367,0.73737,0.69134,0.66018,0.62463,0.60883,0.59523,0.59421,0.60068,0.60854,0.61757,0.63892,0.65193,0.677,0.69069,0.7156,0.72804,0.74886,0.75917,0.7722,0.7787,0.78283,0.79163,0.78791
0.29106,0.33482,0.50466,0.64223,0.74086,0.81096,0.858,0.8873,0.90396,0.91087,0.91041,0.90347,0.89002,0.87111,0.84406,0.81409,0.77367,0.73737,0.69134,0.66018,0.62463,0.60883,0.59523,0.59421,0.60068,0.60854,0.61757,0.63892,0.65193,0.677,0.69069,0.7156,0.72804,0.74886,0.75917,0.7722,0.7787,0.78283,0.79163,0.78791
0.39919,0.42879,0.55326,0.67588,0.76808,0.83398,0.87793,0.90468,0.91982,0.92606,0.92581,0.92076,0.91069,0.89857,0.88227,0.86862,0.85266,0.84382,0.83494,0.83291,0.83208,0.83439,0.83874,0.84231,0.84886,0.85319,0.85761,0.86477,0.86967,0.87683,0.88153,0.88838,0.89259,0.89881,0.89936,0.90229,0.90296,0.90138,0.90483,0.90004
0.30282,0.4232,0.62125,0.71472,0.79696,0.85114,0.88511,0.9074,0.92125,0.92951,0.93304,0.9341,0.93244,0.9313,0.92853,0.92905,0.92877,0.93334,0.93727,0.9444,0.95071,0.95779,0.9641,0.96937,0.97423,0.97819,0.98104,0.98373,0.98601,0.98753,0.98917,0.98975,0.99026,0.98915,0.98955,0.98623,0.98971,0.98527,0.98142,0.96978
0.30282,0.4232,0.62125,0.71472,0.79696,0.85114,0.88511,0.9074,0.92125,0.92951,0.93304,0.9341,0.93244,0.9313,0.92853,0.92905,0.92877,0.93334,0.93727,0.9444,0.95071,0.95779,0.9641,0.96937,0.97423,0.97819,0.98104,0.98373,0.98601,0.98753,0.98917,0.98975,0.99026,0.98915,0.98955,0.98623,0.98971,0.98527,0.98142,0.96978
0.30282,0.4232,0.62125,0.71472,0.79696,0.85114,0.88511,0.9074,0.92125,0.92951,0.93304,0.9341,0.93244,0.9313,0.92853,0.92905,0.92877,0.93334,0.93727,0.9444,0.95071,0.95779,0.9641,0.96937,0.97423,0.97819,0.98104,0.98373,0.98601,0.98753,0.98917,0.98975,0.99026,0.98915,0.98955,0.98623,0.98971,0.98527,0.98142,0.96978
0.30255,0.37898,0.58707,0.69887,0.77792,0.83326,0.86905,0.89131,0.903,0.90801,0.90689,0.903,0.89487,0.88892,0.88101,0.8809,0.88144,0.89038,0.89981,0.91296,0.9253,0.9378,0.94864,0.95828,0.96588,0.9734,0.97758,0.98065,0.98377,0.98409,0.98593,0.98347,0.98709,0.98285,0.98276,0.97306,0.97594,0.96414,0.95982,0.94374
0.30255,0.37898,0.58707,0.69887,0.77792,0.83326,0.86905,0.89131,0.903,0.90801,0.90689,0.903,0.89487,0.88892,0.88101,0.8809,0.88144,0.89038,0.89981,0.91296,0.9253,0.9378,0.94864,0.95828,0.96588,0.9734,0.97758,0.98065,0.98377,0.98409,0.98593,0.98347,0.98709,0.98285,0.98276,0.97306,0.97594,0.96414,0.95982,0.94374
0.50196,0.52971,0.67773,0.78933,0.85281,0.89331,0.91866,0.93294,0.93909,0.93991,0.93623,0.93125,0.92353,0.91902,0.91395,0.9161,0.9195,0.9285,0.93795,0.94822,0.95784,0.96569,0.97283,0.97753,0.98167,0.98518,0.98767,0.98931,0.99,0.98924,0.99071,0.98802,0.9904,0.98555,0.98874,0.98181,0.97693,0.96419,0.97134,0.95816
