-0.0012716,-0.0017194,-0.0034501,-0.0014123,0.0072341,0.023307,0.04467,0.06939,0.094008,0.11825,0.13986,0.15988,0.17704,0.19284,0.20646,0.2195,0.23103,0.24262,0.25305,0.26384,0.27355,0.2836,0.29258,0.30172,0.30981,0.31782,0.32508,0.3316,0.33753,0.34282,0.34734,0.35137,0.35446,0.35724,0.35892,0.36049,0.36086,0.36133,0.36052,0.36001
-0.0039408,-0.0017156,0.02137,0.052524,0.083363,0.11433,0.14295,0.16898,0.19264,0.21526,0.23629,0.25623,0.27397,0.28957,0.3026,0.31256,0.32018,0.32406,0.32633,0.32468,0.32243,0.31664,0.31117,0.30287,0.29556,0.28608,0.27661,0.26818,0.25858,0.25018,0.24075,0.23257,0.22344,0.21556,0.20685,0.19932,0.19113,0.18399,0.17649,0.16984
-0.0078468,-0.0016898,0.035879,0.082397,0.12312,0.15883,0.19147,0.22141,0.24741,0.26792,0.28274,0.29051,0.29351,0.29043,0.28505,0.27578,0.26636,0.2547,0.24403,0.23155,0.2206,0.20776,0.19663,0.18369,0.17247,0.15987,0.14814,0.13738,0.12703,0.11727,0.10882,0.10043,0.093975,0.087102,0.082602,0.077257,0.074499,0.070608,0.069274,0.066701
0.029984,0.043714,0.11159,0.16575,0.19926,0.22386,0.24182,0.2514,0.2531,0.24557,0.23302,0.21454,0.1953,0.17261,0.15138,0.12715,0.10526,0.080661,0.058702,0.034975,0.013741,-0.0079966,-0.027829,-0.046838,-0.064905,-0.081456,-0.096812,-0.11271,-0.12678,-0.14215,-0.15585,-0.17159,-0.1856,-0.20256,-0.21744,-0.23639,-0.25234,-0.27376,-0.29075,-0.3147
0.052663,0.080249,0.17734,0.23012,0.25818,0.27658,0.28573,0.28606,0.28056,0.27116,0.26054,0.2479,0.23522,0.22013,0.2052,0.18882,0.17279,0.15785,0.14284,0.1311,0.11836,0.11004,0.099764,0.094125,0.085972,0.082467,0.079684,0.074696,0.074074,0.071171,0.07307,0.072897,0.077617,0.081005,0.089004,0.096793,0.10799,0.12028,0.13418,0.14998
0.057141,0.076552,0.15886,0.23066,0.27843,0.29963,0.29556,0.27232,0.24049,0.20341,0.1662,0.1266,0.088396,0.049173,0.01175,-0.025592,-0.062028,-0.098663,-0.13625,-0.1747,-0.21656,-0.25873,-0.30757,-0.35371,-0.41047,-0.45871,-0.50696,-0.56751,-0.6115,-0.66689,-0.70227,-0.74545,-0.77116,-0.79978,-0.81767,-0.83346,-0.8478,-0.85452,-0.86747,-0.86829
0.12503,0.13416,0.26588,0.40072,0.45438,0.45943,0.43348,0.38969,0.34012,0.28842,0.23958,0.19327,0.15159,0.11285,0.077349,0.042886,0.0098084,-0.023537,-0.056682,-0.089413,-0.12271,-0.15309,-0.18447,-0.21083,-0.238,-0.25896,-0.27805,-0.29696,-0.31256,-0.3275,-0.34051,-0.35276,-0.36455,-0.37524,-0.3872,-0.39758,-0.40878,-0.4193,-0.42915,-0.43974
0.16805,0.17363,0.1718,0.14191,0.10873,0.070864,0.028397,-0.018745,-0.066771,-0.11531,-0.16217,-0.20742,-0.25252,-0.29684,-0.34387,-0.39048,-0.44214,-0.48987,-0.54344,-0.58558,-0.63234,-0.66271,-0.6956,-0.71244,-0.73056,-0.73991,-0.74841,-0.75345,-0.75974,-0.76105,-0.76625,-0.76591,-0.77103,-0.77059,-0.77319,-0.77217,-0.7716,-0.76801,-0.76619,-0.75809
0.027756,0.050405,0.17952,0.25417,0.23158,0.16013,0.069175,-0.029607,-0.12515,-0.21471,-0.29412,-0.36597,-0.43248,-0.49542,-0.55944,-0.61866,-0.68151,-0.73248,-0.7853,-0.82059,-0.85543,-0.87558,-0.89398,-0.90522,-0.91317,-0.92103,-0.92865,-0.93068,-0.93693,-0.93766,-0.94138,-0.9405,-0.94283,-0.93929,-0.93811,-0.92794,-0.93584,-0.92199,-0.92664,-0.90473
0.25563,0.25258,0.26296,0.23723,0.16773,0.090464,0.015346,-0.059933,-0.13477,-0.20883,-0.28306,-0.35623,-0.43148,-0.50064,-0.57093,-0.62533,-0.67836,-0.71199,-0.7434,-0.76123,-0.77715,-0.78785,-0.79624,-0.80491,-0.81051,-0.81957,-0.8263,-0.83208,-0.83801,-0.84376,-0.84602,-0.84868,-0.85413,-0.85458,-0.85772,-0.85267,-0.8597,-0.84831,-0.85573,-0.835
0.02622,0.032079,0.08222,0.083289,0.014209,-0.07972,-0.17307,-0.25747,-0.33387,-0.40513,-0.47456,-0.54052,-0.60634,-0.66083,-0.7131,-0.74797,-0.77923,-0.79633,-0.81045,-0.8187,-0.82372,-0.82909,-0.83041,-0.83469,-0.83459,-0.83875,-0.8389,-0.83762,-0.83846,-0.83542,-0.83585,-0.82989,-0.83822,-0.83494,-0.83144,-0.82036,-0.80169,-0.76341,-0.78851,-0.7487
0.078698,0.081634,0.10903,0.081692,-0.010042,-0.11391,-0.19686,-0.25038,-0.28681,-0.31194,-0.33456,-0.35047,-0.36526,-0.37338,-0.37999,-0.38244,-0.38388,-0.38404,-0.38353,-0.38303,-0.38191,-0.38177,-0.38095,-0.37976,-0.37815,-0.3772,-0.37724,-0.37406,-0.37755,-0.37505,-0.37487,-0.36835,-0.36501,-0.34707,-0.3551,-0.33241,-0.36836,-0.35974,-0.31085,-0.27033
0.10628,0.132,0.16342,0.080107,-0.042838,-0.17167,-0.28899,-0.38629,-0.4681,-0.53097,-0.58692,-0.62537,-0.6615,-0.68624,-0.71166,-0.7346,-0.75865,-0.78634,-0.81291,-0.84275,-0.86891,-0.89347,-0.91205,-0.92847,-0.93417,-0.94987,-0.95571,-0.94731,-0.95236,-0.9252,-0.94412,-0.90295,-0.91705,-0.8438,-0.81283,-0.68475,-0.76925,-0.6515,-0.73218,-0.61518
0.59379,0.58257,0.49997,0.38355,0.24547,0.085695,-0.080232,-0.2369,-0.37631,-0.48567,-0.57423,-0.63077,-0.67335,-0.69842,-0.71618,-0.72919,-0.73728,-0.74648,-0.75074,-0.75729,-0.75964,-0.76028,-0.75584,-0.75543,-0.73734,-0.75691,-0.76171,-0.74662,-0.73055,-0.67503,-0.70866,-0.64427,-0.69874,-0.63483,-0.48475,-0.33748,-0.22735,-0.090558,-0.087378,0.047633
0.23538,0.2585,0.28082,0.21978,0.10214,-0.052235,-0.21405,-0.36378,-0.48991,-0.58383,-0.65263,-0.69532,-0.72447,-0.74249,-0.75544,-0.766,-0.77546,-0.78457,-0.79475,-0.80343,-0.81509,-0.82098,-0.82966,-0.83297,-0.82958,-0.8416,-0.85226,-0.83838,-0.84516,-0.80472,-0.83692,-0.77859,-0.87069,-0.82304,-0.76211,-0.63591,-0.47979,-0.35576,-0.37496,-0.31409
-0.019887,-0.050667,-0.15253,-0.20879,-0.22462,-0.22133,-0.21254,-0.2023,-0.19227,-0.18292,-0.17439,-0.16574,-0.15792,-0.15028,-0.14345,-0.13803,-0.13327,-0.1303,-0.12803,-0.12601,-0.12559,-0.12293,-0.12249,-0.12273,-0.1257,-0.12635,-0.12234,-0.12364,-0.13301,-0.14568,-0.14998,-0.17078,-0.14007,-0.15606,-0.58527,-0.68676,-0.4349,-0.37586,-0.1627,-0.16031
-0.019887,-0.050667,-0.15253,-0.20879,-0.22462,-0.22133,-0.21254,-0.2023,-0.19227,-0.18292,-0.17439,-0.16574,-0.15792,-0.15028,-0.14345,-0.13803,-0.13327,-0.1303,-0.12803,-0.12601,-0.12559,-0.12293,-0.12249,-0.12273,-0.1257,-0.12635,-0.12234,-0.12364,-0.13301,-0.14568,-0.14998,-0.17078,-0.14007,-0.15606,-0.58527,-0.68676,-0.4349,-0.37586,-0.1627,-0.16031
0.10111,0.064445,-0.10229,-0.22228,-0.30292,-0.35645,-0.37887,-0.36753,-0.33478,-0.28271,-0.22725,-0.16604,-0.11502,-0.068696,-0.045502,-0.034732,-0.057133,-0.083383,-0.14302,-0.17447,-0.21783,-0.23739,-0.19946,-0.28005,-0.19073,-0.28989,-0.52219,-0.40929,-0.61422,-0.527,-0.25487,-0.13103,0.17846,0.28938,0.08458,0.084617,-0.12692,-0.13458,0.029843,0.017936
0.47853,0.43387,0.23833,0.088951,-0.012391,-0.063022,-0.05527,0.0087378,0.1045,0.22651,0.35124,0.47604,0.58617,0.67699,0.7477,0.79529,0.8277,0.84876,0.85909,0.86668,0.86374,0.86164,0.83753,0.86425,0.84678,0.75279,0.73914,0.63842,0.32733,0.3017,0.67,0.67577,0.73262,0.74096,0.56048,0.56281,0.46276,0.45857,0.456,0.4701
0.47853,0.43387,0.23833,0.088951,-0.012391,-0.063022,-0.05527,0.0087378,0.1045,0.22651,0.35124,0.47604,0.58617,0.67699,0.7477,0.79529,0.8277,0.84876,0.85909,0.86668,0.86374,0.86164,0.83753,0.86425,0.84678,0.75279,0.73914,0.63842,0.32733,0.3017,0.67,0.67577,0.73262,0.74096,0.56048,0.56281,0.46276,0.45857,0.456,0.4701
0.47853,0.43387,0.23833,0.088951,-0.012391,-0.063022,-0.05527,0.0087378,0.1045,0.22651,0.35124,0.47604,0.58617,0.67699,0.7477,0.79529,0.8277,0.84876,0.85909,0.86668,0.86374,0.86164,0.83753,0.86425,0.84678,0.75279,0.73914,0.63842,0.32733,0.3017,0.67,0.67577,0.73262,0.74096,0.56048,0.56281,0.46276,0.45857,0.456,0.4701
0.47853,0.43387,0.23833,0.088951,-0.012391,-0.063022,-0.05527,0.0087378,0.1045,0.22651,0.35124,0.47604,0.58617,0.67699,0.7477,0.79529,0.8277,0.84876,0.85909,0.86668,0.86374,0.86164,0.83753,0.86425,0.84678,0.75279,0.73914,0.63842,0.32733,0.3017,0.67,0.67577,0.73262,0.74096,0.56048,0.56281,0.46276,0.45857,0.456,0.4701
0.15025,0.11981,0.043408,0.058786,0.12688,0.19571,0.23763,0.25466,0.26087,0.26506,0.27173,0.28104,0.29653,0.31258,0.33694,0.35758,0.37928,0.40337,0.39507,0.45225,0.41337,0.5964,0.57318,0.81743,0.57204,0.3078,0.28558,0.24559,0.21345,0.21587,0.43722,0.42125,0.22739,0.23069,0.23217,0.23221,0.090908,0.095223,0.27906,0.27595
-0.093528,-0.11449,-0.13279,0.035505,0.24506,0.39487,0.48123,0.52866,0.55427,0.57064,0.57968,0.58504,0.5887,0.58842,0.58884,0.58929,0.59058,0.59059,0.59123,0.59454,0.60043,0.57375,0.55064,0.83042,0.75725,0.60511,0.62167,0.61955,0.50284,0.51097,0.69778,0.69024,0.60663,0.60746,0.61712,0.61691,0.53436,0.54078,0.67152,0.66755
-0.093528,-0.11449,-0.13279,0.035505,0.24506,0.39487,0.48123,0.52866,0.55427,0.57064,0.57968,0.58504,0.5887,0.58842,0.58884,0.58929,0.59058,0.59059,0.59123,0.59454,0.60043,0.57375,0.55064,0.83042,0.75725,0.60511,0.62167,0.61955,0.50284,0.51097,0.69778,0.69024,0.60663,0.60746,0.61712,0.61691,0.53436,0.54078,0.67152,0.66755
-0.093528,-0.11449,-0.13279,0.035505,0.24506,0.39487,0.48123,0.52866,0.55427,0.57064,0.57968,0.58504,0.5887,0.58842,0.58884,0.58929,0.59058,0.59059,0.59123,0.59454,0.60043,0.57375,0.55064,0.83042,0.75725,0.60511,0.62167,0.61955,0.50284,0.51097,0.69778,0.69024,0.60663,0.60746,0.61712,0.61691,0.53436,0.54078,0.67152,0.66755
-0.093528,-0.11449,-0.13279,0.035505,0.24506,0.39487,0.48123,0.52866,0.55427,0.57064,0.57968,0.58504,0.5887,0.58842,0.58884,0.58929,0.59058,0.59059,0.59123,0.59454,0.60043,0.57375,0.55064,0.83042,0.75725,0.60511,0.62167,0.61955,0.50284,0.51097,0.69778,0.69024,0.60663,0.60746,0.61712,0.61691,0.53436,0.54078,0.67152,0.66755
-0.093528,-0.11449,-0.13279,0.035505,0.24506,0.39487,0.48123,0.52866,0.55427,0.57064,0.57968,0.58504,0.5887,0.58842,0.58884,0.58929,0.59058,0.59059,0.59123,0.59454,0.60043,0.57375,0.55064,0.83042,0.75725,0.60511,0.62167,0.61955,0.50284,0.51097,0.69778,0.69024,0.60663,0.60746,0.61712,0.61691,0.53436,0.54078,0.67152,0.66755
-0.093528,-0.11449,-0.13279,0.035505,0.24506,0.39487,0.48123,0.52866,0.55427,0.57064,0.57968,0.58504,0.5887,0.58842,0.58884,0.58929,0.59058,0.59059,0.59123,0.59454,0.60043,0.57375,0.55064,0.83042,0.75725,0.60511,0.62167,0.61955,0.50284,0.51097,0.69778,0.69024,0.60663,0.60746,0.61712,0.61691,0.53436,0.54078,0.67152,0.66755
0.060666,-0.071332,-0.24958,-0.21054,-0.049551,0.17615,0.41135,0.60983,0.75709,0.84965,0.90949,0.94224,0.95984,0.97543,0.97614,0.99162,0.9876,0.99599,0.96932,0.93177,0.83454,0.90798,0.79399,0.44299,0.47734,0.65006,0.81386,0.81624,-0.11001,-0.12246,0.59612,0.6087,0.90848,0.90628,0.54957,0.54033,0.049506,0.06672,0.83119,0.83061
0.060666,-0.071332,-0.24958,-0.21054,-0.049551,0.17615,0.41135,0.60983,0.75709,0.84965,0.90949,0.94224,0.95984,0.97543,0.97614,0.99162,0.9876,0.99599,0.96932,0.93177,0.83454,0.90798,0.79399,0.44299,0.47734,0.65006,0.81386,0.81624,-0.11001,-0.12246,0.59612,0.6087,0.90848,0.90628,0.54957,0.54033,0.049506,0.06672,0.83119,0.83061
-0.32596,-0.25975,-0.12927,0.041507,0.22858,0.39311,0.51217,0.58828,0.6322,0.65322,0.66313,0.66769,0.6688,0.66467,0.63314,0.61538,0.29653,0.59393,0.64505,0.34488,0.37239,-0.99721,-0.97264,0.65976,0.66176,0.37873,-0.8756,-0.79192,0.66374,0.66476,0.37102,0.3679,-0.59816,-0.53074,0.66641,0.6669,0.35836,0.35475,-0.40198,-0.35787
-0.32596,-0.25975,-0.12927,0.041507,0.22858,0.39311,0.51217,0.58828,0.6322,0.65322,0.66313,0.66769,0.6688,0.66467,0.63314,0.61538,0.29653,0.59393,0.64505,0.34488,0.37239,-0.99721,-0.97264,0.65976,0.66176,0.37873,-0.8756,-0.79192,0.66374,0.66476,0.37102,0.3679,-0.59816,-0.53074,0.66641,0.6669,0.35836,0.35475,-0.40198,-0.35787
-0.32596,-0.25975,-0.12927,0.041507,0.22858,0.39311,0.51217,0.58828,0.6322,0.65322,0.66313,0.66769,0.6688,0.66467,0.63314,0.61538,0.29653,0.59393,0.64505,0.34488,0.37239,-0.99721,-0.97264,0.65976,0.66176,0.37873,-0.8756,-0.79192,0.66374,0.66476,0.37102,0.3679,-0.59816,-0.53074,0.66641,0.6669,0.35836,0.35475,-0.40198,-0.35787
-0.32596,-0.25975,-0.12927,0.041507,0.22858,0.39311,0.51217,0.58828,0.6322,0.65322,0.66313,0.66769,0.6688,0.66467,0.63314,0.61538,0.29653,0.59393,0.64505,0.34488,0.37239,-0.99721,-0.97264,0.65976,0.66176,0.37873,-0.8756,-0.79192,0.66374,0.66476,0.37102,0.3679,-0.59816,-0.53074,0.66641,0.6669,0.35836,0.35475,-0.40198,-0.35787
-0.32596,-0.25975,-0.12927,0.041507,0.22858,0.39311,0.51217,0.58828,0.6322,0.65322,0.66313,0.66769,0.6688,0.66467,0.63314,0.61538,0.29653,0.59393,0.64505,0.34488,0.37239,-0.99721,-0.97264,0.65976,0.66176,0.37873,-0.8756,-0.79192,0.66374,0.66476,0.37102,0.3679,-0.59816,-0.53074,0.66641,0.6669,0.35836,0.35475,-0.40198,-0.35787
-0.32596,-0.25975,-0.12927,0.041507,0.22858,0.39311,0.51217,0.58828,0.6322,0.65322,0.66313,0.66769,0.6688,0.66467,0.63314,0.61538,0.29653,0.59393,0.64505,0.34488,0.37239,-0.99721,-0.97264,0.65976,0.66176,0.37873,-0.8756,-0.79192,0.66374,0.66476,0.37102,0.3679,-0.59816,-0.53074,0.66641,0.6669,0.35836,0.35475,-0.40198,-0.35787
-0.32596,-0.25975,-0.12927,0.041507,0.22858,0.39311,0.51217,0.58828,0.6322,0.65322,0.66313,0.66769,0.6688,0.66467,0.63314,0.61538,0.29653,0.59393,0.64505,0.34488,0.37239,-0.99721,-0.97264,0.65976,0.66176,0.37873,-0.8756,-0.79192,0.66374,0.66476,0.37102,0.3679,-0.59816,-0.53074,0.66641,0.6669,0.35836,0.35475,-0.40198,-0.35787
-0.32596,-0.25975,-0.12927,0.041507,0.22858,0.39311,0.51217,0.58828,0.6322,0.65322,0.66313,0.66769,0.6688,0.66467,0.63314,0.61538,0.29653,0.59393,0.64505,0.34488,0.37239,-0.99721,-0.97264,0.65976,0.66176,0.37873,-0.8756,-0.79192,0.66374,0.66476,0.37102,0.3679,-0.59816,-0.53074,0.66641,0.6669,0.35836,0.35475,-0.40198,-0.35787
-0.32596,-0.25975,-0.12927,0.041507,0.22858,0.39311,0.51217,0.58828,0.6322,0.65322,0.66313,0.66769,0.6688,0.66467,0.63314,0.61538,0.29653,0.59393,0.64505,0.34488,0.37239,-0.99721,-0.97264,0.65976,0.66176,0.37873,-0.8756,-0.79192,0.66374,0.66476,0.37102,0.3679,-0.59816,-0.53074,0.66641,0.6669,0.35836,0.35475,-0.40198,-0.35787
