-0.00011003,-0.00014463,-0.00033663,-0.00055385,-0.00076563,-0.00097566,-0.0011681,-0.00134,-0.0014786,-0.0015541,-0.0015723,-0.0014603,-0.0012948,-0.00095214,-0.00058888,-1.6705e-05,0.00053394,0.0013222,0.0020452,0.0030304,0.003906,0.005057,0.0060559,0.0073276,0.0084095,0.0097446,0.011059,0.012199,0.013488,0.014586,0.015805,0.016827,0.017954,0.01888,0.019915,0.020747,0.021709,0.022461,0.023382,0.024079
-0.00036001,-0.00046781,-0.00096415,-0.001321,-0.0014917,-0.0013158,-0.00068905,0.00051675,0.0021283,0.004343,0.0067434,0.0096145,0.01236,0.015334,0.017935,0.020624,0.022845,0.025235,0.02715,0.029481,0.031325,0.033915,0.035954,0.039098,0.041568,0.045504,0.049854,0.05349,0.058845,0.063293,0.06973,0.075042,0.082574,0.088754,0.09734,0.10435,0.11391,0.12166,0.1321,0.14051
-0.00064302,-0.00079006,-0.00077257,0.00039463,0.0024243,0.0050651,0.0081155,0.011613,0.0151,0.018691,0.021855,0.025201,0.02812,0.031813,0.035168,0.040097,0.044635,0.051561,0.057851,0.067269,0.075639,0.087734,0.098254,0.1129,0.12539,0.14221,0.15965,0.17483,0.19375,0.20983,0.22974,0.24628,0.26673,0.28336,0.30395,0.32038,0.34082,0.35685,0.37695,0.39246
-0.00090112,-0.0011647,-0.0015051,0.00018863,0.0037998,0.008762,0.014021,0.018986,0.023268,0.027736,0.03204,0.038015,0.04419,0.053463,0.06278,0.076327,0.089302,0.10722,0.12363,0.14534,0.16443,0.18901,0.20982,0.23628,0.25789,0.28523,0.31222,0.33434,0.36116,0.38259,0.4089,0.42939,0.45508,0.47453,0.49946,0.5178,0.54192,0.55916,0.58226,0.59844
-0.0014167,-0.0016277,-0.0022121,-0.0002716,0.0045131,0.010725,0.016803,0.022667,0.028313,0.03589,0.044358,0.057097,0.07072,0.090066,0.10923,0.13463,0.15816,0.188,0.21408,0.24645,0.27337,0.30661,0.33316,0.36621,0.3917,0.42404,0.45548,0.47961,0.51001,0.53254,0.56159,0.58255,0.6096,0.62899,0.65349,0.67127,0.69275,0.7088,0.72743,0.74179
-0.0019034,-0.0019365,-0.00018653,0.0065252,0.015478,0.024951,0.035302,0.048975,0.065863,0.089341,0.1158,0.14937,0.18314,0.22293,0.25956,0.30114,0.33701,0.37724,0.41046,0.44812,0.47818,0.51322,0.54022,0.57273,0.59691,0.62687,0.65433,0.67537,0.69921,0.71776,0.73771,0.75375,0.77021,0.78387,0.79707,0.80853,0.81881,0.82823,0.83615,0.84377
0.00036416,0.0012268,0.0091156,0.02011,0.029969,0.04041,0.053315,0.072076,0.095363,0.12659,0.15997,0.20035,0.23864,0.28252,0.32082,0.36386,0.3995,0.44004,0.47227,0.51039,0.53938,0.57507,0.60113,0.63387,0.65727,0.6859,0.71099,0.73064,0.75135,0.76819,0.78484,0.79907,0.81233,0.82424,0.83485,0.84479,0.85345,0.86181,0.86906,0.87619
0.0022911,0.0052232,0.027493,0.055472,0.080227,0.10643,0.1373,0.17611,0.2191,0.26782,0.31481,0.36418,0.40774,0.45236,0.48983,0.52867,0.56027,0.59423,0.62111,0.6513,0.6747,0.70104,0.72147,0.74377,0.76144,0.77973,0.79539,0.80937,0.82191,0.83364,0.84389,0.85381,0.86248,0.87106,0.87861,0.88621,0.89298,0.89984,0.90595,0.91217
-0.00041502,0.0029159,0.018803,0.0332,0.046837,0.065791,0.093531,0.13398,0.18179,0.23907,0.29443,0.35435,0.40587,0.46158,0.50642,0.55716,0.59585,0.64044,0.67366,0.71026,0.73807,0.76637,0.78885,0.80967,0.82722,0.84187,0.85408,0.86549,0.87445,0.88303,0.88985,0.89647,0.90195,0.90729,0.9119,0.91638,0.92024,0.92402,0.92703,0.93006
-0.0064716,0.0090927,0.06486,0.095567,0.12408,0.16459,0.21517,0.27398,0.33168,0.39114,0.44315,0.49657,0.541,0.58905,0.62726,0.66989,0.70285,0.73799,0.76548,0.79279,0.81494,0.83513,0.85246,0.86729,0.88072,0.89208,0.9022,0.91173,0.9199,0.92775,0.93442,0.94092,0.9462,0.95142,0.95562,0.9597,0.96308,0.96625,0.9683,0.97051
0.012377,0.029356,0.098344,0.14509,0.18537,0.23942,0.30519,0.37732,0.44502,0.50883,0.56255,0.61165,0.65161,0.6892,0.71971,0.74939,0.7737,0.79693,0.81633,0.8339,0.84911,0.8621,0.87392,0.88409,0.89363,0.90211,0.90996,0.91759,0.92429,0.93092,0.93629,0.94174,0.94605,0.95035,0.95359,0.95685,0.95849,0.96058,0.96179,0.96304
-0.0030207,-0.0010425,0.011466,0.032693,0.070285,0.12824,0.19924,0.27841,0.35434,0.43224,0.49938,0.56855,0.62376,0.67981,0.72351,0.76525,0.79851,0.8276,0.85192,0.87191,0.88939,0.90361,0.91644,0.92689,0.93659,0.94443,0.95112,0.95747,0.96227,0.96686,0.9703,0.97354,0.97531,0.97727,0.97853,0.97964,0.98039,0.98087,0.98145,0.98152
-0.0069939,0.0088687,0.0807,0.14568,0.21921,0.30762,0.39592,0.47615,0.54215,0.60003,0.64665,0.68998,0.72495,0.75713,0.78346,0.80597,0.82489,0.83946,0.85219,0.86163,0.87013,0.87682,0.88308,0.88879,0.89435,0.89951,0.90435,0.90923,0.91369,0.91798,0.92051,0.92335,0.92535,0.92696,0.92808,0.92853,0.92961,0.9293,0.93036,0.92953
0.0066919,0.0097192,0.035681,0.08592,0.16262,0.25977,0.35758,0.44557,0.51707,0.57855,0.62754,0.67317,0.71003,0.74456,0.77292,0.79755,0.81857,0.83593,0.85147,0.86458,0.87684,0.88754,0.89785,0.90642,0.91482,0.92116,0.92674,0.93203,0.93514,0.93836,0.94032,0.94201,0.94323,0.94384,0.94485,0.94478,0.94577,0.94531,0.94671,0.94622
-0.0070788,-0.00062479,0.037902,0.088105,0.16282,0.26357,0.37094,0.47414,0.56149,0.64061,0.70327,0.75887,0.80285,0.83927,0.86892,0.89124,0.91016,0.92402,0.93614,0.94547,0.95377,0.96042,0.96631,0.97081,0.97471,0.97807,0.98008,0.98189,0.98317,0.98399,0.98477,0.9849,0.98564,0.98538,0.98623,0.98581,0.98636,0.98566,0.98591,0.9847
0.049928,0.059843,0.11865,0.20097,0.29161,0.38116,0.45989,0.52661,0.58084,0.62855,0.66846,0.70589,0.73839,0.76856,0.79611,0.82156,0.84598,0.86826,0.89022,0.90874,0.92698,0.94029,0.9533,0.96177,0.96994,0.97386,0.97732,0.98018,0.98229,0.98338,0.98495,0.98505,0.98674,0.9865,0.98733,0.98654,0.98817,0.98739,0.98796,0.98666
-0.014305,0.0045211,0.10319,0.22284,0.34145,0.44411,0.52715,0.60036,0.66228,0.71966,0.76779,0.80956,0.84454,0.87346,0.89824,0.9187,0.93673,0.95106,0.96392,0.97285,0.9809,0.9861,0.99059,0.9928,0.99475,0.99586,0.99697,0.99723,0.99811,0.9979,0.99886,0.99852,0.9988,0.99805,0.9987,0.99771,0.99825,0.99682,0.99667,0.99396
-0.014305,0.0045211,0.10319,0.22284,0.34145,0.44411,0.52715,0.60036,0.66228,0.71966,0.76779,0.80956,0.84454,0.87346,0.89824,0.9187,0.93673,0.95106,0.96392,0.97285,0.9809,0.9861,0.99059,0.9928,0.99475,0.99586,0.99697,0.99723,0.99811,0.9979,0.99886,0.99852,0.9988,0.99805,0.9987,0.99771,0.99825,0.99682,0.99667,0.99396
0.18368,0.20917,0.36122,0.50771,0.60807,0.68249,0.73678,0.77638,0.80517,0.82756,0.84496,0.8597,0.87259,0.88474,0.89702,0.90924,0.9224,0.93388,0.94582,0.95464,0.96304,0.96752,0.97157,0.97413,0.97544,0.97714,0.97891,0.97875,0.98019,0.97965,0.98056,0.97955,0.9802,0.97849,0.97906,0.97621,0.97587,0.97036,0.97013,0.96048
-0.03069,-0.015541,0.1651,0.39393,0.5454,0.64356,0.70698,0.75006,0.78088,0.80529,0.82508,0.84373,0.86128,0.87913,0.89683,0.91254,0.92767,0.93905,0.94935,0.95576,0.96115,0.96419,0.9659,0.96758,0.96709,0.96885,0.96905,0.96734,0.96824,0.96605,0.96587,0.96238,0.96262,0.95753,0.95452,0.94391,0.94872,0.93487,0.93641,0.91497
-0.014149,-0.009248,0.052399,0.16952,0.31039,0.45499,0.58249,0.69139,0.77555,0.83875,0.88522,0.9168,0.93996,0.95596,0.9683,0.9769,0.98368,0.9883,0.99178,0.99371,0.99506,0.99605,0.99626,0.99713,0.9968,0.99794,0.9982,0.99774,0.99819,0.99742,0.99784,0.99652,0.99669,0.99413,0.99303,0.98711,0.99282,0.98658,0.98639,0.97444
-0.014149,-0.009248,0.052399,0.16952,0.31039,0.45499,0.58249,0.69139,0.77555,0.83875,0.88522,0.9168,0.93996,0.95596,0.9683,0.9769,0.98368,0.9883,0.99178,0.99371,0.99506,0.99605,0.99626,0.99713,0.9968,0.99794,0.9982,0.99774,0.99819,0.99742,0.99784,0.99652,0.99669,0.99413,0.99303,0.98711,0.99282,0.98658,0.98639,0.97444
0.14802,0.17618,0.37503,0.56951,0.67298,0.73086,0.7666,0.79072,0.80683,0.8187,0.82746,0.83536,0.84347,0.85298,0.86474,0.87686,0.88961,0.89852,0.90576,0.91077,0.91265,0.91612,0.91501,0.91965,0.91876,0.91871,0.92037,0.91732,0.91816,0.91246,0.90818,0.89264,0.904,0.88385,0.89177,0.86398,0.87141,0.83705,0.8451,0.81402
0.14802,0.17618,0.37503,0.56951,0.67298,0.73086,0.7666,0.79072,0.80683,0.8187,0.82746,0.83536,0.84347,0.85298,0.86474,0.87686,0.88961,0.89852,0.90576,0.91077,0.91265,0.91612,0.91501,0.91965,0.91876,0.91871,0.92037,0.91732,0.91816,0.91246,0.90818,0.89264,0.904,0.88385,0.89177,0.86398,0.87141,0.83705,0.8451,0.81402
-0.042239,-0.0078712,0.22314,0.43961,0.55289,0.61267,0.64738,0.67133,0.68942,0.7077,0.72611,0.74658,0.76729,0.78486,0.8005,0.81036,0.81774,0.82167,0.8229,0.82472,0.8234,0.82331,0.82022,0.82172,0.81888,0.81949,0.81839,0.8141,0.81575,0.80943,0.81009,0.79783,0.80628,0.79035,0.80649,0.79049,0.7691,0.72739,0.73906,0.69689
-0.046496,-0.0021279,0.26185,0.47972,0.5883,0.6479,0.68207,0.70008,0.70861,0.71511,0.72416,0.74103,0.76485,0.78861,0.81239,0.82797,0.83959,0.84811,0.85139,0.85808,0.85912,0.86171,0.86044,0.86298,0.85989,0.86015,0.85847,0.84798,0.85603,0.84251,0.84378,0.81693,0.82368,0.78615,0.83145,0.80543,0.76802,0.70106,0.71995,0.67412
-0.046496,-0.0021279,0.26185,0.47972,0.5883,0.6479,0.68207,0.70008,0.70861,0.71511,0.72416,0.74103,0.76485,0.78861,0.81239,0.82797,0.83959,0.84811,0.85139,0.85808,0.85912,0.86171,0.86044,0.86298,0.85989,0.86015,0.85847,0.84798,0.85603,0.84251,0.84378,0.81693,0.82368,0.78615,0.83145,0.80543,0.76802,0.70106,0.71995,0.67412
-0.046496,-0.0021279,0.26185,0.47972,0.5883,0.6479,0.68207,0.70008,0.70861,0.71511,0.72416,0.74103,0.76485,0.78861,0.81239,0.82797,0.83959,0.84811,0.85139,0.85808,0.85912,0.86171,0.86044,0.86298,0.85989,0.86015,0.85847,0.84798,0.85603,0.84251,0.84378,0.81693,0.82368,0.78615,0.83145,0.80543,0.76802,0.70106,0.71995,0.67412
0.57728,0.57814,0.60383,0.65343,0.69522,0.7245,0.73855,0.74243,0.74162,0.74381,0.74744,0.75531,0.76292,0.7682,0.7704,0.76849,0.76238,0.75566,0.7431,0.7336,0.71626,0.70435,0.6831,0.66881,0.64444,0.62808,0.61651,0.59902,0.59267,0.59443,0.56779,0.57636,0.5789,0.61908,0.61449,0.67334,0.54189,0.57482,0.47689,0.52463
0.1875,0.22454,0.33883,0.47374,0.60298,0.70966,0.78569,0.83948,0.88174,0.91703,0.94624,0.96706,0.98144,0.98885,0.99312,0.99548,0.99614,0.99753,0.99751,0.99774,0.99667,0.99731,0.99522,0.99377,0.98621,0.99245,0.9931,0.98464,0.98487,0.9681,0.99087,0.98253,0.94935,0.91649,0.92553,0.90176,0.82708,0.79735,0.69052,0.64191
0.1875,0.22454,0.33883,0.47374,0.60298,0.70966,0.78569,0.83948,0.88174,0.91703,0.94624,0.96706,0.98144,0.98885,0.99312,0.99548,0.99614,0.99753,0.99751,0.99774,0.99667,0.99731,0.99522,0.99377,0.98621,0.99245,0.9931,0.98464,0.98487,0.9681,0.99087,0.98253,0.94935,0.91649,0.92553,0.90176,0.82708,0.79735,0.69052,0.64191
0.1875,0.22454,0.33883,0.47374,0.60298,0.70966,0.78569,0.83948,0.88174,0.91703,0.94624,0.96706,0.98144,0.98885,0.99312,0.99548,0.99614,0.99753,0.99751,0.99774,0.99667,0.99731,0.99522,0.99377,0.98621,0.99245,0.9931,0.98464,0.98487,0.9681,0.99087,0.98253,0.94935,0.91649,0.92553,0.90176,0.82708,0.79735,0.69052,0.64191
0.1875,0.22454,0.33883,0.47374,0.60298,0.70966,0.78569,0.83948,0.88174,0.91703,0.94624,0.96706,0.98144,0.98885,0.99312,0.99548,0.99614,0.99753,0.99751,0.99774,0.99667,0.99731,0.99522,0.99377,0.98621,0.99245,0.9931,0.98464,0.98487,0.9681,0.99087,0.98253,0.94935,0.91649,0.92553,0.90176,0.82708,0.79735,0.69052,0.64191
-0.084894,-0.0065175,0.3225,0.51719,0.62435,0.70789,0.78022,0.84514,0.9,0.93669,0.96105,0.97426,0.98169,0.98741,0.99005,0.99234,0.99303,0.99411,0.99311,0.99256,0.98573,0.99126,0.98056,0.98172,0.95414,0.98163,0.97873,0.9539,0.92884,0.87113,0.76197,0.64917,0.47546,0.25868,0.44417,0.43863,0.72732,0.73587,0.59007,0.62225
-0.084894,-0.0065175,0.3225,0.51719,0.62435,0.70789,0.78022,0.84514,0.9,0.93669,0.96105,0.97426,0.98169,0.98741,0.99005,0.99234,0.99303,0.99411,0.99311,0.99256,0.98573,0.99126,0.98056,0.98172,0.95414,0.98163,0.97873,0.9539,0.92884,0.87113,0.76197,0.64917,0.47546,0.25868,0.44417,0.43863,0.72732,0.73587,0.59007,0.62225
-0.084894,-0.0065175,0.3225,0.51719,0.62435,0.70789,0.78022,0.84514,0.9,0.93669,0.96105,0.97426,0.98169,0.98741,0.99005,0.99234,0.99303,0.99411,0.99311,0.99256,0.98573,0.99126,0.98056,0.98172,0.95414,0.98163,0.97873,0.9539,0.92884,0.87113,0.76197,0.64917,0.47546,0.25868,0.44417,0.43863,0.72732,0.73587,0.59007,0.62225
-0.084894,-0.0065175,0.3225,0.51719,0.62435,0.70789,0.78022,0.84514,0.9,0.93669,0.96105,0.97426,0.98169,0.98741,0.99005,0.99234,0.99303,0.99411,0.99311,0.99256,0.98573,0.99126,0.98056,0.98172,0.95414,0.98163,0.97873,0.9539,0.92884,0.87113,0.76197,0.64917,0.47546,0.25868,0.44417,0.43863,0.72732,0.73587,0.59007,0.62225
-0.084894,-0.0065175,0.3225,0.51719,0.62435,0.70789,0.78022,0.84514,0.9,0.93669,0.96105,0.97426,0.98169,0.98741,0.99005,0.99234,0.99303,0.99411,0.99311,0.99256,0.98573,0.99126,0.98056,0.98172,0.95414,0.98163,0.97873,0.9539,0.92884,0.87113,0.76197,0.64917,0.47546,0.25868,0.44417,0.43863,0.72732,0.73587,0.59007,0.62225
-0.084894,-0.0065175,0.3225,0.51719,0.62435,0.70789,0.78022,0.84514,0.9,0.93669,0.96105,0.97426,0.98169,0.98741,0.99005,0.99234,0.99303,0.99411,0.99311,0.99256,0.98573,0.99126,0.98056,0.98172,0.95414,0.98163,0.97873,0.9539,0.92884,0.87113,0.76197,0.64917,0.47546,0.25868,0.44417,0.43863,0.72732,0.73587,0.59007,0.62225
0.18634,0.23911,0.4953,0.64942,0.72894,0.77647,0.81426,0.8444,0.86453,0.87384,0.87585,0.87326,0.8666,0.86059,0.85198,0.84535,0.83761,0.83229,0.82701,0.8255,0.82344,0.82326,0.81877,0.8243,0.82109,0.83626,0.85552,0.85014,0.89391,0.8712,0.75658,0.70917,0.80216,0.80982,0.80073,0.80008,0.8528,0.85663,0.87687,0.87628
