0.067145,0.078348,0.13516,0.18736,0.22663,0.25852,0.28384,0.30435,0.32108,0.33626,0.34954,0.363,0.37487,0.38751,0.39838,0.41019,0.42011,0.431,0.44002,0.44999,0.45818,0.46729,0.47474,0.48311,0.48992,0.49764,0.50494,0.51111,0.51793,0.52369,0.53012,0.53553,0.54163,0.54675,0.55256,0.55742,0.56294,0.56757,0.57281,0.57721
0.071913,0.098084,0.21266,0.28647,0.32812,0.36022,0.38683,0.41005,0.42956,0.4475,0.46276,0.4776,0.49035,0.50338,0.51462,0.52656,0.53682,0.54793,0.55743,0.56766,0.57635,0.58547,0.59321,0.60096,0.60756,0.61371,0.61885,0.62344,0.62686,0.63,0.6317,0.6334,0.63342,0.63371,0.63212,0.63104,0.6279,0.62549,0.62086,0.61713
0.12748,0.15927,0.26778,0.32899,0.36672,0.39747,0.42409,0.44851,0.47018,0.49094,0.5094,0.52762,0.54367,0.55942,0.57305,0.58573,0.59648,0.60547,0.61297,0.61801,0.62214,0.62331,0.62417,0.62171,0.61948,0.61363,0.6063,0.59929,0.58879,0.57872,0.56505,0.55175,0.53487,0.51812,0.49791,0.47741,0.45379,0.42923,0.4022,0.3733
0.25292,0.27605,0.3493,0.39359,0.42775,0.45824,0.48536,0.51048,0.53312,0.55461,0.57363,0.5909,0.60561,0.61753,0.62725,0.63351,0.63825,0.63924,0.63941,0.63574,0.63172,0.62391,0.61589,0.60436,0.59238,0.57757,0.56178,0.54389,0.52548,0.50398,0.48351,0.45876,0.43709,0.4098,0.38808,0.35935,0.33903,0.31035,0.29311,0.26628
0.21366,0.23958,0.35571,0.43715,0.48473,0.51818,0.54408,0.56544,0.58284,0.59607,0.60563,0.61017,0.61181,0.60822,0.60267,0.59152,0.57894,0.56019,0.53994,0.51336,0.4845,0.44992,0.41149,0.36925,0.32069,0.27184,0.22152,0.16033,0.10713,0.040433,-0.011827,-0.079651,-0.12724,-0.19138,-0.23137,-0.28766,-0.31946,-0.36551,-0.39024,-0.42551
0.22946,0.25848,0.35306,0.40679,0.44832,0.4866,0.52034,0.54815,0.56915,0.58255,0.59009,0.59047,0.58676,0.57614,0.56237,0.54179,0.51804,0.48841,0.4548,0.41794,0.37572,0.33507,0.28762,0.24844,0.20139,0.16971,0.14246,0.10912,0.092825,0.071268,0.064804,0.054274,0.054703,0.052662,0.056423,0.059902,0.06482,0.071536,0.076346,0.084787
0.23578,0.26374,0.35335,0.40281,0.44132,0.4765,0.50581,0.52689,0.53946,0.5422,0.53749,0.52288,0.50195,0.4707,0.43336,0.3867,0.3334,0.27522,0.2093,0.14714,0.076208,0.02059,-0.043988,-0.083731,-0.13149,-0.15201,-0.16713,-0.18361,-0.1866,-0.18868,-0.18563,-0.17902,-0.17351,-0.16215,-0.15496,-0.14056,-0.13498,-0.1198,-0.11348,-0.098153
0.29184,0.31479,0.38962,0.42742,0.45045,0.46768,0.47875,0.48241,0.47947,0.46846,0.4517,0.42733,0.39831,0.36507,0.3284,0.29367,0.25667,0.22871,0.19929,0.18364,0.16638,0.16253,0.15651,0.15994,0.16106,0.16722,0.17255,0.17758,0.18255,0.18761,0.19146,0.19573,0.19865,0.20185,0.20475,0.20732,0.21014,0.21276,0.2161,0.22026
0.3614,0.38025,0.45128,0.49872,0.53517,0.56619,0.59061,0.60903,0.62203,0.63099,0.63545,0.63845,0.63766,0.63964,0.63843,0.64393,0.64642,0.65729,0.66474,0.67927,0.68981,0.70498,0.716,0.72907,0.73855,0.74834,0.75644,0.76239,0.76716,0.77027,0.774,0.77547,0.77666,0.77632,0.77762,0.77682,0.77792,0.77755,0.77319,0.76966
0.17651,0.20529,0.31352,0.38337,0.42624,0.45594,0.47544,0.48657,0.4899,0.487,0.47947,0.47166,0.46333,0.46092,0.46007,0.46692,0.47478,0.48762,0.50028,0.5144,0.528,0.54127,0.55432,0.56648,0.57905,0.59043,0.60121,0.61369,0.62347,0.6362,0.64452,0.65705,0.66314,0.674,0.67639,0.68223,0.68651,0.68711,0.68505,0.67403
0.25916,0.3119,0.46648,0.53725,0.57311,0.59453,0.60582,0.60802,0.60237,0.59052,0.57384,0.55766,0.54037,0.53064,0.52178,0.52243,0.52324,0.53003,0.53583,0.54378,0.55045,0.55697,0.56258,0.56737,0.57146,0.57498,0.57812,0.58073,0.58294,0.58553,0.58522,0.58705,0.58535,0.58571,0.58557,0.58613,0.59477,0.60431,0.59954,0.61063
0.27375,0.29266,0.36012,0.40429,0.42913,0.44301,0.44941,0.45218,0.45323,0.45572,0.45999,0.46692,0.47509,0.48305,0.49055,0.49583,0.50012,0.50318,0.50481,0.50694,0.50728,0.50906,0.50906,0.51061,0.5108,0.51184,0.51085,0.51092,0.50975,0.50926,0.50791,0.50653,0.50945,0.51083,0.50806,0.50739,0.50081,0.49373,0.50553,0.50466
0.21763,0.23852,0.3348,0.40492,0.45521,0.50353,0.55104,0.59819,0.6411,0.68078,0.71486,0.7437,0.76724,0.78546,0.79997,0.81086,0.81946,0.82647,0.83194,0.83718,0.84148,0.84612,0.85057,0.85437,0.85874,0.86269,0.86473,0.86667,0.8697,0.86782,0.87134,0.86368,0.86373,0.8442,0.85804,0.83473,0.85028,0.81776,0.84527,0.8072
0.26053,0.27576,0.33971,0.39,0.43346,0.4815,0.53151,0.58197,0.62838,0.67128,0.70731,0.73794,0.76192,0.78169,0.79655,0.80937,0.81854,0.82686,0.83251,0.83748,0.84068,0.84357,0.84528,0.84575,0.84514,0.84675,0.84687,0.84529,0.84523,0.84087,0.84511,0.84092,0.8347,0.82209,0.83435,0.82707,0.78234,0.75638,0.71399,0.65267
0.24802,0.27693,0.35191,0.39011,0.42341,0.46085,0.49697,0.5304,0.55948,0.58684,0.61062,0.63197,0.64979,0.66475,0.6771,0.68775,0.69714,0.70614,0.71563,0.72408,0.73524,0.74251,0.75388,0.75762,0.76241,0.76687,0.7738,0.76366,0.77785,0.75637,0.79078,0.76157,0.82388,0.7936,0.78447,0.74343,0.69373,0.66354,0.60245,0.60912
0.13665,0.17336,0.25974,0.33621,0.41928,0.49356,0.55392,0.59976,0.6341,0.65476,0.66787,0.67257,0.67381,0.67333,0.67083,0.66996,0.66775,0.66716,0.6662,0.66475,0.66391,0.66237,0.66116,0.65987,0.65708,0.65923,0.65982,0.65658,0.65834,0.65416,0.63864,0.62253,0.60247,0.55577,0.70528,0.76894,0.63296,0.62575,0.58807,0.5958
0.13665,0.17336,0.25974,0.33621,0.41928,0.49356,0.55392,0.59976,0.6341,0.65476,0.66787,0.67257,0.67381,0.67333,0.67083,0.66996,0.66775,0.66716,0.6662,0.66475,0.66391,0.66237,0.66116,0.65987,0.65708,0.65923,0.65982,0.65658,0.65834,0.65416,0.63864,0.62253,0.60247,0.55577,0.70528,0.76894,0.63296,0.62575,0.58807,0.5958
0.41466,0.41969,0.44491,0.51079,0.59467,0.67668,0.74612,0.79897,0.83683,0.86052,0.87585,0.88393,0.88841,0.89144,0.89288,0.89565,0.89833,0.90177,0.90626,0.90878,0.91052,0.91442,0.91041,0.91269,0.89451,0.90735,0.94726,0.93529,0.92028,0.85972,0.83319,0.79669,0.82669,0.84243,0.8045,0.81329,0.64066,0.64307,0.76383,0.77233
0.38648,0.40243,0.46893,0.57061,0.68811,0.78934,0.86033,0.90322,0.92774,0.94112,0.9485,0.95343,0.95614,0.9583,0.95947,0.96012,0.96013,0.96055,0.9598,0.95975,0.95643,0.9603,0.95884,0.95207,0.93972,0.91694,0.90658,0.83751,0.78389,0.79292,0.92891,0.9364,0.8656,0.87154,0.79302,0.79484,0.53037,0.52021,0.78424,0.78705
0.38648,0.40243,0.46893,0.57061,0.68811,0.78934,0.86033,0.90322,0.92774,0.94112,0.9485,0.95343,0.95614,0.9583,0.95947,0.96012,0.96013,0.96055,0.9598,0.95975,0.95643,0.9603,0.95884,0.95207,0.93972,0.91694,0.90658,0.83751,0.78389,0.79292,0.92891,0.9364,0.8656,0.87154,0.79302,0.79484,0.53037,0.52021,0.78424,0.78705
0.38648,0.40243,0.46893,0.57061,0.68811,0.78934,0.86033,0.90322,0.92774,0.94112,0.9485,0.95343,0.95614,0.9583,0.95947,0.96012,0.96013,0.96055,0.9598,0.95975,0.95643,0.9603,0.95884,0.95207,0.93972,0.91694,0.90658,0.83751,0.78389,0.79292,0.92891,0.9364,0.8656,0.87154,0.79302,0.79484,0.53037,0.52021,0.78424,0.78705
0.38648,0.40243,0.46893,0.57061,0.68811,0.78934,0.86033,0.90322,0.92774,0.94112,0.9485,0.95343,0.95614,0.9583,0.95947,0.96012,0.96013,0.96055,0.9598,0.95975,0.95643,0.9603,0.95884,0.95207,0.93972,0.91694,0.90658,0.83751,0.78389,0.79292,0.92891,0.9364,0.8656,0.87154,0.79302,0.79484,0.53037,0.52021,0.78424,0.78705
0.16275,0.18607,0.25759,0.34439,0.46022,0.58453,0.69329,0.77069,0.82351,0.85749,0.88422,0.90455,0.92383,0.93746,0.95093,0.95871,0.96309,0.97061,0.96621,0.97298,0.94991,0.98639,0.97622,0.95633,0.904,0.82954,0.77258,0.62491,0.86581,0.91735,0.71974,0.75246,0.63799,0.64948,0.61618,0.61851,0.62418,0.63803,0.65851,0.6512
0.75374,0.72769,0.71967,0.74157,0.77859,0.81629,0.83835,0.84414,0.84125,0.83704,0.83214,0.82872,0.82643,0.82389,0.8221,0.82156,0.81815,0.8214,0.81669,0.79483,0.75629,0.70829,0.58304,0.84755,0.78668,0.75726,0.6668,0.67029,0.4343,0.44356,0.76185,0.76011,0.76977,0.77087,0.66875,0.66758,0.47352,0.48171,0.75832,0.75821
0.75374,0.72769,0.71967,0.74157,0.77859,0.81629,0.83835,0.84414,0.84125,0.83704,0.83214,0.82872,0.82643,0.82389,0.8221,0.82156,0.81815,0.8214,0.81669,0.79483,0.75629,0.70829,0.58304,0.84755,0.78668,0.75726,0.6668,0.67029,0.4343,0.44356,0.76185,0.76011,0.76977,0.77087,0.66875,0.66758,0.47352,0.48171,0.75832,0.75821
0.75374,0.72769,0.71967,0.74157,0.77859,0.81629,0.83835,0.84414,0.84125,0.83704,0.83214,0.82872,0.82643,0.82389,0.8221,0.82156,0.81815,0.8214,0.81669,0.79483,0.75629,0.70829,0.58304,0.84755,0.78668,0.75726,0.6668,0.67029,0.4343,0.44356,0.76185,0.76011,0.76977,0.77087,0.66875,0.66758,0.47352,0.48171,0.75832,0.75821
0.75374,0.72769,0.71967,0.74157,0.77859,0.81629,0.83835,0.84414,0.84125,0.83704,0.83214,0.82872,0.82643,0.82389,0.8221,0.82156,0.81815,0.8214,0.81669,0.79483,0.75629,0.70829,0.58304,0.84755,0.78668,0.75726,0.6668,0.67029,0.4343,0.44356,0.76185,0.76011,0.76977,0.77087,0.66875,0.66758,0.47352,0.48171,0.75832,0.75821
0.75374,0.72769,0.71967,0.74157,0.77859,0.81629,0.83835,0.84414,0.84125,0.83704,0.83214,0.82872,0.82643,0.82389,0.8221,0.82156,0.81815,0.8214,0.81669,0.79483,0.75629,0.70829,0.58304,0.84755,0.78668,0.75726,0.6668,0.67029,0.4343,0.44356,0.76185,0.76011,0.76977,0.77087,0.66875,0.66758,0.47352,0.48171,0.75832,0.75821
0.75374,0.72769,0.71967,0.74157,0.77859,0.81629,0.83835,0.84414,0.84125,0.83704,0.83214,0.82872,0.82643,0.82389,0.8221,0.82156,0.81815,0.8214,0.81669,0.79483,0.75629,0.70829,0.58304,0.84755,0.78668,0.75726,0.6668,0.67029,0.4343,0.44356,0.76185,0.76011,0.76977,0.77087,0.66875,0.66758,0.47352,0.48171,0.75832,0.75821
0.69265,0.71762,0.79515,0.83762,0.87113,0.89546,0.91317,0.92702,0.94037,0.95281,0.96505,0.9742,0.98023,0.98701,0.98649,0.9954,0.9934,0.99729,0.98187,0.95351,0.89446,0.87399,0.69885,0.94471,0.90628,0.84391,0.79188,0.7986,0.83336,0.84089,0.84821,0.84758,0.91461,0.91496,0.82614,0.82615,0.74154,0.74029,0.86606,0.86794
0.69265,0.71762,0.79515,0.83762,0.87113,0.89546,0.91317,0.92702,0.94037,0.95281,0.96505,0.9742,0.98023,0.98701,0.98649,0.9954,0.9934,0.99729,0.98187,0.95351,0.89446,0.87399,0.69885,0.94471,0.90628,0.84391,0.79188,0.7986,0.83336,0.84089,0.84821,0.84758,0.91461,0.91496,0.82614,0.82615,0.74154,0.74029,0.86606,0.86794
0.44372,0.53157,0.78312,0.90163,0.93913,0.94785,0.94718,0.94486,0.94298,0.94154,0.94078,0.94073,0.94048,0.93942,0.93208,0.92783,0.881,0.92338,0.93452,0.88606,0.88912,0.89703,0.89579,0.93801,0.93849,0.88977,0.89078,0.88659,0.93898,0.93923,0.88884,0.88853,0.87746,0.87463,0.93964,0.93975,0.88744,0.88708,0.86995,0.86862
0.44372,0.53157,0.78312,0.90163,0.93913,0.94785,0.94718,0.94486,0.94298,0.94154,0.94078,0.94073,0.94048,0.93942,0.93208,0.92783,0.881,0.92338,0.93452,0.88606,0.88912,0.89703,0.89579,0.93801,0.93849,0.88977,0.89078,0.88659,0.93898,0.93923,0.88884,0.88853,0.87746,0.87463,0.93964,0.93975,0.88744,0.88708,0.86995,0.86862
0.44372,0.53157,0.78312,0.90163,0.93913,0.94785,0.94718,0.94486,0.94298,0.94154,0.94078,0.94073,0.94048,0.93942,0.93208,0.92783,0.881,0.92338,0.93452,0.88606,0.88912,0.89703,0.89579,0.93801,0.93849,0.88977,0.89078,0.88659,0.93898,0.93923,0.88884,0.88853,0.87746,0.87463,0.93964,0.93975,0.88744,0.88708,0.86995,0.86862
0.44372,0.53157,0.78312,0.90163,0.93913,0.94785,0.94718,0.94486,0.94298,0.94154,0.94078,0.94073,0.94048,0.93942,0.93208,0.92783,0.881,0.92338,0.93452,0.88606,0.88912,0.89703,0.89579,0.93801,0.93849,0.88977,0.89078,0.88659,0.93898,0.93923,0.88884,0.88853,0.87746,0.87463,0.93964,0.93975,0.88744,0.88708,0.86995,0.86862
0.44372,0.53157,0.78312,0.90163,0.93913,0.94785,0.94718,0.94486,0.94298,0.94154,0.94078,0.94073,0.94048,0.93942,0.93208,0.92783,0.881,0.92338,0.93452,0.88606,0.88912,0.89703,0.89579,0.93801,0.93849,0.88977,0.89078,0.88659,0.93898,0.93923,0.88884,0.88853,0.87746,0.87463,0.93964,0.93975,0.88744,0.88708,0.86995,0.86862
0.44372,0.53157,0.78312,0.90163,0.93913,0.94785,0.94718,0.94486,0.94298,0.94154,0.94078,0.94073,0.94048,0.93942,0.93208,0.92783,0.881,0.92338,0.93452,0.88606,0.88912,0.89703,0.89579,0.93801,0.93849,0.88977,0.89078,0.88659,0.93898,0.93923,0.88884,0.88853,0.87746,0.87463,0.93964,0.93975,0.88744,0.88708,0.86995,0.86862
0.44372,0.53157,0.78312,0.90163,0.93913,0.94785,0.94718,0.94486,0.94298,0.94154,0.94078,0.94073,0.94048,0.93942,0.93208,0.92783,0.881,0.92338,0.93452,0.88606,0.88912,0.89703,0.89579,0.93801,0.93849,0.88977,0.89078,0.88659,0.93898,0.93923,0.88884,0.88853,0.87746,0.87463,0.93964,0.93975,0.88744,0.88708,0.86995,0.86862
0.44372,0.53157,0.78312,0.90163,0.93913,0.94785,0.94718,0.94486,0.94298,0.94154,0.94078,0.94073,0.94048,0.93942,0.93208,0.92783,0.881,0.92338,0.93452,0.88606,0.88912,0.89703,0.89579,0.93801,0.93849,0.88977,0.89078,0.88659,0.93898,0.93923,0.88884,0.88853,0.87746,0.87463,0.93964,0.93975,0.88744,0.88708,0.86995,0.86862
0.44372,0.53157,0.78312,0.90163,0.93913,0.94785,0.94718,0.94486,0.94298,0.94154,0.94078,0.94073,0.94048,0.93942,0.93208,0.92783,0.881,0.92338,0.93452,0.88606,0.88912,0.89703,0.89579,0.93801,0.93849,0.88977,0.89078,0.88659,0.93898,0.93923,0.88884,0.88853,0.87746,0.87463,0.93964,0.93975,0.88744,0.88708,0.86995,0.86862
