-0.00071834,-0.00096038,-0.0023428,-0.0038522,-0.0048442,-0.0050716,-0.0048505,-0.004617,-0.0046335,-0.0050753,-0.0057831,-0.0069004,-0.0080932,-0.0095669,-0.010947,-0.012373,-0.013582,-0.014354,-0.014874,-0.014173,-0.013366,-0.010398,-0.0076969,-0.0019256,0.0030122,0.011741,0.02175,0.03048,0.043001,0.053713,0.068291,0.080609,0.096734,0.11025,0.12743,0.14176,0.15953,0.17432,0.1923,0.20724
-0.0022239,-0.0028931,-0.005142,-0.0055666,-0.0061737,-0.0080513,-0.010658,-0.013106,-0.014471,-0.012707,-0.0082359,0.0026215,0.015921,0.037097,0.058704,0.087844,0.1151,0.14866,0.1786,0.21342,0.24362,0.27741,0.30623,0.33756,0.36402,0.39222,0.41823,0.4408,0.46365,0.48341,0.5034,0.52065,0.53819,0.55333,0.56888,0.58229,0.5963,0.60836,0.62122,0.63226
-0.0047003,-0.0020853,0.001941,-0.0017537,-0.0063193,-0.00744,-0.0014653,0.016464,0.043958,0.083971,0.12764,0.17888,0.22765,0.27934,0.32535,0.37144,0.41102,0.44943,0.48185,0.51289,0.53895,0.56402,0.5851,0.60586,0.6234,0.64131,0.65799,0.67262,0.68784,0.70121,0.71538,0.72784,0.74108,0.75275,0.76505,0.77596,0.78725,0.79736,0.80758,0.81684
-0.0073875,-0.0060749,-0.0070733,-0.012017,-0.0097768,0.0081926,0.042948,0.093713,0.15116,0.21457,0.27458,0.33361,0.38511,0.43317,0.47371,0.51118,0.54268,0.57258,0.598,0.62329,0.64504,0.66755,0.68704,0.70754,0.72531,0.74385,0.76096,0.77643,0.79143,0.80514,0.81808,0.83006,0.8411,0.85146,0.86082,0.86974,0.87775,0.88545,0.89231,0.899
-0.0095316,-0.0092054,-0.011154,-0.0055901,0.027704,0.091197,0.17126,0.25685,0.33643,0.40838,0.4686,0.52017,0.56212,0.59836,0.62827,0.65562,0.67896,0.70183,0.72178,0.74203,0.75986,0.77777,0.79367,0.80907,0.82292,0.83586,0.8474,0.85826,0.86776,0.87682,0.88461,0.89216,0.89866,0.90502,0.91047,0.91587,0.92051,0.92515,0.92908,0.93307
-0.011879,-0.012616,-0.010689,0.023618,0.098193,0.1949,0.29318,0.38298,0.45816,0.52033,0.57003,0.6117,0.64613,0.67754,0.70483,0.73144,0.75505,0.77813,0.7987,0.81808,0.83548,0.85124,0.86557,0.87814,0.8898,0.89988,0.90895,0.91763,0.92506,0.93229,0.93841,0.94446,0.94947,0.9545,0.95848,0.96258,0.9657,0.96897,0.97139,0.97394
0.015789,0.011344,0.012013,0.066307,0.16105,0.26796,0.36684,0.45064,0.51757,0.57214,0.61656,0.65628,0.69088,0.72409,0.75376,0.78181,0.8069,0.82935,0.84953,0.86657,0.88214,0.89483,0.90665,0.91614,0.9252,0.93244,0.93888,0.9451,0.95011,0.95501,0.95887,0.96269,0.96566,0.96861,0.97089,0.97314,0.97484,0.97655,0.97787,0.97916
-0.013619,-0.01376,0.013738,0.10434,0.22021,0.33007,0.42115,0.49356,0.55093,0.59938,0.6409,0.67941,0.71376,0.74537,0.77354,0.7982,0.82028,0.83886,0.85582,0.86999,0.88322,0.8943,0.90489,0.91369,0.92226,0.92911,0.93512,0.94104,0.94543,0.94983,0.953,0.95615,0.95826,0.96042,0.96191,0.96335,0.96446,0.96541,0.96643,0.9671
0.0060438,0.0029553,0.053351,0.17434,0.30113,0.41071,0.49662,0.56402,0.61871,0.66726,0.71019,0.74973,0.78472,0.81524,0.84191,0.86391,0.88327,0.8989,0.91294,0.92424,0.93465,0.94292,0.95071,0.95668,0.9624,0.96663,0.97026,0.9737,0.97621,0.97863,0.98045,0.98215,0.98355,0.98476,0.98596,0.98684,0.9879,0.98857,0.98952,0.99006
-0.020986,-0.022946,0.0069783,0.12843,0.27101,0.39143,0.48454,0.55827,0.61908,0.67215,0.71807,0.75702,0.79026,0.81634,0.83867,0.85549,0.87037,0.88177,0.89235,0.90085,0.90905,0.91573,0.92236,0.92769,0.93308,0.93753,0.94151,0.94558,0.94896,0.95236,0.95541,0.9583,0.96108,0.96355,0.96608,0.96822,0.97046,0.97232,0.97403,0.97556
-0.042758,-0.0065709,0.1758,0.34254,0.45373,0.52886,0.58294,0.62791,0.6685,0.7064,0.74091,0.77057,0.79688,0.8182,0.83751,0.85307,0.86763,0.87916,0.8901,0.89828,0.90605,0.9116,0.91682,0.92067,0.92419,0.92747,0.93071,0.93341,0.93679,0.93957,0.9431,0.94615,0.94982,0.95317,0.95673,0.96026,0.96335,0.96677,0.96956,0.97269
0.01152,0.051337,0.26129,0.44072,0.55027,0.62536,0.6835,0.73324,0.77725,0.81531,0.84824,0.87441,0.89666,0.91365,0.92843,0.93976,0.94989,0.95754,0.96444,0.96956,0.97418,0.97752,0.98059,0.98299,0.98508,0.98691,0.98868,0.99,0.99133,0.9923,0.99325,0.99392,0.99455,0.99492,0.99551,0.99568,0.99602,0.99592,0.99648,0.99623
-0.032226,0.010374,0.25706,0.4706,0.5904,0.66795,0.72416,0.76859,0.80543,0.83574,0.86133,0.88213,0.90007,0.9147,0.92776,0.93836,0.94814,0.9557,0.96288,0.96825,0.97346,0.97712,0.98077,0.98346,0.98599,0.98787,0.98972,0.99112,0.99227,0.9931,0.99386,0.99425,0.995,0.99519,0.99565,0.99561,0.99589,0.99553,0.99621,0.99573
-0.0183,0.0057439,0.14364,0.29976,0.42647,0.53189,0.6244,0.70488,0.77206,0.8229,0.86199,0.8893,0.91057,0.92632,0.93937,0.94963,0.95833,0.9651,0.97085,0.97499,0.97853,0.98115,0.98318,0.98518,0.98643,0.98797,0.98888,0.98953,0.99051,0.99103,0.99187,0.99236,0.99263,0.99273,0.99357,0.99357,0.99485,0.99499,0.99475,0.99412
0.028704,0.080508,0.30151,0.47694,0.59373,0.6818,0.75216,0.80756,0.85078,0.88266,0.90792,0.92683,0.94282,0.95459,0.96469,0.97133,0.97691,0.98012,0.98269,0.98437,0.9854,0.98668,0.98722,0.98816,0.98855,0.98953,0.99022,0.99082,0.99138,0.99189,0.99267,0.99313,0.99426,0.99484,0.99477,0.99468,0.99506,0.99439,0.99574,0.99496
-0.057514,-0.013752,0.22539,0.42811,0.55018,0.64115,0.71533,0.77472,0.82246,0.8597,0.89067,0.91505,0.93615,0.95167,0.9651,0.97379,0.98116,0.98536,0.98873,0.99091,0.99219,0.99384,0.99438,0.99519,0.9952,0.99608,0.99649,0.99649,0.99666,0.99632,0.99671,0.9961,0.9971,0.99648,0.99679,0.99558,0.99562,0.99328,0.99608,0.99395
-0.021761,0.029059,0.30307,0.51612,0.62218,0.69679,0.75808,0.80719,0.84662,0.87708,0.902,0.92049,0.93563,0.94576,0.95399,0.95946,0.96393,0.96756,0.97048,0.97344,0.97577,0.97853,0.98076,0.98296,0.98499,0.98678,0.98843,0.98999,0.99148,0.9927,0.99327,0.9936,0.99444,0.99404,0.9956,0.99499,0.99539,0.99386,0.99583,0.99408
-0.018389,0.057767,0.39068,0.60416,0.70135,0.7643,0.81235,0.84711,0.87194,0.88872,0.90128,0.91054,0.91791,0.92306,0.92692,0.92936,0.93092,0.9325,0.93342,0.93537,0.93698,0.93942,0.94209,0.9455,0.94956,0.95277,0.95603,0.96055,0.96397,0.96843,0.97043,0.97351,0.97561,0.97719,0.97949,0.97962,0.97929,0.97582,0.98072,0.97602
-0.0060199,0.062736,0.3762,0.58602,0.69156,0.76639,0.82286,0.86108,0.8864,0.90242,0.91329,0.92088,0.92613,0.93039,0.93341,0.93714,0.94032,0.94483,0.94925,0.95501,0.96088,0.96613,0.97193,0.97617,0.9808,0.98425,0.98659,0.989,0.99106,0.99237,0.99274,0.99219,0.99445,0.99347,0.9948,0.99278,0.99214,0.98709,0.99274,0.98744
-0.033691,0.037057,0.36264,0.57055,0.66175,0.71882,0.75871,0.78568,0.80576,0.82187,0.83759,0.8529,0.86994,0.88701,0.90601,0.92364,0.94184,0.95584,0.9689,0.97723,0.98414,0.98803,0.99015,0.99269,0.99202,0.99598,0.99753,0.99645,0.99787,0.99592,0.99617,0.992,0.99459,0.9888,0.9863,0.9732,0.98169,0.96507,0.9797,0.9605
-0.033691,0.037057,0.36264,0.57055,0.66175,0.71882,0.75871,0.78568,0.80576,0.82187,0.83759,0.8529,0.86994,0.88701,0.90601,0.92364,0.94184,0.95584,0.9689,0.97723,0.98414,0.98803,0.99015,0.99269,0.99202,0.99598,0.99753,0.99645,0.99787,0.99592,0.99617,0.992,0.99459,0.9888,0.9863,0.9732,0.98169,0.96507,0.9797,0.9605
0.38844,0.41732,0.53933,0.63386,0.7067,0.76982,0.8227,0.8639,0.89597,0.91747,0.9314,0.93893,0.94274,0.94597,0.94831,0.95238,0.95673,0.96147,0.96697,0.97186,0.97719,0.98087,0.98473,0.98701,0.98873,0.9904,0.99229,0.99186,0.9929,0.98989,0.99103,0.9842,0.99357,0.9877,0.98006,0.95959,0.98172,0.96484,0.95707,0.92529
0.38844,0.41732,0.53933,0.63386,0.7067,0.76982,0.8227,0.8639,0.89597,0.91747,0.9314,0.93893,0.94274,0.94597,0.94831,0.95238,0.95673,0.96147,0.96697,0.97186,0.97719,0.98087,0.98473,0.98701,0.98873,0.9904,0.99229,0.99186,0.9929,0.98989,0.99103,0.9842,0.99357,0.9877,0.98006,0.95959,0.98172,0.96484,0.95707,0.92529
0.49885,0.51163,0.58466,0.66361,0.72983,0.78114,0.8191,0.84775,0.87296,0.89455,0.91526,0.93248,0.94826,0.96127,0.97144,0.97896,0.98363,0.98708,0.9881,0.99016,0.98893,0.99325,0.99274,0.99119,0.98477,0.98977,0.99207,0.98529,0.98493,0.96757,0.96772,0.93355,0.96683,0.93582,0.88465,0.81581,0.86267,0.78988,0.84921,0.8051
0.49885,0.51163,0.58466,0.66361,0.72983,0.78114,0.8191,0.84775,0.87296,0.89455,0.91526,0.93248,0.94826,0.96127,0.97144,0.97896,0.98363,0.98708,0.9881,0.99016,0.98893,0.99325,0.99274,0.99119,0.98477,0.98977,0.99207,0.98529,0.98493,0.96757,0.96772,0.93355,0.96683,0.93582,0.88465,0.81581,0.86267,0.78988,0.84921,0.8051
0.49885,0.51163,0.58466,0.66361,0.72983,0.78114,0.8191,0.84775,0.87296,0.89455,0.91526,0.93248,0.94826,0.96127,0.97144,0.97896,0.98363,0.98708,0.9881,0.99016,0.98893,0.99325,0.99274,0.99119,0.98477,0.98977,0.99207,0.98529,0.98493,0.96757,0.96772,0.93355,0.96683,0.93582,0.88465,0.81581,0.86267,0.78988,0.84921,0.8051
-0.006884,0.057591,0.34144,0.57381,0.71269,0.78944,0.82868,0.84788,0.85754,0.86393,0.8703,0.88016,0.89409,0.9105,0.92962,0.94432,0.95868,0.96924,0.97742,0.98304,0.98555,0.98979,0.98845,0.99264,0.98885,0.98956,0.99257,0.98379,0.99258,0.98241,0.9713,0.93562,0.96448,0.93132,0.89716,0.82642,0.88206,0.80098,0.82495,0.77513
-0.073242,0.012183,0.35303,0.58827,0.71047,0.7722,0.80646,0.83227,0.85386,0.87261,0.88865,0.90247,0.91516,0.92631,0.93799,0.94712,0.95732,0.96472,0.97251,0.97683,0.98058,0.98308,0.98157,0.98614,0.98071,0.9825,0.9918,0.9843,0.98831,0.97328,0.95786,0.91161,0.94986,0.91068,0.8831,0.83987,0.80396,0.75135,0.68075,0.62372
-0.073242,0.012183,0.35303,0.58827,0.71047,0.7722,0.80646,0.83227,0.85386,0.87261,0.88865,0.90247,0.91516,0.92631,0.93799,0.94712,0.95732,0.96472,0.97251,0.97683,0.98058,0.98308,0.98157,0.98614,0.98071,0.9825,0.9918,0.9843,0.98831,0.97328,0.95786,0.91161,0.94986,0.91068,0.8831,0.83987,0.80396,0.75135,0.68075,0.62372
-0.073242,0.012183,0.35303,0.58827,0.71047,0.7722,0.80646,0.83227,0.85386,0.87261,0.88865,0.90247,0.91516,0.92631,0.93799,0.94712,0.95732,0.96472,0.97251,0.97683,0.98058,0.98308,0.98157,0.98614,0.98071,0.9825,0.9918,0.9843,0.98831,0.97328,0.95786,0.91161,0.94986,0.91068,0.8831,0.83987,0.80396,0.75135,0.68075,0.62372
-0.073242,0.012183,0.35303,0.58827,0.71047,0.7722,0.80646,0.83227,0.85386,0.87261,0.88865,0.90247,0.91516,0.92631,0.93799,0.94712,0.95732,0.96472,0.97251,0.97683,0.98058,0.98308,0.98157,0.98614,0.98071,0.9825,0.9918,0.9843,0.98831,0.97328,0.95786,0.91161,0.94986,0.91068,0.8831,0.83987,0.80396,0.75135,0.68075,0.62372
-0.12383,-0.044818,0.28879,0.54811,0.68747,0.75673,0.79052,0.81022,0.82404,0.83712,0.84792,0.85999,0.86968,0.87896,0.88706,0.89336,0.89916,0.90646,0.91187,0.91373,0.90629,0.91092,0.87469,0.92172,0.89686,0.84905,0.90275,0.82032,0.87087,0.79662,0.46682,0.34089,0.45693,0.41096,0.49789,0.50012,0.30701,0.31648,0.4343,0.45093
0.06467,0.12753,0.40922,0.64405,0.77574,0.84559,0.87766,0.88881,0.8923,0.90003,0.91312,0.9289,0.94659,0.95988,0.97165,0.97964,0.98426,0.98877,0.98753,0.98612,0.96701,0.98289,0.94985,0.98275,0.95311,0.93541,0.92047,0.83039,0.8807,0.80786,0.68403,0.60008,0.32902,0.23069,0.61588,0.61604,0.38504,0.39869,0.5585,0.5666
0.06467,0.12753,0.40922,0.64405,0.77574,0.84559,0.87766,0.88881,0.8923,0.90003,0.91312,0.9289,0.94659,0.95988,0.97165,0.97964,0.98426,0.98877,0.98753,0.98612,0.96701,0.98289,0.94985,0.98275,0.95311,0.93541,0.92047,0.83039,0.8807,0.80786,0.68403,0.60008,0.32902,0.23069,0.61588,0.61604,0.38504,0.39869,0.5585,0.5666
0.06467,0.12753,0.40922,0.64405,0.77574,0.84559,0.87766,0.88881,0.8923,0.90003,0.91312,0.9289,0.94659,0.95988,0.97165,0.97964,0.98426,0.98877,0.98753,0.98612,0.96701,0.98289,0.94985,0.98275,0.95311,0.93541,0.92047,0.83039,0.8807,0.80786,0.68403,0.60008,0.32902,0.23069,0.61588,0.61604,0.38504,0.39869,0.5585,0.5666
0.06467,0.12753,0.40922,0.64405,0.77574,0.84559,0.87766,0.88881,0.8923,0.90003,0.91312,0.9289,0.94659,0.95988,0.97165,0.97964,0.98426,0.98877,0.98753,0.98612,0.96701,0.98289,0.94985,0.98275,0.95311,0.93541,0.92047,0.83039,0.8807,0.80786,0.68403,0.60008,0.32902,0.23069,0.61588,0.61604,0.38504,0.39869,0.5585,0.5666
0.06467,0.12753,0.40922,0.64405,0.77574,0.84559,0.87766,0.88881,0.8923,0.90003,0.91312,0.9289,0.94659,0.95988,0.97165,0.97964,0.98426,0.98877,0.98753,0.98612,0.96701,0.98289,0.94985,0.98275,0.95311,0.93541,0.92047,0.83039,0.8807,0.80786,0.68403,0.60008,0.32902,0.23069,0.61588,0.61604,0.38504,0.39869,0.5585,0.5666
0.06467,0.12753,0.40922,0.64405,0.77574,0.84559,0.87766,0.88881,0.8923,0.90003,0.91312,0.9289,0.94659,0.95988,0.97165,0.97964,0.98426,0.98877,0.98753,0.98612,0.96701,0.98289,0.94985,0.98275,0.95311,0.93541,0.92047,0.83039,0.8807,0.80786,0.68403,0.60008,0.32902,0.23069,0.61588,0.61604,0.38504,0.39869,0.5585,0.5666
0.47838,0.49114,0.57033,0.62687,0.62224,0.59894,0.60314,0.65717,0.74944,0.84001,0.90267,0.94434,0.96233,0.97794,0.98261,0.98344,0.96915,0.98944,0.9804,0.93282,0.8231,0.9392,0.84722,0.79141,0.72462,0.68034,0.58467,0.52345,0.56839,0.57463,0.6646,0.66116,0.62092,0.62377,0.54699,0.54626,0.39492,0.40017,0.77253,0.76597
0.47838,0.49114,0.57033,0.62687,0.62224,0.59894,0.60314,0.65717,0.74944,0.84001,0.90267,0.94434,0.96233,0.97794,0.98261,0.98344,0.96915,0.98944,0.9804,0.93282,0.8231,0.9392,0.84722,0.79141,0.72462,0.68034,0.58467,0.52345,0.56839,0.57463,0.6646,0.66116,0.62092,0.62377,0.54699,0.54626,0.39492,0.40017,0.77253,0.76597
