-4.2666e-05,-5.93e-05,-0.00017382,-0.00034078,-0.00053574,-0.00077231,-0.0010477,-0.0013719,-0.0017267,-0.0021408,-0.0025725,-0.0030784,-0.0035854,-0.0041848,-0.0047663,-0.0054608,-0.0061164,-0.0069075,-0.0076372,-0.0085264,-0.0093305,-0.010319,-0.011198,-0.012286,-0.01324,-0.014427,-0.015645,-0.016737,-0.018036,-0.019189,-0.020509,-0.021683,-0.022933,-0.024056,-0.025109,-0.026083,-0.026781,-0.027488,-0.027666,-0.027985
-0.00016983,-0.00023606,-0.00069219,-0.0013578,-0.0021361,-0.0030818,-0.0041846,-0.0054858,-0.0069131,-0.0085833,-0.01033,-0.01238,-0.014439,-0.016867,-0.01922,-0.021858,-0.024283,-0.026472,-0.028307,-0.028849,-0.02911,-0.026778,-0.024566,-0.018579,-0.013367,-0.0035232,0.0079745,0.018226,0.03296,0.045876,0.063224,0.078283,0.097548,0.11417,0.13467,0.15231,0.17341,0.19155,0.21274,0.23095
-0.00038031,-0.00052865,-0.0015512,-0.0030456,-0.0047965,-0.0069294,-0.0094239,-0.012374,-0.01561,-0.019309,-0.023009,-0.02637,-0.028922,-0.028902,-0.027468,-0.021016,-0.013545,0.00043436,0.014282,0.035011,0.054264,0.079965,0.10303,0.13167,0.15687,0.1866,0.21563,0.2418,0.26993,0.29508,0.32148,0.34498,0.36915,0.39063,0.41228,0.43156,0.4506,0.46761,0.48408,0.49887
-0.0006797,-0.00094493,-0.0027751,-0.0054564,-0.0086071,-0.012453,-0.01692,-0.021702,-0.025753,-0.026206,-0.022956,-0.010847,0.0051507,0.031748,0.059676,0.096841,0.13235,0.17456,0.21296,0.25554,0.29324,0.33313,0.36791,0.40348,0.43424,0.46485,0.49241,0.51685,0.53964,0.55985,0.57815,0.59446,0.60873,0.62154,0.63244,0.64225,0.6503,0.65758,0.66342,0.66869
-0.0010574,-0.0014704,-0.0043242,-0.0085175,-0.013445,-0.01893,-0.023034,-0.021156,-0.011929,0.0090395,0.036488,0.074443,0.11428,0.16082,0.20522,0.25261,0.2956,0.33886,0.37701,0.41378,0.44574,0.47539,0.50101,0.52386,0.54359,0.56027,0.57407,0.5862,0.5954,0.60349,0.60906,0.61395,0.61668,0.6191,0.61993,0.62056,0.62006,0.61944,0.61814,0.61671
-0.0015008,-0.002087,-0.0061442,-0.012121,-0.019096,-0.026434,-0.030612,-0.024215,-0.0059969,0.028913,0.072009,0.12626,0.18077,0.23913,0.29271,0.34539,0.39168,0.43474,0.47178,0.50463,0.53261,0.55592,0.57574,0.59117,0.60426,0.61363,0.62076,0.62683,0.63075,0.63399,0.63614,0.63776,0.63929,0.64025,0.6415,0.64237,0.64328,0.64425,0.64449,0.64544
-0.0019954,-0.0027759,-0.0081836,-0.015436,-0.017109,-0.0025679,0.030908,0.08261,0.14314,0.21099,0.27687,0.34194,0.39999,0.45334,0.49896,0.53875,0.5721,0.59967,0.6225,0.64013,0.65459,0.66491,0.67324,0.67848,0.68259,0.68498,0.6865,0.68739,0.68815,0.68836,0.68876,0.68892,0.68881,0.68905,0.68848,0.68877,0.68843,0.68894,0.68862,0.68943
-0.0026724,-0.0037186,-0.010983,-0.020866,-0.024018,-0.0051903,0.041116,0.11264,0.19431,0.28071,0.36048,0.43389,0.49632,0.54984,0.59381,0.62928,0.65791,0.6795,0.69677,0.70908,0.71892,0.72609,0.73181,0.737,0.74112,0.74634,0.75162,0.75645,0.76194,0.76755,0.77367,0.78017,0.78702,0.79449,0.80192,0.81034,0.8185,0.82787,0.83658,0.84672
-0.0032865,-0.0045742,-0.013535,-0.025246,-0.024674,0.0075976,0.071792,0.15821,0.24899,0.33716,0.41443,0.4808,0.53516,0.57837,0.61254,0.63734,0.65637,0.66873,0.67791,0.68345,0.68732,0.69024,0.69213,0.69447,0.69623,0.69762,0.69856,0.70036,0.70119,0.70329,0.70435,0.70705,0.7091,0.71298,0.71667,0.72234,0.7278,0.73553,0.74264,0.75222
-0.0041437,-0.0057693,-0.016534,-0.021196,-0.00023588,0.048504,0.11807,0.19942,0.2807,0.35556,0.41958,0.47086,0.51128,0.54009,0.56177,0.57587,0.58631,0.59308,0.59815,0.60253,0.60612,0.61029,0.61432,0.61831,0.62301,0.62722,0.63151,0.63724,0.64223,0.64881,0.65468,0.66209,0.66854,0.67633,0.68338,0.69113,0.6985,0.70593,0.71206,0.71854
-0.0048247,-0.0067228,-0.019123,-0.016076,0.038196,0.13447,0.24433,0.34887,0.4378,0.50966,0.56568,0.60703,0.63778,0.65792,0.67219,0.68044,0.68604,0.68982,0.69261,0.69616,0.69937,0.7028,0.70667,0.71067,0.71518,0.71915,0.72322,0.72807,0.7323,0.73704,0.74097,0.74507,0.74897,0.75235,0.75592,0.75863,0.76035,0.76196,0.76365,0.76458
-0.0060351,-0.0084098,-0.023763,-0.024544,0.023053,0.11021,0.21181,0.30885,0.3914,0.45511,0.50255,0.53322,0.55393,0.56515,0.57222,0.57618,0.579,0.58111,0.58363,0.58443,0.58691,0.58763,0.5905,0.59218,0.59629,0.60059,0.60641,0.61396,0.62326,0.63331,0.6448,0.65647,0.66649,0.67717,0.68762,0.69682,0.70673,0.71423,0.7233,0.72899
-0.0068188,-0.0095046,-0.027276,-0.028599,0.029698,0.1349,0.2526,0.36008,0.44815,0.5142,0.56249,0.59338,0.61439,0.62698,0.63611,0.64425,0.65199,0.66082,0.67061,0.68125,0.69355,0.70572,0.72015,0.73369,0.74959,0.76295,0.77638,0.79093,0.80268,0.8149,0.82263,0.8311,0.83719,0.84263,0.84733,0.85061,0.85442,0.85618,0.85861,0.85883
-0.0077672,-0.0096101,0.020455,0.1424,0.29262,0.42771,0.53561,0.61552,0.67267,0.71055,0.73578,0.75042,0.75948,0.76449,0.76773,0.76976,0.77171,0.77313,0.7751,0.77647,0.77872,0.78094,0.78379,0.78696,0.79022,0.79395,0.79809,0.80141,0.80441,0.80689,0.80976,0.81163,0.81399,0.81536,0.81735,0.81827,0.81929,0.81938,0.82252,0.82289
-0.0089282,-0.01244,-0.032354,-0.021982,0.053981,0.16731,0.28158,0.37572,0.44508,0.48995,0.51949,0.53845,0.55287,0.56622,0.57945,0.59316,0.60844,0.62347,0.6411,0.65793,0.67799,0.6964,0.71759,0.73609,0.75589,0.77259,0.7861,0.7997,0.81091,0.82038,0.82928,0.83555,0.84202,0.84534,0.85312,0.85538,0.86102,0.86194,0.86483,0.86364
-0.010372,-0.01429,-0.010448,0.082124,0.21251,0.33183,0.42578,0.49098,0.53356,0.55763,0.57252,0.5827,0.59212,0.60305,0.61555,0.62951,0.6451,0.66021,0.67669,0.69103,0.70598,0.7175,0.72875,0.7374,0.74497,0.74928,0.75349,0.75659,0.75957,0.76123,0.76276,0.76305,0.76607,0.76634,0.76736,0.76686,0.76873,0.76814,0.76766,0.76554
-0.012198,-0.015403,0.0035081,0.11155,0.25799,0.38693,0.48107,0.54077,0.57646,0.59365,0.60221,0.60558,0.60755,0.60947,0.61165,0.61515,0.61878,0.62542,0.6309,0.63987,0.64641,0.65672,0.66377,0.67246,0.67866,0.68661,0.69331,0.69845,0.70334,0.707,0.71199,0.715,0.7179,0.71982,0.72153,0.722,0.72402,0.72348,0.72563,0.72427
-0.012198,-0.015403,0.0035081,0.11155,0.25799,0.38693,0.48107,0.54077,0.57646,0.59365,0.60221,0.60558,0.60755,0.60947,0.61165,0.61515,0.61878,0.62542,0.6309,0.63987,0.64641,0.65672,0.66377,0.67246,0.67866,0.68661,0.69331,0.69845,0.70334,0.707,0.71199,0.715,0.7179,0.71982,0.72153,0.722,0.72402,0.72348,0.72563,0.72427
-0.01454,0.033912,0.31252,0.52635,0.62106,0.6753,0.7084,0.72623,0.73432,0.7362,0.73559,0.73518,0.73491,0.73645,0.73787,0.74063,0.74281,0.7459,0.74809,0.75119,0.7532,0.75571,0.75732,0.75946,0.76072,0.76241,0.76385,0.76474,0.7657,0.76622,0.76712,0.76746,0.76756,0.76726,0.76808,0.76756,0.76761,0.76622,0.76512,0.76137
-0.016027,-0.016214,0.093996,0.29984,0.47119,0.5911,0.66804,0.7141,0.74257,0.76329,0.78113,0.80142,0.82158,0.84187,0.86106,0.87724,0.89177,0.90283,0.91235,0.9191,0.92481,0.92937,0.93293,0.93636,0.93875,0.94215,0.94463,0.94662,0.94899,0.95078,0.95303,0.95478,0.95607,0.95718,0.95797,0.95781,0.96035,0.95955,0.95828,0.95355
-0.017675,-0.024011,-0.036848,0.031208,0.14046,0.23129,0.2868,0.30984,0.31603,0.31191,0.30545,0.29485,0.28459,0.27314,0.26182,0.25539,0.24717,0.24794,0.2454,0.24934,0.25085,0.25664,0.26084,0.26408,0.26755,0.27202,0.27414,0.27677,0.27771,0.27811,0.28027,0.27935,0.28215,0.28012,0.27879,0.27148,0.28266,0.27632,0.27254,0.25661
-0.017675,-0.024011,-0.036848,0.031208,0.14046,0.23129,0.2868,0.30984,0.31603,0.31191,0.30545,0.29485,0.28459,0.27314,0.26182,0.25539,0.24717,0.24794,0.2454,0.24934,0.25085,0.25664,0.26084,0.26408,0.26755,0.27202,0.27414,0.27677,0.27771,0.27811,0.28027,0.27935,0.28215,0.28012,0.27879,0.27148,0.28266,0.27632,0.27254,0.25661
-0.021923,0.021898,0.21006,0.38821,0.52316,0.60929,0.65948,0.69082,0.71508,0.73648,0.75815,0.77829,0.79882,0.81588,0.83194,0.843,0.85226,0.85722,0.86092,0.86321,0.86426,0.8657,0.86569,0.86658,0.86577,0.8674,0.86713,0.86591,0.86627,0.86388,0.86332,0.85763,0.86399,0.85869,0.85888,0.84796,0.84585,0.82358,0.83245,0.80342
-0.021923,0.021898,0.21006,0.38821,0.52316,0.60929,0.65948,0.69082,0.71508,0.73648,0.75815,0.77829,0.79882,0.81588,0.83194,0.843,0.85226,0.85722,0.86092,0.86321,0.86426,0.8657,0.86569,0.86658,0.86577,0.8674,0.86713,0.86591,0.86627,0.86388,0.86332,0.85763,0.86399,0.85869,0.85888,0.84796,0.84585,0.82358,0.83245,0.80342
-0.024731,0.016162,0.18358,0.33328,0.44006,0.5021,0.53248,0.54869,0.56227,0.57946,0.599,0.61952,0.63972,0.65839,0.67528,0.69031,0.70374,0.71612,0.72775,0.73893,0.75033,0.76037,0.77184,0.78176,0.79395,0.80217,0.80904,0.81927,0.82596,0.83408,0.83911,0.84292,0.84974,0.84927,0.85008,0.83788,0.83936,0.81001,0.82009,0.77477
-0.027879,0.01333,0.24258,0.4419,0.54957,0.60624,0.6355,0.65652,0.67773,0.70215,0.72609,0.74741,0.76531,0.77855,0.78872,0.79547,0.80028,0.80407,0.80615,0.80866,0.80947,0.81128,0.8115,0.81247,0.81195,0.813,0.8122,0.80988,0.81151,0.80813,0.80922,0.80341,0.80583,0.79666,0.79872,0.78425,0.79192,0.77493,0.75996,0.7294
-0.027879,0.01333,0.24258,0.4419,0.54957,0.60624,0.6355,0.65652,0.67773,0.70215,0.72609,0.74741,0.76531,0.77855,0.78872,0.79547,0.80028,0.80407,0.80615,0.80866,0.80947,0.81128,0.8115,0.81247,0.81195,0.813,0.8122,0.80988,0.81151,0.80813,0.80922,0.80341,0.80583,0.79666,0.79872,0.78425,0.79192,0.77493,0.75996,0.7294
-0.027879,0.01333,0.24258,0.4419,0.54957,0.60624,0.6355,0.65652,0.67773,0.70215,0.72609,0.74741,0.76531,0.77855,0.78872,0.79547,0.80028,0.80407,0.80615,0.80866,0.80947,0.81128,0.8115,0.81247,0.81195,0.813,0.8122,0.80988,0.81151,0.80813,0.80922,0.80341,0.80583,0.79666,0.79872,0.78425,0.79192,0.77493,0.75996,0.7294
-0.032021,0.012529,0.26878,0.47761,0.59029,0.65478,0.69974,0.74664,0.79593,0.84381,0.88552,0.91796,0.94305,0.96001,0.97245,0.98041,0.98596,0.99011,0.9926,0.99493,0.9959,0.9976,0.99803,0.99822,0.99732,0.99814,0.9982,0.99611,0.99756,0.99437,0.99551,0.98973,0.98853,0.9751,0.98427,0.96962,0.97349,0.95454,0.93576,0.8985
-0.03686,-0.046793,0.018738,0.16281,0.25654,0.31305,0.36101,0.4128,0.47292,0.53296,0.59504,0.64493,0.6868,0.71356,0.73239,0.74602,0.75365,0.76202,0.76526,0.76981,0.77044,0.77116,0.76603,0.76509,0.7467,0.76887,0.76842,0.74916,0.74052,0.68751,0.71484,0.65361,0.68768,0.61366,0.55443,0.47312,0.34535,0.25874,0.19777,0.088291
-0.03686,-0.046793,0.018738,0.16281,0.25654,0.31305,0.36101,0.4128,0.47292,0.53296,0.59504,0.64493,0.6868,0.71356,0.73239,0.74602,0.75365,0.76202,0.76526,0.76981,0.77044,0.77116,0.76603,0.76509,0.7467,0.76887,0.76842,0.74916,0.74052,0.68751,0.71484,0.65361,0.68768,0.61366,0.55443,0.47312,0.34535,0.25874,0.19777,0.088291
-0.03686,-0.046793,0.018738,0.16281,0.25654,0.31305,0.36101,0.4128,0.47292,0.53296,0.59504,0.64493,0.6868,0.71356,0.73239,0.74602,0.75365,0.76202,0.76526,0.76981,0.77044,0.77116,0.76603,0.76509,0.7467,0.76887,0.76842,0.74916,0.74052,0.68751,0.71484,0.65361,0.68768,0.61366,0.55443,0.47312,0.34535,0.25874,0.19777,0.088291
-0.03686,-0.046793,0.018738,0.16281,0.25654,0.31305,0.36101,0.4128,0.47292,0.53296,0.59504,0.64493,0.6868,0.71356,0.73239,0.74602,0.75365,0.76202,0.76526,0.76981,0.77044,0.77116,0.76603,0.76509,0.7467,0.76887,0.76842,0.74916,0.74052,0.68751,0.71484,0.65361,0.68768,0.61366,0.55443,0.47312,0.34535,0.25874,0.19777,0.088291
-0.038162,-0.0099589,0.23698,0.43845,0.53459,0.60469,0.66743,0.72349,0.76911,0.80153,0.82351,0.83713,0.84543,0.85191,0.85532,0.85843,0.85983,0.86105,0.86087,0.86061,0.85617,0.85925,0.85074,0.85565,0.84099,0.85286,0.85383,0.84011,0.81983,0.77622,0.68143,0.57271,0.41741,0.20572,0.27285,0.24482,0.47795,0.51935,0.62175,0.63945
-0.038162,-0.0099589,0.23698,0.43845,0.53459,0.60469,0.66743,0.72349,0.76911,0.80153,0.82351,0.83713,0.84543,0.85191,0.85532,0.85843,0.85983,0.86105,0.86087,0.86061,0.85617,0.85925,0.85074,0.85565,0.84099,0.85286,0.85383,0.84011,0.81983,0.77622,0.68143,0.57271,0.41741,0.20572,0.27285,0.24482,0.47795,0.51935,0.62175,0.63945
-0.038162,-0.0099589,0.23698,0.43845,0.53459,0.60469,0.66743,0.72349,0.76911,0.80153,0.82351,0.83713,0.84543,0.85191,0.85532,0.85843,0.85983,0.86105,0.86087,0.86061,0.85617,0.85925,0.85074,0.85565,0.84099,0.85286,0.85383,0.84011,0.81983,0.77622,0.68143,0.57271,0.41741,0.20572,0.27285,0.24482,0.47795,0.51935,0.62175,0.63945
-0.038162,-0.0099589,0.23698,0.43845,0.53459,0.60469,0.66743,0.72349,0.76911,0.80153,0.82351,0.83713,0.84543,0.85191,0.85532,0.85843,0.85983,0.86105,0.86087,0.86061,0.85617,0.85925,0.85074,0.85565,0.84099,0.85286,0.85383,0.84011,0.81983,0.77622,0.68143,0.57271,0.41741,0.20572,0.27285,0.24482,0.47795,0.51935,0.62175,0.63945
-0.038162,-0.0099589,0.23698,0.43845,0.53459,0.60469,0.66743,0.72349,0.76911,0.80153,0.82351,0.83713,0.84543,0.85191,0.85532,0.85843,0.85983,0.86105,0.86087,0.86061,0.85617,0.85925,0.85074,0.85565,0.84099,0.85286,0.85383,0.84011,0.81983,0.77622,0.68143,0.57271,0.41741,0.20572,0.27285,0.24482,0.47795,0.51935,0.62175,0.63945
-0.038162,-0.0099589,0.23698,0.43845,0.53459,0.60469,0.66743,0.72349,0.76911,0.80153,0.82351,0.83713,0.84543,0.85191,0.85532,0.85843,0.85983,0.86105,0.86087,0.86061,0.85617,0.85925,0.85074,0.85565,0.84099,0.85286,0.85383,0.84011,0.81983,0.77622,0.68143,0.57271,0.41741,0.20572,0.27285,0.24482,0.47795,0.51935,0.62175,0.63945
-0.056472,-0.0043765,0.26718,0.45169,0.58711,0.70498,0.79651,0.85974,0.90173,0.92739,0.94395,0.95415,0.96107,0.96626,0.97034,0.97377,0.97695,0.97915,0.98104,0.98245,0.9813,0.98462,0.98095,0.98178,0.96877,0.97204,0.98405,0.96878,0.9652,0.93056,0.88799,0.82113,0.7969,0.74207,0.53664,0.51734,0.34513,0.42164,0.85982,0.86533
