0.066394,0.079762,0.15219,0.22809,0.29198,0.34844,0.39889,0.44702,0.49021,0.53231,0.56877,0.60448,0.63461,0.66425,0.68879,0.7129,0.73262,0.75191,0.76761,0.78292,0.79538,0.80756,0.81751,0.82727,0.83529,0.8432,0.85024,0.85623,0.86203,0.86699,0.87183,0.87597,0.88004,0.88353,0.88698,0.88995,0.8929,0.89544,0.89799,0.90019
0.12678,0.17176,0.34654,0.47107,0.55821,0.62632,0.68005,0.72383,0.75834,0.78662,0.80876,0.82719,0.84178,0.85426,0.86429,0.8731,0.88028,0.88673,0.89204,0.89695,0.90102,0.9049,0.90814,0.91136,0.91404,0.9168,0.91934,0.92151,0.92374,0.92563,0.92758,0.92924,0.93093,0.93236,0.93381,0.93504,0.93626,0.93731,0.93833,0.93922
0.25761,0.31732,0.52901,0.65024,0.72276,0.77384,0.81013,0.83662,0.85612,0.8712,0.88276,0.89209,0.89943,0.90559,0.91055,0.91494,0.91854,0.92192,0.92471,0.92741,0.92964,0.93178,0.93356,0.93522,0.93661,0.93789,0.93897,0.93993,0.94076,0.94151,0.94218,0.9428,0.94338,0.94391,0.94445,0.94495,0.94547,0.94597,0.94652,0.94702
0.34904,0.41303,0.61925,0.72475,0.78302,0.82181,0.84846,0.86745,0.88129,0.89196,0.90021,0.90722,0.91289,0.91807,0.92231,0.92624,0.92944,0.93234,0.93469,0.93674,0.93843,0.93987,0.9411,0.94217,0.9431,0.94397,0.94478,0.94555,0.94633,0.94706,0.94788,0.94863,0.94949,0.95027,0.9512,0.95203,0.95301,0.95387,0.95489,0.95578
0.39261,0.45216,0.66083,0.77468,0.82941,0.86151,0.88193,0.89577,0.9056,0.91323,0.91918,0.92422,0.92824,0.93162,0.93429,0.93647,0.93822,0.93967,0.94089,0.942,0.943,0.94401,0.94496,0.94603,0.94701,0.9482,0.94942,0.95055,0.95189,0.9531,0.9545,0.95576,0.9572,0.95848,0.95992,0.9612,0.96262,0.96387,0.96524,0.96645
0.5939,0.64073,0.77318,0.83238,0.86297,0.8831,0.89707,0.90725,0.91495,0.92114,0.92606,0.92998,0.93307,0.93546,0.93741,0.93901,0.94043,0.94176,0.94303,0.94438,0.94568,0.94715,0.94853,0.95014,0.95162,0.95332,0.95504,0.95662,0.95837,0.95994,0.96167,0.96321,0.96488,0.96636,0.96796,0.96936,0.97087,0.97219,0.97359,0.97484
0.46542,0.53962,0.76539,0.85964,0.89343,0.91032,0.92066,0.92794,0.93321,0.93714,0.93999,0.94204,0.9436,0.94481,0.94588,0.94693,0.94798,0.94918,0.95037,0.9518,0.95316,0.95477,0.95625,0.95795,0.95949,0.96121,0.96289,0.96441,0.96604,0.9675,0.96905,0.97044,0.97192,0.97325,0.97464,0.97591,0.97725,0.97848,0.97976,0.98095
0.72528,0.75857,0.85396,0.89407,0.91072,0.92076,0.92808,0.93378,0.93803,0.94097,0.94301,0.94444,0.94561,0.94677,0.94795,0.9494,0.95088,0.9527,0.95446,0.95653,0.95844,0.96058,0.9625,0.96458,0.96641,0.96837,0.97022,0.97188,0.97358,0.97512,0.97668,0.97811,0.97957,0.98091,0.98225,0.98352,0.98477,0.98597,0.98711,0.98824
0.73451,0.76139,0.84338,0.88383,0.90409,0.91749,0.92698,0.93375,0.93838,0.94151,0.94371,0.94543,0.94695,0.94858,0.95022,0.95219,0.95412,0.95639,0.95851,0.96089,0.96305,0.96538,0.96745,0.96965,0.97157,0.97358,0.97547,0.97719,0.97892,0.98051,0.98208,0.98356,0.98499,0.98636,0.98765,0.98891,0.99004,0.99118,0.99215,0.99315
0.79436,0.81755,0.87924,0.90351,0.91486,0.92254,0.92777,0.93109,0.93332,0.93519,0.93708,0.93931,0.9417,0.94445,0.94717,0.95011,0.95283,0.95565,0.95817,0.96077,0.96306,0.9655,0.96763,0.96995,0.972,0.97423,0.97635,0.97834,0.98034,0.98225,0.98406,0.98584,0.98743,0.98903,0.99037,0.99176,0.99282,0.99397,0.99479,0.99571
0.69883,0.7358,0.84752,0.89602,0.91578,0.9278,0.93587,0.94108,0.94452,0.94703,0.94918,0.95145,0.95374,0.95649,0.95919,0.96233,0.96525,0.96846,0.97132,0.97428,0.97686,0.97939,0.98159,0.98371,0.98555,0.98727,0.98881,0.99021,0.99146,0.99262,0.99362,0.99458,0.99535,0.99612,0.9967,0.99729,0.99771,0.99815,0.99845,0.99876
0.74714,0.77278,0.85763,0.89886,0.9157,0.92526,0.9312,0.93509,0.93815,0.94105,0.94403,0.94728,0.95055,0.95402,0.95732,0.96069,0.96376,0.96686,0.96964,0.97244,0.97496,0.97752,0.97984,0.98214,0.98428,0.98629,0.9881,0.98988,0.99136,0.99284,0.99396,0.99512,0.99593,0.99678,0.99733,0.99793,0.99826,0.99865,0.99884,0.99906
0.70372,0.73966,0.85245,0.90611,0.92935,0.94224,0.94972,0.95431,0.95758,0.96046,0.9632,0.96617,0.96906,0.97216,0.97505,0.97795,0.98053,0.98296,0.98509,0.98703,0.98874,0.99025,0.99162,0.99283,0.99394,0.99488,0.9957,0.99648,0.99708,0.99767,0.99808,0.9985,0.99879,0.99907,0.99923,0.9994,0.99949,0.99958,0.99965,0.99969
0.79748,0.8208,0.8837,0.90754,0.91739,0.92359,0.92796,0.93131,0.93425,0.93722,0.94023,0.94353,0.94675,0.95021,0.95343,0.95696,0.96021,0.96381,0.96715,0.97072,0.97407,0.9774,0.98056,0.98342,0.98621,0.98847,0.9904,0.99237,0.99374,0.99516,0.99605,0.99702,0.99755,0.99816,0.99846,0.99881,0.99899,0.99918,0.99932,0.99941
0.813,0.82521,0.87624,0.90731,0.91966,0.92597,0.93079,0.93561,0.94062,0.94588,0.95093,0.95595,0.96049,0.96485,0.96867,0.97233,0.97553,0.97865,0.98141,0.98405,0.98644,0.9886,0.99061,0.99227,0.99387,0.99503,0.996,0.99695,0.99758,0.9982,0.99855,0.99892,0.99911,0.99931,0.99943,0.99951,0.99961,0.99963,0.99972,0.99971
0.78159,0.79821,0.86115,0.90207,0.92431,0.93764,0.94614,0.95232,0.95741,0.96216,0.96653,0.97091,0.9749,0.97874,0.98208,0.98508,0.98762,0.98982,0.99166,0.99323,0.99455,0.99564,0.99658,0.99731,0.99795,0.9984,0.99877,0.99909,0.99929,0.99947,0.99958,0.99967,0.99973,0.99977,0.99982,0.99982,0.99986,0.99984,0.99987,0.99983
0.791,0.81294,0.87615,0.90441,0.91552,0.92164,0.92685,0.93266,0.93889,0.9455,0.95174,0.95772,0.96297,0.96796,0.97231,0.97648,0.98016,0.98355,0.98661,0.98919,0.99157,0.99335,0.99504,0.99615,0.99724,0.99788,0.99835,0.99882,0.99907,0.9993,0.99946,0.99956,0.99966,0.99969,0.99975,0.99973,0.99983,0.99979,0.99991,0.99988
0.76779,0.79441,0.87071,0.9047,0.9182,0.92566,0.9317,0.93769,0.94368,0.94965,0.95516,0.96044,0.96516,0.96977,0.97393,0.97798,0.98169,0.98503,0.98814,0.9906,0.99294,0.99454,0.9961,0.99701,0.99794,0.99838,0.99875,0.99908,0.9993,0.99945,0.99958,0.99962,0.99972,0.9997,0.99984,0.99982,0.99988,0.99983,0.99986,0.99977
0.73354,0.76233,0.86979,0.92828,0.95052,0.96057,0.96653,0.97124,0.97549,0.97963,0.9834,0.98678,0.98957,0.99182,0.99358,0.99497,0.99606,0.99693,0.99763,0.99817,0.99861,0.99895,0.99922,0.99939,0.99954,0.99964,0.99973,0.99978,0.99983,0.99985,0.99987,0.99985,0.99989,0.99985,0.9999,0.99985,0.99985,0.99975,0.99979,0.99962
0.83128,0.84659,0.90805,0.94562,0.9597,0.96615,0.971,0.97573,0.98021,0.98429,0.98782,0.99068,0.99297,0.99465,0.99597,0.99693,0.9977,0.99827,0.99874,0.99906,0.99932,0.99953,0.99966,0.99976,0.99981,0.99985,0.9999,0.9999,0.99993,0.99992,0.99993,0.99989,0.99992,0.99986,0.99993,0.99988,0.9999,0.99982,0.99982,0.99967
0.91532,0.91576,0.91522,0.91591,0.91892,0.92362,0.93,0.93717,0.94405,0.95046,0.95624,0.96206,0.96763,0.97313,0.97839,0.98292,0.9872,0.99031,0.99323,0.99501,0.9967,0.99753,0.99834,0.99875,0.99908,0.99931,0.99952,0.99955,0.99977,0.99977,0.99987,0.99983,0.99988,0.99977,0.99986,0.99971,0.99953,0.99908,0.99942,0.99891
0.91532,0.91576,0.91522,0.91591,0.91892,0.92362,0.93,0.93717,0.94405,0.95046,0.95624,0.96206,0.96763,0.97313,0.97839,0.98292,0.9872,0.99031,0.99323,0.99501,0.9967,0.99753,0.99834,0.99875,0.99908,0.99931,0.99952,0.99955,0.99977,0.99977,0.99987,0.99983,0.99988,0.99977,0.99986,0.99971,0.99953,0.99908,0.99942,0.99891
0.89746,0.90544,0.92727,0.93651,0.94177,0.94681,0.95237,0.95818,0.96367,0.96895,0.97387,0.97866,0.98317,0.98708,0.99065,0.99323,0.99551,0.99687,0.99805,0.99862,0.99911,0.99937,0.99954,0.99967,0.99969,0.99982,0.99994,0.99994,0.99995,0.99989,0.99996,0.99989,0.99978,0.99952,0.99969,0.99939,0.9999,0.99979,0.9991,0.99822
0.89746,0.90544,0.92727,0.93651,0.94177,0.94681,0.95237,0.95818,0.96367,0.96895,0.97387,0.97866,0.98317,0.98708,0.99065,0.99323,0.99551,0.99687,0.99805,0.99862,0.99911,0.99937,0.99954,0.99967,0.99969,0.99982,0.99994,0.99994,0.99995,0.99989,0.99996,0.99989,0.99978,0.99952,0.99969,0.99939,0.9999,0.99979,0.9991,0.99822
0.89746,0.90544,0.92727,0.93651,0.94177,0.94681,0.95237,0.95818,0.96367,0.96895,0.97387,0.97866,0.98317,0.98708,0.99065,0.99323,0.99551,0.99687,0.99805,0.99862,0.99911,0.99937,0.99954,0.99967,0.99969,0.99982,0.99994,0.99994,0.99995,0.99989,0.99996,0.99989,0.99978,0.99952,0.99969,0.99939,0.9999,0.99979,0.9991,0.99822
0.77778,0.81171,0.91749,0.95941,0.97141,0.97708,0.9817,0.98634,0.99055,0.99383,0.99613,0.9976,0.99851,0.9991,0.99944,0.99968,0.99981,0.99989,0.99992,0.99995,0.99995,0.99998,0.99997,0.99996,0.99991,0.99995,0.99997,0.99992,0.99992,0.99982,0.99978,0.99953,0.99975,0.99945,0.9994,0.99875,0.99909,0.9982,0.99923,0.99856
0.77778,0.81171,0.91749,0.95941,0.97141,0.97708,0.9817,0.98634,0.99055,0.99383,0.99613,0.9976,0.99851,0.9991,0.99944,0.99968,0.99981,0.99989,0.99992,0.99995,0.99995,0.99998,0.99997,0.99996,0.99991,0.99995,0.99997,0.99992,0.99992,0.99982,0.99978,0.99953,0.99975,0.99945,0.9994,0.99875,0.99909,0.9982,0.99923,0.99856
0.77778,0.81171,0.91749,0.95941,0.97141,0.97708,0.9817,0.98634,0.99055,0.99383,0.99613,0.9976,0.99851,0.9991,0.99944,0.99968,0.99981,0.99989,0.99992,0.99995,0.99995,0.99998,0.99997,0.99996,0.99991,0.99995,0.99997,0.99992,0.99992,0.99982,0.99978,0.99953,0.99975,0.99945,0.9994,0.99875,0.99909,0.9982,0.99923,0.99856
0.94548,0.93624,0.90325,0.89886,0.91195,0.9271,0.93966,0.95024,0.95988,0.96909,0.97765,0.98443,0.99012,0.99364,0.99635,0.9977,0.99865,0.99917,0.9994,0.99967,0.99965,0.99991,0.99988,0.99991,0.99976,0.99976,0.99973,0.99932,0.99981,0.99953,0.99922,0.99815,0.99795,0.99546,0.99594,0.99206,0.99719,0.99502,0.98959,0.98324
0.94548,0.93624,0.90325,0.89886,0.91195,0.9271,0.93966,0.95024,0.95988,0.96909,0.97765,0.98443,0.99012,0.99364,0.99635,0.9977,0.99865,0.99917,0.9994,0.99967,0.99965,0.99991,0.99988,0.99991,0.99976,0.99976,0.99973,0.99932,0.99981,0.99953,0.99922,0.99815,0.99795,0.99546,0.99594,0.99206,0.99719,0.99502,0.98959,0.98324
0.94548,0.93624,0.90325,0.89886,0.91195,0.9271,0.93966,0.95024,0.95988,0.96909,0.97765,0.98443,0.99012,0.99364,0.99635,0.9977,0.99865,0.99917,0.9994,0.99967,0.99965,0.99991,0.99988,0.99991,0.99976,0.99976,0.99973,0.99932,0.99981,0.99953,0.99922,0.99815,0.99795,0.99546,0.99594,0.99206,0.99719,0.99502,0.98959,0.98324
0.94548,0.93624,0.90325,0.89886,0.91195,0.9271,0.93966,0.95024,0.95988,0.96909,0.97765,0.98443,0.99012,0.99364,0.99635,0.9977,0.99865,0.99917,0.9994,0.99967,0.99965,0.99991,0.99988,0.99991,0.99976,0.99976,0.99973,0.99932,0.99981,0.99953,0.99922,0.99815,0.99795,0.99546,0.99594,0.99206,0.99719,0.99502,0.98959,0.98324
0.95085,0.94777,0.94211,0.95144,0.96418,0.97451,0.98187,0.98706,0.99082,0.99364,0.99581,0.99729,0.99838,0.99899,0.99941,0.99965,0.99977,0.99987,0.99988,0.99992,0.99985,0.99992,0.99979,0.99984,0.99955,0.99979,0.99957,0.99887,0.99922,0.99809,0.99907,0.99802,0.9975,0.99538,0.99261,0.98874,0.98576,0.98097,0.98622,0.98262
0.95085,0.94777,0.94211,0.95144,0.96418,0.97451,0.98187,0.98706,0.99082,0.99364,0.99581,0.99729,0.99838,0.99899,0.99941,0.99965,0.99977,0.99987,0.99988,0.99992,0.99985,0.99992,0.99979,0.99984,0.99955,0.99979,0.99957,0.99887,0.99922,0.99809,0.99907,0.99802,0.9975,0.99538,0.99261,0.98874,0.98576,0.98097,0.98622,0.98262
0.95085,0.94777,0.94211,0.95144,0.96418,0.97451,0.98187,0.98706,0.99082,0.99364,0.99581,0.99729,0.99838,0.99899,0.99941,0.99965,0.99977,0.99987,0.99988,0.99992,0.99985,0.99992,0.99979,0.99984,0.99955,0.99979,0.99957,0.99887,0.99922,0.99809,0.99907,0.99802,0.9975,0.99538,0.99261,0.98874,0.98576,0.98097,0.98622,0.98262
0.95085,0.94777,0.94211,0.95144,0.96418,0.97451,0.98187,0.98706,0.99082,0.99364,0.99581,0.99729,0.99838,0.99899,0.99941,0.99965,0.99977,0.99987,0.99988,0.99992,0.99985,0.99992,0.99979,0.99984,0.99955,0.99979,0.99957,0.99887,0.99922,0.99809,0.99907,0.99802,0.9975,0.99538,0.99261,0.98874,0.98576,0.98097,0.98622,0.98262
0.95085,0.94777,0.94211,0.95144,0.96418,0.97451,0.98187,0.98706,0.99082,0.99364,0.99581,0.99729,0.99838,0.99899,0.99941,0.99965,0.99977,0.99987,0.99988,0.99992,0.99985,0.99992,0.99979,0.99984,0.99955,0.99979,0.99957,0.99887,0.99922,0.99809,0.99907,0.99802,0.9975,0.99538,0.99261,0.98874,0.98576,0.98097,0.98622,0.98262
0.83233,0.85803,0.93045,0.96475,0.98097,0.98953,0.994,0.99635,0.99769,0.99857,0.99915,0.99951,0.99971,0.99985,0.9999,0.99996,0.99994,0.99996,0.99989,0.99978,0.99928,0.99962,0.99879,0.99936,0.99813,0.99911,0.99747,0.99411,0.99461,0.98933,0.98945,0.9833,0.97652,0.96736,0.95849,0.95858,0.95556,0.95657,0.98122,0.9822
0.85574,0.87136,0.91733,0.94494,0.96421,0.97766,0.98648,0.99205,0.9956,0.99762,0.99883,0.99941,0.9997,0.99987,0.9999,0.99997,0.99995,0.99998,0.99992,0.99985,0.99951,0.9998,0.99934,0.9994,0.99822,0.99869,0.99901,0.99762,0.99698,0.9937,0.98727,0.97959,0.97525,0.96338,0.92674,0.9209,0.96831,0.9703,0.98117,0.98199
0.85574,0.87136,0.91733,0.94494,0.96421,0.97766,0.98648,0.99205,0.9956,0.99762,0.99883,0.99941,0.9997,0.99987,0.9999,0.99997,0.99995,0.99998,0.99992,0.99985,0.99951,0.9998,0.99934,0.9994,0.99822,0.99869,0.99901,0.99762,0.99698,0.9937,0.98727,0.97959,0.97525,0.96338,0.92674,0.9209,0.96831,0.9703,0.98117,0.98199
