-0.00031236,-0.00043431,-0.0012739,-0.0024842,-0.0038591,-0.0054789,-0.0073142,-0.0093896,-0.011494,-0.013497,-0.015126,-0.016213,-0.016813,-0.016736,-0.016336,-0.015298,-0.014183,-0.012546,-0.01105,-0.0091468,-0.0075182,-0.0055275,-0.003865,-0.0017434,1.3888e-05,0.0024395,0.0051229,0.0074496,0.010826,0.013722,0.018002,0.021625,0.026962,0.031421,0.037881,0.043223,0.050809,0.057032,0.065708,0.072777
-0.0012441,-0.0017237,-0.0049826,-0.0095482,-0.013899,-0.016564,-0.016657,-0.01421,-0.01034,-0.005488,-0.00059951,0.0048775,0.010293,0.017321,0.024476,0.034671,0.044747,0.059011,0.072448,0.090728,0.10727,0.12885,0.14784,0.17172,0.19234,0.21757,0.24269,0.26493,0.29045,0.31281,0.33835,0.36053,0.38592,0.40778,0.4328,0.45423,0.4788,0.49972,0.5236,0.54389
-0.0027922,-0.0038494,-0.010633,-0.017287,-0.018034,-0.013308,-0.0063025,0.0013373,0.0093318,0.020426,0.033793,0.053479,0.074976,0.10349,0.13172,0.16617,0.19825,0.23554,0.26904,0.30718,0.3407,0.37878,0.41174,0.44922,0.48129,0.51756,0.55218,0.58265,0.61483,0.64308,0.67207,0.69756,0.72282,0.74519,0.76653,0.7856,0.80317,0.81905,0.83322,0.84617
-0.0048536,-0.0066895,-0.015034,-0.014099,-0.0055375,0.0044193,0.015263,0.030473,0.050647,0.080087,0.11368,0.15616,0.19873,0.24781,0.29363,0.34447,0.3902,0.44034,0.48445,0.53216,0.57352,0.61702,0.65443,0.6921,0.72446,0.75536,0.78225,0.80619,0.82693,0.84551,0.86123,0.87535,0.88717,0.89786,0.90693,0.91513,0.92231,0.92878,0.93457,0.93982
-0.0071977,-0.0098848,-0.024035,-0.030875,-0.023716,-0.0006305,0.037051,0.087943,0.14404,0.20615,0.26639,0.3293,0.38733,0.44749,0.50162,0.55753,0.60679,0.65623,0.69901,0.73965,0.77444,0.8054,0.83187,0.85409,0.8732,0.8889,0.90208,0.91363,0.92317,0.93158,0.9387,0.94502,0.95043,0.95529,0.95953,0.96336,0.96678,0.96987,0.97254,0.97505
-0.010493,-0.0013131,0.030775,0.04958,0.068069,0.099663,0.14644,0.20586,0.26949,0.33702,0.40184,0.46889,0.53077,0.59305,0.64831,0.69987,0.74402,0.78145,0.81288,0.83765,0.85837,0.87444,0.88799,0.89917,0.90865,0.9173,0.92501,0.93178,0.93815,0.9439,0.9493,0.95427,0.95888,0.96322,0.96692,0.97063,0.97367,0.9768,0.97926,0.98183
-0.012521,0.0065078,0.068074,0.088758,0.11039,0.15613,0.22012,0.29488,0.37124,0.45072,0.52568,0.59969,0.66514,0.72352,0.77223,0.81117,0.84263,0.86633,0.88546,0.90034,0.91259,0.92311,0.93199,0.94011,0.94716,0.95362,0.95934,0.96465,0.96916,0.97352,0.97699,0.98047,0.98315,0.98585,0.98783,0.9898,0.99146,0.99292,0.99421,0.99531
-0.016753,-0.021731,-0.02408,0.011218,0.077609,0.16365,0.25687,0.35178,0.44233,0.5304,0.61013,0.68326,0.74555,0.7969,0.83849,0.8695,0.89418,0.91203,0.92641,0.93731,0.94627,0.95352,0.95958,0.96473,0.9691,0.97283,0.97599,0.97884,0.98128,0.98345,0.98526,0.98683,0.98849,0.98973,0.99104,0.99202,0.99275,0.99341,0.99403,0.99445
-0.021127,-0.0038865,0.050174,0.087405,0.14944,0.23635,0.33261,0.4319,0.52645,0.61524,0.69207,0.75472,0.80436,0.84038,0.86798,0.88822,0.90419,0.91731,0.92823,0.93783,0.94621,0.95361,0.96032,0.96583,0.97112,0.97525,0.97878,0.98223,0.98492,0.98744,0.98938,0.99121,0.99227,0.99343,0.99421,0.99492,0.99553,0.99593,0.99659,0.99687
-0.025673,-0.032538,-0.020582,0.047484,0.14936,0.27356,0.40199,0.52484,0.63343,0.72517,0.79857,0.85246,0.89261,0.91946,0.93916,0.95235,0.9622,0.96913,0.97442,0.97831,0.98138,0.98379,0.98572,0.98739,0.98861,0.99012,0.99144,0.99235,0.9931,0.99369,0.99441,0.99482,0.99544,0.99572,0.99641,0.99668,0.99679,0.99677,0.99704,0.99678
-0.029128,-0.013174,0.045452,0.12473,0.22946,0.34917,0.47462,0.59621,0.70061,0.77935,0.8355,0.87166,0.8964,0.914,0.92733,0.93882,0.94839,0.95698,0.96448,0.97071,0.97639,0.98075,0.98476,0.98776,0.99044,0.99248,0.99387,0.99515,0.99606,0.99673,0.99747,0.99785,0.99821,0.99831,0.99849,0.9983,0.99889,0.99868,0.9992,0.99899
0.091869,0.090031,0.082884,0.14442,0.25956,0.39131,0.52217,0.64155,0.73985,0.81186,0.86285,0.89614,0.91936,0.93549,0.94778,0.95703,0.96476,0.97057,0.97581,0.97974,0.98332,0.98611,0.98853,0.99059,0.99229,0.9933,0.99427,0.99505,0.99593,0.99649,0.99688,0.9971,0.99749,0.99743,0.9982,0.99815,0.99836,0.99804,0.99794,0.99708
0.088785,0.087027,0.095455,0.19523,0.34051,0.48472,0.61504,0.72561,0.81204,0.87194,0.91266,0.93826,0.95543,0.96674,0.97483,0.98037,0.98465,0.98771,0.99017,0.992,0.9934,0.99478,0.9957,0.99621,0.99659,0.99712,0.99765,0.99787,0.99802,0.99797,0.99835,0.99819,0.99876,0.99862,0.99829,0.99755,0.99852,0.99786,0.99823,0.9972
-0.051033,-0.032452,0.11771,0.32187,0.50069,0.64431,0.75411,0.83468,0.8913,0.92761,0.95097,0.96475,0.97335,0.97845,0.98169,0.98396,0.98552,0.98699,0.98805,0.98939,0.99039,0.9914,0.99225,0.9932,0.99393,0.99484,0.99532,0.99575,0.9965,0.9968,0.99699,0.99682,0.99767,0.99748,0.99738,0.99646,0.99666,0.99478,0.99533,0.99224
-0.049037,-0.0073618,0.22106,0.41832,0.56634,0.69506,0.79279,0.85516,0.89316,0.9174,0.93494,0.9489,0.96069,0.96993,0.97793,0.98357,0.98834,0.99152,0.99408,0.99544,0.99649,0.99738,0.99778,0.99818,0.99808,0.99861,0.99905,0.99887,0.99896,0.99837,0.99911,0.99854,0.99835,0.99687,0.99659,0.99347,0.99689,0.994,0.99163,0.98396
0.082752,0.11079,0.28255,0.446,0.57785,0.6977,0.79134,0.85194,0.889,0.91309,0.93076,0.94517,0.95745,0.96716,0.97565,0.98174,0.98697,0.99048,0.99338,0.99498,0.99627,0.99725,0.9978,0.99821,0.99817,0.99876,0.99927,0.9992,0.99921,0.99872,0.99937,0.99891,0.99856,0.99717,0.99707,0.99431,0.99745,0.99497,0.99206,0.98455
0.081077,0.093829,0.23871,0.43731,0.6113,0.75256,0.84938,0.90512,0.93577,0.95374,0.96552,0.97402,0.98054,0.98541,0.98921,0.99211,0.99428,0.99577,0.99682,0.99778,0.99829,0.99869,0.99865,0.99926,0.99911,0.99918,0.99957,0.99923,0.9994,0.99869,0.99815,0.99604,0.99838,0.99648,0.99456,0.98865,0.99368,0.98736,0.97812,0.95893
0.058559,0.073003,0.21956,0.41945,0.5975,0.73965,0.83772,0.89622,0.92982,0.94933,0.96192,0.97045,0.97707,0.98199,0.98607,0.98918,0.99179,0.9935,0.99499,0.99613,0.997,0.99754,0.99778,0.99849,0.99855,0.99858,0.99908,0.99882,0.99896,0.99819,0.99785,0.99568,0.99822,0.99626,0.99481,0.98913,0.99474,0.98928,0.97898,0.96043
0.043774,0.10933,0.35552,0.54996,0.70427,0.82207,0.9004,0.94603,0.97097,0.98325,0.98928,0.99214,0.99358,0.99467,0.99537,0.99602,0.99654,0.9971,0.99753,0.99784,0.998,0.99842,0.99839,0.99871,0.99842,0.99859,0.99845,0.99716,0.99834,0.99662,0.99622,0.99173,0.99673,0.99301,0.9882,0.97654,0.98037,0.96505,0.9769,0.9631
0.043774,0.10933,0.35552,0.54996,0.70427,0.82207,0.9004,0.94603,0.97097,0.98325,0.98928,0.99214,0.99358,0.99467,0.99537,0.99602,0.99654,0.9971,0.99753,0.99784,0.998,0.99842,0.99839,0.99871,0.99842,0.99859,0.99845,0.99716,0.99834,0.99662,0.99622,0.99173,0.99673,0.99301,0.9882,0.97654,0.98037,0.96505,0.9769,0.9631
0.17425,0.19091,0.37655,0.61171,0.75528,0.82812,0.86918,0.89857,0.92196,0.93918,0.95224,0.96063,0.96684,0.97076,0.97391,0.97637,0.9785,0.98063,0.98258,0.98399,0.98531,0.98697,0.98806,0.98746,0.98527,0.98833,0.98966,0.98677,0.98434,0.9721,0.98656,0.9778,0.96508,0.9366,0.97246,0.95399,0.85377,0.78604,0.75767,0.66679
0.049009,0.079669,0.30179,0.58587,0.76609,0.85156,0.89335,0.92061,0.94188,0.9584,0.97155,0.98077,0.98765,0.99197,0.99493,0.99681,0.99771,0.99881,0.99901,0.99934,0.99883,0.99955,0.99891,0.99803,0.99479,0.99703,0.99799,0.99469,0.99154,0.97911,0.991,0.98072,0.96782,0.94,0.95765,0.93032,0.83219,0.75227,0.7479,0.64765
0.049009,0.079669,0.30179,0.58587,0.76609,0.85156,0.89335,0.92061,0.94188,0.9584,0.97155,0.98077,0.98765,0.99197,0.99493,0.99681,0.99771,0.99881,0.99901,0.99934,0.99883,0.99955,0.99891,0.99803,0.99479,0.99703,0.99799,0.99469,0.99154,0.97911,0.991,0.98072,0.96782,0.94,0.95765,0.93032,0.83219,0.75227,0.7479,0.64765
0.049009,0.079669,0.30179,0.58587,0.76609,0.85156,0.89335,0.92061,0.94188,0.9584,0.97155,0.98077,0.98765,0.99197,0.99493,0.99681,0.99771,0.99881,0.99901,0.99934,0.99883,0.99955,0.99891,0.99803,0.99479,0.99703,0.99799,0.99469,0.99154,0.97911,0.991,0.98072,0.96782,0.94,0.95765,0.93032,0.83219,0.75227,0.7479,0.64765
0.039073,0.078407,0.379,0.6998,0.85086,0.90952,0.93669,0.9537,0.96578,0.97468,0.98128,0.98636,0.9901,0.99302,0.99502,0.99657,0.99738,0.99822,0.99834,0.99826,0.99655,0.99762,0.99377,0.99767,0.99404,0.98607,0.99087,0.97752,0.98656,0.97191,0.90544,0.84329,0.83251,0.76433,0.59718,0.56803,0.28997,0.40459,0.77955,0.79798
0.039073,0.078407,0.379,0.6998,0.85086,0.90952,0.93669,0.9537,0.96578,0.97468,0.98128,0.98636,0.9901,0.99302,0.99502,0.99657,0.99738,0.99822,0.99834,0.99826,0.99655,0.99762,0.99377,0.99767,0.99404,0.98607,0.99087,0.97752,0.98656,0.97191,0.90544,0.84329,0.83251,0.76433,0.59718,0.56803,0.28997,0.40459,0.77955,0.79798
0.11842,0.17761,0.50174,0.781,0.90154,0.94574,0.96496,0.97607,0.98377,0.98892,0.99266,0.99498,0.99667,0.99772,0.99837,0.99895,0.9991,0.99944,0.99927,0.99891,0.99696,0.99852,0.99541,0.99833,0.99492,0.9904,0.99325,0.98333,0.98967,0.97837,0.92115,0.86251,0.82002,0.72273,0.68529,0.64561,0.45269,0.54836,0.80635,0.82118
0.11842,0.17761,0.50174,0.781,0.90154,0.94574,0.96496,0.97607,0.98377,0.98892,0.99266,0.99498,0.99667,0.99772,0.99837,0.99895,0.9991,0.99944,0.99927,0.99891,0.99696,0.99852,0.99541,0.99833,0.99492,0.9904,0.99325,0.98333,0.98967,0.97837,0.92115,0.86251,0.82002,0.72273,0.68529,0.64561,0.45269,0.54836,0.80635,0.82118
-0.061753,0.066498,0.5401,0.82022,0.92987,0.96948,0.98278,0.9872,0.98885,0.98989,0.99087,0.99185,0.99297,0.99393,0.99476,0.99522,0.99376,0.99555,0.99087,0.99542,0.98861,0.99203,0.97819,0.97624,0.94635,0.84638,0.78054,0.64296,0.52077,0.49605,0.75713,0.7894,0.84012,0.84955,0.58042,0.58173,0.1152,0.10529,0.67878,0.69248
-0.061753,0.066498,0.5401,0.82022,0.92987,0.96948,0.98278,0.9872,0.98885,0.98989,0.99087,0.99185,0.99297,0.99393,0.99476,0.99522,0.99376,0.99555,0.99087,0.99542,0.98861,0.99203,0.97819,0.97624,0.94635,0.84638,0.78054,0.64296,0.52077,0.49605,0.75713,0.7894,0.84012,0.84955,0.58042,0.58173,0.1152,0.10529,0.67878,0.69248
-0.061753,0.066498,0.5401,0.82022,0.92987,0.96948,0.98278,0.9872,0.98885,0.98989,0.99087,0.99185,0.99297,0.99393,0.99476,0.99522,0.99376,0.99555,0.99087,0.99542,0.98861,0.99203,0.97819,0.97624,0.94635,0.84638,0.78054,0.64296,0.52077,0.49605,0.75713,0.7894,0.84012,0.84955,0.58042,0.58173,0.1152,0.10529,0.67878,0.69248
-0.061753,0.066498,0.5401,0.82022,0.92987,0.96948,0.98278,0.9872,0.98885,0.98989,0.99087,0.99185,0.99297,0.99393,0.99476,0.99522,0.99376,0.99555,0.99087,0.99542,0.98861,0.99203,0.97819,0.97624,0.94635,0.84638,0.78054,0.64296,0.52077,0.49605,0.75713,0.7894,0.84012,0.84955,0.58042,0.58173,0.1152,0.10529,0.67878,0.69248
-0.061753,0.066498,0.5401,0.82022,0.92987,0.96948,0.98278,0.9872,0.98885,0.98989,0.99087,0.99185,0.99297,0.99393,0.99476,0.99522,0.99376,0.99555,0.99087,0.99542,0.98861,0.99203,0.97819,0.97624,0.94635,0.84638,0.78054,0.64296,0.52077,0.49605,0.75713,0.7894,0.84012,0.84955,0.58042,0.58173,0.1152,0.10529,0.67878,0.69248
-0.061753,0.066498,0.5401,0.82022,0.92987,0.96948,0.98278,0.9872,0.98885,0.98989,0.99087,0.99185,0.99297,0.99393,0.99476,0.99522,0.99376,0.99555,0.99087,0.99542,0.98861,0.99203,0.97819,0.97624,0.94635,0.84638,0.78054,0.64296,0.52077,0.49605,0.75713,0.7894,0.84012,0.84955,0.58042,0.58173,0.1152,0.10529,0.67878,0.69248
-0.061753,0.066498,0.5401,0.82022,0.92987,0.96948,0.98278,0.9872,0.98885,0.98989,0.99087,0.99185,0.99297,0.99393,0.99476,0.99522,0.99376,0.99555,0.99087,0.99542,0.98861,0.99203,0.97819,0.97624,0.94635,0.84638,0.78054,0.64296,0.52077,0.49605,0.75713,0.7894,0.84012,0.84955,0.58042,0.58173,0.1152,0.10529,0.67878,0.69248
-0.13491,-0.028157,0.41302,0.73153,0.87465,0.93401,0.96125,0.97669,0.98659,0.99237,0.99598,0.99782,0.99871,0.99933,0.99916,0.99927,0.99715,0.99852,0.99356,0.9974,0.99025,0.99283,0.97854,0.97591,0.94443,0.8273,0.74589,0.50455,-0.023454,-0.12893,0.70897,0.74835,0.7696,0.78705,0.35068,0.35615,-0.054608,-0.069375,0.51989,0.53891
0.38006,0.44984,0.63547,0.76935,0.87031,0.92935,0.95975,0.97569,0.98493,0.99038,0.99388,0.99592,0.99669,0.9979,0.99621,0.99843,0.99383,0.99786,0.99067,0.95329,0.89713,0.87214,0.83328,0.65881,0.72817,0.83501,0.83449,0.83589,0.73072,0.72661,0.78081,0.78653,0.88838,0.88918,0.81545,0.81359,0.85651,0.86077,0.8355,0.83789
0.38006,0.44984,0.63547,0.76935,0.87031,0.92935,0.95975,0.97569,0.98493,0.99038,0.99388,0.99592,0.99669,0.9979,0.99621,0.99843,0.99383,0.99786,0.99067,0.95329,0.89713,0.87214,0.83328,0.65881,0.72817,0.83501,0.83449,0.83589,0.73072,0.72661,0.78081,0.78653,0.88838,0.88918,0.81545,0.81359,0.85651,0.86077,0.8355,0.83789
0.38006,0.44984,0.63547,0.76935,0.87031,0.92935,0.95975,0.97569,0.98493,0.99038,0.99388,0.99592,0.99669,0.9979,0.99621,0.99843,0.99383,0.99786,0.99067,0.95329,0.89713,0.87214,0.83328,0.65881,0.72817,0.83501,0.83449,0.83589,0.73072,0.72661,0.78081,0.78653,0.88838,0.88918,0.81545,0.81359,0.85651,0.86077,0.8355,0.83789
0.38006,0.44984,0.63547,0.76935,0.87031,0.92935,0.95975,0.97569,0.98493,0.99038,0.99388,0.99592,0.99669,0.9979,0.99621,0.99843,0.99383,0.99786,0.99067,0.95329,0.89713,0.87214,0.83328,0.65881,0.72817,0.83501,0.83449,0.83589,0.73072,0.72661,0.78081,0.78653,0.88838,0.88918,0.81545,0.81359,0.85651,0.86077,0.8355,0.83789
