0.011401,0.016627,0.035698,0.044336,0.046688,0.04842,0.050503,0.053017,0.055702,0.059384,0.063549,0.069669,0.076189,0.085177,0.094013,0.10541,0.11597,0.12897,0.14053,0.15437,0.16633,0.18045,0.19243,0.20652,0.21829,0.23217,0.24564,0.2572,0.27033,0.28149,0.2942,0.30492,0.31715,0.32738,0.33903,0.34874,0.35975,0.36888,0.37918,0.38772
0.02607,0.028014,0.037057,0.047406,0.058454,0.071981,0.088936,0.11014,0.13297,0.15835,0.18269,0.2086,0.23211,0.25711,0.27913,0.30266,0.32292,0.34449,0.36271,0.38188,0.39783,0.41439,0.42803,0.44209,0.4536,0.46548,0.47626,0.48533,0.49464,0.50244,0.51068,0.51755,0.52504,0.53126,0.53824,0.54401,0.55066,0.55613,0.56257,0.56784
0.052888,0.0512,0.051373,0.065698,0.089707,0.12128,0.15682,0.19518,0.23229,0.27006,0.3042,0.33801,0.36713,0.3951,0.41833,0.4402,0.45801,0.47487,0.48853,0.50197,0.5129,0.52428,0.53357,0.54383,0.55223,0.56191,0.57124,0.5792,0.58827,0.596,0.60482,0.61233,0.62083,0.62806,0.63612,0.64299,0.65046,0.65688,0.66363,0.6695
0.04233,0.050421,0.075044,0.10549,0.14597,0.19094,0.23599,0.2809,0.32225,0.36132,0.39466,0.42471,0.44924,0.47144,0.4895,0.50677,0.52105,0.53571,0.54802,0.56135,0.5726,0.58515,0.59573,0.60757,0.61754,0.62851,0.63868,0.64762,0.65658,0.6645,0.67204,0.6788,0.68478,0.6903,0.69469,0.69892,0.70173,0.70467,0.70599,0.70768
0.034913,0.045074,0.09713,0.15251,0.20642,0.25978,0.3092,0.35373,0.39105,0.42325,0.44945,0.47328,0.49323,0.51307,0.53019,0.54828,0.56402,0.58106,0.59582,0.61167,0.62527,0.63937,0.65142,0.66319,0.67329,0.68234,0.68976,0.69643,0.7011,0.70544,0.70753,0.70967,0.70947,0.7096,0.70749,0.70588,0.70231,0.69929,0.6947,0.69064
0.068933,0.082548,0.1462,0.2137,0.27857,0.34077,0.39518,0.44014,0.47488,0.50271,0.52455,0.54416,0.56078,0.57759,0.59239,0.60796,0.62166,0.63571,0.64794,0.65965,0.6698,0.67846,0.68602,0.69124,0.69593,0.69767,0.6978,0.69788,0.69508,0.69246,0.68725,0.68232,0.67535,0.66865,0.66058,0.65268,0.64411,0.63559,0.62709,0.6185
0.0094652,0.028337,0.13651,0.25041,0.34249,0.41479,0.46736,0.50515,0.53278,0.55586,0.57529,0.59454,0.61177,0.62954,0.64527,0.66069,0.67395,0.6856,0.69542,0.70249,0.70838,0.71085,0.71283,0.71128,0.70982,0.70529,0.70002,0.69489,0.68846,0.6823,0.67575,0.66954,0.66368,0.65826,0.65363,0.64963,0.64639,0.64409,0.64224,0.64161
0.067543,0.089056,0.19026,0.29178,0.37469,0.43947,0.48735,0.52407,0.55312,0.57907,0.60169,0.62354,0.64276,0.66076,0.67616,0.68908,0.6998,0.70686,0.71243,0.71361,0.71405,0.71006,0.70588,0.69793,0.6901,0.67967,0.66888,0.65782,0.64641,0.63475,0.62363,0.61231,0.6021,0.59179,0.58284,0.57389,0.56629,0.55878,0.55233,0.54612
0.055398,0.077814,0.19698,0.31386,0.40019,0.46288,0.50686,0.53926,0.56469,0.58726,0.60704,0.62546,0.64136,0.65459,0.66532,0.67174,0.67615,0.67519,0.67291,0.66518,0.65665,0.64356,0.62988,0.61321,0.59583,0.57725,0.55874,0.53885,0.52048,0.50075,0.48368,0.46532,0.45029,0.43415,0.42137,0.40778,0.39692,0.38569,0.3764,0.36714
0.076142,0.10692,0.25583,0.3788,0.45472,0.50669,0.54738,0.58405,0.61772,0.65013,0.67914,0.70441,0.72524,0.73988,0.75076,0.75494,0.7567,0.75267,0.74731,0.73798,0.72798,0.71621,0.70412,0.69225,0.68031,0.66985,0.66038,0.65119,0.64384,0.63694,0.63146,0.62652,0.62224,0.6186,0.61513,0.61225,0.60946,0.60703,0.60477,0.60264
0.084384,0.11885,0.2651,0.38722,0.46731,0.52045,0.55934,0.59278,0.62225,0.64957,0.67297,0.69234,0.7076,0.71723,0.72376,0.7247,0.72406,0.7195,0.71473,0.70839,0.70277,0.69729,0.69315,0.6895,0.6877,0.6855,0.68366,0.68375,0.68203,0.68217,0.67989,0.6793,0.67647,0.67493,0.67206,0.66984,0.66727,0.66472,0.66283,0.66034
0.15465,0.1796,0.31154,0.42587,0.49647,0.54486,0.58303,0.61657,0.64571,0.6698,0.6885,0.69993,0.70647,0.70547,0.7008,0.69011,0.67688,0.66048,0.6424,0.6245,0.60566,0.58973,0.57362,0.56179,0.55032,0.54268,0.53615,0.53065,0.52646,0.52306,0.52031,0.51794,0.51636,0.51465,0.51378,0.51259,0.51149,0.51025,0.50944,0.50788
0.19466,0.23742,0.40093,0.51079,0.57004,0.60911,0.64046,0.66764,0.69015,0.70598,0.7161,0.71742,0.71402,0.70287,0.68878,0.67024,0.65021,0.62924,0.60779,0.58775,0.56804,0.55057,0.53399,0.51916,0.5056,0.49257,0.4804,0.46969,0.4591,0.44995,0.44114,0.43364,0.426,0.41994,0.41278,0.40734,0.40242,0.39775,0.39576,0.39269
0.15613,0.20216,0.38868,0.51311,0.58248,0.63054,0.66855,0.69954,0.72371,0.73962,0.74888,0.74903,0.74359,0.73033,0.7127,0.69034,0.66446,0.63747,0.60775,0.58031,0.55119,0.52651,0.50135,0.48039,0.46024,0.44296,0.42655,0.413,0.39927,0.38914,0.37698,0.36903,0.3587,0.35184,0.3458,0.3407,0.33866,0.33664,0.33596,0.33765
0.15613,0.20216,0.38868,0.51311,0.58248,0.63054,0.66855,0.69954,0.72371,0.73962,0.74888,0.74903,0.74359,0.73033,0.7127,0.69034,0.66446,0.63747,0.60775,0.58031,0.55119,0.52651,0.50135,0.48039,0.46024,0.44296,0.42655,0.413,0.39927,0.38914,0.37698,0.36903,0.3587,0.35184,0.3458,0.3407,0.33866,0.33664,0.33596,0.33765
0.25306,0.30761,0.46885,0.55514,0.61109,0.65656,0.69341,0.72046,0.73854,0.74526,0.74403,0.73218,0.71419,0.68918,0.65963,0.62745,0.59203,0.55808,0.52247,0.4913,0.46026,0.43387,0.40924,0.38762,0.36897,0.35121,0.33452,0.32251,0.30825,0.2987,0.28849,0.28099,0.2759,0.27156,0.26947,0.26918,0.26639,0.26936,0.26289,0.26626
0.31084,0.36602,0.54219,0.63668,0.69161,0.72922,0.75502,0.76992,0.77572,0.77138,0.75992,0.74133,0.7182,0.69219,0.66364,0.6356,0.60684,0.58085,0.55591,0.53402,0.51449,0.49681,0.4822,0.46821,0.45777,0.44609,0.43623,0.42906,0.42322,0.41847,0.41568,0.41387,0.41193,0.41294,0.40873,0.41041,0.40407,0.40364,0.4026,0.40327
0.31084,0.36602,0.54219,0.63668,0.69161,0.72922,0.75502,0.76992,0.77572,0.77138,0.75992,0.74133,0.7182,0.69219,0.66364,0.6356,0.60684,0.58085,0.55591,0.53402,0.51449,0.49681,0.4822,0.46821,0.45777,0.44609,0.43623,0.42906,0.42322,0.41847,0.41568,0.41387,0.41193,0.41294,0.40873,0.41041,0.40407,0.40364,0.4026,0.40327
0.18684,0.226,0.35766,0.44373,0.50949,0.56735,0.61322,0.63942,0.64535,0.6275,0.5903,0.536,0.46378,0.38428,0.28807,0.198,0.097403,0.013148,-0.070606,-0.14261,-0.20197,-0.26544,-0.30453,-0.36498,-0.39489,-0.43985,-0.46137,-0.47245,-0.47867,-0.4637,-0.48869,-0.46367,-0.52011,-0.51707,-0.48887,-0.44137,-0.32009,-0.17471,-0.19562,-0.029503
0.18684,0.226,0.35766,0.44373,0.50949,0.56735,0.61322,0.63942,0.64535,0.6275,0.5903,0.536,0.46378,0.38428,0.28807,0.198,0.097403,0.013148,-0.070606,-0.14261,-0.20197,-0.26544,-0.30453,-0.36498,-0.39489,-0.43985,-0.46137,-0.47245,-0.47867,-0.4637,-0.48869,-0.46367,-0.52011,-0.51707,-0.48887,-0.44137,-0.32009,-0.17471,-0.19562,-0.029503
0.16184,0.22265,0.41738,0.5406,0.62376,0.68076,0.71302,0.72319,0.71901,0.70666,0.69243,0.67935,0.66964,0.66021,0.65361,0.64439,0.63665,0.62779,0.61963,0.61275,0.60598,0.60082,0.59543,0.59328,0.59007,0.5871,0.58551,0.58249,0.58393,0.58252,0.57745,0.56994,0.57554,0.57172,0.57198,0.5652,0.54234,0.51204,0.57587,0.58073
0.16184,0.22265,0.41738,0.5406,0.62376,0.68076,0.71302,0.72319,0.71901,0.70666,0.69243,0.67935,0.66964,0.66021,0.65361,0.64439,0.63665,0.62779,0.61963,0.61275,0.60598,0.60082,0.59543,0.59328,0.59007,0.5871,0.58551,0.58249,0.58393,0.58252,0.57745,0.56994,0.57554,0.57172,0.57198,0.5652,0.54234,0.51204,0.57587,0.58073
0.16184,0.22265,0.41738,0.5406,0.62376,0.68076,0.71302,0.72319,0.71901,0.70666,0.69243,0.67935,0.66964,0.66021,0.65361,0.64439,0.63665,0.62779,0.61963,0.61275,0.60598,0.60082,0.59543,0.59328,0.59007,0.5871,0.58551,0.58249,0.58393,0.58252,0.57745,0.56994,0.57554,0.57172,0.57198,0.5652,0.54234,0.51204,0.57587,0.58073
0.33422,0.37197,0.51244,0.60714,0.66975,0.70807,0.72313,0.71981,0.70638,0.69022,0.67556,0.66373,0.65485,0.64667,0.63995,0.6338,0.62849,0.624,0.61995,0.61754,0.61491,0.61364,0.61179,0.61011,0.60666,0.60923,0.60714,0.60198,0.60876,0.60819,0.59179,0.57103,0.59583,0.58568,0.60063,0.60697,0.54563,0.53447,0.43376,0.36628
0.33422,0.37197,0.51244,0.60714,0.66975,0.70807,0.72313,0.71981,0.70638,0.69022,0.67556,0.66373,0.65485,0.64667,0.63995,0.6338,0.62849,0.624,0.61995,0.61754,0.61491,0.61364,0.61179,0.61011,0.60666,0.60923,0.60714,0.60198,0.60876,0.60819,0.59179,0.57103,0.59583,0.58568,0.60063,0.60697,0.54563,0.53447,0.43376,0.36628
0.33422,0.37197,0.51244,0.60714,0.66975,0.70807,0.72313,0.71981,0.70638,0.69022,0.67556,0.66373,0.65485,0.64667,0.63995,0.6338,0.62849,0.624,0.61995,0.61754,0.61491,0.61364,0.61179,0.61011,0.60666,0.60923,0.60714,0.60198,0.60876,0.60819,0.59179,0.57103,0.59583,0.58568,0.60063,0.60697,0.54563,0.53447,0.43376,0.36628
0.33422,0.37197,0.51244,0.60714,0.66975,0.70807,0.72313,0.71981,0.70638,0.69022,0.67556,0.66373,0.65485,0.64667,0.63995,0.6338,0.62849,0.624,0.61995,0.61754,0.61491,0.61364,0.61179,0.61011,0.60666,0.60923,0.60714,0.60198,0.60876,0.60819,0.59179,0.57103,0.59583,0.58568,0.60063,0.60697,0.54563,0.53447,0.43376,0.36628
0.38546,0.4343,0.60658,0.71887,0.77379,0.79416,0.79095,0.77375,0.75076,0.72647,0.70351,0.68215,0.66438,0.64872,0.63677,0.62653,0.61895,0.61412,0.61064,0.60771,0.60623,0.60393,0.6018,0.6043,0.60749,0.61256,0.59589,0.5865,0.62436,0.64538,0.61394,0.62059,0.529,0.49199,0.75088,0.75949,0.74684,0.73516,0.47088,0.4859
0.38546,0.4343,0.60658,0.71887,0.77379,0.79416,0.79095,0.77375,0.75076,0.72647,0.70351,0.68215,0.66438,0.64872,0.63677,0.62653,0.61895,0.61412,0.61064,0.60771,0.60623,0.60393,0.6018,0.6043,0.60749,0.61256,0.59589,0.5865,0.62436,0.64538,0.61394,0.62059,0.529,0.49199,0.75088,0.75949,0.74684,0.73516,0.47088,0.4859
0.38546,0.4343,0.60658,0.71887,0.77379,0.79416,0.79095,0.77375,0.75076,0.72647,0.70351,0.68215,0.66438,0.64872,0.63677,0.62653,0.61895,0.61412,0.61064,0.60771,0.60623,0.60393,0.6018,0.6043,0.60749,0.61256,0.59589,0.5865,0.62436,0.64538,0.61394,0.62059,0.529,0.49199,0.75088,0.75949,0.74684,0.73516,0.47088,0.4859
0.38546,0.4343,0.60658,0.71887,0.77379,0.79416,0.79095,0.77375,0.75076,0.72647,0.70351,0.68215,0.66438,0.64872,0.63677,0.62653,0.61895,0.61412,0.61064,0.60771,0.60623,0.60393,0.6018,0.6043,0.60749,0.61256,0.59589,0.5865,0.62436,0.64538,0.61394,0.62059,0.529,0.49199,0.75088,0.75949,0.74684,0.73516,0.47088,0.4859
0.38546,0.4343,0.60658,0.71887,0.77379,0.79416,0.79095,0.77375,0.75076,0.72647,0.70351,0.68215,0.66438,0.64872,0.63677,0.62653,0.61895,0.61412,0.61064,0.60771,0.60623,0.60393,0.6018,0.6043,0.60749,0.61256,0.59589,0.5865,0.62436,0.64538,0.61394,0.62059,0.529,0.49199,0.75088,0.75949,0.74684,0.73516,0.47088,0.4859
0.38546,0.4343,0.60658,0.71887,0.77379,0.79416,0.79095,0.77375,0.75076,0.72647,0.70351,0.68215,0.66438,0.64872,0.63677,0.62653,0.61895,0.61412,0.61064,0.60771,0.60623,0.60393,0.6018,0.6043,0.60749,0.61256,0.59589,0.5865,0.62436,0.64538,0.61394,0.62059,0.529,0.49199,0.75088,0.75949,0.74684,0.73516,0.47088,0.4859
0.51821,0.56151,0.71411,0.79385,0.81518,0.80942,0.79396,0.77758,0.76311,0.75085,0.74136,0.73381,0.72813,0.72443,0.72179,0.7199,0.71891,0.71728,0.71591,0.71834,0.72349,0.71257,0.70399,0.72928,0.74556,0.7214,0.67204,0.62557,0.91478,0.91974,0.47515,0.51291,0.82182,0.81856,0.72716,0.72584,0.52853,0.53467,0.89845,0.89634
0.51821,0.56151,0.71411,0.79385,0.81518,0.80942,0.79396,0.77758,0.76311,0.75085,0.74136,0.73381,0.72813,0.72443,0.72179,0.7199,0.71891,0.71728,0.71591,0.71834,0.72349,0.71257,0.70399,0.72928,0.74556,0.7214,0.67204,0.62557,0.91478,0.91974,0.47515,0.51291,0.82182,0.81856,0.72716,0.72584,0.52853,0.53467,0.89845,0.89634
0.51821,0.56151,0.71411,0.79385,0.81518,0.80942,0.79396,0.77758,0.76311,0.75085,0.74136,0.73381,0.72813,0.72443,0.72179,0.7199,0.71891,0.71728,0.71591,0.71834,0.72349,0.71257,0.70399,0.72928,0.74556,0.7214,0.67204,0.62557,0.91478,0.91974,0.47515,0.51291,0.82182,0.81856,0.72716,0.72584,0.52853,0.53467,0.89845,0.89634
0.51821,0.56151,0.71411,0.79385,0.81518,0.80942,0.79396,0.77758,0.76311,0.75085,0.74136,0.73381,0.72813,0.72443,0.72179,0.7199,0.71891,0.71728,0.71591,0.71834,0.72349,0.71257,0.70399,0.72928,0.74556,0.7214,0.67204,0.62557,0.91478,0.91974,0.47515,0.51291,0.82182,0.81856,0.72716,0.72584,0.52853,0.53467,0.89845,0.89634
0.51821,0.56151,0.71411,0.79385,0.81518,0.80942,0.79396,0.77758,0.76311,0.75085,0.74136,0.73381,0.72813,0.72443,0.72179,0.7199,0.71891,0.71728,0.71591,0.71834,0.72349,0.71257,0.70399,0.72928,0.74556,0.7214,0.67204,0.62557,0.91478,0.91974,0.47515,0.51291,0.82182,0.81856,0.72716,0.72584,0.52853,0.53467,0.89845,0.89634
0.51821,0.56151,0.71411,0.79385,0.81518,0.80942,0.79396,0.77758,0.76311,0.75085,0.74136,0.73381,0.72813,0.72443,0.72179,0.7199,0.71891,0.71728,0.71591,0.71834,0.72349,0.71257,0.70399,0.72928,0.74556,0.7214,0.67204,0.62557,0.91478,0.91974,0.47515,0.51291,0.82182,0.81856,0.72716,0.72584,0.52853,0.53467,0.89845,0.89634
0.51821,0.56151,0.71411,0.79385,0.81518,0.80942,0.79396,0.77758,0.76311,0.75085,0.74136,0.73381,0.72813,0.72443,0.72179,0.7199,0.71891,0.71728,0.71591,0.71834,0.72349,0.71257,0.70399,0.72928,0.74556,0.7214,0.67204,0.62557,0.91478,0.91974,0.47515,0.51291,0.82182,0.81856,0.72716,0.72584,0.52853,0.53467,0.89845,0.89634
