-0.00085953,0.0094777,0.052748,0.087726,0.1166,0.14729,0.17841,0.20893,0.23677,0.26445,0.29035,0.31881,0.3461,0.37751,0.40703,0.44054,0.47102,0.50441,0.53397,0.56519,0.59235,0.62016,0.64414,0.66807,0.68865,0.70878,0.72686,0.74283,0.75779,0.77103,0.78334,0.79425,0.80436,0.81335,0.82164,0.82904,0.83587,0.84198,0.84762,0.85268
-0.0033625,0.016273,0.10769,0.20866,0.29387,0.36323,0.42524,0.4872,0.54618,0.60264,0.65195,0.69566,0.73195,0.76283,0.78801,0.80908,0.82622,0.84051,0.85219,0.86198,0.87008,0.877,0.88282,0.88796,0.89238,0.89645,0.90013,0.90344,0.90661,0.90951,0.91231,0.91493,0.91743,0.91979,0.922,0.92412,0.92604,0.92792,0.92949,0.93109
0.10946,0.13879,0.29842,0.43973,0.54412,0.63108,0.70111,0.75585,0.7975,0.82903,0.85271,0.87049,0.88393,0.89413,0.90208,0.90841,0.91365,0.91818,0.92218,0.92586,0.92925,0.93241,0.93538,0.93804,0.94059,0.94271,0.94448,0.94625,0.94735,0.94851,0.94889,0.94935,0.94895,0.94864,0.94735,0.94614,0.94387,0.94161,0.9383,0.93483
0.21706,0.24706,0.38191,0.49786,0.59815,0.6834,0.74868,0.79558,0.82868,0.85164,0.86808,0.88002,0.88928,0.89679,0.90319,0.90878,0.91377,0.91804,0.92189,0.92473,0.92731,0.92852,0.92958,0.92888,0.92811,0.92529,0.92134,0.91693,0.91037,0.90295,0.89339,0.88229,0.86936,0.85381,0.83725,0.81653,0.79629,0.76996,0.74661,0.71493
0.085524,0.1368,0.40555,0.61135,0.72812,0.79933,0.84398,0.87256,0.89148,0.90432,0.91373,0.92092,0.92692,0.93176,0.93601,0.93902,0.9416,0.94257,0.94316,0.94179,0.93997,0.93578,0.93088,0.9234,0.9145,0.90302,0.88975,0.8727,0.85457,0.83038,0.80726,0.77518,0.74791,0.70882,0.67998,0.63731,0.61049,0.56959,0.54769,0.51351
0.3856,0.39861,0.5563,0.71641,0.79953,0.84572,0.87255,0.88912,0.90069,0.91,0.91817,0.92546,0.93207,0.93729,0.94177,0.94416,0.94575,0.94464,0.94252,0.93739,0.93059,0.92083,0.9081,0.89329,0.87332,0.85353,0.8323,0.80294,0.77958,0.74709,0.72554,0.69539,0.67844,0.65507,0.64314,0.62773,0.61947,0.61081,0.60431,0.60042
0.27494,0.31233,0.50659,0.65908,0.74605,0.79973,0.83415,0.8581,0.87646,0.89114,0.90316,0.9115,0.91746,0.91864,0.91733,0.91045,0.90031,0.88456,0.86353,0.83816,0.804,0.7697,0.72255,0.68371,0.62973,0.59527,0.56285,0.52287,0.50046,0.47519,0.461,0.44854,0.43875,0.43494,0.42605,0.42702,0.41599,0.41775,0.40651,0.40657
0.23394,0.2662,0.5099,0.70964,0.79566,0.83921,0.86538,0.88384,0.89859,0.91013,0.91943,0.92471,0.92754,0.92517,0.91964,0.9087,0.89315,0.87396,0.84818,0.82362,0.79126,0.76757,0.7368,0.72013,0.69824,0.68953,0.68091,0.67319,0.66839,0.66562,0.66243,0.66214,0.6589,0.65912,0.65694,0.65713,0.65566,0.65542,0.65819,0.65966
0.27872,0.39389,0.74288,0.86056,0.89519,0.91207,0.92396,0.93371,0.94186,0.94734,0.95065,0.95032,0.94713,0.94009,0.92868,0.91439,0.89325,0.8731,0.84433,0.8244,0.79749,0.78498,0.76909,0.76407,0.75888,0.75721,0.75416,0.75611,0.75265,0.75455,0.75288,0.75409,0.75579,0.75803,0.76154,0.76684,0.76749,0.7754,0.76782,0.77401
0.35211,0.38598,0.61816,0.78894,0.85288,0.88517,0.9067,0.9216,0.93157,0.9355,0.93459,0.92718,0.91346,0.89373,0.86443,0.83324,0.79024,0.75675,0.71502,0.69171,0.66626,0.65448,0.64469,0.63797,0.63671,0.63025,0.62382,0.62346,0.62142,0.62112,0.62429,0.62721,0.62933,0.63587,0.62618,0.62794,0.61577,0.60638,0.618,0.61409
0.43212,0.49653,0.72621,0.84137,0.88227,0.90157,0.91151,0.91345,0.90813,0.89338,0.86788,0.82947,0.77122,0.70025,0.59928,0.50537,0.38947,0.31216,0.2357,0.19079,0.16156,0.13205,0.12805,0.098821,0.098845,0.081212,0.080423,0.087454,0.093521,0.11688,0.1027,0.13115,0.084226,0.090735,0.11928,0.165,0.26233,0.38924,0.37196,0.50363
0.59307,0.62401,0.75284,0.83709,0.87905,0.90552,0.92405,0.93561,0.94132,0.93991,0.93218,0.91899,0.89871,0.87832,0.85281,0.83491,0.81619,0.80607,0.79669,0.79127,0.78657,0.78183,0.7778,0.77334,0.76845,0.76549,0.76297,0.75853,0.75616,0.75173,0.75005,0.74598,0.74394,0.741,0.74265,0.74512,0.74211,0.75169,0.77912,0.80873
0.53234,0.553,0.68862,0.80005,0.85447,0.8877,0.90941,0.92043,0.92208,0.9138,0.89573,0.87236,0.84017,0.81449,0.78727,0.7746,0.76493,0.76294,0.76361,0.76429,0.76758,0.76683,0.76815,0.77063,0.77199,0.77472,0.77376,0.77327,0.7722,0.76744,0.77156,0.76705,0.78772,0.79956,0.79543,0.80768,0.72697,0.693,0.79219,0.80047
0.66017,0.69134,0.80595,0.8686,0.89343,0.90136,0.89446,0.8706,0.82526,0.7564,0.65064,0.53185,0.38902,0.28323,0.19888,0.14474,0.12332,0.09113,0.087936,0.072873,0.07436,0.082376,0.1079,0.099742,0.14441,0.08046,0.10949,0.17024,0.21494,0.35867,0.13702,0.19231,0.25207,0.3695,0.63386,0.73085,0.65764,0.71077,0.42755,0.48067
0.66017,0.69134,0.80595,0.8686,0.89343,0.90136,0.89446,0.8706,0.82526,0.7564,0.65064,0.53185,0.38902,0.28323,0.19888,0.14474,0.12332,0.09113,0.087936,0.072873,0.07436,0.082376,0.1079,0.099742,0.14441,0.08046,0.10949,0.17024,0.21494,0.35867,0.13702,0.19231,0.25207,0.3695,0.63386,0.73085,0.65764,0.71077,0.42755,0.48067
0.48069,0.52879,0.71222,0.82027,0.86746,0.88769,0.88756,0.86865,0.83229,0.78737,0.73566,0.69625,0.66549,0.6493,0.6378,0.63019,0.61822,0.61064,0.59378,0.5855,0.56466,0.5567,0.53167,0.52422,0.5055,0.50771,0.49479,0.48558,0.50608,0.57282,0.46817,0.50348,0.39055,0.42263,0.66769,0.73162,0.70213,0.7431,0.4808,0.52271
0.48543,0.51045,0.6421,0.75942,0.8282,0.86248,0.86568,0.84307,0.80153,0.7619,0.73072,0.71959,0.71842,0.72213,0.72579,0.7292,0.73067,0.73347,0.73374,0.73299,0.72797,0.73343,0.72736,0.72287,0.71072,0.73135,0.70898,0.67189,0.73376,0.75344,0.67233,0.6667,0.49347,0.42889,0.78819,0.79405,0.83011,0.82039,0.35926,0.38974
0.48543,0.51045,0.6421,0.75942,0.8282,0.86248,0.86568,0.84307,0.80153,0.7619,0.73072,0.71959,0.71842,0.72213,0.72579,0.7292,0.73067,0.73347,0.73374,0.73299,0.72797,0.73343,0.72736,0.72287,0.71072,0.73135,0.70898,0.67189,0.73376,0.75344,0.67233,0.6667,0.49347,0.42889,0.78819,0.79405,0.83011,0.82039,0.35926,0.38974
0.68378,0.69239,0.73221,0.77252,0.79097,0.77723,0.72087,0.62026,0.47657,0.3345,0.21039,0.132,0.091824,0.06752,0.067388,0.061596,0.072828,0.07541,0.095268,0.10927,0.16184,0.1102,0.12212,0.20712,0.31973,0.3548,0.1951,0.21514,0.60405,0.71101,0.4821,0.51188,0.62901,0.65384,0.77461,0.77833,0.78212,0.77267,0.71835,0.71461
0.82028,0.82878,0.87384,0.90134,0.8944,0.8601,0.78879,0.67318,0.50746,0.33199,0.17744,0.0076851,-0.080768,-0.24809,-0.21468,-0.17415,-0.0087327,-0.17009,-0.047804,0.13442,0.37954,0.047906,0.20446,0.46734,0.65313,0.71933,0.54948,0.72092,0.98236,0.98387,0.74511,0.67304,0.89518,0.89077,0.89246,0.89058,0.89924,0.90248,0.97161,0.97014
0.82028,0.82878,0.87384,0.90134,0.8944,0.8601,0.78879,0.67318,0.50746,0.33199,0.17744,0.0076851,-0.080768,-0.24809,-0.21468,-0.17415,-0.0087327,-0.17009,-0.047804,0.13442,0.37954,0.047906,0.20446,0.46734,0.65313,0.71933,0.54948,0.72092,0.98236,0.98387,0.74511,0.67304,0.89518,0.89077,0.89246,0.89058,0.89924,0.90248,0.97161,0.97014
0.82028,0.82878,0.87384,0.90134,0.8944,0.8601,0.78879,0.67318,0.50746,0.33199,0.17744,0.0076851,-0.080768,-0.24809,-0.21468,-0.17415,-0.0087327,-0.17009,-0.047804,0.13442,0.37954,0.047906,0.20446,0.46734,0.65313,0.71933,0.54948,0.72092,0.98236,0.98387,0.74511,0.67304,0.89518,0.89077,0.89246,0.89058,0.89924,0.90248,0.97161,0.97014
0.76943,0.78184,0.85426,0.92175,0.95117,0.96419,0.97242,0.97854,0.98243,0.98512,0.98603,0.98609,0.98396,0.98279,0.97732,0.97675,0.97219,0.96649,0.95632,0.92709,0.89938,0.78138,0.67257,0.95958,0.96151,0.93772,0.77987,0.78457,0.86127,0.86206,0.93932,0.93721,0.94857,0.95009,0.8518,0.85065,0.72572,0.7296,0.97064,0.97043
0.76943,0.78184,0.85426,0.92175,0.95117,0.96419,0.97242,0.97854,0.98243,0.98512,0.98603,0.98609,0.98396,0.98279,0.97732,0.97675,0.97219,0.96649,0.95632,0.92709,0.89938,0.78138,0.67257,0.95958,0.96151,0.93772,0.77987,0.78457,0.86127,0.86206,0.93932,0.93721,0.94857,0.95009,0.8518,0.85065,0.72572,0.7296,0.97064,0.97043
0.40413,0.45857,0.64255,0.71521,0.68881,0.64645,0.63173,0.64226,0.65874,0.67287,0.68278,0.68908,0.69275,0.69431,0.69352,0.69692,0.70083,0.69418,0.68804,0.67243,0.65274,0.52496,0.44381,0.93289,0.90293,0.67264,0.62792,0.6271,0.41676,0.42726,0.86194,0.85454,0.69319,0.69701,0.62172,0.62021,0.45397,0.46016,0.83357,0.82876
0.40413,0.45857,0.64255,0.71521,0.68881,0.64645,0.63173,0.64226,0.65874,0.67287,0.68278,0.68908,0.69275,0.69431,0.69352,0.69692,0.70083,0.69418,0.68804,0.67243,0.65274,0.52496,0.44381,0.93289,0.90293,0.67264,0.62792,0.6271,0.41676,0.42726,0.86194,0.85454,0.69319,0.69701,0.62172,0.62021,0.45397,0.46016,0.83357,0.82876
0.40413,0.45857,0.64255,0.71521,0.68881,0.64645,0.63173,0.64226,0.65874,0.67287,0.68278,0.68908,0.69275,0.69431,0.69352,0.69692,0.70083,0.69418,0.68804,0.67243,0.65274,0.52496,0.44381,0.93289,0.90293,0.67264,0.62792,0.6271,0.41676,0.42726,0.86194,0.85454,0.69319,0.69701,0.62172,0.62021,0.45397,0.46016,0.83357,0.82876
0.40413,0.45857,0.64255,0.71521,0.68881,0.64645,0.63173,0.64226,0.65874,0.67287,0.68278,0.68908,0.69275,0.69431,0.69352,0.69692,0.70083,0.69418,0.68804,0.67243,0.65274,0.52496,0.44381,0.93289,0.90293,0.67264,0.62792,0.6271,0.41676,0.42726,0.86194,0.85454,0.69319,0.69701,0.62172,0.62021,0.45397,0.46016,0.83357,0.82876
0.40413,0.45857,0.64255,0.71521,0.68881,0.64645,0.63173,0.64226,0.65874,0.67287,0.68278,0.68908,0.69275,0.69431,0.69352,0.69692,0.70083,0.69418,0.68804,0.67243,0.65274,0.52496,0.44381,0.93289,0.90293,0.67264,0.62792,0.6271,0.41676,0.42726,0.86194,0.85454,0.69319,0.69701,0.62172,0.62021,0.45397,0.46016,0.83357,0.82876
0.40413,0.45857,0.64255,0.71521,0.68881,0.64645,0.63173,0.64226,0.65874,0.67287,0.68278,0.68908,0.69275,0.69431,0.69352,0.69692,0.70083,0.69418,0.68804,0.67243,0.65274,0.52496,0.44381,0.93289,0.90293,0.67264,0.62792,0.6271,0.41676,0.42726,0.86194,0.85454,0.69319,0.69701,0.62172,0.62021,0.45397,0.46016,0.83357,0.82876
0.74092,0.74966,0.75426,0.65509,0.46142,0.26369,0.1233,0.03821,-0.015743,-0.061395,-0.10533,-0.14875,-0.1785,-0.23467,-0.14934,-0.25759,0.02342,-0.37236,-0.066204,0.36098,0.54876,0.58761,0.69525,0.84027,0.77931,0.7404,0.70092,0.69701,0.40116,0.40751,0.86805,0.86049,0.69083,0.69007,0.46582,0.46393,0.77329,0.77383,0.84285,0.83659
0.74092,0.74966,0.75426,0.65509,0.46142,0.26369,0.1233,0.03821,-0.015743,-0.061395,-0.10533,-0.14875,-0.1785,-0.23467,-0.14934,-0.25759,0.02342,-0.37236,-0.066204,0.36098,0.54876,0.58761,0.69525,0.84027,0.77931,0.7404,0.70092,0.69701,0.40116,0.40751,0.86805,0.86049,0.69083,0.69007,0.46582,0.46393,0.77329,0.77383,0.84285,0.83659
0.97118,0.96668,0.93787,0.86925,0.75607,0.70784,0.79899,0.87541,0.88816,0.88805,0.86659,0.88563,0.85081,0.73399,0.80113,0.8337,0.96249,0.86344,0.76854,0.95733,0.9537,0.99117,0.99106,0.7293,0.72774,0.95275,0.9906,0.99015,0.73018,0.73401,0.95385,0.95431,0.98881,0.98822,0.74668,0.75285,0.95559,0.95608,0.98687,0.98632
0.97118,0.96668,0.93787,0.86925,0.75607,0.70784,0.79899,0.87541,0.88816,0.88805,0.86659,0.88563,0.85081,0.73399,0.80113,0.8337,0.96249,0.86344,0.76854,0.95733,0.9537,0.99117,0.99106,0.7293,0.72774,0.95275,0.9906,0.99015,0.73018,0.73401,0.95385,0.95431,0.98881,0.98822,0.74668,0.75285,0.95559,0.95608,0.98687,0.98632
0.97118,0.96668,0.93787,0.86925,0.75607,0.70784,0.79899,0.87541,0.88816,0.88805,0.86659,0.88563,0.85081,0.73399,0.80113,0.8337,0.96249,0.86344,0.76854,0.95733,0.9537,0.99117,0.99106,0.7293,0.72774,0.95275,0.9906,0.99015,0.73018,0.73401,0.95385,0.95431,0.98881,0.98822,0.74668,0.75285,0.95559,0.95608,0.98687,0.98632
0.97118,0.96668,0.93787,0.86925,0.75607,0.70784,0.79899,0.87541,0.88816,0.88805,0.86659,0.88563,0.85081,0.73399,0.80113,0.8337,0.96249,0.86344,0.76854,0.95733,0.9537,0.99117,0.99106,0.7293,0.72774,0.95275,0.9906,0.99015,0.73018,0.73401,0.95385,0.95431,0.98881,0.98822,0.74668,0.75285,0.95559,0.95608,0.98687,0.98632
0.97118,0.96668,0.93787,0.86925,0.75607,0.70784,0.79899,0.87541,0.88816,0.88805,0.86659,0.88563,0.85081,0.73399,0.80113,0.8337,0.96249,0.86344,0.76854,0.95733,0.9537,0.99117,0.99106,0.7293,0.72774,0.95275,0.9906,0.99015,0.73018,0.73401,0.95385,0.95431,0.98881,0.98822,0.74668,0.75285,0.95559,0.95608,0.98687,0.98632
0.97118,0.96668,0.93787,0.86925,0.75607,0.70784,0.79899,0.87541,0.88816,0.88805,0.86659,0.88563,0.85081,0.73399,0.80113,0.8337,0.96249,0.86344,0.76854,0.95733,0.9537,0.99117,0.99106,0.7293,0.72774,0.95275,0.9906,0.99015,0.73018,0.73401,0.95385,0.95431,0.98881,0.98822,0.74668,0.75285,0.95559,0.95608,0.98687,0.98632
0.97118,0.96668,0.93787,0.86925,0.75607,0.70784,0.79899,0.87541,0.88816,0.88805,0.86659,0.88563,0.85081,0.73399,0.80113,0.8337,0.96249,0.86344,0.76854,0.95733,0.9537,0.99117,0.99106,0.7293,0.72774,0.95275,0.9906,0.99015,0.73018,0.73401,0.95385,0.95431,0.98881,0.98822,0.74668,0.75285,0.95559,0.95608,0.98687,0.98632
0.97118,0.96668,0.93787,0.86925,0.75607,0.70784,0.79899,0.87541,0.88816,0.88805,0.86659,0.88563,0.85081,0.73399,0.80113,0.8337,0.96249,0.86344,0.76854,0.95733,0.9537,0.99117,0.99106,0.7293,0.72774,0.95275,0.9906,0.99015,0.73018,0.73401,0.95385,0.95431,0.98881,0.98822,0.74668,0.75285,0.95559,0.95608,0.98687,0.98632
