-0.0005895,-0.00080998,-0.00085062,0.0031449,0.0084832,0.012498,0.014592,0.014901,0.01409,0.012642,0.011153,0.010192,0.0097634,0.010862,0.012564,0.016596,0.02087,0.027963,0.034694,0.044426,0.053169,0.064899,0.075114,0.088186,0.099353,0.11317,0.12686,0.13887,0.15257,0.16448,0.17784,0.18939,0.20217,0.21316,0.22522,0.23557,0.24683,0.25649,0.26696,0.27593
-0.0022038,-0.0026594,0.0015835,0.0076953,0.010547,0.01304,0.017269,0.025847,0.038193,0.055955,0.075466,0.099112,0.1221,0.1478,0.17125,0.19619,0.21813,0.24074,0.26028,0.28009,0.29711,0.31433,0.32916,0.34425,0.35733,0.37081,0.38345,0.39489,0.40657,0.41722,0.42822,0.43831,0.44879,0.45842,0.46842,0.47763,0.48711,0.49584,0.50469,0.51286
-0.0052796,-0.0023289,0.0058127,0.0097424,0.018585,0.038163,0.067045,0.10333,0.14153,0.1812,0.21776,0.25274,0.28319,0.31153,0.33589,0.35878,0.37871,0.39806,0.41526,0.43258,0.44823,0.46436,0.47903,0.49417,0.50788,0.52173,0.53455,0.54638,0.5574,0.56754,0.57661,0.58497,0.59215,0.5988,0.60428,0.60938,0.6134,0.61718,0.61995,0.62259
0.044807,0.041574,0.025423,0.024492,0.045962,0.081703,0.12383,0.16815,0.20982,0.24901,0.28375,0.31618,0.34506,0.37263,0.39767,0.42209,0.44456,0.46648,0.48656,0.50553,0.52269,0.53803,0.55178,0.56336,0.57371,0.58198,0.58888,0.59501,0.59962,0.60367,0.60658,0.60909,0.61075,0.61214,0.6129,0.61349,0.61366,0.61371,0.61358,0.61331
-0.013411,-0.0032465,0.049452,0.11495,0.18187,0.24455,0.29748,0.33995,0.37319,0.40032,0.42317,0.4443,0.46377,0.48303,0.50105,0.51838,0.53414,0.54821,0.56063,0.57085,0.57967,0.58636,0.59205,0.59595,0.5992,0.6011,0.60227,0.60311,0.6032,0.60313,0.60266,0.60212,0.6016,0.60095,0.60079,0.60036,0.60094,0.60102,0.60255,0.60333
-0.020264,-0.013185,0.026519,0.083627,0.14768,0.20899,0.26285,0.3102,0.35258,0.39213,0.42903,0.4636,0.49503,0.52213,0.54541,0.56335,0.57804,0.5882,0.59617,0.60095,0.60442,0.60583,0.60651,0.60587,0.6049,0.60324,0.60154,0.59959,0.59813,0.5963,0.59563,0.59436,0.59484,0.59445,0.5963,0.59699,0.60037,0.60228,0.60734,0.61057
-0.022936,-0.0075448,0.070855,0.17557,0.27138,0.34373,0.395,0.43284,0.46314,0.48948,0.51297,0.53362,0.55144,0.56558,0.57702,0.58483,0.59073,0.59372,0.59566,0.59549,0.59494,0.5932,0.59137,0.58939,0.58731,0.58616,0.58586,0.58507,0.58649,0.58709,0.59054,0.59281,0.59843,0.6025,0.61023,0.61613,0.62572,0.63335,0.64462,0.65384
0.020198,0.034332,0.129,0.23735,0.31298,0.36675,0.41052,0.45176,0.49166,0.52922,0.56242,0.58896,0.60989,0.62382,0.63373,0.63861,0.64132,0.64091,0.63953,0.63655,0.6332,0.62975,0.62607,0.62388,0.62121,0.62138,0.62306,0.62381,0.62856,0.63194,0.63967,0.6457,0.65595,0.66435,0.67668,0.68706,0.70088,0.71279,0.72728,0.74014
0.078433,0.094184,0.18644,0.2714,0.32389,0.36196,0.39412,0.42384,0.45157,0.4753,0.49475,0.50821,0.51774,0.52247,0.52498,0.5245,0.52314,0.52056,0.51774,0.51564,0.51332,0.51359,0.51325,0.51702,0.51957,0.52745,0.53715,0.54532,0.55868,0.5702,0.58673,0.60122,0.62014,0.63703,0.65727,0.67578,0.69639,0.71569,0.73574,0.75505
0.0054626,0.022531,0.13115,0.24164,0.31678,0.37849,0.43441,0.48482,0.5276,0.56016,0.58387,0.5985,0.60751,0.61093,0.61161,0.60924,0.60573,0.60132,0.5965,0.5931,0.58934,0.58908,0.5881,0.5924,0.59533,0.60461,0.61572,0.6256,0.64076,0.65445,0.67251,0.68909,0.70861,0.7269,0.74663,0.76545,0.78419,0.80254,0.81926,0.83633
0.039956,0.074916,0.22942,0.3403,0.41199,0.47529,0.53185,0.57703,0.61,0.63152,0.64523,0.65345,0.6584,0.6616,0.66375,0.66661,0.66918,0.67434,0.67918,0.68792,0.69586,0.70852,0.71976,0.73558,0.74961,0.76777,0.78587,0.80265,0.82073,0.83758,0.85442,0.87028,0.8849,0.89903,0.91091,0.92289,0.93201,0.9417,0.94879,0.95645
0.029551,0.049112,0.15318,0.25577,0.34019,0.41679,0.483,0.53259,0.5656,0.58347,0.5918,0.59282,0.59024,0.58582,0.5803,0.57674,0.57263,0.57316,0.57285,0.57906,0.58388,0.59596,0.60626,0.62396,0.63961,0.66127,0.68336,0.70491,0.72793,0.75102,0.77305,0.79597,0.81548,0.8368,0.85335,0.87227,0.88536,0.90136,0.91136,0.92432
0.01467,0.038945,0.12904,0.21067,0.29308,0.37563,0.4492,0.50431,0.54106,0.56086,0.57056,0.5722,0.57031,0.56664,0.5622,0.56072,0.55908,0.56366,0.56764,0.57942,0.58984,0.60762,0.62358,0.64553,0.66542,0.68902,0.71192,0.7342,0.7558,0.77751,0.79697,0.81722,0.83382,0.85202,0.86583,0.88177,0.89254,0.90594,0.9146,0.92568
0.13409,0.15915,0.27711,0.37236,0.4277,0.46955,0.50214,0.52282,0.53365,0.53669,0.53573,0.53382,0.53127,0.53252,0.53379,0.54179,0.54924,0.56484,0.57901,0.60104,0.62102,0.64738,0.67145,0.69923,0.72511,0.75181,0.7763,0.80085,0.82195,0.84393,0.86113,0.87998,0.89334,0.90889,0.91873,0.931,0.9385,0.948,0.95297,0.95992
0.048133,0.085142,0.23875,0.35106,0.42396,0.47174,0.49707,0.50438,0.50114,0.49171,0.48023,0.47025,0.46163,0.45999,0.4604,0.47104,0.48287,0.50539,0.5279,0.55925,0.58979,0.6254,0.66027,0.69547,0.73084,0.76197,0.78982,0.81989,0.84209,0.86725,0.88367,0.90354,0.91537,0.93039,0.93794,0.94842,0.953,0.95939,0.96246,0.9654
0.184,0.20732,0.30672,0.38636,0.44434,0.48574,0.50709,0.51047,0.50302,0.48894,0.47227,0.45725,0.44343,0.4384,0.43561,0.44564,0.45689,0.48058,0.50386,0.53616,0.56715,0.60239,0.63675,0.67037,0.70459,0.73427,0.7608,0.79043,0.81193,0.83758,0.85392,0.87512,0.88731,0.9042,0.91174,0.92385,0.92824,0.9353,0.93884,0.94137
0.01628,0.091816,0.37488,0.52118,0.57631,0.60153,0.61213,0.61395,0.61187,0.60867,0.60628,0.60883,0.6138,0.62755,0.64292,0.66749,0.69206,0.7234,0.7533,0.78559,0.8159,0.84413,0.87088,0.89228,0.91342,0.92827,0.94051,0.95317,0.961,0.96943,0.97416,0.97936,0.98233,0.98523,0.98693,0.98799,0.98964,0.98944,0.99042,0.98861
0.20241,0.24453,0.38045,0.47532,0.54674,0.588,0.60434,0.6056,0.60003,0.59329,0.5866,0.58585,0.58682,0.59815,0.61069,0.6345,0.65791,0.68972,0.71964,0.75283,0.78389,0.81293,0.84096,0.86371,0.88691,0.90319,0.91682,0.93199,0.94119,0.95207,0.95781,0.96502,0.96833,0.97224,0.97456,0.97565,0.97724,0.97525,0.97779,0.9727
0.36867,0.39035,0.47,0.55325,0.62513,0.67439,0.70405,0.7216,0.73317,0.74403,0.75464,0.76874,0.78334,0.80233,0.82133,0.8437,0.86527,0.88718,0.90771,0.92543,0.94195,0.9538,0.96525,0.97236,0.97944,0.98363,0.98704,0.99005,0.99186,0.99317,0.99455,0.99485,0.99594,0.99551,0.99631,0.99504,0.99521,0.99229,0.99551,0.99236
0.050471,0.11433,0.3974,0.57114,0.64361,0.67594,0.68658,0.6843,0.67556,0.66631,0.6582,0.65768,0.6616,0.67623,0.69585,0.72363,0.75485,0.78711,0.82061,0.84838,0.87661,0.89676,0.91736,0.93102,0.94452,0.95491,0.96295,0.96986,0.97378,0.97616,0.97993,0.97909,0.98112,0.9757,0.97838,0.9674,0.97918,0.96666,0.98063,0.96604
0.050471,0.11433,0.3974,0.57114,0.64361,0.67594,0.68658,0.6843,0.67556,0.66631,0.6582,0.65768,0.6616,0.67623,0.69585,0.72363,0.75485,0.78711,0.82061,0.84838,0.87661,0.89676,0.91736,0.93102,0.94452,0.95491,0.96295,0.96986,0.97378,0.97616,0.97993,0.97909,0.98112,0.9757,0.97838,0.9674,0.97918,0.96666,0.98063,0.96604
0.23114,0.2517,0.38963,0.51894,0.57984,0.60349,0.61037,0.61308,0.61659,0.62771,0.64343,0.66957,0.69888,0.73557,0.77269,0.81004,0.84626,0.87571,0.90455,0.92396,0.94381,0.955,0.96708,0.97281,0.97896,0.9821,0.98554,0.98653,0.98897,0.98704,0.99003,0.98516,0.99335,0.98895,0.99018,0.98032,0.98817,0.97548,0.97059,0.94431
0.23114,0.2517,0.38963,0.51894,0.57984,0.60349,0.61037,0.61308,0.61659,0.62771,0.64343,0.66957,0.69888,0.73557,0.77269,0.81004,0.84626,0.87571,0.90455,0.92396,0.94381,0.955,0.96708,0.97281,0.97896,0.9821,0.98554,0.98653,0.98897,0.98704,0.99003,0.98516,0.99335,0.98895,0.99018,0.98032,0.98817,0.97548,0.97059,0.94431
0.14098,0.18726,0.42661,0.58721,0.62513,0.61431,0.58447,0.54764,0.5085,0.47892,0.45747,0.45819,0.47164,0.50489,0.54786,0.59586,0.64958,0.69499,0.7453,0.78096,0.82149,0.84784,0.87806,0.89065,0.90488,0.91266,0.9256,0.92205,0.93298,0.91317,0.93168,0.89498,0.93429,0.8908,0.89448,0.83753,0.9005,0.84094,0.81091,0.7366
0.14098,0.18726,0.42661,0.58721,0.62513,0.61431,0.58447,0.54764,0.5085,0.47892,0.45747,0.45819,0.47164,0.50489,0.54786,0.59586,0.64958,0.69499,0.7453,0.78096,0.82149,0.84784,0.87806,0.89065,0.90488,0.91266,0.9256,0.92205,0.93298,0.91317,0.93168,0.89498,0.93429,0.8908,0.89448,0.83753,0.9005,0.84094,0.81091,0.7366
0.14098,0.18726,0.42661,0.58721,0.62513,0.61431,0.58447,0.54764,0.5085,0.47892,0.45747,0.45819,0.47164,0.50489,0.54786,0.59586,0.64958,0.69499,0.7453,0.78096,0.82149,0.84784,0.87806,0.89065,0.90488,0.91266,0.9256,0.92205,0.93298,0.91317,0.93168,0.89498,0.93429,0.8908,0.89448,0.83753,0.9005,0.84094,0.81091,0.7366
0.29349,0.30838,0.43433,0.54994,0.59404,0.60708,0.60911,0.61049,0.61411,0.628,0.65059,0.68844,0.7372,0.79017,0.84618,0.88778,0.92474,0.94751,0.96436,0.97579,0.98115,0.98914,0.99065,0.99325,0.9905,0.99064,0.99418,0.9875,0.99543,0.98929,0.98607,0.96718,0.95532,0.91418,0.92617,0.87752,0.95495,0.9227,0.8639,0.82765
0.14584,0.16577,0.24088,0.31183,0.36148,0.39385,0.42449,0.46814,0.52154,0.5891,0.65928,0.72999,0.79403,0.84605,0.88963,0.91953,0.94416,0.95913,0.97162,0.97808,0.98294,0.9864,0.9865,0.9877,0.98126,0.99063,0.99299,0.98589,0.987,0.96975,0.98464,0.96507,0.94391,0.89794,0.91843,0.8849,0.82197,0.77005,0.80712,0.76227
0.14584,0.16577,0.24088,0.31183,0.36148,0.39385,0.42449,0.46814,0.52154,0.5891,0.65928,0.72999,0.79403,0.84605,0.88963,0.91953,0.94416,0.95913,0.97162,0.97808,0.98294,0.9864,0.9865,0.9877,0.98126,0.99063,0.99299,0.98589,0.987,0.96975,0.98464,0.96507,0.94391,0.89794,0.91843,0.8849,0.82197,0.77005,0.80712,0.76227
0.14584,0.16577,0.24088,0.31183,0.36148,0.39385,0.42449,0.46814,0.52154,0.5891,0.65928,0.72999,0.79403,0.84605,0.88963,0.91953,0.94416,0.95913,0.97162,0.97808,0.98294,0.9864,0.9865,0.9877,0.98126,0.99063,0.99299,0.98589,0.987,0.96975,0.98464,0.96507,0.94391,0.89794,0.91843,0.8849,0.82197,0.77005,0.80712,0.76227
0.14584,0.16577,0.24088,0.31183,0.36148,0.39385,0.42449,0.46814,0.52154,0.5891,0.65928,0.72999,0.79403,0.84605,0.88963,0.91953,0.94416,0.95913,0.97162,0.97808,0.98294,0.9864,0.9865,0.9877,0.98126,0.99063,0.99299,0.98589,0.987,0.96975,0.98464,0.96507,0.94391,0.89794,0.91843,0.8849,0.82197,0.77005,0.80712,0.76227
0.30536,0.28562,0.30262,0.36326,0.36107,0.3311,0.30714,0.31482,0.35027,0.41752,0.49412,0.57521,0.65008,0.71311,0.76945,0.80959,0.84747,0.87076,0.89439,0.9048,0.91139,0.9221,0.91351,0.92637,0.89968,0.90514,0.9529,0.92397,0.94094,0.90704,0.83344,0.75268,0.66782,0.60436,0.84223,0.85093,0.64239,0.64865,0.74166,0.74155
0.49529,0.51618,0.59507,0.64226,0.66034,0.68066,0.71717,0.7683,0.82288,0.87306,0.9145,0.94296,0.96391,0.9764,0.98497,0.99002,0.99229,0.99536,0.99526,0.99466,0.98753,0.99629,0.98938,0.987,0.96467,0.96558,0.96472,0.92263,0.9626,0.93297,0.83664,0.7881,0.69625,0.61179,0.88925,0.90102,0.69127,0.69316,0.70861,0.71146
0.49529,0.51618,0.59507,0.64226,0.66034,0.68066,0.71717,0.7683,0.82288,0.87306,0.9145,0.94296,0.96391,0.9764,0.98497,0.99002,0.99229,0.99536,0.99526,0.99466,0.98753,0.99629,0.98938,0.987,0.96467,0.96558,0.96472,0.92263,0.9626,0.93297,0.83664,0.7881,0.69625,0.61179,0.88925,0.90102,0.69127,0.69316,0.70861,0.71146
0.49529,0.51618,0.59507,0.64226,0.66034,0.68066,0.71717,0.7683,0.82288,0.87306,0.9145,0.94296,0.96391,0.9764,0.98497,0.99002,0.99229,0.99536,0.99526,0.99466,0.98753,0.99629,0.98938,0.987,0.96467,0.96558,0.96472,0.92263,0.9626,0.93297,0.83664,0.7881,0.69625,0.61179,0.88925,0.90102,0.69127,0.69316,0.70861,0.71146
0.49529,0.51618,0.59507,0.64226,0.66034,0.68066,0.71717,0.7683,0.82288,0.87306,0.9145,0.94296,0.96391,0.9764,0.98497,0.99002,0.99229,0.99536,0.99526,0.99466,0.98753,0.99629,0.98938,0.987,0.96467,0.96558,0.96472,0.92263,0.9626,0.93297,0.83664,0.7881,0.69625,0.61179,0.88925,0.90102,0.69127,0.69316,0.70861,0.71146
0.49529,0.51618,0.59507,0.64226,0.66034,0.68066,0.71717,0.7683,0.82288,0.87306,0.9145,0.94296,0.96391,0.9764,0.98497,0.99002,0.99229,0.99536,0.99526,0.99466,0.98753,0.99629,0.98938,0.987,0.96467,0.96558,0.96472,0.92263,0.9626,0.93297,0.83664,0.7881,0.69625,0.61179,0.88925,0.90102,0.69127,0.69316,0.70861,0.71146
0.49529,0.51618,0.59507,0.64226,0.66034,0.68066,0.71717,0.7683,0.82288,0.87306,0.9145,0.94296,0.96391,0.9764,0.98497,0.99002,0.99229,0.99536,0.99526,0.99466,0.98753,0.99629,0.98938,0.987,0.96467,0.96558,0.96472,0.92263,0.9626,0.93297,0.83664,0.7881,0.69625,0.61179,0.88925,0.90102,0.69127,0.69316,0.70861,0.71146
0.54015,0.59249,0.7605,0.8018,0.77039,0.72751,0.70323,0.71675,0.76494,0.82229,0.86866,0.90307,0.92518,0.94311,0.95506,0.95997,0.95162,0.97234,0.96193,0.93694,0.85843,0.95877,0.90809,0.82462,0.77825,0.73354,0.69753,0.68582,0.94535,0.95129,0.82492,0.80437,0.73871,0.73911,0.76054,0.75899,0.68141,0.69151,0.89404,0.88897
0.54015,0.59249,0.7605,0.8018,0.77039,0.72751,0.70323,0.71675,0.76494,0.82229,0.86866,0.90307,0.92518,0.94311,0.95506,0.95997,0.95162,0.97234,0.96193,0.93694,0.85843,0.95877,0.90809,0.82462,0.77825,0.73354,0.69753,0.68582,0.94535,0.95129,0.82492,0.80437,0.73871,0.73911,0.76054,0.75899,0.68141,0.69151,0.89404,0.88897
