-0.000447,-0.00059582,-0.0014671,-0.0025184,-0.003404,-0.00376,-0.0035092,-0.0029181,-0.0023044,-0.0019165,-0.0017402,-0.0018531,-0.0020529,-0.0024086,-0.0027173,-0.0031143,-0.0034173,-0.0038361,-0.0041601,-0.0046531,-0.0050545,-0.0056665,-0.0061781,-0.006922,-0.0075516,-0.0084334,-0.0093746,-0.010218,-0.011323,-0.012301,-0.013594,-0.014717,-0.016215,-0.017491,-0.019199,-0.020629,-0.022534,-0.024108,-0.026169,-0.027863
-0.0016667,-0.0021977,-0.0039775,-0.0031329,-0.0018864,-0.0015965,-0.0017467,-0.0019763,-0.00218,-0.0027215,-0.0034885,-0.0048136,-0.006337,-0.0084537,-0.010654,-0.013573,-0.016417,-0.020121,-0.023538,-0.027814,-0.031601,-0.036121,-0.040013,-0.044425,-0.048169,-0.052211,-0.055912,-0.05915,-0.062329,-0.065097,-0.067753,-0.070051,-0.072238,-0.074107,-0.075906,-0.077414,-0.078936,-0.080169,-0.081515,-0.082562
-0.0029391,-0.0039295,-0.0087401,-0.011115,-0.010325,-0.0086512,-0.0078812,-0.0089145,-0.011385,-0.015336,-0.01998,-0.025885,-0.03191,-0.039091,-0.045857,-0.053469,-0.060275,-0.067513,-0.073789,-0.080164,-0.085588,-0.090917,-0.095393,-0.099737,-0.10334,-0.1069,-0.11011,-0.11282,-0.11564,-0.118,-0.12067,-0.12289,-0.12553,-0.12772,-0.13038,-0.1326,-0.13524,-0.13745,-0.13997,-0.14211
-0.0046453,-0.0059082,-0.0066128,-0.0026959,-0.00031494,-0.00077757,-0.003422,-0.0079744,-0.013851,-0.021291,-0.028929,-0.036872,-0.043996,-0.050356,-0.055659,-0.059948,-0.063368,-0.066144,-0.068287,-0.070416,-0.072047,-0.074263,-0.076008,-0.078848,-0.081125,-0.084688,-0.088472,-0.091718,-0.095881,-0.099443,-0.10357,-0.10713,-0.11084,-0.11409,-0.11712,-0.11983,-0.12211,-0.12419,-0.12579,-0.12724
-0.0059614,-0.0078936,-0.013263,-0.013804,-0.01471,-0.018101,-0.02414,-0.032772,-0.042328,-0.052002,-0.060589,-0.067943,-0.073905,-0.078883,-0.082781,-0.086596,-0.089641,-0.093544,-0.096799,-0.10142,-0.10535,-0.11062,-0.11506,-0.12038,-0.12483,-0.12946,-0.13339,-0.13679,-0.13951,-0.14184,-0.14343,-0.14472,-0.14553,-0.14601,-0.14629,-0.14625,-0.14632,-0.14605,-0.14633,-0.14616
-0.01064,-0.013653,-0.023056,-0.028735,-0.035539,-0.045295,-0.057229,-0.070241,-0.082598,-0.09368,-0.10299,-0.1107,-0.11686,-0.12209,-0.12629,-0.13041,-0.13385,-0.13753,-0.14059,-0.14346,-0.14572,-0.14687,-0.14763,-0.14638,-0.14509,-0.14138,-0.13683,-0.13218,-0.12603,-0.11969,-0.11246,-0.10489,-0.097218,-0.088922,-0.081234,-0.072631,-0.065397,-0.056911,-0.050344,-0.042314
-0.010407,-0.011149,-0.015308,-0.019598,-0.025286,-0.034369,-0.045692,-0.056787,-0.065723,-0.071632,-0.075098,-0.077243,-0.078568,-0.081378,-0.084291,-0.089874,-0.095309,-0.10241,-0.10892,-0.11527,-0.12102,-0.12542,-0.12941,-0.13203,-0.13435,-0.13556,-0.13662,-0.13739,-0.13814,-0.13874,-0.13965,-0.14066,-0.14206,-0.14393,-0.14579,-0.14861,-0.15106,-0.15476,-0.15765,-0.16195
0.021985,0.017462,0.0083408,0.0034305,-0.0090957,-0.02669,-0.04411,-0.058889,-0.070316,-0.07913,-0.085544,-0.091584,-0.096604,-0.10249,-0.10756,-0.11227,-0.1159,-0.11699,-0.11713,-0.11345,-0.10914,-0.10112,-0.092587,-0.081141,-0.069056,-0.055377,-0.041307,-0.025505,-0.010409,0.0069335,0.022697,0.041141,0.057022,0.076197,0.091876,0.11153,0.12648,0.14619,0.16054,0.17998
-0.017367,-0.016612,-0.016666,-0.025803,-0.041136,-0.059675,-0.077801,-0.092797,-0.10393,-0.11215,-0.11845,-0.12452,-0.12981,-0.13408,-0.13715,-0.13656,-0.13472,-0.12799,-0.12034,-0.10862,-0.096045,-0.081183,-0.065128,-0.048885,-0.030666,-0.014215,0.0021538,0.021518,0.037555,0.057345,0.072715,0.09267,0.10719,0.12698,0.14091,0.16035,0.17496,0.19434,0.20969,0.22892
-0.021695,-0.017703,-0.007511,-0.017604,-0.040413,-0.063126,-0.081253,-0.095029,-0.10545,-0.11436,-0.12155,-0.12735,-0.13114,-0.13134,-0.12937,-0.12284,-0.11448,-0.10264,-0.089123,-0.074367,-0.0576,-0.041958,-0.023737,-0.0085557,0.0097797,0.02365,0.036807,0.053264,0.064785,0.079874,0.090009,0.10368,0.11435,0.12755,0.13858,0.15153,0.16208,0.17356,0.18887,0.20024
0.009051,0.012881,0.0098382,-0.0098918,-0.026241,-0.036849,-0.042803,-0.046125,-0.047665,-0.049142,-0.049482,-0.046922,-0.041682,-0.029519,-0.014162,0.0086724,0.034779,0.066246,0.10184,0.13951,0.18319,0.22504,0.27524,0.31914,0.37347,0.41593,0.45724,0.50761,0.5452,0.58985,0.62376,0.6614,0.69128,0.72086,0.7491,0.77094,0.80267,0.82081,0.84848,0.86355
-0.031091,-0.032431,-0.047829,-0.071797,-0.098859,-0.12443,-0.1444,-0.15849,-0.16846,-0.17495,-0.17846,-0.1769,-0.17236,-0.16261,-0.15067,-0.13651,-0.1208,-0.10686,-0.091498,-0.081028,-0.069319,-0.063951,-0.058016,-0.058266,-0.058997,-0.063801,-0.06987,-0.078219,-0.086591,-0.097328,-0.10938,-0.12159,-0.13702,-0.1497,-0.17024,-0.18318,-0.20468,-0.21241,-0.23904,-0.23741
-0.039736,-0.036756,-0.036163,-0.047449,-0.054487,-0.054028,-0.049454,-0.044332,-0.039633,-0.033303,-0.024671,-0.0091913,0.010467,0.037362,0.068992,0.10441,0.14572,0.1858,0.23361,0.27467,0.32506,0.3632,0.41144,0.44333,0.48469,0.51302,0.54387,0.57493,0.6042,0.62962,0.66292,0.68609,0.7231,0.74852,0.76539,0.78002,0.78762,0.78282,0.7844,0.75302
0.0068346,0.0086446,0.0022812,-0.017991,-0.027829,-0.026819,-0.022632,-0.019857,-0.017392,-0.0098694,0.0030857,0.027129,0.058282,0.098598,0.14665,0.19846,0.25966,0.31766,0.38662,0.44369,0.51164,0.56044,0.61792,0.65852,0.70285,0.73678,0.77174,0.79864,0.8339,0.85667,0.87767,0.89165,0.90198,0.90262,0.90651,0.88885,0.88529,0.8408,0.87942,0.82791
-0.013413,-0.0091577,-0.010521,-0.023722,-0.032985,-0.040303,-0.046977,-0.052682,-0.055141,-0.050641,-0.039643,-0.020341,0.0057622,0.03671,0.074299,0.11106,0.15412,0.19021,0.23197,0.26317,0.29924,0.32752,0.35895,0.387,0.41592,0.44646,0.47773,0.50935,0.53476,0.56411,0.57488,0.58459,0.58824,0.56415,0.60001,0.55766,0.63489,0.59444,0.57519,0.48986
-0.02414,-0.024338,-0.040865,-0.065062,-0.086684,-0.10416,-0.1174,-0.12597,-0.12811,-0.11961,-0.10238,-0.074912,-0.039624,0.00091887,0.049797,0.099028,0.15935,0.21388,0.2825,0.33791,0.4074,0.46072,0.52271,0.57288,0.61952,0.67638,0.73023,0.76558,0.80298,0.81962,0.82416,0.79727,0.80671,0.73741,0.78601,0.69673,0.83135,0.75685,0.76458,0.64137
0.0039679,0.0041664,-0.0027986,-0.0068724,-0.0075405,-0.0082105,-0.0099846,-0.0099556,-0.003617,0.015694,0.046681,0.090839,0.14686,0.20847,0.28059,0.34688,0.42022,0.47825,0.53949,0.58827,0.63676,0.67765,0.71516,0.75376,0.78592,0.81345,0.82985,0.84337,0.85399,0.84637,0.85711,0.82403,0.88373,0.85751,0.83371,0.75089,0.74061,0.61346,0.64595,0.50176
0.074396,0.068254,0.04687,0.041567,0.039836,0.035283,0.03226,0.040486,0.062971,0.1041,0.16022,0.2275,0.3096,0.3925,0.49196,0.57681,0.67377,0.74021,0.80781,0.85142,0.88524,0.91573,0.92681,0.95594,0.95992,0.9761,0.98177,0.97483,0.97151,0.94528,0.95805,0.91915,0.97709,0.95556,0.91766,0.84213,0.81652,0.69544,0.67506,0.53175
-0.087268,-0.073288,-0.028477,-0.0024067,0.012821,0.030906,0.062002,0.11662,0.19441,0.29295,0.40817,0.52085,0.6365,0.72447,0.80458,0.85366,0.89398,0.91945,0.93699,0.953,0.96063,0.97331,0.97852,0.98164,0.98071,0.97964,0.98323,0.97426,0.9878,0.98169,0.97139,0.94088,0.92842,0.85458,0.90004,0.82186,0.95733,0.92542,0.75888,0.64798
-0.087268,-0.073288,-0.028477,-0.0024067,0.012821,0.030906,0.062002,0.11662,0.19441,0.29295,0.40817,0.52085,0.6365,0.72447,0.80458,0.85366,0.89398,0.91945,0.93699,0.953,0.96063,0.97331,0.97852,0.98164,0.98071,0.97964,0.98323,0.97426,0.9878,0.98169,0.97139,0.94088,0.92842,0.85458,0.90004,0.82186,0.95733,0.92542,0.75888,0.64798
0.092632,0.084872,0.06406,0.084935,0.11871,0.1456,0.17505,0.21937,0.28356,0.36283,0.45837,0.54524,0.63041,0.68864,0.73545,0.76935,0.792,0.81836,0.83535,0.85159,0.86235,0.87259,0.87059,0.87279,0.84061,0.88848,0.88196,0.82999,0.80922,0.68685,0.84566,0.76975,0.70485,0.55916,0.49055,0.38598,0.35084,0.27156,0.34106,0.27606
0.0067559,-0.0042901,-0.059099,-0.080335,-0.066118,-0.041846,-0.0052856,0.051105,0.12947,0.22507,0.34243,0.45942,0.58516,0.68216,0.76793,0.82805,0.87028,0.91003,0.9319,0.95077,0.95662,0.96072,0.94207,0.95096,0.90454,0.95634,0.95389,0.89273,0.86774,0.73029,0.90381,0.81147,0.72179,0.55938,0.43672,0.30077,0.2728,0.16659,0.37151,0.29743
0.0067559,-0.0042901,-0.059099,-0.080335,-0.066118,-0.041846,-0.0052856,0.051105,0.12947,0.22507,0.34243,0.45942,0.58516,0.68216,0.76793,0.82805,0.87028,0.91003,0.9319,0.95077,0.95662,0.96072,0.94207,0.95096,0.90454,0.95634,0.95389,0.89273,0.86774,0.73029,0.90381,0.81147,0.72179,0.55938,0.43672,0.30077,0.2728,0.16659,0.37151,0.29743
0.0067559,-0.0042901,-0.059099,-0.080335,-0.066118,-0.041846,-0.0052856,0.051105,0.12947,0.22507,0.34243,0.45942,0.58516,0.68216,0.76793,0.82805,0.87028,0.91003,0.9319,0.95077,0.95662,0.96072,0.94207,0.95096,0.90454,0.95634,0.95389,0.89273,0.86774,0.73029,0.90381,0.81147,0.72179,0.55938,0.43672,0.30077,0.2728,0.16659,0.37151,0.29743
0.04306,0.034309,0.043029,0.08128,0.11335,0.14913,0.20553,0.28885,0.39213,0.49616,0.59248,0.66741,0.72767,0.77432,0.81272,0.84288,0.8704,0.88751,0.90402,0.91268,0.91304,0.92657,0.91272,0.91791,0.86357,0.86985,0.95196,0.91565,0.86248,0.75511,0.61313,0.42812,0.54373,0.33082,-0.14993,-0.19649,-0.16564,-0.079134,0.52511,0.54279
0.04306,0.034309,0.043029,0.08128,0.11335,0.14913,0.20553,0.28885,0.39213,0.49616,0.59248,0.66741,0.72767,0.77432,0.81272,0.84288,0.8704,0.88751,0.90402,0.91268,0.91304,0.92657,0.91272,0.91791,0.86357,0.86985,0.95196,0.91565,0.86248,0.75511,0.61313,0.42812,0.54373,0.33082,-0.14993,-0.19649,-0.16564,-0.079134,0.52511,0.54279
0.13855,0.15195,0.21079,0.24038,0.25935,0.31082,0.40511,0.52773,0.66302,0.77776,0.87037,0.92502,0.95816,0.97751,0.98537,0.99379,0.99576,0.99745,0.9951,0.99431,0.98294,0.9959,0.98748,0.97717,0.93283,0.93438,0.9707,0.93013,0.85844,0.74578,0.71454,0.58341,0.65058,0.47761,0.10122,0.061601,-0.014447,0.058867,0.57974,0.59678
0.13855,0.15195,0.21079,0.24038,0.25935,0.31082,0.40511,0.52773,0.66302,0.77776,0.87037,0.92502,0.95816,0.97751,0.98537,0.99379,0.99576,0.99745,0.9951,0.99431,0.98294,0.9959,0.98748,0.97717,0.93283,0.93438,0.9707,0.93013,0.85844,0.74578,0.71454,0.58341,0.65058,0.47761,0.10122,0.061601,-0.014447,0.058867,0.57974,0.59678
0.016839,0.014441,-0.003912,-0.0093113,0.020466,0.090189,0.20264,0.3465,0.51247,0.65824,0.76471,0.84306,0.88355,0.91782,0.9319,0.94,0.9144,0.95341,0.91897,0.85825,0.6592,0.87684,0.73579,0.59062,0.39888,0.25547,0.33827,0.22865,-0.5973,-0.64112,0.46025,0.47946,-0.01566,-0.00048446,-0.013496,-0.0095053,-0.10588,-0.11776,-0.26668,-0.25618
0.016839,0.014441,-0.003912,-0.0093113,0.020466,0.090189,0.20264,0.3465,0.51247,0.65824,0.76471,0.84306,0.88355,0.91782,0.9319,0.94,0.9144,0.95341,0.91897,0.85825,0.6592,0.87684,0.73579,0.59062,0.39888,0.25547,0.33827,0.22865,-0.5973,-0.64112,0.46025,0.47946,-0.01566,-0.00048446,-0.013496,-0.0095053,-0.10588,-0.11776,-0.26668,-0.25618
0.016839,0.014441,-0.003912,-0.0093113,0.020466,0.090189,0.20264,0.3465,0.51247,0.65824,0.76471,0.84306,0.88355,0.91782,0.9319,0.94,0.9144,0.95341,0.91897,0.85825,0.6592,0.87684,0.73579,0.59062,0.39888,0.25547,0.33827,0.22865,-0.5973,-0.64112,0.46025,0.47946,-0.01566,-0.00048446,-0.013496,-0.0095053,-0.10588,-0.11776,-0.26668,-0.25618
0.016839,0.014441,-0.003912,-0.0093113,0.020466,0.090189,0.20264,0.3465,0.51247,0.65824,0.76471,0.84306,0.88355,0.91782,0.9319,0.94,0.9144,0.95341,0.91897,0.85825,0.6592,0.87684,0.73579,0.59062,0.39888,0.25547,0.33827,0.22865,-0.5973,-0.64112,0.46025,0.47946,-0.01566,-0.00048446,-0.013496,-0.0095053,-0.10588,-0.11776,-0.26668,-0.25618
0.016839,0.014441,-0.003912,-0.0093113,0.020466,0.090189,0.20264,0.3465,0.51247,0.65824,0.76471,0.84306,0.88355,0.91782,0.9319,0.94,0.9144,0.95341,0.91897,0.85825,0.6592,0.87684,0.73579,0.59062,0.39888,0.25547,0.33827,0.22865,-0.5973,-0.64112,0.46025,0.47946,-0.01566,-0.00048446,-0.013496,-0.0095053,-0.10588,-0.11776,-0.26668,-0.25618
0.016839,0.014441,-0.003912,-0.0093113,0.020466,0.090189,0.20264,0.3465,0.51247,0.65824,0.76471,0.84306,0.88355,0.91782,0.9319,0.94,0.9144,0.95341,0.91897,0.85825,0.6592,0.87684,0.73579,0.59062,0.39888,0.25547,0.33827,0.22865,-0.5973,-0.64112,0.46025,0.47946,-0.01566,-0.00048446,-0.013496,-0.0095053,-0.10588,-0.11776,-0.26668,-0.25618
0.016839,0.014441,-0.003912,-0.0093113,0.020466,0.090189,0.20264,0.3465,0.51247,0.65824,0.76471,0.84306,0.88355,0.91782,0.9319,0.94,0.9144,0.95341,0.91897,0.85825,0.6592,0.87684,0.73579,0.59062,0.39888,0.25547,0.33827,0.22865,-0.5973,-0.64112,0.46025,0.47946,-0.01566,-0.00048446,-0.013496,-0.0095053,-0.10588,-0.11776,-0.26668,-0.25618
-0.012619,-0.0084628,-0.032701,-0.053052,-0.0065263,0.097645,0.24401,0.41586,0.61014,0.77654,0.88592,0.9585,0.97899,0.99823,0.9941,0.99133,0.95557,0.99089,0.96231,0.89544,0.70939,0.91971,0.81736,0.60718,0.38851,0.3165,0.43258,0.32015,-0.8255,-0.91354,0.58582,0.59431,0.088302,0.09739,-0.1422,-0.13598,0.27739,0.26549,-0.20423,-0.19223
-0.18686,-0.14883,-0.045368,0.078038,0.3005,0.57857,0.80608,0.92841,0.97519,0.99467,0.99897,0.99982,0.99682,0.99916,0.99445,0.98673,0.93257,0.98804,0.94753,0.75392,0.5244,0.5881,0.3577,-0.75058,-0.48534,0.55881,0.086874,0.11251,-0.73185,-0.78409,0.10165,0.12203,0.54473,0.54145,-0.048577,-0.052576,0.14288,0.12664,0.13918,0.15643
-0.18686,-0.14883,-0.045368,0.078038,0.3005,0.57857,0.80608,0.92841,0.97519,0.99467,0.99897,0.99982,0.99682,0.99916,0.99445,0.98673,0.93257,0.98804,0.94753,0.75392,0.5244,0.5881,0.3577,-0.75058,-0.48534,0.55881,0.086874,0.11251,-0.73185,-0.78409,0.10165,0.12203,0.54473,0.54145,-0.048577,-0.052576,0.14288,0.12664,0.13918,0.15643
-0.18686,-0.14883,-0.045368,0.078038,0.3005,0.57857,0.80608,0.92841,0.97519,0.99467,0.99897,0.99982,0.99682,0.99916,0.99445,0.98673,0.93257,0.98804,0.94753,0.75392,0.5244,0.5881,0.3577,-0.75058,-0.48534,0.55881,0.086874,0.11251,-0.73185,-0.78409,0.10165,0.12203,0.54473,0.54145,-0.048577,-0.052576,0.14288,0.12664,0.13918,0.15643
-0.18686,-0.14883,-0.045368,0.078038,0.3005,0.57857,0.80608,0.92841,0.97519,0.99467,0.99897,0.99982,0.99682,0.99916,0.99445,0.98673,0.93257,0.98804,0.94753,0.75392,0.5244,0.5881,0.3577,-0.75058,-0.48534,0.55881,0.086874,0.11251,-0.73185,-0.78409,0.10165,0.12203,0.54473,0.54145,-0.048577,-0.052576,0.14288,0.12664,0.13918,0.15643
