-0.00049623,-0.000687,-0.0019834,-0.0038396,-0.005797,-0.0069578,-0.0060471,-0.0021,0.0040224,0.013361,0.024083,0.039378,0.055708,0.078467,0.10121,0.13107,0.15914,0.19374,0.2249,0.26138,0.29335,0.3294,0.36047,0.39454,0.42361,0.4548,0.4838,0.50917,0.53493,0.55735,0.5799,0.59949,0.61907,0.63604,0.65296,0.66762,0.68219,0.69483,0.7074,0.7183
-0.0019888,-0.0026947,-0.0018651,0.013992,0.036645,0.065076,0.10338,0.15569,0.21521,0.2822,0.34647,0.41075,0.46744,0.52083,0.566,0.6073,0.64159,0.67261,0.69822,0.72143,0.74061,0.75814,0.77266,0.78603,0.79718,0.80748,0.81642,0.82409,0.83102,0.83701,0.84237,0.84703,0.85113,0.85473,0.85781,0.86054,0.86282,0.86485,0.8665,0.86795
-0.0040056,-0.0055166,-0.0091983,0.012614,0.070973,0.16011,0.26205,0.36399,0.45459,0.53307,0.59664,0.64928,0.69079,0.72526,0.75247,0.77542,0.79367,0.80918,0.82162,0.83216,0.84068,0.84777,0.85354,0.85812,0.86187,0.86469,0.86679,0.86844,0.86937,0.86998,0.87002,0.86978,0.86906,0.86804,0.86651,0.8647,0.86244,0.85981,0.8568,0.85332
-0.0071562,0.0078274,0.07126,0.16208,0.28639,0.41371,0.52133,0.60472,0.66644,0.71261,0.74693,0.77342,0.79364,0.80953,0.82184,0.83138,0.83877,0.84413,0.84819,0.85075,0.85249,0.85303,0.85301,0.85208,0.8506,0.84831,0.84533,0.84155,0.83706,0.83152,0.82528,0.81776,0.80978,0.80015,0.79056,0.7789,0.76815,0.75484,0.74357,0.72927
-0.01088,-0.012507,0.035683,0.16487,0.31059,0.44112,0.54606,0.62764,0.68919,0.73589,0.77043,0.79602,0.81468,0.82782,0.83719,0.84311,0.847,0.84871,0.84917,0.84819,0.84613,0.84283,0.83838,0.83288,0.82598,0.81829,0.80988,0.79976,0.79022,0.77894,0.76948,0.75836,0.75026,0.74064,0.73482,0.72756,0.72389,0.71897,0.71649,0.71312
-0.011861,0.012318,0.1311,0.29853,0.46212,0.58996,0.67943,0.74002,0.78107,0.80921,0.82873,0.84203,0.85118,0.8569,0.86042,0.862,0.86206,0.86072,0.85789,0.85383,0.84804,0.84124,0.83248,0.82363,0.81266,0.80311,0.79391,0.78293,0.77531,0.76604,0.7607,0.75378,0.75031,0.74548,0.74354,0.74034,0.7394,0.73741,0.73686,0.73566
0.18807,0.21085,0.37086,0.54232,0.65758,0.73194,0.77942,0.81007,0.83034,0.84331,0.85166,0.85603,0.85785,0.85675,0.85343,0.8471,0.83803,0.82593,0.81021,0.79278,0.77094,0.75077,0.72594,0.70722,0.68431,0.67102,0.65919,0.64596,0.63886,0.63121,0.62695,0.6231,0.62025,0.61867,0.61613,0.61566,0.61306,0.61287,0.61016,0.60953
-0.019072,0.055462,0.38835,0.6243,0.74107,0.80463,0.84089,0.86205,0.87466,0.88158,0.8851,0.88576,0.88432,0.88057,0.87448,0.86601,0.85447,0.84143,0.82477,0.80922,0.79011,0.77589,0.75868,0.74868,0.73637,0.73056,0.72518,0.72001,0.71662,0.7141,0.71175,0.71076,0.70869,0.7084,0.70627,0.70588,0.70586,0.70603,0.70629,0.70701
-0.035169,0.033686,0.37533,0.61363,0.73991,0.81552,0.86085,0.88723,0.90249,0.91073,0.91473,0.91545,0.91331,0.90869,0.90125,0.89283,0.8824,0.87414,0.86565,0.86152,0.85798,0.8569,0.85614,0.85638,0.85628,0.85675,0.85716,0.85702,0.8574,0.85698,0.85767,0.85716,0.85731,0.85633,0.85701,0.85575,0.85516,0.85258,0.85271,0.84841
-0.027771,0.03948,0.37707,0.62896,0.74425,0.80604,0.84211,0.86326,0.87569,0.88252,0.88512,0.88423,0.87962,0.87289,0.8636,0.85581,0.84794,0.8447,0.84219,0.84214,0.84192,0.84272,0.84233,0.84321,0.84219,0.84372,0.84423,0.84336,0.8432,0.84114,0.84208,0.83902,0.83921,0.83372,0.8308,0.81829,0.82815,0.81231,0.81669,0.79415
0.48581,0.53583,0.72135,0.81879,0.8525,0.86251,0.86168,0.854,0.84079,0.82126,0.79342,0.75701,0.70702,0.65225,0.58305,0.52569,0.46239,0.42383,0.38801,0.36782,0.35492,0.34214,0.3401,0.32843,0.32873,0.32037,0.31997,0.32247,0.32556,0.33541,0.32835,0.33942,0.3192,0.31934,0.33704,0.3582,0.39839,0.46185,0.44741,0.51967
0.51619,0.57372,0.77633,0.87566,0.90922,0.92268,0.92895,0.9321,0.93349,0.93327,0.93136,0.92803,0.92296,0.91763,0.91103,0.90581,0.89989,0.89614,0.8919,0.88942,0.88666,0.88432,0.88215,0.88,0.87794,0.87649,0.87545,0.87371,0.87452,0.87388,0.87397,0.87357,0.87211,0.86968,0.8761,0.87733,0.87886,0.88198,0.87786,0.87858
0.27068,0.32624,0.58628,0.76305,0.83805,0.87392,0.89197,0.89978,0.90044,0.89487,0.88358,0.87031,0.85449,0.84348,0.83331,0.82872,0.82513,0.82394,0.82317,0.82308,0.8232,0.82261,0.82205,0.82239,0.82116,0.82269,0.82125,0.81771,0.81938,0.81295,0.81727,0.80964,0.81714,0.81271,0.82071,0.81918,0.7849,0.75845,0.78337,0.77609
0.48248,0.52535,0.67527,0.75492,0.78398,0.78835,0.77641,0.75068,0.70808,0.6509,0.5758,0.50552,0.43653,0.39344,0.36311,0.34515,0.33801,0.3284,0.32731,0.32241,0.32217,0.32503,0.33225,0.32884,0.34054,0.32129,0.33216,0.35078,0.36198,0.41175,0.35001,0.37818,0.36011,0.39615,0.57044,0.65003,0.58113,0.63308,0.35427,0.38683
0.48248,0.52535,0.67527,0.75492,0.78398,0.78835,0.77641,0.75068,0.70808,0.6509,0.5758,0.50552,0.43653,0.39344,0.36311,0.34515,0.33801,0.3284,0.32731,0.32241,0.32217,0.32503,0.33225,0.32884,0.34054,0.32129,0.33216,0.35078,0.36198,0.41175,0.35001,0.37818,0.36011,0.39615,0.57044,0.65003,0.58113,0.63308,0.35427,0.38683
0.68922,0.71921,0.83233,0.89817,0.92485,0.93718,0.94169,0.93981,0.9318,0.92024,0.90573,0.8936,0.88267,0.87562,0.87021,0.86617,0.86322,0.86091,0.8594,0.85851,0.85844,0.85923,0.86049,0.86316,0.86629,0.86699,0.86694,0.86568,0.87133,0.87329,0.86894,0.85891,0.86602,0.8412,0.89708,0.90351,0.92107,0.92724,0.83249,0.83707
0.4536,0.50564,0.696,0.80182,0.8428,0.8546,0.84406,0.81469,0.76949,0.72417,0.68269,0.65775,0.64319,0.635,0.63267,0.62918,0.62863,0.62872,0.63003,0.62973,0.63246,0.62751,0.62499,0.6378,0.65595,0.65744,0.6246,0.61997,0.68604,0.72774,0.6939,0.7163,0.56953,0.57031,0.85238,0.85728,0.894,0.8829,0.62353,0.62857
0.4536,0.50564,0.696,0.80182,0.8428,0.8546,0.84406,0.81469,0.76949,0.72417,0.68269,0.65775,0.64319,0.635,0.63267,0.62918,0.62863,0.62872,0.63003,0.62973,0.63246,0.62751,0.62499,0.6378,0.65595,0.65744,0.6246,0.61997,0.68604,0.72774,0.6939,0.7163,0.56953,0.57031,0.85238,0.85728,0.894,0.8829,0.62353,0.62857
0.83806,0.82648,0.78584,0.76882,0.75374,0.72227,0.65969,0.55748,0.40854,0.25176,0.10204,0.00023934,-0.063525,-0.10806,-0.12648,-0.15261,-0.16295,-0.17625,-0.17448,-0.17457,-0.11889,-0.20671,-0.17889,-0.064749,0.13747,0.12678,-0.20311,-0.03881,0.4341,0.60626,0.47359,0.56118,0.58006,0.6204,0.81137,0.81566,0.84878,0.83605,0.76465,0.75287
0.13536,0.21695,0.52169,0.67321,0.70044,0.67097,0.59491,0.48897,0.37359,0.28775,0.24195,0.23288,0.24741,0.30575,0.28334,0.26574,0.21409,0.24617,0.18256,0.22967,0.30523,0.22856,0.24701,0.34064,0.4698,0.51922,0.32765,0.46602,0.94755,0.9518,0.53492,0.4749,0.76597,0.75789,0.75363,0.75001,0.73961,0.74905,0.92095,0.91742
0.13536,0.21695,0.52169,0.67321,0.70044,0.67097,0.59491,0.48897,0.37359,0.28775,0.24195,0.23288,0.24741,0.30575,0.28334,0.26574,0.21409,0.24617,0.18256,0.22967,0.30523,0.22856,0.24701,0.34064,0.4698,0.51922,0.32765,0.46602,0.94755,0.9518,0.53492,0.4749,0.76597,0.75789,0.75363,0.75001,0.73961,0.74905,0.92095,0.91742
0.13536,0.21695,0.52169,0.67321,0.70044,0.67097,0.59491,0.48897,0.37359,0.28775,0.24195,0.23288,0.24741,0.30575,0.28334,0.26574,0.21409,0.24617,0.18256,0.22967,0.30523,0.22856,0.24701,0.34064,0.4698,0.51922,0.32765,0.46602,0.94755,0.9518,0.53492,0.4749,0.76597,0.75789,0.75363,0.75001,0.73961,0.74905,0.92095,0.91742
0.65174,0.67309,0.79447,0.88959,0.9163,0.90673,0.87983,0.84867,0.81825,0.79209,0.7656,0.74156,0.7138,0.6927,0.66796,0.65477,0.63988,0.62944,0.61341,0.60436,0.61638,0.55113,0.48932,0.58818,0.68561,0.681,0.62366,0.6999,0.89051,0.89328,0.85077,0.83439,0.87247,0.87073,0.78588,0.78337,0.64769,0.65476,0.94632,0.94501
0.65174,0.67309,0.79447,0.88959,0.9163,0.90673,0.87983,0.84867,0.81825,0.79209,0.7656,0.74156,0.7138,0.6927,0.66796,0.65477,0.63988,0.62944,0.61341,0.60436,0.61638,0.55113,0.48932,0.58818,0.68561,0.681,0.62366,0.6999,0.89051,0.89328,0.85077,0.83439,0.87247,0.87073,0.78588,0.78337,0.64769,0.65476,0.94632,0.94501
0.42427,0.48427,0.68509,0.78154,0.7898,0.77651,0.77158,0.77561,0.78163,0.7868,0.7904,0.79271,0.79402,0.79442,0.79364,0.79571,0.79849,0.79392,0.79044,0.78029,0.7628,0.68655,0.62491,0.93032,0.91232,0.77439,0.72994,0.73029,0.5903,0.59535,0.88804,0.88361,0.78881,0.79125,0.72714,0.72607,0.60865,0.612,0.87124,0.86842
0.42427,0.48427,0.68509,0.78154,0.7898,0.77651,0.77158,0.77561,0.78163,0.7868,0.7904,0.79271,0.79402,0.79442,0.79364,0.79571,0.79849,0.79392,0.79044,0.78029,0.7628,0.68655,0.62491,0.93032,0.91232,0.77439,0.72994,0.73029,0.5903,0.59535,0.88804,0.88361,0.78881,0.79125,0.72714,0.72607,0.60865,0.612,0.87124,0.86842
0.42427,0.48427,0.68509,0.78154,0.7898,0.77651,0.77158,0.77561,0.78163,0.7868,0.7904,0.79271,0.79402,0.79442,0.79364,0.79571,0.79849,0.79392,0.79044,0.78029,0.7628,0.68655,0.62491,0.93032,0.91232,0.77439,0.72994,0.73029,0.5903,0.59535,0.88804,0.88361,0.78881,0.79125,0.72714,0.72607,0.60865,0.612,0.87124,0.86842
0.42427,0.48427,0.68509,0.78154,0.7898,0.77651,0.77158,0.77561,0.78163,0.7868,0.7904,0.79271,0.79402,0.79442,0.79364,0.79571,0.79849,0.79392,0.79044,0.78029,0.7628,0.68655,0.62491,0.93032,0.91232,0.77439,0.72994,0.73029,0.5903,0.59535,0.88804,0.88361,0.78881,0.79125,0.72714,0.72607,0.60865,0.612,0.87124,0.86842
0.42427,0.48427,0.68509,0.78154,0.7898,0.77651,0.77158,0.77561,0.78163,0.7868,0.7904,0.79271,0.79402,0.79442,0.79364,0.79571,0.79849,0.79392,0.79044,0.78029,0.7628,0.68655,0.62491,0.93032,0.91232,0.77439,0.72994,0.73029,0.5903,0.59535,0.88804,0.88361,0.78881,0.79125,0.72714,0.72607,0.60865,0.612,0.87124,0.86842
0.42427,0.48427,0.68509,0.78154,0.7898,0.77651,0.77158,0.77561,0.78163,0.7868,0.7904,0.79271,0.79402,0.79442,0.79364,0.79571,0.79849,0.79392,0.79044,0.78029,0.7628,0.68655,0.62491,0.93032,0.91232,0.77439,0.72994,0.73029,0.5903,0.59535,0.88804,0.88361,0.78881,0.79125,0.72714,0.72607,0.60865,0.612,0.87124,0.86842
0.73567,0.73248,0.71217,0.6579,0.55,0.42588,0.33668,0.29516,0.29058,0.30407,0.33773,0.37923,0.42133,0.4926,0.49592,0.63101,0.54753,0.7292,0.45971,0.54294,0.6153,0.66365,0.71685,0.84269,0.79527,0.7231,0.72088,0.71864,0.42708,0.43337,0.83117,0.82623,0.74832,0.74713,0.52768,0.52545,0.7222,0.72353,0.84563,0.8408
0.73567,0.73248,0.71217,0.6579,0.55,0.42588,0.33668,0.29516,0.29058,0.30407,0.33773,0.37923,0.42133,0.4926,0.49592,0.63101,0.54753,0.7292,0.45971,0.54294,0.6153,0.66365,0.71685,0.84269,0.79527,0.7231,0.72088,0.71864,0.42708,0.43337,0.83117,0.82623,0.74832,0.74713,0.52768,0.52545,0.7222,0.72353,0.84563,0.8408
0.90191,0.89312,0.85443,0.7746,0.66398,0.65135,0.77376,0.8611,0.87404,0.87313,0.84811,0.86982,0.82958,0.67956,0.71853,0.75376,0.93275,0.78954,0.68678,0.9243,0.91841,0.98269,0.9825,0.66148,0.6645,0.91686,0.98167,0.98084,0.67256,0.68005,0.91864,0.91938,0.97841,0.97736,0.69986,0.70859,0.92146,0.92225,0.97492,0.97393
0.90191,0.89312,0.85443,0.7746,0.66398,0.65135,0.77376,0.8611,0.87404,0.87313,0.84811,0.86982,0.82958,0.67956,0.71853,0.75376,0.93275,0.78954,0.68678,0.9243,0.91841,0.98269,0.9825,0.66148,0.6645,0.91686,0.98167,0.98084,0.67256,0.68005,0.91864,0.91938,0.97841,0.97736,0.69986,0.70859,0.92146,0.92225,0.97492,0.97393
0.90191,0.89312,0.85443,0.7746,0.66398,0.65135,0.77376,0.8611,0.87404,0.87313,0.84811,0.86982,0.82958,0.67956,0.71853,0.75376,0.93275,0.78954,0.68678,0.9243,0.91841,0.98269,0.9825,0.66148,0.6645,0.91686,0.98167,0.98084,0.67256,0.68005,0.91864,0.91938,0.97841,0.97736,0.69986,0.70859,0.92146,0.92225,0.97492,0.97393
0.90191,0.89312,0.85443,0.7746,0.66398,0.65135,0.77376,0.8611,0.87404,0.87313,0.84811,0.86982,0.82958,0.67956,0.71853,0.75376,0.93275,0.78954,0.68678,0.9243,0.91841,0.98269,0.9825,0.66148,0.6645,0.91686,0.98167,0.98084,0.67256,0.68005,0.91864,0.91938,0.97841,0.97736,0.69986,0.70859,0.92146,0.92225,0.97492,0.97393
0.90191,0.89312,0.85443,0.7746,0.66398,0.65135,0.77376,0.8611,0.87404,0.87313,0.84811,0.86982,0.82958,0.67956,0.71853,0.75376,0.93275,0.78954,0.68678,0.9243,0.91841,0.98269,0.9825,0.66148,0.6645,0.91686,0.98167,0.98084,0.67256,0.68005,0.91864,0.91938,0.97841,0.97736,0.69986,0.70859,0.92146,0.92225,0.97492,0.97393
0.90191,0.89312,0.85443,0.7746,0.66398,0.65135,0.77376,0.8611,0.87404,0.87313,0.84811,0.86982,0.82958,0.67956,0.71853,0.75376,0.93275,0.78954,0.68678,0.9243,0.91841,0.98269,0.9825,0.66148,0.6645,0.91686,0.98167,0.98084,0.67256,0.68005,0.91864,0.91938,0.97841,0.97736,0.69986,0.70859,0.92146,0.92225,0.97492,0.97393
0.90191,0.89312,0.85443,0.7746,0.66398,0.65135,0.77376,0.8611,0.87404,0.87313,0.84811,0.86982,0.82958,0.67956,0.71853,0.75376,0.93275,0.78954,0.68678,0.9243,0.91841,0.98269,0.9825,0.66148,0.6645,0.91686,0.98167,0.98084,0.67256,0.68005,0.91864,0.91938,0.97841,0.97736,0.69986,0.70859,0.92146,0.92225,0.97492,0.97393
0.90191,0.89312,0.85443,0.7746,0.66398,0.65135,0.77376,0.8611,0.87404,0.87313,0.84811,0.86982,0.82958,0.67956,0.71853,0.75376,0.93275,0.78954,0.68678,0.9243,0.91841,0.98269,0.9825,0.66148,0.6645,0.91686,0.98167,0.98084,0.67256,0.68005,0.91864,0.91938,0.97841,0.97736,0.69986,0.70859,0.92146,0.92225,0.97492,0.97393
