0.0023765,0.0056406,0.027311,0.054421,0.078722,0.099912,0.11801,0.13472,0.14989,0.16548,0.17968,0.19465,0.20779,0.22155,0.23322,0.24538,0.25543,0.26588,0.27439,0.28327,0.29044,0.29797,0.30402,0.31043,0.31557,0.32108,0.32612,0.3303,0.33473,0.33839,0.34235,0.34562,0.34923,0.35221,0.35557,0.35832,0.36151,0.3641,0.36717,0.36966
0.016118,0.029167,0.084583,0.12635,0.15854,0.18862,0.21595,0.24062,0.26125,0.27938,0.29405,0.30718,0.31775,0.32757,0.33555,0.34338,0.34982,0.35654,0.36214,0.36834,0.37352,0.37952,0.38451,0.39047,0.3954,0.40136,0.40723,0.41226,0.41816,0.42319,0.42911,0.43414,0.4401,0.44512,0.45112,0.45616,0.4622,0.46725,0.47335,0.47841
0.028092,0.051014,0.14212,0.20195,0.24109,0.27189,0.29596,0.31514,0.33003,0.3426,0.3528,0.36236,0.37051,0.37898,0.38638,0.39459,0.40178,0.41002,0.41719,0.42554,0.43273,0.44121,0.44846,0.45711,0.46443,0.47326,0.48201,0.48966,0.49856,0.50625,0.51523,0.52293,0.53188,0.53951,0.54834,0.55583,0.56441,0.57168,0.5799,0.58688
0.088733,0.1051,0.17723,0.23596,0.27679,0.30626,0.32784,0.34481,0.35848,0.37106,0.38215,0.39366,0.40406,0.41542,0.42561,0.43699,0.4471,0.45862,0.46875,0.4805,0.49072,0.50269,0.51298,0.52504,0.53527,0.54719,0.55867,0.56872,0.57965,0.58918,0.59934,0.60818,0.6174,0.62545,0.63362,0.64081,0.64791,0.65421,0.66026,0.6657
0.10446,0.1275,0.216,0.27284,0.30735,0.33202,0.35095,0.36724,0.38163,0.39599,0.40925,0.42322,0.43608,0.45004,0.46278,0.477,0.48979,0.50431,0.51713,0.53166,0.54429,0.55837,0.57046,0.58361,0.59483,0.60663,0.6174,0.62693,0.63611,0.64428,0.65187,0.6587,0.66483,0.67041,0.6753,0.67979,0.68368,0.68726,0.6904,0.69326
0.1384,0.16943,0.26367,0.31044,0.33839,0.35972,0.37768,0.39468,0.41051,0.42673,0.44195,0.45819,0.47334,0.49005,0.50537,0.52242,0.53769,0.55444,0.56913,0.58478,0.59831,0.61217,0.6241,0.63581,0.64592,0.65542,0.66373,0.67119,0.67774,0.68366,0.68883,0.69351,0.69766,0.70141,0.70483,0.70791,0.71086,0.71349,0.7162,0.71855
0.1415,0.17139,0.26973,0.32086,0.34864,0.37021,0.38972,0.40923,0.42795,0.44732,0.46564,0.48518,0.50338,0.52305,0.5409,0.55986,0.57661,0.59373,0.60857,0.62304,0.6355,0.64704,0.65702,0.66586,0.67357,0.68024,0.68605,0.69123,0.69576,0.6998,0.70352,0.7068,0.71008,0.71295,0.71609,0.71881,0.72207,0.72486,0.72844,0.73149
0.2007,0.22279,0.29553,0.33759,0.3653,0.3901,0.41393,0.43795,0.46113,0.48518,0.50806,0.53207,0.55418,0.57678,0.59685,0.61635,0.63324,0.64865,0.66187,0.67316,0.68287,0.69072,0.69752,0.70293,0.70761,0.71142,0.71476,0.71761,0.72037,0.72268,0.72534,0.72754,0.73052,0.73297,0.73651,0.73946,0.74375,0.74737,0.7525,0.75685
0.20537,0.23767,0.32111,0.35893,0.3842,0.40821,0.43216,0.45705,0.48156,0.50743,0.53202,0.5575,0.5806,0.60339,0.6233,0.64177,0.65759,0.67148,0.68335,0.69344,0.70212,0.70961,0.71608,0.72196,0.72706,0.73209,0.7369,0.74118,0.74592,0.75015,0.75515,0.75964,0.76509,0.76999,0.77601,0.7814,0.78799,0.79384,0.80089,0.80712
0.17132,0.20268,0.29739,0.34862,0.38298,0.41431,0.44466,0.47573,0.50601,0.53694,0.56553,0.59322,0.61747,0.63938,0.65798,0.67378,0.68709,0.69819,0.7076,0.71579,0.7228,0.72947,0.73524,0.74133,0.74663,0.75276,0.75901,0.7647,0.77144,0.77761,0.785,0.79171,0.79973,0.80692,0.81545,0.823,0.83177,0.83951,0.8481,0.85576
0.2212,0.25818,0.35586,0.40109,0.43191,0.46073,0.48876,0.5172,0.54464,0.57215,0.59731,0.621,0.64161,0.65968,0.67503,0.68785,0.69871,0.70775,0.71544,0.72211,0.72781,0.73318,0.73778,0.74269,0.74686,0.75195,0.75723,0.76188,0.76785,0.77307,0.77986,0.78573,0.7933,0.7998,0.80789,0.81487,0.82304,0.83022,0.83828,0.84541
0.30513,0.32123,0.37528,0.40984,0.43667,0.46323,0.49036,0.51876,0.54648,0.5736,0.59797,0.6197,0.63823,0.65362,0.66654,0.67722,0.68626,0.69436,0.70139,0.70862,0.71505,0.72257,0.72938,0.73782,0.74555,0.7551,0.76503,0.77441,0.78516,0.79524,0.80634,0.81671,0.82751,0.8377,0.84782,0.85742,0.86668,0.87547,0.88388,0.89182
0.27925,0.29816,0.35865,0.40182,0.43881,0.4754,0.51142,0.54702,0.57992,0.60989,0.63551,0.65673,0.67412,0.68787,0.69916,0.70854,0.71646,0.72401,0.73062,0.73797,0.74459,0.75266,0.76006,0.7693,0.77776,0.78815,0.79885,0.80878,0.8199,0.83016,0.84094,0.85093,0.86099,0.87027,0.87952,0.88795,0.89616,0.9037,0.9105,0.91704
0.2152,0.25131,0.35157,0.40844,0.4525,0.49558,0.53767,0.57823,0.61457,0.6461,0.67216,0.69284,0.70945,0.72259,0.73333,0.74266,0.75056,0.75835,0.76517,0.77275,0.77953,0.78764,0.7949,0.80394,0.81185,0.8218,0.83184,0.84073,0.85078,0.85967,0.86935,0.87787,0.887,0.89498,0.90324,0.91056,0.91755,0.92402,0.93009,0.93572
0.3441,0.36213,0.4177,0.45702,0.49212,0.52832,0.56441,0.59852,0.62834,0.65251,0.67165,0.68527,0.69549,0.70227,0.70718,0.71086,0.71353,0.71686,0.71958,0.72452,0.7289,0.73654,0.74342,0.75385,0.76323,0.77546,0.78762,0.79906,0.81134,0.82277,0.8344,0.84522,0.85538,0.86513,0.87407,0.88267,0.89068,0.89829,0.9052,0.91189
0.24708,0.27419,0.35937,0.42225,0.47582,0.52625,0.57246,0.6128,0.646,0.67146,0.69097,0.7051,0.71587,0.72426,0.73089,0.73732,0.74271,0.74951,0.7555,0.76414,0.77177,0.78273,0.79226,0.8049,0.81583,0.82885,0.84154,0.8529,0.86499,0.87577,0.88634,0.89601,0.90523,0.91365,0.92165,0.92889,0.93548,0.94156,0.94685,0.95179
0.3482,0.36349,0.42375,0.47543,0.51982,0.56192,0.60041,0.63318,0.65947,0.67863,0.6926,0.70163,0.70767,0.71171,0.71424,0.71746,0.71988,0.7251,0.72965,0.73821,0.74589,0.75757,0.76811,0.78146,0.79358,0.80748,0.82087,0.83349,0.84567,0.85744,0.86837,0.87899,0.88865,0.89809,0.90628,0.91449,0.92143,0.9285,0.93455,0.94071
0.3482,0.36349,0.42375,0.47543,0.51982,0.56192,0.60041,0.63318,0.65947,0.67863,0.6926,0.70163,0.70767,0.71171,0.71424,0.71746,0.71988,0.7251,0.72965,0.73821,0.74589,0.75757,0.76811,0.78146,0.79358,0.80748,0.82087,0.83349,0.84567,0.85744,0.86837,0.87899,0.88865,0.89809,0.90628,0.91449,0.92143,0.9285,0.93455,0.94071
0.2735,0.29817,0.38316,0.44851,0.50543,0.55799,0.60345,0.64059,0.67022,0.6945,0.71492,0.73394,0.75114,0.7685,0.78465,0.80136,0.81682,0.83299,0.84758,0.86275,0.87614,0.8895,0.90117,0.9126,0.92243,0.93187,0.93991,0.94716,0.95352,0.95923,0.96418,0.96862,0.97239,0.97578,0.97889,0.98156,0.9834,0.9852,0.98671,0.98782
0.33716,0.34537,0.38858,0.4442,0.50206,0.55661,0.60202,0.63611,0.66105,0.67961,0.69439,0.70856,0.72199,0.73771,0.75362,0.77245,0.79113,0.81175,0.83149,0.85112,0.86943,0.88633,0.90169,0.91514,0.92724,0.93692,0.94547,0.95313,0.95942,0.96492,0.96968,0.97358,0.97728,0.97999,0.98231,0.98377,0.98672,0.98779,0.98825,0.98788
0.33716,0.34537,0.38858,0.4442,0.50206,0.55661,0.60202,0.63611,0.66105,0.67961,0.69439,0.70856,0.72199,0.73771,0.75362,0.77245,0.79113,0.81175,0.83149,0.85112,0.86943,0.88633,0.90169,0.91514,0.92724,0.93692,0.94547,0.95313,0.95942,0.96492,0.96968,0.97358,0.97728,0.97999,0.98231,0.98377,0.98672,0.98779,0.98825,0.98788
0.29374,0.32259,0.42278,0.50008,0.56328,0.61691,0.6594,0.69142,0.71583,0.73573,0.7525,0.7684,0.7828,0.79788,0.81178,0.82715,0.84104,0.85631,0.86971,0.88367,0.89571,0.90795,0.91835,0.92822,0.9367,0.94472,0.95171,0.95777,0.96309,0.96769,0.9718,0.97527,0.97788,0.98015,0.98238,0.98383,0.98559,0.98633,0.98666,0.98595
0.30619,0.34519,0.46159,0.52817,0.57748,0.61907,0.6526,0.67957,0.70188,0.72264,0.74168,0.76144,0.78008,0.79986,0.81821,0.83753,0.85498,0.87273,0.88845,0.90381,0.9172,0.92964,0.94047,0.94972,0.95794,0.96468,0.97037,0.97546,0.97941,0.98298,0.98561,0.98798,0.98971,0.99113,0.99236,0.99308,0.9939,0.994,0.99428,0.99346
0.39166,0.40538,0.46711,0.53052,0.5872,0.63444,0.67026,0.69653,0.71666,0.73407,0.74946,0.7654,0.78046,0.79739,0.81337,0.83105,0.84727,0.86396,0.87886,0.89344,0.90624,0.9178,0.92806,0.93735,0.94544,0.9524,0.95862,0.96411,0.96829,0.97216,0.97555,0.9784,0.98046,0.98215,0.98329,0.98353,0.98379,0.98173,0.98288,0.97845
0.35676,0.37053,0.43619,0.50691,0.56868,0.61935,0.65816,0.68825,0.71279,0.73571,0.75697,0.77925,0.80047,0.82268,0.84336,0.86398,0.88277,0.90045,0.91623,0.93018,0.9425,0.95234,0.96114,0.96804,0.97405,0.97862,0.98247,0.98561,0.98808,0.98983,0.99163,0.99242,0.99343,0.99321,0.99412,0.99287,0.99227,0.98844,0.99048,0.98485
0.35208,0.36958,0.45516,0.53304,0.59188,0.63514,0.66372,0.68133,0.69243,0.70199,0.71072,0.72352,0.7375,0.75652,0.77635,0.79818,0.81953,0.83996,0.85909,0.87549,0.89074,0.9039,0.91578,0.92587,0.9348,0.94305,0.94958,0.95543,0.96043,0.9643,0.96705,0.96795,0.9695,0.96601,0.96868,0.96032,0.97055,0.96071,0.95522,0.93139
0.35208,0.36958,0.45516,0.53304,0.59188,0.63514,0.66372,0.68133,0.69243,0.70199,0.71072,0.72352,0.7375,0.75652,0.77635,0.79818,0.81953,0.83996,0.85909,0.87549,0.89074,0.9039,0.91578,0.92587,0.9348,0.94305,0.94958,0.95543,0.96043,0.9643,0.96705,0.96795,0.9695,0.96601,0.96868,0.96032,0.97055,0.96071,0.95522,0.93139
0.35208,0.36958,0.45516,0.53304,0.59188,0.63514,0.66372,0.68133,0.69243,0.70199,0.71072,0.72352,0.7375,0.75652,0.77635,0.79818,0.81953,0.83996,0.85909,0.87549,0.89074,0.9039,0.91578,0.92587,0.9348,0.94305,0.94958,0.95543,0.96043,0.9643,0.96705,0.96795,0.9695,0.96601,0.96868,0.96032,0.97055,0.96071,0.95522,0.93139
0.36728,0.39253,0.49601,0.58173,0.64242,0.68694,0.72113,0.75024,0.77552,0.7993,0.82046,0.84189,0.86118,0.88116,0.89893,0.91664,0.93191,0.94584,0.95749,0.96738,0.97524,0.98167,0.98652,0.98964,0.99175,0.99423,0.9954,0.99577,0.99644,0.99552,0.99574,0.99296,0.99584,0.99252,0.99161,0.98378,0.9844,0.97082,0.98496,0.97268
0.36728,0.39253,0.49601,0.58173,0.64242,0.68694,0.72113,0.75024,0.77552,0.7993,0.82046,0.84189,0.86118,0.88116,0.89893,0.91664,0.93191,0.94584,0.95749,0.96738,0.97524,0.98167,0.98652,0.98964,0.99175,0.99423,0.9954,0.99577,0.99644,0.99552,0.99574,0.99296,0.99584,0.99252,0.99161,0.98378,0.9844,0.97082,0.98496,0.97268
0.36728,0.39253,0.49601,0.58173,0.64242,0.68694,0.72113,0.75024,0.77552,0.7993,0.82046,0.84189,0.86118,0.88116,0.89893,0.91664,0.93191,0.94584,0.95749,0.96738,0.97524,0.98167,0.98652,0.98964,0.99175,0.99423,0.9954,0.99577,0.99644,0.99552,0.99574,0.99296,0.99584,0.99252,0.99161,0.98378,0.9844,0.97082,0.98496,0.97268
0.34582,0.37154,0.49037,0.58796,0.64744,0.68169,0.69988,0.71067,0.71794,0.72833,0.74004,0.75859,0.77864,0.80266,0.8258,0.84908,0.87006,0.89011,0.90703,0.92253,0.9347,0.94573,0.95384,0.9592,0.96204,0.96686,0.96812,0.96436,0.97154,0.96567,0.96559,0.94912,0.94973,0.91915,0.94313,0.91627,0.9149,0.87552,0.83556,0.77194
0.34582,0.37154,0.49037,0.58796,0.64744,0.68169,0.69988,0.71067,0.71794,0.72833,0.74004,0.75859,0.77864,0.80266,0.8258,0.84908,0.87006,0.89011,0.90703,0.92253,0.9347,0.94573,0.95384,0.9592,0.96204,0.96686,0.96812,0.96436,0.97154,0.96567,0.96559,0.94912,0.94973,0.91915,0.94313,0.91627,0.9149,0.87552,0.83556,0.77194
0.39012,0.4028,0.48983,0.57995,0.63589,0.66909,0.68857,0.70308,0.71575,0.73221,0.74995,0.7717,0.79429,0.81841,0.84229,0.8646,0.88597,0.90419,0.92131,0.93416,0.94626,0.95523,0.96303,0.96742,0.96949,0.97312,0.97455,0.96738,0.97837,0.96911,0.96829,0.94354,0.95626,0.91862,0.9439,0.90573,0.92132,0.87439,0.81846,0.75849
0.39012,0.4028,0.48983,0.57995,0.63589,0.66909,0.68857,0.70308,0.71575,0.73221,0.74995,0.7717,0.79429,0.81841,0.84229,0.8646,0.88597,0.90419,0.92131,0.93416,0.94626,0.95523,0.96303,0.96742,0.96949,0.97312,0.97455,0.96738,0.97837,0.96911,0.96829,0.94354,0.95626,0.91862,0.9439,0.90573,0.92132,0.87439,0.81846,0.75849
0.39012,0.4028,0.48983,0.57995,0.63589,0.66909,0.68857,0.70308,0.71575,0.73221,0.74995,0.7717,0.79429,0.81841,0.84229,0.8646,0.88597,0.90419,0.92131,0.93416,0.94626,0.95523,0.96303,0.96742,0.96949,0.97312,0.97455,0.96738,0.97837,0.96911,0.96829,0.94354,0.95626,0.91862,0.9439,0.90573,0.92132,0.87439,0.81846,0.75849
0.25031,0.30196,0.46852,0.58135,0.66715,0.74256,0.80243,0.84466,0.87243,0.89182,0.90585,0.91786,0.92802,0.93739,0.94569,0.95305,0.95963,0.9649,0.96979,0.97328,0.97664,0.97892,0.98073,0.98156,0.98039,0.98309,0.98341,0.97825,0.98478,0.97942,0.97168,0.95102,0.97526,0.95875,0.95574,0.9349,0.89216,0.85599,0.77813,0.72739
0.25031,0.30196,0.46852,0.58135,0.66715,0.74256,0.80243,0.84466,0.87243,0.89182,0.90585,0.91786,0.92802,0.93739,0.94569,0.95305,0.95963,0.9649,0.96979,0.97328,0.97664,0.97892,0.98073,0.98156,0.98039,0.98309,0.98341,0.97825,0.98478,0.97942,0.97168,0.95102,0.97526,0.95875,0.95574,0.9349,0.89216,0.85599,0.77813,0.72739
0.25031,0.30196,0.46852,0.58135,0.66715,0.74256,0.80243,0.84466,0.87243,0.89182,0.90585,0.91786,0.92802,0.93739,0.94569,0.95305,0.95963,0.9649,0.96979,0.97328,0.97664,0.97892,0.98073,0.98156,0.98039,0.98309,0.98341,0.97825,0.98478,0.97942,0.97168,0.95102,0.97526,0.95875,0.95574,0.9349,0.89216,0.85599,0.77813,0.72739
0.14823,0.19759,0.36963,0.48443,0.56865,0.65201,0.73104,0.79723,0.84713,0.88507,0.91388,0.93754,0.95593,0.96996,0.98039,0.98736,0.99217,0.99506,0.99664,0.99808,0.99847,0.99895,0.99854,0.99792,0.9951,0.9966,0.99662,0.99122,0.99686,0.99248,0.98848,0.97494,0.98426,0.97137,0.94189,0.91141,0.86441,0.81272,0.8779,0.85269
