-0.00062274,0.010944,0.062349,0.10121,0.12605,0.14698,0.16633,0.18529,0.20305,0.22084,0.23709,0.25383,0.26885,0.28491,0.29908,0.31472,0.32824,0.34346,0.35631,0.37099,0.38309,0.39706,0.40834,0.42152,0.43194,0.44428,0.45593,0.46534,0.47617,0.48477,0.49482,0.50266,0.51201,0.51919,0.5279,0.53449,0.54268,0.54877,0.5565,0.56217
0.015376,0.03056,0.10933,0.17742,0.22377,0.26284,0.29871,0.33403,0.36696,0.39962,0.42845,0.45682,0.48069,0.50431,0.52349,0.54289,0.55825,0.5744,0.58695,0.60082,0.61142,0.62379,0.63307,0.64451,0.65292,0.66382,0.6743,0.68228,0.69255,0.70022,0.70997,0.71728,0.7266,0.73352,0.74237,0.74889,0.75735,0.7635,0.77162,0.77743
0.039971,0.063344,0.16695,0.24827,0.30714,0.35817,0.40309,0.44377,0.47819,0.50962,0.53518,0.55949,0.57885,0.59862,0.61418,0.63149,0.64491,0.66116,0.67351,0.68866,0.70009,0.71433,0.72488,0.73838,0.74815,0.76119,0.77372,0.783,0.79507,0.80382,0.8153,0.8235,0.83423,0.84183,0.85169,0.85866,0.86755,0.87385,0.88173,0.88734
0.060626,0.089859,0.2129,0.31058,0.38438,0.44632,0.49724,0.54011,0.57419,0.60416,0.62808,0.65155,0.67051,0.69132,0.70797,0.72693,0.74176,0.75879,0.77183,0.78729,0.7988,0.81307,0.82336,0.83645,0.84565,0.85745,0.86811,0.87597,0.88516,0.89191,0.8996,0.90527,0.91149,0.91614,0.92097,0.92469,0.92834,0.93125,0.93398,0.93623
0.19505,0.21751,0.31096,0.3823,0.43656,0.48382,0.52389,0.5598,0.59009,0.62047,0.64639,0.67431,0.69724,0.72221,0.74188,0.76431,0.78136,0.80181,0.8168,0.83508,0.84811,0.8638,0.87482,0.88764,0.89664,0.90657,0.91469,0.92091,0.92671,0.93131,0.93535,0.93869,0.9415,0.94394,0.94605,0.9479,0.94954,0.951,0.95237,0.95358
0.19823,0.23294,0.3762,0.47782,0.54273,0.59024,0.62666,0.65794,0.68457,0.71067,0.73319,0.7562,0.7754,0.79568,0.81193,0.82941,0.84291,0.85734,0.86822,0.87949,0.88791,0.89614,0.90235,0.9079,0.91225,0.91575,0.91847,0.92087,0.92265,0.92426,0.92544,0.92656,0.92751,0.92837,0.92931,0.93013,0.9312,0.93215,0.93347,0.93468
0.178,0.21343,0.36549,0.46945,0.53453,0.58476,0.62617,0.66398,0.69648,0.72774,0.75382,0.78059,0.80224,0.82534,0.84326,0.86215,0.87631,0.89056,0.90106,0.91082,0.91808,0.92405,0.92875,0.93228,0.93526,0.93756,0.93947,0.94118,0.94276,0.94414,0.94569,0.94703,0.94873,0.95023,0.95216,0.95395,0.95613,0.95824,0.9606,0.963
0.1793,0.23428,0.45586,0.59356,0.6615,0.70438,0.73678,0.76525,0.78972,0.81258,0.83164,0.84958,0.86395,0.87749,0.888,0.8976,0.90494,0.91122,0.91603,0.91993,0.92299,0.92549,0.92751,0.92919,0.9306,0.93205,0.93352,0.93487,0.93658,0.93827,0.94042,0.94263,0.94525,0.94802,0.95099,0.95423,0.95736,0.96087,0.96392,0.96745
0.31653,0.35036,0.48313,0.57017,0.62421,0.66731,0.70449,0.7402,0.77163,0.80424,0.83131,0.85891,0.88013,0.90035,0.91505,0.92766,0.93668,0.9435,0.94858,0.95224,0.95511,0.95722,0.95894,0.96049,0.96174,0.96319,0.96464,0.96603,0.96768,0.96937,0.97125,0.97328,0.9753,0.97755,0.97955,0.98186,0.98367,0.98584,0.98734,0.98923
0.34095,0.38314,0.54817,0.64483,0.69985,0.74458,0.78291,0.81682,0.84453,0.86905,0.88821,0.90495,0.91763,0.92807,0.93595,0.94181,0.94641,0.94976,0.95257,0.9549,0.95696,0.9592,0.96123,0.96374,0.96608,0.96885,0.97158,0.97438,0.97706,0.97989,0.9823,0.98491,0.98685,0.98906,0.99052,0.99225,0.99326,0.99454,0.99517,0.99605
0.32225,0.38081,0.57617,0.67734,0.73535,0.78014,0.81631,0.8466,0.87021,0.88967,0.90427,0.91607,0.92484,0.93175,0.93697,0.94121,0.94454,0.94753,0.94997,0.9526,0.9549,0.95767,0.96027,0.96331,0.9663,0.96943,0.97238,0.9755,0.97811,0.98095,0.983,0.98533,0.98683,0.98859,0.98958,0.99081,0.99136,0.99215,0.99247,0.99294
0.3789,0.4144,0.52749,0.60348,0.66524,0.71941,0.76618,0.80886,0.84351,0.87299,0.89473,0.91087,0.92234,0.93021,0.93609,0.94068,0.94437,0.94818,0.95154,0.95551,0.95931,0.96354,0.96778,0.97189,0.97615,0.97968,0.98277,0.98613,0.98839,0.99093,0.99244,0.9942,0.99507,0.99617,0.99668,0.99732,0.99764,0.99797,0.99821,0.99834
0.45963,0.50961,0.65658,0.7275,0.77153,0.80787,0.83798,0.86298,0.88238,0.89725,0.90793,0.91502,0.91983,0.92258,0.92428,0.92519,0.92576,0.92659,0.92759,0.92957,0.93208,0.93553,0.93977,0.94417,0.9495,0.95383,0.95784,0.96261,0.96565,0.9693,0.9712,0.9736,0.9747,0.97607,0.97672,0.97737,0.97783,0.97804,0.97847,0.97842
0.48578,0.52787,0.67066,0.74993,0.79918,0.8371,0.8669,0.89065,0.90858,0.92164,0.93093,0.93694,0.94124,0.94419,0.94648,0.94877,0.95096,0.95387,0.95704,0.96084,0.96508,0.96927,0.97394,0.97767,0.98189,0.98463,0.98696,0.98957,0.99095,0.99256,0.99336,0.99423,0.99471,0.99511,0.99547,0.9956,0.99592,0.99588,0.99622,0.99611
0.42928,0.476,0.61483,0.70045,0.76457,0.81665,0.85613,0.88545,0.90585,0.91986,0.92951,0.93654,0.94177,0.94637,0.95022,0.95432,0.95829,0.96259,0.96698,0.97111,0.97539,0.97869,0.98221,0.98439,0.98684,0.98808,0.98903,0.9901,0.9906,0.99111,0.99139,0.99157,0.9918,0.99181,0.99201,0.99193,0.99214,0.99204,0.99224,0.99214
0.51263,0.55783,0.69859,0.77865,0.83084,0.86805,0.89413,0.91206,0.9245,0.93296,0.93901,0.94331,0.94657,0.94949,0.95219,0.95534,0.95864,0.96213,0.96581,0.9689,0.97217,0.97429,0.9766,0.97778,0.97916,0.97962,0.98006,0.98046,0.98069,0.98079,0.98097,0.98092,0.98109,0.98099,0.98114,0.98102,0.98113,0.98099,0.98112,0.98099
0.42881,0.47344,0.6083,0.69557,0.7621,0.81512,0.85346,0.87902,0.89542,0.90642,0.91412,0.92109,0.92697,0.93339,0.93941,0.94534,0.95097,0.9555,0.95986,0.96268,0.96549,0.96697,0.96854,0.96919,0.96994,0.97025,0.97059,0.97076,0.97101,0.97103,0.97126,0.97123,0.97142,0.97136,0.97148,0.9714,0.9715,0.97138,0.97132,0.97103
0.42881,0.47344,0.6083,0.69557,0.7621,0.81512,0.85346,0.87902,0.89542,0.90642,0.91412,0.92109,0.92697,0.93339,0.93941,0.94534,0.95097,0.9555,0.95986,0.96268,0.96549,0.96697,0.96854,0.96919,0.96994,0.97025,0.97059,0.97076,0.97101,0.97103,0.97126,0.97123,0.97142,0.97136,0.97148,0.9714,0.9715,0.97138,0.97132,0.97103
0.50317,0.55631,0.71163,0.78605,0.8289,0.85749,0.87601,0.88673,0.89261,0.8951,0.89625,0.89772,0.89992,0.90397,0.90922,0.91509,0.92169,0.92686,0.93227,0.93542,0.93867,0.94003,0.94149,0.94202,0.94245,0.94274,0.9431,0.943,0.94333,0.94318,0.94339,0.94323,0.94336,0.94318,0.94308,0.94269,0.94253,0.94175,0.94215,0.94121
0.60905,0.66624,0.79781,0.84942,0.88008,0.90204,0.91685,0.92544,0.92969,0.93059,0.92964,0.92781,0.92548,0.92339,0.92123,0.91933,0.91745,0.91556,0.9137,0.91165,0.90958,0.90728,0.9048,0.90228,0.8993,0.89666,0.89399,0.89041,0.88763,0.88357,0.88078,0.87632,0.87371,0.86909,0.86631,0.86159,0.85925,0.85491,0.85334,0.85025
0.35839,0.45098,0.67566,0.78877,0.86311,0.91164,0.93906,0.9531,0.96058,0.96541,0.96864,0.97139,0.97377,0.9758,0.97775,0.97898,0.9802,0.9807,0.98125,0.98128,0.98137,0.98128,0.98115,0.9811,0.9809,0.9809,0.98087,0.98071,0.98069,0.98053,0.98053,0.98034,0.98033,0.98004,0.97987,0.97923,0.9798,0.97917,0.97914,0.97796
0.35839,0.45098,0.67566,0.78877,0.86311,0.91164,0.93906,0.9531,0.96058,0.96541,0.96864,0.97139,0.97377,0.9758,0.97775,0.97898,0.9802,0.9807,0.98125,0.98128,0.98137,0.98128,0.98115,0.9811,0.9809,0.9809,0.98087,0.98071,0.98069,0.98053,0.98053,0.98034,0.98033,0.98004,0.97987,0.97923,0.9798,0.97917,0.97914,0.97796
0.65974,0.68897,0.79382,0.85117,0.87987,0.89579,0.90398,0.90723,0.90865,0.91118,0.91592,0.9238,0.93445,0.94516,0.95673,0.96472,0.97221,0.97604,0.97925,0.98088,0.98179,0.98276,0.98274,0.98372,0.98362,0.98406,0.98415,0.98384,0.98364,0.98275,0.98303,0.98164,0.9835,0.98276,0.98171,0.97893,0.97604,0.96851,0.9695,0.95938
0.65974,0.68897,0.79382,0.85117,0.87987,0.89579,0.90398,0.90723,0.90865,0.91118,0.91592,0.9238,0.93445,0.94516,0.95673,0.96472,0.97221,0.97604,0.97925,0.98088,0.98179,0.98276,0.98274,0.98372,0.98362,0.98406,0.98415,0.98384,0.98364,0.98275,0.98303,0.98164,0.9835,0.98276,0.98171,0.97893,0.97604,0.96851,0.9695,0.95938
0.69176,0.72462,0.82892,0.88475,0.91249,0.92829,0.93723,0.94217,0.94556,0.94913,0.95307,0.95701,0.96094,0.96355,0.96582,0.96663,0.96717,0.96693,0.96639,0.96572,0.96458,0.96384,0.96244,0.96162,0.96006,0.9592,0.95853,0.95698,0.95677,0.95553,0.95463,0.95281,0.95221,0.94925,0.95075,0.94807,0.94993,0.94792,0.9447,0.94195
0.65691,0.68715,0.78638,0.83368,0.85069,0.8557,0.85355,0.84687,0.83818,0.83052,0.82374,0.81986,0.81706,0.81635,0.81613,0.81667,0.81722,0.81784,0.81823,0.81875,0.81894,0.81932,0.81932,0.82002,0.82026,0.82066,0.82024,0.82042,0.81958,0.81915,0.81936,0.81927,0.82178,0.82481,0.82251,0.82523,0.81505,0.8114,0.82763,0.83256
0.65691,0.68715,0.78638,0.83368,0.85069,0.8557,0.85355,0.84687,0.83818,0.83052,0.82374,0.81986,0.81706,0.81635,0.81613,0.81667,0.81722,0.81784,0.81823,0.81875,0.81894,0.81932,0.81932,0.82002,0.82026,0.82066,0.82024,0.82042,0.81958,0.81915,0.81936,0.81927,0.82178,0.82481,0.82251,0.82523,0.81505,0.8114,0.82763,0.83256
0.65691,0.68715,0.78638,0.83368,0.85069,0.8557,0.85355,0.84687,0.83818,0.83052,0.82374,0.81986,0.81706,0.81635,0.81613,0.81667,0.81722,0.81784,0.81823,0.81875,0.81894,0.81932,0.81932,0.82002,0.82026,0.82066,0.82024,0.82042,0.81958,0.81915,0.81936,0.81927,0.82178,0.82481,0.82251,0.82523,0.81505,0.8114,0.82763,0.83256
0.5497,0.59053,0.72565,0.7958,0.82848,0.8452,0.85173,0.85203,0.84882,0.84451,0.83886,0.83292,0.82586,0.81822,0.80906,0.79935,0.7871,0.77525,0.75909,0.74499,0.72411,0.70755,0.68109,0.66347,0.63271,0.61563,0.59848,0.57606,0.56116,0.55636,0.53848,0.55955,0.54507,0.60363,0.56101,0.64042,0.49374,0.56209,0.38125,0.46129
0.4241,0.56504,0.81234,0.90198,0.94133,0.9624,0.97529,0.98358,0.98882,0.99207,0.99428,0.99548,0.99626,0.9966,0.99678,0.99691,0.99692,0.99699,0.99697,0.99698,0.99691,0.99692,0.99674,0.99666,0.99607,0.99655,0.99656,0.99581,0.99624,0.99514,0.99592,0.99462,0.99375,0.99089,0.98854,0.9839,0.97298,0.96359,0.94687,0.92557
0.4241,0.56504,0.81234,0.90198,0.94133,0.9624,0.97529,0.98358,0.98882,0.99207,0.99428,0.99548,0.99626,0.9966,0.99678,0.99691,0.99692,0.99699,0.99697,0.99698,0.99691,0.99692,0.99674,0.99666,0.99607,0.99655,0.99656,0.99581,0.99624,0.99514,0.99592,0.99462,0.99375,0.99089,0.98854,0.9839,0.97298,0.96359,0.94687,0.92557
0.4241,0.56504,0.81234,0.90198,0.94133,0.9624,0.97529,0.98358,0.98882,0.99207,0.99428,0.99548,0.99626,0.9966,0.99678,0.99691,0.99692,0.99699,0.99697,0.99698,0.99691,0.99692,0.99674,0.99666,0.99607,0.99655,0.99656,0.99581,0.99624,0.99514,0.99592,0.99462,0.99375,0.99089,0.98854,0.9839,0.97298,0.96359,0.94687,0.92557
0.4241,0.56504,0.81234,0.90198,0.94133,0.9624,0.97529,0.98358,0.98882,0.99207,0.99428,0.99548,0.99626,0.9966,0.99678,0.99691,0.99692,0.99699,0.99697,0.99698,0.99691,0.99692,0.99674,0.99666,0.99607,0.99655,0.99656,0.99581,0.99624,0.99514,0.99592,0.99462,0.99375,0.99089,0.98854,0.9839,0.97298,0.96359,0.94687,0.92557
0.48202,0.53846,0.71292,0.78768,0.81773,0.83647,0.85178,0.86518,0.87624,0.88455,0.89084,0.89527,0.89835,0.90073,0.90212,0.90353,0.90421,0.90503,0.90545,0.9055,0.90546,0.90532,0.90486,0.90473,0.90351,0.90508,0.90454,0.90292,0.90377,0.9019,0.89356,0.88525,0.87217,0.84872,0.87915,0.88161,0.90638,0.90308,0.87157,0.87511
0.48202,0.53846,0.71292,0.78768,0.81773,0.83647,0.85178,0.86518,0.87624,0.88455,0.89084,0.89527,0.89835,0.90073,0.90212,0.90353,0.90421,0.90503,0.90545,0.9055,0.90546,0.90532,0.90486,0.90473,0.90351,0.90508,0.90454,0.90292,0.90377,0.9019,0.89356,0.88525,0.87217,0.84872,0.87915,0.88161,0.90638,0.90308,0.87157,0.87511
0.48202,0.53846,0.71292,0.78768,0.81773,0.83647,0.85178,0.86518,0.87624,0.88455,0.89084,0.89527,0.89835,0.90073,0.90212,0.90353,0.90421,0.90503,0.90545,0.9055,0.90546,0.90532,0.90486,0.90473,0.90351,0.90508,0.90454,0.90292,0.90377,0.9019,0.89356,0.88525,0.87217,0.84872,0.87915,0.88161,0.90638,0.90308,0.87157,0.87511
0.48202,0.53846,0.71292,0.78768,0.81773,0.83647,0.85178,0.86518,0.87624,0.88455,0.89084,0.89527,0.89835,0.90073,0.90212,0.90353,0.90421,0.90503,0.90545,0.9055,0.90546,0.90532,0.90486,0.90473,0.90351,0.90508,0.90454,0.90292,0.90377,0.9019,0.89356,0.88525,0.87217,0.84872,0.87915,0.88161,0.90638,0.90308,0.87157,0.87511
0.48202,0.53846,0.71292,0.78768,0.81773,0.83647,0.85178,0.86518,0.87624,0.88455,0.89084,0.89527,0.89835,0.90073,0.90212,0.90353,0.90421,0.90503,0.90545,0.9055,0.90546,0.90532,0.90486,0.90473,0.90351,0.90508,0.90454,0.90292,0.90377,0.9019,0.89356,0.88525,0.87217,0.84872,0.87915,0.88161,0.90638,0.90308,0.87157,0.87511
0.48202,0.53846,0.71292,0.78768,0.81773,0.83647,0.85178,0.86518,0.87624,0.88455,0.89084,0.89527,0.89835,0.90073,0.90212,0.90353,0.90421,0.90503,0.90545,0.9055,0.90546,0.90532,0.90486,0.90473,0.90351,0.90508,0.90454,0.90292,0.90377,0.9019,0.89356,0.88525,0.87217,0.84872,0.87915,0.88161,0.90638,0.90308,0.87157,0.87511
0.48011,0.58506,0.75791,0.80234,0.81542,0.82123,0.8255,0.82963,0.83134,0.82989,0.82416,0.81596,0.80246,0.789,0.76865,0.75072,0.72452,0.70503,0.6775,0.66261,0.64727,0.63295,0.63977,0.62366,0.66607,0.61783,0.51135,0.51976,0.51963,0.6102,0.60903,0.70618,0.84239,0.88787,0.93601,0.94104,0.88132,0.86037,0.83873,0.83335
