-0.0010304,-0.0013665,-0.0025299,-0.0018956,-0.00030337,0.0013522,0.0029502,0.0048293,0.0072366,0.010789,0.01508,0.020824,0.026839,0.034145,0.041102,0.049071,0.056234,0.064178,0.071074,0.078621,0.085032,0.092061,0.097946,0.10449,0.10991,0.11609,0.12205,0.1271,0.13293,0.1378,0.14363,0.14844,0.15436,0.15919,0.16528,0.17019,0.17648,0.18149,0.18798,0.19311
-0.0033491,-0.0028954,0.0014639,0.0059058,0.011665,0.021374,0.034383,0.049747,0.065285,0.080981,0.095127,0.10893,0.12091,0.13312,0.14366,0.15534,0.16541,0.17738,0.18761,0.20018,0.21076,0.22388,0.23475,0.24817,0.25916,0.2726,0.28567,0.29672,0.30948,0.32017,0.33251,0.34277,0.35466,0.36446,0.37591,0.38529,0.39636,0.40535,0.41611,0.42477
-1.9606e-05,0.00115,0.0099289,0.025415,0.045022,0.066505,0.087325,0.1072,0.1251,0.14301,0.15943,0.17752,0.19416,0.21334,0.23055,0.25045,0.2678,0.28763,0.30449,0.32357,0.3395,0.35751,0.37234,0.3893,0.40312,0.41924,0.43472,0.44771,0.4626,0.47499,0.48933,0.50119,0.51496,0.52631,0.53942,0.55021,0.56254,0.57273,0.58419,0.59371
-0.0050636,-0.0033023,0.019031,0.054725,0.087704,0.1154,0.1384,0.16024,0.18116,0.20443,0.22682,0.25172,0.27445,0.29914,0.32078,0.34414,0.36411,0.38603,0.40448,0.42528,0.44257,0.4625,0.47888,0.49792,0.51343,0.53138,0.54824,0.56253,0.57791,0.59096,0.60465,0.61632,0.6282,0.6384,0.6484,0.65708,0.66521,0.67236,0.67869,0.68436
-0.0097701,-0.0035347,0.037281,0.079305,0.11259,0.14353,0.17363,0.20505,0.23552,0.26725,0.29636,0.32609,0.35221,0.37911,0.40229,0.42706,0.44817,0.4715,0.49115,0.51307,0.53135,0.55145,0.56811,0.58587,0.6006,0.61566,0.6289,0.64037,0.65079,0.65986,0.66751,0.67423,0.67928,0.68378,0.6864,0.6888,0.68917,0.6896,0.68789,0.68646
-0.0099411,-0.0013655,0.057049,0.10957,0.14479,0.17739,0.2108,0.24665,0.28136,0.31672,0.34866,0.38125,0.40998,0.44046,0.46693,0.49558,0.52,0.54614,0.5681,0.59085,0.60981,0.62855,0.64414,0.65861,0.6707,0.68101,0.68918,0.69616,0.70077,0.70467,0.70607,0.70716,0.7057,0.7042,0.70008,0.69612,0.68945,0.68306,0.67386,0.665
0.017439,0.026667,0.078569,0.12574,0.16448,0.20473,0.24669,0.29042,0.33144,0.37163,0.40701,0.44226,0.47282,0.50421,0.53105,0.55844,0.58151,0.60411,0.62291,0.64018,0.65444,0.6663,0.67604,0.68288,0.68839,0.6907,0.69092,0.69054,0.68698,0.68309,0.67592,0.66861,0.65787,0.64706,0.63281,0.61837,0.60055,0.58231,0.56085,0.53864
0.016318,0.029033,0.10105,0.16226,0.21107,0.26053,0.3095,0.35766,0.40134,0.44395,0.48164,0.51943,0.55224,0.58467,0.61212,0.63788,0.6592,0.67763,0.69259,0.70395,0.71292,0.71798,0.72159,0.72119,0.72003,0.71479,0.70739,0.69928,0.68735,0.67469,0.65817,0.6407,0.61941,0.59678,0.57071,0.54267,0.51198,0.4785,0.44354,0.40488
0.020693,0.034197,0.10155,0.16253,0.21742,0.27294,0.32525,0.37445,0.41848,0.46165,0.50012,0.53809,0.57091,0.60179,0.62762,0.65005,0.6683,0.68231,0.69332,0.69978,0.70434,0.70429,0.70314,0.69729,0.69079,0.67929,0.66536,0.65028,0.63073,0.60973,0.58445,0.55715,0.52626,0.4925,0.4563,0.41626,0.37563,0.33002,0.28621,0.2363
0.0028511,0.019562,0.10324,0.18108,0.24844,0.31099,0.36729,0.4206,0.46898,0.5164,0.55802,0.59687,0.62924,0.65671,0.67848,0.69431,0.70595,0.7115,0.71428,0.71112,0.70615,0.69528,0.68304,0.66475,0.64507,0.61946,0.59072,0.55896,0.52317,0.4834,0.44109,0.39373,0.34619,0.29245,0.24134,0.18309,0.13028,0.069771,0.017121,-0.043341
0.11137,0.12262,0.17749,0.235,0.29261,0.35057,0.40533,0.45824,0.50657,0.55289,0.59301,0.62884,0.65801,0.68118,0.6988,0.70994,0.71714,0.7181,0.71639,0.70865,0.69887,0.68293,0.66498,0.64083,0.61405,0.58123,0.54489,0.50337,0.45875,0.40744,0.35583,0.29595,0.23948,0.17354,0.11496,0.046369,-0.011673,-0.079415,-0.13461,-0.19852
0.095162,0.10805,0.17496,0.25252,0.32479,0.38915,0.44571,0.49839,0.5454,0.58842,0.62442,0.65384,0.67647,0.69147,0.7013,0.70366,0.70242,0.69406,0.68285,0.66456,0.64338,0.61521,0.58336,0.54516,0.50198,0.45429,0.40325,0.34434,0.28653,0.21959,0.15773,0.086057,0.023133,-0.04954,-0.11105,-0.1813,-0.23896,-0.30382,-0.35676,-0.41426
0.023455,0.042729,0.14064,0.23684,0.31707,0.38853,0.4528,0.51238,0.56392,0.60802,0.64275,0.668,0.68533,0.6932,0.69542,0.68881,0.67807,0.65876,0.63564,0.60406,0.56798,0.52411,0.47414,0.41856,0.35457,0.28921,0.22115,0.14141,0.068772,-0.016413,-0.089209,-0.17413,-0.24281,-0.32185,-0.38366,-0.45262,-0.50644,-0.56322,-0.60904,-0.65348
0.15239,0.17518,0.27304,0.37294,0.45824,0.52846,0.58654,0.63646,0.67741,0.71016,0.73455,0.75014,0.75929,0.76016,0.75643,0.74475,0.72915,0.70534,0.67702,0.64012,0.59708,0.54647,0.48722,0.42366,0.3488,0.27583,0.20043,0.11251,0.035074,-0.053757,-0.12786,-0.21097,-0.2784,-0.35131,-0.41067,-0.47144,-0.52281,-0.57161,-0.61644,-0.65527
0.073296,0.1022,0.21688,0.31005,0.39085,0.46995,0.5428,0.60556,0.65479,0.69005,0.71351,0.7246,0.7277,0.72039,0.70713,0.68388,0.65448,0.61479,0.56698,0.50995,0.44161,0.36857,0.28114,0.19799,0.099034,0.014916,-0.067889,-0.16053,-0.23471,-0.31421,-0.37786,-0.44185,-0.49616,-0.54589,-0.59303,-0.63147,-0.67277,-0.70313,-0.73846,-0.76321
0.10435,0.13729,0.27028,0.3703,0.44654,0.51508,0.57546,0.62564,0.66381,0.68897,0.70385,0.70695,0.70268,0.68774,0.66641,0.6343,0.59481,0.54479,0.48518,0.41787,0.33859,0.25853,0.16528,0.080449,-0.01671,-0.097866,-0.17705,-0.26076,-0.33064,-0.40063,-0.46069,-0.51673,-0.56837,-0.61273,-0.6563,-0.69158,-0.72727,-0.75546,-0.78193,-0.80312
0.10441,0.13256,0.25284,0.35218,0.43572,0.51583,0.58736,0.64577,0.68863,0.71505,0.72857,0.72821,0.7185,0.69664,0.66588,0.62327,0.5696,0.50597,0.42812,0.34688,0.24948,0.15922,0.05374,-0.0353,-0.13607,-0.21687,-0.29664,-0.37585,-0.44598,-0.51025,-0.57188,-0.62349,-0.67522,-0.71628,-0.75655,-0.78763,-0.81571,-0.83568,-0.85655,-0.86553
0.10441,0.13256,0.25284,0.35218,0.43572,0.51583,0.58736,0.64577,0.68863,0.71505,0.72857,0.72821,0.7185,0.69664,0.66588,0.62327,0.5696,0.50597,0.42812,0.34688,0.24948,0.15922,0.05374,-0.0353,-0.13607,-0.21687,-0.29664,-0.37585,-0.44598,-0.51025,-0.57188,-0.62349,-0.67522,-0.71628,-0.75655,-0.78763,-0.81571,-0.83568,-0.85655,-0.86553
0.12589,0.1595,0.30718,0.43557,0.5377,0.62108,0.68406,0.72658,0.75191,0.7612,0.7591,0.74422,0.71956,0.68188,0.63205,0.56925,0.48976,0.40216,0.2939,0.189,0.063128,-0.046215,-0.17206,-0.27314,-0.3827,-0.46893,-0.55168,-0.62441,-0.68956,-0.74125,-0.7886,-0.82365,-0.85378,-0.87417,-0.89313,-0.90033,-0.91833,-0.91665,-0.94404,-0.94273
0.053191,0.096959,0.2548,0.35978,0.44706,0.52526,0.58542,0.62208,0.63719,0.63051,0.60749,0.56643,0.51062,0.43979,0.35312,0.25832,0.14737,0.039754,-0.081466,-0.18855,-0.30385,-0.39978,-0.49691,-0.57619,-0.64972,-0.71211,-0.76612,-0.80979,-0.84593,-0.87391,-0.89633,-0.91111,-0.92785,-0.93319,-0.95172,-0.95397,-0.97275,-0.97661,-0.97857,-0.97701
0.053191,0.096959,0.2548,0.35978,0.44706,0.52526,0.58542,0.62208,0.63719,0.63051,0.60749,0.56643,0.51062,0.43979,0.35312,0.25832,0.14737,0.039754,-0.081466,-0.18855,-0.30385,-0.39978,-0.49691,-0.57619,-0.64972,-0.71211,-0.76612,-0.80979,-0.84593,-0.87391,-0.89633,-0.91111,-0.92785,-0.93319,-0.95172,-0.95397,-0.97275,-0.97661,-0.97857,-0.97701
0.20999,0.2462,0.38711,0.49162,0.57705,0.64912,0.70044,0.72905,0.739,0.73134,0.71025,0.6742,0.62396,0.55934,0.47597,0.3835,0.26903,0.15956,0.031239,-0.076263,-0.194,-0.28743,-0.38105,-0.46,-0.52931,-0.59809,-0.66125,-0.70791,-0.7559,-0.78985,-0.82214,-0.84204,-0.86676,-0.87436,-0.90127,-0.90399,-0.92893,-0.9308,-0.92669,-0.91028
0.16084,0.20579,0.41032,0.5629,0.65303,0.71025,0.74279,0.75464,0.75092,0.73194,0.69976,0.65224,0.58887,0.51105,0.41472,0.31145,0.19087,0.074549,-0.053728,-0.1691,-0.28849,-0.39197,-0.49125,-0.57616,-0.65218,-0.71401,-0.76445,-0.80611,-0.84073,-0.86363,-0.89426,-0.90733,-0.93489,-0.94574,-0.95403,-0.95646,-0.94284,-0.92252,-0.92814,-0.8913
0.077169,0.13336,0.35224,0.50532,0.60719,0.67796,0.72167,0.74154,0.74365,0.72881,0.69931,0.65325,0.58897,0.50948,0.40704,0.2989,0.16873,0.048307,-0.084675,-0.19924,-0.31251,-0.41247,-0.49847,-0.58179,-0.64482,-0.70782,-0.75676,-0.79172,-0.82502,-0.84297,-0.87493,-0.88577,-0.91357,-0.92369,-0.9156,-0.90237,-0.87616,-0.81766,-0.84942,-0.76938
0.074863,0.12169,0.30412,0.45017,0.5605,0.63918,0.68484,0.69923,0.68902,0.65656,0.60463,0.53548,0.44644,0.34698,0.22773,0.10668,-0.030653,-0.16123,-0.29914,-0.42126,-0.53907,-0.63456,-0.72003,-0.77919,-0.82917,-0.86302,-0.89942,-0.91579,-0.94665,-0.95727,-0.96753,-0.96776,-0.96213,-0.94247,-0.95955,-0.93263,-0.97018,-0.94928,-0.92225,-0.86066
0.098665,0.14537,0.35571,0.53132,0.64952,0.72037,0.75194,0.75206,0.72821,0.68161,0.61153,0.52015,0.39958,0.26854,0.11121,-0.034434,-0.19057,-0.3221,-0.44636,-0.5524,-0.6395,-0.71846,-0.77635,-0.82587,-0.85789,-0.88705,-0.91816,-0.92895,-0.95493,-0.96388,-0.95915,-0.94755,-0.92846,-0.87691,-0.92919,-0.87893,-0.98036,-0.97425,-0.86644,-0.75475
0.098665,0.14537,0.35571,0.53132,0.64952,0.72037,0.75194,0.75206,0.72821,0.68161,0.61153,0.52015,0.39958,0.26854,0.11121,-0.034434,-0.19057,-0.3221,-0.44636,-0.5524,-0.6395,-0.71846,-0.77635,-0.82587,-0.85789,-0.88705,-0.91816,-0.92895,-0.95493,-0.96388,-0.95915,-0.94755,-0.92846,-0.87691,-0.92919,-0.87893,-0.98036,-0.97425,-0.86644,-0.75475
0.098665,0.14537,0.35571,0.53132,0.64952,0.72037,0.75194,0.75206,0.72821,0.68161,0.61153,0.52015,0.39958,0.26854,0.11121,-0.034434,-0.19057,-0.3221,-0.44636,-0.5524,-0.6395,-0.71846,-0.77635,-0.82587,-0.85789,-0.88705,-0.91816,-0.92895,-0.95493,-0.96388,-0.95915,-0.94755,-0.92846,-0.87691,-0.92919,-0.87893,-0.98036,-0.97425,-0.86644,-0.75475
0.27701,0.31785,0.49365,0.61144,0.67153,0.69815,0.69443,0.65907,0.59134,0.49147,0.35487,0.20116,0.023061,-0.14084,-0.30365,-0.44227,-0.56229,-0.66718,-0.74742,-0.81593,-0.86368,-0.89982,-0.91768,-0.94576,-0.94778,-0.97958,-0.97738,-0.9672,-0.96291,-0.9262,-0.97535,-0.95255,-0.96938,-0.93348,-0.8231,-0.66228,-0.74925,-0.56208,-0.84556,-0.72786
0.27701,0.31785,0.49365,0.61144,0.67153,0.69815,0.69443,0.65907,0.59134,0.49147,0.35487,0.20116,0.023061,-0.14084,-0.30365,-0.44227,-0.56229,-0.66718,-0.74742,-0.81593,-0.86368,-0.89982,-0.91768,-0.94576,-0.94778,-0.97958,-0.97738,-0.9672,-0.96291,-0.9262,-0.97535,-0.95255,-0.96938,-0.93348,-0.8231,-0.66228,-0.74925,-0.56208,-0.84556,-0.72786
0.27701,0.31785,0.49365,0.61144,0.67153,0.69815,0.69443,0.65907,0.59134,0.49147,0.35487,0.20116,0.023061,-0.14084,-0.30365,-0.44227,-0.56229,-0.66718,-0.74742,-0.81593,-0.86368,-0.89982,-0.91768,-0.94576,-0.94778,-0.97958,-0.97738,-0.9672,-0.96291,-0.9262,-0.97535,-0.95255,-0.96938,-0.93348,-0.8231,-0.66228,-0.74925,-0.56208,-0.84556,-0.72786
0.21094,0.26998,0.5154,0.68181,0.7647,0.79844,0.79919,0.77205,0.71737,0.6347,0.51676,0.38232,0.22029,0.072625,-0.077084,-0.20975,-0.32424,-0.44748,-0.53904,-0.64797,-0.72116,-0.78849,-0.81459,-0.86775,-0.849,-0.92796,-0.90972,-0.83889,-0.8381,-0.68437,-0.88968,-0.78412,-0.68835,-0.45426,-0.23959,0.042464,-0.28447,-0.08533,-0.4653,-0.2995
0.21094,0.26998,0.5154,0.68181,0.7647,0.79844,0.79919,0.77205,0.71737,0.6347,0.51676,0.38232,0.22029,0.072625,-0.077084,-0.20975,-0.32424,-0.44748,-0.53904,-0.64797,-0.72116,-0.78849,-0.81459,-0.86775,-0.849,-0.92796,-0.90972,-0.83889,-0.8381,-0.68437,-0.88968,-0.78412,-0.68835,-0.45426,-0.23959,0.042464,-0.28447,-0.08533,-0.4653,-0.2995
0.18488,0.23736,0.44369,0.59082,0.66551,0.68694,0.67021,0.62368,0.54914,0.45276,0.33283,0.20598,0.0664,-0.069042,-0.20807,-0.33895,-0.46658,-0.57936,-0.67696,-0.76725,-0.82348,-0.89589,-0.92836,-0.93467,-0.90931,-0.92677,-0.96914,-0.94508,-0.91128,-0.8093,-0.83745,-0.67955,-0.77041,-0.58458,-0.42058,-0.14135,-0.49206,-0.30757,-0.48365,-0.31962
0.18488,0.23736,0.44369,0.59082,0.66551,0.68694,0.67021,0.62368,0.54914,0.45276,0.33283,0.20598,0.0664,-0.069042,-0.20807,-0.33895,-0.46658,-0.57936,-0.67696,-0.76725,-0.82348,-0.89589,-0.92836,-0.93467,-0.90931,-0.92677,-0.96914,-0.94508,-0.91128,-0.8093,-0.83745,-0.67955,-0.77041,-0.58458,-0.42058,-0.14135,-0.49206,-0.30757,-0.48365,-0.31962
0.18488,0.23736,0.44369,0.59082,0.66551,0.68694,0.67021,0.62368,0.54914,0.45276,0.33283,0.20598,0.0664,-0.069042,-0.20807,-0.33895,-0.46658,-0.57936,-0.67696,-0.76725,-0.82348,-0.89589,-0.92836,-0.93467,-0.90931,-0.92677,-0.96914,-0.94508,-0.91128,-0.8093,-0.83745,-0.67955,-0.77041,-0.58458,-0.42058,-0.14135,-0.49206,-0.30757,-0.48365,-0.31962
0.42906,0.45523,0.60235,0.72707,0.78206,0.78683,0.75873,0.70852,0.63548,0.54682,0.43193,0.30513,0.15825,0.00087728,-0.14702,-0.30659,-0.42852,-0.54673,-0.61819,-0.69638,-0.71489,-0.78663,-0.77647,-0.72332,-0.5456,-0.68957,-0.82291,-0.71572,-0.37584,-0.015968,-0.271,0.026767,-0.53229,-0.28888,0.52079,0.67086,0.52366,0.61243,-0.13394,-0.00077317
0.42906,0.45523,0.60235,0.72707,0.78206,0.78683,0.75873,0.70852,0.63548,0.54682,0.43193,0.30513,0.15825,0.00087728,-0.14702,-0.30659,-0.42852,-0.54673,-0.61819,-0.69638,-0.71489,-0.78663,-0.77647,-0.72332,-0.5456,-0.68957,-0.82291,-0.71572,-0.37584,-0.015968,-0.271,0.026767,-0.53229,-0.28888,0.52079,0.67086,0.52366,0.61243,-0.13394,-0.00077317
0.42906,0.45523,0.60235,0.72707,0.78206,0.78683,0.75873,0.70852,0.63548,0.54682,0.43193,0.30513,0.15825,0.00087728,-0.14702,-0.30659,-0.42852,-0.54673,-0.61819,-0.69638,-0.71489,-0.78663,-0.77647,-0.72332,-0.5456,-0.68957,-0.82291,-0.71572,-0.37584,-0.015968,-0.271,0.026767,-0.53229,-0.28888,0.52079,0.67086,0.52366,0.61243,-0.13394,-0.00077317
0.38564,0.46072,0.69304,0.80195,0.82569,0.80273,0.74639,0.66632,0.56196,0.43967,0.28941,0.11343,-0.093196,-0.29863,-0.49459,-0.65329,-0.74594,-0.8706,-0.90907,-0.92913,-0.87003,-0.95053,-0.87854,-0.83906,-0.62755,-0.71945,-0.87348,-0.69759,-0.32155,0.05267,-0.6919,-0.50141,0.081588,0.35397,0.45631,0.60973,0.28618,0.41147,0.83622,0.86885
