-6.0305e-05,-8.3818e-05,-0.00024571,-0.00048175,-0.00075743,-0.001092,-0.0014816,-0.0019405,-0.0024428,-0.0030292,-0.0036408,-0.0043579,-0.0050769,-0.0059275,-0.0067529,-0.0077397,-0.0086714,-0.0097765,-0.010791,-0.011859,-0.012822,-0.013582,-0.014272,-0.014374,-0.014536,-0.013618,-0.01206,-0.010828,-0.007958,-0.0056786,-0.0014111,0.0019752,0.0076339,0.01212,0.019089,0.024613,0.032756,0.039219,0.048366,0.055639
-0.00024008,-0.00033373,-0.00097892,-0.0019208,-0.0030228,-0.0043632,-0.0059278,-0.0077706,-0.0097646,-0.011749,-0.013416,-0.013681,-0.013085,-0.0092487,-0.0047036,0.0044458,0.013489,0.027765,0.040863,0.059182,0.075338,0.096275,0.11432,0.1365,0.15536,0.17765,0.19915,0.21803,0.23854,0.25646,0.27557,0.29221,0.30969,0.32489,0.34066,0.35436,0.36842,0.38066,0.39309,0.40393
-0.00053767,-0.00074756,-0.0021949,-0.0043124,-0.0067972,-0.0097764,-0.012899,-0.014654,-0.014143,-0.0081092,0.0012202,0.018169,0.036809,0.062608,0.087668,0.11816,0.14598,0.17735,0.20502,0.2347,0.26037,0.28698,0.30976,0.33277,0.35239,0.3718,0.38918,0.40441,0.41871,0.43126,0.44286,0.45309,0.46239,0.47064,0.47796,0.48452,0.49014,0.49526,0.4994,0.50327
-0.00096112,-0.0013367,-0.00393,-0.0077202,-0.011665,-0.012702,-0.0065549,0.011891,0.039298,0.077346,0.11783,0.16309,0.20557,0.24871,0.28692,0.32377,0.35549,0.38507,0.41019,0.43305,0.45236,0.46957,0.48412,0.4968,0.50758,0.51667,0.52412,0.5307,0.53559,0.54001,0.54272,0.54534,0.54612,0.54717,0.54628,0.54594,0.5435,0.5419,0.53801,0.53524
-0.0014941,-0.0020791,-0.0061243,-0.011562,-0.013052,-0.0022602,0.023554,0.064332,0.11189,0.16467,0.21492,0.26383,0.30663,0.34576,0.37871,0.40778,0.43188,0.45266,0.46982,0.4843,0.49631,0.50611,0.51431,0.52053,0.52583,0.52907,0.53098,0.53284,0.53249,0.53249,0.53034,0.52876,0.52493,0.5219,0.51557,0.51083,0.50195,0.49523,0.48504,0.47656
-0.0021229,-0.0029545,-0.0084085,-0.0086505,0.012353,0.057569,0.11798,0.18511,0.2495,0.30907,0.36011,0.40386,0.43965,0.46898,0.49254,0.51112,0.52599,0.53705,0.54594,0.55168,0.55631,0.55791,0.55925,0.55752,0.55618,0.55143,0.54539,0.54025,0.53066,0.52278,0.50961,0.49863,0.4831,0.46929,0.4514,0.43503,0.41555,0.39708,0.37669,0.35661
-0.0028229,-0.0039311,-0.011306,-0.01393,0.005586,0.050222,0.11076,0.17806,0.24195,0.29951,0.34767,0.38752,0.4195,0.44484,0.46505,0.48024,0.49241,0.5003,0.50662,0.50883,0.51056,0.50799,0.50582,0.49908,0.49338,0.48132,0.46677,0.45398,0.43559,0.41862,0.39685,0.3762,0.35225,0.32872,0.30357,0.27798,0.25241,0.22547,0.19991,0.17218
-0.0037816,-0.0052694,-0.015313,-0.021962,-0.0067952,0.033525,0.089314,0.15078,0.20819,0.25853,0.29969,0.33191,0.35688,0.37422,0.38719,0.3936,0.3979,0.39599,0.39362,0.3849,0.3769,0.36108,0.3472,0.32407,0.3038,0.27514,0.24515,0.21633,0.18315,0.15055,0.11579,0.080659,0.045466,0.0088862,-0.025911,-0.063063,-0.096793,-0.13373,-0.16572,-0.20164
-0.0046499,-0.0064163,-0.0078181,0.028699,0.10039,0.18493,0.2646,0.33169,0.38419,0.42335,0.45212,0.47171,0.48563,0.4929,0.49743,0.49603,0.49376,0.48546,0.47751,0.46142,0.44698,0.42403,0.40307,0.37535,0.3491,0.31898,0.28923,0.25836,0.22827,0.19602,0.16621,0.13331,0.10404,0.07091,0.042385,0.009353,-0.018297,-0.050895,-0.077204,-0.1088
-0.0058622,-0.0074153,0.00077651,0.045657,0.11905,0.20241,0.27946,0.34263,0.39115,0.42599,0.4512,0.46687,0.47757,0.48068,0.48165,0.47576,0.46944,0.455,0.44136,0.41935,0.39873,0.37192,0.3462,0.31773,0.28941,0.26164,0.2351,0.20683,0.18205,0.15515,0.13249,0.10763,0.087208,0.064826,0.046725,0.027034,0.011419,-0.0055004,-0.018906,-0.033261
-0.0068312,-0.0094667,-0.016233,0.015157,0.084315,0.16704,0.24326,0.305,0.35245,0.38689,0.41254,0.42894,0.4407,0.44493,0.447,0.44082,0.43395,0.41827,0.40289,0.38131,0.36017,0.33707,0.31381,0.29268,0.27034,0.25274,0.23698,0.21959,0.20752,0.19399,0.18532,0.17555,0.17008,0.16372,0.16061,0.15693,0.15497,0.15294,0.15204,0.15094
-0.0085361,-0.011741,-0.0029611,0.085691,0.19377,0.28273,0.34714,0.38971,0.41728,0.43221,0.4406,0.44038,0.43753,0.42592,0.41315,0.39222,0.37103,0.34566,0.3202,0.29562,0.27013,0.24855,0.22543,0.20697,0.18707,0.1712,0.15578,0.14049,0.12671,0.11385,0.10147,0.09055,0.078847,0.069094,0.058252,0.049164,0.039189,0.030492,0.021711,0.013532
-0.0096591,0.023278,0.17666,0.3238,0.4341,0.51312,0.56731,0.60279,0.62615,0.63887,0.64558,0.64367,0.63849,0.62334,0.60603,0.5782,0.54862,0.5112,0.47187,0.42979,0.38491,0.34252,0.29639,0.25725,0.21383,0.18075,0.15092,0.11828,0.096381,0.072199,0.057321,0.040889,0.031393,0.021014,0.01437,0.0079791,0.0030433,-0.00075817,-0.0047161,-0.0067082
-0.011008,-0.013893,0.0028312,0.095479,0.20851,0.2992,0.36125,0.39921,0.4217,0.43027,0.43177,0.42133,0.40651,0.37878,0.34821,0.30832,0.26683,0.22271,0.17698,0.13404,0.088973,0.050118,0.0089046,-0.024032,-0.059027,-0.084971,-0.10794,-0.13125,-0.14799,-0.16451,-0.17669,-0.18816,-0.1973,-0.20532,-0.21262,-0.2183,-0.22429,-0.22822,-0.234,-0.23696
-0.012648,0.017395,0.14569,0.27356,0.37505,0.44547,0.4896,0.51324,0.5247,0.52383,0.51755,0.50005,0.47926,0.44891,0.41675,0.38143,0.345,0.3119,0.27738,0.24942,0.22,0.19768,0.17456,0.15762,0.14079,0.12865,0.11784,0.10808,0.10024,0.093247,0.087077,0.081585,0.076944,0.072611,0.068879,0.065529,0.061653,0.058626,0.055883,0.053017
-0.014707,-0.0191,-0.0088774,0.07306,0.17667,0.26057,0.31937,0.35461,0.37451,0.37787,0.37275,0.35192,0.32574,0.28897,0.24967,0.20921,0.16739,0.13135,0.094326,0.066395,0.037923,0.019015,2.2947e-05,-0.011066,-0.022045,-0.028597,-0.0338,-0.038432,-0.041727,-0.044574,-0.046746,-0.048597,-0.050199,-0.051384,-0.053979,-0.055669,-0.055541,-0.056797,-0.055431,-0.05569
-0.017304,0.051349,0.34865,0.54225,0.62952,0.67377,0.69729,0.70773,0.71123,0.70519,0.69445,0.67571,0.65448,0.63189,0.60916,0.5901,0.57213,0.55858,0.54671,0.53752,0.5303,0.52397,0.51948,0.51448,0.51101,0.50679,0.50347,0.50021,0.49782,0.49496,0.49312,0.49066,0.48919,0.48691,0.48706,0.4855,0.48648,0.48604,0.48618,0.48655
-0.017304,0.051349,0.34865,0.54225,0.62952,0.67377,0.69729,0.70773,0.71123,0.70519,0.69445,0.67571,0.65448,0.63189,0.60916,0.5901,0.57213,0.55858,0.54671,0.53752,0.5303,0.52397,0.51948,0.51448,0.51101,0.50679,0.50347,0.50021,0.49782,0.49496,0.49312,0.49066,0.48919,0.48691,0.48706,0.4855,0.48648,0.48604,0.48618,0.48655
-0.020654,-0.027528,-0.033961,0.027487,0.11117,0.17468,0.21309,0.22739,0.2262,0.20511,0.17483,0.13269,0.088362,0.045979,0.0051611,-0.025745,-0.054586,-0.072274,-0.088585,-0.096194,-0.10329,-0.10577,-0.10809,-0.10838,-0.10884,-0.10854,-0.10828,-0.10795,-0.10828,-0.10845,-0.10757,-0.10766,-0.1062,-0.1057,-0.10419,-0.10251,-0.1032,-0.1011,-0.10306,-0.10081
-0.02277,-0.02844,-0.020036,0.055223,0.13811,0.19375,0.22323,0.2304,0.22464,0.2038,0.17686,0.14202,0.10613,0.071577,0.037811,0.009692,-0.017619,-0.03939,-0.060837,-0.078308,-0.096223,-0.1123,-0.12948,-0.14515,-0.16316,-0.17894,-0.19436,-0.21392,-0.23032,-0.25202,-0.2668,-0.28956,-0.30331,-0.32605,-0.33846,-0.3596,-0.37217,-0.39114,-0.39696,-0.40812
-0.025077,0.042264,0.33052,0.51176,0.59249,0.63327,0.65378,0.65976,0.65763,0.64936,0.64013,0.63691,0.63754,0.64551,0.658,0.67046,0.68642,0.69588,0.70747,0.71113,0.71577,0.71696,0.71666,0.71785,0.71531,0.71766,0.71808,0.71546,0.71737,0.7155,0.71624,0.71442,0.71312,0.70934,0.70732,0.69995,0.70653,0.69997,0.68993,0.6712
-0.025077,0.042264,0.33052,0.51176,0.59249,0.63327,0.65378,0.65976,0.65763,0.64936,0.64013,0.63691,0.63754,0.64551,0.658,0.67046,0.68642,0.69588,0.70747,0.71113,0.71577,0.71696,0.71666,0.71785,0.71531,0.71766,0.71808,0.71546,0.71737,0.7155,0.71624,0.71442,0.71312,0.70934,0.70732,0.69995,0.70653,0.69997,0.68993,0.6712
0.39026,0.43712,0.62079,0.71365,0.74302,0.74861,0.73751,0.70662,0.65827,0.5901,0.50486,0.40963,0.30213,0.20573,0.10771,0.040083,-0.02182,-0.055517,-0.083532,-0.099287,-0.10916,-0.11888,-0.12124,-0.12974,-0.13039,-0.13563,-0.13601,-0.13415,-0.13265,-0.12512,-0.1297,-0.11916,-0.13552,-0.13114,-0.12254,-0.10212,-0.075142,-0.013302,-0.027106,0.053736
0.39026,0.43712,0.62079,0.71365,0.74302,0.74861,0.73751,0.70662,0.65827,0.5901,0.50486,0.40963,0.30213,0.20573,0.10771,0.040083,-0.02182,-0.055517,-0.083532,-0.099287,-0.10916,-0.11888,-0.12124,-0.12974,-0.13039,-0.13563,-0.13601,-0.13415,-0.13265,-0.12512,-0.1297,-0.11916,-0.13552,-0.13114,-0.12254,-0.10212,-0.075142,-0.013302,-0.027106,0.053736
0.38044,0.42744,0.61611,0.71355,0.74999,0.76516,0.76752,0.75785,0.7406,0.71673,0.69014,0.66361,0.63719,0.6139,0.59122,0.57174,0.55201,0.53439,0.51514,0.49757,0.47672,0.45832,0.43459,0.41494,0.38719,0.36784,0.34896,0.31989,0.30266,0.27537,0.26129,0.24162,0.23115,0.22684,0.2199,0.24087,0.23404,0.28746,0.25687,0.33144
-0.039742,0.025971,0.30161,0.45957,0.51471,0.5316,0.52805,0.50778,0.47962,0.45134,0.42565,0.40863,0.39579,0.39018,0.38676,0.38649,0.38666,0.38766,0.38825,0.38934,0.38978,0.39031,0.39012,0.3917,0.39193,0.39288,0.39197,0.39163,0.39091,0.38954,0.38894,0.38614,0.39287,0.39574,0.39438,0.39676,0.36732,0.34869,0.39415,0.39718
-0.039742,0.025971,0.30161,0.45957,0.51471,0.5316,0.52805,0.50778,0.47962,0.45134,0.42565,0.40863,0.39579,0.39018,0.38676,0.38649,0.38666,0.38766,0.38825,0.38934,0.38978,0.39031,0.39012,0.3917,0.39193,0.39288,0.39197,0.39163,0.39091,0.38954,0.38894,0.38614,0.39287,0.39574,0.39438,0.39676,0.36732,0.34869,0.39415,0.39718
-0.039742,0.025971,0.30161,0.45957,0.51471,0.5316,0.52805,0.50778,0.47962,0.45134,0.42565,0.40863,0.39579,0.39018,0.38676,0.38649,0.38666,0.38766,0.38825,0.38934,0.38978,0.39031,0.39012,0.3917,0.39193,0.39288,0.39197,0.39163,0.39091,0.38954,0.38894,0.38614,0.39287,0.39574,0.39438,0.39676,0.36732,0.34869,0.39415,0.39718
-0.045702,0.017412,0.28204,0.43064,0.47431,0.47644,0.45475,0.41086,0.35363,0.2911,0.22821,0.17397,0.12412,0.084669,0.047807,0.017746,-0.013257,-0.039554,-0.070172,-0.095536,-0.12837,-0.15412,-0.19066,-0.21253,-0.24872,-0.26712,-0.28686,-0.3088,-0.32671,-0.33227,-0.34422,-0.31837,-0.32966,-0.25805,-0.30656,-0.20786,-0.39961,-0.3442,-0.39656,-0.3044
0.37216,0.41161,0.58175,0.67486,0.70637,0.70929,0.69248,0.66566,0.63791,0.62196,0.6156,0.61925,0.62738,0.63546,0.64181,0.64762,0.64966,0.653,0.6525,0.65603,0.65591,0.65759,0.65769,0.65448,0.6499,0.6497,0.64853,0.6411,0.65553,0.66007,0.62358,0.59528,0.64069,0.63236,0.64177,0.64606,0.5511,0.53678,0.34324,0.28961
0.37216,0.41161,0.58175,0.67486,0.70637,0.70929,0.69248,0.66566,0.63791,0.62196,0.6156,0.61925,0.62738,0.63546,0.64181,0.64762,0.64966,0.653,0.6525,0.65603,0.65591,0.65759,0.65769,0.65448,0.6499,0.6497,0.64853,0.6411,0.65553,0.66007,0.62358,0.59528,0.64069,0.63236,0.64177,0.64606,0.5511,0.53678,0.34324,0.28961
0.37216,0.41161,0.58175,0.67486,0.70637,0.70929,0.69248,0.66566,0.63791,0.62196,0.6156,0.61925,0.62738,0.63546,0.64181,0.64762,0.64966,0.653,0.6525,0.65603,0.65591,0.65759,0.65769,0.65448,0.6499,0.6497,0.64853,0.6411,0.65553,0.66007,0.62358,0.59528,0.64069,0.63236,0.64177,0.64606,0.5511,0.53678,0.34324,0.28961
0.37216,0.41161,0.58175,0.67486,0.70637,0.70929,0.69248,0.66566,0.63791,0.62196,0.6156,0.61925,0.62738,0.63546,0.64181,0.64762,0.64966,0.653,0.6525,0.65603,0.65591,0.65759,0.65769,0.65448,0.6499,0.6497,0.64853,0.6411,0.65553,0.66007,0.62358,0.59528,0.64069,0.63236,0.64177,0.64606,0.5511,0.53678,0.34324,0.28961
-0.038158,0.025542,0.25242,0.3413,0.34341,0.31159,0.27303,0.24636,0.23144,0.22514,0.22311,0.22151,0.22011,0.21827,0.21544,0.21474,0.21242,0.21324,0.21341,0.21149,0.21248,0.20792,0.20734,0.20788,0.21286,0.21374,0.2012,0.19275,0.2365,0.26524,0.23621,0.25198,0.19589,0.19094,0.46129,0.48114,0.45414,0.41781,0.073979,0.088076
-0.038158,0.025542,0.25242,0.3413,0.34341,0.31159,0.27303,0.24636,0.23144,0.22514,0.22311,0.22151,0.22011,0.21827,0.21544,0.21474,0.21242,0.21324,0.21341,0.21149,0.21248,0.20792,0.20734,0.20788,0.21286,0.21374,0.2012,0.19275,0.2365,0.26524,0.23621,0.25198,0.19589,0.19094,0.46129,0.48114,0.45414,0.41781,0.073979,0.088076
-0.038158,0.025542,0.25242,0.3413,0.34341,0.31159,0.27303,0.24636,0.23144,0.22514,0.22311,0.22151,0.22011,0.21827,0.21544,0.21474,0.21242,0.21324,0.21341,0.21149,0.21248,0.20792,0.20734,0.20788,0.21286,0.21374,0.2012,0.19275,0.2365,0.26524,0.23621,0.25198,0.19589,0.19094,0.46129,0.48114,0.45414,0.41781,0.073979,0.088076
-0.038158,0.025542,0.25242,0.3413,0.34341,0.31159,0.27303,0.24636,0.23144,0.22514,0.22311,0.22151,0.22011,0.21827,0.21544,0.21474,0.21242,0.21324,0.21341,0.21149,0.21248,0.20792,0.20734,0.20788,0.21286,0.21374,0.2012,0.19275,0.2365,0.26524,0.23621,0.25198,0.19589,0.19094,0.46129,0.48114,0.45414,0.41781,0.073979,0.088076
-0.038158,0.025542,0.25242,0.3413,0.34341,0.31159,0.27303,0.24636,0.23144,0.22514,0.22311,0.22151,0.22011,0.21827,0.21544,0.21474,0.21242,0.21324,0.21341,0.21149,0.21248,0.20792,0.20734,0.20788,0.21286,0.21374,0.2012,0.19275,0.2365,0.26524,0.23621,0.25198,0.19589,0.19094,0.46129,0.48114,0.45414,0.41781,0.073979,0.088076
-0.038158,0.025542,0.25242,0.3413,0.34341,0.31159,0.27303,0.24636,0.23144,0.22514,0.22311,0.22151,0.22011,0.21827,0.21544,0.21474,0.21242,0.21324,0.21341,0.21149,0.21248,0.20792,0.20734,0.20788,0.21286,0.21374,0.2012,0.19275,0.2365,0.26524,0.23621,0.25198,0.19589,0.19094,0.46129,0.48114,0.45414,0.41781,0.073979,0.088076
-0.071476,-0.020403,0.18908,0.31287,0.36028,0.36728,0.35273,0.3288,0.29896,0.26187,0.21593,0.16607,0.10358,0.04549,-0.030456,-0.09416,-0.17981,-0.23945,-0.32051,-0.36287,-0.40795,-0.4429,-0.42694,-0.47049,-0.36532,-0.50473,-0.75849,-0.75742,-0.77103,-0.59448,-0.53558,-0.28841,0.13518,0.34021,0.47381,0.50192,0.14107,0.050964,-0.059875,-0.069324
