0.042959,0.044464,0.052062,0.060463,0.067651,0.073229,0.077374,0.080728,0.083773,0.087187,0.090879,0.095657,0.10068,0.10712,0.11343,0.12128,0.12856,0.13751,0.14549,0.15532,0.16383,0.17441,0.18337,0.19466,0.20403,0.21598,0.22802,0.23825,0.2508,0.2613,0.27423,0.28492,0.29811,0.3089,0.32221,0.33302,0.34631,0.35705,0.37022,0.3808
0.049737,0.052099,0.062775,0.07133,0.078119,0.086593,0.097887,0.11257,0.12888,0.1478,0.16663,0.18826,0.20873,0.23262,0.25432,0.27978,0.30212,0.32821,0.35047,0.37624,0.39776,0.42241,0.44268,0.46564,0.48429,0.50525,0.52471,0.54099,0.55843,0.57291,0.58841,0.60122,0.61494,0.62623,0.63833,0.64827,0.65901,0.66778,0.67732,0.68509
0.066718,0.069156,0.085171,0.10515,0.12665,0.15121,0.1781,0.20881,0.24065,0.27655,0.31106,0.34883,0.38297,0.41941,0.45094,0.48395,0.51167,0.54033,0.56391,0.58815,0.60783,0.62804,0.6443,0.6611,0.67453,0.68855,0.70114,0.71154,0.72225,0.73106,0.74031,0.74791,0.75604,0.7627,0.76995,0.77588,0.78243,0.78778,0.79374,0.79861
0.079161,0.081646,0.094937,0.11946,0.15239,0.19147,0.23433,0.28173,0.32864,0.37765,0.42218,0.46678,0.505,0.54229,0.5731,0.60285,0.62692,0.6502,0.66885,0.68716,0.70177,0.71647,0.7282,0.74036,0.75008,0.76045,0.76991,0.77777,0.78609,0.793,0.80039,0.80654,0.81315,0.81867,0.8246,0.82957,0.8349,0.83939,0.84418,0.84824
0.077133,0.085033,0.13109,0.17862,0.2241,0.27534,0.32989,0.38687,0.44011,0.49135,0.53519,0.57561,0.6086,0.63875,0.66285,0.68524,0.70306,0.72021,0.7339,0.74764,0.75866,0.77014,0.77937,0.78924,0.79718,0.80579,0.81367,0.8203,0.82723,0.83308,0.83918,0.84437,0.84976,0.85437,0.85914,0.86325,0.8675,0.87119,0.875,0.87833
0.072972,0.077423,0.12391,0.19061,0.25947,0.33112,0.4002,0.46504,0.52082,0.57016,0.61015,0.64517,0.67293,0.69786,0.71766,0.73632,0.75131,0.76615,0.7782,0.79051,0.80055,0.81099,0.81952,0.82841,0.83573,0.84331,0.85018,0.85611,0.86202,0.86716,0.87228,0.87678,0.88127,0.88524,0.88923,0.89277,0.89636,0.89956,0.90284,0.90576
0.092425,0.10014,0.15607,0.23591,0.31872,0.3984,0.46901,0.53048,0.58047,0.62295,0.65653,0.68601,0.70941,0.73113,0.74865,0.76577,0.77971,0.79373,0.8052,0.81682,0.82636,0.836,0.84396,0.85194,0.85861,0.86523,0.87119,0.87641,0.88146,0.88594,0.89029,0.89418,0.89802,0.90146,0.9049,0.90798,0.91111,0.91391,0.91678,0.91934
0.099235,0.11559,0.20565,0.30583,0.3996,0.48336,0.5517,0.60588,0.6468,0.67952,0.70466,0.727,0.74502,0.76269,0.77721,0.79197,0.8041,0.81642,0.82655,0.83673,0.84517,0.85356,0.86061,0.86759,0.87354,0.87945,0.88484,0.88964,0.89438,0.8986,0.90281,0.90658,0.91039,0.91378,0.91723,0.92031,0.92345,0.92625,0.92909,0.93165
0.094218,0.11923,0.22465,0.32494,0.41954,0.50556,0.57656,0.63343,0.67655,0.71104,0.7374,0.75998,0.77796,0.79448,0.808,0.82085,0.8315,0.84174,0.85034,0.85866,0.86573,0.87265,0.87861,0.88452,0.88967,0.89487,0.89974,0.90411,0.90852,0.91247,0.91649,0.92008,0.92376,0.92705,0.93038,0.9334,0.93638,0.93915,0.94183,0.94437
0.18935,0.20309,0.29294,0.39546,0.4845,0.55877,0.61686,0.6626,0.69778,0.72742,0.75124,0.77291,0.79072,0.8074,0.82118,0.8341,0.84485,0.85491,0.8634,0.87139,0.87825,0.8848,0.89051,0.89607,0.90097,0.90581,0.91031,0.91437,0.91837,0.92198,0.92552,0.92875,0.93187,0.93477,0.93754,0.94016,0.94262,0.945,0.9472,0.94939
0.069239,0.097703,0.24135,0.37299,0.47191,0.54811,0.60521,0.64986,0.68485,0.71601,0.74177,0.76607,0.78607,0.80482,0.82017,0.83441,0.84616,0.85707,0.86623,0.87484,0.8822,0.88931,0.89543,0.90148,0.90669,0.91193,0.91674,0.92098,0.92509,0.92878,0.9323,0.93552,0.93852,0.94135,0.94394,0.94647,0.94872,0.95102,0.953,0.95514
0.18856,0.22283,0.38858,0.5265,0.61666,0.67649,0.71728,0.74808,0.77211,0.79332,0.81101,0.82733,0.84102,0.85364,0.8643,0.87415,0.88262,0.89057,0.8975,0.90417,0.91002,0.91574,0.92076,0.9257,0.93004,0.93425,0.93804,0.94153,0.94473,0.94773,0.95042,0.95303,0.95531,0.95761,0.95954,0.96162,0.96328,0.9652,0.9667,0.96855
0.17917,0.21915,0.37993,0.49634,0.57473,0.63234,0.67699,0.71578,0.74805,0.77709,0.80051,0.82105,0.83735,0.85146,0.86279,0.87277,0.88102,0.88864,0.89511,0.9014,0.9068,0.91225,0.91695,0.92171,0.92587,0.92997,0.93371,0.93722,0.94046,0.94361,0.94645,0.94934,0.95184,0.95454,0.95676,0.95933,0.96136,0.96386,0.96575,0.9682
0.17447,0.22744,0.4078,0.5232,0.60172,0.65928,0.70238,0.7378,0.7667,0.79208,0.81288,0.83108,0.84598,0.85897,0.86981,0.87944,0.88768,0.8953,0.90192,0.90823,0.91374,0.91905,0.92373,0.92816,0.93217,0.93589,0.93927,0.94252,0.94539,0.94828,0.95074,0.95339,0.95554,0.95805,0.96004,0.96253,0.96439,0.96689,0.96861,0.97105
0.078491,0.12258,0.33572,0.49696,0.59372,0.65911,0.70639,0.74452,0.77497,0.80115,0.82219,0.84043,0.85525,0.86833,0.87925,0.88923,0.89776,0.90585,0.91279,0.91953,0.92534,0.9309,0.93583,0.94042,0.94466,0.9485,0.95199,0.95546,0.9584,0.96149,0.96396,0.96673,0.96885,0.97138,0.97318,0.97547,0.97693,0.97894,0.98028,0.98198
0.14083,0.20312,0.44205,0.59108,0.67628,0.73214,0.77117,0.80113,0.82436,0.84361,0.85908,0.87218,0.883,0.89238,0.90034,0.90754,0.91373,0.91957,0.92462,0.92942,0.93364,0.93762,0.94123,0.94458,0.94775,0.95064,0.95332,0.95619,0.95866,0.96156,0.96399,0.96704,0.96947,0.97264,0.9749,0.97795,0.98008,0.98277,0.9847,0.98689
0.13373,0.21229,0.45996,0.59671,0.67388,0.72636,0.76619,0.79899,0.82512,0.84652,0.86336,0.87723,0.88845,0.89804,0.90607,0.91317,0.91916,0.92455,0.92908,0.93309,0.93652,0.93947,0.94209,0.94432,0.94647,0.94827,0.94993,0.95188,0.95355,0.95574,0.95759,0.96011,0.96209,0.96479,0.96692,0.96955,0.97168,0.97403,0.97573,0.97755
0.13905,0.20455,0.41219,0.53578,0.61725,0.67931,0.72836,0.76863,0.80015,0.82561,0.84544,0.86188,0.87523,0.88717,0.89719,0.90668,0.91472,0.9223,0.9289,0.93494,0.94045,0.94535,0.9501,0.95418,0.95844,0.96188,0.96512,0.96882,0.97167,0.9751,0.97751,0.98052,0.98268,0.98516,0.98709,0.98901,0.99036,0.9916,0.9927,0.99334
0.14953,0.20625,0.37659,0.48403,0.57209,0.6495,0.71215,0.76178,0.79877,0.82734,0.84887,0.86644,0.88046,0.89294,0.90323,0.91269,0.92067,0.92782,0.9341,0.93956,0.94463,0.94888,0.95314,0.9565,0.9602,0.96296,0.96555,0.96862,0.97082,0.97352,0.9756,0.9779,0.97985,0.98173,0.98321,0.98451,0.98591,0.98675,0.9882,0.98879
0.17241,0.22926,0.40854,0.51078,0.58807,0.65775,0.71639,0.76436,0.80101,0.82972,0.85157,0.86925,0.8832,0.89504,0.90459,0.91263,0.91936,0.9249,0.92983,0.93388,0.93784,0.94109,0.94468,0.94767,0.95138,0.9544,0.95751,0.96141,0.96471,0.9685,0.9717,0.97499,0.97756,0.97996,0.98219,0.98379,0.98573,0.98676,0.98838,0.98907
0.19768,0.24948,0.40252,0.49351,0.57607,0.65612,0.72274,0.77528,0.81292,0.84079,0.86073,0.87644,0.88834,0.89874,0.90693,0.91425,0.92031,0.92561,0.93035,0.93444,0.93852,0.94199,0.94597,0.94927,0.95347,0.95677,0.9601,0.96409,0.96723,0.97063,0.97323,0.97568,0.97776,0.97929,0.98134,0.98233,0.98408,0.98475,0.98612,0.98655
0.16265,0.22159,0.38419,0.4588,0.52566,0.60052,0.66943,0.72831,0.77284,0.80853,0.83546,0.85846,0.87648,0.89231,0.90522,0.91635,0.92598,0.93412,0.94167,0.94791,0.95411,0.95906,0.96436,0.96836,0.97299,0.97616,0.97941,0.98284,0.9856,0.98824,0.99032,0.99201,0.99373,0.9947,0.99599,0.99647,0.99751,0.99775,0.99814,0.99805
0.25424,0.29446,0.46778,0.59058,0.68149,0.75391,0.80673,0.8444,0.87108,0.89137,0.90703,0.91996,0.93042,0.939,0.94611,0.95171,0.95654,0.96014,0.96348,0.96583,0.9683,0.97009,0.97229,0.9739,0.97603,0.97797,0.98008,0.98207,0.98403,0.98562,0.9873,0.98844,0.98985,0.99066,0.99183,0.99244,0.99301,0.99325,0.99383,0.99375
0.32087,0.34765,0.46978,0.57251,0.6605,0.73423,0.78897,0.82841,0.85641,0.87789,0.89443,0.90836,0.91952,0.92897,0.93678,0.94319,0.94886,0.95335,0.95784,0.96127,0.96521,0.96812,0.97169,0.97411,0.97701,0.97919,0.98122,0.98289,0.98467,0.98575,0.98726,0.988,0.98919,0.98972,0.99064,0.991,0.99168,0.99184,0.99264,0.9927
0.32087,0.34765,0.46978,0.57251,0.6605,0.73423,0.78897,0.82841,0.85641,0.87789,0.89443,0.90836,0.91952,0.92897,0.93678,0.94319,0.94886,0.95335,0.95784,0.96127,0.96521,0.96812,0.97169,0.97411,0.97701,0.97919,0.98122,0.98289,0.98467,0.98575,0.98726,0.988,0.98919,0.98972,0.99064,0.991,0.99168,0.99184,0.99264,0.9927
0.3698,0.38853,0.49147,0.58947,0.67446,0.7418,0.79001,0.82471,0.84967,0.86963,0.88519,0.89824,0.90894,0.9178,0.92567,0.93232,0.93902,0.9449,0.95168,0.95745,0.96457,0.96993,0.97632,0.98081,0.98546,0.98834,0.99119,0.99299,0.99501,0.9958,0.99709,0.99727,0.99794,0.99757,0.99873,0.99832,0.99827,0.9972,0.99801,0.99666
0.3698,0.38853,0.49147,0.58947,0.67446,0.7418,0.79001,0.82471,0.84967,0.86963,0.88519,0.89824,0.90894,0.9178,0.92567,0.93232,0.93902,0.9449,0.95168,0.95745,0.96457,0.96993,0.97632,0.98081,0.98546,0.98834,0.99119,0.99299,0.99501,0.9958,0.99709,0.99727,0.99794,0.99757,0.99873,0.99832,0.99827,0.9972,0.99801,0.99666
0.57309,0.59836,0.68815,0.74788,0.79357,0.82941,0.85652,0.87754,0.89393,0.90728,0.91782,0.9263,0.93313,0.93855,0.94332,0.94712,0.95119,0.95464,0.95916,0.96307,0.96807,0.97234,0.9768,0.98022,0.98299,0.98598,0.98851,0.98979,0.99135,0.99186,0.9931,0.99314,0.99425,0.99397,0.99456,0.99374,0.99566,0.99511,0.99457,0.99272
0.57309,0.59836,0.68815,0.74788,0.79357,0.82941,0.85652,0.87754,0.89393,0.90728,0.91782,0.9263,0.93313,0.93855,0.94332,0.94712,0.95119,0.95464,0.95916,0.96307,0.96807,0.97234,0.9768,0.98022,0.98299,0.98598,0.98851,0.98979,0.99135,0.99186,0.9931,0.99314,0.99425,0.99397,0.99456,0.99374,0.99566,0.99511,0.99457,0.99272
0.57309,0.59836,0.68815,0.74788,0.79357,0.82941,0.85652,0.87754,0.89393,0.90728,0.91782,0.9263,0.93313,0.93855,0.94332,0.94712,0.95119,0.95464,0.95916,0.96307,0.96807,0.97234,0.9768,0.98022,0.98299,0.98598,0.98851,0.98979,0.99135,0.99186,0.9931,0.99314,0.99425,0.99397,0.99456,0.99374,0.99566,0.99511,0.99457,0.99272
0.33982,0.37943,0.56028,0.67115,0.73892,0.78954,0.8282,0.85958,0.88414,0.90415,0.9198,0.93187,0.94189,0.94939,0.95643,0.96168,0.96741,0.97179,0.97667,0.98085,0.98457,0.98776,0.98981,0.99228,0.99321,0.99494,0.99581,0.99577,0.99694,0.99672,0.99702,0.99616,0.99755,0.99674,0.99669,0.99481,0.99363,0.98909,0.99054,0.98375
0.33982,0.37943,0.56028,0.67115,0.73892,0.78954,0.8282,0.85958,0.88414,0.90415,0.9198,0.93187,0.94189,0.94939,0.95643,0.96168,0.96741,0.97179,0.97667,0.98085,0.98457,0.98776,0.98981,0.99228,0.99321,0.99494,0.99581,0.99577,0.99694,0.99672,0.99702,0.99616,0.99755,0.99674,0.99669,0.99481,0.99363,0.98909,0.99054,0.98375
0.33982,0.37943,0.56028,0.67115,0.73892,0.78954,0.8282,0.85958,0.88414,0.90415,0.9198,0.93187,0.94189,0.94939,0.95643,0.96168,0.96741,0.97179,0.97667,0.98085,0.98457,0.98776,0.98981,0.99228,0.99321,0.99494,0.99581,0.99577,0.99694,0.99672,0.99702,0.99616,0.99755,0.99674,0.99669,0.99481,0.99363,0.98909,0.99054,0.98375
0.48496,0.51223,0.62665,0.71099,0.77204,0.81631,0.84648,0.86859,0.88489,0.89858,0.90971,0.91946,0.92849,0.93679,0.94571,0.95369,0.96246,0.96918,0.97567,0.98026,0.98364,0.98689,0.98837,0.99073,0.99135,0.99309,0.99406,0.99433,0.99449,0.994,0.99478,0.99398,0.99517,0.99432,0.99385,0.99138,0.991,0.98544,0.98551,0.97564
0.34504,0.42429,0.59844,0.66017,0.71534,0.77091,0.81795,0.85603,0.88468,0.90671,0.92438,0.93844,0.9509,0.96075,0.96998,0.97679,0.98304,0.98762,0.99112,0.99393,0.99545,0.99707,0.99761,0.99826,0.99813,0.99853,0.999,0.99861,0.99926,0.99891,0.99884,0.9979,0.99682,0.99387,0.99636,0.99322,0.99776,0.99583,0.98904,0.97945
0.34504,0.42429,0.59844,0.66017,0.71534,0.77091,0.81795,0.85603,0.88468,0.90671,0.92438,0.93844,0.9509,0.96075,0.96998,0.97679,0.98304,0.98762,0.99112,0.99393,0.99545,0.99707,0.99761,0.99826,0.99813,0.99853,0.999,0.99861,0.99926,0.99891,0.99884,0.9979,0.99682,0.99387,0.99636,0.99322,0.99776,0.99583,0.98904,0.97945
0.34504,0.42429,0.59844,0.66017,0.71534,0.77091,0.81795,0.85603,0.88468,0.90671,0.92438,0.93844,0.9509,0.96075,0.96998,0.97679,0.98304,0.98762,0.99112,0.99393,0.99545,0.99707,0.99761,0.99826,0.99813,0.99853,0.999,0.99861,0.99926,0.99891,0.99884,0.9979,0.99682,0.99387,0.99636,0.99322,0.99776,0.99583,0.98904,0.97945
0.17383,0.26827,0.48424,0.57906,0.65929,0.73044,0.78545,0.82773,0.8588,0.88331,0.90391,0.92175,0.9393,0.95379,0.96799,0.97748,0.98556,0.99036,0.99328,0.99606,0.99677,0.99826,0.99807,0.99919,0.99876,0.99863,0.99892,0.99767,0.99887,0.99758,0.99668,0.99293,0.99311,0.98537,0.98906,0.9784,0.98975,0.9821,0.96441,0.94414
0.17383,0.26827,0.48424,0.57906,0.65929,0.73044,0.78545,0.82773,0.8588,0.88331,0.90391,0.92175,0.9393,0.95379,0.96799,0.97748,0.98556,0.99036,0.99328,0.99606,0.99677,0.99826,0.99807,0.99919,0.99876,0.99863,0.99892,0.99767,0.99887,0.99758,0.99668,0.99293,0.99311,0.98537,0.98906,0.9784,0.98975,0.9821,0.96441,0.94414
0.073036,0.18714,0.53044,0.71949,0.81638,0.87171,0.90581,0.92766,0.94188,0.95069,0.9564,0.95993,0.96282,0.9657,0.96912,0.97319,0.97716,0.98091,0.98394,0.98676,0.98885,0.99041,0.99147,0.99316,0.99393,0.99474,0.99539,0.99535,0.9955,0.99419,0.99497,0.99234,0.99557,0.9928,0.98923,0.97988,0.98639,0.97706,0.97685,0.96316
