-0.00056063,-0.00076546,-0.0017139,-0.001171,0.0020329,0.0071425,0.013183,0.019636,0.02591,0.03209,0.037753,0.043316,0.048293,0.05326,0.057622,0.062077,0.065926,0.06997,0.073416,0.077152,0.080294,0.083804,0.086716,0.09006,0.092797,0.096012,0.099123,0.10173,0.10476,0.10726,0.11023,0.11265,0.11555,0.1179,0.12075,0.12304,0.12584,0.12806,0.1308,0.13296
-0.0021772,-0.0001403,0.011244,0.023227,0.033778,0.043811,0.053061,0.0616,0.06916,0.076341,0.082665,0.089051,0.094644,0.10063,0.10579,0.11155,0.11643,0.122,0.12662,0.13198,0.13634,0.14145,0.14555,0.15041,0.15426,0.15888,0.16327,0.16689,0.17107,0.17447,0.17842,0.18163,0.18535,0.18836,0.19186,0.19467,0.19795,0.20057,0.20364,0.20609
-0.0036237,-0.0026445,0.0082063,0.02548,0.042026,0.056891,0.069484,0.080331,0.08952,0.098238,0.10594,0.11397,0.12105,0.12873,0.13533,0.14262,0.14875,0.15558,0.16122,0.16756,0.1727,0.17849,0.18315,0.18839,0.19257,0.19728,0.20164,0.20527,0.20922,0.21249,0.2161,0.21908,0.22243,0.22518,0.22834,0.23092,0.23393,0.23637,0.23927,0.24161
0.0052991,0.010486,0.038193,0.06185,0.07761,0.091126,0.10332,0.11491,0.12531,0.13557,0.1446,0.15375,0.16162,0.16981,0.1767,0.18397,0.19,0.19638,0.20161,0.20717,0.2117,0.21657,0.22054,0.22488,0.22841,0.23237,0.23613,0.2393,0.24287,0.24585,0.24928,0.25212,0.25547,0.2582,0.26148,0.26412,0.26734,0.26988,0.27302,0.27546
0.0001214,0.0094203,0.048739,0.072373,0.08438,0.094712,0.10526,0.11665,0.12761,0.13886,0.14891,0.15905,0.16774,0.17649,0.18382,0.19121,0.19736,0.20364,0.20885,0.21432,0.21885,0.22379,0.22786,0.23245,0.2362,0.24057,0.24479,0.24832,0.2524,0.25575,0.25969,0.26287,0.26664,0.26962,0.27316,0.27592,0.27917,0.28168,0.28459,0.28683
0.014239,0.023719,0.064915,0.094508,0.11382,0.12984,0.14379,0.15669,0.16803,0.17883,0.18811,0.19701,0.20451,0.21177,0.21788,0.224,0.22917,0.23464,0.23925,0.24437,0.24866,0.25362,0.25768,0.26254,0.26643,0.27116,0.2757,0.27939,0.28367,0.28708,0.29101,0.29409,0.29757,0.30027,0.30324,0.30553,0.30797,0.30985,0.31175,0.31321
0.016846,0.025829,0.065995,0.096487,0.11734,0.13528,0.15134,0.16637,0.17963,0.19202,0.20254,0.21229,0.22045,0.22818,0.2347,0.24121,0.24673,0.25256,0.25747,0.26294,0.26744,0.27264,0.2768,0.28171,0.28551,0.28999,0.29406,0.29728,0.30072,0.3034,0.30613,0.30824,0.31024,0.3118,0.31309,0.31412,0.31478,0.31533,0.31541,0.31554
0.036299,0.042605,0.073935,0.10069,0.12097,0.13901,0.15526,0.17035,0.1835,0.19545,0.20544,0.21456,0.22218,0.22949,0.23566,0.24202,0.2474,0.25326,0.2581,0.26352,0.26785,0.27268,0.2764,0.2804,0.28341,0.28643,0.28881,0.29064,0.29203,0.29309,0.29359,0.29396,0.29368,0.29347,0.29252,0.29183,0.29031,0.2892,0.28718,0.28571
0.0075515,0.017235,0.058353,0.088191,0.11024,0.13039,0.14881,0.16559,0.17996,0.19265,0.2033,0.21313,0.2215,0.22987,0.23704,0.24474,0.25122,0.25844,0.26431,0.27085,0.27599,0.28151,0.28576,0.29002,0.29325,0.29617,0.29833,0.30002,0.30099,0.30178,0.30172,0.30172,0.30078,0.30014,0.29844,0.29724,0.29487,0.2932,0.29022,0.28812
0.05755,0.067586,0.11465,0.14972,0.17442,0.19572,0.21361,0.22807,0.23929,0.24828,0.25554,0.26202,0.26758,0.27308,0.2778,0.28258,0.28648,0.29022,0.29308,0.2954,0.29701,0.29771,0.29804,0.29718,0.29634,0.29413,0.29133,0.28901,0.28524,0.28223,0.27765,0.27408,0.26878,0.26472,0.25871,0.25419,0.24749,0.24252,0.23512,0.22972
0.063343,0.071346,0.10853,0.13979,0.16451,0.18542,0.20216,0.21539,0.22587,0.23503,0.24294,0.25096,0.25808,0.26579,0.27237,0.27937,0.28503,0.29061,0.2949,0.29862,0.30135,0.30319,0.30447,0.30468,0.30475,0.30366,0.30201,0.3007,0.29812,0.29614,0.29273,0.29018,0.28595,0.28288,0.27784,0.27426,0.2684,0.26431,0.25766,0.25307
0.08091,0.08735,0.11317,0.13568,0.15528,0.1727,0.18745,0.20014,0.2111,0.22161,0.23106,0.2409,0.24955,0.25868,0.26627,0.27398,0.28004,0.2857,0.28995,0.29338,0.29585,0.29724,0.29818,0.29789,0.29759,0.29594,0.29367,0.2919,0.28858,0.28606,0.28181,0.27866,0.27355,0.26984,0.26395,0.25973,0.25313,0.24846,0.2413,0.23625
0.06744,0.08264,0.14161,0.17585,0.19697,0.21308,0.22553,0.23558,0.24392,0.2517,0.2585,0.26523,0.2707,0.27562,0.27909,0.28131,0.28242,0.28188,0.28086,0.27805,0.2754,0.27084,0.26698,0.26093,0.25606,0.24853,0.24022,0.2335,0.22356,0.21572,0.20413,0.19516,0.18204,0.17201,0.15759,0.14664,0.13123,0.11956,0.10342,0.091229
0.054119,0.061587,0.10354,0.14516,0.17971,0.20732,0.22776,0.24259,0.25355,0.26224,0.26909,0.27511,0.27975,0.28359,0.2862,0.28747,0.28795,0.28666,0.28524,0.2818,0.27886,0.2737,0.26955,0.26284,0.25762,0.24937,0.24042,0.23333,0.22294,0.21488,0.20322,0.1943,0.18168,0.1721,0.15885,0.14886,0.13532,0.12515,0.1118,0.10173
0.040714,0.053053,0.10518,0.14003,0.16217,0.17976,0.19474,0.20874,0.22153,0.23425,0.24527,0.2556,0.26376,0.27042,0.27516,0.27792,0.27951,0.27887,0.27792,0.27444,0.27143,0.26549,0.26073,0.2525,0.24616,0.23578,0.2245,0.2156,0.20246,0.19226,0.17752,0.16619,0.15007,0.13777,0.1206,0.10751,0.089804,0.076186,0.058375,0.044494
0.077379,0.085685,0.12951,0.16737,0.19523,0.21614,0.23199,0.24496,0.25573,0.26535,0.27304,0.27916,0.2833,0.28509,0.28554,0.28327,0.28067,0.27527,0.27046,0.26272,0.2563,0.24659,0.23882,0.2273,0.21833,0.2051,0.1913,0.18035,0.16535,0.15362,0.13783,0.12559,0.10949,0.097081,0.081329,0.069117,0.05424,0.042563,0.028935,0.01803
0.068099,0.078768,0.12492,0.15641,0.17665,0.19311,0.20784,0.22228,0.23578,0.2493,0.26099,0.27185,0.28034,0.28719,0.29203,0.29478,0.29635,0.29556,0.29444,0.29057,0.28721,0.28059,0.27531,0.26618,0.25921,0.2479,0.23583,0.22635,0.21281,0.20229,0.18777,0.17657,0.16184,0.1504,0.13611,0.12485,0.11149,0.10072,0.088626,0.078554
0.077405,0.091585,0.13947,0.16961,0.18924,0.20421,0.21725,0.23014,0.24197,0.25301,0.2618,0.2684,0.27279,0.27447,0.27494,0.2727,0.27033,0.2651,0.26066,0.25287,0.24669,0.23649,0.22875,0.2163,0.2071,0.19273,0.17784,0.16637,0.15027,0.13798,0.12143,0.10874,0.092404,0.07973,0.064175,0.051831,0.037483,0.025707,0.012696,0.0016215
0.073983,0.088364,0.15507,0.20196,0.22845,0.24629,0.25972,0.27023,0.27767,0.28168,0.28286,0.28026,0.2762,0.26854,0.26097,0.24966,0.23955,0.22474,0.21211,0.19339,0.17802,0.15525,0.13705,0.11061,0.089807,0.060371,0.030394,0.0057043,-0.025774,-0.051684,-0.08363,-0.1101,-0.14154,-0.16798,-0.19804,-0.22393,-0.25208,-0.277,-0.30288,-0.32649
0.077365,0.093078,0.15313,0.19673,0.22447,0.24266,0.25523,0.26432,0.27029,0.2726,0.27218,0.26767,0.26198,0.25255,0.24356,0.23072,0.21943,0.20313,0.18942,0.16909,0.15257,0.12802,0.10857,0.080297,0.058186,0.02705,-0.0042659,-0.030054,-0.062243,-0.088872,-0.12085,-0.1476,-0.17828,-0.20454,-0.23325,-0.25851,-0.2849,-0.30881,-0.33256,-0.35483
0.042666,0.061054,0.12796,0.16977,0.1953,0.21422,0.22934,0.2415,0.25014,0.25458,0.25596,0.25298,0.24872,0.24031,0.23202,0.21869,0.20652,0.18756,0.17108,0.14611,0.1252,0.094684,0.069683,0.034541,0.0060685,-0.03247,-0.070999,-0.10388,-0.14339,-0.17736,-0.21636,-0.25054,-0.28798,-0.32161,-0.35674,-0.38918,-0.42144,-0.45214,-0.48122,-0.50973
0.06168,0.083164,0.16166,0.20774,0.23048,0.2435,0.25191,0.25736,0.25969,0.25785,0.2536,0.24533,0.23682,0.22453,0.21341,0.1972,0.18314,0.16201,0.14437,0.11817,0.096965,0.066648,0.042614,0.0096866,-0.016149,-0.049752,-0.081981,-0.10884,-0.13939,-0.16529,-0.19328,-0.21763,-0.24264,-0.26507,-0.2869,-0.30714,-0.32578,-0.34365,-0.3591,-0.37448
0.080279,0.095821,0.14528,0.17972,0.2089,0.23457,0.25528,0.26992,0.27815,0.27956,0.27698,0.26904,0.26016,0.24647,0.23368,0.21489,0.19844,0.17412,0.15369,0.12378,0.099249,0.064214,0.035779,-0.0034509,-0.035292,-0.077188,-0.11857,-0.15472,-0.19635,-0.23353,-0.27421,-0.31152,-0.35017,-0.38667,-0.42246,-0.45728,-0.48951,-0.52187,-0.54999,-0.57927
0.097778,0.10566,0.16077,0.2047,0.2302,0.2479,0.26022,0.26689,0.26861,0.26426,0.25766,0.24671,0.2362,0.22141,0.20817,0.18865,0.17177,0.14647,0.12533,0.094582,0.06952,0.034678,0.0066638,-0.030091,-0.059659,-0.096142,-0.1305,-0.16033,-0.19215,-0.2205,-0.24904,-0.27529,-0.30022,-0.32392,-0.3451,-0.36597,-0.38335,-0.40121,-0.41493,-0.42971
0.039478,0.058514,0.13888,0.18833,0.21367,0.22999,0.24133,0.24792,0.25008,0.24665,0.24095,0.23096,0.22106,0.20665,0.19349,0.17389,0.15682,0.13172,0.1108,0.081387,0.05763,0.025992,0.00089517,-0.030424,-0.055299,-0.084367,-0.11079,-0.13351,-0.15647,-0.17678,-0.19608,-0.21373,-0.22941,-0.24425,-0.25642,-0.26838,-0.27718,-0.28627,-0.29197,-0.29828
0.20667,0.20543,0.21103,0.22203,0.23398,0.24831,0.26087,0.26754,0.26844,0.2625,0.25384,0.23925,0.22433,0.20209,0.18122,0.1509,0.12399,0.086097,0.053653,0.0095834,-0.027382,-0.075309,-0.11528,-0.16444,-0.20582,-0.25365,-0.29867,-0.33975,-0.38137,-0.42035,-0.45774,-0.49375,-0.52637,-0.55876,-0.58626,-0.61454,-0.63694,-0.66084,-0.67848,-0.69804
0.13444,0.14519,0.18427,0.20872,0.22756,0.24542,0.25956,0.2678,0.27078,0.26772,0.26201,0.25076,0.23915,0.22096,0.20433,0.1797,0.15852,0.1286,0.10374,0.0703,0.043033,0.0086221,-0.019447,-0.052561,-0.080092,-0.11026,-0.13774,-0.16277,-0.18665,-0.20909,-0.2292,-0.24872,-0.26504,-0.28147,-0.29415,-0.30749,-0.31694,-0.32741,-0.3341,-0.34203
0.11863,0.13438,0.18586,0.21608,0.23632,0.25337,0.26642,0.27403,0.27649,0.27252,0.2656,0.25228,0.23858,0.21804,0.19938,0.17376,0.15203,0.1241,0.10151,0.074596,0.05345,0.030311,0.012216,-0.0058025,-0.020241,-0.033341,-0.043998,-0.053235,-0.060354,-0.066697,-0.070929,-0.074779,-0.076595,-0.078281,-0.078101,-0.077928,-0.076088,-0.074331,-0.071252,-0.068203
0.15494,0.16538,0.2164,0.24816,0.2648,0.27722,0.28628,0.29164,0.29361,0.29136,0.28678,0.27653,0.26531,0.24669,0.2292,0.20385,0.18189,0.15291,0.12904,0.10032,0.077272,0.052112,0.031855,0.011865,-0.0047395,-0.019564,-0.031718,-0.042655,-0.050759,-0.058282,-0.062861,-0.067254,-0.068719,-0.070245,-0.069077,-0.068039,-0.064632,-0.061327,-0.056272,-0.051065
0.12786,0.14317,0.19127,0.21929,0.24224,0.26152,0.27447,0.27981,0.27934,0.27216,0.26209,0.24508,0.22743,0.20101,0.17623,0.14095,0.10949,0.066648,0.029332,-0.018582,-0.060306,-0.11023,-0.1546,-0.20374,-0.24881,-0.29491,-0.33771,-0.37986,-0.41739,-0.45523,-0.48637,-0.51865,-0.54312,-0.56933,-0.58759,-0.60793,-0.62104,-0.63623,-0.64548,-0.65656
0.12616,0.14391,0.19243,0.21828,0.23619,0.24932,0.25554,0.25336,0.24602,0.23187,0.21594,0.19228,0.16902,0.1364,0.10692,0.068092,0.035103,-0.0052971,-0.03838,-0.075795,-0.10628,-0.13787,-0.16425,-0.18939,-0.21114,-0.23002,-0.24565,-0.26013,-0.27043,-0.2803,-0.28585,-0.29143,-0.29292,-0.29467,-0.29299,-0.2915,-0.28745,-0.28337,-0.27771,-0.27161
0.12616,0.14391,0.19243,0.21828,0.23619,0.24932,0.25554,0.25336,0.24602,0.23187,0.21594,0.19228,0.16902,0.1364,0.10692,0.068092,0.035103,-0.0052971,-0.03838,-0.075795,-0.10628,-0.13787,-0.16425,-0.18939,-0.21114,-0.23002,-0.24565,-0.26013,-0.27043,-0.2803,-0.28585,-0.29143,-0.29292,-0.29467,-0.29299,-0.2915,-0.28745,-0.28337,-0.27771,-0.27161
0.11582,0.12208,0.14971,0.17875,0.20765,0.22913,0.23932,0.23787,0.22998,0.2139,0.19581,0.16819,0.14093,0.10159,0.064944,0.014654,-0.030909,-0.089514,-0.14246,-0.20546,-0.26343,-0.32692,-0.387,-0.44733,-0.50623,-0.56027,-0.60951,-0.66018,-0.70071,-0.74356,-0.77508,-0.80943,-0.83291,-0.85916,-0.876,-0.89517,-0.90709,-0.92045,-0.92926,-0.93813
0.11582,0.12208,0.14971,0.17875,0.20765,0.22913,0.23932,0.23787,0.22998,0.2139,0.19581,0.16819,0.14093,0.10159,0.064944,0.014654,-0.030909,-0.089514,-0.14246,-0.20546,-0.26343,-0.32692,-0.387,-0.44733,-0.50623,-0.56027,-0.60951,-0.66018,-0.70071,-0.74356,-0.77508,-0.80943,-0.83291,-0.85916,-0.876,-0.89517,-0.90709,-0.92045,-0.92926,-0.93813
0.14045,0.15462,0.20928,0.249,0.27531,0.29004,0.29505,0.29131,0.2829,0.26703,0.24967,0.22393,0.19958,0.16628,0.13709,0.099927,0.06865,0.032017,0.0011771,-0.031918,-0.060724,-0.089168,-0.11502,-0.1386,-0.16094,-0.1797,-0.19602,-0.21262,-0.22505,-0.23832,-0.24785,-0.25859,-0.26619,-0.27531,-0.28188,-0.29026,-0.29681,-0.30535,-0.31228,-0.32165
0.14045,0.15462,0.20928,0.249,0.27531,0.29004,0.29505,0.29131,0.2829,0.26703,0.24967,0.22393,0.19958,0.16628,0.13709,0.099927,0.06865,0.032017,0.0011771,-0.031918,-0.060724,-0.089168,-0.11502,-0.1386,-0.16094,-0.1797,-0.19602,-0.21262,-0.22505,-0.23832,-0.24785,-0.25859,-0.26619,-0.27531,-0.28188,-0.29026,-0.29681,-0.30535,-0.31228,-0.32165
0.083891,0.09831,0.16411,0.21067,0.24014,0.25847,0.26615,0.26371,0.25592,0.24044,0.22355,0.199,0.1764,0.14693,0.12232,0.093561,0.070669,0.046891,0.027689,0.0096764,-0.0055985,-0.018705,-0.030387,-0.039434,-0.047854,-0.053426,-0.05748,-0.061571,-0.063161,-0.06504,-0.064962,-0.065257,-0.064091,-0.063335,-0.061522,-0.06006,-0.058142,-0.056266,-0.054481,-0.052377
-0.031511,0.019978,0.18605,0.25503,0.27871,0.28421,0.28204,0.27973,0.27774,0.26892,0.25384,0.22318,0.18901,0.14038,0.094348,0.038696,-0.011476,-0.066665,-0.11689,-0.16829,-0.21671,-0.26265,-0.30788,-0.34685,-0.38712,-0.41775,-0.44398,-0.47195,-0.48902,-0.50729,-0.51522,-0.52312,-0.52327,-0.52115,-0.51622,-0.50545,-0.4973,-0.4792,-0.47051,-0.44675
0.36489,0.34632,0.29561,0.29401,0.29713,0.28534,0.26564,0.24311,0.22012,0.18918,0.15594,0.11169,0.068885,0.017446,-0.029111,-0.080132,-0.12542,-0.17103,-0.21198,-0.2497,-0.28442,-0.31286,-0.33997,-0.35849,-0.37706,-0.3863,-0.39216,-0.39798,-0.39747,-0.39656,-0.39181,-0.38565,-0.37849,-0.36841,-0.36016,-0.34721,-0.33901,-0.32414,-0.31664,-0.30078
0.36489,0.34632,0.29561,0.29401,0.29713,0.28534,0.26564,0.24311,0.22012,0.18918,0.15594,0.11169,0.068885,0.017446,-0.029111,-0.080132,-0.12542,-0.17103,-0.21198,-0.2497,-0.28442,-0.31286,-0.33997,-0.35849,-0.37706,-0.3863,-0.39216,-0.39798,-0.39747,-0.39656,-0.39181,-0.38565,-0.37849,-0.36841,-0.36016,-0.34721,-0.33901,-0.32414,-0.31664,-0.30078
