0.079442,0.085064,0.12285,0.17755,0.23631,0.2947,0.34779,0.39554,0.436,0.47224,0.50223,0.52964,0.55213,0.57344,0.59096,0.60835,0.6227,0.63762,0.64993,0.66317,0.67404,0.68596,0.69568,0.70642,0.7151,0.72473,0.73361,0.74103,0.74893,0.75549,0.76249,0.76828,0.77447,0.77958,0.78507,0.78959,0.79446,0.79846,0.8028,0.80635
0.1167,0.13969,0.26949,0.38886,0.47302,0.53612,0.58344,0.62076,0.65027,0.67611,0.6975,0.7174,0.73389,0.74949,0.76225,0.77443,0.78429,0.79382,0.80148,0.809,0.81501,0.82104,0.82582,0.83071,0.83456,0.8386,0.84221,0.84513,0.84818,0.85062,0.85323,0.8553,0.85759,0.85938,0.86141,0.86297,0.86481,0.86619,0.86785,0.86908
0.21848,0.2606,0.42948,0.53771,0.60018,0.64456,0.67904,0.70797,0.73155,0.75173,0.76785,0.78179,0.79283,0.80262,0.81035,0.81741,0.82296,0.82819,0.83229,0.83628,0.83938,0.84255,0.84496,0.84756,0.8495,0.85166,0.85354,0.85494,0.85637,0.85738,0.85831,0.85892,0.8593,0.85947,0.85927,0.85896,0.85814,0.85734,0.85588,0.85457
0.21232,0.26982,0.47677,0.59433,0.65947,0.70612,0.74121,0.7684,0.78907,0.80575,0.81864,0.82958,0.83812,0.84575,0.85171,0.85738,0.86178,0.86627,0.8697,0.87338,0.87612,0.87907,0.88118,0.88331,0.88475,0.88597,0.88664,0.88696,0.88666,0.88618,0.88488,0.88356,0.88123,0.87901,0.8756,0.87242,0.86789,0.86365,0.85796,0.85256
0.35902,0.40025,0.55006,0.6459,0.70808,0.7536,0.78591,0.80888,0.82505,0.83735,0.8464,0.85399,0.85975,0.86503,0.86903,0.87289,0.87573,0.87835,0.88011,0.88136,0.88195,0.88168,0.88101,0.87917,0.87716,0.87367,0.86938,0.865,0.85901,0.85294,0.84513,0.83717,0.8274,0.81729,0.80544,0.79288,0.77885,0.76355,0.74726,0.72895
0.41684,0.45661,0.58973,0.67149,0.72093,0.75354,0.77507,0.78964,0.79952,0.80673,0.81183,0.81598,0.8189,0.82121,0.82251,0.82282,0.82228,0.82021,0.81758,0.81289,0.80795,0.80047,0.79299,0.78252,0.77214,0.75851,0.74359,0.72783,0.70957,0.68987,0.66825,0.64423,0.61931,0.59072,0.56282,0.52964,0.49949,0.46213,0.43091,0.39042
0.44647,0.48711,0.63365,0.72081,0.76602,0.79391,0.81253,0.82622,0.83641,0.84489,0.85134,0.85695,0.86091,0.86383,0.86523,0.86489,0.86327,0.85921,0.85415,0.8461,0.83714,0.82482,0.81139,0.79441,0.7757,0.75374,0.72976,0.7016,0.67247,0.63722,0.60327,0.56083,0.52325,0.47466,0.43563,0.3834,0.34551,0.29314,0.25919,0.21046
0.56243,0.58534,0.66778,0.7253,0.7613,0.78492,0.80062,0.81152,0.81892,0.8242,0.82739,0.82871,0.82822,0.8251,0.82043,0.81245,0.80327,0.79036,0.77636,0.75856,0.73946,0.71701,0.69265,0.66626,0.63694,0.60791,0.57876,0.54488,0.51611,0.48175,0.456,0.42418,0.40371,0.37737,0.36375,0.34505,0.33874,0.32871,0.32844,0.3267
0.55844,0.58488,0.67661,0.72961,0.75748,0.77497,0.78648,0.79455,0.7998,0.80261,0.80293,0.80001,0.79487,0.7858,0.77494,0.75963,0.74265,0.72107,0.6974,0.66977,0.63905,0.60628,0.5688,0.53263,0.48975,0.45328,0.4183,0.37549,0.34556,0.30784,0.28624,0.25792,0.24669,0.23075,0.2286,0.22551,0.2298,0.23816,0.24553,0.26282
0.56611,0.5989,0.71774,0.78312,0.81409,0.83251,0.84441,0.85256,0.85755,0.85958,0.85865,0.85384,0.84621,0.834,0.81898,0.79901,0.77565,0.74776,0.71514,0.67988,0.63782,0.5971,0.5473,0.50539,0.4526,0.4152,0.38063,0.33869,0.31435,0.28495,0.27082,0.25541,0.24874,0.24589,0.24319,0.25032,0.24837,0.26239,0.25877,0.27627
0.54838,0.59,0.70457,0.75066,0.76848,0.7771,0.78143,0.78258,0.78067,0.77469,0.7657,0.7522,0.73615,0.71592,0.6933,0.66796,0.64012,0.61279,0.58276,0.55805,0.5308,0.51437,0.49629,0.49282,0.48958,0.49993,0.51442,0.53423,0.55714,0.58711,0.61315,0.6476,0.6727,0.70652,0.7296,0.75966,0.78175,0.8077,0.82522,0.84577
0.62574,0.65085,0.73934,0.7846,0.80196,0.80996,0.81374,0.81422,0.81127,0.80363,0.79221,0.77477,0.75305,0.72434,0.68987,0.64893,0.59934,0.54649,0.48076,0.41924,0.34048,0.27807,0.19578,0.14253,0.069621,0.033522,-0.0026526,-0.040621,-0.06897,-0.08641,-0.11581,-0.11784,-0.15715,-0.15123,-0.20839,-0.20557,-0.25369,-0.24549,-0.2774,-0.24825
0.5865,0.62126,0.72949,0.77806,0.79663,0.80503,0.80816,0.80662,0.80052,0.78858,0.7719,0.74914,0.72155,0.68919,0.65163,0.61351,0.57008,0.53353,0.49262,0.46703,0.43935,0.43127,0.42416,0.43297,0.44602,0.46555,0.48614,0.51699,0.54048,0.57567,0.59983,0.6352,0.66044,0.69495,0.71133,0.7369,0.74803,0.75917,0.76709,0.76084
0.58724,0.62132,0.72651,0.77616,0.7995,0.81275,0.81856,0.81746,0.8099,0.79576,0.77677,0.75385,0.72861,0.70446,0.68086,0.66413,0.651,0.64845,0.65206,0.66433,0.68361,0.70452,0.73164,0.75465,0.78214,0.80365,0.82573,0.8467,0.86883,0.88702,0.9008,0.91246,0.92055,0.92314,0.92703,0.91771,0.91907,0.89506,0.91421,0.88298
0.62726,0.65546,0.7453,0.79624,0.82575,0.8442,0.85401,0.85594,0.84989,0.83534,0.81256,0.78236,0.74372,0.7027,0.65416,0.61339,0.5687,0.54164,0.5151,0.50656,0.50166,0.50542,0.51597,0.52587,0.5456,0.55771,0.57078,0.5946,0.60998,0.63441,0.64465,0.66013,0.66972,0.67122,0.68489,0.67277,0.69496,0.66737,0.68221,0.64768
0.64496,0.66473,0.72368,0.75076,0.76289,0.76728,0.76342,0.7503,0.72924,0.70017,0.66389,0.62239,0.57347,0.52657,0.47321,0.43457,0.39426,0.38017,0.37255,0.38937,0.42024,0.45593,0.51121,0.55034,0.60931,0.64841,0.68766,0.73216,0.76551,0.79276,0.80211,0.79356,0.815,0.78067,0.81242,0.75972,0.83642,0.77586,0.82999,0.76198
0.58601,0.614,0.69559,0.72515,0.73167,0.72846,0.71543,0.6915,0.65825,0.61863,0.57376,0.53268,0.49225,0.46808,0.45073,0.45491,0.46861,0.4955,0.53118,0.56703,0.61141,0.64647,0.69055,0.72091,0.76028,0.78388,0.80236,0.82417,0.83846,0.84516,0.85275,0.8378,0.87245,0.85181,0.85548,0.80744,0.82137,0.76291,0.81443,0.76945
0.65911,0.68931,0.76903,0.79887,0.80907,0.81003,0.80228,0.78687,0.76585,0.7423,0.71807,0.69938,0.68629,0.6867,0.69939,0.72433,0.76223,0.79798,0.83974,0.8697,0.89868,0.92084,0.93607,0.95393,0.96122,0.97202,0.97741,0.97474,0.97588,0.96184,0.97028,0.94787,0.98179,0.96675,0.95354,0.91418,0.90432,0.85074,0.84294,0.79275
0.60654,0.63766,0.71913,0.75191,0.76279,0.76131,0.75024,0.73518,0.72122,0.71636,0.72139,0.73943,0.76659,0.79774,0.83134,0.85924,0.88603,0.90599,0.92454,0.93811,0.9504,0.95999,0.96844,0.97225,0.97549,0.97694,0.98024,0.97713,0.98408,0.97955,0.97921,0.96408,0.9686,0.94199,0.95844,0.92929,0.97538,0.95572,0.89759,0.85704
0.60654,0.63766,0.71913,0.75191,0.76279,0.76131,0.75024,0.73518,0.72122,0.71636,0.72139,0.73943,0.76659,0.79774,0.83134,0.85924,0.88603,0.90599,0.92454,0.93811,0.9504,0.95999,0.96844,0.97225,0.97549,0.97694,0.98024,0.97713,0.98408,0.97955,0.97921,0.96408,0.9686,0.94199,0.95844,0.92929,0.97538,0.95572,0.89759,0.85704
0.73652,0.75034,0.7931,0.81596,0.82408,0.81804,0.79715,0.76387,0.72095,0.67992,0.64321,0.62586,0.62137,0.63199,0.65105,0.67195,0.69828,0.7205,0.74826,0.76677,0.79151,0.80571,0.82304,0.83001,0.83079,0.84672,0.85305,0.83179,0.84604,0.81104,0.85417,0.81218,0.84677,0.80981,0.83999,0.84343,0.84265,0.84874,0.69257,0.68777
0.6497,0.66792,0.71669,0.73073,0.72365,0.70091,0.66708,0.62902,0.59106,0.56626,0.55632,0.5731,0.61192,0.66243,0.72429,0.77389,0.82593,0.86166,0.89654,0.91639,0.93342,0.94136,0.93729,0.94928,0.92795,0.95486,0.96973,0.94322,0.95073,0.90828,0.94023,0.87616,0.86539,0.79487,0.7864,0.76523,0.80569,0.81115,0.77901,0.76814
0.6497,0.66792,0.71669,0.73073,0.72365,0.70091,0.66708,0.62902,0.59106,0.56626,0.55632,0.5731,0.61192,0.66243,0.72429,0.77389,0.82593,0.86166,0.89654,0.91639,0.93342,0.94136,0.93729,0.94928,0.92795,0.95486,0.96973,0.94322,0.95073,0.90828,0.94023,0.87616,0.86539,0.79487,0.7864,0.76523,0.80569,0.81115,0.77901,0.76814
0.6497,0.66792,0.71669,0.73073,0.72365,0.70091,0.66708,0.62902,0.59106,0.56626,0.55632,0.5731,0.61192,0.66243,0.72429,0.77389,0.82593,0.86166,0.89654,0.91639,0.93342,0.94136,0.93729,0.94928,0.92795,0.95486,0.96973,0.94322,0.95073,0.90828,0.94023,0.87616,0.86539,0.79487,0.7864,0.76523,0.80569,0.81115,0.77901,0.76814
0.61023,0.61922,0.65176,0.66143,0.64491,0.61256,0.57846,0.56059,0.56339,0.58932,0.62733,0.66913,0.71168,0.74827,0.7855,0.81321,0.84388,0.86239,0.8841,0.89506,0.90419,0.91209,0.90371,0.91649,0.88722,0.9074,0.95895,0.94274,0.95036,0.91943,0.84396,0.76947,0.70127,0.56,0.67272,0.67301,0.78351,0.7796,0.83097,0.83324
0.61023,0.61922,0.65176,0.66143,0.64491,0.61256,0.57846,0.56059,0.56339,0.58932,0.62733,0.66913,0.71168,0.74827,0.7855,0.81321,0.84388,0.86239,0.8841,0.89506,0.90419,0.91209,0.90371,0.91649,0.88722,0.9074,0.95895,0.94274,0.95036,0.91943,0.84396,0.76947,0.70127,0.56,0.67272,0.67301,0.78351,0.7796,0.83097,0.83324
0.67567,0.68687,0.72293,0.73218,0.72226,0.71234,0.71542,0.73951,0.78202,0.83273,0.8831,0.92005,0.94854,0.96601,0.97802,0.98581,0.9903,0.99313,0.99295,0.9945,0.98922,0.9968,0.99216,0.99095,0.97333,0.9734,0.97974,0.95199,0.9389,0.89826,0.90729,0.87515,0.7705,0.66333,0.81083,0.82006,0.84373,0.83209,0.81718,0.82192
0.67567,0.68687,0.72293,0.73218,0.72226,0.71234,0.71542,0.73951,0.78202,0.83273,0.8831,0.92005,0.94854,0.96601,0.97802,0.98581,0.9903,0.99313,0.99295,0.9945,0.98922,0.9968,0.99216,0.99095,0.97333,0.9734,0.97974,0.95199,0.9389,0.89826,0.90729,0.87515,0.7705,0.66333,0.81083,0.82006,0.84373,0.83209,0.81718,0.82192
0.74051,0.74917,0.7617,0.74293,0.69526,0.62619,0.5503,0.49696,0.48308,0.51453,0.57755,0.64195,0.71135,0.76235,0.81124,0.84149,0.85465,0.88617,0.86774,0.86902,0.78369,0.89658,0.81155,0.85031,0.8223,0.76965,0.67689,0.67278,0.92557,0.9293,0.741,0.72346,0.73129,0.73053,0.78958,0.78919,0.8512,0.85528,0.88798,0.88249
0.74051,0.74917,0.7617,0.74293,0.69526,0.62619,0.5503,0.49696,0.48308,0.51453,0.57755,0.64195,0.71135,0.76235,0.81124,0.84149,0.85465,0.88617,0.86774,0.86902,0.78369,0.89658,0.81155,0.85031,0.8223,0.76965,0.67689,0.67278,0.92557,0.9293,0.741,0.72346,0.73129,0.73053,0.78958,0.78919,0.8512,0.85528,0.88798,0.88249
0.74051,0.74917,0.7617,0.74293,0.69526,0.62619,0.5503,0.49696,0.48308,0.51453,0.57755,0.64195,0.71135,0.76235,0.81124,0.84149,0.85465,0.88617,0.86774,0.86902,0.78369,0.89658,0.81155,0.85031,0.8223,0.76965,0.67689,0.67278,0.92557,0.9293,0.741,0.72346,0.73129,0.73053,0.78958,0.78919,0.8512,0.85528,0.88798,0.88249
0.74051,0.74917,0.7617,0.74293,0.69526,0.62619,0.5503,0.49696,0.48308,0.51453,0.57755,0.64195,0.71135,0.76235,0.81124,0.84149,0.85465,0.88617,0.86774,0.86902,0.78369,0.89658,0.81155,0.85031,0.8223,0.76965,0.67689,0.67278,0.92557,0.9293,0.741,0.72346,0.73129,0.73053,0.78958,0.78919,0.8512,0.85528,0.88798,0.88249
0.74051,0.74917,0.7617,0.74293,0.69526,0.62619,0.5503,0.49696,0.48308,0.51453,0.57755,0.64195,0.71135,0.76235,0.81124,0.84149,0.85465,0.88617,0.86774,0.86902,0.78369,0.89658,0.81155,0.85031,0.8223,0.76965,0.67689,0.67278,0.92557,0.9293,0.741,0.72346,0.73129,0.73053,0.78958,0.78919,0.8512,0.85528,0.88798,0.88249
0.74051,0.74917,0.7617,0.74293,0.69526,0.62619,0.5503,0.49696,0.48308,0.51453,0.57755,0.64195,0.71135,0.76235,0.81124,0.84149,0.85465,0.88617,0.86774,0.86902,0.78369,0.89658,0.81155,0.85031,0.8223,0.76965,0.67689,0.67278,0.92557,0.9293,0.741,0.72346,0.73129,0.73053,0.78958,0.78919,0.8512,0.85528,0.88798,0.88249
0.74051,0.74917,0.7617,0.74293,0.69526,0.62619,0.5503,0.49696,0.48308,0.51453,0.57755,0.64195,0.71135,0.76235,0.81124,0.84149,0.85465,0.88617,0.86774,0.86902,0.78369,0.89658,0.81155,0.85031,0.8223,0.76965,0.67689,0.67278,0.92557,0.9293,0.741,0.72346,0.73129,0.73053,0.78958,0.78919,0.8512,0.85528,0.88798,0.88249
0.80595,0.82808,0.86874,0.86864,0.85109,0.8265,0.80668,0.80937,0.84611,0.90088,0.94635,0.97914,0.98931,0.99856,0.99661,0.99594,0.97997,0.99608,0.98389,0.95253,0.88322,0.96055,0.91545,0.85934,0.82868,0.85684,0.87217,0.91396,0.98255,0.98498,0.91145,0.89795,0.91588,0.91161,0.92227,0.92078,0.97588,0.97722,0.97655,0.97457
0.6649,0.6941,0.72621,0.71803,0.75187,0.83188,0.91322,0.96249,0.98393,0.9937,0.99703,0.99832,0.99785,0.99888,0.99645,0.99474,0.97448,0.9959,0.98197,0.91406,0.86133,0.87498,0.87794,0.90878,0.85252,0.86118,0.85425,0.85259,0.84616,0.8504,0.87198,0.86778,0.86176,0.86125,0.81307,0.81273,0.94893,0.9499,0.85558,0.85379
0.6649,0.6941,0.72621,0.71803,0.75187,0.83188,0.91322,0.96249,0.98393,0.9937,0.99703,0.99832,0.99785,0.99888,0.99645,0.99474,0.97448,0.9959,0.98197,0.91406,0.86133,0.87498,0.87794,0.90878,0.85252,0.86118,0.85425,0.85259,0.84616,0.8504,0.87198,0.86778,0.86176,0.86125,0.81307,0.81273,0.94893,0.9499,0.85558,0.85379
0.6649,0.6941,0.72621,0.71803,0.75187,0.83188,0.91322,0.96249,0.98393,0.9937,0.99703,0.99832,0.99785,0.99888,0.99645,0.99474,0.97448,0.9959,0.98197,0.91406,0.86133,0.87498,0.87794,0.90878,0.85252,0.86118,0.85425,0.85259,0.84616,0.8504,0.87198,0.86778,0.86176,0.86125,0.81307,0.81273,0.94893,0.9499,0.85558,0.85379
0.6649,0.6941,0.72621,0.71803,0.75187,0.83188,0.91322,0.96249,0.98393,0.9937,0.99703,0.99832,0.99785,0.99888,0.99645,0.99474,0.97448,0.9959,0.98197,0.91406,0.86133,0.87498,0.87794,0.90878,0.85252,0.86118,0.85425,0.85259,0.84616,0.8504,0.87198,0.86778,0.86176,0.86125,0.81307,0.81273,0.94893,0.9499,0.85558,0.85379
