-0.00031252,-0.00041783,-0.0010225,-0.0017256,-0.0024287,-0.0031771,-0.0039535,-0.0047931,-0.0056509,-0.0066169,-0.0075843,-0.008707,-0.0098003,-0.011094,-0.012319,-0.013788,-0.015145,-0.016789,-0.018274,-0.020077,-0.021676,-0.023607,-0.025293,-0.027302,-0.029037,-0.031069,-0.033052,-0.034817,-0.036759,-0.038477,-0.040352,-0.042005,-0.0438,-0.045377,-0.047081,-0.048572,-0.050153,-0.051542,-0.052958,-0.054213
-0.0010233,-0.0013542,-0.0031565,-0.0051251,-0.0070687,-0.0092335,-0.011632,-0.01439,-0.017329,-0.020696,-0.0241,-0.02791,-0.031566,-0.035516,-0.03916,-0.042993,-0.046448,-0.050017,-0.05318,-0.056273,-0.058956,-0.061194,-0.063082,-0.063969,-0.064689,-0.063739,-0.061689,-0.059835,-0.055585,-0.051907,-0.045428,-0.039936,-0.031365,-0.024194,-0.013799,-0.0051742,0.0067023,0.016502,0.02948,0.040156
-0.002038,-0.002669,-0.0059627,-0.0095968,-0.013441,-0.017906,-0.02291,-0.028494,-0.034184,-0.040032,-0.045512,-0.050821,-0.055503,-0.059468,-0.062534,-0.063719,-0.063945,-0.060853,-0.057228,-0.049112,-0.041313,-0.028366,-0.016771,9.108e-05,0.014636,0.034143,0.053986,0.071432,0.091975,0.10979,0.13001,0.14741,0.1665,0.1829,0.20033,0.21531,0.23083,0.24419,0.25777,0.26947
-0.0033894,-0.0043523,-0.0093688,-0.015232,-0.021679,-0.028909,-0.036277,-0.043298,-0.049551,-0.054712,-0.058426,-0.059136,-0.057696,-0.050972,-0.04251,-0.027555,-0.012329,0.0093241,0.029479,0.055129,0.077847,0.10474,0.12788,0.1538,0.17573,0.19913,0.2204,0.23889,0.25693,0.27252,0.28739,0.3002,0.31237,0.32279,0.33282,0.3413,0.34975,0.35675,0.36402,0.36994
-0.0043648,-0.0056206,-0.012506,-0.020902,-0.029811,-0.038755,-0.046687,-0.052834,-0.05628,-0.054771,-0.048748,-0.034356,-0.016388,0.010481,0.037768,0.072067,0.10372,0.1397,0.17125,0.20452,0.23291,0.26103,0.28472,0.30708,0.32581,0.34294,0.35772,0.37035,0.38182,0.39152,0.40071,0.40837,0.41609,0.42239,0.42915,0.43454,0.44078,0.44562,0.4515,0.45599
-0.0054228,-0.0071229,-0.016842,-0.028837,-0.041499,-0.054587,-0.066774,-0.075679,-0.079406,-0.073855,-0.061686,-0.038889,-0.013094,0.020079,0.051826,0.086629,0.11741,0.14784,0.17366,0.1975,0.21729,0.23504,0.24962,0.26305,0.27395,0.28472,0.2945,0.30251,0.31106,0.31795,0.32585,0.33207,0.33968,0.34556,0.35311,0.35891,0.36679,0.37276,0.38123,0.38763
-0.00753,-0.0097782,-0.02229,-0.036447,-0.048337,-0.056331,-0.057145,-0.045331,-0.021702,0.016471,0.06018,0.11093,0.15913,0.20683,0.24836,0.28526,0.31607,0.34149,0.36246,0.37952,0.39364,0.40593,0.41615,0.4261,0.43433,0.44314,0.45154,0.45855,0.4665,0.47305,0.48083,0.48717,0.49512,0.50153,0.51001,0.51678,0.52618,0.53364,0.54418,0.55258
-0.0065117,-0.0089371,-0.024396,-0.042768,-0.057601,-0.066792,-0.065894,-0.049508,-0.020741,0.020802,0.065541,0.11341,0.15685,0.19654,0.22967,0.25712,0.27919,0.297,0.31111,0.32312,0.33249,0.34137,0.34811,0.35557,0.36097,0.36806,0.37524,0.3806,0.38863,0.39465,0.40426,0.41156,0.42317,0.43221,0.446,0.45706,0.47299,0.48616,0.504,0.51919
-0.010575,-0.013946,-0.033208,-0.053391,-0.066562,-0.068862,-0.056443,-0.026595,0.013695,0.062546,0.11007,0.15567,0.19415,0.2264,0.25172,0.27192,0.28723,0.30019,0.30969,0.31896,0.32542,0.33324,0.33841,0.34617,0.3513,0.36036,0.37034,0.37797,0.39069,0.4008,0.41675,0.42992,0.44921,0.46568,0.4879,0.50752,0.53191,0.55418,0.57958,0.60369
-0.009464,-0.012829,-0.031136,-0.045946,-0.046796,-0.025871,0.016462,0.075114,0.138,0.19934,0.25186,0.2944,0.32704,0.35129,0.36913,0.38301,0.39308,0.40235,0.40894,0.41656,0.42189,0.42958,0.43504,0.44412,0.45082,0.46228,0.47491,0.4855,0.50108,0.5145,0.53281,0.54905,0.56955,0.58829,0.61015,0.63081,0.65293,0.67474,0.69594,0.718
-0.019106,-0.024162,-0.04449,-0.045814,-0.013295,0.051736,0.1345,0.22076,0.2973,0.3596,0.40697,0.44027,0.46386,0.4802,0.49165,0.50136,0.50814,0.51605,0.52159,0.52989,0.53598,0.54628,0.55429,0.56775,0.57873,0.59589,0.61433,0.63113,0.65229,0.67216,0.69478,0.71671,0.73929,0.76202,0.78298,0.80516,0.82358,0.8442,0.8594,0.87769
-0.014413,-0.019657,-0.049105,-0.071058,-0.066423,-0.035452,0.01237,0.065342,0.11276,0.14992,0.177,0.19614,0.20962,0.22109,0.22958,0.23941,0.24705,0.25813,0.26717,0.28181,0.29422,0.31418,0.33157,0.35762,0.38093,0.41246,0.4449,0.47689,0.51154,0.54707,0.5814,0.61833,0.65053,0.68697,0.71499,0.7491,0.77186,0.80211,0.82012,0.84586
-0.015882,-0.018793,-0.036501,-0.046008,-0.026292,0.0189,0.074432,0.1272,0.16938,0.19894,0.21832,0.23055,0.23775,0.2437,0.24713,0.25301,0.25708,0.26629,0.27366,0.28837,0.30087,0.322,0.34058,0.36782,0.39241,0.42442,0.45659,0.48851,0.52143,0.55561,0.58755,0.62235,0.65159,0.68557,0.71049,0.74214,0.76289,0.79138,0.80767,0.83233
-0.019823,-0.025963,-0.049431,-0.046583,0.0023873,0.083607,0.17199,0.24901,0.30756,0.34793,0.3756,0.39506,0.40866,0.41985,0.42746,0.43587,0.44152,0.45152,0.45898,0.47414,0.48674,0.5088,0.52824,0.55664,0.58259,0.61444,0.64469,0.67569,0.70469,0.73565,0.76081,0.78967,0.80966,0.83475,0.85132,0.87268,0.88429,0.90127,0.90804,0.91988
-0.033842,-0.029921,0.016418,0.11173,0.22857,0.33694,0.4187,0.47255,0.50618,0.52751,0.54173,0.55349,0.56218,0.57126,0.57806,0.58721,0.59447,0.60645,0.61681,0.63367,0.64914,0.67086,0.69171,0.71632,0.74109,0.76544,0.7881,0.81365,0.83297,0.85648,0.87178,0.89186,0.90356,0.91981,0.92679,0.9383,0.94379,0.95142,0.95452,0.95825
-0.026422,-0.035025,-0.075504,-0.076457,-0.013573,0.082016,0.17569,0.25082,0.30797,0.35359,0.39141,0.42496,0.45409,0.4815,0.50525,0.53017,0.55164,0.57661,0.59834,0.62462,0.64789,0.67505,0.69994,0.72556,0.75072,0.77409,0.79469,0.8178,0.83514,0.85596,0.86929,0.88695,0.89657,0.91038,0.91775,0.9278,0.93146,0.93654,0.94127,0.94246
-0.023515,-0.032285,-0.084216,-0.10876,-0.062517,0.018844,0.097686,0.15754,0.20112,0.23556,0.26487,0.29412,0.32116,0.35087,0.3787,0.41248,0.4445,0.48497,0.52359,0.56892,0.61282,0.65804,0.70317,0.74254,0.78414,0.81466,0.8406,0.87036,0.88925,0.9115,0.92258,0.93705,0.94423,0.95224,0.9579,0.96111,0.96411,0.96203,0.96964,0.96503
-0.026883,-0.035695,-0.05082,0.0015934,0.097334,0.18972,0.25596,0.2927,0.30959,0.3152,0.31491,0.31516,0.3139,0.31903,0.3239,0.33929,0.35485,0.38258,0.41061,0.44788,0.48645,0.5273,0.57192,0.61164,0.65825,0.69152,0.72202,0.76169,0.78529,0.81813,0.83448,0.85839,0.8704,0.88533,0.89289,0.89785,0.90316,0.89645,0.91069,0.896
-0.030834,-0.027436,0.0046523,0.10253,0.23488,0.35155,0.4348,0.49073,0.52851,0.55762,0.57901,0.59885,0.61505,0.63488,0.65349,0.6787,0.70404,0.73458,0.76597,0.79759,0.83057,0.85719,0.88615,0.9055,0.92764,0.9395,0.94989,0.9613,0.96721,0.97325,0.97751,0.97992,0.9829,0.98231,0.98599,0.98321,0.9872,0.9821,0.9893,0.9835
-0.034443,-0.022263,0.10157,0.27615,0.41089,0.4954,0.54191,0.56897,0.58626,0.60149,0.61432,0.63098,0.64769,0.67095,0.6946,0.72348,0.75221,0.78225,0.81204,0.83837,0.86541,0.88573,0.90793,0.92193,0.93858,0.94722,0.95481,0.96329,0.96853,0.9733,0.97589,0.97674,0.98014,0.97804,0.97985,0.97274,0.98182,0.97282,0.98349,0.97305
-0.034443,-0.022263,0.10157,0.27615,0.41089,0.4954,0.54191,0.56897,0.58626,0.60149,0.61432,0.63098,0.64769,0.67095,0.6946,0.72348,0.75221,0.78225,0.81204,0.83837,0.86541,0.88573,0.90793,0.92193,0.93858,0.94722,0.95481,0.96329,0.96853,0.9733,0.97589,0.97674,0.98014,0.97804,0.97985,0.97274,0.98182,0.97282,0.98349,0.97305
-0.054464,-0.060236,-0.017427,0.10283,0.20939,0.27207,0.29927,0.30837,0.30778,0.30861,0.30899,0.32196,0.3396,0.37662,0.42158,0.48102,0.54868,0.61364,0.68632,0.73896,0.80003,0.8344,0.87705,0.89535,0.9193,0.93028,0.94207,0.94657,0.95905,0.95643,0.96823,0.95903,0.98208,0.97521,0.98665,0.97481,0.97636,0.94883,0.91977,0.85313
-0.054464,-0.060236,-0.017427,0.10283,0.20939,0.27207,0.29927,0.30837,0.30778,0.30861,0.30899,0.32196,0.3396,0.37662,0.42158,0.48102,0.54868,0.61364,0.68632,0.73896,0.80003,0.8344,0.87705,0.89535,0.9193,0.93028,0.94207,0.94657,0.95905,0.95643,0.96823,0.95903,0.98208,0.97521,0.98665,0.97481,0.97636,0.94883,0.91977,0.85313
-0.065644,-0.050214,0.051977,0.16654,0.23329,0.25854,0.25781,0.24599,0.23022,0.22306,0.22175,0.23942,0.26575,0.30955,0.36128,0.41865,0.48429,0.54125,0.60917,0.65645,0.71753,0.75102,0.79832,0.8185,0.84733,0.85968,0.87516,0.87412,0.89837,0.88342,0.91539,0.88978,0.94053,0.91644,0.96453,0.9389,0.91961,0.84559,0.76393,0.64989
-0.065644,-0.050214,0.051977,0.16654,0.23329,0.25854,0.25781,0.24599,0.23022,0.22306,0.22175,0.23942,0.26575,0.30955,0.36128,0.41865,0.48429,0.54125,0.60917,0.65645,0.71753,0.75102,0.79832,0.8185,0.84733,0.85968,0.87516,0.87412,0.89837,0.88342,0.91539,0.88978,0.94053,0.91644,0.96453,0.9389,0.91961,0.84559,0.76393,0.64989
-0.065644,-0.050214,0.051977,0.16654,0.23329,0.25854,0.25781,0.24599,0.23022,0.22306,0.22175,0.23942,0.26575,0.30955,0.36128,0.41865,0.48429,0.54125,0.60917,0.65645,0.71753,0.75102,0.79832,0.8185,0.84733,0.85968,0.87516,0.87412,0.89837,0.88342,0.91539,0.88978,0.94053,0.91644,0.96453,0.9389,0.91961,0.84559,0.76393,0.64989
-0.056403,-0.020777,0.15002,0.33193,0.45821,0.53497,0.58369,0.61766,0.64204,0.66501,0.688,0.71783,0.75178,0.78933,0.83032,0.86433,0.89997,0.92271,0.94588,0.95844,0.9702,0.97607,0.97909,0.98477,0.98312,0.98847,0.99363,0.98973,0.99712,0.99327,0.98766,0.96959,0.96911,0.93511,0.95192,0.91199,0.93584,0.89173,0.90589,0.86241
-0.06547,-0.072352,-0.021516,0.1284,0.25626,0.34459,0.40639,0.45167,0.4863,0.52564,0.56846,0.62674,0.68959,0.75292,0.81206,0.85734,0.89539,0.92176,0.94057,0.95571,0.96176,0.96925,0.96308,0.95934,0.92193,0.95232,0.97453,0.94283,0.93748,0.87387,0.83622,0.68443,0.82158,0.71691,0.69483,0.62562,0.38246,0.28889,0.13457,0.062675
-0.06547,-0.072352,-0.021516,0.1284,0.25626,0.34459,0.40639,0.45167,0.4863,0.52564,0.56846,0.62674,0.68959,0.75292,0.81206,0.85734,0.89539,0.92176,0.94057,0.95571,0.96176,0.96925,0.96308,0.95934,0.92193,0.95232,0.97453,0.94283,0.93748,0.87387,0.83622,0.68443,0.82158,0.71691,0.69483,0.62562,0.38246,0.28889,0.13457,0.062675
-0.06547,-0.072352,-0.021516,0.1284,0.25626,0.34459,0.40639,0.45167,0.4863,0.52564,0.56846,0.62674,0.68959,0.75292,0.81206,0.85734,0.89539,0.92176,0.94057,0.95571,0.96176,0.96925,0.96308,0.95934,0.92193,0.95232,0.97453,0.94283,0.93748,0.87387,0.83622,0.68443,0.82158,0.71691,0.69483,0.62562,0.38246,0.28889,0.13457,0.062675
-0.06547,-0.072352,-0.021516,0.1284,0.25626,0.34459,0.40639,0.45167,0.4863,0.52564,0.56846,0.62674,0.68959,0.75292,0.81206,0.85734,0.89539,0.92176,0.94057,0.95571,0.96176,0.96925,0.96308,0.95934,0.92193,0.95232,0.97453,0.94283,0.93748,0.87387,0.83622,0.68443,0.82158,0.71691,0.69483,0.62562,0.38246,0.28889,0.13457,0.062675
-0.066235,-0.024152,0.22396,0.42986,0.51185,0.53322,0.52484,0.51004,0.49722,0.50179,0.51603,0.54252,0.57389,0.60437,0.63961,0.66643,0.70075,0.72314,0.75311,0.76845,0.78331,0.79322,0.77552,0.81204,0.78185,0.82424,0.89255,0.86645,0.92334,0.87958,0.70783,0.62004,0.42946,0.34742,0.6473,0.6478,0.76739,0.76868,0.66441,0.67128
-0.078774,0.0026523,0.35736,0.5623,0.59849,0.58426,0.56464,0.56081,0.57613,0.61813,0.68008,0.74576,0.81548,0.86381,0.90877,0.93377,0.95355,0.96571,0.96788,0.97651,0.96154,0.98258,0.95748,0.98706,0.96112,0.95219,0.9311,0.84786,0.8837,0.81316,0.77914,0.71046,0.26831,0.12344,0.54896,0.55083,0.60764,0.61525,0.64,0.64357
-0.078774,0.0026523,0.35736,0.5623,0.59849,0.58426,0.56464,0.56081,0.57613,0.61813,0.68008,0.74576,0.81548,0.86381,0.90877,0.93377,0.95355,0.96571,0.96788,0.97651,0.96154,0.98258,0.95748,0.98706,0.96112,0.95219,0.9311,0.84786,0.8837,0.81316,0.77914,0.71046,0.26831,0.12344,0.54896,0.55083,0.60764,0.61525,0.64,0.64357
-0.078774,0.0026523,0.35736,0.5623,0.59849,0.58426,0.56464,0.56081,0.57613,0.61813,0.68008,0.74576,0.81548,0.86381,0.90877,0.93377,0.95355,0.96571,0.96788,0.97651,0.96154,0.98258,0.95748,0.98706,0.96112,0.95219,0.9311,0.84786,0.8837,0.81316,0.77914,0.71046,0.26831,0.12344,0.54896,0.55083,0.60764,0.61525,0.64,0.64357
-0.078774,0.0026523,0.35736,0.5623,0.59849,0.58426,0.56464,0.56081,0.57613,0.61813,0.68008,0.74576,0.81548,0.86381,0.90877,0.93377,0.95355,0.96571,0.96788,0.97651,0.96154,0.98258,0.95748,0.98706,0.96112,0.95219,0.9311,0.84786,0.8837,0.81316,0.77914,0.71046,0.26831,0.12344,0.54896,0.55083,0.60764,0.61525,0.64,0.64357
-0.078774,0.0026523,0.35736,0.5623,0.59849,0.58426,0.56464,0.56081,0.57613,0.61813,0.68008,0.74576,0.81548,0.86381,0.90877,0.93377,0.95355,0.96571,0.96788,0.97651,0.96154,0.98258,0.95748,0.98706,0.96112,0.95219,0.9311,0.84786,0.8837,0.81316,0.77914,0.71046,0.26831,0.12344,0.54896,0.55083,0.60764,0.61525,0.64,0.64357
-0.078774,0.0026523,0.35736,0.5623,0.59849,0.58426,0.56464,0.56081,0.57613,0.61813,0.68008,0.74576,0.81548,0.86381,0.90877,0.93377,0.95355,0.96571,0.96788,0.97651,0.96154,0.98258,0.95748,0.98706,0.96112,0.95219,0.9311,0.84786,0.8837,0.81316,0.77914,0.71046,0.26831,0.12344,0.54896,0.55083,0.60764,0.61525,0.64,0.64357
0.058398,0.13125,0.39922,0.51574,0.49951,0.459,0.44684,0.47699,0.53604,0.60425,0.67487,0.73336,0.79012,0.82931,0.86705,0.88968,0.90402,0.92216,0.91272,0.92844,0.87372,0.9538,0.90984,0.92309,0.85101,0.70656,0.5211,0.33223,0.46509,0.46651,0.72366,0.72792,0.46252,0.47733,0.40447,0.40532,0.14718,0.15463,0.65106,0.64291
0.058398,0.13125,0.39922,0.51574,0.49951,0.459,0.44684,0.47699,0.53604,0.60425,0.67487,0.73336,0.79012,0.82931,0.86705,0.88968,0.90402,0.92216,0.91272,0.92844,0.87372,0.9538,0.90984,0.92309,0.85101,0.70656,0.5211,0.33223,0.46509,0.46651,0.72366,0.72792,0.46252,0.47733,0.40447,0.40532,0.14718,0.15463,0.65106,0.64291
