-0.0015325,0.001804,0.021047,0.044739,0.065324,0.082435,0.097052,0.11124,0.12561,0.14215,0.15915,0.17873,0.19771,0.21879,0.2383,0.25944,0.27844,0.29883,0.3168,0.33606,0.35275,0.37075,0.3861,0.40282,0.41687,0.43236,0.44703,0.45955,0.47313,0.48459,0.49717,0.50767,0.51932,0.52894,0.53972,0.54856,0.55852,0.56663,0.5758,0.58324
-0.0060482,0.010163,0.07375,0.11421,0.14382,0.17813,0.2166,0.25739,0.29683,0.33579,0.37107,0.40538,0.43523,0.46453,0.48936,0.51427,0.53499,0.5562,0.57357,0.59159,0.60619,0.62145,0.63371,0.64663,0.65695,0.66789,0.67773,0.68587,0.69419,0.70107,0.70811,0.71392,0.71988,0.7248,0.72985,0.73402,0.73831,0.74186,0.74553,0.74858
0.024106,0.031311,0.080448,0.15087,0.22297,0.29149,0.35213,0.40491,0.44907,0.48814,0.5207,0.55092,0.57596,0.59984,0.61937,0.63821,0.65344,0.66827,0.68017,0.69182,0.70113,0.71031,0.71763,0.72489,0.7307,0.73653,0.74171,0.74602,0.75036,0.75399,0.75776,0.76093,0.76431,0.76718,0.7703,0.77297,0.77592,0.77847,0.78129,0.78376
0.08857,0.097121,0.1617,0.25194,0.33552,0.40818,0.46831,0.51889,0.56003,0.59576,0.6246,0.65018,0.67062,0.68901,0.70358,0.71677,0.72718,0.73663,0.74411,0.75097,0.75645,0.76163,0.76584,0.76999,0.77344,0.77699,0.78029,0.78322,0.78628,0.78904,0.79194,0.79461,0.79738,0.79998,0.80263,0.80515,0.80763,0.81004,0.8123,0.81456
0.080513,0.098751,0.20779,0.31636,0.39841,0.46751,0.52494,0.57289,0.61087,0.64235,0.66689,0.68771,0.70397,0.71808,0.72915,0.73901,0.7469,0.75425,0.76031,0.76633,0.77145,0.77682,0.78151,0.78659,0.7911,0.79597,0.80064,0.80503,0.80942,0.81362,0.81761,0.8215,0.82501,0.82849,0.83143,0.83442,0.83676,0.83924,0.84105,0.84303
0.10804,0.14392,0.31246,0.44013,0.51969,0.58073,0.62891,0.66751,0.69698,0.72039,0.73789,0.75185,0.76225,0.77071,0.77719,0.7828,0.78735,0.79161,0.79529,0.79894,0.80225,0.80556,0.8087,0.81174,0.81472,0.81741,0.81984,0.82238,0.82432,0.82643,0.82781,0.82941,0.83023,0.83131,0.83165,0.83227,0.83228,0.83255,0.83233,0.83239
0.044895,0.092674,0.31699,0.48173,0.57546,0.64075,0.68708,0.72033,0.7439,0.76132,0.77396,0.7838,0.79133,0.79782,0.80319,0.80836,0.81294,0.81758,0.82186,0.82615,0.83019,0.83401,0.8377,0.84089,0.84404,0.84648,0.84854,0.85067,0.85208,0.85361,0.85456,0.85565,0.85634,0.85718,0.85784,0.85864,0.85945,0.8604,0.86155,0.86283
0.16502,0.18363,0.33582,0.48524,0.57573,0.63546,0.67576,0.70356,0.72247,0.73559,0.74468,0.75153,0.75687,0.76168,0.76603,0.7704,0.77469,0.77895,0.78327,0.7872,0.79123,0.79446,0.79783,0.80008,0.80256,0.8039,0.805,0.80629,0.80695,0.80786,0.8085,0.80939,0.81035,0.81157,0.81316,0.81505,0.81757,0.82045,0.82405,0.82821
0.21533,0.24519,0.42028,0.55449,0.6275,0.67368,0.70423,0.72565,0.7409,0.7528,0.76212,0.77049,0.77779,0.78497,0.79167,0.79828,0.8046,0.81048,0.8161,0.8209,0.82549,0.82912,0.83265,0.83543,0.83821,0.84062,0.84307,0.84561,0.84832,0.8512,0.8545,0.85806,0.86216,0.86668,0.87167,0.87732,0.88319,0.89,0.89647,0.90424
0.28073,0.30474,0.44294,0.56181,0.633,0.6785,0.70831,0.7285,0.74261,0.75342,0.76231,0.77052,0.77827,0.78584,0.79328,0.80012,0.80681,0.81224,0.81754,0.82125,0.82494,0.82732,0.82982,0.83154,0.83353,0.83543,0.83773,0.84038,0.84371,0.84756,0.85231,0.85787,0.86411,0.87158,0.87915,0.8884,0.89662,0.90694,0.91517,0.92562
0.25968,0.29122,0.4778,0.61595,0.68134,0.7156,0.73481,0.74696,0.75567,0.7629,0.76925,0.77504,0.78055,0.78545,0.79016,0.79392,0.7975,0.79997,0.80237,0.804,0.80573,0.80728,0.80912,0.81144,0.81421,0.81802,0.82268,0.82832,0.83504,0.84319,0.85195,0.86264,0.87277,0.88532,0.89585,0.909,0.91893,0.93134,0.93977,0.95044
0.22345,0.26986,0.47503,0.61894,0.69913,0.74454,0.76941,0.78379,0.7934,0.80114,0.80816,0.81485,0.82145,0.82747,0.83329,0.838,0.84246,0.84591,0.84929,0.85229,0.85547,0.85908,0.86306,0.86806,0.87368,0.88049,0.88789,0.8966,0.90522,0.91543,0.92425,0.93481,0.94288,0.95253,0.95921,0.96716,0.97199,0.97792,0.98074,0.98463
0.3776,0.41867,0.58223,0.67088,0.71273,0.73812,0.75463,0.76646,0.77614,0.78515,0.79386,0.80207,0.80986,0.81638,0.8223,0.82696,0.83126,0.83511,0.83895,0.84326,0.84786,0.85354,0.85986,0.86739,0.87604,0.88527,0.89484,0.90633,0.91635,0.92836,0.93771,0.94881,0.95642,0.96551,0.97051,0.97695,0.97997,0.98389,0.98611,0.98824
0.37843,0.42346,0.59737,0.68927,0.72938,0.75084,0.76401,0.77409,0.78344,0.79295,0.8028,0.81216,0.82134,0.82878,0.83571,0.84085,0.84576,0.84999,0.85442,0.85946,0.86503,0.87196,0.87975,0.88877,0.89905,0.90929,0.91933,0.93108,0.94038,0.95116,0.95876,0.96747,0.97283,0.97908,0.98219,0.98606,0.9878,0.98976,0.99136,0.99219
0.47827,0.50885,0.64125,0.72514,0.76668,0.79013,0.8053,0.81732,0.82829,0.83899,0.84937,0.85867,0.8671,0.87394,0.88003,0.88534,0.89043,0.89578,0.90134,0.90767,0.91458,0.92206,0.93047,0.93844,0.94759,0.95499,0.96193,0.96962,0.97496,0.98086,0.98417,0.98801,0.98991,0.99203,0.99351,0.99459,0.99573,0.99622,0.99672,0.99663
0.36729,0.4074,0.5725,0.67904,0.73551,0.76612,0.78409,0.79724,0.80884,0.81944,0.82952,0.83754,0.84461,0.84948,0.85381,0.85745,0.86134,0.86617,0.87192,0.87937,0.88838,0.89843,0.91053,0.92171,0.93498,0.94504,0.95435,0.96464,0.97109,0.97821,0.98194,0.98599,0.98848,0.99043,0.99239,0.99312,0.99463,0.99457,0.99562,0.99486
0.34362,0.39063,0.55192,0.64003,0.68341,0.70963,0.72883,0.7456,0.76104,0.77554,0.78865,0.80043,0.81105,0.82145,0.83161,0.84284,0.85464,0.86773,0.88201,0.89634,0.91224,0.92585,0.94099,0.95191,0.96403,0.97137,0.9772,0.98337,0.98669,0.98992,0.99215,0.99368,0.99506,0.99554,0.99638,0.99605,0.99774,0.99739,0.99911,0.99902
0.23644,0.28096,0.45999,0.5673,0.62481,0.66218,0.68991,0.71295,0.7329,0.75045,0.76576,0.77959,0.79217,0.8054,0.81866,0.83392,0.85002,0.8675,0.8861,0.90354,0.92202,0.93642,0.95167,0.96166,0.97235,0.97804,0.98264,0.98723,0.9899,0.99212,0.99387,0.99475,0.99591,0.99593,0.99722,0.99686,0.99817,0.99769,0.99876,0.99818
0.34514,0.39591,0.57839,0.66886,0.70248,0.71799,0.72786,0.73647,0.74505,0.75399,0.763,0.77258,0.78248,0.79439,0.80741,0.82342,0.84098,0.86019,0.88075,0.89951,0.91928,0.93405,0.94975,0.95954,0.97027,0.97607,0.98079,0.98557,0.98823,0.9905,0.99264,0.99361,0.99511,0.99526,0.99598,0.99516,0.99704,0.99605,0.99811,0.99721
0.54101,0.57254,0.68631,0.74691,0.77219,0.78689,0.79997,0.81361,0.82748,0.83971,0.85062,0.86054,0.87036,0.88113,0.89287,0.90555,0.91961,0.93266,0.94685,0.95778,0.9692,0.97652,0.98397,0.98747,0.99116,0.9931,0.99506,0.99609,0.99692,0.99686,0.99816,0.99784,0.99931,0.9992,0.99877,0.99781,0.99871,0.99758,0.99842,0.99694
0.5358,0.56876,0.69035,0.75428,0.78092,0.7956,0.80747,0.81887,0.83011,0.84022,0.84974,0.85984,0.87078,0.88391,0.89852,0.91386,0.93027,0.94412,0.95831,0.96804,0.9777,0.9832,0.98863,0.99109,0.99346,0.99492,0.99642,0.99691,0.99778,0.99757,0.99859,0.99815,0.99932,0.99895,0.99845,0.99699,0.99743,0.99505,0.99706,0.99433
0.5358,0.56876,0.69035,0.75428,0.78092,0.7956,0.80747,0.81887,0.83011,0.84022,0.84974,0.85984,0.87078,0.88391,0.89852,0.91386,0.93027,0.94412,0.95831,0.96804,0.9777,0.9832,0.98863,0.99109,0.99346,0.99492,0.99642,0.99691,0.99778,0.99757,0.99859,0.99815,0.99932,0.99895,0.99845,0.99699,0.99743,0.99505,0.99706,0.99433
0.42836,0.49114,0.67095,0.73866,0.76396,0.78395,0.8047,0.8244,0.84145,0.85512,0.86717,0.879,0.89212,0.90639,0.92313,0.93845,0.95496,0.96666,0.97804,0.98389,0.98911,0.99234,0.99419,0.99585,0.99582,0.99742,0.99916,0.99907,0.99891,0.99777,0.99915,0.99801,0.99618,0.99201,0.99403,0.98833,0.99681,0.99361,0.98188,0.96576
0.42836,0.49114,0.67095,0.73866,0.76396,0.78395,0.8047,0.8244,0.84145,0.85512,0.86717,0.879,0.89212,0.90639,0.92313,0.93845,0.95496,0.96666,0.97804,0.98389,0.98911,0.99234,0.99419,0.99585,0.99582,0.99742,0.99916,0.99907,0.99891,0.99777,0.99915,0.99801,0.99618,0.99201,0.99403,0.98833,0.99681,0.99361,0.98188,0.96576
0.42836,0.49114,0.67095,0.73866,0.76396,0.78395,0.8047,0.8244,0.84145,0.85512,0.86717,0.879,0.89212,0.90639,0.92313,0.93845,0.95496,0.96666,0.97804,0.98389,0.98911,0.99234,0.99419,0.99585,0.99582,0.99742,0.99916,0.99907,0.99891,0.99777,0.99915,0.99801,0.99618,0.99201,0.99403,0.98833,0.99681,0.99361,0.98188,0.96576
0.52632,0.57624,0.73511,0.80012,0.82523,0.84112,0.85486,0.86772,0.87986,0.89244,0.90576,0.92039,0.93595,0.95017,0.96409,0.97394,0.98289,0.98797,0.99237,0.99451,0.99611,0.99736,0.99776,0.99858,0.99841,0.99909,0.99971,0.99953,0.99912,0.99797,0.99906,0.99786,0.99781,0.99512,0.99551,0.99067,0.99505,0.99016,0.98007,0.9658
0.52632,0.57624,0.73511,0.80012,0.82523,0.84112,0.85486,0.86772,0.87986,0.89244,0.90576,0.92039,0.93595,0.95017,0.96409,0.97394,0.98289,0.98797,0.99237,0.99451,0.99611,0.99736,0.99776,0.99858,0.99841,0.99909,0.99971,0.99953,0.99912,0.99797,0.99906,0.99786,0.99781,0.99512,0.99551,0.99067,0.99505,0.99016,0.98007,0.9658
0.52632,0.57624,0.73511,0.80012,0.82523,0.84112,0.85486,0.86772,0.87986,0.89244,0.90576,0.92039,0.93595,0.95017,0.96409,0.97394,0.98289,0.98797,0.99237,0.99451,0.99611,0.99736,0.99776,0.99858,0.99841,0.99909,0.99971,0.99953,0.99912,0.99797,0.99906,0.99786,0.99781,0.99512,0.99551,0.99067,0.99505,0.99016,0.98007,0.9658
0.72025,0.73987,0.78915,0.80772,0.8232,0.84383,0.86385,0.88023,0.89501,0.9104,0.92766,0.9445,0.96154,0.97388,0.98435,0.98988,0.9938,0.99626,0.99725,0.99835,0.99803,0.99951,0.99925,0.99914,0.99781,0.9986,0.99813,0.99546,0.99885,0.99717,0.99341,0.98498,0.98894,0.97654,0.97327,0.95132,0.97818,0.96105,0.93688,0.91135
0.72025,0.73987,0.78915,0.80772,0.8232,0.84383,0.86385,0.88023,0.89501,0.9104,0.92766,0.9445,0.96154,0.97388,0.98435,0.98988,0.9938,0.99626,0.99725,0.99835,0.99803,0.99951,0.99925,0.99914,0.99781,0.9986,0.99813,0.99546,0.99885,0.99717,0.99341,0.98498,0.98894,0.97654,0.97327,0.95132,0.97818,0.96105,0.93688,0.91135
0.72025,0.73987,0.78915,0.80772,0.8232,0.84383,0.86385,0.88023,0.89501,0.9104,0.92766,0.9445,0.96154,0.97388,0.98435,0.98988,0.9938,0.99626,0.99725,0.99835,0.99803,0.99951,0.99925,0.99914,0.99781,0.9986,0.99813,0.99546,0.99885,0.99717,0.99341,0.98498,0.98894,0.97654,0.97327,0.95132,0.97818,0.96105,0.93688,0.91135
0.72025,0.73987,0.78915,0.80772,0.8232,0.84383,0.86385,0.88023,0.89501,0.9104,0.92766,0.9445,0.96154,0.97388,0.98435,0.98988,0.9938,0.99626,0.99725,0.99835,0.99803,0.99951,0.99925,0.99914,0.99781,0.9986,0.99813,0.99546,0.99885,0.99717,0.99341,0.98498,0.98894,0.97654,0.97327,0.95132,0.97818,0.96105,0.93688,0.91135
0.72144,0.75444,0.82985,0.85375,0.86826,0.88451,0.89983,0.91398,0.92858,0.94401,0.95962,0.97196,0.98239,0.98865,0.9933,0.9957,0.99707,0.99836,0.99865,0.99907,0.99847,0.99959,0.99901,0.99835,0.99548,0.99819,0.99701,0.99221,0.99514,0.98836,0.9886,0.97616,0.97666,0.95649,0.95221,0.93361,0.93644,0.9179,0.82006,0.78142
0.72144,0.75444,0.82985,0.85375,0.86826,0.88451,0.89983,0.91398,0.92858,0.94401,0.95962,0.97196,0.98239,0.98865,0.9933,0.9957,0.99707,0.99836,0.99865,0.99907,0.99847,0.99959,0.99901,0.99835,0.99548,0.99819,0.99701,0.99221,0.99514,0.98836,0.9886,0.97616,0.97666,0.95649,0.95221,0.93361,0.93644,0.9179,0.82006,0.78142
0.72144,0.75444,0.82985,0.85375,0.86826,0.88451,0.89983,0.91398,0.92858,0.94401,0.95962,0.97196,0.98239,0.98865,0.9933,0.9957,0.99707,0.99836,0.99865,0.99907,0.99847,0.99959,0.99901,0.99835,0.99548,0.99819,0.99701,0.99221,0.99514,0.98836,0.9886,0.97616,0.97666,0.95649,0.95221,0.93361,0.93644,0.9179,0.82006,0.78142
0.72144,0.75444,0.82985,0.85375,0.86826,0.88451,0.89983,0.91398,0.92858,0.94401,0.95962,0.97196,0.98239,0.98865,0.9933,0.9957,0.99707,0.99836,0.99865,0.99907,0.99847,0.99959,0.99901,0.99835,0.99548,0.99819,0.99701,0.99221,0.99514,0.98836,0.9886,0.97616,0.97666,0.95649,0.95221,0.93361,0.93644,0.9179,0.82006,0.78142
0.72144,0.75444,0.82985,0.85375,0.86826,0.88451,0.89983,0.91398,0.92858,0.94401,0.95962,0.97196,0.98239,0.98865,0.9933,0.9957,0.99707,0.99836,0.99865,0.99907,0.99847,0.99959,0.99901,0.99835,0.99548,0.99819,0.99701,0.99221,0.99514,0.98836,0.9886,0.97616,0.97666,0.95649,0.95221,0.93361,0.93644,0.9179,0.82006,0.78142
0.78266,0.80737,0.84518,0.83781,0.82835,0.82972,0.84222,0.86336,0.89,0.91664,0.94123,0.95859,0.97237,0.98115,0.9876,0.99147,0.99363,0.99575,0.99567,0.99624,0.99233,0.99812,0.99533,0.99067,0.97398,0.98373,0.98155,0.9578,0.96997,0.94747,0.90886,0.8809,0.80517,0.73109,0.87342,0.87977,0.92964,0.9199,0.80986,0.81355
0.67548,0.6877,0.71349,0.7357,0.76239,0.79313,0.8296,0.87064,0.9131,0.94668,0.97175,0.98522,0.99252,0.99656,0.99755,0.99945,0.99941,0.99988,0.99916,0.9982,0.99394,0.99803,0.99363,0.99399,0.98199,0.97224,0.98867,0.9726,0.96464,0.93298,0.88065,0.83503,0.82627,0.77842,0.74473,0.74014,0.7567,0.75937,0.80572,0.81226
0.67548,0.6877,0.71349,0.7357,0.76239,0.79313,0.8296,0.87064,0.9131,0.94668,0.97175,0.98522,0.99252,0.99656,0.99755,0.99945,0.99941,0.99988,0.99916,0.9982,0.99394,0.99803,0.99363,0.99399,0.98199,0.97224,0.98867,0.9726,0.96464,0.93298,0.88065,0.83503,0.82627,0.77842,0.74473,0.74014,0.7567,0.75937,0.80572,0.81226
