0.17162,0.19341,0.29343,0.37328,0.42587,0.46682,0.50074,0.53111,0.55828,0.5849,0.60892,0.63296,0.65394,0.67482,0.69251,0.71009,0.72471,0.73934,0.75134,0.76346,0.77329,0.78328,0.79133,0.79955,0.80613,0.81288,0.81888,0.82384,0.82881,0.8329,0.83704,0.84044,0.84392,0.84678,0.84973,0.85215,0.85467,0.85675,0.85892,0.86071
0.34507,0.36797,0.47024,0.54944,0.60504,0.65163,0.69047,0.72329,0.74995,0.77271,0.79084,0.80636,0.81849,0.82895,0.8371,0.84428,0.84992,0.85505,0.85911,0.86291,0.86594,0.86882,0.87111,0.87329,0.87502,0.87663,0.87794,0.87902,0.87988,0.8806,0.88106,0.88145,0.88155,0.88165,0.88144,0.88129,0.88081,0.88044,0.87974,0.87919
0.39507,0.41699,0.52883,0.62665,0.69425,0.74329,0.77824,0.80359,0.82174,0.83546,0.84558,0.85369,0.85985,0.865,0.86895,0.87226,0.87479,0.87677,0.87826,0.87919,0.87986,0.87994,0.87994,0.87935,0.87882,0.87771,0.87643,0.87528,0.87367,0.87226,0.87041,0.86881,0.86678,0.86502,0.86282,0.86093,0.85856,0.85651,0.85395,0.85174
0.45229,0.47819,0.59679,0.69118,0.75264,0.79431,0.8215,0.83946,0.85149,0.8601,0.8662,0.87075,0.87398,0.8762,0.87767,0.87827,0.87846,0.87785,0.8771,0.87562,0.87421,0.87213,0.87027,0.86782,0.86565,0.8629,0.86005,0.85744,0.85427,0.85137,0.84782,0.84456,0.84055,0.83685,0.83231,0.82811,0.82298,0.81818,0.81239,0.80694
0.50828,0.54224,0.67369,0.75973,0.80834,0.83771,0.85552,0.86689,0.87433,0.87945,0.88282,0.88483,0.88587,0.88583,0.88529,0.88386,0.88227,0.87996,0.87773,0.87488,0.87222,0.86892,0.86589,0.8621,0.85862,0.85422,0.84957,0.84504,0.83963,0.83433,0.82805,0.82187,0.81463,0.80745,0.79915,0.79086,0.78144,0.77191,0.76133,0.75049
0.52914,0.56702,0.70286,0.78152,0.82259,0.84821,0.86486,0.87582,0.88286,0.88686,0.88887,0.88894,0.88809,0.88596,0.88355,0.88022,0.87694,0.87284,0.86892,0.86405,0.85941,0.85365,0.84812,0.8413,0.8347,0.82671,0.81826,0.80961,0.79984,0.78975,0.77863,0.76701,0.75454,0.74135,0.72758,0.7128,0.69789,0.6816,0.66581,0.6482
0.63462,0.66128,0.77073,0.83101,0.85571,0.86852,0.87585,0.87969,0.88114,0.88047,0.87864,0.87539,0.87177,0.86717,0.8626,0.85704,0.85163,0.84491,0.83833,0.83009,0.82194,0.81186,0.80177,0.78958,0.77722,0.7627,0.7473,0.73081,0.71299,0.69362,0.6734,0.65103,0.62866,0.60333,0.57933,0.55136,0.52654,0.49663,0.47201,0.4412
0.51752,0.56641,0.75286,0.83637,0.8643,0.87659,0.88205,0.88353,0.88269,0.88003,0.87656,0.87214,0.8675,0.86204,0.85643,0.84958,0.84246,0.83361,0.8243,0.81284,0.80069,0.78605,0.77038,0.75216,0.73231,0.7102,0.68655,0.65947,0.63201,0.59983,0.56914,0.53215,0.49942,0.45864,0.4255,0.38271,0.35064,0.30781,0.2786,0.23782
0.65294,0.6901,0.8188,0.87534,0.89523,0.90363,0.90676,0.90667,0.90466,0.90107,0.8968,0.89159,0.88611,0.87953,0.87263,0.86423,0.85534,0.8447,0.83336,0.82023,0.80612,0.79049,0.7735,0.75559,0.73586,0.71627,0.69654,0.67421,0.65464,0.63226,0.61454,0.59407,0.57965,0.56296,0.55294,0.54131,0.5362,0.53011,0.52898,0.52783
0.65895,0.68892,0.7924,0.83782,0.85637,0.86616,0.87056,0.8709,0.86859,0.86421,0.85865,0.85149,0.8434,0.83328,0.82199,0.80816,0.7928,0.77449,0.75411,0.73078,0.70452,0.67593,0.64312,0.60975,0.57035,0.53383,0.49714,0.45224,0.41605,0.3706,0.33761,0.29491,0.26747,0.23073,0.20815,0.17894,0.15912,0.13741,0.11825,0.10328
0.71908,0.74656,0.82643,0.85718,0.86659,0.86837,0.86587,0.86055,0.85385,0.84596,0.8375,0.82745,0.81641,0.80276,0.78746,0.76865,0.74737,0.72201,0.69298,0.66,0.62155,0.58054,0.5314,0.48337,0.42368,0.37156,0.31885,0.25163,0.20001,0.13244,0.086214,0.024386,-0.016411,-0.068176,-0.10629,-0.14647,-0.18496,-0.21347,-0.25779,-0.27633
0.72139,0.7506,0.83472,0.86803,0.879,0.88129,0.87874,0.87318,0.86591,0.85681,0.84626,0.83319,0.81805,0.79974,0.77854,0.75409,0.72573,0.69491,0.65894,0.62282,0.58014,0.54182,0.49574,0.45954,0.41515,0.38505,0.35766,0.32577,0.30489,0.28257,0.26592,0.25208,0.23741,0.23009,0.21456,0.21089,0.1975,0.19697,0.18608,0.18857
0.65478,0.69693,0.81374,0.85642,0.86757,0.86794,0.86322,0.85533,0.84554,0.83315,0.81865,0.8007,0.77987,0.75538,0.72723,0.69615,0.66048,0.62398,0.58181,0.54302,0.49772,0.46131,0.41823,0.38836,0.35242,0.33136,0.31096,0.29074,0.27481,0.2628,0.24893,0.24271,0.22962,0.22675,0.21868,0.21989,0.21336,0.21736,0.21419,0.21849
0.81024,0.82818,0.87539,0.88744,0.88444,0.87695,0.86775,0.85713,0.84485,0.82977,0.81169,0.78975,0.76359,0.73358,0.6981,0.66018,0.61538,0.57218,0.52094,0.47805,0.42697,0.39047,0.3468,0.32057,0.28935,0.27007,0.24921,0.23437,0.21474,0.20609,0.18764,0.18296,0.16651,0.16487,0.14697,0.14518,0.14092,0.14627,0.15148,0.17054
0.81024,0.82818,0.87539,0.88744,0.88444,0.87695,0.86775,0.85713,0.84485,0.82977,0.81169,0.78975,0.76359,0.73358,0.6981,0.66018,0.61538,0.57218,0.52094,0.47805,0.42697,0.39047,0.3468,0.32057,0.28935,0.27007,0.24921,0.23437,0.21474,0.20609,0.18764,0.18296,0.16651,0.16487,0.14697,0.14518,0.14092,0.14627,0.15148,0.17054
0.8279,0.84234,0.87977,0.89116,0.88982,0.88207,0.87079,0.85669,0.83964,0.81839,0.79239,0.76111,0.72311,0.68035,0.62853,0.57549,0.51124,0.45416,0.38557,0.33424,0.27353,0.23538,0.19203,0.16353,0.13751,0.11257,0.084134,0.071645,0.046828,0.039694,0.016072,0.01038,-0.0012914,-0.00056476,0.001458,0.018491,0.028355,0.06948,0.030504,0.072133
0.85194,0.85965,0.87967,0.88281,0.87614,0.86489,0.85059,0.83299,0.81146,0.78612,0.75608,0.72347,0.68602,0.64927,0.60809,0.57369,0.53642,0.51149,0.48546,0.47203,0.45879,0.45216,0.44783,0.44337,0.44339,0.43973,0.43754,0.43912,0.43707,0.4384,0.43902,0.44159,0.44436,0.45099,0.44722,0.45457,0.44296,0.44493,0.4607,0.47821
0.85194,0.85965,0.87967,0.88281,0.87614,0.86489,0.85059,0.83299,0.81146,0.78612,0.75608,0.72347,0.68602,0.64927,0.60809,0.57369,0.53642,0.51149,0.48546,0.47203,0.45879,0.45216,0.44783,0.44337,0.44339,0.43973,0.43754,0.43912,0.43707,0.4384,0.43902,0.44159,0.44436,0.45099,0.44722,0.45457,0.44296,0.44493,0.4607,0.47821
0.93645,0.93881,0.94153,0.93643,0.92772,0.91673,0.90359,0.88771,0.86855,0.84697,0.8228,0.79935,0.77617,0.75853,0.74554,0.74051,0.74249,0.74851,0.75911,0.77016,0.78107,0.7955,0.80401,0.82193,0.82898,0.84681,0.85385,0.85518,0.85624,0.84453,0.85541,0.8377,0.87287,0.86663,0.84291,0.81379,0.78083,0.75428,0.75607,0.7411
0.93645,0.93881,0.94153,0.93643,0.92772,0.91673,0.90359,0.88771,0.86855,0.84697,0.8228,0.79935,0.77617,0.75853,0.74554,0.74051,0.74249,0.74851,0.75911,0.77016,0.78107,0.7955,0.80401,0.82193,0.82898,0.84681,0.85385,0.85518,0.85624,0.84453,0.85541,0.8377,0.87287,0.86663,0.84291,0.81379,0.78083,0.75428,0.75607,0.7411
0.86338,0.86772,0.87383,0.86585,0.85155,0.83282,0.80747,0.77242,0.72458,0.66364,0.58365,0.49434,0.38149,0.27663,0.15172,0.053393,-0.050232,-0.1414,-0.20885,-0.31683,-0.36228,-0.49655,-0.54063,-0.63635,-0.61574,-0.57639,-0.62806,-0.4706,-0.76952,-0.67327,-0.44214,-0.19733,-0.090194,0.13532,-0.033514,0.16252,-0.099181,0.092737,0.27973,0.42589
0.86338,0.86772,0.87383,0.86585,0.85155,0.83282,0.80747,0.77242,0.72458,0.66364,0.58365,0.49434,0.38149,0.27663,0.15172,0.053393,-0.050232,-0.1414,-0.20885,-0.31683,-0.36228,-0.49655,-0.54063,-0.63635,-0.61574,-0.57639,-0.62806,-0.4706,-0.76952,-0.67327,-0.44214,-0.19733,-0.090194,0.13532,-0.033514,0.16252,-0.099181,0.092737,0.27973,0.42589
0.86338,0.86772,0.87383,0.86585,0.85155,0.83282,0.80747,0.77242,0.72458,0.66364,0.58365,0.49434,0.38149,0.27663,0.15172,0.053393,-0.050232,-0.1414,-0.20885,-0.31683,-0.36228,-0.49655,-0.54063,-0.63635,-0.61574,-0.57639,-0.62806,-0.4706,-0.76952,-0.67327,-0.44214,-0.19733,-0.090194,0.13532,-0.033514,0.16252,-0.099181,0.092737,0.27973,0.42589
0.7204,0.73741,0.77602,0.77969,0.76645,0.74012,0.69718,0.6346,0.54533,0.43447,0.28986,0.14521,-0.018224,-0.14738,-0.2621,-0.35762,-0.41475,-0.49105,-0.51986,-0.57419,-0.59107,-0.59264,-0.55543,-0.57168,-0.48366,-0.62001,-0.54732,-0.41242,-0.39436,-0.1712,-0.37027,-0.16406,-0.30578,-0.10171,0.32235,0.5005,0.49046,0.61076,0.35812,0.52147
0.7204,0.73741,0.77602,0.77969,0.76645,0.74012,0.69718,0.6346,0.54533,0.43447,0.28986,0.14521,-0.018224,-0.14738,-0.2621,-0.35762,-0.41475,-0.49105,-0.51986,-0.57419,-0.59107,-0.59264,-0.55543,-0.57168,-0.48366,-0.62001,-0.54732,-0.41242,-0.39436,-0.1712,-0.37027,-0.16406,-0.30578,-0.10171,0.32235,0.5005,0.49046,0.61076,0.35812,0.52147
0.7204,0.73741,0.77602,0.77969,0.76645,0.74012,0.69718,0.6346,0.54533,0.43447,0.28986,0.14521,-0.018224,-0.14738,-0.2621,-0.35762,-0.41475,-0.49105,-0.51986,-0.57419,-0.59107,-0.59264,-0.55543,-0.57168,-0.48366,-0.62001,-0.54732,-0.41242,-0.39436,-0.1712,-0.37027,-0.16406,-0.30578,-0.10171,0.32235,0.5005,0.49046,0.61076,0.35812,0.52147
0.7204,0.73741,0.77602,0.77969,0.76645,0.74012,0.69718,0.6346,0.54533,0.43447,0.28986,0.14521,-0.018224,-0.14738,-0.2621,-0.35762,-0.41475,-0.49105,-0.51986,-0.57419,-0.59107,-0.59264,-0.55543,-0.57168,-0.48366,-0.62001,-0.54732,-0.41242,-0.39436,-0.1712,-0.37027,-0.16406,-0.30578,-0.10171,0.32235,0.5005,0.49046,0.61076,0.35812,0.52147
0.8917,0.88909,0.86144,0.83537,0.80969,0.76885,0.70077,0.59943,0.45143,0.28164,0.089102,-0.063705,-0.179,-0.26905,-0.31044,-0.3632,-0.37926,-0.3959,-0.38296,-0.38048,-0.30779,-0.39183,-0.33258,-0.23963,0.015577,-0.099923,-0.28648,-0.12461,0.21866,0.47894,0.58622,0.73488,0.68905,0.81908,0.97811,0.98416,0.94807,0.92913,0.72541,0.70354
0.8917,0.88909,0.86144,0.83537,0.80969,0.76885,0.70077,0.59943,0.45143,0.28164,0.089102,-0.063705,-0.179,-0.26905,-0.31044,-0.3632,-0.37926,-0.3959,-0.38296,-0.38048,-0.30779,-0.39183,-0.33258,-0.23963,0.015577,-0.099923,-0.28648,-0.12461,0.21866,0.47894,0.58622,0.73488,0.68905,0.81908,0.97811,0.98416,0.94807,0.92913,0.72541,0.70354
0.8917,0.88909,0.86144,0.83537,0.80969,0.76885,0.70077,0.59943,0.45143,0.28164,0.089102,-0.063705,-0.179,-0.26905,-0.31044,-0.3632,-0.37926,-0.3959,-0.38296,-0.38048,-0.30779,-0.39183,-0.33258,-0.23963,0.015577,-0.099923,-0.28648,-0.12461,0.21866,0.47894,0.58622,0.73488,0.68905,0.81908,0.97811,0.98416,0.94807,0.92913,0.72541,0.70354
0.8917,0.88909,0.86144,0.83537,0.80969,0.76885,0.70077,0.59943,0.45143,0.28164,0.089102,-0.063705,-0.179,-0.26905,-0.31044,-0.3632,-0.37926,-0.3959,-0.38296,-0.38048,-0.30779,-0.39183,-0.33258,-0.23963,0.015577,-0.099923,-0.28648,-0.12461,0.21866,0.47894,0.58622,0.73488,0.68905,0.81908,0.97811,0.98416,0.94807,0.92913,0.72541,0.70354
0.8917,0.88909,0.86144,0.83537,0.80969,0.76885,0.70077,0.59943,0.45143,0.28164,0.089102,-0.063705,-0.179,-0.26905,-0.31044,-0.3632,-0.37926,-0.3959,-0.38296,-0.38048,-0.30779,-0.39183,-0.33258,-0.23963,0.015577,-0.099923,-0.28648,-0.12461,0.21866,0.47894,0.58622,0.73488,0.68905,0.81908,0.97811,0.98416,0.94807,0.92913,0.72541,0.70354
0.8917,0.88909,0.86144,0.83537,0.80969,0.76885,0.70077,0.59943,0.45143,0.28164,0.089102,-0.063705,-0.179,-0.26905,-0.31044,-0.3632,-0.37926,-0.3959,-0.38296,-0.38048,-0.30779,-0.39183,-0.33258,-0.23963,0.015577,-0.099923,-0.28648,-0.12461,0.21866,0.47894,0.58622,0.73488,0.68905,0.81908,0.97811,0.98416,0.94807,0.92913,0.72541,0.70354
0.75967,0.75631,0.7289,0.67492,0.5902,0.47739,0.34595,0.22824,0.13844,0.093083,0.075974,0.069666,0.072738,0.073964,0.077763,0.081172,0.09,0.082484,0.086833,0.10367,0.16031,0.11767,0.17998,0.18732,0.3055,0.45363,0.32556,0.53741,0.98669,0.99389,0.77014,0.70568,0.69091,0.67719,0.80743,0.80322,0.93324,0.94194,0.93786,0.93149
0.75967,0.75631,0.7289,0.67492,0.5902,0.47739,0.34595,0.22824,0.13844,0.093083,0.075974,0.069666,0.072738,0.073964,0.077763,0.081172,0.09,0.082484,0.086833,0.10367,0.16031,0.11767,0.17998,0.18732,0.3055,0.45363,0.32556,0.53741,0.98669,0.99389,0.77014,0.70568,0.69091,0.67719,0.80743,0.80322,0.93324,0.94194,0.93786,0.93149
0.75967,0.75631,0.7289,0.67492,0.5902,0.47739,0.34595,0.22824,0.13844,0.093083,0.075974,0.069666,0.072738,0.073964,0.077763,0.081172,0.09,0.082484,0.086833,0.10367,0.16031,0.11767,0.17998,0.18732,0.3055,0.45363,0.32556,0.53741,0.98669,0.99389,0.77014,0.70568,0.69091,0.67719,0.80743,0.80322,0.93324,0.94194,0.93786,0.93149
0.75967,0.75631,0.7289,0.67492,0.5902,0.47739,0.34595,0.22824,0.13844,0.093083,0.075974,0.069666,0.072738,0.073964,0.077763,0.081172,0.09,0.082484,0.086833,0.10367,0.16031,0.11767,0.17998,0.18732,0.3055,0.45363,0.32556,0.53741,0.98669,0.99389,0.77014,0.70568,0.69091,0.67719,0.80743,0.80322,0.93324,0.94194,0.93786,0.93149
0.75967,0.75631,0.7289,0.67492,0.5902,0.47739,0.34595,0.22824,0.13844,0.093083,0.075974,0.069666,0.072738,0.073964,0.077763,0.081172,0.09,0.082484,0.086833,0.10367,0.16031,0.11767,0.17998,0.18732,0.3055,0.45363,0.32556,0.53741,0.98669,0.99389,0.77014,0.70568,0.69091,0.67719,0.80743,0.80322,0.93324,0.94194,0.93786,0.93149
0.75967,0.75631,0.7289,0.67492,0.5902,0.47739,0.34595,0.22824,0.13844,0.093083,0.075974,0.069666,0.072738,0.073964,0.077763,0.081172,0.09,0.082484,0.086833,0.10367,0.16031,0.11767,0.17998,0.18732,0.3055,0.45363,0.32556,0.53741,0.98669,0.99389,0.77014,0.70568,0.69091,0.67719,0.80743,0.80322,0.93324,0.94194,0.93786,0.93149
0.75967,0.75631,0.7289,0.67492,0.5902,0.47739,0.34595,0.22824,0.13844,0.093083,0.075974,0.069666,0.072738,0.073964,0.077763,0.081172,0.09,0.082484,0.086833,0.10367,0.16031,0.11767,0.17998,0.18732,0.3055,0.45363,0.32556,0.53741,0.98669,0.99389,0.77014,0.70568,0.69091,0.67719,0.80743,0.80322,0.93324,0.94194,0.93786,0.93149
