0.015733,0.016137,0.019042,0.025776,0.039328,0.059377,0.083159,0.10907,0.13427,0.15894,0.18093,0.20175,0.21968,0.2368,0.25138,0.26565,0.27776,0.28997,0.30034,0.31112,0.32028,0.33013,0.3385,0.34778,0.35562,0.36454,0.37319,0.38071,0.38913,0.39639,0.40457,0.41157,0.41946,0.42617,0.43371,0.44009,0.44721,0.45322,0.45987,0.46547
0.020403,0.028907,0.072304,0.12072,0.16586,0.20583,0.23892,0.26622,0.28855,0.30838,0.32569,0.3429,0.3585,0.375,0.38983,0.40568,0.41958,0.4342,0.44672,0.45952,0.47028,0.48091,0.48976,0.49817,0.50516,0.51156,0.517,0.52171,0.52581,0.52941,0.53263,0.53549,0.53817,0.54057,0.54301,0.54517,0.54753,0.54959,0.55196,0.554
0.021771,0.038287,0.12784,0.20382,0.25325,0.29133,0.32253,0.35,0.37461,0.39855,0.4202,0.44123,0.45939,0.47618,0.49007,0.50227,0.51215,0.52052,0.52734,0.53315,0.53804,0.54253,0.54644,0.55044,0.55395,0.55789,0.5618,0.56527,0.56918,0.5726,0.57643,0.57975,0.58343,0.58662,0.5901,0.5931,0.5964,0.59922,0.60238,0.60505
0.10674,0.1203,0.20034,0.27066,0.31326,0.34533,0.37434,0.4034,0.43079,0.45673,0.47888,0.49794,0.51319,0.52559,0.53545,0.54376,0.55069,0.55733,0.56313,0.56938,0.57486,0.58101,0.58634,0.59229,0.59737,0.60298,0.60827,0.61294,0.6179,0.62223,0.62696,0.63103,0.6356,0.63951,0.644,0.64781,0.65221,0.65596,0.66028,0.664
0.14436,0.15681,0.21982,0.27484,0.31894,0.36178,0.40186,0.4376,0.46708,0.49075,0.50899,0.52312,0.53433,0.544,0.55238,0.56084,0.56843,0.57655,0.58376,0.59141,0.59808,0.60505,0.61105,0.61741,0.6228,0.62874,0.63441,0.63934,0.64475,0.64942,0.65458,0.65906,0.664,0.66834,0.67304,0.67732,0.68189,0.68624,0.69086,0.69547
0.14683,0.17206,0.2824,0.36407,0.41823,0.4615,0.49518,0.51925,0.53532,0.54524,0.55195,0.55728,0.56204,0.56731,0.57229,0.57785,0.58292,0.58834,0.59317,0.59834,0.60289,0.60784,0.61215,0.6169,0.62102,0.6255,0.62973,0.63368,0.63775,0.64173,0.64587,0.65018,0.65478,0.65983,0.66526,0.6715,0.67806,0.68588,0.69377,0.70347
0.18203,0.19526,0.26111,0.33314,0.39432,0.44313,0.47906,0.50484,0.52403,0.54003,0.55397,0.56755,0.57976,0.59153,0.60182,0.61145,0.61976,0.62779,0.63469,0.64174,0.6478,0.65425,0.65985,0.66586,0.67129,0.67717,0.683,0.68909,0.69564,0.70292,0.71071,0.71982,0.72927,0.74069,0.7518,0.76569,0.77806,0.79412,0.80707,0.8245
0.16074,0.18069,0.26408,0.34431,0.41123,0.46195,0.49551,0.51682,0.53181,0.54473,0.55643,0.56818,0.579,0.58987,0.59967,0.60995,0.61916,0.62927,0.63828,0.64822,0.65715,0.66671,0.67567,0.68505,0.6945,0.7044,0.71459,0.72623,0.73782,0.75167,0.76464,0.78075,0.79452,0.81221,0.82572,0.84371,0.85588,0.87272,0.88264,0.89713
0.19663,0.22552,0.32263,0.39606,0.44606,0.4788,0.50036,0.51658,0.53057,0.54385,0.55603,0.56736,0.57741,0.58701,0.59553,0.60425,0.61194,0.61974,0.6266,0.63307,0.63907,0.64455,0.65039,0.65604,0.66306,0.67022,0.67833,0.68947,0.69999,0.71484,0.72741,0.74552,0.75907,0.77899,0.79193,0.81154,0.82226,0.8394,0.84776,0.86121
0.29837,0.31639,0.39858,0.46538,0.50691,0.53701,0.56222,0.58538,0.60615,0.62445,0.6398,0.65303,0.66422,0.67474,0.68395,0.69304,0.70129,0.70951,0.71771,0.72631,0.73599,0.74654,0.75932,0.77261,0.78923,0.80456,0.82007,0.83969,0.85454,0.87357,0.8859,0.90208,0.91089,0.92294,0.92872,0.93666,0.94058,0.94519,0.94819,0.95039
0.2401,0.2546,0.34123,0.4185,0.46353,0.49562,0.52379,0.55072,0.57513,0.59625,0.61362,0.62871,0.64152,0.65452,0.6663,0.67924,0.69158,0.70504,0.7189,0.73379,0.75045,0.76764,0.78801,0.80706,0.83044,0.84935,0.86734,0.88941,0.9041,0.9224,0.93262,0.94576,0.95228,0.96053,0.96483,0.96932,0.97252,0.97441,0.97754,0.97783
0.30332,0.32501,0.43596,0.51974,0.55538,0.5732,0.58775,0.60321,0.61871,0.63397,0.64791,0.66063,0.6717,0.68089,0.68893,0.69556,0.70255,0.70969,0.7193,0.73001,0.74545,0.7606,0.78244,0.79999,0.82519,0.84144,0.85694,0.87686,0.88872,0.90261,0.91186,0.92005,0.92837,0.93241,0.9412,0.94286,0.95182,0.95231,0.96095,0.96117
0.32589,0.3453,0.43286,0.47746,0.48211,0.47987,0.47849,0.47828,0.47953,0.48296,0.48847,0.49741,0.50853,0.52323,0.5407,0.56129,0.58623,0.61258,0.64546,0.67549,0.71402,0.74302,0.7812,0.80379,0.83466,0.84827,0.86117,0.87518,0.88343,0.8895,0.89618,0.8974,0.90437,0.90342,0.91039,0.90894,0.91534,0.91444,0.91715,0.91559
0.3559,0.37823,0.47129,0.52727,0.54902,0.56407,0.57802,0.5908,0.60268,0.61461,0.62632,0.63815,0.65009,0.66232,0.67655,0.69188,0.71166,0.73116,0.75677,0.77736,0.8041,0.82063,0.8421,0.85175,0.86471,0.86953,0.87511,0.87833,0.88286,0.88317,0.88751,0.8867,0.89059,0.88962,0.8927,0.89195,0.89123,0.88851,0.88491,0.8773
0.3559,0.37823,0.47129,0.52727,0.54902,0.56407,0.57802,0.5908,0.60268,0.61461,0.62632,0.63815,0.65009,0.66232,0.67655,0.69188,0.71166,0.73116,0.75677,0.77736,0.8041,0.82063,0.8421,0.85175,0.86471,0.86953,0.87511,0.87833,0.88286,0.88317,0.88751,0.8867,0.89059,0.88962,0.8927,0.89195,0.89123,0.88851,0.88491,0.8773
0.28509,0.32526,0.47737,0.57567,0.6279,0.66349,0.6892,0.70798,0.72197,0.73294,0.74168,0.74914,0.7563,0.76379,0.77351,0.78417,0.79884,0.8119,0.82885,0.8402,0.85413,0.86103,0.86923,0.87291,0.87637,0.87905,0.88223,0.88269,0.88544,0.88532,0.88754,0.8874,0.8883,0.88771,0.88613,0.88311,0.88189,0.87549,0.88125,0.87501
0.40711,0.41611,0.45246,0.48051,0.5089,0.53434,0.55472,0.57268,0.5909,0.60992,0.63012,0.65029,0.67281,0.69449,0.71944,0.73939,0.76149,0.77374,0.78684,0.79011,0.79391,0.79277,0.79129,0.78952,0.78618,0.78527,0.78422,0.78148,0.78075,0.77862,0.777,0.77432,0.77196,0.76673,0.76949,0.76404,0.77236,0.77075,0.7614,0.74954
0.40711,0.41611,0.45246,0.48051,0.5089,0.53434,0.55472,0.57268,0.5909,0.60992,0.63012,0.65029,0.67281,0.69449,0.71944,0.73939,0.76149,0.77374,0.78684,0.79011,0.79391,0.79277,0.79129,0.78952,0.78618,0.78527,0.78422,0.78148,0.78075,0.77862,0.777,0.77432,0.77196,0.76673,0.76949,0.76404,0.77236,0.77075,0.7614,0.74954
0.42777,0.45216,0.52123,0.55927,0.58365,0.59528,0.59651,0.59161,0.58291,0.57269,0.56173,0.55214,0.5456,0.54225,0.54515,0.54829,0.55731,0.56098,0.56724,0.5689,0.56948,0.57151,0.56897,0.5727,0.56996,0.57358,0.57258,0.56923,0.56571,0.55657,0.56137,0.55057,0.56784,0.56487,0.55176,0.53262,0.51043,0.48141,0.49125,0.46822
0.42777,0.45216,0.52123,0.55927,0.58365,0.59528,0.59651,0.59161,0.58291,0.57269,0.56173,0.55214,0.5456,0.54225,0.54515,0.54829,0.55731,0.56098,0.56724,0.5689,0.56948,0.57151,0.56897,0.5727,0.56996,0.57358,0.57258,0.56923,0.56571,0.55657,0.56137,0.55057,0.56784,0.56487,0.55176,0.53262,0.51043,0.48141,0.49125,0.46822
0.20848,0.24253,0.36622,0.46959,0.54774,0.60181,0.63919,0.67021,0.69921,0.72787,0.75947,0.79095,0.82767,0.85668,0.88657,0.90319,0.91704,0.92453,0.92737,0.93237,0.93136,0.93549,0.93419,0.935,0.93183,0.92909,0.92959,0.92128,0.93147,0.92707,0.9182,0.89661,0.88458,0.83774,0.87399,0.82832,0.88634,0.84998,0.77737,0.71686
0.20848,0.24253,0.36622,0.46959,0.54774,0.60181,0.63919,0.67021,0.69921,0.72787,0.75947,0.79095,0.82767,0.85668,0.88657,0.90319,0.91704,0.92453,0.92737,0.93237,0.93136,0.93549,0.93419,0.935,0.93183,0.92909,0.92959,0.92128,0.93147,0.92707,0.9182,0.89661,0.88458,0.83774,0.87399,0.82832,0.88634,0.84998,0.77737,0.71686
0.20848,0.24253,0.36622,0.46959,0.54774,0.60181,0.63919,0.67021,0.69921,0.72787,0.75947,0.79095,0.82767,0.85668,0.88657,0.90319,0.91704,0.92453,0.92737,0.93237,0.93136,0.93549,0.93419,0.935,0.93183,0.92909,0.92959,0.92128,0.93147,0.92707,0.9182,0.89661,0.88458,0.83774,0.87399,0.82832,0.88634,0.84998,0.77737,0.71686
0.45589,0.48086,0.54807,0.60215,0.64281,0.67387,0.70003,0.7266,0.75885,0.79627,0.84057,0.87776,0.91241,0.93212,0.94571,0.95331,0.95554,0.95956,0.95899,0.96114,0.96047,0.95863,0.95389,0.95519,0.94704,0.95876,0.95155,0.93811,0.9358,0.9067,0.93811,0.91624,0.93054,0.90449,0.80707,0.7651,0.77605,0.74405,0.86764,0.82403
0.45589,0.48086,0.54807,0.60215,0.64281,0.67387,0.70003,0.7266,0.75885,0.79627,0.84057,0.87776,0.91241,0.93212,0.94571,0.95331,0.95554,0.95956,0.95899,0.96114,0.96047,0.95863,0.95389,0.95519,0.94704,0.95876,0.95155,0.93811,0.9358,0.9067,0.93811,0.91624,0.93054,0.90449,0.80707,0.7651,0.77605,0.74405,0.86764,0.82403
0.45589,0.48086,0.54807,0.60215,0.64281,0.67387,0.70003,0.7266,0.75885,0.79627,0.84057,0.87776,0.91241,0.93212,0.94571,0.95331,0.95554,0.95956,0.95899,0.96114,0.96047,0.95863,0.95389,0.95519,0.94704,0.95876,0.95155,0.93811,0.9358,0.9067,0.93811,0.91624,0.93054,0.90449,0.80707,0.7651,0.77605,0.74405,0.86764,0.82403
0.45589,0.48086,0.54807,0.60215,0.64281,0.67387,0.70003,0.7266,0.75885,0.79627,0.84057,0.87776,0.91241,0.93212,0.94571,0.95331,0.95554,0.95956,0.95899,0.96114,0.96047,0.95863,0.95389,0.95519,0.94704,0.95876,0.95155,0.93811,0.9358,0.9067,0.93811,0.91624,0.93054,0.90449,0.80707,0.7651,0.77605,0.74405,0.86764,0.82403
0.51427,0.50981,0.5321,0.58181,0.6356,0.69075,0.74233,0.78835,0.8322,0.86663,0.89354,0.90721,0.91408,0.91727,0.91692,0.91771,0.91651,0.91605,0.914,0.91306,0.90755,0.91322,0.90972,0.9005,0.87403,0.89114,0.9035,0.88761,0.85035,0.79905,0.75553,0.68177,0.69021,0.55151,0.51766,0.51879,0.62914,0.6317,0.59984,0.62533
0.51427,0.50981,0.5321,0.58181,0.6356,0.69075,0.74233,0.78835,0.8322,0.86663,0.89354,0.90721,0.91408,0.91727,0.91692,0.91771,0.91651,0.91605,0.914,0.91306,0.90755,0.91322,0.90972,0.9005,0.87403,0.89114,0.9035,0.88761,0.85035,0.79905,0.75553,0.68177,0.69021,0.55151,0.51766,0.51879,0.62914,0.6317,0.59984,0.62533
0.51427,0.50981,0.5321,0.58181,0.6356,0.69075,0.74233,0.78835,0.8322,0.86663,0.89354,0.90721,0.91408,0.91727,0.91692,0.91771,0.91651,0.91605,0.914,0.91306,0.90755,0.91322,0.90972,0.9005,0.87403,0.89114,0.9035,0.88761,0.85035,0.79905,0.75553,0.68177,0.69021,0.55151,0.51766,0.51879,0.62914,0.6317,0.59984,0.62533
0.51427,0.50981,0.5321,0.58181,0.6356,0.69075,0.74233,0.78835,0.8322,0.86663,0.89354,0.90721,0.91408,0.91727,0.91692,0.91771,0.91651,0.91605,0.914,0.91306,0.90755,0.91322,0.90972,0.9005,0.87403,0.89114,0.9035,0.88761,0.85035,0.79905,0.75553,0.68177,0.69021,0.55151,0.51766,0.51879,0.62914,0.6317,0.59984,0.62533
0.51427,0.50981,0.5321,0.58181,0.6356,0.69075,0.74233,0.78835,0.8322,0.86663,0.89354,0.90721,0.91408,0.91727,0.91692,0.91771,0.91651,0.91605,0.914,0.91306,0.90755,0.91322,0.90972,0.9005,0.87403,0.89114,0.9035,0.88761,0.85035,0.79905,0.75553,0.68177,0.69021,0.55151,0.51766,0.51879,0.62914,0.6317,0.59984,0.62533
0.51427,0.50981,0.5321,0.58181,0.6356,0.69075,0.74233,0.78835,0.8322,0.86663,0.89354,0.90721,0.91408,0.91727,0.91692,0.91771,0.91651,0.91605,0.914,0.91306,0.90755,0.91322,0.90972,0.9005,0.87403,0.89114,0.9035,0.88761,0.85035,0.79905,0.75553,0.68177,0.69021,0.55151,0.51766,0.51879,0.62914,0.6317,0.59984,0.62533
0.38817,0.43206,0.55849,0.62487,0.68001,0.73867,0.79587,0.84074,0.87132,0.88812,0.89723,0.90348,0.90679,0.90981,0.9114,0.9122,0.91145,0.91332,0.91239,0.90983,0.89862,0.90696,0.89291,0.89269,0.8663,0.81258,0.83015,0.72092,0.72718,0.73295,0.55197,0.62515,0.76733,0.77155,0.63423,0.63615,0.29905,0.29193,0.72249,0.72271
0.38817,0.43206,0.55849,0.62487,0.68001,0.73867,0.79587,0.84074,0.87132,0.88812,0.89723,0.90348,0.90679,0.90981,0.9114,0.9122,0.91145,0.91332,0.91239,0.90983,0.89862,0.90696,0.89291,0.89269,0.8663,0.81258,0.83015,0.72092,0.72718,0.73295,0.55197,0.62515,0.76733,0.77155,0.63423,0.63615,0.29905,0.29193,0.72249,0.72271
0.38817,0.43206,0.55849,0.62487,0.68001,0.73867,0.79587,0.84074,0.87132,0.88812,0.89723,0.90348,0.90679,0.90981,0.9114,0.9122,0.91145,0.91332,0.91239,0.90983,0.89862,0.90696,0.89291,0.89269,0.8663,0.81258,0.83015,0.72092,0.72718,0.73295,0.55197,0.62515,0.76733,0.77155,0.63423,0.63615,0.29905,0.29193,0.72249,0.72271
0.38817,0.43206,0.55849,0.62487,0.68001,0.73867,0.79587,0.84074,0.87132,0.88812,0.89723,0.90348,0.90679,0.90981,0.9114,0.9122,0.91145,0.91332,0.91239,0.90983,0.89862,0.90696,0.89291,0.89269,0.8663,0.81258,0.83015,0.72092,0.72718,0.73295,0.55197,0.62515,0.76733,0.77155,0.63423,0.63615,0.29905,0.29193,0.72249,0.72271
0.38817,0.43206,0.55849,0.62487,0.68001,0.73867,0.79587,0.84074,0.87132,0.88812,0.89723,0.90348,0.90679,0.90981,0.9114,0.9122,0.91145,0.91332,0.91239,0.90983,0.89862,0.90696,0.89291,0.89269,0.8663,0.81258,0.83015,0.72092,0.72718,0.73295,0.55197,0.62515,0.76733,0.77155,0.63423,0.63615,0.29905,0.29193,0.72249,0.72271
0.38817,0.43206,0.55849,0.62487,0.68001,0.73867,0.79587,0.84074,0.87132,0.88812,0.89723,0.90348,0.90679,0.90981,0.9114,0.9122,0.91145,0.91332,0.91239,0.90983,0.89862,0.90696,0.89291,0.89269,0.8663,0.81258,0.83015,0.72092,0.72718,0.73295,0.55197,0.62515,0.76733,0.77155,0.63423,0.63615,0.29905,0.29193,0.72249,0.72271
0.38817,0.43206,0.55849,0.62487,0.68001,0.73867,0.79587,0.84074,0.87132,0.88812,0.89723,0.90348,0.90679,0.90981,0.9114,0.9122,0.91145,0.91332,0.91239,0.90983,0.89862,0.90696,0.89291,0.89269,0.8663,0.81258,0.83015,0.72092,0.72718,0.73295,0.55197,0.62515,0.76733,0.77155,0.63423,0.63615,0.29905,0.29193,0.72249,0.72271
