-0.00064856,-0.00088463,-0.0023857,-0.0043674,-0.0061229,-0.0068509,-0.0060483,-0.002978,0.002161,0.01041,0.020395,0.033383,0.046928,0.062981,0.078479,0.096443,0.11309,0.13264,0.15026,0.17131,0.18985,0.21218,0.23144,0.25461,0.27425,0.29771,0.32065,0.34055,0.36303,0.38233,0.40401,0.42244,0.44308,0.46049,0.47994,0.49624,0.51446,0.52963,0.5466,0.56065
-0.002385,-0.0032566,-0.0074405,-0.0048543,0.010585,0.036254,0.066875,0.10058,0.13492,0.17289,0.21049,0.25242,0.29201,0.33511,0.3739,0.41508,0.45082,0.48826,0.51995,0.55304,0.58052,0.60936,0.63295,0.65792,0.67812,0.69963,0.71913,0.73534,0.75199,0.76578,0.7799,0.79158,0.80344,0.81328,0.82318,0.83144,0.83964,0.84653,0.85329,0.85902
-0.0045053,-0.0024647,0.014957,0.047028,0.086223,0.13201,0.18388,0.24292,0.30266,0.36421,0.42015,0.47501,0.52227,0.56837,0.60696,0.64492,0.67613,0.70699,0.73205,0.75671,0.77659,0.79588,0.81141,0.82619,0.83814,0.84926,0.85872,0.86672,0.87385,0.87995,0.88541,0.89014,0.89445,0.89821,0.90173,0.90481,0.90781,0.91042,0.91305,0.91533
-0.0081166,-0.006058,0.039642,0.11842,0.2009,0.28649,0.3691,0.44637,0.51356,0.57395,0.62417,0.66996,0.70733,0.74189,0.76968,0.79518,0.81545,0.83362,0.84803,0.86061,0.87069,0.87936,0.88643,0.89255,0.89764,0.90217,0.90616,0.90959,0.91282,0.91562,0.91837,0.92075,0.92316,0.92524,0.92738,0.92923,0.93114,0.9328,0.93449,0.93598
0.025435,0.03463,0.11779,0.22367,0.31989,0.41492,0.50198,0.57846,0.64097,0.69388,0.73585,0.77163,0.79977,0.82356,0.84217,0.85758,0.86973,0.87973,0.88779,0.89462,0.90028,0.90541,0.90974,0.91394,0.91751,0.92116,0.92454,0.92752,0.93052,0.93319,0.93584,0.93823,0.94054,0.94265,0.94462,0.94645,0.94809,0.94965,0.95099,0.95229
-0.016974,-0.0036244,0.088301,0.21878,0.34932,0.46761,0.5653,0.64483,0.70676,0.75676,0.79495,0.82521,0.84804,0.86568,0.87909,0.88945,0.89755,0.90409,0.90938,0.91397,0.91776,0.92131,0.92427,0.92718,0.92962,0.93204,0.93422,0.93611,0.93788,0.93944,0.94082,0.94205,0.94314,0.94409,0.94491,0.94564,0.94626,0.94681,0.94727,0.94767
0.016927,0.031982,0.15173,0.3148,0.45544,0.57205,0.66348,0.73439,0.78725,0.82733,0.85659,0.87825,0.89419,0.90624,0.91551,0.92319,0.92941,0.93511,0.93986,0.94443,0.94827,0.95193,0.95504,0.95786,0.96028,0.96231,0.96397,0.96547,0.96659,0.96761,0.96835,0.96902,0.96949,0.96992,0.97027,0.97056,0.97087,0.97109,0.9714,0.97161
0.067594,0.093359,0.2442,0.40773,0.5389,0.64269,0.72132,0.77953,0.82069,0.84908,0.86852,0.8817,0.89115,0.89826,0.9039,0.90888,0.91317,0.91734,0.92105,0.92466,0.92793,0.93093,0.93367,0.93593,0.93803,0.93969,0.94105,0.94234,0.94329,0.9442,0.94496,0.94565,0.94631,0.94691,0.94761,0.9482,0.94903,0.94973,0.95066,0.95153
-0.00089859,0.030376,0.23442,0.44503,0.59119,0.69446,0.76669,0.81653,0.85006,0.87242,0.88778,0.89901,0.90757,0.91502,0.92118,0.92701,0.93197,0.93661,0.94057,0.94406,0.94704,0.9495,0.95162,0.95334,0.95485,0.95608,0.9572,0.95822,0.95917,0.96007,0.96102,0.96192,0.96291,0.96388,0.96498,0.96611,0.96736,0.96871,0.97015,0.97176
0.18552,0.22013,0.38407,0.52915,0.63786,0.72038,0.77849,0.81791,0.84446,0.86285,0.87621,0.88662,0.89503,0.90236,0.90869,0.9144,0.91946,0.92385,0.92779,0.93096,0.93386,0.93609,0.93818,0.93981,0.9414,0.94282,0.94426,0.94566,0.94722,0.94878,0.9506,0.95248,0.95464,0.95696,0.95946,0.96224,0.96494,0.96804,0.97074,0.97392
-0.05618,0.0014794,0.29627,0.53955,0.68428,0.77433,0.82856,0.86058,0.88003,0.89287,0.90197,0.90951,0.9155,0.92094,0.92536,0.92928,0.93246,0.93515,0.93735,0.93923,0.9408,0.94224,0.94348,0.94483,0.94603,0.94751,0.94909,0.95065,0.95261,0.95462,0.95699,0.95954,0.96228,0.96535,0.96827,0.97163,0.97445,0.97778,0.98039,0.98341
0.034628,0.093535,0.40956,0.64077,0.74912,0.81033,0.84735,0.87011,0.88468,0.89481,0.90223,0.90831,0.91313,0.91728,0.92062,0.92339,0.92559,0.92739,0.9288,0.93006,0.93108,0.93225,0.93325,0.93468,0.93602,0.93795,0.94016,0.94264,0.9456,0.9491,0.95275,0.95719,0.96112,0.96603,0.96988,0.97466,0.97784,0.98193,0.98414,0.9872
0.082685,0.13268,0.38048,0.58018,0.70708,0.78963,0.84044,0.87179,0.89278,0.90853,0.92104,0.93137,0.93992,0.9465,0.95184,0.95561,0.95871,0.96091,0.96283,0.96458,0.96617,0.96793,0.96962,0.97159,0.97357,0.97574,0.97788,0.98027,0.98245,0.98486,0.9868,0.98892,0.99076,0.99253,0.99355,0.99469,0.99548,0.9961,0.99673,0.99698
0.08596,0.15359,0.47312,0.68741,0.78387,0.83389,0.86341,0.88364,0.89912,0.91241,0.92368,0.9332,0.94108,0.9468,0.9513,0.95402,0.95607,0.95721,0.95807,0.9588,0.95939,0.96034,0.96126,0.96276,0.96439,0.96654,0.9689,0.97176,0.97451,0.97783,0.98057,0.98382,0.98615,0.98888,0.99047,0.99241,0.9934,0.99458,0.99529,0.99589
0.30353,0.36664,0.60283,0.73677,0.80314,0.84208,0.86686,0.88452,0.89813,0.90963,0.91919,0.92726,0.93387,0.93914,0.94347,0.94692,0.94993,0.95254,0.95502,0.95741,0.95991,0.96247,0.96539,0.96833,0.97185,0.97501,0.97813,0.98184,0.9846,0.98783,0.98978,0.99212,0.99338,0.99483,0.99562,0.99636,0.99696,0.99724,0.99784,0.99787
0.1639,0.23918,0.51408,0.67911,0.76619,0.81657,0.84724,0.86815,0.88407,0.8972,0.90805,0.9166,0.92329,0.92796,0.93139,0.93387,0.93565,0.93747,0.93892,0.94096,0.94297,0.94586,0.94913,0.9532,0.95803,0.96274,0.96752,0.9731,0.97716,0.98192,0.98474,0.98802,0.99005,0.99202,0.99322,0.99413,0.99504,0.9952,0.99598,0.99556
0.14685,0.23069,0.55257,0.72515,0.80432,0.84761,0.87387,0.89181,0.90451,0.91375,0.92025,0.92484,0.92821,0.931,0.9335,0.93621,0.93912,0.94254,0.94655,0.95097,0.95634,0.96151,0.96782,0.97273,0.97873,0.98255,0.98584,0.98946,0.99152,0.99361,0.99483,0.99581,0.99673,0.99706,0.99783,0.9978,0.99862,0.99846,0.99927,0.99913
0.038937,0.11678,0.44918,0.66456,0.76538,0.81548,0.8443,0.86476,0.88039,0.89258,0.90166,0.90832,0.91324,0.91754,0.92129,0.92572,0.93029,0.936,0.94227,0.94913,0.95672,0.96345,0.97083,0.97635,0.98225,0.98579,0.9886,0.99152,0.99318,0.99469,0.99577,0.99639,0.99699,0.99695,0.99794,0.9977,0.99821,0.99762,0.99868,0.99807
0.089729,0.19386,0.56347,0.73348,0.80116,0.83415,0.85247,0.86446,0.87232,0.87726,0.87948,0.87973,0.87845,0.87696,0.8752,0.87534,0.87653,0.88134,0.88856,0.89877,0.91193,0.92448,0.93951,0.9499,0.96229,0.96899,0.97487,0.98101,0.9846,0.98781,0.99025,0.99161,0.99351,0.99376,0.99558,0.99522,0.99676,0.99591,0.99713,0.99564
0.40188,0.46275,0.67369,0.7866,0.83617,0.85991,0.87276,0.88144,0.88806,0.89349,0.89774,0.90132,0.90448,0.90774,0.9114,0.91578,0.92156,0.92829,0.93735,0.94594,0.95694,0.96493,0.97449,0.97967,0.98564,0.98846,0.99128,0.99302,0.99505,0.99549,0.99729,0.99723,0.99884,0.99874,0.9996,0.99938,0.9994,0.99863,0.99728,0.99481
0.40461,0.45209,0.66835,0.80402,0.85357,0.87364,0.88314,0.88804,0.8902,0.89059,0.88977,0.88914,0.88878,0.89042,0.89373,0.9001,0.90937,0.92046,0.93444,0.94638,0.95996,0.96859,0.97792,0.98261,0.98744,0.99,0.99259,0.99368,0.99589,0.99613,0.99744,0.99699,0.99851,0.99782,0.9983,0.99679,0.99689,0.99388,0.99177,0.98452
0.40461,0.45209,0.66835,0.80402,0.85357,0.87364,0.88314,0.88804,0.8902,0.89059,0.88977,0.88914,0.88878,0.89042,0.89373,0.9001,0.90937,0.92046,0.93444,0.94638,0.95996,0.96859,0.97792,0.98261,0.98744,0.99,0.99259,0.99368,0.99589,0.99613,0.99744,0.99699,0.99851,0.99782,0.9983,0.99679,0.99689,0.99388,0.99177,0.98452
0.29466,0.39183,0.69148,0.80585,0.84511,0.86882,0.88976,0.90963,0.92683,0.94023,0.95066,0.95843,0.96491,0.97034,0.97564,0.98036,0.98518,0.98893,0.99249,0.99449,0.99622,0.99723,0.99771,0.99856,0.99859,0.999,0.99952,0.99928,0.99967,0.99933,0.99936,0.99858,0.99827,0.99643,0.99682,0.99381,0.99762,0.99526,0.99266,0.98612
0.29466,0.39183,0.69148,0.80585,0.84511,0.86882,0.88976,0.90963,0.92683,0.94023,0.95066,0.95843,0.96491,0.97034,0.97564,0.98036,0.98518,0.98893,0.99249,0.99449,0.99622,0.99723,0.99771,0.99856,0.99859,0.999,0.99952,0.99928,0.99967,0.99933,0.99936,0.99858,0.99827,0.99643,0.99682,0.99381,0.99762,0.99526,0.99266,0.98612
0.29466,0.39183,0.69148,0.80585,0.84511,0.86882,0.88976,0.90963,0.92683,0.94023,0.95066,0.95843,0.96491,0.97034,0.97564,0.98036,0.98518,0.98893,0.99249,0.99449,0.99622,0.99723,0.99771,0.99856,0.99859,0.999,0.99952,0.99928,0.99967,0.99933,0.99936,0.99858,0.99827,0.99643,0.99682,0.99381,0.99762,0.99526,0.99266,0.98612
0.36583,0.41998,0.67858,0.83671,0.8877,0.90783,0.91804,0.92388,0.92702,0.9294,0.93162,0.93535,0.94075,0.94821,0.95757,0.96649,0.97581,0.98219,0.98809,0.99131,0.99391,0.99557,0.99624,0.99765,0.99766,0.99812,0.999,0.9983,0.99876,0.99729,0.99594,0.99103,0.99335,0.98565,0.99079,0.98124,0.98693,0.9756,0.98348,0.97218
0.36583,0.41998,0.67858,0.83671,0.8877,0.90783,0.91804,0.92388,0.92702,0.9294,0.93162,0.93535,0.94075,0.94821,0.95757,0.96649,0.97581,0.98219,0.98809,0.99131,0.99391,0.99557,0.99624,0.99765,0.99766,0.99812,0.999,0.9983,0.99876,0.99729,0.99594,0.99103,0.99335,0.98565,0.99079,0.98124,0.98693,0.9756,0.98348,0.97218
0.36583,0.41998,0.67858,0.83671,0.8877,0.90783,0.91804,0.92388,0.92702,0.9294,0.93162,0.93535,0.94075,0.94821,0.95757,0.96649,0.97581,0.98219,0.98809,0.99131,0.99391,0.99557,0.99624,0.99765,0.99766,0.99812,0.999,0.9983,0.99876,0.99729,0.99594,0.99103,0.99335,0.98565,0.99079,0.98124,0.98693,0.9756,0.98348,0.97218
0.67457,0.7169,0.83109,0.88063,0.90515,0.92115,0.93143,0.93756,0.94202,0.9464,0.95215,0.95931,0.96852,0.97682,0.98509,0.99008,0.99396,0.99618,0.99724,0.99851,0.99854,0.99958,0.99948,0.99986,0.99951,0.99896,0.99913,0.99783,0.99961,0.99907,0.99742,0.99394,0.99218,0.98427,0.98795,0.97874,0.99018,0.983,0.97724,0.96794
0.67457,0.7169,0.83109,0.88063,0.90515,0.92115,0.93143,0.93756,0.94202,0.9464,0.95215,0.95931,0.96852,0.97682,0.98509,0.99008,0.99396,0.99618,0.99724,0.99851,0.99854,0.99958,0.99948,0.99986,0.99951,0.99896,0.99913,0.99783,0.99961,0.99907,0.99742,0.99394,0.99218,0.98427,0.98795,0.97874,0.99018,0.983,0.97724,0.96794
0.67457,0.7169,0.83109,0.88063,0.90515,0.92115,0.93143,0.93756,0.94202,0.9464,0.95215,0.95931,0.96852,0.97682,0.98509,0.99008,0.99396,0.99618,0.99724,0.99851,0.99854,0.99958,0.99948,0.99986,0.99951,0.99896,0.99913,0.99783,0.99961,0.99907,0.99742,0.99394,0.99218,0.98427,0.98795,0.97874,0.99018,0.983,0.97724,0.96794
0.67457,0.7169,0.83109,0.88063,0.90515,0.92115,0.93143,0.93756,0.94202,0.9464,0.95215,0.95931,0.96852,0.97682,0.98509,0.99008,0.99396,0.99618,0.99724,0.99851,0.99854,0.99958,0.99948,0.99986,0.99951,0.99896,0.99913,0.99783,0.99961,0.99907,0.99742,0.99394,0.99218,0.98427,0.98795,0.97874,0.99018,0.983,0.97724,0.96794
0.53273,0.59784,0.79426,0.87219,0.89674,0.90592,0.90848,0.9091,0.9113,0.91839,0.93111,0.94627,0.96296,0.97471,0.98459,0.98997,0.99362,0.99607,0.99692,0.99843,0.9983,0.9993,0.9986,0.99921,0.9976,0.99811,0.99764,0.99369,0.99589,0.99087,0.99426,0.98769,0.97975,0.96382,0.96215,0.95191,0.96551,0.95968,0.91611,0.89647
0.53273,0.59784,0.79426,0.87219,0.89674,0.90592,0.90848,0.9091,0.9113,0.91839,0.93111,0.94627,0.96296,0.97471,0.98459,0.98997,0.99362,0.99607,0.99692,0.99843,0.9983,0.9993,0.9986,0.99921,0.9976,0.99811,0.99764,0.99369,0.99589,0.99087,0.99426,0.98769,0.97975,0.96382,0.96215,0.95191,0.96551,0.95968,0.91611,0.89647
0.53273,0.59784,0.79426,0.87219,0.89674,0.90592,0.90848,0.9091,0.9113,0.91839,0.93111,0.94627,0.96296,0.97471,0.98459,0.98997,0.99362,0.99607,0.99692,0.99843,0.9983,0.9993,0.9986,0.99921,0.9976,0.99811,0.99764,0.99369,0.99589,0.99087,0.99426,0.98769,0.97975,0.96382,0.96215,0.95191,0.96551,0.95968,0.91611,0.89647
0.53273,0.59784,0.79426,0.87219,0.89674,0.90592,0.90848,0.9091,0.9113,0.91839,0.93111,0.94627,0.96296,0.97471,0.98459,0.98997,0.99362,0.99607,0.99692,0.99843,0.9983,0.9993,0.9986,0.99921,0.9976,0.99811,0.99764,0.99369,0.99589,0.99087,0.99426,0.98769,0.97975,0.96382,0.96215,0.95191,0.96551,0.95968,0.91611,0.89647
0.53273,0.59784,0.79426,0.87219,0.89674,0.90592,0.90848,0.9091,0.9113,0.91839,0.93111,0.94627,0.96296,0.97471,0.98459,0.98997,0.99362,0.99607,0.99692,0.99843,0.9983,0.9993,0.9986,0.99921,0.9976,0.99811,0.99764,0.99369,0.99589,0.99087,0.99426,0.98769,0.97975,0.96382,0.96215,0.95191,0.96551,0.95968,0.91611,0.89647
0.68547,0.72853,0.84655,0.88915,0.89788,0.89427,0.88276,0.8692,0.86021,0.86416,0.88139,0.904,0.93008,0.94854,0.96549,0.97525,0.98277,0.98741,0.98843,0.99239,0.98928,0.99673,0.99428,0.99493,0.98499,0.9823,0.98751,0.97119,0.97402,0.96213,0.94772,0.93282,0.79924,0.75118,0.91101,0.91239,0.95694,0.95628,0.90548,0.90501
0.84259,0.84224,0.85044,0.86535,0.87745,0.88566,0.8934,0.90472,0.92275,0.94431,0.96646,0.98119,0.99014,0.99546,0.99709,0.99937,0.99967,0.99983,0.99885,0.9988,0.99584,0.9994,0.99808,0.99177,0.97693,0.98451,0.99841,0.99603,0.95904,0.93332,0.93534,0.91739,0.94574,0.92875,0.87442,0.8741,0.90768,0.90963,0.96437,0.96433
0.84259,0.84224,0.85044,0.86535,0.87745,0.88566,0.8934,0.90472,0.92275,0.94431,0.96646,0.98119,0.99014,0.99546,0.99709,0.99937,0.99967,0.99983,0.99885,0.9988,0.99584,0.9994,0.99808,0.99177,0.97693,0.98451,0.99841,0.99603,0.95904,0.93332,0.93534,0.91739,0.94574,0.92875,0.87442,0.8741,0.90768,0.90963,0.96437,0.96433
