0.029012,0.032985,0.055753,0.080915,0.10287,0.12384,0.14393,0.16381,0.18271,0.20189,0.21973,0.23811,0.25476,0.27213,0.28751,0.30379,0.31794,0.33319,0.34624,0.36063,0.37275,0.38645,0.39784,0.411,0.42178,0.4345,0.44678,0.45711,0.46903,0.47893,0.49049,0.5,0.51119,0.52032,0.53113,0.53988,0.55029,0.55865,0.56863,0.57661
0.045026,0.055528,0.10827,0.15717,0.1975,0.23508,0.26973,0.30232,0.33166,0.36005,0.38533,0.41097,0.43355,0.45741,0.47804,0.50046,0.51945,0.54039,0.55778,0.57708,0.59284,0.61033,0.62443,0.64005,0.65251,0.66629,0.67889,0.68924,0.70025,0.70923,0.71881,0.72656,0.73489,0.7416,0.74883,0.75462,0.76091,0.76592,0.7714,0.77575
0.097888,0.10899,0.17189,0.23606,0.28843,0.33505,0.37686,0.41624,0.45175,0.48664,0.51745,0.54836,0.57488,0.60171,0.62411,0.6468,0.66532,0.68412,0.6992,0.71459,0.72677,0.73931,0.74913,0.75932,0.76725,0.77555,0.78289,0.78879,0.79485,0.79971,0.80481,0.80887,0.81324,0.81671,0.82054,0.82357,0.82699,0.82968,0.83278,0.8352
0.11445,0.13216,0.21733,0.29315,0.35232,0.40516,0.45289,0.49793,0.53795,0.57609,0.60866,0.63955,0.66494,0.68892,0.70811,0.7263,0.74059,0.75428,0.76492,0.77527,0.78327,0.79126,0.79742,0.8038,0.80871,0.81401,0.81881,0.82266,0.82686,0.83022,0.83397,0.83696,0.84035,0.84305,0.84613,0.84859,0.8514,0.85365,0.8562,0.85826
0.15132,0.17009,0.26407,0.34826,0.41372,0.47213,0.52423,0.57184,0.61245,0.64877,0.6782,0.70429,0.72483,0.74331,0.75765,0.77088,0.78109,0.79087,0.79841,0.806,0.81187,0.81808,0.82288,0.82818,0.83227,0.8369,0.84113,0.84456,0.8483,0.85134,0.85465,0.85736,0.8603,0.86272,0.86531,0.86747,0.86976,0.87169,0.87371,0.87543
0.15769,0.18363,0.30257,0.40213,0.47621,0.53859,0.59107,0.6363,0.67316,0.70479,0.72964,0.75101,0.76742,0.78181,0.79283,0.803,0.81087,0.81866,0.82475,0.83114,0.83616,0.8416,0.84589,0.85058,0.8543,0.85835,0.86201,0.86508,0.86824,0.87091,0.87363,0.87596,0.8783,0.88031,0.88232,0.88407,0.88576,0.88727,0.88868,0.88996
0.1555,0.18547,0.31865,0.42449,0.50075,0.56451,0.61716,0.66072,0.69463,0.72241,0.74347,0.76122,0.77468,0.78685,0.79626,0.80558,0.81289,0.82057,0.82662,0.83311,0.83823,0.84371,0.84806,0.85264,0.85631,0.86009,0.86345,0.86628,0.86903,0.87138,0.8736,0.87553,0.87728,0.87884,0.88015,0.88136,0.88225,0.88311,0.88359,0.88411
0.21455,0.24199,0.36677,0.46992,0.54768,0.60995,0.65748,0.69385,0.7205,0.74154,0.75729,0.77135,0.78239,0.79356,0.80247,0.81192,0.81941,0.82737,0.83367,0.84026,0.84549,0.85089,0.85522,0.85962,0.8632,0.86677,0.8699,0.87257,0.87505,0.8772,0.87906,0.88071,0.88197,0.88313,0.8838,0.88447,0.88451,0.88466,0.88407,0.88366
0.24254,0.27932,0.41895,0.51747,0.58818,0.64469,0.68824,0.72167,0.74597,0.76492,0.77888,0.79107,0.80056,0.80986,0.81731,0.82492,0.83107,0.83734,0.84243,0.84756,0.85177,0.85597,0.85944,0.86284,0.86569,0.86839,0.8707,0.87273,0.87439,0.87587,0.87685,0.87777,0.87803,0.87833,0.87782,0.87744,0.87611,0.87498,0.87278,0.87083
0.26659,0.30095,0.44752,0.55603,0.62806,0.68055,0.71849,0.74709,0.76825,0.7859,0.79966,0.81236,0.82249,0.83222,0.84001,0.84752,0.85354,0.85931,0.86398,0.86839,0.87202,0.87535,0.87814,0.88056,0.88263,0.88419,0.88531,0.88629,0.88655,0.88679,0.88617,0.88561,0.88405,0.88263,0.8801,0.87774,0.8742,0.87082,0.86627,0.86181
0.27524,0.30249,0.42802,0.52896,0.59792,0.64779,0.68352,0.71095,0.73205,0.7515,0.76743,0.78332,0.79614,0.80882,0.81887,0.82862,0.83634,0.84371,0.8496,0.85513,0.85958,0.86362,0.86691,0.86964,0.87188,0.87335,0.87416,0.87477,0.87433,0.87382,0.8721,0.8704,0.86739,0.86443,0.86014,0.85587,0.85035,0.84473,0.83808,0.83115
0.29923,0.35184,0.53691,0.64754,0.71056,0.7509,0.77757,0.79709,0.81172,0.82458,0.83498,0.84475,0.85268,0.86012,0.86615,0.87173,0.87627,0.88036,0.8837,0.88649,0.88876,0.89028,0.89151,0.89173,0.89184,0.89068,0.88885,0.88696,0.8837,0.88041,0.87571,0.87093,0.86481,0.85849,0.85106,0.84321,0.83467,0.82542,0.8161,0.80571
0.26185,0.30454,0.45987,0.55975,0.62164,0.66521,0.69846,0.72808,0.75279,0.77584,0.79429,0.81106,0.82415,0.83583,0.84494,0.85301,0.85937,0.8649,0.8693,0.87285,0.87569,0.87748,0.87889,0.87898,0.87892,0.8773,0.87489,0.87234,0.86829,0.86404,0.8584,0.85244,0.84537,0.83776,0.82957,0.82052,0.81165,0.80158,0.79262,0.78213
0.31734,0.35723,0.51387,0.61606,0.67844,0.72021,0.74917,0.77207,0.79024,0.8064,0.8194,0.83099,0.84018,0.84817,0.85448,0.85973,0.86385,0.86689,0.86923,0.87031,0.87098,0.87009,0.86899,0.86606,0.86301,0.85794,0.85196,0.84547,0.8374,0.82856,0.81858,0.80744,0.79593,0.78279,0.77042,0.75591,0.74363,0.72873,0.71763,0.70356
0.34929,0.38428,0.54381,0.64189,0.69293,0.72563,0.74932,0.77009,0.78765,0.80424,0.81781,0.83027,0.84015,0.84897,0.85586,0.86171,0.86621,0.86953,0.87196,0.87298,0.87343,0.87219,0.87057,0.867,0.86313,0.8572,0.85029,0.84254,0.83337,0.82298,0.8118,0.79886,0.78621,0.7712,0.75801,0.74185,0.72935,0.71341,0.70298,0.68883
0.38612,0.43882,0.61898,0.71693,0.76724,0.79798,0.81893,0.83551,0.84861,0.86002,0.86913,0.87697,0.88317,0.88823,0.89218,0.89499,0.89707,0.89783,0.89813,0.8968,0.89518,0.89169,0.88794,0.88226,0.87623,0.86849,0.86011,0.85073,0.841,0.82995,0.81967,0.80779,0.798,0.78643,0.77818,0.76806,0.76205,0.75423,0.75065,0.74547
0.35149,0.39273,0.55093,0.64423,0.69722,0.73511,0.76482,0.79015,0.81015,0.8268,0.83942,0.84963,0.85725,0.86304,0.86726,0.86973,0.87122,0.87073,0.86959,0.86616,0.86222,0.85586,0.84894,0.83981,0.82991,0.81852,0.80667,0.79328,0.78073,0.76638,0.75457,0.74081,0.73123,0.71966,0.71328,0.70504,0.70207,0.69753,0.69748,0.69629
0.31393,0.3685,0.52024,0.60113,0.6542,0.69655,0.73205,0.7633,0.78819,0.80907,0.8249,0.83792,0.84764,0.8553,0.86089,0.8645,0.86675,0.86674,0.86576,0.86223,0.85788,0.85095,0.8431,0.83311,0.82184,0.80954,0.79694,0.78222,0.76948,0.75441,0.74344,0.73017,0.72265,0.71303,0.70969,0.70463,0.70512,0.70441,0.70783,0.71059
0.28061,0.31649,0.44535,0.52968,0.59997,0.66368,0.71541,0.75663,0.7868,0.81017,0.82703,0.84015,0.84958,0.85638,0.86094,0.86292,0.86341,0.86108,0.85762,0.85126,0.84378,0.83373,0.82227,0.80925,0.7943,0.77968,0.76535,0.74849,0.7357,0.72041,0.71124,0.69986,0.69537,0.68915,0.68909,0.68792,0.69132,0.69426,0.70001,0.706
0.45936,0.46531,0.51025,0.54877,0.59628,0.64814,0.69437,0.73342,0.76312,0.78684,0.80403,0.81719,0.82627,0.8319,0.83499,0.83457,0.83244,0.8268,0.81975,0.80961,0.79799,0.78447,0.76919,0.75413,0.73708,0.72313,0.71099,0.69729,0.69001,0.68173,0.68034,0.6785,0.68235,0.68619,0.69372,0.70157,0.71135,0.72171,0.73226,0.74399
0.28217,0.31629,0.4373,0.50453,0.56927,0.63762,0.69637,0.7439,0.77796,0.8037,0.82148,0.83464,0.84344,0.84881,0.85152,0.85086,0.84826,0.84229,0.83445,0.82382,0.81095,0.79686,0.78002,0.76476,0.74645,0.73322,0.72199,0.70871,0.70275,0.69536,0.69468,0.69316,0.69639,0.69937,0.705,0.71096,0.7179,0.7258,0.73308,0.74224
0.2511,0.27775,0.40283,0.46742,0.52356,0.5915,0.65635,0.71369,0.75706,0.79191,0.81686,0.83624,0.84994,0.85956,0.866,0.86897,0.86995,0.86784,0.86419,0.85815,0.85063,0.84213,0.83216,0.82346,0.81357,0.80758,0.8038,0.79988,0.80114,0.80265,0.8082,0.81403,0.82214,0.83036,0.83938,0.8485,0.85723,0.86634,0.87428,0.88289
0.3474,0.38615,0.51684,0.60663,0.67888,0.73777,0.78101,0.81244,0.83418,0.85,0.86112,0.86874,0.8737,0.87536,0.87512,0.87132,0.86585,0.85709,0.84653,0.83401,0.81945,0.8056,0.7897,0.77805,0.76471,0.75852,0.75499,0.75134,0.75357,0.75618,0.76253,0.76972,0.7782,0.78819,0.79725,0.80864,0.81744,0.82928,0.83749,0.84914
0.33553,0.3703,0.49574,0.58956,0.66751,0.73054,0.77571,0.8075,0.82857,0.84312,0.85245,0.85778,0.85996,0.85836,0.85433,0.84659,0.83656,0.82384,0.80877,0.79351,0.77601,0.76201,0.74624,0.73719,0.72691,0.72423,0.72357,0.72313,0.72664,0.73069,0.73663,0.74358,0.75055,0.7593,0.76638,0.77617,0.78292,0.7932,0.79954,0.80992
0.33553,0.3703,0.49574,0.58956,0.66751,0.73054,0.77571,0.8075,0.82857,0.84312,0.85245,0.85778,0.85996,0.85836,0.85433,0.84659,0.83656,0.82384,0.80877,0.79351,0.77601,0.76201,0.74624,0.73719,0.72691,0.72423,0.72357,0.72313,0.72664,0.73069,0.73663,0.74358,0.75055,0.7593,0.76638,0.77617,0.78292,0.7932,0.79954,0.80992
0.38104,0.39368,0.45628,0.53619,0.62148,0.69267,0.74401,0.78061,0.80494,0.82136,0.83133,0.83562,0.836,0.8315,0.82402,0.81298,0.7994,0.78505,0.76891,0.75618,0.74296,0.73671,0.7311,0.73279,0.73535,0.74265,0.75129,0.76061,0.77111,0.78209,0.79271,0.8042,0.81422,0.82569,0.83472,0.84578,0.8537,0.8641,0.87054,0.87993
0.38104,0.39368,0.45628,0.53619,0.62148,0.69267,0.74401,0.78061,0.80494,0.82136,0.83133,0.83562,0.836,0.8315,0.82402,0.81298,0.7994,0.78505,0.76891,0.75618,0.74296,0.73671,0.7311,0.73279,0.73535,0.74265,0.75129,0.76061,0.77111,0.78209,0.79271,0.8042,0.81422,0.82569,0.83472,0.84578,0.8537,0.8641,0.87054,0.87993
0.51863,0.55677,0.67184,0.73167,0.77418,0.80642,0.82883,0.84352,0.85186,0.8548,0.85344,0.84714,0.8369,0.82186,0.80226,0.77938,0.75119,0.72443,0.69269,0.67005,0.64439,0.63339,0.62167,0.62341,0.62592,0.63624,0.64725,0.66245,0.67561,0.69415,0.70755,0.72719,0.73992,0.75934,0.77078,0.78913,0.79802,0.81373,0.8168,0.82573
0.51863,0.55677,0.67184,0.73167,0.77418,0.80642,0.82883,0.84352,0.85186,0.8548,0.85344,0.84714,0.8369,0.82186,0.80226,0.77938,0.75119,0.72443,0.69269,0.67005,0.64439,0.63339,0.62167,0.62341,0.62592,0.63624,0.64725,0.66245,0.67561,0.69415,0.70755,0.72719,0.73992,0.75934,0.77078,0.78913,0.79802,0.81373,0.8168,0.82573
0.51863,0.55677,0.67184,0.73167,0.77418,0.80642,0.82883,0.84352,0.85186,0.8548,0.85344,0.84714,0.8369,0.82186,0.80226,0.77938,0.75119,0.72443,0.69269,0.67005,0.64439,0.63339,0.62167,0.62341,0.62592,0.63624,0.64725,0.66245,0.67561,0.69415,0.70755,0.72719,0.73992,0.75934,0.77078,0.78913,0.79802,0.81373,0.8168,0.82573
0.47468,0.49289,0.5806,0.63875,0.6873,0.73121,0.76632,0.7934,0.81174,0.82259,0.82676,0.82381,0.81529,0.8013,0.78235,0.76235,0.73894,0.72203,0.70506,0.70057,0.69874,0.70771,0.71914,0.73578,0.75338,0.77119,0.78858,0.80646,0.8225,0.83864,0.85308,0.86773,0.87767,0.88915,0.88873,0.88972,0.88864,0.87746,0.8912,0.87383
0.47468,0.49289,0.5806,0.63875,0.6873,0.73121,0.76632,0.7934,0.81174,0.82259,0.82676,0.82381,0.81529,0.8013,0.78235,0.76235,0.73894,0.72203,0.70506,0.70057,0.69874,0.70771,0.71914,0.73578,0.75338,0.77119,0.78858,0.80646,0.8225,0.83864,0.85308,0.86773,0.87767,0.88915,0.88873,0.88972,0.88864,0.87746,0.8912,0.87383
0.47468,0.49289,0.5806,0.63875,0.6873,0.73121,0.76632,0.7934,0.81174,0.82259,0.82676,0.82381,0.81529,0.8013,0.78235,0.76235,0.73894,0.72203,0.70506,0.70057,0.69874,0.70771,0.71914,0.73578,0.75338,0.77119,0.78858,0.80646,0.8225,0.83864,0.85308,0.86773,0.87767,0.88915,0.88873,0.88972,0.88864,0.87746,0.8912,0.87383
0.44034,0.46498,0.55822,0.63876,0.70727,0.75903,0.79321,0.81504,0.82713,0.83156,0.8292,0.82056,0.80564,0.78781,0.76502,0.74676,0.72724,0.719,0.7123,0.71554,0.71993,0.7291,0.73858,0.74972,0.76132,0.77183,0.78131,0.79324,0.80138,0.81272,0.81939,0.82949,0.83448,0.8425,0.84489,0.84881,0.8497,0.8467,0.84535,0.83154
0.38587,0.42732,0.50257,0.56076,0.63547,0.70994,0.76643,0.80491,0.82835,0.84126,0.84659,0.84614,0.84193,0.83662,0.83144,0.83114,0.83548,0.84657,0.86266,0.87958,0.89717,0.91185,0.92406,0.93521,0.94243,0.95158,0.95977,0.96449,0.96988,0.97363,0.97304,0.97199,0.97068,0.96305,0.97153,0.9624,0.9798,0.97547,0.96732,0.94928
0.38587,0.42732,0.50257,0.56076,0.63547,0.70994,0.76643,0.80491,0.82835,0.84126,0.84659,0.84614,0.84193,0.83662,0.83144,0.83114,0.83548,0.84657,0.86266,0.87958,0.89717,0.91185,0.92406,0.93521,0.94243,0.95158,0.95977,0.96449,0.96988,0.97363,0.97304,0.97199,0.97068,0.96305,0.97153,0.9624,0.9798,0.97547,0.96732,0.94928
0.38587,0.42732,0.50257,0.56076,0.63547,0.70994,0.76643,0.80491,0.82835,0.84126,0.84659,0.84614,0.84193,0.83662,0.83144,0.83114,0.83548,0.84657,0.86266,0.87958,0.89717,0.91185,0.92406,0.93521,0.94243,0.95158,0.95977,0.96449,0.96988,0.97363,0.97304,0.97199,0.97068,0.96305,0.97153,0.9624,0.9798,0.97547,0.96732,0.94928
0.33561,0.3686,0.47327,0.53826,0.61087,0.6784,0.7272,0.75876,0.7755,0.78252,0.78239,0.77993,0.77754,0.78054,0.79099,0.8075,0.83113,0.85241,0.87274,0.8899,0.90068,0.9141,0.91954,0.9307,0.93487,0.94132,0.94412,0.94541,0.94708,0.94484,0.94724,0.94046,0.94896,0.93951,0.9402,0.91975,0.91621,0.88974,0.89015,0.8636
0.33561,0.3686,0.47327,0.53826,0.61087,0.6784,0.7272,0.75876,0.7755,0.78252,0.78239,0.77993,0.77754,0.78054,0.79099,0.8075,0.83113,0.85241,0.87274,0.8899,0.90068,0.9141,0.91954,0.9307,0.93487,0.94132,0.94412,0.94541,0.94708,0.94484,0.94724,0.94046,0.94896,0.93951,0.9402,0.91975,0.91621,0.88974,0.89015,0.8636
0.081283,0.21602,0.53382,0.68764,0.76849,0.8145,0.84045,0.85288,0.85552,0.84918,0.8357,0.81778,0.79592,0.77897,0.7641,0.76216,0.76581,0.7789,0.79626,0.81443,0.83578,0.85265,0.8727,0.88686,0.90407,0.91485,0.92251,0.93191,0.93604,0.93731,0.94508,0.94109,0.95243,0.9452,0.94302,0.91981,0.92869,0.90251,0.93229,0.9128
