0.013698,0.019085,0.054494,0.10895,0.16613,0.21799,0.261,0.29691,0.32618,0.35191,0.37322,0.39278,0.40904,0.42438,0.43714,0.44951,0.45984,0.47017,0.47882,0.48776,0.49525,0.50324,0.50994,0.51729,0.52342,0.53031,0.53692,0.54262,0.54895,0.55437,0.56049,0.56569,0.57162,0.57663,0.5824,0.58723,0.59282,0.59748,0.60288,0.60737
0.030934,0.053052,0.17357,0.27344,0.33549,0.38095,0.41549,0.44303,0.46502,0.4841,0.50009,0.51518,0.52821,0.54138,0.55285,0.56498,0.5755,0.58688,0.59664,0.60727,0.61627,0.62602,0.6342,0.64297,0.65027,0.65803,0.66517,0.67127,0.67753,0.68285,0.68836,0.69302,0.69791,0.70202,0.70642,0.7101,0.71411,0.71744,0.72116,0.72423
0.16802,0.19132,0.29141,0.36885,0.41979,0.45659,0.48472,0.50841,0.52876,0.548,0.56513,0.58212,0.59712,0.61214,0.6251,0.63796,0.64883,0.65953,0.66846,0.67732,0.68465,0.69208,0.69821,0.70463,0.7099,0.71564,0.72106,0.72562,0.73063,0.73484,0.73955,0.74348,0.74792,0.75162,0.75581,0.7593,0.76326,0.76656,0.77029,0.7734
0.19461,0.23461,0.37089,0.44323,0.48315,0.51369,0.53988,0.56407,0.58588,0.60669,0.62505,0.64237,0.65713,0.6708,0.68218,0.69279,0.70158,0.71008,0.71713,0.72438,0.73038,0.73685,0.74219,0.74812,0.753,0.7585,0.76367,0.7681,0.77289,0.77698,0.78141,0.78519,0.78924,0.79271,0.7964,0.79957,0.80288,0.80575,0.80868,0.81125
0.21867,0.25664,0.39233,0.46855,0.51167,0.54558,0.57499,0.60179,0.62512,0.64598,0.6633,0.67853,0.69096,0.70227,0.7116,0.72073,0.72835,0.7363,0.74295,0.75015,0.75616,0.76274,0.76822,0.77422,0.77922,0.78464,0.78966,0.79402,0.79847,0.80235,0.80623,0.80962,0.81291,0.81582,0.81852,0.82095,0.82306,0.825,0.82655,0.82801
0.21184,0.25319,0.40481,0.49186,0.5408,0.57823,0.60886,0.63461,0.65561,0.67341,0.68792,0.70097,0.71189,0.72257,0.73167,0.74104,0.74904,0.75742,0.76454,0.77202,0.77835,0.78495,0.79053,0.79622,0.80106,0.80585,0.81009,0.81384,0.81719,0.82019,0.82267,0.82493,0.82657,0.8281,0.82891,0.82975,0.82976,0.82992,0.82918,0.82868
0.30889,0.34925,0.47539,0.5416,0.58239,0.61607,0.64408,0.66674,0.68435,0.69881,0.71053,0.72157,0.73103,0.74074,0.74913,0.75789,0.76541,0.77323,0.77988,0.78666,0.79241,0.7981,0.80292,0.80745,0.81132,0.81467,0.81736,0.81973,0.82127,0.82265,0.82307,0.82348,0.82282,0.82231,0.8206,0.81918,0.81648,0.81417,0.81054,0.80737
0.33516,0.36897,0.48573,0.55488,0.5993,0.63361,0.65978,0.68006,0.69595,0.71003,0.72206,0.73403,0.74447,0.75512,0.76434,0.77367,0.78165,0.78958,0.79631,0.80275,0.8082,0.81309,0.81724,0.82056,0.82339,0.82512,0.82607,0.82685,0.82635,0.82586,0.82397,0.82227,0.81909,0.81622,0.81182,0.8078,0.80222,0.79705,0.7903,0.78395
0.34859,0.38482,0.50568,0.57828,0.6254,0.65979,0.68481,0.704,0.71915,0.73273,0.7443,0.75541,0.76499,0.77427,0.78224,0.78988,0.79639,0.80241,0.80747,0.8118,0.8154,0.818,0.82011,0.82097,0.82162,0.82083,0.81926,0.81767,0.81461,0.81166,0.80715,0.80287,0.79697,0.79132,0.78401,0.77694,0.76814,0.75952,0.74916,0.73883
0.37381,0.41044,0.53688,0.61788,0.66921,0.70346,0.72627,0.74305,0.75636,0.76843,0.77891,0.78897,0.7977,0.80603,0.81315,0.81965,0.82511,0.82965,0.83339,0.83593,0.83795,0.83852,0.83884,0.83753,0.83623,0.83311,0.82923,0.82539,0.81985,0.81441,0.8072,0.80009,0.79111,0.78217,0.77132,0.76034,0.74747,0.73419,0.71915,0.70329
0.46654,0.48428,0.56,0.61862,0.65693,0.68431,0.70522,0.72318,0.73892,0.75387,0.76702,0.77942,0.79005,0.79973,0.80785,0.81474,0.8204,0.82456,0.82786,0.82942,0.83049,0.82961,0.82858,0.82541,0.82235,0.81705,0.81088,0.80465,0.7964,0.78806,0.77768,0.76706,0.7544,0.74123,0.72614,0.71011,0.69245,0.67326,0.65295,0.63032
0.38198,0.4195,0.55195,0.6278,0.66935,0.69788,0.71991,0.73888,0.75522,0.77011,0.78283,0.79418,0.80362,0.81146,0.81774,0.82212,0.82535,0.82645,0.82681,0.82484,0.82251,0.81774,0.81289,0.80545,0.79809,0.78805,0.7769,0.76529,0.75136,0.73668,0.71974,0.70155,0.68138,0.65923,0.63568,0.60915,0.58228,0.55109,0.52129,0.48551
0.42489,0.46014,0.58145,0.64756,0.68227,0.7061,0.7254,0.74299,0.75863,0.77321,0.7858,0.79701,0.80631,0.81376,0.81963,0.82321,0.82565,0.82548,0.82464,0.821,0.81707,0.81025,0.80335,0.79346,0.7835,0.77042,0.75602,0.74058,0.72267,0.70315,0.68145,0.65731,0.63171,0.6025,0.57323,0.53885,0.50665,0.46754,0.43376,0.39115
0.41046,0.45459,0.59988,0.67458,0.71193,0.73619,0.75486,0.77091,0.78465,0.79681,0.80705,0.81556,0.82231,0.8269,0.83001,0.83054,0.83004,0.82672,0.82278,0.81591,0.80865,0.79835,0.78765,0.77375,0.75915,0.74128,0.7217,0.69983,0.67571,0.64818,0.6193,0.58546,0.55205,0.51166,0.47462,0.42822,0.38934,0.3386,0.30053,0.24843
0.5326,0.54134,0.60193,0.66167,0.69765,0.72194,0.74132,0.75835,0.77304,0.78585,0.79645,0.80483,0.81116,0.81486,0.81692,0.81614,0.81425,0.80943,0.8039,0.79535,0.78625,0.77403,0.7611,0.745,0.72772,0.70737,0.68525,0.66009,0.63341,0.60238,0.57135,0.53422,0.49969,0.45697,0.42061,0.37383,0.33815,0.29005,0.25804,0.21233
0.48206,0.50907,0.60954,0.66769,0.70358,0.73235,0.75651,0.77729,0.79445,0.80843,0.81926,0.82672,0.83161,0.83288,0.8323,0.82799,0.8225,0.8133,0.80324,0.78938,0.77457,0.75585,0.73561,0.71153,0.68487,0.65501,0.623,0.58549,0.54844,0.5039,0.46368,0.41394,0.37376,0.32241,0.28645,0.23844,0.21024,0.17029,0.15168,0.12279
0.47875,0.51907,0.6291,0.67775,0.70672,0.73056,0.75138,0.77005,0.78595,0.79911,0.80932,0.81599,0.82008,0.82018,0.81838,0.81257,0.8054,0.79427,0.78188,0.76541,0.74727,0.72494,0.69997,0.6711,0.63803,0.6023,0.56423,0.51829,0.47514,0.42163,0.37646,0.31874,0.27622,0.21981,0.1847,0.1358,0.11121,0.074516,0.061226,0.038751
0.58174,0.59372,0.65368,0.6899,0.7125,0.73291,0.75198,0.76971,0.78498,0.79747,0.80677,0.81212,0.81462,0.81284,0.80903,0.80116,0.79175,0.77842,0.7634,0.74445,0.72308,0.69795,0.66912,0.63747,0.60025,0.56264,0.5236,0.47567,0.43443,0.38238,0.34334,0.29236,0.26022,0.21634,0.19442,0.16242,0.1518,0.13386,0.13286,0.12832
0.5128,0.55814,0.67474,0.72418,0.75096,0.77135,0.78842,0.80304,0.8149,0.82359,0.82925,0.8309,0.82994,0.82484,0.81777,0.80668,0.79377,0.77676,0.75742,0.73389,0.70681,0.67602,0.63974,0.6016,0.55529,0.51138,0.46665,0.41032,0.36601,0.30872,0.27068,0.21993,0.19295,0.15532,0.14139,0.12022,0.11777,0.11258,0.11838,0.12649
0.45197,0.51839,0.66323,0.71968,0.74928,0.77001,0.78699,0.80164,0.81357,0.82207,0.82717,0.82808,0.82617,0.82028,0.81221,0.8004,0.78632,0.76852,0.74761,0.72323,0.69427,0.66305,0.62513,0.58814,0.5418,0.50223,0.46353,0.41397,0.38022,0.33584,0.3121,0.27969,0.26857,0.25203,0.25236,0.2515,0.26006,0.27212,0.28524,0.30675
0.36096,0.43388,0.61666,0.69063,0.73299,0.76599,0.79087,0.80946,0.82219,0.82934,0.83186,0.82897,0.82287,0.81192,0.79848,0.78038,0.75926,0.73346,0.7031,0.66871,0.62744,0.5849,0.53266,0.48541,0.42586,0.38078,0.33927,0.28742,0.25769,0.21992,0.20436,0.18403,0.18044,0.17596,0.18017,0.18769,0.19603,0.21182,0.22193,0.24329
0.30049,0.33067,0.42589,0.51109,0.60221,0.68051,0.73488,0.77196,0.79556,0.80972,0.81649,0.81679,0.81307,0.80492,0.79409,0.7797,0.76247,0.74207,0.7179,0.69149,0.65988,0.62859,0.59029,0.55731,0.51551,0.48612,0.46,0.42664,0.41075,0.38938,0.38549,0.37876,0.3851,0.3918,0.40471,0.42156,0.43776,0.46149,0.4783,0.50631
0.49907,0.52825,0.63143,0.69874,0.74605,0.78158,0.80712,0.82425,0.83482,0.83916,0.83921,0.83418,0.82608,0.81336,0.79758,0.77731,0.75293,0.72459,0.69025,0.65421,0.60964,0.56898,0.51732,0.47872,0.42812,0.40033,0.37802,0.35072,0.34461,0.33735,0.34514,0.35586,0.37227,0.39591,0.41613,0.44783,0.4684,0.50446,0.52317,0.56067
0.45425,0.50003,0.6357,0.71088,0.76033,0.79437,0.81684,0.83023,0.83669,0.83621,0.83099,0.81977,0.8047,0.78375,0.75814,0.72646,0.68778,0.64407,0.58994,0.53578,0.4677,0.41053,0.33782,0.29029,0.22871,0.20073,0.17869,0.155,0.15022,0.14875,0.15504,0.16959,0.18147,0.20636,0.22017,0.2513,0.26504,0.29949,0.31357,0.34974
0.45425,0.50003,0.6357,0.71088,0.76033,0.79437,0.81684,0.83023,0.83669,0.83621,0.83099,0.81977,0.8047,0.78375,0.75814,0.72646,0.68778,0.64407,0.58994,0.53578,0.4677,0.41053,0.33782,0.29029,0.22871,0.20073,0.17869,0.155,0.15022,0.14875,0.15504,0.16959,0.18147,0.20636,0.22017,0.2513,0.26504,0.29949,0.31357,0.34974
0.60347,0.59006,0.59976,0.64527,0.69224,0.73282,0.76387,0.78469,0.79576,0.79711,0.79141,0.77846,0.75982,0.7349,0.7031,0.66568,0.61877,0.56983,0.50839,0.45417,0.38578,0.33853,0.27852,0.24977,0.21244,0.20509,0.20131,0.20262,0.21097,0.22933,0.24377,0.27293,0.28885,0.324,0.33962,0.3775,0.39384,0.43285,0.44781,0.48636
0.60347,0.59006,0.59976,0.64527,0.69224,0.73282,0.76387,0.78469,0.79576,0.79711,0.79141,0.77846,0.75982,0.7349,0.7031,0.66568,0.61877,0.56983,0.50839,0.45417,0.38578,0.33853,0.27852,0.24977,0.21244,0.20509,0.20131,0.20262,0.21097,0.22933,0.24377,0.27293,0.28885,0.324,0.33962,0.3775,0.39384,0.43285,0.44781,0.48636
0.62684,0.64313,0.70375,0.7405,0.77032,0.79341,0.80788,0.81295,0.80977,0.79879,0.78166,0.75767,0.72662,0.68826,0.63948,0.58495,0.51521,0.44767,0.36081,0.29261,0.20542,0.15422,0.090298,0.066692,0.039751,0.03933,0.039649,0.058362,0.068773,0.10535,0.11922,0.16573,0.18139,0.23256,0.249,0.30088,0.32068,0.3731,0.40006,0.45703
0.62684,0.64313,0.70375,0.7405,0.77032,0.79341,0.80788,0.81295,0.80977,0.79879,0.78166,0.75767,0.72662,0.68826,0.63948,0.58495,0.51521,0.44767,0.36081,0.29261,0.20542,0.15422,0.090298,0.066692,0.039751,0.03933,0.039649,0.058362,0.068773,0.10535,0.11922,0.16573,0.18139,0.23256,0.249,0.30088,0.32068,0.3731,0.40006,0.45703
0.62684,0.64313,0.70375,0.7405,0.77032,0.79341,0.80788,0.81295,0.80977,0.79879,0.78166,0.75767,0.72662,0.68826,0.63948,0.58495,0.51521,0.44767,0.36081,0.29261,0.20542,0.15422,0.090298,0.066692,0.039751,0.03933,0.039649,0.058362,0.068773,0.10535,0.11922,0.16573,0.18139,0.23256,0.249,0.30088,0.32068,0.3731,0.40006,0.45703
0.6476,0.64073,0.66847,0.70513,0.7388,0.76892,0.79044,0.80109,0.8014,0.79318,0.77713,0.75409,0.7221,0.68383,0.63342,0.58141,0.51367,0.45653,0.38322,0.33697,0.28034,0.25855,0.23642,0.23822,0.25075,0.26499,0.27768,0.31819,0.33405,0.38207,0.39882,0.44773,0.46664,0.51384,0.53806,0.58531,0.59978,0.64248,0.62919,0.65246
0.6476,0.64073,0.66847,0.70513,0.7388,0.76892,0.79044,0.80109,0.8014,0.79318,0.77713,0.75409,0.7221,0.68383,0.63342,0.58141,0.51367,0.45653,0.38322,0.33697,0.28034,0.25855,0.23642,0.23822,0.25075,0.26499,0.27768,0.31819,0.33405,0.38207,0.39882,0.44773,0.46664,0.51384,0.53806,0.58531,0.59978,0.64248,0.62919,0.65246
0.6476,0.64073,0.66847,0.70513,0.7388,0.76892,0.79044,0.80109,0.8014,0.79318,0.77713,0.75409,0.7221,0.68383,0.63342,0.58141,0.51367,0.45653,0.38322,0.33697,0.28034,0.25855,0.23642,0.23822,0.25075,0.26499,0.27768,0.31819,0.33405,0.38207,0.39882,0.44773,0.46664,0.51384,0.53806,0.58531,0.59978,0.64248,0.62919,0.65246
0.60629,0.6201,0.68119,0.72969,0.76456,0.78713,0.79767,0.79598,0.78339,0.75996,0.72498,0.67879,0.61626,0.54545,0.45335,0.36872,0.26488,0.19426,0.1152,0.078189,0.043708,0.033114,0.033837,0.034938,0.055736,0.058866,0.065431,0.092724,0.1078,0.14117,0.15993,0.20188,0.21305,0.26109,0.25898,0.30607,0.2793,0.3089,0.31442,0.3477
0.55196,0.56392,0.64041,0.69325,0.73399,0.76246,0.77687,0.77991,0.77374,0.76095,0.74108,0.71636,0.68491,0.65259,0.61422,0.58332,0.54785,0.52827,0.50612,0.50117,0.49616,0.50121,0.51041,0.51965,0.53915,0.54782,0.5565,0.58024,0.59064,0.6157,0.62987,0.65667,0.66958,0.69603,0.6928,0.70597,0.69371,0.68185,0.71084,0.6996
0.55196,0.56392,0.64041,0.69325,0.73399,0.76246,0.77687,0.77991,0.77374,0.76095,0.74108,0.71636,0.68491,0.65259,0.61422,0.58332,0.54785,0.52827,0.50612,0.50117,0.49616,0.50121,0.51041,0.51965,0.53915,0.54782,0.5565,0.58024,0.59064,0.6157,0.62987,0.65667,0.66958,0.69603,0.6928,0.70597,0.69371,0.68185,0.71084,0.6996
0.55196,0.56392,0.64041,0.69325,0.73399,0.76246,0.77687,0.77991,0.77374,0.76095,0.74108,0.71636,0.68491,0.65259,0.61422,0.58332,0.54785,0.52827,0.50612,0.50117,0.49616,0.50121,0.51041,0.51965,0.53915,0.54782,0.5565,0.58024,0.59064,0.6157,0.62987,0.65667,0.66958,0.69603,0.6928,0.70597,0.69371,0.68185,0.71084,0.6996
0.52873,0.5459,0.6128,0.66795,0.71033,0.73576,0.74358,0.73807,0.72198,0.69929,0.66938,0.63871,0.60532,0.58028,0.55841,0.5499,0.54571,0.55021,0.55551,0.56441,0.57249,0.58214,0.59205,0.60159,0.61384,0.62188,0.62867,0.64199,0.64712,0.66038,0.66368,0.67442,0.67799,0.68478,0.68739,0.68794,0.69054,0.68847,0.7113,0.71508
0.52873,0.5459,0.6128,0.66795,0.71033,0.73576,0.74358,0.73807,0.72198,0.69929,0.66938,0.63871,0.60532,0.58028,0.55841,0.5499,0.54571,0.55021,0.55551,0.56441,0.57249,0.58214,0.59205,0.60159,0.61384,0.62188,0.62867,0.64199,0.64712,0.66038,0.66368,0.67442,0.67799,0.68478,0.68739,0.68794,0.69054,0.68847,0.7113,0.71508
0.65228,0.68413,0.76875,0.82287,0.85309,0.86866,0.87294,0.86737,0.85304,0.83067,0.79894,0.76222,0.7154,0.67436,0.62844,0.60522,0.58774,0.59492,0.61302,0.63812,0.67566,0.70304,0.74498,0.76708,0.80509,0.81994,0.83743,0.86074,0.87243,0.88617,0.89187,0.89289,0.90211,0.89061,0.912,0.89618,0.92432,0.91181,0.93895,0.92678
