0.12848,0.12315,0.10333,0.11082,0.10953,0.10856,0.10588,0.10942,0.10545,0.12734,0.10764,0.1092,0.1081,0.10702,0.10863,0.11311,0.10431,0.13164,0.11576,0.10974,0.10663,0.11194,0.10527,0.10254,0.1144,0.11627,0.11321,0.11629,0.11093,0.11571,0.11755,0.11854,0.11055,0.11077,0.12012,0.11793,0.11478,0.11866,0.11188,0.10581
0.073511,0.075639,0.074002,0.073866,0.076051,0.074152,0.076011,0.074158,0.079417,0.073573,0.077983,0.091572,0.074507,0.078528,0.076549,0.074134,0.076262,0.077633,0.075254,0.074015,0.07525,0.073716,0.075248,0.072912,0.076801,0.072892,0.073453,0.073784,0.078162,0.10231,0.076562,0.074385,0.078729,0.076307,0.075341,0.074927,0.07602,0.075882,0.075406,0.07447
0.069862,0.068915,0.071536,0.071944,0.071814,0.090001,0.06985,0.071504,0.070065,0.07143,0.071619,0.070292,0.073059,0.068644,0.070626,0.069255,0.071632,0.071202,0.069993,0.068671,0.070689,0.069985,0.070235,0.090939,0.070495,0.070587,0.069556,0.068702,0.069239,0.069997,0.070689,0.071225,0.071611,0.072614,0.069879,0.071944,0.069403,0.07103,0.069238,0.089819
0.066141,0.068911,0.070908,0.06954,0.069031,0.071148,0.070189,0.070337,0.06722,0.069029,0.069399,0.067436,0.069898,0.072874,0.068994,0.069843,0.071521,0.090237,0.068096,0.070867,0.069449,0.069103,0.06902,0.068222,0.068872,0.071217,0.06817,0.070219,0.068604,0.067557,0.069736,0.068837,0.071303,0.068314,0.091529,0.073413,0.070717,0.06905,0.067946,0.067148
0.067866,0.068208,0.071177,0.068325,0.067216,0.066898,0.066356,0.067507,0.06765,0.069282,0.06673,0.092183,0.067062,0.070043,0.068327,0.068837,0.067703,0.06595,0.068159,0.069469,0.067615,0.074067,0.069977,0.066696,0.068033,0.067034,0.06588,0.065424,0.085813,0.064768,0.065454,0.064524,0.065514,0.065798,0.06493,0.064333,0.064382,0.06498,0.065707,0.065552
0.066313,0.06591,0.06605,0.06681,0.088561,0.066145,0.067481,0.065854,0.065275,0.066643,0.066002,0.066938,0.066887,0.066585,0.065797,0.065864,0.066954,0.06563,0.065826,0.065713,0.069513,0.090113,0.065923,0.065907,0.068639,0.06553,0.065475,0.065514,0.066295,0.065766,0.065326,0.066228,0.06498,0.066063,0.067793,0.067775,0.06569,0.064897,0.081836,0.067619
0.068994,0.064793,0.066503,0.069558,0.065266,0.065853,0.06603,0.064637,0.067075,0.065468,0.067712,0.065086,0.06533,0.065519,0.066614,0.087213,0.06618,0.068137,0.065112,0.064728,0.065768,0.066291,0.066783,0.068132,0.068939,0.066845,0.067173,0.066833,0.066878,0.064913,0.068214,0.064619,0.088675,0.066685,0.066479,0.065953,0.065687,0.067699,0.064737,0.06681
0.067521,0.064247,0.064862,0.066631,0.066345,0.066264,0.067557,0.065465,0.088208,0.064703,0.064517,0.066023,0.069423,0.067172,0.066318,0.06611,0.066302,0.066513,0.067685,0.06518,0.064745,0.064957,0.067308,0.066603,0.06681,0.089677,0.065585,0.064993,0.066725,0.0684,0.064399,0.066285,0.065367,0.066924,0.067128,0.066784,0.067308,0.06407,0.067471,0.065325
0.064655,0.06632,0.087372,0.066438,0.066939,0.064565,0.065696,0.066046,0.065817,0.065359,0.06464,0.06335,0.067617,0.061926,0.063232,0.063209,0.062765,0.062724,0.063926,0.088518,0.065,0.064496,0.067039,0.06587,0.065891,0.065317,0.066845,0.065465,0.064198,0.067117,0.065475,0.065725,0.067234,0.068288,0.066824,0.06637,0.088594,0.065969,0.066188,0.065673
0.066842,0.067682,0.06537,0.064192,0.065821,0.066173,0.064712,0.065515,0.065036,0.066974,0.065219,0.065967,0.065198,0.08916,0.065754,0.065569,0.064723,0.069929,0.066177,0.065846,0.065465,0.066608,0.062709,0.064865,0.066998,0.065946,0.06566,0.065173,0.067113,0.078371,0.064914,0.064631,0.066558,0.066268,0.067138,0.06653,0.065818,0.063918,0.06732,0.067875
0.066333,0.064764,0.066583,0.064799,0.064712,0.065493,0.07844,0.067188,0.065105,0.064579,0.063627,0.068041,0.064397,0.067051,0.067747,0.064727,0.064365,0.064431,0.065247,0.063793,0.065767,0.064946,0.065545,0.086122,0.064456,0.063939,0.065194,0.066238,0.064707,0.064732,0.068169,0.065009,0.06521,0.064769,0.065691,0.065024,0.065897,0.064786,0.066535,0.066531
0.086599,0.066374,0.065049,0.065826,0.066292,0.06605,0.06441,0.066071,0.064645,0.064834,0.066806,0.063557,0.065673,0.064201,0.064153,0.064953,0.064691,0.086869,0.063356,0.064699,0.065552,0.064067,0.064266,0.064108,0.066655,0.06453,0.064772,0.068188,0.06546,0.06478,0.0668,0.064856,0.066216,0.082177,0.064114,0.062113,0.062905,0.062686,0.063569,0.062274
0.061632,0.063698,0.064023,0.064889,0.063269,0.06325,0.066951,0.067245,0.065855,0.066388,0.088827,0.065852,0.063354,0.064651,0.064561,0.065615,0.0694,0.063954,0.06549,0.065244,0.066025,0.064091,0.066667,0.063792,0.06428,0.065138,0.067241,0.087727,0.065964,0.066985,0.066258,0.064297,0.06418,0.067528,0.06508,0.064776,0.065923,0.065798,0.066979,0.065541
0.065204,0.065798,0.064201,0.065515,0.089975,0.064418,0.064054,0.063447,0.06454,0.066013,0.063289,0.066936,0.066186,0.066864,0.065473,0.06617,0.065827,0.064399,0.066959,0.069157,0.067128,0.086989,0.068357,0.065924,0.065555,0.064563,0.065389,0.066608,0.06544,0.063933,0.065287,0.066337,0.064718,0.065795,0.064278,0.065063,0.065963,0.069018,0.083239,0.064122
0.062876,0.064125,0.067926,0.065502,0.066657,0.06542,0.065199,0.063836,0.066042,0.065818,0.066732,0.066022,0.06714,0.066907,0.087638,0.065792,0.06517,0.066667,0.066126,0.064752,0.0653,0.063377,0.063477,0.063294,0.06529,0.072566,0.065909,0.064699,0.064338,0.064219,0.066273,0.081957,0.067642,0.066593,0.06731,0.066061,0.064446,0.06229,0.064128,0.06613
0.063548,0.061112,0.064646,0.063407,0.061832,0.061982,0.06266,0.063637,0.081264,0.062,0.061281,0.062702,0.062287,0.064996,0.064762,0.063482,0.063285,0.065676,0.064142,0.063368,0.077039,0.06523,0.064087,0.065939,0.067359,0.084933,0.066549,0.06458,0.064169,0.064037,0.064305,0.064381,0.065415,0.065656,0.065232,0.06406,0.066313,0.065259,0.065542,0.063791
0.063967,0.064475,0.083545,0.064862,0.064319,0.064529,0.066296,0.064046,0.06685,0.065394,0.063944,0.065299,0.064956,0.066708,0.065235,0.063419,0.065238,0.066862,0.078907,0.066472,0.065202,0.063742,0.064424,0.06435,0.065107,0.064879,0.064415,0.065012,0.063965,0.065264,0.065761,0.064979,0.065953,0.064906,0.065806,0.082247,0.066369,0.064847,0.06502,0.06609
0.066108,0.063965,0.064073,0.067319,0.062981,0.065326,0.065526,0.063894,0.066385,0.063513,0.063583,0.065882,0.077438,0.068903,0.064052,0.064872,0.063812,0.06699,0.067624,0.065679,0.067132,0.065876,0.067554,0.067203,0.062913,0.064337,0.065479,0.073614,0.065462,0.085965,0.064645,0.067108,0.065319,0.066157,0.065113,0.069344,0.063817,0.067103,0.066579,0.062965
0.065171,0.062081,0.069071,0.067333,0.05969,0.063982,0.080911,0.063781,0.063437,0.065952,0.064115,0.065723,0.064978,0.065443,0.064943,0.063794,0.06634,0.065984,0.068694,0.067595,0.063441,0.06304,0.065065,0.086472,0.064405,0.065139,0.063991,0.064502,0.065864,0.06483,0.064821,0.064784,0.064393,0.064068,0.06544,0.065081,0.066101,0.064439,0.066651,0.065516
0.086116,0.063922,0.06351,0.066629,0.063964,0.065784,0.065866,0.064273,0.065772,0.063957,0.066651,0.063729,0.064487,0.065052,0.066873,0.063192,0.064063,0.084251,0.067136,0.062932,0.066452,0.064675,0.065941,0.064238,0.069198,0.066708,0.065651,0.06525,0.065051,0.063539,0.063226,0.062746,0.063988,0.075887,0.061844,0.06132,0.063639,0.063832,0.066246,0.061701
0.062368,0.062439,0.061759,0.062758,0.065902,0.065961,0.066232,0.063738,0.064892,0.065605,0.080123,0.070073,0.066972,0.067284,0.066439,0.064883,0.066998,0.064155,0.064399,0.063441,0.066191,0.065697,0.062863,0.064173,0.063231,0.064718,0.064339,0.065306,0.086434,0.065151,0.064582,0.063013,0.065796,0.064575,0.064431,0.067483,0.065095,0.064045,0.063816,0.064797
0.064403,0.065043,0.066697,0.064747,0.086318,0.064509,0.064259,0.065208,0.065371,0.063462,0.065631,0.066174,0.064464,0.064133,0.064476,0.062298,0.064257,0.064675,0.066042,0.063946,0.066413,0.084413,0.066302,0.06402,0.065015,0.065787,0.067316,0.065812,0.065548,0.065608,0.064381,0.064667,0.065172,0.065766,0.065192,0.063076,0.063669,0.06284,0.083101,0.061429
0.064744,0.0618,0.062377,0.064016,0.06189,0.064582,0.063299,0.061678,0.062096,0.06415,0.063889,0.065477,0.063721,0.065164,0.064843,0.085922,0.069082,0.066629,0.064603,0.064963,0.064487,0.065283,0.066419,0.068878,0.067851,0.06683,0.064868,0.064402,0.064651,0.065166,0.065773,0.065474,0.086639,0.064272,0.065453,0.06607,0.064549,0.065165,0.065613,0.065337
0.06435,0.06308,0.065432,0.067209,0.065483,0.063232,0.064492,0.064433,0.079671,0.06481,0.064902,0.063486,0.064247,0.064425,0.066037,0.06541,0.064668,0.063298,0.063993,0.065163,0.064305,0.064394,0.067786,0.064248,0.064085,0.086155,0.065818,0.063159,0.06489,0.065248,0.064352,0.066346,0.064227,0.066675,0.064644,0.064791,0.065381,0.066199,0.06493,0.062912
0.061388,0.062649,0.077071,0.061544,0.06332,0.064189,0.063643,0.063012,0.062512,0.06181,0.064643,0.064804,0.06427,0.06571,0.066225,0.063964,0.064989,0.06421,0.064358,0.086842,0.066695,0.065098,0.063696,0.065036,0.064515,0.06365,0.064361,0.067219,0.064947,0.065558,0.064967,0.063589,0.066005,0.065644,0.064119,0.066393,0.087199,0.066344,0.063989,0.065124
0.063641,0.064142,0.06471,0.066493,0.06689,0.064649,0.064763,0.064845,0.065695,0.064808,0.06261,0.065023,0.075621,0.066173,0.065863,0.067761,0.067068,0.066293,0.064835,0.063799,0.066123,0.06526,0.064837,0.06515,0.065155,0.065649,0.066351,0.066916,0.063632,0.081411,0.063813,0.06533,0.065732,0.066544,0.064277,0.06371,0.066363,0.065327,0.065542,0.061896
0.064766,0.064775,0.065374,0.06413,0.065844,0.065248,0.080814,0.065311,0.065572,0.065192,0.065021,0.063726,0.064836,0.065231,0.063673,0.065688,0.065262,0.065447,0.065539,0.063524,0.064467,0.063229,0.063816,0.088437,0.066188,0.064857,0.065161,0.064687,0.065654,0.064858,0.065569,0.064927,0.063694,0.064283,0.064239,0.065674,0.063597,0.067386,0.066489,0.065669
0.089191,0.06457,0.065328,0.067436,0.064451,0.066919,0.065803,0.063116,0.065381,0.064154,0.064248,0.064061,0.063944,0.06404,0.066311,0.063887,0.064829,0.085041,0.064648,0.063921,0.0665,0.06527,0.067055,0.064837,0.064178,0.063666,0.065667,0.063845,0.06778,0.067122,0.063401,0.064503,0.063857,0.064587,0.087342,0.066756,0.063523,0.06565,0.066516,0.06396
0.066352,0.065814,0.064545,0.065133,0.066015,0.064236,0.064546,0.06426,0.066837,0.064433,0.079762,0.063573,0.067825,0.065388,0.067067,0.063908,0.066534,0.064862,0.064935,0.066168,0.064818,0.064771,0.064855,0.061265,0.063013,0.061643,0.063683,0.061366,0.083147,0.062417,0.060858,0.064821,0.065785,0.064752,0.063899,0.065517,0.065148,0.064506,0.065072,0.064739
0.063325,0.064776,0.06507,0.065042,0.087546,0.064961,0.06369,0.064565,0.065647,0.066268,0.064008,0.064006,0.064172,0.064791,0.064286,0.064907,0.064625,0.064203,0.064496,0.065713,0.065063,0.087087,0.065859,0.06304,0.064032,0.066853,0.065244,0.06638,0.064788,0.065297,0.063534,0.064483,0.064074,0.067942,0.064019,0.064597,0.065084,0.065244,0.08696,0.067937
0.067556,0.065697,0.06852,0.067655,0.066184,0.066394,0.065676,0.064486,0.064908,0.064051,0.066482,0.063549,0.065636,0.065471,0.066739,0.087118,0.06506,0.067206,0.06393,0.065418,0.064274,0.066198,0.0654,0.065816,0.06559,0.066057,0.063432,0.064775,0.064707,0.066031,0.064203,0.064526,0.08653,0.064881,0.062903,0.06296,0.065593,0.064007,0.069324,0.062507
0.064545,0.065127,0.066354,0.06447,0.064959,0.066514,0.064731,0.064668,0.064677,0.088108,0.066466,0.063064,0.063649,0.064909,0.064583,0.062907,0.064706,0.065339,0.064982,0.068193,0.064584,0.06444,0.0659,0.063438,0.066133,0.080393,0.065451,0.065846,0.065068,0.066775,0.065589,0.067228,0.065519,0.067311,0.065645,0.067408,0.069783,0.063477,0.063768,0.065585
0.065375,0.064786,0.083609,0.069799,0.066617,0.064177,0.063756,0.066687,0.068039,0.06436,0.065914,0.065534,0.064435,0.064249,0.064783,0.062781,0.063747,0.06532,0.065325,0.087563,0.064208,0.065324,0.063869,0.064886,0.063589,0.065149,0.066195,0.066893,0.064316,0.064536,0.067782,0.064857,0.066125,0.065404,0.065931,0.06741,0.087405,0.065183,0.06641,0.066429
0.067656,0.06557,0.066256,0.06475,0.067097,0.06732,0.064597,0.065027,0.068864,0.065309,0.065126,0.061836,0.079745,0.065246,0.064199,0.064346,0.063532,0.062926,0.062384,0.061777,0.063342,0.064924,0.062302,0.063676,0.062063,0.063256,0.061137,0.065109,0.066097,0.078462,0.068416,0.065942,0.066698,0.064776,0.064936,0.064179,0.06877,0.064948,0.066473,0.064745
0.066695,0.064088,0.063828,0.066673,0.065395,0.064138,0.08305,0.066521,0.06427,0.064416,0.065822,0.063503,0.066055,0.064846,0.066981,0.064861,0.064577,0.066971,0.06426,0.067143,0.066153,0.066915,0.065584,0.08843,0.066332,0.06431,0.065602,0.065459,0.064285,0.065725,0.068486,0.064867,0.066373,0.065799,0.066919,0.067492,0.064702,0.065438,0.065683,0.066736
0.086782,0.068324,0.067684,0.064362,0.063207,0.065747,0.065202,0.06234,0.064942,0.064891,0.066078,0.064053,0.067022,0.065677,0.065167,0.062752,0.068772,0.088077,0.063896,0.068433,0.064316,0.066379,0.065143,0.062473,0.065354,0.064381,0.065274,0.064488,0.065092,0.064361,0.063267,0.061671,0.061556,0.06308,0.084947,0.063204,0.062496,0.062527,0.062751,0.064584
0.06415,0.064667,0.063892,0.067402,0.065195,0.064022,0.06406,0.066209,0.065307,0.063654,0.080197,0.064151,0.067191,0.064562,0.067569,0.064214,0.067758,0.063566,0.065039,0.064822,0.064246,0.064781,0.064625,0.064044,0.068247,0.066817,0.065941,0.089468,0.066289,0.065525,0.066489,0.067913,0.065836,0.064489,0.065785,0.063739,0.064835,0.064494,0.066684,0.067141
0.064882,0.064836,0.063968,0.063822,0.088872,0.066585,0.066772,0.065961,0.064902,0.064288,0.063023,0.063845,0.06578,0.066687,0.067094,0.064468,0.06557,0.063801,0.065867,0.064402,0.066253,0.089902,0.063081,0.064871,0.065013,0.064842,0.065168,0.064021,0.065754,0.064431,0.064633,0.066985,0.064312,0.06414,0.064226,0.064422,0.066374,0.064815,0.08639,0.064185
0.06406,0.06484,0.0659,0.063456,0.065354,0.063046,0.065793,0.065378,0.065006,0.063834,0.066545,0.064787,0.068635,0.064481,0.064742,0.10332,0.087421,0.074424,0.065619,0.065669,0.065315,0.069654,0.067674,0.065872,0.071875,0.068337,0.065713,0.063883,0.064334,0.066963,0.065262,0.06397,0.099182,0.065492,0.064613,0.064624,0.065233,0.063667,0.063727,0.06803
0.067024,0.063592,0.066619,0.066122,0.064977,0.064271,0.066874,0.06601,0.078278,0.066349,0.065357,0.065837,0.06477,0.063753,0.066779,0.065251,0.06593,0.064768,0.065611,0.064977,0.065992,0.066151,0.065826,0.064659,0.063853,0.079461,0.064594,0.064425,0.063745,0.066611,0.067327,0.064927,0.063843,0.065222,0.064336,0.063732,0.06681,0.063654,0.065507,0.066431
