0.085663,0.055082,0.057847,0.05872,0.054976,0.053634,0.058998,0.05464,0.053661,0.055011,0.053616,0.057311,0.053637,0.054342,0.06046,0.05536,0.053241,0.054836,0.05382,0.054406,0.058052,0.053495,0.061042,0.056603,0.056618,0.053995,0.053801,0.060238,0.055262,0.056733,0.062209,0.054904,0.054909,0.055224,0.05312,0.053971,0.059358,0.059311,0.060021,0.054064
0.035751,0.042352,0.036599,0.040066,0.036482,0.044607,0.034522,0.035011,0.039202,0.034744,0.039472,0.044017,0.045931,0.034589,0.038858,0.049757,0.048908,0.051026,0.034707,0.057609,0.036503,0.037533,0.055288,0.048598,0.049053,0.034696,0.036607,0.035065,0.035446,0.035026,0.034447,0.04052,0.039364,0.041256,0.039012,0.03533,0.039834,0.035148,0.048555,0.052155
0.047528,0.031665,0.052475,0.031211,0.031518,0.032749,0.031141,0.031031,0.037077,0.030372,0.035932,0.039271,0.038186,0.036559,0.039906,0.033813,0.047411,0.054539,0.031742,0.03007,0.057305,0.042618,0.046818,0.033455,0.034035,0.032122,0.043916,0.032472,0.035132,0.033108,0.030377,0.031351,0.047077,0.034318,0.05301,0.049494,0.037219,0.043157,0.033084,0.053191
0.03544,0.029123,0.039903,0.030258,0.033983,0.029039,0.028984,0.037188,0.030296,0.03047,0.030636,0.028644,0.031965,0.053505,0.03035,0.032713,0.02823,0.030358,0.040667,0.044968,0.040632,0.042651,0.031023,0.037802,0.044152,0.040382,0.049856,0.049368,0.031096,0.039074,0.030128,0.033909,0.052385,0.049403,0.029226,0.055584,0.036465,0.030359,0.02922,0.047522
0.033133,0.029185,0.034392,0.047878,0.029055,0.029818,0.046667,0.055651,0.03738,0.028891,0.027953,0.03271,0.030281,0.040915,0.031736,0.030658,0.028745,0.040327,0.051455,0.047871,0.033445,0.047674,0.030288,0.049196,0.028911,0.035635,0.029461,0.050369,0.028043,0.04897,0.039094,0.044584,0.057459,0.047942,0.029128,0.046246,0.033379,0.040019,0.046151,0.048366
0.040943,0.029453,0.048016,0.047221,0.033498,0.033485,0.035223,0.052029,0.051295,0.046716,0.036079,0.028787,0.033631,0.034327,0.048325,0.03306,0.043286,0.049619,0.028173,0.050313,0.054433,0.030324,0.028267,0.032317,0.034464,0.034975,0.04579,0.035187,0.033285,0.03989,0.02991,0.029608,0.038046,0.047795,0.048353,0.039423,0.045944,0.049634,0.035624,0.05223
0.030097,0.040333,0.039035,0.030736,0.02843,0.02771,0.052201,0.028771,0.033281,0.052202,0.049211,0.047933,0.036817,0.047855,0.029582,0.038738,0.0292,0.041259,0.027727,0.041531,0.028147,0.030814,0.054255,0.027216,0.031248,0.037713,0.04911,0.045236,0.03347,0.042031,0.03134,0.035022,0.043158,0.038062,0.052571,0.028513,0.037957,0.044861,0.049033,0.035458
0.032325,0.036304,0.02886,0.031225,0.036429,0.039556,0.046129,0.048673,0.050052,0.051039,0.028387,0.040987,0.046354,0.044336,0.040407,0.047841,0.029932,0.040861,0.027571,0.037022,0.04698,0.034679,0.029706,0.039228,0.048368,0.048661,0.039663,0.027697,0.032604,0.033893,0.033015,0.03977,0.036728,0.030068,0.032358,0.045009,0.049396,0.041373,0.038992,0.034879
0.037342,0.042759,0.039696,0.048306,0.049786,0.030478,0.037139,0.046519,0.037056,0.050837,0.046129,0.03609,0.039355,0.025858,0.032455,0.044191,0.026989,0.028264,0.032786,0.034955,0.037493,0.047665,0.04895,0.031187,0.037085,0.057411,0.031999,0.027496,0.045611,0.03821,0.051545,0.028374,0.035453,0.028666,0.047484,0.027024,0.02761,0.037051,0.047505,0.056285
0.026986,0.03632,0.030337,0.040134,0.047887,0.049136,0.028299,0.034295,0.03004,0.045771,0.037257,0.031229,0.027255,0.031238,0.034878,0.027794,0.036461,0.031643,0.032352,0.035912,0.051714,0.048442,0.028036,0.041516,0.028467,0.033703,0.033791,0.037114,0.028261,0.034077,0.03236,0.033742,0.038675,0.027654,0.031881,0.038229,0.047299,0.036332,0.027464,0.041268
0.026295,0.035532,0.032481,0.036378,0.050274,0.049623,0.048557,0.055299,0.036269,0.027354,0.048409,0.048643,0.049329,0.042171,0.030829,0.038926,0.026603,0.031011,0.046112,0.040628,0.026796,0.037761,0.049407,0.03511,0.035073,0.040554,0.038453,0.046106,0.041686,0.028339,0.048276,0.049216,0.030866,0.039026,0.04839,0.063279,0.038176,0.028997,0.044178,0.037522
0.031618,0.029706,0.026615,0.033976,0.049358,0.047559,0.02899,0.02706,0.027448,0.040271,0.051254,0.025915,0.038379,0.027608,0.030547,0.039195,0.047991,0.043183,0.026708,0.0487,0.048332,0.049507,0.031656,0.042957,0.034425,0.027059,0.029092,0.035631,0.038338,0.032485,0.028076,0.036663,0.046784,0.037157,0.028235,0.035805,0.046504,0.035472,0.029832,0.038936
0.048258,0.049202,0.033521,0.03305,0.038288,0.027709,0.030829,0.034999,0.039919,0.047615,0.054824,0.032088,0.031105,0.027504,0.034267,0.031472,0.039774,0.027476,0.036643,0.028818,0.027252,0.031835,0.026884,0.036571,0.038676,0.026712,0.028759,0.046504,0.026319,0.049731,0.049556,0.049276,0.048663,0.030536,0.037749,0.049729,0.044966,0.039956,0.043276,0.046492
0.026493,0.049859,0.028893,0.027779,0.027252,0.048622,0.048939,0.048892,0.03523,0.036261,0.035118,0.026244,0.031026,0.038038,0.04892,0.036538,0.034821,0.028296,0.03404,0.029827,0.040439,0.027703,0.034989,0.034873,0.047312,0.048039,0.027527,0.038828,0.027005,0.035316,0.026399,0.045788,0.039974,0.052196,0.044531,0.053393,0.028293,0.035294,0.027775,0.041646
0.031914,0.045419,0.038175,0.026408,0.040316,0.032529,0.030052,0.03306,0.03471,0.031725,0.03615,0.044906,0.035577,0.032699,0.036327,0.029734,0.04221,0.026302,0.030447,0.03944,0.047549,0.036995,0.028173,0.039989,0.031058,0.02859,0.036453,0.029324,0.036989,0.029126,0.04039,0.028798,0.035023,0.03131,0.033429,0.035816,0.051228,0.027852,0.027835,0.03664
0.029114,0.036723,0.028372,0.026637,0.028704,0.027934,0.02697,0.029217,0.02849,0.032036,0.027353,0.031378,0.027427,0.027257,0.028705,0.028222,0.027325,0.027831,0.03812,0.046854,0.035699,0.047198,0.034655,0.03154,0.039442,0.049886,0.025814,0.037434,0.030362,0.035405,0.052889,0.034251,0.028495,0.030492,0.036605,0.036685,0.027567,0.037488,0.040744,0.026893
0.029995,0.034157,0.038818,0.043383,0.034503,0.034381,0.031441,0.03342,0.038276,0.027572,0.027585,0.026791,0.02698,0.040098,0.026936,0.040135,0.026625,0.036035,0.033471,0.052207,0.036823,0.028587,0.054476,0.025821,0.035479,0.03371,0.035682,0.029465,0.035296,0.040256,0.031725,0.034153,0.025842,0.029703,0.040811,0.028613,0.039845,0.0315,0.030644,0.036101
0.03861,0.025884,0.027898,0.038856,0.035284,0.027421,0.03715,0.034416,0.028516,0.039936,0.026841,0.037082,0.035514,0.040157,0.026179,0.026861,0.040809,0.0284,0.038781,0.027614,0.033344,0.032379,0.027323,0.026678,0.043228,0.040404,0.02948,0.038285,0.02798,0.035244,0.035336,0.02945,0.036154,0.032585,0.030281,0.038389,0.035339,0.02789,0.037352,0.028201
0.038253,0.027439,0.037216,0.03011,0.039015,0.026925,0.037985,0.03287,0.034853,0.032823,0.049632,0.049533,0.048023,0.037481,0.027961,0.036825,0.032104,0.028044,0.027366,0.026048,0.033603,0.035203,0.037683,0.033607,0.026512,0.042346,0.026531,0.032087,0.032762,0.033239,0.035838,0.02832,0.028422,0.026265,0.050556,0.048347,0.040745,0.032957,0.026274,0.029622
0.037112,0.037757,0.027598,0.033755,0.033555,0.032561,0.039205,0.028304,0.034075,0.030705,0.036026,0.050913,0.047967,0.032634,0.035657,0.031519,0.03253,0.040961,0.03407,0.026241,0.028606,0.027699,0.035634,0.027824,0.038338,0.027049,0.03802,0.035646,0.02599,0.028793,0.029397,0.025926,0.033105,0.030491,0.027503,0.026378,0.02782,0.035776,0.027652,0.025695
0.030464,0.028472,0.036906,0.030206,0.02796,0.026182,0.027633,0.027234,0.032936,0.027595,0.02825,0.026889,0.035572,0.02586,0.028221,0.027026,0.030825,0.028404,0.028643,0.026764,0.028121,0.027688,0.027117,0.02864,0.029748,0.036721,0.028289,0.027315,0.028121,0.026578,0.027604,0.027711,0.026055,0.026348,0.033934,0.028598,0.033816,0.027632,0.032729,0.028077
0.037657,0.030518,0.028576,0.027677,0.026325,0.028906,0.02686,0.026791,0.027625,0.032537,0.026295,0.028805,0.028465,0.026269,0.031353,0.027812,0.026653,0.033727,0.028574,0.03007,0.0336,0.03079,0.032557,0.033802,0.026951,0.02697,0.029027,0.027955,0.027383,0.027673,0.025704,0.026693,0.027906,0.028837,0.028145,0.027212,0.027151,0.027662,0.029489,0.026179
0.027263,0.028744,0.02618,0.03165,0.035305,0.02903,0.038958,0.027224,0.038746,0.028849,0.038849,0.026781,0.035851,0.029954,0.032916,0.041736,0.029403,0.030911,0.044205,0.027128,0.028381,0.027699,0.026061,0.027666,0.043101,0.031389,0.027407,0.040366,0.02788,0.030213,0.038184,0.049982,0.032482,0.050752,0.033763,0.028687,0.03963,0.028093,0.04524,0.02634
0.029461,0.036233,0.02798,0.038865,0.029086,0.040411,0.03622,0.030546,0.026474,0.035934,0.032249,0.032181,0.027527,0.034067,0.026722,0.026834,0.038676,0.029802,0.033467,0.035663,0.032598,0.032796,0.029372,0.039661,0.035694,0.034111,0.027166,0.032213,0.035817,0.05062,0.048309,0.043334,0.026555,0.035956,0.032857,0.031216,0.028543,0.041492,0.041092,0.02665
0.025034,0.033398,0.035733,0.029787,0.039537,0.028264,0.038698,0.035926,0.026943,0.029532,0.041459,0.03624,0.02636,0.034705,0.030399,0.034867,0.035551,0.027587,0.037471,0.053705,0.026746,0.035369,0.032747,0.031551,0.042375,0.027227,0.031788,0.033686,0.029299,0.039778,0.035986,0.025653,0.036953,0.035219,0.027318,0.039453,0.028537,0.036022,0.029046,0.043431
0.026465,0.032003,0.037388,0.039419,0.032087,0.033464,0.02706,0.028954,0.04358,0.030088,0.036425,0.02684,0.038445,0.025966,0.039654,0.02828,0.032482,0.03432,0.036458,0.029846,0.033969,0.027836,0.025794,0.027273,0.037325,0.038694,0.025847,0.034088,0.0356,0.028323,0.036348,0.027668,0.039934,0.049016,0.029043,0.035052,0.037118,0.031024,0.036294,0.029782
0.037619,0.027299,0.038848,0.033582,0.026938,0.037641,0.031503,0.032745,0.036387,0.029785,0.033773,0.036492,0.048393,0.031813,0.03513,0.051196,0.030462,0.035512,0.032683,0.030031,0.039009,0.03904,0.02681,0.028805,0.04427,0.028132,0.031363,0.03257,0.028909,0.040007,0.02905,0.032406,0.039847,0.027097,0.038473,0.027636,0.027031,0.026653,0.031948,0.033695
0.030938,0.039481,0.028281,0.034991,0.030772,0.027858,0.026284,0.027508,0.026511,0.02668,0.028158,0.027133,0.027076,0.027744,0.027025,0.031405,0.028309,0.027146,0.034437,0.027122,0.027487,0.036054,0.027683,0.026059,0.027362,0.025936,0.025779,0.028459,0.02722,0.027633,0.026726,0.026275,0.034556,0.029852,0.035232,0.031445,0.034918,0.036642,0.029327,0.035754
0.027458,0.04063,0.030459,0.031538,0.038415,0.027458,0.036028,0.028589,0.040163,0.035831,0.032671,0.02716,0.037211,0.034438,0.033467,0.037031,0.026782,0.03188,0.035959,0.051198,0.042151,0.027454,0.026695,0.031578,0.039747,0.033938,0.027926,0.036309,0.030123,0.039935,0.027017,0.040111,0.032289,0.02623,0.034572,0.033869,0.048955,0.035186,0.047629,0.037238
0.034047,0.02908,0.035963,0.032349,0.034707,0.055564,0.025256,0.037887,0.026281,0.038481,0.053084,0.036331,0.026542,0.032093,0.034224,0.036482,0.029,0.032805,0.034972,0.031607,0.032949,0.042552,0.026998,0.050436,0.035524,0.026341,0.039916,0.02796,0.035882,0.033029,0.033131,0.029272,0.039375,0.047771,0.03162,0.039572,0.027738,0.029782,0.040262,0.048003
0.048577,0.035913,0.030792,0.036161,0.029124,0.038106,0.039248,0.037078,0.027636,0.026105,0.03163,0.037733,0.040189,0.027467,0.029669,0.042133,0.038139,0.035913,0.028469,0.044024,0.049075,0.031152,0.030246,0.037391,0.034491,0.026619,0.032515,0.026859,0.026154,0.039788,0.029692,0.029957,0.035989,0.052227,0.028021,0.037378,0.027682,0.040154,0.034902,0.026944
0.029935,0.039618,0.030444,0.037162,0.044456,0.040041,0.027217,0.036154,0.031763,0.034609,0.034209,0.02963,0.02722,0.026532,0.02995,0.037673,0.036803,0.033588,0.048136,0.026076,0.040448,0.027997,0.03677,0.032568,0.031491,0.035436,0.02823,0.040402,0.05057,0.027716,0.032942,0.03748,0.03056,0.03307,0.032474,0.036528,0.032708,0.027291,0.026632,0.032056
0.033858,0.029539,0.027571,0.027191,0.025668,0.027781,0.026071,0.027519,0.027305,0.026876,0.027234,0.03194,0.026618,0.03132,0.027988,0.027717,0.027068,0.034132,0.028452,0.033162,0.03398,0.027963,0.026212,0.02862,0.027701,0.025832,0.028011,0.02583,0.027643,0.034731,0.028343,0.027496,0.026421,0.027074,0.034192,0.030572,0.027574,0.037484,0.035276,0.026754
0.034611,0.027209,0.027846,0.026419,0.030714,0.027166,0.026386,0.026849,0.026341,0.029287,0.030635,0.031899,0.026538,0.029297,0.031607,0.032074,0.037886,0.029218,0.032308,0.038257,0.028874,0.036627,0.050617,0.028736,0.041851,0.030068,0.041347,0.029703,0.026605,0.031946,0.033457,0.03448,0.037468,0.04962,0.028219,0.036525,0.029611,0.036004,0.027965,0.026018
0.03458,0.033959,0.026703,0.028751,0.039098,0.036754,0.035992,0.026712,0.030377,0.038551,0.029038,0.036627,0.029873,0.043915,0.02549,0.035642,0.03613,0.028368,0.030222,0.037183,0.028993,0.036706,0.033564,0.030898,0.035247,0.035255,0.027195,0.039936,0.030561,0.031618,0.031837,0.037436,0.055807,0.027153,0.032886,0.033249,0.033802,0.030237,0.037102,0.03158
0.033907,0.029158,0.030881,0.026892,0.026412,0.028297,0.026388,0.028023,0.027367,0.025981,0.035305,0.029237,0.034612,0.033624,0.03127,0.03908,0.048631,0.037045,0.025752,0.037046,0.05316,0.028389,0.029999,0.039497,0.02977,0.034774,0.034119,0.030355,0.037017,0.02869,0.034288,0.034187,0.036152,0.037585,0.035482,0.025815,0.035241,0.028068,0.041345,0.026411
0.037309,0.034577,0.034981,0.027858,0.026343,0.026865,0.029669,0.033557,0.03606,0.048095,0.028989,0.034213,0.037291,0.046334,0.040272,0.036354,0.04837,0.029102,0.030273,0.038921,0.036093,0.030294,0.036918,0.029382,0.028819,0.033724,0.033416,0.033514,0.033226,0.034777,0.028598,0.038573,0.028815,0.039046,0.029161,0.03613,0.02936,0.039981,0.028361,0.033001
0.039729,0.027422,0.035178,0.034383,0.029043,0.037163,0.029191,0.028367,0.026435,0.027221,0.028676,0.032598,0.035721,0.027248,0.025998,0.027129,0.026393,0.027635,0.026996,0.027322,0.027379,0.026354,0.028689,0.037577,0.029698,0.036907,0.028677,0.029316,0.044727,0.027392,0.040736,0.026362,0.034962,0.035062,0.029371,0.030859,0.045583,0.031776,0.02631,0.039374
0.029062,0.028303,0.040821,0.034691,0.026896,0.036148,0.053025,0.02807,0.035805,0.029376,0.034872,0.048359,0.035579,0.049327,0.035436,0.027992,0.040243,0.028308,0.033843,0.036017,0.036734,0.028494,0.033208,0.028382,0.036723,0.027662,0.025867,0.046641,0.032536,0.038018,0.028418,0.032649,0.034678,0.02846,0.025949,0.028147,0.045053,0.026887,0.027825,0.037588
0.028618,0.041541,0.027193,0.033618,0.031566,0.037231,0.028757,0.042073,0.029511,0.034059,0.028772,0.036707,0.032057,0.027749,0.026034,0.027473,0.035516,0.032469,0.034015,0.035416,0.028685,0.038325,0.027444,0.034095,0.037863,0.047246,0.031889,0.044211,0.025912,0.031478,0.036068,0.028623,0.037222,0.049605,0.030309,0.038059,0.028249,0.038364,0.028226,0.04058
