0.075834,0.055505,0.056632,0.059388,0.052461,0.054827,0.055061,0.052261,0.064492,0.051349,0.052395,0.050712,0.050814,0.057331,0.049898,0.050181,0.055346,0.052092,0.052094,0.054981,0.049639,0.050701,0.049279,0.057441,0.052832,0.051707,0.052228,0.055364,0.058671,0.051756,0.055789,0.049413,0.049695,0.0575,0.050587,0.057101,0.058703,0.051874,0.051309,0.055225
0.042647,0.03908,0.051203,0.038424,0.03819,0.041107,0.037942,0.044932,0.046745,0.041413,0.043881,0.037654,0.058041,0.039027,0.037041,0.055675,0.046635,0.038698,0.039446,0.037357,0.038162,0.039299,0.038079,0.049941,0.038527,0.041532,0.054065,0.038151,0.042014,0.039655,0.03871,0.046173,0.039841,0.042141,0.045776,0.037982,0.036931,0.039723,0.042038,0.043804
0.03421,0.045179,0.036263,0.035197,0.035048,0.035839,0.038033,0.040947,0.037827,0.048093,0.03819,0.048803,0.049301,0.047852,0.035461,0.042057,0.034578,0.046376,0.040585,0.044792,0.034953,0.034548,0.035069,0.037387,0.036815,0.039044,0.035309,0.03695,0.036726,0.045315,0.036502,0.045068,0.040039,0.038618,0.034748,0.035959,0.034085,0.034524,0.036467,0.046478
0.034971,0.051673,0.03958,0.037402,0.035778,0.034349,0.036637,0.04179,0.037243,0.037801,0.044826,0.039269,0.041388,0.036692,0.03729,0.043276,0.041545,0.039698,0.03394,0.044909,0.035279,0.046552,0.043392,0.037434,0.041743,0.035897,0.036566,0.047815,0.037778,0.046835,0.035347,0.040847,0.034745,0.03611,0.042376,0.040187,0.034829,0.039619,0.05538,0.03894
0.032428,0.034154,0.032578,0.033534,0.033426,0.032276,0.033956,0.046178,0.03515,0.033204,0.043511,0.037238,0.033952,0.03341,0.034122,0.048568,0.032646,0.034594,0.035145,0.046018,0.051566,0.038976,0.034811,0.035838,0.034134,0.039999,0.037319,0.042277,0.042257,0.033572,0.035146,0.034085,0.034741,0.046066,0.033352,0.033296,0.03416,0.034117,0.033271,0.046491
0.03272,0.034571,0.03333,0.037608,0.034151,0.048337,0.041137,0.035622,0.033121,0.03409,0.037901,0.033426,0.034199,0.03334,0.034568,0.035039,0.043645,0.043654,0.03723,0.03944,0.034076,0.032962,0.047922,0.03344,0.032324,0.036997,0.051759,0.044201,0.036803,0.03614,0.042942,0.032715,0.031948,0.032781,0.038373,0.032953,0.034817,0.033543,0.034829,0.042328
0.033016,0.033557,0.040493,0.045981,0.032926,0.03305,0.032371,0.038204,0.034261,0.042899,0.034853,0.03419,0.034498,0.033564,0.034003,0.033255,0.034367,0.033239,0.033034,0.033322,0.034512,0.033717,0.035489,0.045739,0.032739,0.038076,0.043812,0.033717,0.032974,0.040203,0.04231,0.031562,0.033039,0.050803,0.033265,0.04196,0.042926,0.03254,0.041792,0.043119
0.032813,0.031971,0.049063,0.031686,0.041154,0.03344,0.033478,0.040731,0.034183,0.034718,0.039072,0.03464,0.033668,0.038948,0.037564,0.033278,0.03319,0.051786,0.031666,0.040743,0.046548,0.032843,0.032619,0.032777,0.033322,0.032796,0.051752,0.034313,0.034174,0.033409,0.033409,0.033299,0.032848,0.033174,0.034964,0.03464,0.034232,0.046699,0.034142,0.032502
0.033183,0.033349,0.033557,0.032951,0.03169,0.031551,0.032758,0.032509,0.036221,0.041592,0.039211,0.03621,0.032165,0.03214,0.032437,0.032906,0.050711,0.036074,0.033659,0.036559,0.032917,0.047586,0.033126,0.033391,0.034036,0.03267,0.033036,0.034118,0.032237,0.031782,0.03298,0.032851,0.032394,0.043561,0.043128,0.033647,0.033975,0.039204,0.037658,0.036852
0.032586,0.033129,0.032861,0.032483,0.035814,0.041785,0.03541,0.035441,0.041936,0.03404,0.038589,0.036698,0.033231,0.032105,0.033798,0.032257,0.037583,0.043694,0.038879,0.03281,0.032398,0.034061,0.04416,0.03744,0.035114,0.034008,0.033033,0.031787,0.032561,0.032936,0.034346,0.034559,0.032717,0.03282,0.032795,0.032087,0.034414,0.03341,0.033981,0.032511
0.033833,0.033127,0.031604,0.035211,0.038215,0.032817,0.045181,0.032438,0.034242,0.048231,0.056746,0.032802,0.036304,0.033366,0.032693,0.033307,0.032527,0.032565,0.031961,0.03262,0.032684,0.031687,0.033403,0.050956,0.032015,0.039724,0.034653,0.032878,0.041816,0.032558,0.033697,0.03397,0.033843,0.054959,0.033364,0.032977,0.032348,0.03231,0.032306,0.041003
0.040878,0.032226,0.037976,0.032014,0.031686,0.033509,0.039877,0.032939,0.032273,0.043539,0.032094,0.058829,0.033042,0.032273,0.031331,0.032059,0.03283,0.03212,0.041544,0.045397,0.033572,0.038923,0.038554,0.038383,0.034031,0.033969,0.03247,0.033553,0.033733,0.033369,0.033595,0.031861,0.03353,0.033538,0.032271,0.031748,0.032316,0.032462,0.033554,0.042064
0.047344,0.032706,0.039075,0.043537,0.032478,0.03321,0.031799,0.052079,0.03169,0.030863,0.03197,0.033544,0.039789,0.037604,0.044357,0.039651,0.044935,0.032697,0.032596,0.033107,0.033041,0.031471,0.035706,0.034709,0.032394,0.031986,0.031264,0.032845,0.032669,0.050722,0.033127,0.040561,0.032199,0.049306,0.033143,0.033195,0.032641,0.032658,0.032486,0.032861
0.03145,0.033059,0.032918,0.032106,0.03141,0.044807,0.043625,0.034104,0.031889,0.031562,0.031983,0.033699,0.040117,0.03364,0.033385,0.032696,0.032865,0.032197,0.033166,0.052563,0.031876,0.031475,0.037121,0.033278,0.03322,0.03397,0.033957,0.032969,0.045087,0.049044,0.038412,0.033235,0.044957,0.032804,0.031532,0.032972,0.032948,0.039999,0.033594,0.031668
0.03184,0.031143,0.031992,0.032901,0.037801,0.034866,0.032403,0.038837,0.045935,0.032407,0.031823,0.032386,0.032544,0.032333,0.0336,0.033986,0.032025,0.05177,0.056803,0.046944,0.032541,0.032104,0.032133,0.032007,0.034225,0.032288,0.032741,0.039939,0.033805,0.034279,0.036631,0.038798,0.033054,0.033435,0.040998,0.038043,0.037938,0.031581,0.033312,0.053534
0.032006,0.047944,0.043411,0.035521,0.043809,0.049073,0.032034,0.039681,0.04678,0.0324,0.032086,0.031087,0.033004,0.053019,0.032352,0.032835,0.035735,0.0413,0.036294,0.033091,0.039722,0.031718,0.032186,0.035565,0.032667,0.032059,0.053152,0.037689,0.042465,0.03978,0.045605,0.032578,0.032136,0.03268,0.032447,0.031875,0.032934,0.033105,0.033153,0.033796
0.045347,0.041994,0.033063,0.034863,0.035657,0.032272,0.032547,0.039281,0.041948,0.031259,0.032306,0.034245,0.031511,0.032574,0.033897,0.033945,0.033075,0.033649,0.033467,0.039778,0.032008,0.032039,0.032614,0.036358,0.032021,0.03773,0.045984,0.03242,0.032334,0.031935,0.057029,0.047887,0.038186,0.041585,0.032122,0.03171,0.032695,0.033978,0.042367,0.047788
0.033263,0.045671,0.03224,0.035951,0.055137,0.045368,0.039899,0.032805,0.048507,0.046467,0.032403,0.031775,0.032713,0.032334,0.03362,0.03258,0.039345,0.036547,0.033481,0.043263,0.031462,0.031086,0.032417,0.032334,0.034855,0.032114,0.051938,0.033986,0.033663,0.032248,0.035379,0.031403,0.036381,0.03367,0.038502,0.047029,0.033629,0.032396,0.042051,0.039042
0.032013,0.03219,0.032667,0.035201,0.042027,0.039113,0.032362,0.037034,0.039267,0.047141,0.032277,0.031454,0.031858,0.031461,0.032528,0.037819,0.031863,0.032399,0.033839,0.034658,0.03311,0.031715,0.050721,0.03147,0.039641,0.032279,0.031624,0.032206,0.031513,0.034206,0.035177,0.032458,0.032979,0.032811,0.031406,0.032457,0.034582,0.034032,0.031892,0.054323
0.030953,0.040436,0.039446,0.033432,0.033717,0.034798,0.040536,0.03587,0.050671,0.044242,0.032294,0.031097,0.034017,0.031698,0.031619,0.034479,0.032767,0.035202,0.033285,0.033196,0.032853,0.032488,0.032557,0.042384,0.032112,0.031692,0.03177,0.038989,0.052212,0.041565,0.031692,0.039444,0.033802,0.032605,0.032839,0.031615,0.031572,0.032465,0.032154,0.034314
0.032501,0.034737,0.032749,0.040728,0.048687,0.040146,0.03802,0.032665,0.032591,0.032129,0.047331,0.056953,0.042425,0.048618,0.046568,0.032806,0.032602,0.048946,0.033073,0.032582,0.031656,0.031564,0.053032,0.032555,0.032737,0.034415,0.032769,0.031803,0.032156,0.03478,0.03189,0.031908,0.032881,0.033333,0.045811,0.041345,0.032543,0.032315,0.044834,0.037671
0.032862,0.045071,0.045463,0.032644,0.032447,0.031917,0.033264,0.031976,0.031703,0.032643,0.039274,0.031945,0.038536,0.043189,0.031288,0.038226,0.031153,0.031985,0.032419,0.040115,0.045363,0.030836,0.031724,0.031883,0.038308,0.040336,0.043281,0.039569,0.038673,0.049184,0.05636,0.038591,0.050553,0.045917,0.032608,0.032749,0.0321,0.035495,0.037892,0.043396
0.031641,0.040778,0.046413,0.032746,0.031969,0.040905,0.03742,0.037475,0.033542,0.032061,0.030483,0.032122,0.044049,0.044315,0.039206,0.047348,0.032437,0.032609,0.031995,0.032432,0.031537,0.060197,0.048657,0.043902,0.031474,0.032736,0.032341,0.033281,0.032238,0.039436,0.032495,0.033769,0.033037,0.031936,0.042796,0.042896,0.040283,0.033524,0.033848,0.032944
0.036558,0.033631,0.031887,0.034148,0.034356,0.033322,0.039115,0.032947,0.03294,0.032756,0.032671,0.033763,0.032708,0.040411,0.033784,0.034004,0.035345,0.034461,0.034224,0.033447,0.033192,0.032526,0.034234,0.033133,0.032576,0.034548,0.032338,0.041751,0.03326,0.032231,0.03163,0.033323,0.038801,0.047618,0.032843,0.032239,0.032856,0.03339,0.033282,0.033104
0.031907,0.042066,0.036088,0.053006,0.032875,0.031771,0.032482,0.033223,0.034343,0.033625,0.033396,0.040973,0.032182,0.031054,0.033451,0.032352,0.032387,0.031706,0.034391,0.03253,0.032709,0.035581,0.042118,0.03605,0.05257,0.056807,0.032859,0.039161,0.039478,0.057044,0.039876,0.033672,0.033616,0.038563,0.033265,0.031904,0.03076,0.031578,0.034064,0.033479
0.032682,0.032857,0.034382,0.037821,0.040195,0.044482,0.031836,0.03092,0.036629,0.031987,0.042764,0.044558,0.033435,0.035367,0.044653,0.034276,0.03253,0.032404,0.031528,0.041814,0.039648,0.033663,0.034657,0.031725,0.053905,0.032125,0.040429,0.046841,0.031712,0.031097,0.036859,0.031232,0.039462,0.044887,0.031622,0.031338,0.031228,0.032827,0.041752,0.033042
0.031896,0.033157,0.03606,0.033735,0.032198,0.049467,0.032287,0.033542,0.032141,0.031651,0.031117,0.036377,0.031889,0.031814,0.033313,0.033135,0.032635,0.038935,0.033015,0.032073,0.032216,0.032825,0.039881,0.045645,0.031904,0.03106,0.031755,0.033377,0.032644,0.038651,0.030873,0.033996,0.034485,0.031666,0.040466,0.047248,0.032679,0.03253,0.032434,0.032307
0.03325,0.031649,0.032885,0.033435,0.032668,0.031938,0.035078,0.036597,0.037173,0.031783,0.034529,0.037263,0.040555,0.031251,0.03358,0.035087,0.031404,0.035899,0.057585,0.041702,0.055339,0.032379,0.032636,0.032603,0.031963,0.032034,0.032161,0.031997,0.040993,0.031621,0.032491,0.037997,0.04528,0.031826,0.03866,0.032097,0.032414,0.031026,0.034327,0.032963
0.03167,0.031138,0.037506,0.034513,0.034147,0.032614,0.033644,0.032568,0.036563,0.046294,0.033412,0.034249,0.032589,0.032784,0.034246,0.03159,0.03141,0.032652,0.033211,0.031144,0.034314,0.032322,0.033248,0.032928,0.035342,0.032841,0.034651,0.031039,0.036863,0.031926,0.035846,0.033428,0.033519,0.039029,0.046355,0.032932,0.03216,0.032573,0.031107,0.030956
0.033484,0.037298,0.038485,0.033026,0.033882,0.047669,0.032609,0.032037,0.031674,0.031218,0.033583,0.032169,0.043976,0.043869,0.03138,0.032619,0.036406,0.032108,0.038092,0.031818,0.032009,0.032259,0.031431,0.032209,0.038729,0.032947,0.032569,0.031881,0.035982,0.032927,0.03161,0.031515,0.034596,0.031032,0.030024,0.057418,0.032478,0.031495,0.030911,0.032197
0.032684,0.037612,0.031154,0.031241,0.03333,0.032675,0.037128,0.030969,0.033539,0.034639,0.03255,0.032655,0.033819,0.038937,0.031818,0.031096,0.031317,0.038256,0.042077,0.034148,0.04231,0.032165,0.033524,0.0318,0.033109,0.039636,0.033882,0.041507,0.041118,0.038893,0.047197,0.0386,0.031009,0.033223,0.033379,0.041824,0.033097,0.043062,0.035974,0.043022
0.03485,0.04096,0.033662,0.032599,0.03246,0.03301,0.032995,0.031406,0.032061,0.033621,0.038877,0.031681,0.033343,0.03138,0.030605,0.031374,0.033633,0.033374,0.034042,0.033525,0.034127,0.032338,0.036972,0.031702,0.031177,0.03277,0.036671,0.03576,0.041457,0.03714,0.038294,0.036175,0.031581,0.031489,0.042439,0.039663,0.057365,0.044072,0.032289,0.030943
0.032831,0.041349,0.033835,0.043712,0.046678,0.033761,0.032301,0.04035,0.031878,0.03957,0.044735,0.031847,0.033064,0.03058,0.033188,0.036876,0.031054,0.030785,0.033128,0.036104,0.040361,0.047841,0.034717,0.041315,0.032163,0.038663,0.043413,0.040848,0.033905,0.032604,0.032403,0.030964,0.032857,0.03148,0.033929,0.034223,0.031036,0.033412,0.040366,0.033179
0.032277,0.036063,0.035977,0.052716,0.041584,0.031531,0.033447,0.030665,0.033572,0.032827,0.059288,0.035708,0.040723,0.03303,0.032453,0.041849,0.0418,0.03161,0.034314,0.032842,0.034119,0.035368,0.031339,0.032038,0.035084,0.051742,0.048667,0.049958,0.049109,0.031905,0.043397,0.032305,0.033255,0.031228,0.041085,0.03888,0.0428,0.036097,0.046442,0.042562
0.032723,0.038089,0.045324,0.033611,0.031563,0.035134,0.031544,0.032612,0.03322,0.054795,0.032542,0.031984,0.031868,0.037421,0.031181,0.034069,0.054133,0.033851,0.038531,0.033845,0.042872,0.031505,0.033038,0.032901,0.031652,0.036241,0.031695,0.031545,0.040594,0.046088,0.031455,0.031515,0.031577,0.033085,0.042014,0.047897,0.031725,0.031612,0.031811,0.03167
0.032914,0.030785,0.033838,0.037855,0.032557,0.032582,0.032158,0.032781,0.03322,0.033738,0.036817,0.031632,0.038655,0.031607,0.031845,0.031344,0.03231,0.033338,0.034787,0.031512,0.032168,0.039778,0.033455,0.031245,0.031234,0.031269,0.033219,0.039078,0.031327,0.031624,0.030823,0.04287,0.041894,0.032695,0.032745,0.033758,0.033991,0.033838,0.036433,0.030805
0.033006,0.039313,0.031859,0.031733,0.031763,0.031536,0.03549,0.031994,0.035617,0.042245,0.035883,0.03368,0.033391,0.037993,0.031555,0.033475,0.031627,0.04141,0.034751,0.04321,0.031405,0.034287,0.033937,0.031275,0.03176,0.038863,0.031634,0.033109,0.031699,0.032141,0.032962,0.039642,0.033257,0.032707,0.031642,0.031579,0.031171,0.032328,0.035606,0.031077
0.040547,0.030724,0.031287,0.03277,0.032683,0.03349,0.032935,0.033505,0.038816,0.032281,0.038762,0.045303,0.030635,0.038589,0.033348,0.031771,0.032835,0.037637,0.041477,0.030679,0.032918,0.033672,0.033201,0.03312,0.033438,0.033314,0.033982,0.034098,0.033097,0.037147,0.032341,0.039496,0.046632,0.031926,0.031229,0.038501,0.036577,0.044633,0.042254,0.035218
0.038934,0.032664,0.031595,0.036495,0.034691,0.033059,0.031681,0.033552,0.032182,0.031302,0.031538,0.032551,0.031414,0.036226,0.03217,0.033628,0.033878,0.034903,0.03316,0.033461,0.053796,0.031866,0.032301,0.054286,0.032019,0.032344,0.04174,0.03817,0.03823,0.03259,0.032664,0.031838,0.031646,0.032016,0.03311,0.032603,0.032139,0.039887,0.031822,0.031757
0.031173,0.032356,0.033257,0.033203,0.033745,0.037777,0.031411,0.032447,0.033007,0.0324,0.051702,0.042739,0.04519,0.031205,0.031684,0.031929,0.039219,0.031662,0.031693,0.038986,0.032223,0.033379,0.033161,0.031493,0.033426,0.031719,0.031409,0.03212,0.034147,0.03192,0.042894,0.046194,0.033417,0.032529,0.039051,0.041304,0.032556,0.031574,0.032402,0.038522
