0.063104,0.049132,0.046774,0.046968,0.044049,0.044861,0.056521,0.043269,0.058536,0.048538,0.04419,0.05613,0.046924,0.044377,0.042915,0.044504,0.050423,0.052571,0.045091,0.04427,0.044452,0.049774,0.04318,0.055392,0.052843,0.044274,0.062457,0.044457,0.047268,0.046355,0.054706,0.052554,0.046212,0.05168,0.052159,0.048895,0.053179,0.043769,0.044198,0.057612
0.040538,0.038893,0.038373,0.047424,0.053666,0.048347,0.035475,0.04568,0.031265,0.053576,0.054617,0.029935,0.031913,0.031183,0.042017,0.046637,0.030408,0.052181,0.031093,0.052263,0.031152,0.060014,0.033548,0.031272,0.030816,0.030194,0.031453,0.052112,0.037302,0.036111,0.033766,0.037744,0.033567,0.051448,0.055302,0.038455,0.030869,0.030804,0.036965,0.032495
0.027545,0.027438,0.034354,0.053061,0.036039,0.035783,0.02892,0.027724,0.052534,0.033898,0.051017,0.047367,0.049744,0.048831,0.0565,0.028127,0.048252,0.044533,0.035108,0.039132,0.047159,0.056602,0.027629,0.054113,0.030867,0.048371,0.054202,0.029594,0.054811,0.034096,0.028852,0.04977,0.049009,0.057057,0.030858,0.029456,0.049476,0.050582,0.040343,0.027292
0.049701,0.04964,0.055258,0.036023,0.032872,0.033167,0.040582,0.034901,0.040036,0.028142,0.03268,0.035167,0.050821,0.049288,0.047933,0.052769,0.039334,0.029763,0.033038,0.027645,0.049765,0.03799,0.030767,0.051524,0.028954,0.041243,0.028145,0.032411,0.036679,0.037762,0.035483,0.028252,0.032361,0.033387,0.050353,0.030041,0.049514,0.054964,0.030896,0.050723
0.047974,0.032158,0.050827,0.030107,0.05371,0.036398,0.025849,0.040631,0.026998,0.052079,0.035139,0.027412,0.055653,0.028414,0.054643,0.034484,0.039172,0.0269,0.032966,0.028113,0.054496,0.048233,0.052157,0.029676,0.050553,0.043003,0.026641,0.029677,0.048653,0.055708,0.049822,0.036968,0.027662,0.046047,0.056179,0.029346,0.054129,0.028769,0.055171,0.027317
0.035834,0.0357,0.029004,0.03851,0.027727,0.04995,0.057248,0.03186,0.030354,0.047767,0.030293,0.03918,0.048949,0.039487,0.026364,0.052059,0.032595,0.045336,0.027587,0.02952,0.046021,0.042815,0.026423,0.032425,0.046542,0.037503,0.032529,0.040216,0.026804,0.050059,0.050216,0.030442,0.052081,0.035108,0.03712,0.032202,0.035728,0.041549,0.050164,0.060191
0.026462,0.028306,0.051154,0.055118,0.025942,0.038132,0.030529,0.052121,0.033753,0.036684,0.031541,0.052015,0.027405,0.048754,0.048995,0.055004,0.030428,0.054218,0.028887,0.048224,0.036235,0.048454,0.040289,0.027231,0.055431,0.030466,0.046635,0.05515,0.02723,0.050884,0.048649,0.037038,0.031308,0.056242,0.026639,0.057152,0.025661,0.058884,0.025995,0.051927
0.034279,0.029736,0.040677,0.025989,0.049839,0.048167,0.055732,0.036857,0.025959,0.048994,0.049021,0.056216,0.036321,0.035718,0.026068,0.035478,0.051329,0.031922,0.027569,0.038434,0.028029,0.051994,0.054926,0.027353,0.03677,0.037339,0.028197,0.03251,0.046414,0.040207,0.029336,0.051281,0.032294,0.041252,0.032721,0.033936,0.028644,0.028489,0.053258,0.030893
0.050719,0.042622,0.033438,0.026176,0.031987,0.048999,0.048786,0.04906,0.054823,0.049098,0.049052,0.055155,0.026641,0.051134,0.0355,0.030594,0.052542,0.033178,0.038737,0.026376,0.037025,0.028416,0.038519,0.026861,0.026795,0.02564,0.033481,0.02981,0.032326,0.026799,0.026636,0.035437,0.027323,0.026259,0.026297,0.025811,0.029791,0.028186,0.041577,0.029166
0.045549,0.049462,0.054614,0.048898,0.032656,0.049285,0.035102,0.032229,0.041706,0.026408,0.030786,0.052391,0.0334,0.033166,0.046171,0.054305,0.055043,0.037181,0.024766,0.03131,0.047075,0.038878,0.031145,0.048845,0.046285,0.038916,0.047648,0.04927,0.054902,0.033024,0.044679,0.055327,0.049094,0.036094,0.027758,0.04957,0.038489,0.02687,0.036612,0.051369
0.029696,0.047924,0.040213,0.028353,0.053725,0.036429,0.026,0.055607,0.028158,0.049688,0.055883,0.027277,0.037385,0.033172,0.03001,0.053528,0.033131,0.050353,0.032073,0.049114,0.051265,0.048619,0.049351,0.054594,0.028587,0.040173,0.026964,0.036468,0.031386,0.036137,0.028924,0.037454,0.030027,0.040557,0.02584,0.050555,0.034032,0.032402,0.040532,0.0264
0.036453,0.02918,0.050999,0.038844,0.052359,0.025644,0.050732,0.032961,0.034533,0.033468,0.029167,0.037955,0.036507,0.026512,0.039075,0.030393,0.055788,0.037114,0.024902,0.02998,0.03112,0.057588,0.025146,0.03915,0.027321,0.038696,0.032255,0.053229,0.02725,0.050563,0.054975,0.03069,0.056854,0.033442,0.02497,0.0551,0.056377,0.026517,0.027469,0.044987
0.025985,0.028968,0.034756,0.036604,0.029159,0.054737,0.027869,0.054423,0.049334,0.031206,0.052089,0.049524,0.048716,0.033487,0.035743,0.035971,0.029542,0.028485,0.038932,0.029619,0.041943,0.027185,0.034488,0.035146,0.026625,0.054363,0.031775,0.047626,0.034766,0.034252,0.036179,0.034807,0.027237,0.054252,0.029304,0.049764,0.036868,0.032642,0.034421,0.047519
0.055276,0.024239,0.040456,0.027404,0.052565,0.033608,0.052788,0.048568,0.036488,0.024065,0.037196,0.048222,0.063664,0.025448,0.037109,0.024663,0.036582,0.036783,0.027483,0.040109,0.038017,0.024883,0.031612,0.048336,0.033922,0.049931,0.030261,0.038407,0.032374,0.051933,0.028166,0.040945,0.025703,0.051386,0.048204,0.055188,0.049852,0.032852,0.032137,0.052223
0.029481,0.049602,0.038299,0.027751,0.057017,0.025915,0.051831,0.055541,0.027395,0.050456,0.047832,0.049285,0.056025,0.040115,0.028936,0.028575,0.036357,0.028779,0.040874,0.026179,0.039086,0.027611,0.052042,0.04853,0.049228,0.042314,0.034561,0.026811,0.036431,0.026662,0.036016,0.033953,0.027792,0.025239,0.031772,0.026554,0.026368,0.02691,0.051903,0.033348
0.049793,0.04886,0.049241,0.036221,0.034182,0.047901,0.03139,0.052575,0.048601,0.055172,0.026401,0.051485,0.03701,0.026866,0.054048,0.04914,0.049236,0.048677,0.054754,0.02775,0.055844,0.035945,0.036231,0.025567,0.031511,0.047645,0.03304,0.0507,0.053974,0.051051,0.052798,0.026654,0.04687,0.039562,0.032023,0.03225,0.048245,0.026847,0.036518,0.025411
0.028236,0.056251,0.025914,0.044074,0.025639,0.034556,0.031158,0.036812,0.029705,0.038212,0.027828,0.034648,0.036423,0.026386,0.041158,0.027849,0.038526,0.027028,0.039061,0.02955,0.03428,0.034815,0.035909,0.037241,0.02652,0.034268,0.029868,0.030608,0.040443,0.027453,0.038805,0.027311,0.041171,0.026196,0.035119,0.036212,0.035706,0.034059,0.02627,0.034349
0.037436,0.028414,0.032104,0.050248,0.035045,0.034092,0.033542,0.041286,0.028039,0.031687,0.033587,0.027869,0.025949,0.026809,0.031995,0.026661,0.025959,0.035994,0.029535,0.030514,0.038249,0.03664,0.025151,0.03655,0.035919,0.028014,0.039073,0.026937,0.035909,0.036495,0.041077,0.027883,0.026707,0.042817,0.042974,0.034617,0.034795,0.035286,0.02622,0.036499
0.034709,0.047478,0.036876,0.028364,0.035177,0.034902,0.029473,0.038534,0.027544,0.038408,0.031915,0.033917,0.041078,0.024132,0.033195,0.043203,0.025591,0.03209,0.033221,0.033777,0.047898,0.038172,0.025615,0.039475,0.030109,0.033396,0.038622,0.025354,0.038052,0.029483,0.041324,0.028215,0.035214,0.031037,0.034221,0.034432,0.031806,0.036527,0.026972,0.038839
0.033339,0.028382,0.03798,0.050492,0.044047,0.033614,0.037589,0.029386,0.038185,0.02979,0.031709,0.035917,0.033173,0.039939,0.026584,0.033964,0.035681,0.033144,0.036158,0.034869,0.03472,0.029995,0.026093,0.037555,0.03128,0.033858,0.036223,0.028249,0.03692,0.028017,0.040544,0.025788,0.042865,0.02847,0.039968,0.024273,0.039738,0.025971,0.03671,0.031569
0.034711,0.034989,0.027238,0.039314,0.054603,0.024141,0.039725,0.02677,0.039425,0.026971,0.04196,0.025946,0.034795,0.03397,0.048158,0.038488,0.026357,0.040525,0.033179,0.026514,0.039544,0.033963,0.034576,0.035301,0.024658,0.03679,0.038799,0.025337,0.034234,0.035428,0.031897,0.032629,0.039979,0.027959,0.030527,0.042151,0.025306,0.047433,0.055879,0.048366
0.048441,0.050617,0.03167,0.038199,0.027774,0.038834,0.028115,0.036483,0.031983,0.037675,0.027145,0.040353,0.026154,0.044359,0.025169,0.036504,0.026632,0.039016,0.036014,0.027138,0.036325,0.03886,0.032531,0.032346,0.026551,0.02706,0.025681,0.027487,0.030188,0.024497,0.029101,0.02555,0.026241,0.025981,0.027184,0.032701,0.034457,0.028743,0.026238,0.029536
0.027262,0.024821,0.030161,0.026486,0.025256,0.025193,0.024844,0.026528,0.038586,0.028032,0.036841,0.030535,0.044369,0.031323,0.032557,0.02722,0.042227,0.025964,0.03294,0.033076,0.033868,0.02759,0.047765,0.031881,0.024837,0.031379,0.04224,0.028198,0.032806,0.039479,0.025135,0.036672,0.027439,0.035295,0.034484,0.055512,0.031208,0.031976,0.030203,0.0341
0.032558,0.034932,0.034646,0.030444,0.054464,0.050288,0.026034,0.040353,0.025939,0.040944,0.048146,0.036312,0.026489,0.035047,0.035263,0.030502,0.034023,0.033404,0.031295,0.038259,0.030404,0.036874,0.027694,0.036985,0.035645,0.034218,0.026181,0.03531,0.033671,0.038741,0.030621,0.030385,0.034319,0.049386,0.034434,0.032747,0.037733,0.02936,0.03466,0.028682
0.039678,0.026411,0.035674,0.034175,0.050136,0.055902,0.035325,0.025347,0.033612,0.037958,0.029824,0.029244,0.040063,0.027063,0.037007,0.02979,0.037205,0.02889,0.036112,0.033427,0.032209,0.034258,0.039549,0.034144,0.034246,0.025515,0.034073,0.034914,0.031029,0.03131,0.036416,0.032368,0.034507,0.042852,0.025237,0.027613,0.037632,0.0327,0.033847,0.035631
0.026808,0.056155,0.027454,0.037414,0.028814,0.044934,0.036703,0.041268,0.027647,0.035065,0.03582,0.027544,0.041472,0.03131,0.028823,0.051129,0.053891,0.030405,0.037106,0.027087,0.040497,0.024903,0.036704,0.036588,0.027658,0.0391,0.02712,0.036781,0.036165,0.035474,0.025949,0.036918,0.029049,0.039497,0.026898,0.049574,0.055537,0.04915,0.033349,0.032208
0.040161,0.028658,0.028898,0.041628,0.02528,0.037598,0.029148,0.044799,0.031149,0.026459,0.03401,0.034228,0.035007,0.025536,0.042609,0.030918,0.034612,0.0276,0.042278,0.025533,0.03434,0.033851,0.032919,0.033697,0.036932,0.033271,0.029998,0.03278,0.033886,0.029419,0.04107,0.02647,0.042151,0.035999,0.028128,0.029675,0.033281,0.029768,0.038621,0.027275
0.038962,0.032273,0.029505,0.038406,0.031969,0.031886,0.035756,0.030934,0.037028,0.026982,0.036367,0.04188,0.024183,0.032496,0.034345,0.033415,0.03572,0.031576,0.036466,0.026124,0.04529,0.028452,0.028082,0.037621,0.02812,0.025566,0.02668,0.034437,0.026073,0.024691,0.029625,0.036587,0.032605,0.026014,0.024685,0.034152,0.033664,0.028039,0.026239,0.02597
0.035493,0.032407,0.036216,0.028147,0.04046,0.026371,0.03652,0.03105,0.031541,0.037288,0.04257,0.024686,0.031343,0.035412,0.02873,0.039818,0.028514,0.036699,0.029042,0.037575,0.030336,0.035672,0.033329,0.028504,0.040061,0.028701,0.036487,0.028661,0.04513,0.037817,0.040138,0.034622,0.029717,0.034606,0.028965,0.039025,0.027112,0.025789,0.032341,0.029445
0.032804,0.035541,0.026114,0.03922,0.028066,0.038657,0.034692,0.026172,0.035203,0.034473,0.036206,0.029803,0.036206,0.028297,0.037751,0.030298,0.039038,0.025995,0.038056,0.031844,0.034436,0.035007,0.028435,0.038256,0.028127,0.040337,0.026531,0.040475,0.031741,0.034867,0.02643,0.038069,0.036391,0.025125,0.053782,0.031594,0.036958,0.037719,0.028899,0.032864
0.035442,0.024483,0.042982,0.025322,0.053012,0.035785,0.026834,0.039426,0.030826,0.032298,0.037773,0.027371,0.03651,0.032089,0.033833,0.03134,0.036914,0.027421,0.039763,0.028327,0.035553,0.03144,0.025899,0.02597,0.030041,0.025279,0.031883,0.028116,0.03638,0.025825,0.024836,0.02804,0.039582,0.027696,0.041652,0.026313,0.038627,0.026477,0.039188,0.027222
0.039063,0.047775,0.054926,0.026034,0.038484,0.027122,0.04142,0.02621,0.037127,0.033063,0.034437,0.028193,0.043242,0.025922,0.035381,0.032902,0.030991,0.036557,0.0368,0.045063,0.032336,0.032152,0.035859,0.034427,0.028792,0.037785,0.032685,0.027729,0.04034,0.033543,0.028151,0.036132,0.048646,0.048088,0.036307,0.03038,0.038902,0.027383,0.034447,0.038595
0.031535,0.036391,0.026727,0.033312,0.041061,0.025069,0.042213,0.026356,0.034279,0.03008,0.041519,0.02669,0.033441,0.036945,0.035126,0.032013,0.027433,0.040602,0.026641,0.040694,0.028199,0.034048,0.02889,0.045702,0.031253,0.03581,0.026473,0.033071,0.031172,0.033743,0.03373,0.029657,0.042608,0.025003,0.054438,0.030605,0.031936,0.038753,0.026342,0.038933
0.031119,0.034865,0.030123,0.037477,0.028032,0.035053,0.036912,0.047422,0.030302,0.025203,0.026515,0.033373,0.044086,0.025087,0.031058,0.048914,0.04906,0.041616,0.026878,0.049319,0.033948,0.037664,0.029016,0.037937,0.02715,0.043807,0.025618,0.036042,0.036035,0.030268,0.027929,0.040163,0.048148,0.028313,0.031282,0.039224,0.036164,0.025957,0.041639,0.026885
0.036116,0.03052,0.037021,0.030455,0.035033,0.035139,0.028391,0.03824,0.041058,0.025927,0.033292,0.030943,0.034584,0.031202,0.036426,0.0284,0.037993,0.031777,0.030747,0.037326,0.030927,0.037169,0.029616,0.034805,0.031457,0.037341,0.027549,0.036478,0.035615,0.035116,0.027543,0.030641,0.038077,0.033827,0.037326,0.027311,0.034412,0.034655,0.028179,0.041147
0.026321,0.033601,0.037633,0.030697,0.046231,0.042433,0.025726,0.05791,0.028136,0.035456,0.03091,0.034372,0.032153,0.03458,0.035642,0.027534,0.034826,0.034285,0.048283,0.036455,0.034372,0.03265,0.031103,0.030604,0.036968,0.031893,0.037612,0.029726,0.035772,0.034486,0.027174,0.038719,0.02694,0.039433,0.031482,0.033395,0.03553,0.051488,0.026569,0.036139
0.03396,0.033653,0.033003,0.029656,0.037955,0.040157,0.024696,0.033224,0.035985,0.03338,0.02987,0.032122,0.04169,0.029175,0.036038,0.033393,0.027995,0.034917,0.031229,0.037346,0.037659,0.025661,0.034572,0.034956,0.02946,0.034143,0.041787,0.033959,0.031315,0.026664,0.035196,0.02962,0.037284,0.028653,0.039088,0.03095,0.036209,0.026795,0.039215,0.030076
0.042171,0.024415,0.039643,0.025018,0.036248,0.039004,0.030925,0.026592,0.037125,0.033831,0.03038,0.054622,0.047243,0.034658,0.034417,0.028254,0.038948,0.028418,0.038875,0.027213,0.038553,0.027384,0.038532,0.028896,0.039692,0.026938,0.037621,0.029413,0.040442,0.030287,0.028566,0.039571,0.047132,0.032412,0.037587,0.024417,0.045309,0.025549,0.051774,0.033789
0.031719,0.03687,0.026297,0.044341,0.025217,0.051907,0.036024,0.034601,0.025051,0.044362,0.042436,0.047598,0.055511,0.035749,0.029452,0.053513,0.025296,0.041618,0.026137,0.035078,0.033105,0.034391,0.032635,0.033379,0.032136,0.036529,0.028668,0.039148,0.026733,0.03776,0.042514,0.026185,0.02725,0.039559,0.035157,0.026708,0.0326,0.054286,0.049458,0.035891
0.033929,0.025003,0.037982,0.030609,0.038568,0.026791,0.028819,0.02676,0.029515,0.031359,0.029497,0.025667,0.028912,0.038646,0.027034,0.040511,0.025622,0.045262,0.024666,0.033718,0.033577,0.031534,0.035764,0.032542,0.03231,0.037334,0.038754,0.025561,0.031518,0.039318,0.042507,0.055864,0.028707,0.033998,0.035808,0.028152,0.047897,0.041293,0.027112,0.042637
