0.064065,0.049859,0.060894,0.053888,0.052911,0.055547,0.049151,0.053673,0.051369,0.053202,0.050283,0.049911,0.050684,0.049932,0.050653,0.050825,0.050696,0.050799,0.051002,0.056268,0.056277,0.051571,0.054677,0.0532,0.059221,0.063348,0.053008,0.051045,0.057136,0.056519,0.051953,0.06107,0.069946,0.054808,0.049867,0.053373,0.050238,0.05167,0.055401,0.051042
0.037116,0.03789,0.038564,0.053487,0.037577,0.047617,0.042167,0.055307,0.044074,0.046482,0.037013,0.036436,0.051133,0.036509,0.038395,0.03612,0.037492,0.03742,0.037264,0.037187,0.066144,0.045984,0.042839,0.036943,0.040685,0.048363,0.03635,0.036021,0.057446,0.049277,0.045341,0.036969,0.044184,0.045962,0.03743,0.037635,0.041262,0.038444,0.037507,0.038592
0.035402,0.041094,0.035088,0.040661,0.034354,0.05313,0.03311,0.034095,0.033606,0.033964,0.034784,0.034505,0.035117,0.048079,0.034744,0.048261,0.037524,0.04757,0.048076,0.034682,0.048627,0.036065,0.044783,0.036608,0.037505,0.04722,0.043581,0.034025,0.033886,0.034265,0.033791,0.036117,0.036632,0.03944,0.050914,0.035655,0.033967,0.034626,0.035476,0.04574
0.033849,0.033929,0.032419,0.032866,0.032794,0.032989,0.033045,0.032648,0.03275,0.032232,0.032576,0.033243,0.033087,0.032815,0.033398,0.058669,0.034183,0.048814,0.048176,0.035959,0.045837,0.033879,0.043114,0.03455,0.032654,0.034146,0.041167,0.041277,0.035083,0.032668,0.03307,0.046778,0.050731,0.043406,0.034861,0.04613,0.044261,0.035986,0.058206,0.039894
0.036138,0.042074,0.03549,0.035937,0.03322,0.033879,0.04386,0.033486,0.03396,0.041739,0.034586,0.033739,0.032543,0.03641,0.042185,0.034888,0.032895,0.042057,0.036743,0.034999,0.039836,0.03469,0.034594,0.035249,0.044103,0.033827,0.035317,0.03582,0.043182,0.043432,0.03364,0.040425,0.034505,0.044911,0.035616,0.033437,0.033504,0.03365,0.035697,0.033847
0.033885,0.042841,0.035616,0.038636,0.038982,0.035859,0.036328,0.043182,0.037497,0.037893,0.03716,0.034752,0.03796,0.041536,0.033496,0.035606,0.040803,0.038051,0.03345,0.052331,0.043041,0.046074,0.040578,0.039903,0.04577,0.039825,0.036783,0.036667,0.052484,0.037049,0.041845,0.035198,0.036908,0.048442,0.041122,0.036781,0.034901,0.03595,0.035903,0.038115
0.03479,0.034045,0.035677,0.039047,0.034242,0.037471,0.035135,0.034624,0.039113,0.035051,0.034514,0.034107,0.038503,0.034337,0.033431,0.033966,0.039968,0.036,0.037714,0.034078,0.034923,0.033898,0.039409,0.038562,0.03635,0.033474,0.035414,0.034556,0.034995,0.035343,0.035121,0.035047,0.033909,0.042151,0.043886,0.040741,0.034773,0.033875,0.03628,0.034403
0.033889,0.041945,0.035034,0.037631,0.033355,0.032735,0.033632,0.034278,0.033594,0.033334,0.034602,0.032093,0.042696,0.034041,0.03403,0.034332,0.033602,0.033922,0.042058,0.033231,0.040548,0.033411,0.039171,0.033576,0.032781,0.032856,0.032906,0.032772,0.034578,0.032205,0.032501,0.046267,0.037096,0.052381,0.033046,0.033082,0.031739,0.033709,0.033983,0.032676
0.038927,0.033776,0.032374,0.035196,0.041325,0.04128,0.031515,0.032299,0.032948,0.03187,0.03367,0.034205,0.031822,0.033492,0.032592,0.033874,0.032749,0.032402,0.033712,0.032833,0.032797,0.055434,0.031759,0.03232,0.032357,0.032264,0.032067,0.051383,0.033752,0.03258,0.032962,0.058631,0.03228,0.032835,0.032016,0.043496,0.04166,0.033619,0.038766,0.037634
0.03138,0.051803,0.056758,0.036302,0.047741,0.033887,0.033022,0.032436,0.031967,0.031998,0.031873,0.049719,0.03605,0.033052,0.031897,0.032135,0.032071,0.03219,0.041589,0.038434,0.040896,0.032861,0.042276,0.045532,0.038564,0.035674,0.03377,0.035005,0.033022,0.053424,0.032989,0.032336,0.031373,0.043494,0.039508,0.039544,0.031945,0.038326,0.045461,0.031339
0.034377,0.0319,0.049817,0.034152,0.031726,0.031341,0.031782,0.032721,0.032749,0.044013,0.05537,0.036064,0.031637,0.056174,0.032063,0.030657,0.048066,0.055886,0.039704,0.042472,0.031512,0.031482,0.033107,0.036643,0.031873,0.041155,0.04985,0.047964,0.033802,0.041724,0.033317,0.05006,0.033518,0.032423,0.052358,0.043851,0.03514,0.052953,0.036352,0.043123
0.037423,0.031527,0.054229,0.031631,0.032503,0.032804,0.03421,0.031974,0.041724,0.032362,0.032253,0.032013,0.032121,0.030981,0.030599,0.050585,0.062224,0.036314,0.043995,0.035388,0.041155,0.033031,0.0332,0.039606,0.032764,0.031897,0.031986,0.031959,0.031353,0.034064,0.032652,0.033721,0.039641,0.03167,0.032848,0.041055,0.034186,0.038877,0.032279,0.044829
0.040613,0.032144,0.031913,0.031742,0.033371,0.034534,0.042399,0.046558,0.031452,0.033363,0.031194,0.032145,0.052469,0.032388,0.032128,0.032346,0.032934,0.032736,0.052335,0.032556,0.032261,0.033275,0.032993,0.050721,0.033286,0.033264,0.033689,0.0338,0.033311,0.031998,0.052405,0.037027,0.037463,0.044852,0.032398,0.039125,0.041468,0.054539,0.032749,0.033192
0.030866,0.031825,0.033325,0.032105,0.033181,0.033101,0.052756,0.05107,0.030804,0.032648,0.032988,0.033599,0.033825,0.033912,0.045003,0.048512,0.040167,0.032178,0.032769,0.033636,0.032792,0.034659,0.038643,0.031741,0.03125,0.033652,0.03615,0.031656,0.031057,0.030721,0.034304,0.033494,0.039246,0.031767,0.031472,0.037724,0.036754,0.045742,0.032808,0.03263
0.039986,0.042589,0.032723,0.031648,0.043102,0.044196,0.032391,0.030929,0.031501,0.032563,0.04026,0.032902,0.032679,0.032863,0.031956,0.039285,0.046474,0.032817,0.031815,0.036974,0.036149,0.043382,0.036528,0.032307,0.031873,0.032007,0.031582,0.032149,0.031915,0.040054,0.032542,0.036607,0.034017,0.033723,0.039594,0.036396,0.03525,0.03207,0.039226,0.032764
0.03287,0.040987,0.034191,0.033949,0.032988,0.038287,0.032812,0.032121,0.032505,0.031889,0.031596,0.032891,0.032144,0.032549,0.033443,0.032405,0.033076,0.032369,0.034149,0.03232,0.042354,0.035416,0.033516,0.043653,0.034916,0.035659,0.032967,0.04313,0.038365,0.032589,0.039485,0.03206,0.032058,0.033009,0.032254,0.032674,0.03253,0.03603,0.036901,0.032297
0.03124,0.038381,0.032723,0.032544,0.032727,0.032699,0.03148,0.030613,0.032683,0.03279,0.03194,0.033228,0.033433,0.033265,0.055671,0.031345,0.033854,0.035857,0.031881,0.031282,0.033414,0.031409,0.031596,0.041495,0.032673,0.031934,0.040002,0.037732,0.033031,0.03219,0.038305,0.032735,0.041741,0.040496,0.044036,0.038418,0.043171,0.043052,0.031936,0.057007
0.042043,0.034878,0.031302,0.03207,0.033089,0.033527,0.032443,0.035245,0.032506,0.038832,0.031209,0.03036,0.032251,0.033649,0.036661,0.031496,0.038998,0.03211,0.030877,0.031667,0.032464,0.033264,0.034349,0.03292,0.032122,0.033703,0.032175,0.033596,0.039142,0.035253,0.032626,0.037627,0.045652,0.032747,0.031942,0.031897,0.032313,0.032629,0.039552,0.032622
0.031769,0.030612,0.033816,0.030588,0.031842,0.034363,0.034643,0.047397,0.038525,0.031779,0.037642,0.032105,0.031372,0.031527,0.03312,0.031619,0.034101,0.032606,0.035075,0.031188,0.04142,0.031419,0.031272,0.031678,0.03463,0.031513,0.034829,0.030946,0.033117,0.040824,0.032721,0.031677,0.031894,0.031531,0.032213,0.034002,0.033098,0.031055,0.041108,0.037391
0.04576,0.033691,0.032142,0.030993,0.048064,0.03096,0.03432,0.03375,0.032466,0.037147,0.03153,0.03309,0.042711,0.046265,0.031844,0.031271,0.030856,0.031001,0.03589,0.041979,0.053404,0.040366,0.033184,0.031869,0.030953,0.033528,0.033729,0.033139,0.049505,0.048901,0.058266,0.031841,0.032715,0.031165,0.032663,0.032887,0.042243,0.045582,0.032273,0.032231
0.031958,0.032602,0.032795,0.041533,0.042787,0.033144,0.030953,0.040504,0.032403,0.031577,0.032103,0.034766,0.032526,0.032582,0.034378,0.041068,0.041612,0.030458,0.031332,0.038771,0.04019,0.044416,0.030676,0.031425,0.039705,0.032444,0.031379,0.03319,0.032088,0.030689,0.033653,0.034291,0.032629,0.034092,0.03969,0.037548,0.044875,0.031743,0.031232,0.032211
0.031175,0.03279,0.037223,0.054666,0.032168,0.031824,0.031532,0.032237,0.03081,0.038249,0.032561,0.032914,0.031018,0.035627,0.038201,0.032928,0.032776,0.032563,0.033154,0.03222,0.03136,0.033391,0.030675,0.030622,0.032594,0.033802,0.037872,0.037213,0.034428,0.047787,0.047616,0.031666,0.031129,0.056522,0.03195,0.03087,0.033368,0.031577,0.032226,0.034638
0.031988,0.033904,0.033842,0.037349,0.031698,0.0309,0.03292,0.041251,0.032043,0.030235,0.036018,0.03311,0.039211,0.044875,0.032947,0.031779,0.031985,0.030973,0.031785,0.033448,0.034648,0.038461,0.030272,0.031732,0.03045,0.033609,0.038799,0.033779,0.031528,0.032639,0.031556,0.04578,0.042317,0.032534,0.035247,0.03068,0.035511,0.036672,0.032587,0.032873
0.032024,0.031059,0.032399,0.037732,0.031106,0.031924,0.032162,0.031076,0.032107,0.037787,0.032429,0.038483,0.031908,0.031818,0.032077,0.032306,0.030686,0.034136,0.035584,0.03694,0.03076,0.0311,0.030578,0.033783,0.034339,0.033136,0.031721,0.037997,0.030668,0.031831,0.034148,0.03535,0.035944,0.032074,0.030975,0.0456,0.034733,0.031871,0.034436,0.041992
0.031074,0.030814,0.033139,0.043238,0.039641,0.032309,0.031852,0.03373,0.049381,0.0383,0.031863,0.032438,0.032599,0.032524,0.036988,0.035322,0.036274,0.036531,0.04428,0.03603,0.044348,0.031624,0.033321,0.031792,0.032637,0.037511,0.039829,0.045837,0.032502,0.032093,0.030202,0.032804,0.034767,0.03229,0.035283,0.031937,0.032266,0.03512,0.032529,0.033241
0.032764,0.041555,0.031868,0.031523,0.030817,0.05234,0.031876,0.03007,0.040634,0.032223,0.03625,0.031565,0.031206,0.030516,0.031196,0.033992,0.037582,0.032551,0.032569,0.043769,0.033301,0.036079,0.031891,0.035049,0.034599,0.031903,0.033099,0.037742,0.031689,0.036923,0.032184,0.038065,0.045702,0.032275,0.052587,0.032468,0.03286,0.032145,0.048563,0.031641
0.040269,0.032459,0.034061,0.032648,0.031597,0.031385,0.030739,0.035059,0.035677,0.031143,0.031695,0.030814,0.033181,0.033441,0.032965,0.037431,0.031847,0.037729,0.030633,0.030282,0.037779,0.041236,0.035188,0.053032,0.043689,0.048001,0.031398,0.032567,0.032312,0.032257,0.030196,0.031658,0.032429,0.034113,0.033895,0.033815,0.038399,0.032326,0.038984,0.033829
0.033078,0.031874,0.031391,0.030867,0.030408,0.032747,0.0317,0.033789,0.049411,0.03354,0.034041,0.032611,0.033255,0.038796,0.031285,0.031834,0.031105,0.040836,0.039508,0.044589,0.031615,0.032192,0.031592,0.039797,0.032286,0.032229,0.032633,0.032723,0.033133,0.032458,0.031283,0.049668,0.033607,0.030907,0.031936,0.033897,0.033113,0.033908,0.033927,0.031036
0.033427,0.03341,0.041936,0.03228,0.031601,0.030161,0.033334,0.032787,0.03261,0.033458,0.038169,0.031667,0.030746,0.032009,0.034764,0.03767,0.042298,0.036489,0.032625,0.033498,0.032606,0.03541,0.031023,0.036871,0.03232,0.035895,0.032536,0.031258,0.03392,0.034712,0.043327,0.040021,0.03778,0.032979,0.031908,0.030678,0.035344,0.031379,0.032049,0.032548
0.030626,0.04173,0.031573,0.031021,0.030341,0.032078,0.042408,0.032442,0.03143,0.031161,0.050324,0.031664,0.035817,0.030827,0.031333,0.043433,0.039238,0.033524,0.045568,0.041465,0.03175,0.031481,0.032286,0.03453,0.03598,0.032885,0.040449,0.037635,0.040771,0.031099,0.043142,0.044219,0.033248,0.0323,0.038212,0.047796,0.032705,0.031738,0.031454,0.030204
0.031337,0.058216,0.03963,0.042344,0.031043,0.031394,0.031389,0.033864,0.054693,0.031071,0.031965,0.032702,0.034288,0.034509,0.031456,0.031412,0.033103,0.033878,0.034363,0.033098,0.037463,0.031826,0.039132,0.032044,0.03337,0.033047,0.03166,0.049376,0.030796,0.032052,0.055311,0.030705,0.034637,0.036976,0.037807,0.042529,0.031539,0.031417,0.03109,0.032925
0.036333,0.039695,0.037746,0.043293,0.042424,0.03788,0.032496,0.030479,0.03462,0.032404,0.033727,0.033471,0.032831,0.033858,0.033206,0.032981,0.032638,0.035234,0.033255,0.033623,0.032806,0.035778,0.031018,0.031407,0.036909,0.031568,0.032358,0.033281,0.037621,0.033378,0.03542,0.031501,0.038198,0.046722,0.031234,0.032319,0.032034,0.03183,0.033228,0.032656
0.038859,0.031444,0.037639,0.031688,0.030863,0.03088,0.051558,0.037612,0.031914,0.043408,0.040766,0.031034,0.031006,0.036396,0.030709,0.03164,0.03849,0.031117,0.032285,0.037927,0.031738,0.031556,0.032004,0.030761,0.033423,0.037372,0.034501,0.032974,0.031152,0.031771,0.036036,0.047527,0.033989,0.032136,0.033732,0.032634,0.034829,0.032379,0.034802,0.039294
0.032137,0.031979,0.030405,0.032596,0.033128,0.033408,0.035892,0.036043,0.031375,0.031765,0.030812,0.03285,0.032887,0.04252,0.0315,0.032005,0.03102,0.033089,0.031389,0.033854,0.037164,0.031479,0.044111,0.039075,0.039974,0.046008,0.037632,0.045804,0.032278,0.051647,0.038391,0.0436,0.033066,0.031052,0.037074,0.032911,0.031699,0.030682,0.032559,0.039735
0.032204,0.032396,0.031565,0.03192,0.032618,0.034749,0.031148,0.049467,0.032666,0.033544,0.04147,0.038115,0.045318,0.03278,0.031123,0.032091,0.030597,0.030233,0.037654,0.03505,0.031994,0.03165,0.040073,0.032994,0.032727,0.032391,0.031769,0.030428,0.033571,0.03298,0.032972,0.031567,0.037533,0.031157,0.032382,0.032397,0.032729,0.034682,0.031887,0.032773
0.033174,0.032871,0.034638,0.040296,0.030723,0.031933,0.030138,0.058157,0.039787,0.039881,0.031846,0.03932,0.032149,0.031088,0.031178,0.03316,0.032549,0.03077,0.03575,0.03176,0.040239,0.033008,0.032569,0.031475,0.030305,0.031688,0.033523,0.034026,0.032968,0.033869,0.042603,0.033491,0.032028,0.031396,0.031711,0.032336,0.036025,0.031243,0.031222,0.030821
0.032305,0.032684,0.034573,0.033936,0.034698,0.04124,0.032924,0.032366,0.03205,0.031984,0.031041,0.031414,0.032019,0.043332,0.038182,0.037909,0.03287,0.031422,0.032598,0.034645,0.032687,0.03315,0.033129,0.034012,0.034685,0.032051,0.032261,0.035179,0.039987,0.032385,0.03225,0.031001,0.031784,0.034092,0.040976,0.031437,0.032473,0.032359,0.032666,0.032604
0.03422,0.03256,0.032088,0.042413,0.04027,0.031776,0.035413,0.038479,0.032752,0.035808,0.044054,0.033913,0.031515,0.031655,0.03179,0.033678,0.033187,0.032499,0.034246,0.033027,0.031734,0.035464,0.032017,0.031338,0.033561,0.032579,0.04243,0.032047,0.040442,0.043699,0.031608,0.03101,0.031188,0.031901,0.035847,0.03147,0.03361,0.03346,0.032804,0.033765
0.034105,0.034038,0.03155,0.033831,0.033189,0.059098,0.032023,0.032153,0.031822,0.03886,0.04571,0.032751,0.031054,0.031735,0.058332,0.032256,0.032,0.032364,0.031337,0.030259,0.032306,0.033006,0.042499,0.032218,0.043065,0.033302,0.043728,0.042176,0.031109,0.031981,0.031838,0.034357,0.035592,0.032147,0.031071,0.038512,0.031099,0.034627,0.035344,0.032367
0.031948,0.032463,0.030743,0.037581,0.030418,0.032213,0.053571,0.031683,0.039,0.030862,0.030404,0.031421,0.033117,0.034304,0.033708,0.043632,0.03915,0.033453,0.04304,0.035937,0.042981,0.031301,0.030811,0.0324,0.038123,0.030714,0.031488,0.0327,0.037822,0.031976,0.040146,0.031687,0.032821,0.039816,0.039351,0.037356,0.031549,0.032065,0.040775,0.040143
