0.18267,0.16224,0.16548,0.16828,0.17246,0.16171,0.1623,0.16413,0.16696,0.17408,0.16213,0.16906,0.17211,0.16639,0.17271,0.1643,0.17453,0.16622,0.1637,0.1739,0.17541,0.16504,0.16694,0.16531,0.16561,0.17218,0.16769,0.17302,0.18013,0.16697,0.16432,0.16905,0.18021,0.17283,0.175,0.18231,0.18064,0.1631,0.16667,0.16502
0.10327,0.10696,0.099081,0.092437,0.090744,0.10005,0.09247,0.094336,0.093399,0.092533,0.092388,0.092179,0.091197,0.092984,0.093658,0.1034,0.099375,0.10076,0.10137,0.089363,0.092156,0.099617,0.090695,0.094641,0.092065,0.10622,0.099232,0.093174,0.094378,0.098925,0.10289,0.099173,0.10752,0.094934,0.10148,0.093177,0.098076,0.098004,0.095269,0.095277
0.078886,0.080953,0.082028,0.082825,0.07828,0.079345,0.084469,0.080425,0.095158,0.089622,0.079001,0.087833,0.082766,0.079708,0.087735,0.077027,0.076553,0.079787,0.087456,0.085831,0.089772,0.091666,0.081968,0.07967,0.091384,0.083548,0.085897,0.094634,0.078934,0.079263,0.088226,0.081502,0.088785,0.080906,0.078699,0.080609,0.08249,0.087746,0.086983,0.082739
0.072899,0.073319,0.087827,0.079132,0.073803,0.076035,0.077992,0.081456,0.071619,0.07364,0.071588,0.077054,0.079789,0.073194,0.074154,0.075003,0.072258,0.073204,0.074954,0.073964,0.075363,0.07708,0.080179,0.077063,0.087511,0.074264,0.075232,0.07551,0.074014,0.072876,0.073508,0.073866,0.080624,0.073014,0.075781,0.076437,0.073734,0.088778,0.079279,0.080297
0.071484,0.070519,0.076453,0.070842,0.075739,0.077702,0.07157,0.08606,0.071744,0.074873,0.080887,0.074688,0.072526,0.071151,0.069552,0.074579,0.069746,0.070743,0.07176,0.078374,0.070251,0.075444,0.072169,0.071287,0.073397,0.070162,0.07319,0.079308,0.071442,0.07065,0.071168,0.070716,0.071562,0.072764,0.070966,0.0694,0.072825,0.074639,0.072645,0.072785
0.075303,0.070067,0.069173,0.069448,0.069783,0.078277,0.074499,0.069504,0.068829,0.070193,0.070005,0.069654,0.080582,0.074745,0.070218,0.074762,0.076885,0.075989,0.068913,0.069676,0.070194,0.06937,0.074364,0.070932,0.07937,0.071128,0.080194,0.076719,0.069961,0.069073,0.071217,0.071152,0.071512,0.073395,0.067793,0.072812,0.07264,0.07404,0.06946,0.07428
0.076619,0.07325,0.074952,0.073489,0.070258,0.071904,0.073473,0.071876,0.078368,0.069486,0.071438,0.06939,0.073667,0.070404,0.073668,0.071149,0.070035,0.067982,0.067956,0.067642,0.068188,0.069562,0.069873,0.068398,0.069001,0.067959,0.076828,0.070714,0.07019,0.075944,0.069738,0.071667,0.074097,0.069813,0.070767,0.069637,0.06878,0.069593,0.069492,0.071831
0.073629,0.069451,0.067139,0.066773,0.069262,0.069363,0.077168,0.070104,0.068516,0.069278,0.069309,0.069394,0.070467,0.074821,0.070361,0.079311,0.069968,0.068906,0.069281,0.066659,0.06817,0.068857,0.068863,0.072538,0.06864,0.069125,0.076184,0.068242,0.067781,0.075024,0.074349,0.068631,0.070582,0.069517,0.076713,0.071317,0.070714,0.068337,0.073177,0.072376
0.067805,0.075109,0.078496,0.0742,0.075276,0.070805,0.074109,0.079969,0.072207,0.070001,0.073506,0.080603,0.077342,0.075401,0.066913,0.072005,0.082386,0.074572,0.067242,0.080868,0.068046,0.068354,0.067799,0.075754,0.072763,0.079085,0.069752,0.077478,0.074161,0.072226,0.074587,0.06999,0.071963,0.070924,0.075389,0.076244,0.086382,0.072135,0.070375,0.079145
0.071879,0.068393,0.077769,0.065936,0.067641,0.068458,0.079323,0.082235,0.068196,0.067259,0.066664,0.067302,0.078791,0.078778,0.06801,0.071586,0.067166,0.067859,0.068086,0.068492,0.06624,0.068513,0.067891,0.068134,0.068483,0.067705,0.074837,0.074192,0.070761,0.067317,0.075522,0.069336,0.069032,0.074058,0.06978,0.0715,0.068658,0.070267,0.068374,0.068477
0.072619,0.070304,0.071799,0.077811,0.072222,0.071944,0.071091,0.082775,0.06912,0.070015,0.078205,0.07907,0.078463,0.06754,0.068632,0.069842,0.070743,0.069957,0.074573,0.068345,0.069048,0.067603,0.073457,0.069543,0.074801,0.068075,0.068171,0.069482,0.066727,0.066979,0.069185,0.067575,0.069642,0.069213,0.068137,0.070197,0.068981,0.076624,0.06685,0.081961
0.070995,0.069739,0.068395,0.067617,0.077824,0.075179,0.066999,0.079132,0.071614,0.0687,0.072973,0.07417,0.072456,0.067683,0.074434,0.075532,0.078324,0.077294,0.067516,0.067819,0.066906,0.067777,0.06672,0.075609,0.070554,0.072059,0.069322,0.067482,0.070927,0.067054,0.06915,0.079187,0.068765,0.074956,0.067568,0.077226,0.065403,0.066638,0.068392,0.069497
0.069286,0.071689,0.066663,0.068729,0.06819,0.069314,0.068428,0.067669,0.073125,0.072095,0.067967,0.077504,0.079754,0.070505,0.070264,0.076972,0.070906,0.073689,0.071109,0.066741,0.077324,0.070255,0.068302,0.072016,0.07424,0.070517,0.069643,0.074525,0.068334,0.068292,0.073692,0.080713,0.072914,0.083264,0.07345,0.070001,0.080321,0.079642,0.077214,0.075979
0.077867,0.067343,0.067235,0.065498,0.066961,0.067577,0.07255,0.067116,0.068385,0.066955,0.069572,0.067571,0.066938,0.067889,0.071648,0.068603,0.069469,0.071447,0.068825,0.066838,0.067832,0.068038,0.068186,0.06651,0.076584,0.065713,0.066184,0.075734,0.069868,0.07197,0.067824,0.075571,0.06771,0.067095,0.072624,0.06823,0.067767,0.067807,0.070832,0.067911
0.069214,0.075757,0.068583,0.068433,0.068169,0.067368,0.065874,0.06703,0.067556,0.068512,0.067471,0.067873,0.066192,0.067258,0.075276,0.06831,0.067936,0.067678,0.06894,0.076553,0.066967,0.068125,0.067836,0.068083,0.076211,0.075011,0.079444,0.068773,0.068166,0.074614,0.071911,0.069692,0.068738,0.07362,0.07659,0.072361,0.067952,0.068538,0.069369,0.069168
0.066692,0.066299,0.067918,0.074543,0.066243,0.068657,0.068234,0.065708,0.066335,0.066817,0.068792,0.075712,0.075073,0.068586,0.069095,0.075255,0.075674,0.072384,0.068483,0.066403,0.067589,0.07242,0.067076,0.066792,0.078384,0.068236,0.066963,0.066823,0.071951,0.066748,0.067625,0.068269,0.067286,0.08047,0.068107,0.070255,0.066198,0.068667,0.066687,0.068018
0.066958,0.065386,0.066983,0.065932,0.065638,0.065908,0.072778,0.069748,0.068768,0.068671,0.067673,0.068662,0.067115,0.071051,0.068731,0.068167,0.069825,0.067944,0.073517,0.067244,0.070265,0.073837,0.066704,0.06784,0.0686,0.075103,0.073407,0.067468,0.067529,0.066244,0.064897,0.067518,0.068496,0.067076,0.067781,0.073781,0.066242,0.068953,0.069486,0.074115
0.066923,0.079467,0.066642,0.067468,0.06666,0.073525,0.067309,0.070729,0.068561,0.066633,0.07207,0.072928,0.067072,0.073372,0.067047,0.069272,0.068171,0.074865,0.068248,0.06807,0.067922,0.070368,0.069141,0.077478,0.070238,0.073621,0.068167,0.069012,0.080487,0.068273,0.07411,0.069508,0.067671,0.06974,0.072117,0.067854,0.071256,0.074943,0.078438,0.067133
0.072538,0.067607,0.066487,0.067078,0.067355,0.065912,0.08236,0.067575,0.06666,0.066982,0.065558,0.066994,0.073316,0.068966,0.066683,0.065924,0.065486,0.065482,0.06665,0.070245,0.071409,0.078497,0.068617,0.071535,0.076183,0.073914,0.073417,0.067546,0.073964,0.068652,0.067627,0.071878,0.067745,0.065797,0.071024,0.07339,0.071631,0.067081,0.068999,0.070291
0.069207,0.077889,0.067731,0.0705,0.071181,0.072151,0.069933,0.067702,0.066759,0.066614,0.075435,0.07526,0.070083,0.075756,0.065915,0.06782,0.065378,0.068103,0.070063,0.069162,0.071157,0.069814,0.073637,0.070294,0.067932,0.068226,0.069006,0.067517,0.068229,0.06924,0.070361,0.069804,0.08418,0.068436,0.07221,0.069662,0.067864,0.078369,0.075348,0.068685
0.074866,0.068641,0.067463,0.066276,0.068012,0.068597,0.067376,0.066867,0.080491,0.068779,0.098446,0.075449,0.066124,0.066279,0.067789,0.068168,0.07458,0.066857,0.065661,0.066495,0.067668,0.065293,0.067269,0.066431,0.075184,0.065659,0.065976,0.066626,0.06597,0.068282,0.065718,0.068687,0.069238,0.075988,0.069269,0.067538,0.068223,0.066786,0.070199,0.069468
0.070041,0.06725,0.075179,0.078932,0.066692,0.066947,0.067916,0.066549,0.067658,0.066311,0.067912,0.068095,0.066593,0.065045,0.065569,0.073792,0.06899,0.067188,0.071265,0.066018,0.06586,0.07099,0.067144,0.067319,0.066695,0.073906,0.065457,0.066767,0.068487,0.067207,0.067036,0.067906,0.074346,0.07367,0.065994,0.066776,0.07165,0.066862,0.067387,0.067953
0.07367,0.078236,0.066524,0.064351,0.06673,0.074392,0.067752,0.066782,0.068384,0.073789,0.067229,0.075334,0.067789,0.066561,0.070866,0.066528,0.068349,0.065702,0.068413,0.066215,0.067714,0.066322,0.067253,0.072939,0.066062,0.067414,0.066593,0.067812,0.066953,0.06559,0.067112,0.066824,0.067439,0.066802,0.065913,0.070857,0.068007,0.070835,0.065442,0.067604
0.073216,0.066179,0.066336,0.065737,0.06626,0.069769,0.065762,0.066562,0.067332,0.065586,0.066968,0.066611,0.066263,0.067401,0.066318,0.085579,0.065266,0.066675,0.064601,0.065196,0.067837,0.077095,0.075483,0.06594,0.069802,0.068031,0.074025,0.067005,0.068101,0.070528,0.06679,0.065881,0.067063,0.075275,0.06717,0.066972,0.066062,0.073256,0.073125,0.072672
0.067048,0.075808,0.067351,0.068528,0.070761,0.070008,0.067778,0.066281,0.070525,0.067968,0.0679,0.066896,0.06657,0.073935,0.066689,0.070266,0.081636,0.079641,0.075172,0.065132,0.065902,0.073314,0.065679,0.071492,0.06565,0.06623,0.069861,0.067037,0.065267,0.066569,0.066894,0.067037,0.067589,0.068184,0.068268,0.067438,0.067548,0.066158,0.075751,0.066741
0.067994,0.067278,0.065831,0.067125,0.066097,0.06951,0.066949,0.066955,0.070713,0.072231,0.066207,0.066831,0.067352,0.073682,0.067694,0.074115,0.066721,0.06806,0.069031,0.073333,0.066861,0.066926,0.065633,0.07594,0.068285,0.070681,0.066576,0.067293,0.075142,0.067259,0.070112,0.071285,0.067289,0.074516,0.066083,0.074855,0.073635,0.072426,0.069171,0.069548
0.067131,0.06565,0.078397,0.065046,0.074466,0.07076,0.066468,0.068004,0.066886,0.068667,0.071786,0.066656,0.065587,0.068376,0.074878,0.068165,0.06852,0.067287,0.071971,0.066857,0.066204,0.067851,0.067684,0.066327,0.066015,0.06786,0.067323,0.066163,0.066867,0.073517,0.06669,0.066064,0.06615,0.067743,0.065963,0.067228,0.069294,0.070215,0.074453,0.065771
0.06839,0.069878,0.076729,0.066757,0.06625,0.06539,0.071493,0.072156,0.06581,0.067343,0.070523,0.067263,0.065671,0.072066,0.068322,0.067866,0.067746,0.066811,0.067941,0.066247,0.067219,0.068343,0.065543,0.065088,0.066906,0.067663,0.067094,0.066287,0.066492,0.077967,0.067159,0.068585,0.07097,0.066571,0.070462,0.0677,0.066734,0.067629,0.074208,0.071709
0.066359,0.06635,0.080227,0.066567,0.070511,0.067264,0.067117,0.069435,0.077336,0.069383,0.066641,0.068282,0.067992,0.071031,0.072588,0.06679,0.067043,0.078133,0.074331,0.065877,0.067243,0.067318,0.067054,0.066781,0.06705,0.067835,0.066766,0.067705,0.066321,0.066947,0.068004,0.067599,0.06715,0.068893,0.073215,0.064982,0.066345,0.070935,0.067879,0.074465
0.068135,0.064291,0.072356,0.066241,0.066408,0.077393,0.068845,0.066396,0.065132,0.066554,0.064645,0.06386,0.064145,0.066214,0.066394,0.072871,0.068334,0.074561,0.073201,0.072851,0.067067,0.067091,0.067158,0.067126,0.067284,0.066655,0.069462,0.069955,0.072521,0.068233,0.066169,0.068755,0.07077,0.068087,0.074355,0.068302,0.06736,0.068534,0.069313,0.074134
0.072445,0.069106,0.072265,0.067922,0.068132,0.077687,0.076939,0.066334,0.073613,0.067636,0.066084,0.06667,0.067097,0.066652,0.066635,0.065957,0.067068,0.067023,0.074774,0.068636,0.066697,0.069661,0.06682,0.06661,0.067973,0.066593,0.068033,0.067764,0.085755,0.072933,0.067803,0.075817,0.074904,0.067043,0.075247,0.067899,0.072652,0.067177,0.065217,0.069009
0.065952,0.070876,0.066303,0.067106,0.067496,0.067344,0.066558,0.066424,0.06882,0.067266,0.074861,0.067083,0.067495,0.067094,0.067289,0.06671,0.069026,0.067497,0.069632,0.066891,0.066649,0.065297,0.06757,0.066392,0.06651,0.069729,0.070281,0.072582,0.068126,0.066966,0.067079,0.075344,0.065706,0.063953,0.067374,0.068355,0.066281,0.066897,0.069117,0.0657
0.069411,0.066211,0.065937,0.066842,0.067969,0.065981,0.078779,0.068331,0.065814,0.073155,0.072487,0.067197,0.065597,0.066703,0.075733,0.073276,0.070612,0.065909,0.067578,0.065801,0.065443,0.064809,0.066673,0.06641,0.06599,0.068752,0.06946,0.066441,0.071819,0.068175,0.068273,0.07005,0.067637,0.068022,0.06744,0.067735,0.066678,0.06557,0.066308,0.069034
0.078518,0.073009,0.065909,0.066731,0.069002,0.072337,0.074647,0.065649,0.071182,0.069012,0.072191,0.067555,0.066019,0.067245,0.066827,0.066981,0.075228,0.066356,0.073912,0.065553,0.066922,0.065917,0.065521,0.073019,0.066638,0.067296,0.067478,0.06857,0.068681,0.065387,0.073927,0.067254,0.066824,0.072315,0.067996,0.066622,0.066906,0.067669,0.066732,0.068595
0.065747,0.066256,0.073619,0.067804,0.067163,0.065838,0.068144,0.071084,0.066796,0.068021,0.067639,0.066638,0.075538,0.06734,0.066631,0.071414,0.067495,0.06784,0.065906,0.067302,0.066115,0.067928,0.06691,0.067755,0.064977,0.068466,0.064784,0.071596,0.069028,0.071854,0.066106,0.066941,0.067189,0.070093,0.069145,0.06582,0.066446,0.066037,0.070282,0.066671
0.066673,0.073884,0.07029,0.066897,0.064501,0.064783,0.06734,0.066853,0.067314,0.066423,0.065111,0.072874,0.071598,0.067223,0.076285,0.0673,0.068256,0.065975,0.06609,0.071975,0.065676,0.067036,0.071136,0.068853,0.066733,0.075996,0.065462,0.072856,0.067937,0.074881,0.067145,0.066684,0.074685,0.06757,0.06717,0.068702,0.069714,0.071498,0.068975,0.068436
0.066924,0.066741,0.063895,0.064519,0.066408,0.065387,0.075062,0.066102,0.067216,0.070754,0.067497,0.066991,0.067938,0.065132,0.076901,0.065486,0.07152,0.065679,0.065985,0.066852,0.073832,0.066695,0.065855,0.064873,0.070419,0.065348,0.069361,0.065199,0.067892,0.066982,0.065208,0.066382,0.065467,0.066808,0.077449,0.063981,0.066402,0.065394,0.065858,0.067244
0.065126,0.070873,0.06514,0.065022,0.068041,0.06817,0.066109,0.065232,0.070353,0.067018,0.065231,0.070965,0.067883,0.065995,0.065936,0.066668,0.070285,0.067131,0.072791,0.066817,0.066087,0.064763,0.066551,0.07296,0.067151,0.067643,0.065907,0.066653,0.066607,0.067359,0.06612,0.065573,0.072367,0.067375,0.072345,0.066989,0.066246,0.066699,0.066226,0.066672
0.073632,0.065928,0.067772,0.068944,0.066314,0.064191,0.066488,0.06533,0.066866,0.069262,0.071701,0.067194,0.065788,0.06816,0.074205,0.067691,0.066968,0.065852,0.066862,0.068606,0.070592,0.067747,0.066635,0.064826,0.06577,0.072539,0.064962,0.07039,0.077536,0.07495,0.068552,0.074913,0.067284,0.062891,0.067127,0.070801,0.066285,0.065949,0.071437,0.067338
0.065341,0.065988,0.065094,0.067174,0.066852,0.070152,0.06716,0.065483,0.063455,0.065486,0.066303,0.066772,0.065587,0.066061,0.066237,0.067719,0.067493,0.072778,0.067303,0.066993,0.066193,0.068545,0.076861,0.068287,0.065828,0.066858,0.066624,0.065842,0.066909,0.065926,0.066476,0.070554,0.066024,0.07442,0.065084,0.06386,0.064829,0.066031,0.070017,0.06657
