0.06558,0.049058,0.041228,0.036734,0.043467,0.037892,0.037801,0.040236,0.037685,0.038851,0.037481,0.039586,0.044971,0.040724,0.038124,0.04335,0.038969,0.043675,0.045541,0.037698,0.039738,0.038373,0.038629,0.043558,0.049863,0.049391,0.039131,0.043773,0.039578,0.04048,0.038641,0.049853,0.051141,0.038649,0.037859,0.039237,0.055476,0.046024,0.039327,0.039397
0.027031,0.027007,0.036939,0.037574,0.029779,0.045023,0.038391,0.046104,0.042563,0.026731,0.052735,0.032508,0.032682,0.030158,0.034249,0.030267,0.038424,0.048419,0.052638,0.048942,0.03843,0.027832,0.050904,0.051481,0.043909,0.036277,0.03982,0.037621,0.029535,0.026868,0.047543,0.039895,0.028443,0.036048,0.034276,0.029747,0.047852,0.029189,0.031854,0.03654
0.025421,0.030932,0.032797,0.032611,0.030012,0.033899,0.048561,0.035389,0.047815,0.039749,0.044034,0.036051,0.048452,0.048103,0.036632,0.035593,0.03313,0.031688,0.033195,0.027633,0.043604,0.025029,0.040786,0.026013,0.037042,0.048202,0.049614,0.036249,0.047709,0.047075,0.036305,0.048178,0.036136,0.050425,0.052397,0.027694,0.035623,0.057972,0.028566,0.026132
0.041021,0.029335,0.045131,0.042257,0.038079,0.024574,0.040325,0.026281,0.047506,0.034958,0.048034,0.038099,0.048411,0.032257,0.046974,0.034502,0.036424,0.034196,0.032897,0.044226,0.029427,0.035588,0.024682,0.052106,0.036518,0.033217,0.023293,0.038539,0.035218,0.027544,0.03642,0.048301,0.040599,0.023615,0.038483,0.034307,0.042999,0.042778,0.03171,0.045552
0.040278,0.032721,0.025585,0.036216,0.025681,0.039922,0.047606,0.037724,0.040304,0.022056,0.035962,0.045044,0.036307,0.040425,0.039396,0.022412,0.029125,0.036622,0.047743,0.035271,0.044538,0.038885,0.04852,0.035932,0.032753,0.051308,0.030173,0.036423,0.032305,0.044748,0.043733,0.023833,0.03762,0.034896,0.028557,0.036107,0.047767,0.03592,0.049159,0.047061
0.040582,0.027577,0.034531,0.050427,0.049487,0.03288,0.037212,0.036044,0.030763,0.050237,0.028171,0.035996,0.039544,0.026386,0.032154,0.047904,0.038491,0.044858,0.025725,0.027402,0.032684,0.048649,0.046962,0.036986,0.039312,0.033812,0.036037,0.025208,0.030471,0.042792,0.023871,0.035005,0.035854,0.034028,0.045887,0.024362,0.023346,0.023548,0.032927,0.030355
0.033277,0.035824,0.033508,0.03246,0.031344,0.0347,0.033276,0.033277,0.02982,0.024011,0.033231,0.02685,0.033148,0.036892,0.048905,0.048264,0.03557,0.033596,0.048467,0.03479,0.049836,0.049261,0.048763,0.049879,0.03304,0.035985,0.031802,0.051119,0.049353,0.048703,0.049269,0.040831,0.024618,0.03741,0.031237,0.035409,0.053528,0.025484,0.037598,0.048041
0.049018,0.034674,0.048074,0.036525,0.052514,0.03778,0.024493,0.035991,0.043918,0.040626,0.036499,0.023605,0.038854,0.031181,0.051621,0.033592,0.030608,0.034414,0.048019,0.036017,0.054078,0.041977,0.043188,0.029529,0.046712,0.035843,0.031912,0.033492,0.028481,0.037483,0.049211,0.055715,0.030514,0.051658,0.037686,0.023011,0.033255,0.043118,0.032504,0.023093
0.039286,0.031035,0.033028,0.033719,0.049019,0.03364,0.055265,0.025172,0.039898,0.02922,0.035529,0.033679,0.034012,0.03222,0.049509,0.049923,0.047891,0.023741,0.023581,0.038652,0.033971,0.032352,0.050746,0.036744,0.031477,0.042377,0.036883,0.03566,0.034998,0.029769,0.038707,0.024171,0.039565,0.041577,0.022657,0.046832,0.035976,0.037577,0.044522,0.034736
0.040906,0.048896,0.024431,0.031809,0.035595,0.033944,0.036448,0.039998,0.021579,0.02152,0.036148,0.033379,0.024346,0.039041,0.047508,0.036076,0.032433,0.032973,0.045173,0.036191,0.034089,0.041227,0.024342,0.038167,0.030392,0.03629,0.045701,0.033638,0.036253,0.045275,0.03852,0.036867,0.024096,0.037872,0.040294,0.029483,0.027637,0.034199,0.048368,0.041976
0.023349,0.038705,0.048973,0.049131,0.036577,0.02978,0.034836,0.04567,0.035619,0.034367,0.048226,0.035452,0.048519,0.048038,0.03646,0.035693,0.035663,0.026095,0.048154,0.022059,0.047135,0.0363,0.047535,0.036535,0.032489,0.032272,0.034655,0.029144,0.037406,0.04923,0.048669,0.049165,0.035438,0.0478,0.035667,0.047326,0.049583,0.036461,0.03661,0.026837
0.046185,0.020543,0.034988,0.049316,0.048595,0.036855,0.046555,0.036642,0.047785,0.054635,0.03046,0.047648,0.023383,0.025137,0.031341,0.023922,0.033104,0.031092,0.034678,0.047722,0.036209,0.041224,0.023914,0.024601,0.029662,0.030261,0.029549,0.036274,0.050029,0.034119,0.048074,0.035894,0.036042,0.025084,0.036309,0.054761,0.029753,0.047733,0.041303,0.024396
0.042568,0.0251,0.034268,0.03314,0.03623,0.047987,0.049646,0.048484,0.036087,0.04796,0.041487,0.029588,0.029324,0.036829,0.032184,0.047086,0.043194,0.033557,0.022474,0.037637,0.044082,0.033809,0.041346,0.042744,0.036408,0.053583,0.031003,0.046989,0.049541,0.035943,0.047178,0.030789,0.039184,0.030427,0.037561,0.043501,0.036799,0.032833,0.036045,0.035302
0.029115,0.034835,0.052609,0.031924,0.029752,0.022905,0.025087,0.037523,0.048748,0.035018,0.042995,0.041985,0.028355,0.037954,0.027097,0.040597,0.027671,0.036624,0.05141,0.049084,0.033699,0.036772,0.027763,0.047312,0.02303,0.028547,0.03701,0.030099,0.035105,0.029347,0.034379,0.034496,0.034123,0.04972,0.051616,0.034122,0.047442,0.036051,0.034081,0.030562
0.045723,0.040717,0.028711,0.040665,0.030136,0.0294,0.038934,0.024706,0.038327,0.053957,0.02518,0.03787,0.036844,0.044957,0.05113,0.036675,0.02565,0.037138,0.039613,0.023213,0.041067,0.025109,0.037549,0.054576,0.025289,0.039926,0.032393,0.035957,0.029223,0.035472,0.025475,0.036638,0.038431,0.043644,0.036074,0.04838,0.049061,0.035725,0.047473,0.035789
0.053951,0.029819,0.046983,0.042388,0.023104,0.03928,0.030645,0.031381,0.037736,0.030849,0.051561,0.048888,0.048614,0.035325,0.033447,0.034661,0.029075,0.022924,0.028941,0.0529,0.036251,0.024204,0.037863,0.049335,0.033468,0.043434,0.041107,0.035729,0.02921,0.046029,0.042022,0.0363,0.023662,0.03842,0.035151,0.028046,0.040511,0.035817,0.021795,0.037041
0.050969,0.042674,0.042386,0.028209,0.034866,0.048796,0.041609,0.022018,0.039011,0.031907,0.046259,0.036168,0.043579,0.022292,0.03665,0.03047,0.032145,0.026938,0.025955,0.030421,0.036727,0.03496,0.030307,0.034301,0.033073,0.037615,0.026611,0.036678,0.03297,0.034592,0.037578,0.024128,0.040943,0.025599,0.037648,0.036537,0.027586,0.031355,0.036448,0.036584
0.02816,0.034149,0.041579,0.029162,0.034162,0.028089,0.039831,0.023834,0.040574,0.030002,0.03907,0.024624,0.037962,0.032772,0.034308,0.030464,0.035442,0.035349,0.036095,0.023817,0.035206,0.037204,0.035573,0.028655,0.032756,0.034867,0.049018,0.037671,0.027779,0.034877,0.032279,0.042957,0.025061,0.031291,0.032713,0.022263,0.028178,0.03889,0.027634,0.040484
0.024379,0.041593,0.024857,0.038336,0.035934,0.030447,0.032392,0.035039,0.040581,0.021844,0.03315,0.034917,0.039931,0.031319,0.027972,0.033777,0.045776,0.044505,0.024313,0.033415,0.043544,0.023688,0.039723,0.025812,0.040721,0.031348,0.038156,0.023307,0.032448,0.041956,0.029178,0.032959,0.036259,0.030282,0.033981,0.022774,0.022345,0.021671,0.037152,0.027769
0.037036,0.032624,0.031931,0.037428,0.027524,0.03493,0.038555,0.025112,0.040161,0.029634,0.035525,0.031848,0.034782,0.031491,0.031686,0.025591,0.02312,0.040841,0.025296,0.039529,0.037736,0.03281,0.026722,0.035141,0.029796,0.034318,0.039735,0.02448,0.041045,0.035787,0.026383,0.029444,0.03827,0.032086,0.032695,0.033738,0.034316,0.02992,0.033396,0.035667
0.034093,0.035428,0.028812,0.0367,0.029133,0.036671,0.03204,0.043101,0.043707,0.029387,0.037852,0.026818,0.031892,0.034308,0.034893,0.04222,0.029162,0.03469,0.028933,0.036074,0.031274,0.036907,0.02838,0.03572,0.033889,0.036611,0.023705,0.034773,0.035282,0.034368,0.036284,0.030672,0.035054,0.029371,0.040153,0.024261,0.036006,0.03447,0.044792,0.022927
0.031437,0.035988,0.04543,0.035413,0.054532,0.026052,0.037462,0.036037,0.03817,0.025559,0.037708,0.031262,0.029369,0.022213,0.026164,0.022435,0.027607,0.021764,0.03064,0.023175,0.031446,0.026688,0.022985,0.025864,0.023416,0.026199,0.023526,0.029761,0.023348,0.02312,0.024008,0.032874,0.033383,0.030019,0.030594,0.022973,0.028568,0.023129,0.026467,0.028629
0.028886,0.025125,0.023314,0.028844,0.023255,0.029937,0.025406,0.021793,0.025374,0.026204,0.032203,0.023567,0.022613,0.034693,0.028047,0.022381,0.035232,0.036443,0.028653,0.034143,0.034997,0.035694,0.02757,0.03275,0.022118,0.03113,0.036794,0.023732,0.04328,0.033111,0.028405,0.035044,0.038414,0.031134,0.03113,0.03123,0.040855,0.030887,0.034061,0.025387
0.022241,0.035066,0.023938,0.042165,0.031704,0.033972,0.028991,0.036934,0.028743,0.031063,0.034944,0.034897,0.029349,0.039966,0.048993,0.029828,0.033707,0.030724,0.045047,0.023056,0.033372,0.036502,0.036873,0.031889,0.03197,0.035858,0.032428,0.031097,0.039306,0.023501,0.038896,0.033777,0.034759,0.029978,0.035831,0.030045,0.03527,0.040516,0.022104,0.035799
0.034731,0.031666,0.051056,0.034937,0.031569,0.032824,0.035237,0.027178,0.039206,0.034451,0.028941,0.035575,0.057601,0.024011,0.037342,0.032923,0.027148,0.036993,0.034975,0.032194,0.032957,0.033193,0.034187,0.034009,0.037285,0.025056,0.035752,0.035701,0.032605,0.03191,0.03251,0.035342,0.042977,0.040481,0.035961,0.033194,0.024874,0.039141,0.035674,0.027226
0.034499,0.034978,0.039853,0.023004,0.036732,0.034361,0.033855,0.034138,0.031575,0.051893,0.03515,0.028715,0.032573,0.036963,0.029144,0.038741,0.029624,0.034746,0.034607,0.033914,0.02987,0.030912,0.037508,0.035662,0.032621,0.026586,0.037869,0.034785,0.031291,0.033762,0.030904,0.022592,0.03227,0.027048,0.028045,0.023099,0.021742,0.03579,0.025759,0.035853
0.035943,0.034924,0.024293,0.038201,0.035144,0.031863,0.034375,0.034313,0.036716,0.024896,0.023466,0.024863,0.029905,0.022099,0.022824,0.030208,0.03156,0.039339,0.024581,0.041519,0.024858,0.04443,0.030814,0.024786,0.037174,0.035128,0.039817,0.022195,0.035033,0.039065,0.026491,0.042124,0.024509,0.03982,0.026273,0.037429,0.036556,0.028444,0.033318,0.035202
0.032862,0.037827,0.025102,0.036913,0.034136,0.033331,0.031403,0.03426,0.028381,0.039961,0.029435,0.033464,0.035022,0.035981,0.030816,0.033895,0.033231,0.035918,0.037403,0.022384,0.041536,0.029495,0.035042,0.031284,0.03349,0.031104,0.042138,0.030122,0.029608,0.03042,0.036526,0.039928,0.030665,0.026203,0.03225,0.038016,0.048606,0.031029,0.037834,0.029988
0.03246,0.036078,0.035693,0.031495,0.032122,0.031416,0.037397,0.02932,0.030071,0.034047,0.039472,0.033874,0.033854,0.030527,0.034736,0.035662,0.031848,0.043118,0.021782,0.041399,0.032135,0.024237,0.040494,0.029077,0.03429,0.0385,0.024206,0.029603,0.039826,0.035245,0.029847,0.036668,0.032208,0.035162,0.026651,0.040995,0.024455,0.045007,0.023904,0.032708
0.035136,0.034062,0.035897,0.034912,0.029715,0.033792,0.03436,0.034092,0.033405,0.029456,0.041098,0.02945,0.047204,0.035468,0.037595,0.026061,0.034008,0.035559,0.031732,0.028609,0.036392,0.036244,0.032995,0.028796,0.034923,0.034555,0.048878,0.032619,0.037726,0.028502,0.033949,0.034943,0.034771,0.04908,0.04069,0.022905,0.03289,0.035575,0.035228,0.039741
0.023046,0.034848,0.035312,0.035242,0.033206,0.033183,0.031165,0.033144,0.035533,0.032348,0.032583,0.046513,0.035715,0.054575,0.025979,0.038066,0.034582,0.04839,0.036989,0.032311,0.02876,0.037319,0.032568,0.048029,0.035295,0.035303,0.028391,0.033639,0.035985,0.032799,0.031873,0.031063,0.037025,0.030296,0.037938,0.029626,0.029648,0.039219,0.049664,0.036027
0.029218,0.045317,0.041951,0.029163,0.040343,0.029463,0.032394,0.029961,0.03871,0.026335,0.038997,0.034574,0.025294,0.037037,0.035848,0.031609,0.035331,0.030933,0.034837,0.033894,0.036719,0.027698,0.041349,0.033652,0.02255,0.022921,0.030699,0.033599,0.032574,0.033169,0.048867,0.034899,0.054047,0.033585,0.02417,0.041226,0.029384,0.034274,0.033416,0.035521
0.028713,0.034558,0.035448,0.031488,0.031044,0.033774,0.035363,0.033738,0.040325,0.031011,0.025073,0.022822,0.032567,0.03021,0.034431,0.048599,0.049622,0.029884,0.040454,0.031457,0.031422,0.032731,0.036496,0.035917,0.031223,0.031764,0.033314,0.039805,0.030627,0.028953,0.034041,0.041356,0.023382,0.036734,0.030141,0.04144,0.022898,0.039899,0.035376,0.025798
0.036773,0.030525,0.032999,0.034703,0.039735,0.032081,0.030782,0.030196,0.034524,0.03588,0.035252,0.040349,0.030264,0.023494,0.04047,0.024146,0.039323,0.031091,0.033372,0.03742,0.028773,0.036419,0.027252,0.039344,0.035073,0.031039,0.032426,0.035167,0.030042,0.031436,0.034771,0.04113,0.0288,0.027294,0.035167,0.035672,0.048298,0.03428,0.048221,0.039023
0.030551,0.037462,0.027741,0.032011,0.037219,0.034694,0.034698,0.0253,0.042912,0.029554,0.031069,0.032185,0.034512,0.048505,0.033142,0.035464,0.036265,0.027961,0.030393,0.044898,0.028988,0.035705,0.024811,0.037729,0.035456,0.034903,0.030339,0.027208,0.045001,0.022581,0.039566,0.02931,0.033774,0.036349,0.048527,0.042559,0.022771,0.038262,0.02973,0.034262
0.034131,0.033189,0.031716,0.036689,0.032238,0.030834,0.034749,0.040154,0.021346,0.042753,0.024677,0.035053,0.042597,0.022532,0.037997,0.033225,0.02837,0.037643,0.032115,0.036668,0.027352,0.03594,0.03476,0.032535,0.032501,0.033892,0.052096,0.032158,0.035808,0.028177,0.035022,0.033025,0.034484,0.033301,0.036185,0.027502,0.041626,0.029554,0.03021,0.032886
0.033558,0.037543,0.032085,0.031721,0.031178,0.022737,0.029021,0.034206,0.031641,0.035463,0.036052,0.034401,0.029009,0.040549,0.028468,0.028745,0.030127,0.022449,0.031325,0.031456,0.036554,0.0348,0.030332,0.033009,0.041373,0.029264,0.029626,0.034683,0.042817,0.02194,0.037814,0.028883,0.036143,0.034038,0.030286,0.037909,0.035692,0.023635,0.023013,0.032515
0.024063,0.030062,0.023437,0.021132,0.028299,0.025987,0.025092,0.03455,0.022779,0.029055,0.023019,0.022164,0.031034,0.023771,0.023102,0.022908,0.039296,0.03226,0.032797,0.034424,0.030752,0.035302,0.037165,0.024566,0.036995,0.036576,0.03276,0.033725,0.031769,0.031628,0.035167,0.034503,0.028281,0.036338,0.028587,0.041649,0.029652,0.033957,0.032856,0.035146
0.032256,0.030078,0.034682,0.036094,0.04762,0.030238,0.039066,0.032636,0.032761,0.032735,0.034558,0.030946,0.037941,0.026738,0.038072,0.035057,0.032003,0.028597,0.036468,0.035751,0.0302,0.034858,0.030702,0.036264,0.033925,0.029956,0.033275,0.036452,0.034705,0.025827,0.038836,0.030002,0.03763,0.035238,0.028172,0.034188,0.033459,0.035818,0.028851,0.032281
0.037045,0.04313,0.022441,0.034538,0.034501,0.029134,0.037107,0.032418,0.033674,0.036794,0.025466,0.038568,0.033594,0.027565,0.044,0.02255,0.034275,0.035188,0.049368,0.039782,0.024727,0.040125,0.035017,0.025283,0.037097,0.03557,0.0294,0.037984,0.027212,0.040171,0.037042,0.021041,0.036898,0.040175,0.029345,0.031473,0.031008,0.03558,0.034261,0.035162
