0.063039,0.042756,0.036426,0.042008,0.053109,0.036074,0.037328,0.043884,0.048295,0.037825,0.036891,0.0388,0.053833,0.037468,0.037355,0.038073,0.055947,0.046533,0.052555,0.036938,0.044925,0.03672,0.037772,0.037883,0.056114,0.044313,0.041473,0.044101,0.038123,0.039208,0.038174,0.050158,0.053612,0.048328,0.046572,0.052685,0.051622,0.050534,0.049573,0.038223
0.027539,0.038714,0.050014,0.029435,0.03646,0.049745,0.028914,0.040525,0.046484,0.054592,0.025813,0.037215,0.049214,0.032627,0.037823,0.027354,0.036834,0.029042,0.040955,0.047064,0.028118,0.037834,0.027835,0.038928,0.052682,0.037964,0.029261,0.048399,0.030897,0.035924,0.031385,0.047619,0.035781,0.04792,0.034881,0.047985,0.036466,0.031156,0.032651,0.040304
0.023666,0.034787,0.049666,0.049647,0.033569,0.035504,0.037324,0.023761,0.038037,0.047771,0.037059,0.045927,0.036366,0.032815,0.050057,0.049976,0.048561,0.041336,0.024603,0.037853,0.030293,0.052942,0.03048,0.053571,0.029383,0.035175,0.04733,0.036121,0.047704,0.048508,0.036473,0.047768,0.034725,0.049409,0.048544,0.03389,0.032255,0.039374,0.049051,0.036116
0.024559,0.043944,0.028747,0.028294,0.035444,0.034228,0.035721,0.032111,0.029891,0.036938,0.027769,0.037167,0.048483,0.048008,0.035752,0.050664,0.038891,0.032622,0.032783,0.040066,0.026841,0.024371,0.03561,0.038571,0.049093,0.030462,0.045728,0.044786,0.033839,0.036268,0.029451,0.026567,0.041005,0.044469,0.033386,0.041433,0.042676,0.045887,0.035284,0.047394
0.041332,0.029449,0.047434,0.047993,0.044618,0.028109,0.027327,0.032531,0.04009,0.044895,0.033963,0.047988,0.037295,0.033316,0.047008,0.038003,0.029012,0.036942,0.044705,0.035458,0.048658,0.040783,0.023169,0.034528,0.037601,0.032534,0.047505,0.034095,0.035481,0.04653,0.038895,0.03363,0.029179,0.032889,0.03526,0.054399,0.025442,0.033443,0.038912,0.026749
0.022372,0.033306,0.02685,0.023027,0.026665,0.027291,0.024308,0.035474,0.034466,0.048545,0.048147,0.045119,0.027897,0.035577,0.026817,0.034189,0.037309,0.031505,0.036382,0.027732,0.038741,0.045454,0.033743,0.053398,0.030907,0.032657,0.045374,0.040294,0.032303,0.042658,0.044529,0.038664,0.04018,0.043942,0.03488,0.036456,0.043413,0.040098,0.047784,0.041379
0.023758,0.036777,0.047478,0.030717,0.038117,0.036499,0.050595,0.029135,0.049363,0.035276,0.046689,0.035971,0.032391,0.037915,0.030928,0.033461,0.047195,0.034911,0.048796,0.04931,0.034811,0.043126,0.040804,0.047411,0.036214,0.047801,0.035176,0.048708,0.049013,0.04132,0.02357,0.040165,0.034396,0.032642,0.044026,0.044619,0.026354,0.053324,0.024961,0.039846
0.028001,0.040445,0.030072,0.031345,0.0504,0.049261,0.048517,0.033228,0.03728,0.030317,0.036967,0.049972,0.0494,0.030779,0.035607,0.045537,0.034948,0.049666,0.033394,0.0359,0.048634,0.048395,0.039648,0.027962,0.032947,0.035306,0.051741,0.031161,0.032957,0.042513,0.03261,0.02253,0.034943,0.032163,0.036417,0.049782,0.048818,0.035303,0.048797,0.032803
0.050626,0.034818,0.048477,0.054123,0.049314,0.041532,0.043215,0.025002,0.032397,0.035148,0.033389,0.032741,0.043459,0.022858,0.033721,0.029474,0.040652,0.046806,0.036752,0.048511,0.048669,0.034832,0.048639,0.049169,0.040507,0.025264,0.037559,0.049013,0.049389,0.051317,0.046925,0.041362,0.0289,0.035482,0.034351,0.024867,0.03644,0.036967,0.033349,0.030057
0.039235,0.022851,0.038849,0.050232,0.035832,0.027615,0.036425,0.047606,0.047658,0.042178,0.032267,0.046058,0.034242,0.048451,0.035389,0.048281,0.053537,0.026694,0.039302,0.035343,0.029644,0.031473,0.022481,0.030298,0.034756,0.032318,0.028738,0.038941,0.028583,0.036626,0.033266,0.048779,0.049417,0.047584,0.036303,0.047997,0.035756,0.052934,0.025947,0.038942
0.030071,0.035716,0.051301,0.02941,0.035224,0.048421,0.048697,0.0344,0.036624,0.030025,0.05249,0.048954,0.049454,0.04849,0.034701,0.048221,0.036655,0.047724,0.048214,0.035016,0.034806,0.048718,0.049602,0.040901,0.022405,0.042067,0.031645,0.025146,0.04079,0.035031,0.029417,0.033268,0.048518,0.035433,0.046949,0.03659,0.048257,0.041287,0.029503,0.031076
0.030572,0.033605,0.035586,0.032947,0.050264,0.049012,0.048632,0.03627,0.035612,0.030813,0.032187,0.033769,0.048255,0.041565,0.030103,0.02693,0.040486,0.025936,0.038382,0.054071,0.030512,0.03335,0.028948,0.033698,0.034654,0.054002,0.025634,0.039735,0.031235,0.031845,0.042207,0.023202,0.030671,0.042171,0.026972,0.036195,0.048453,0.035087,0.048761,0.035612
0.036022,0.046033,0.033976,0.035092,0.026029,0.039752,0.031662,0.050638,0.04929,0.04865,0.03469,0.048563,0.049496,0.047851,0.036519,0.053502,0.027062,0.036493,0.049301,0.048505,0.041327,0.024402,0.037723,0.040855,0.044964,0.02508,0.043088,0.025749,0.038335,0.030509,0.04536,0.036773,0.034763,0.048037,0.034294,0.035466,0.05359,0.025047,0.039282,0.032574
0.045191,0.033868,0.033634,0.043247,0.042523,0.047549,0.035313,0.04871,0.035403,0.048492,0.036189,0.033016,0.033449,0.043393,0.035865,0.034166,0.035676,0.048654,0.04835,0.03544,0.047817,0.035177,0.048587,0.030183,0.04052,0.032467,0.044024,0.034783,0.034944,0.035801,0.046657,0.036013,0.043163,0.041394,0.03493,0.028086,0.034432,0.053937,0.036579,0.023111
0.032016,0.03584,0.03551,0.04683,0.042286,0.029158,0.048125,0.04908,0.03434,0.030452,0.042343,0.025466,0.034588,0.035,0.035978,0.030211,0.045348,0.035118,0.035451,0.031852,0.033076,0.037552,0.048436,0.050096,0.048884,0.049417,0.035699,0.047856,0.035292,0.047495,0.035547,0.054461,0.043782,0.040912,0.02389,0.033665,0.033893,0.03387,0.041056,0.022906
0.035238,0.033833,0.042459,0.040708,0.035983,0.048419,0.048872,0.035726,0.048015,0.035481,0.053417,0.024889,0.037871,0.052291,0.034768,0.027688,0.033708,0.035564,0.047203,0.03598,0.048196,0.049387,0.035336,0.053475,0.031288,0.03255,0.049526,0.048212,0.035367,0.049215,0.048643,0.035593,0.039899,0.021736,0.035681,0.03334,0.036226,0.032658,0.035621,0.029306
0.034499,0.036094,0.029847,0.032189,0.034417,0.03554,0.029006,0.039808,0.0281,0.04112,0.022886,0.040599,0.030016,0.037644,0.025988,0.039583,0.032127,0.029051,0.021805,0.028941,0.040452,0.030031,0.040567,0.022006,0.033514,0.035373,0.053726,0.043086,0.035863,0.034773,0.034674,0.029687,0.036346,0.045874,0.03471,0.035076,0.048582,0.054743,0.02471,0.038222
0.036889,0.027758,0.034583,0.047642,0.041588,0.033236,0.024315,0.040138,0.03139,0.03136,0.035206,0.03668,0.032626,0.028069,0.036011,0.028822,0.022056,0.031156,0.022589,0.023282,0.027,0.022333,0.022295,0.027293,0.022305,0.022618,0.023911,0.022071,0.022097,0.031344,0.023528,0.02258,0.027548,0.026888,0.024169,0.022173,0.02821,0.022455,0.025044,0.021886
0.030358,0.02211,0.023332,0.029041,0.023577,0.026733,0.023732,0.022074,0.032149,0.022599,0.040203,0.024008,0.022522,0.022762,0.023012,0.023738,0.02221,0.022824,0.023428,0.022385,0.024211,0.022455,0.027926,0.022196,0.022416,0.031755,0.029724,0.022583,0.024356,0.028949,0.023718,0.023218,0.030058,0.023274,0.023439,0.023311,0.023905,0.022695,0.024096,0.023597
0.028201,0.022903,0.026794,0.023884,0.023318,0.025343,0.034695,0.022559,0.02309,0.022518,0.033335,0.025498,0.027568,0.021564,0.02133,0.022141,0.023026,0.025195,0.026558,0.021478,0.030477,0.03565,0.032588,0.034039,0.03234,0.027621,0.039379,0.03445,0.029745,0.032939,0.039838,0.024855,0.034712,0.035095,0.040813,0.023828,0.04182,0.027735,0.036875,0.031111
0.034458,0.030733,0.033058,0.03931,0.022255,0.04198,0.0327,0.029556,0.035362,0.033304,0.033611,0.032632,0.036871,0.026911,0.03707,0.033575,0.028657,0.037384,0.035252,0.031164,0.03386,0.039517,0.028247,0.034154,0.027926,0.022048,0.035277,0.023787,0.043905,0.022138,0.041356,0.035275,0.024764,0.037626,0.034551,0.03277,0.029069,0.03625,0.054459,0.024723
0.038224,0.036466,0.034444,0.02828,0.033031,0.03416,0.030918,0.034714,0.039354,0.02391,0.034004,0.034812,0.034176,0.035391,0.048188,0.048585,0.037617,0.037694,0.030067,0.03699,0.023477,0.038499,0.030683,0.028749,0.037546,0.040053,0.042707,0.029226,0.035186,0.03392,0.033962,0.033784,0.036534,0.054351,0.023895,0.042588,0.023993,0.03693,0.034531,0.032321
0.030558,0.021311,0.032964,0.030637,0.02545,0.029272,0.027367,0.036085,0.037647,0.027476,0.022667,0.03087,0.034778,0.034148,0.029673,0.032493,0.035335,0.03416,0.030131,0.030944,0.021872,0.024815,0.021573,0.035606,0.03242,0.031277,0.035918,0.03511,0.024749,0.039829,0.040349,0.023232,0.033273,0.034341,0.055224,0.024682,0.039669,0.031025,0.033658,0.036909
0.031783,0.03302,0.030192,0.033649,0.03424,0.049388,0.034589,0.035976,0.034494,0.027547,0.035356,0.048069,0.035946,0.034912,0.033616,0.028418,0.034621,0.034857,0.028093,0.034849,0.035691,0.034381,0.034833,0.035149,0.035164,0.023009,0.039822,0.034283,0.02981,0.041852,0.023141,0.037629,0.034293,0.034005,0.026489,0.038135,0.03189,0.036781,0.02794,0.035537
0.035912,0.030095,0.033547,0.031223,0.036215,0.030502,0.039178,0.027544,0.035777,0.035555,0.033425,0.03241,0.027969,0.021934,0.031877,0.038008,0.042888,0.041301,0.022701,0.041694,0.030073,0.03287,0.033933,0.033371,0.036656,0.028562,0.034222,0.035484,0.026774,0.034481,0.03587,0.035122,0.036473,0.027965,0.033917,0.038803,0.043796,0.035901,0.035529,0.030828
0.032992,0.034063,0.031436,0.037157,0.030028,0.035819,0.031116,0.049333,0.048627,0.041017,0.024281,0.039307,0.029964,0.030819,0.020914,0.030751,0.037431,0.032525,0.035079,0.024476,0.022355,0.035824,0.03083,0.038727,0.0241,0.039262,0.03136,0.033159,0.033525,0.032937,0.035859,0.027863,0.030321,0.045131,0.023975,0.030699,0.037,0.035944,0.034427,0.035988
0.024398,0.036904,0.034781,0.043507,0.040428,0.035366,0.029766,0.03593,0.029543,0.021924,0.028673,0.035441,0.035428,0.027556,0.033254,0.035346,0.035983,0.03455,0.028681,0.034395,0.033594,0.036077,0.035186,0.028259,0.048874,0.03409,0.033826,0.044222,0.040854,0.047874,0.035739,0.035096,0.02893,0.033416,0.034067,0.049354,0.034525,0.038841,0.032236,0.026337
0.035735,0.035869,0.034356,0.027869,0.034098,0.048845,0.035484,0.036283,0.027609,0.03465,0.033031,0.035495,0.030311,0.037427,0.034836,0.030954,0.034606,0.032023,0.036385,0.029423,0.034167,0.037305,0.027279,0.037544,0.025784,0.038556,0.035932,0.030096,0.036646,0.037589,0.023028,0.038351,0.036147,0.028847,0.033833,0.048406,0.049083,0.0358,0.048001,0.035346
0.03581,0.030387,0.031939,0.033963,0.053874,0.030258,0.035637,0.034334,0.027905,0.040204,0.029565,0.034802,0.029226,0.032237,0.03568,0.049004,0.035251,0.036084,0.028675,0.031087,0.037294,0.034257,0.034228,0.029856,0.031383,0.036838,0.049182,0.047837,0.035537,0.048034,0.036429,0.035827,0.029428,0.03911,0.023475,0.038916,0.033322,0.035769,0.02476,0.038763
0.034518,0.033945,0.030199,0.034206,0.035048,0.031414,0.032144,0.034159,0.033481,0.049977,0.034266,0.028616,0.040867,0.035224,0.024663,0.036499,0.036511,0.033275,0.028584,0.035136,0.027963,0.034752,0.035911,0.035304,0.047944,0.033777,0.038025,0.031315,0.031268,0.034096,0.034972,0.032129,0.033118,0.032679,0.033756,0.032505,0.035697,0.032347,0.040514,0.027771
0.028884,0.038029,0.029542,0.034634,0.037688,0.024506,0.035883,0.036897,0.030273,0.036462,0.033637,0.026055,0.039087,0.035373,0.033167,0.029817,0.034858,0.037615,0.023232,0.042204,0.03049,0.034034,0.034726,0.031759,0.02988,0.040947,0.023947,0.032229,0.035198,0.035927,0.033778,0.035249,0.029768,0.022243,0.027703,0.022328,0.02972,0.036389,0.028216,0.033679
0.034804,0.035037,0.033438,0.030744,0.034011,0.039293,0.023245,0.03474,0.034734,0.034835,0.036208,0.029843,0.038467,0.034235,0.023167,0.039238,0.035058,0.025392,0.04158,0.027801,0.036842,0.032964,0.033945,0.030907,0.036091,0.03733,0.023799,0.040916,0.029485,0.033397,0.032304,0.033995,0.034522,0.039103,0.023281,0.021447,0.032621,0.033231,0.028654,0.021163
0.031107,0.034781,0.035459,0.028029,0.040229,0.041293,0.035582,0.034461,0.028883,0.041725,0.03274,0.031298,0.032254,0.036261,0.035284,0.028678,0.034986,0.034416,0.033687,0.031652,0.033295,0.033077,0.041495,0.021012,0.034414,0.036291,0.048231,0.033694,0.036563,0.034783,0.032558,0.026768,0.038912,0.031172,0.030775,0.035027,0.034065,0.048933,0.035896,0.03481
0.027513,0.037028,0.033173,0.034148,0.038922,0.022429,0.032423,0.03984,0.035375,0.034525,0.033431,0.034236,0.023806,0.040337,0.031738,0.032276,0.032858,0.034694,0.033488,0.036146,0.025609,0.038334,0.034859,0.033783,0.028679,0.035095,0.034981,0.03111,0.033664,0.039086,0.02997,0.032613,0.029909,0.033458,0.040557,0.042786,0.035414,0.033324,0.030662,0.033416
0.041065,0.029742,0.033764,0.032181,0.033419,0.030717,0.036131,0.033991,0.031631,0.028918,0.038998,0.034202,0.033902,0.035011,0.029837,0.031013,0.029712,0.036337,0.0341,0.036655,0.031628,0.029919,0.033568,0.036105,0.05344,0.043746,0.035608,0.034253,0.033944,0.035713,0.028826,0.034351,0.034967,0.033588,0.029421,0.034523,0.03522,0.031813,0.031065,0.041345
0.024723,0.031638,0.021577,0.033297,0.034324,0.034555,0.029401,0.035489,0.035844,0.028701,0.03595,0.032617,0.034528,0.039272,0.022857,0.03054,0.044686,0.048547,0.043542,0.033339,0.036956,0.035668,0.028959,0.046322,0.035231,0.034651,0.030912,0.038098,0.035548,0.028087,0.034954,0.035564,0.029876,0.022197,0.023984,0.031171,0.021769,0.038295,0.029202,0.033635
0.03388,0.03541,0.031794,0.040212,0.021343,0.038975,0.035534,0.034543,0.028882,0.038721,0.030729,0.025842,0.021858,0.040977,0.02257,0.03296,0.03742,0.047137,0.035488,0.034916,0.03022,0.034554,0.032327,0.035466,0.034698,0.032275,0.030796,0.034899,0.034443,0.032355,0.038157,0.02398,0.039042,0.031768,0.032356,0.03137,0.036507,0.035163,0.030769,0.036972
0.028595,0.036031,0.03131,0.022162,0.024355,0.022271,0.029815,0.02164,0.03578,0.024736,0.044231,0.030333,0.024021,0.042776,0.030876,0.030959,0.034296,0.033311,0.035573,0.026725,0.032596,0.035509,0.035405,0.042022,0.02114,0.033175,0.041865,0.025078,0.038277,0.033917,0.029899,0.038923,0.031061,0.03379,0.031058,0.031685,0.023508,0.028038,0.026702,0.021079
0.033808,0.035669,0.032711,0.035953,0.030891,0.038153,0.029596,0.034024,0.034799,0.028609,0.033799,0.0474,0.022362,0.032354,0.031921,0.022324,0.023935,0.025756,0.022277,0.026278,0.027668,0.037024,0.02577,0.045253,0.022298,0.037583,0.036082,0.027885,0.03755,0.034254,0.033512,0.033651,0.032277,0.032276,0.034396,0.029948,0.034184,0.021875,0.026515,0.02252
0.032043,0.025933,0.021714,0.032479,0.031874,0.036305,0.049026,0.047681,0.03685,0.03549,0.028529,0.03122,0.031589,0.04617,0.021944,0.041221,0.041758,0.041848,0.025849,0.03767,0.047948,0.035504,0.033325,0.036134,0.029274,0.033874,0.042179,0.021297,0.033635,0.035089,0.035115,0.034719,0.035867,0.024346,0.021608,0.033379,0.033446,0.032016,0.035184,0.035482
