0.24234,0.099732,0.10259,0.10657,0.20797,0.15588,0.11906,0.12331,0.1281,0.11932,0.12215,0.12935,0.1267,0.13071,0.14468,0.13057,0.13331,0.12758,0.13463,0.14483,0.13569,0.1385,0.14412,0.14863,0.15631,0.14846,0.1601,0.15009,0.15976,0.14749,0.15495,0.14919,0.15036,0.14612,0.15842,0.15161,0.14916,0.15213,0.15495,0.15233
0.096803,0.093103,0.094609,0.095073,0.10156,0.093846,0.092241,0.095539,0.099461,0.099537,0.095702,0.14514,0.092509,0.096302,0.089288,0.090459,0.094524,0.12015,0.092395,0.089397,0.093681,0.085231,0.086863,0.089208,0.1057,0.1329,0.11182,0.098557,0.095273,0.094453,0.1018,0.092813,0.096549,0.097589,0.10322,0.093065,0.10011,0.096509,0.098661,0.09699
0.083486,0.084039,0.085392,0.086772,0.079317,0.087026,0.079899,0.082048,0.079156,0.083205,0.087573,0.081716,0.080521,0.080568,0.077465,0.083902,0.081001,0.079991,0.07915,0.12788,0.081084,0.083633,0.08132,0.078359,0.079258,0.076248,0.082434,0.079065,0.078708,0.081279,0.078868,0.080561,0.078058,0.079357,0.082249,0.081807,0.076003,0.078957,0.081852,0.090019
0.078124,0.073806,0.074788,0.077293,0.074,0.081522,0.077869,0.082503,0.075164,0.084122,0.081705,0.074881,0.078746,0.075563,0.082988,0.076708,0.075515,0.081138,0.075526,0.077761,0.079253,0.075675,0.077192,0.073705,0.073345,0.077265,0.077342,0.12411,0.077429,0.073124,0.07404,0.077834,0.076656,0.074178,0.076646,0.081596,0.10613,0.085217,0.082144,0.077508
0.07773,0.075213,0.076052,0.074095,0.077873,0.076278,0.070123,0.07383,0.072097,0.075048,0.072138,0.074538,0.073112,0.073612,0.074422,0.07127,0.075129,0.072427,0.076288,0.073968,0.073645,0.074245,0.072331,0.073986,0.083545,0.074487,0.074578,0.077447,0.07533,0.070391,0.071016,0.081841,0.078,0.069549,0.12157,0.084034,0.077455,0.072338,0.07466,0.071335
0.07308,0.075139,0.070603,0.077224,0.075326,0.076073,0.071119,0.074633,0.075529,0.075352,0.076477,0.073276,0.075973,0.074312,0.074501,0.075789,0.072231,0.075619,0.073917,0.072402,0.072384,0.070934,0.073224,0.076209,0.075145,0.071349,0.078125,0.070792,0.072243,0.071478,0.072504,0.072678,0.076049,0.072113,0.073102,0.077161,0.072355,0.076451,0.07165,0.07758
0.069691,0.11349,0.072594,0.075008,0.074242,0.071388,0.066974,0.073299,0.069492,0.069413,0.06987,0.073674,0.069915,0.071511,0.074209,0.074464,0.07292,0.070663,0.070987,0.071108,0.067332,0.071631,0.068174,0.070633,0.070672,0.072088,0.072348,0.075396,0.071492,0.064782,0.065275,0.071106,0.067802,0.068203,0.065277,0.066683,0.065031,0.069635,0.06666,0.069281
0.064327,0.080917,0.10031,0.10343,0.06828,0.069252,0.07588,0.067993,0.068876,0.069591,0.11825,0.069976,0.072249,0.074963,0.068992,0.067698,0.070003,0.068669,0.069875,0.073618,0.075136,0.0682,0.069849,0.070068,0.068094,0.073624,0.068302,0.073672,0.075276,0.070473,0.072233,0.10318,0.073934,0.078471,0.075702,0.073731,0.07483,0.078622,0.076128,0.078456
0.077608,0.073995,0.074726,0.07598,0.071593,0.073165,0.076749,0.069627,0.069099,0.068059,0.068552,0.068787,0.070268,0.07007,0.071205,0.068698,0.070218,0.071233,0.071755,0.11555,0.070947,0.067824,0.071092,0.067826,0.069431,0.067877,0.069772,0.06931,0.06981,0.069945,0.070498,0.068189,0.073073,0.068804,0.073431,0.07043,0.067516,0.071411,0.067164,0.06818
0.072725,0.070804,0.071128,0.069418,0.069389,0.072543,0.067431,0.06715,0.074819,0.07205,0.066929,0.06738,0.06555,0.063508,0.064746,0.06096,0.067166,0.070757,0.066016,0.068072,0.067687,0.06683,0.065422,0.065881,0.073432,0.096705,0.072201,0.069644,0.12099,0.06912,0.073172,0.071629,0.069755,0.073707,0.071524,0.071278,0.071291,0.067511,0.070056,0.069295
0.074973,0.068753,0.070584,0.068425,0.06765,0.071199,0.06657,0.065978,0.073127,0.070886,0.071982,0.070892,0.068963,0.069778,0.066647,0.068977,0.06735,0.068418,0.066785,0.068827,0.067588,0.071506,0.068684,0.068022,0.067907,0.07148,0.073151,0.06921,0.07451,0.083556,0.071353,0.069326,0.071873,0.070066,0.096624,0.066692,0.072305,0.068596,0.068252,0.072549
0.072001,0.067583,0.072106,0.069025,0.07278,0.068255,0.069636,0.070126,0.072177,0.066715,0.068209,0.067374,0.06971,0.071566,0.069012,0.068532,0.066884,0.068593,0.067947,0.067177,0.068311,0.070596,0.068783,0.070871,0.068899,0.071082,0.070263,0.067564,0.070568,0.072301,0.067871,0.070442,0.08064,0.068706,0.069414,0.068029,0.069968,0.068303,0.066751,0.070774
0.065484,0.066921,0.069712,0.11326,0.069934,0.06696,0.066345,0.070216,0.071264,0.069906,0.070347,0.065475,0.068512,0.069501,0.069216,0.070143,0.069408,0.072498,0.069307,0.068476,0.066097,0.068769,0.069971,0.067897,0.072377,0.065995,0.068314,0.065518,0.067495,0.066877,0.072781,0.069233,0.096372,0.072982,0.070626,0.073354,0.084105,0.10523,0.107,0.084381
0.079489,0.084808,0.07307,0.071036,0.07154,0.087725,0.08039,0.067338,0.071024,0.071762,0.07273,0.065558,0.069331,0.11762,0.068003,0.073136,0.072601,0.069318,0.067332,0.067278,0.069388,0.073375,0.070792,0.069875,0.069607,0.067923,0.068057,0.067428,0.070676,0.067226,0.070544,0.072519,0.066926,0.06688,0.069703,0.068757,0.10249,0.071059,0.072591,0.070303
0.069519,0.068773,0.07096,0.06657,0.069899,0.069659,0.066355,0.07061,0.070565,0.068019,0.070166,0.067957,0.067863,0.068461,0.06983,0.067335,0.072308,0.068958,0.072756,0.07047,0.069429,0.067222,0.11839,0.06998,0.068566,0.067376,0.071265,0.072656,0.06779,0.0676,0.069153,0.067672,0.071142,0.068211,0.069106,0.066211,0.069975,0.067481,0.068201,0.067028
0.068283,0.071777,0.070566,0.070076,0.064576,0.06216,0.064083,0.062148,0.067349,0.062158,0.065663,0.062191,0.065122,0.069871,0.063019,0.065115,0.070671,0.065145,0.063226,0.069076,0.066946,0.066866,0.070226,0.067269,0.065024,0.066102,0.063715,0.065392,0.068679,0.06713,0.09233,0.067187,0.067173,0.068929,0.070806,0.073042,0.067872,0.068465,0.069323,0.072236
0.071322,0.068489,0.06663,0.070525,0.069498,0.076039,0.067195,0.068735,0.07451,0.067831,0.06938,0.071362,0.068572,0.06704,0.068798,0.064713,0.072323,0.069548,0.066764,0.069712,0.072197,0.069495,0.069328,0.070821,0.071417,0.068529,0.065714,0.064677,0.065071,0.065088,0.065105,0.06951,0.068483,0.063726,0.067536,0.06331,0.065513,0.070844,0.063691,0.063777
0.088613,0.066795,0.066348,0.066547,0.06098,0.062508,0.067955,0.064047,0.064132,0.065035,0.067182,0.063569,0.070408,0.064161,0.067111,0.068244,0.067321,0.064706,0.065005,0.065268,0.066341,0.064929,0.066833,0.063652,0.062912,0.065914,0.06128,0.063918,0.064191,0.06727,0.066367,0.06463,0.063074,0.066833,0.070548,0.077693,0.087092,0.066292,0.06297,0.066005
0.064426,0.066933,0.070037,0.094573,0.078283,0.071028,0.06904,0.067293,0.066665,0.067088,0.11089,0.071133,0.066902,0.071073,0.06636,0.068937,0.06609,0.069392,0.06873,0.065959,0.068159,0.067363,0.069255,0.069086,0.07782,0.091697,0.069838,0.070166,0.069493,0.088237,0.11618,0.11446,0.09709,0.077477,0.07397,0.082774,0.076037,0.072202,0.07717,0.071971
0.073898,0.075521,0.074709,0.071971,0.075139,0.071439,0.072008,0.070039,0.069496,0.068668,0.071627,0.068655,0.066541,0.070983,0.067637,0.065649,0.06536,0.069456,0.065003,0.11608,0.070195,0.071311,0.064864,0.064017,0.063696,0.067403,0.065224,0.064061,0.067269,0.065068,0.064902,0.06341,0.066899,0.064644,0.065695,0.06354,0.066306,0.066508,0.066408,0.066323
0.066128,0.064995,0.066038,0.062728,0.068815,0.077859,0.064772,0.065667,0.064008,0.063564,0.066488,0.066311,0.064885,0.064118,0.068492,0.068442,0.064521,0.06756,0.065704,0.068226,0.0853,0.080559,0.079142,0.07297,0.06807,0.071303,0.071923,0.06866,0.068622,0.11351,0.072357,0.073997,0.070077,0.070302,0.067479,0.07204,0.071387,0.071114,0.070183,0.070688
0.068272,0.067493,0.067587,0.070381,0.065336,0.068646,0.070065,0.069185,0.072145,0.066917,0.076255,0.06772,0.06786,0.068623,0.069412,0.068751,0.073108,0.070687,0.066596,0.068099,0.066211,0.068244,0.067426,0.06816,0.068909,0.072101,0.068851,0.06725,0.070264,0.069409,0.066799,0.068223,0.070536,0.072835,0.06857,0.070487,0.071337,0.070502,0.070914,0.11564
0.072291,0.069885,0.072874,0.068819,0.07188,0.066135,0.067597,0.066497,0.065061,0.065396,0.067735,0.066069,0.066466,0.069033,0.069124,0.065507,0.066982,0.066875,0.06777,0.066742,0.065875,0.068338,0.06706,0.066868,0.065886,0.068059,0.066557,0.066621,0.067851,0.064092,0.063496,0.071619,0.063722,0.064998,0.067371,0.065114,0.063682,0.06555,0.066515,0.065302
0.067175,0.064969,0.066545,0.068124,0.066125,0.06534,0.065159,0.10619,0.06297,0.061822,0.06428,0.0679,0.065662,0.064551,0.06345,0.06431,0.06504,0.063485,0.067125,0.064987,0.065125,0.066579,0.065695,0.066254,0.063858,0.067731,0.063269,0.066213,0.06672,0.06434,0.064946,0.064453,0.064606,0.068377,0.069105,0.097557,0.069012,0.070125,0.070002,0.064572
0.072527,0.077133,0.09544,0.067955,0.070025,0.06804,0.069959,0.071547,0.068898,0.067198,0.06768,0.067276,0.068535,0.070033,0.066609,0.066877,0.06914,0.11691,0.06867,0.06933,0.069619,0.071358,0.072514,0.068102,0.066494,0.072044,0.072813,0.06518,0.070463,0.081664,0.10679,0.11104,0.06599,0.067734,0.067239,0.067447,0.066505,0.066774,0.083866,0.071671
0.072879,0.068504,0.067147,0.069754,0.070512,0.068842,0.06929,0.068103,0.07163,0.06991,0.067896,0.066814,0.071469,0.067175,0.069024,0.067652,0.073112,0.070162,0.070509,0.072392,0.069973,0.071181,0.06833,0.072787,0.071007,0.069556,0.069813,0.11736,0.066894,0.080183,0.07009,0.072965,0.067129,0.069006,0.064933,0.064154,0.067332,0.081861,0.068486,0.063035
0.066732,0.073768,0.067859,0.06482,0.066708,0.064439,0.066526,0.065789,0.066719,0.064993,0.069932,0.067562,0.067966,0.064961,0.065332,0.068321,0.066362,0.067594,0.064283,0.068724,0.068873,0.066716,0.068475,0.06772,0.067532,0.069771,0.073371,0.09737,0.070414,0.06912,0.067771,0.068448,0.068523,0.072359,0.08241,0.08893,0.069653,0.068482,0.067874,0.066745
0.066631,0.069432,0.069094,0.066865,0.070718,0.072267,0.066167,0.067845,0.067894,0.070338,0.069494,0.068756,0.066751,0.0699,0.06851,0.069382,0.066446,0.068916,0.071271,0.067414,0.066297,0.068027,0.070127,0.068231,0.067882,0.066862,0.070451,0.064229,0.066158,0.06491,0.062833,0.063602,0.066915,0.064034,0.065427,0.063955,0.067021,0.068707,0.06527,0.06325
0.065835,0.063017,0.062934,0.067385,0.10767,0.068896,0.069069,0.065114,0.064869,0.065221,0.064843,0.068212,0.066615,0.065656,0.063234,0.061876,0.064895,0.064043,0.067437,0.063816,0.068677,0.062303,0.064935,0.06552,0.064626,0.064571,0.067923,0.066304,0.065851,0.065286,0.068606,0.066899,0.065335,0.067576,0.067242,0.066498,0.067048,0.063639,0.064881,0.066685
0.06264,0.061908,0.067526,0.069925,0.065551,0.064448,0.06877,0.064461,0.065349,0.063838,0.067185,0.06552,0.10893,0.068466,0.071669,0.068432,0.069241,0.070969,0.067907,0.069393,0.099849,0.069521,0.072492,0.069333,0.070655,0.069908,0.070213,0.067668,0.068983,0.069962,0.068899,0.071578,0.068467,0.070191,0.075419,0.070615,0.073229,0.070068,0.068983,0.070131
0.068042,0.070778,0.071233,0.069315,0.066061,0.068956,0.070759,0.065528,0.067708,0.066181,0.067451,0.065355,0.065574,0.06869,0.066057,0.063905,0.065971,0.065327,0.062384,0.065628,0.068058,0.063562,0.10964,0.064683,0.065415,0.068005,0.065099,0.064385,0.06521,0.0629,0.066685,0.062404,0.086672,0.090132,0.098293,0.068548,0.066384,0.064764,0.064646,0.064378
0.063184,0.06834,0.068071,0.063416,0.064912,0.067356,0.067484,0.072018,0.065552,0.07009,0.064631,0.067806,0.062946,0.064995,0.063255,0.06844,0.074044,0.070549,0.066177,0.07003,0.071516,0.065809,0.069914,0.069654,0.067623,0.06675,0.070022,0.067082,0.069609,0.072077,0.070848,0.068928,0.11649,0.065431,0.068358,0.078278,0.10201,0.068649,0.067674,0.070468
0.069557,0.067665,0.067762,0.067857,0.071777,0.064367,0.063311,0.081283,0.067867,0.065901,0.063021,0.068369,0.070623,0.064793,0.063554,0.063176,0.06646,0.069514,0.067306,0.063672,0.063781,0.065037,0.066075,0.064815,0.063028,0.066802,0.065769,0.063622,0.064941,0.06968,0.070092,0.072121,0.070175,0.074319,0.070305,0.072415,0.068864,0.068072,0.070702,0.073539
0.070842,0.073703,0.11626,0.077052,0.087444,0.089218,0.1081,0.091474,0.07803,0.075608,0.075218,0.072421,0.070138,0.074634,0.068026,0.071168,0.071335,0.068542,0.068363,0.068062,0.06943,0.069303,0.069949,0.06677,0.069687,0.07145,0.065996,0.069309,0.067164,0.067457,0.070453,0.068521,0.067166,0.067487,0.064525,0.068021,0.067165,0.061694,0.064863,0.065959
0.068054,0.065638,0.065795,0.063922,0.064981,0.065502,0.06737,0.066857,0.065779,0.063273,0.065706,0.1083,0.066562,0.065112,0.066102,0.065169,0.066336,0.064585,0.063316,0.063226,0.065536,0.06653,0.070126,0.063331,0.064352,0.065082,0.066258,0.096802,0.066445,0.065341,0.067089,0.065332,0.065701,0.064338,0.066812,0.071044,0.066185,0.080456,0.091098,0.069386
0.070593,0.067836,0.072884,0.066999,0.068632,0.066856,0.067011,0.070321,0.067938,0.070713,0.068632,0.069736,0.069603,0.067697,0.069099,0.070082,0.069024,0.071594,0.066479,0.067497,0.070666,0.16823,0.067514,0.068484,0.069098,0.072888,0.079617,0.090507,0.068824,0.07443,0.070063,0.068722,0.067727,0.067286,0.070509,0.066965,0.072345,0.069679,0.0738,0.069748
0.068511,0.073378,0.066091,0.068374,0.07088,0.073926,0.067389,0.069774,0.068056,0.067307,0.067144,0.069056,0.072202,0.066934,0.068468,0.068292,0.062683,0.065197,0.066728,0.068352,0.068244,0.067176,0.069541,0.065632,0.065631,0.067516,0.063603,0.063875,0.11984,0.069069,0.082488,0.0782,0.07505,0.082304,0.080816,0.073331,0.067305,0.068583,0.071134,0.069501
0.071618,0.06795,0.070198,0.073545,0.070138,0.068312,0.067158,0.070268,0.069751,0.068306,0.067843,0.072136,0.067813,0.067669,0.083268,0.21994,0.092162,0.11625,0.088308,0.076287,0.080763,0.074217,0.079595,0.076814,0.086805,0.080884,0.084744,0.083186,0.12763,0.0753,0.071919,0.075073,0.076465,0.074026,0.077763,0.072801,0.074111,0.077745,0.075559,0.072319
0.074618,0.072111,0.073085,0.074487,0.073721,0.073098,0.074969,0.069216,0.070253,0.069126,0.068158,0.071898,0.069186,0.067401,0.070402,0.069703,0.066088,0.067039,0.069453,0.067361,0.070823,0.068337,0.068146,0.067106,0.066599,0.069052,0.067163,0.072893,0.066888,0.069685,0.067567,0.068875,0.070158,0.067627,0.068441,0.069631,0.071058,0.068979,0.11256,0.069338
0.070603,0.070793,0.066536,0.074084,0.075918,0.10085,0.072973,0.069388,0.069933,0.069919,0.070985,0.06798,0.067044,0.075403,0.072994,0.067213,0.07153,0.067441,0.067291,0.069038,0.069786,0.064455,0.072303,0.068041,0.071035,0.068609,0.067538,0.06699,0.069041,0.068539,0.0716,0.072833,0.066599,0.068213,0.071064,0.070835,0.067527,0.064164,0.064936,0.066798
