0.42958,0.37173,0.38376,0.39878,0.38216,0.37549,0.38325,0.37473,0.38144,0.39103,0.41011,0.39584,0.38752,0.38868,0.38165,0.3921,0.38604,0.38418,0.3862,0.39097,0.39411,0.42114,0.39037,0.40687,0.39461,0.39198,0.40194,0.39175,0.40618,0.40399,0.39599,0.38541,0.39009,0.38226,0.38451,0.38155,0.39655,0.38597,0.39617,0.39995
0.25383,0.23938,0.23885,0.24224,0.24308,0.24366,0.23881,0.24275,0.24123,0.24169,0.24732,0.24284,0.2433,0.2435,0.24384,0.23852,0.24109,0.24621,0.24306,0.24774,0.24481,0.23551,0.24748,0.23534,0.23933,0.24338,0.24157,0.2485,0.25186,0.24793,0.24644,0.24386,0.24894,0.24458,0.25362,0.24793,0.24417,0.23954,0.24727,0.24413
0.22272,0.21932,0.21561,0.20682,0.20671,0.20638,0.20895,0.20912,0.20949,0.2181,0.21762,0.21822,0.21869,0.21795,0.21967,0.21557,0.21457,0.21788,0.2168,0.21347,0.20896,0.20924,0.2094,0.20642,0.2111,0.20972,0.21725,0.21735,0.21965,0.22123,0.21986,0.21775,0.21886,0.21767,0.21749,0.21655,0.22206,0.22244,0.21423,0.21677
0.20796,0.20187,0.19976,0.20391,0.19921,0.20153,0.19973,0.20186,0.1981,0.20017,0.20549,0.20691,0.21267,0.20675,0.20839,0.21172,0.21482,0.21305,0.20952,0.20565,0.20935,0.21195,0.21327,0.20831,0.212,0.21171,0.20649,0.20487,0.20181,0.20232,0.20253,0.20406,0.20426,0.20668,0.20324,0.21518,0.21134,0.21117,0.20937,0.21621
0.20682,0.20609,0.20832,0.20684,0.20751,0.20625,0.214,0.20645,0.20844,0.20313,0.21126,0.21162,0.20663,0.21273,0.20745,0.20981,0.20649,0.20746,0.2055,0.20714,0.20503,0.20584,0.20519,0.20267,0.20499,0.19869,0.20525,0.1955,0.19802,0.20288,0.19812,0.20236,0.21909,0.20886,0.20643,0.20667,0.20653,0.20484,0.20797,0.2053
0.2032,0.2041,0.20681,0.20987,0.20549,0.20597,0.20034,0.20416,0.19345,0.19732,0.19796,0.19516,0.20387,0.20287,0.2016,0.20428,0.204,0.20275,0.19769,0.2034,0.20395,0.20549,0.20336,0.19415,0.20137,0.19618,0.19621,0.19502,0.19558,0.20045,0.20393,0.20526,0.207,0.20337,0.20362,0.20417,0.20796,0.20161,0.19606,0.194
0.19462,0.19187,0.1975,0.19224,0.19498,0.19849,0.2012,0.20367,0.2052,0.20222,0.20278,0.20582,0.20528,0.20316,0.20188,0.19982,0.1952,0.19406,0.19532,0.20612,0.20187,0.20406,0.2029,0.19985,0.20333,0.20057,0.19975,0.20072,0.20171,0.20245,0.19983,0.20144,0.19984,0.20318,0.19499,0.19345,0.19734,0.19858,0.19553,0.19504
0.19211,0.19081,0.20279,0.19893,0.20127,0.19891,0.20168,0.20311,0.19852,0.20077,0.20261,0.19994,0.20626,0.19152,0.19291,0.19412,0.19221,0.19045,0.19298,0.20165,0.19972,0.20323,0.20383,0.19933,0.20188,0.19959,0.19824,0.20322,0.19576,0.19615,0.19405,0.18988,0.19487,0.19829,0.19517,0.20067,0.19964,0.20462,0.2024,0.20134
0.20179,0.19981,0.20228,0.19379,0.19229,0.19065,0.19154,0.19033,0.19003,0.19201,0.20029,0.19957,0.2011,0.20351,0.20184,0.19869,0.2017,0.20062,0.2051,0.19893,0.20472,0.19672,0.19408,0.19317,0.1929,0.19359,0.1948,0.20283,0.20542,0.19972,0.20098,0.20196,0.20028,0.20453,0.19382,0.1939,0.19204,0.19137,0.19294,0.19043
0.20213,0.19842,0.19846,0.20177,0.20189,0.20188,0.20061,0.19623,0.20114,0.20108,0.2025,0.20292,0.19602,0.19852,0.20169,0.20019,0.19659,0.19302,0.19294,0.19287,0.19173,0.18974,0.19614,0.20471,0.20656,0.20077,0.19839,0.19968,0.19931,0.20056,0.20414,0.20042,0.20085,0.20001,0.20083,0.20016,0.19213,0.192,0.19361,0.19253
0.19009,0.19655,0.20242,0.20328,0.1987,0.19929,0.20331,0.20184,0.19683,0.19493,0.2008,0.19682,0.20106,0.19877,0.19835,0.19972,0.20012,0.20084,0.19739,0.19446,0.19434,0.19314,0.19214,0.19155,0.1878,0.19428,0.1997,0.20004,0.19911,0.2049,0.20103,0.20006,0.19701,0.20315,0.198,0.20002,0.20416,0.19873,0.20071,0.19654
0.19807,0.19763,0.19832,0.193,0.19153,0.19173,0.1915,0.18858,0.19086,0.1971,0.19984,0.20239,0.20389,0.19824,0.20264,0.19785,0.19713,0.19708,0.19834,0.19555,0.19035,0.19118,0.19408,0.19105,0.19683,0.18763,0.19772,0.20387,0.20111,0.20095,0.19778,0.19636,0.2057,0.19831,0.20111,0.19727,0.19819,0.20058,0.19708,0.19837
0.19565,0.1973,0.18997,0.18643,0.19088,0.19043,0.18945,0.19307,0.1955,0.1984,0.20469,0.20002,0.20124,0.19719,0.21657,0.19661,0.20045,0.20418,0.19668,0.19779,0.19621,0.20348,0.19798,0.19248,0.1938,0.19285,0.19069,0.20217,0.19122,0.19215,0.20171,0.2009,0.20548,0.19627,0.20111,0.20129,0.19864,0.19962,0.19899,0.19198
0.19459,0.18756,0.19254,0.19317,0.18923,0.19154,0.1875,0.19953,0.20734,0.19803,0.1954,0.19738,0.20185,0.19833,0.20043,0.19921,0.19685,0.19944,0.192,0.18678,0.18688,0.19141,0.18844,0.19828,0.19184,0.19038,0.19392,0.19701,0.20035,0.19672,0.20024,0.1998,0.19795,0.19849,0.1979,0.19066,0.19014,0.1897,0.19399,0.18912
0.19304,0.18982,0.18725,0.19559,0.19876,0.20129,0.20489,0.19797,0.20029,0.19578,0.19653,0.19877,0.1998,0.2004,0.19757,0.19112,0.1881,0.18794,0.19474,0.19115,0.19244,0.19231,0.18783,0.18884,0.19733,0.19701,0.19871,0.19942,0.20171,0.20029,0.19828,0.19882,0.19595,0.18987,0.1911,0.1931,0.19415,0.19465,0.1902,0.19213
0.19132,0.18889,0.18853,0.18868,0.19683,0.20334,0.198,0.19906,0.19796,0.1986,0.19637,0.19813,0.19008,0.19009,0.19733,0.1928,0.19028,0.19106,0.19224,0.18817,0.18953,0.19214,0.1932,0.19745,0.19681,0.19876,0.19433,0.18775,0.19167,0.1909,0.19142,0.19243,0.19466,0.18994,0.18913,0.195,0.20239,0.19482,0.1983,0.19686
0.19723,0.19068,0.19068,0.19251,0.18579,0.19187,0.18852,0.18761,0.1886,0.19624,0.19245,0.19597,0.19287,0.19618,0.19649,0.20212,0.19844,0.20206,0.19505,0.19826,0.19076,0.19341,0.19457,0.18649,0.1901,0.19181,0.19096,0.19691,0.19227,0.19253,0.19927,0.19963,0.19716,0.19962,0.20001,0.19663,0.20063,0.18993,0.18951,0.19046
0.18919,0.19146,0.18958,0.18912,0.19169,0.18877,0.18714,0.19057,0.20075,0.2012,0.20326,0.20001,0.2004,0.1883,0.18848,0.19032,0.1886,0.19326,0.19209,0.18965,0.18996,0.19019,0.19442,0.19042,0.18793,0.19495,0.2012,0.20109,0.20149,0.19859,0.19939,0.19284,0.18848,0.19427,0.18783,0.18797,0.1884,0.18808,0.19234,0.19219
0.19387,0.19904,0.1998,0.19969,0.19656,0.19643,0.19894,0.19735,0.19819,0.20085,0.19617,0.19046,0.1914,0.18993,0.19029,0.19066,0.19439,0.18632,0.1961,0.19212,0.1887,0.19278,0.1893,0.19741,0.20212,0.19878,0.20009,0.19909,0.1975,0.19247,0.19117,0.18905,0.19367,0.19065,0.19113,0.19042,0.19225,0.188,0.19367,0.19604
0.20053,0.19945,0.19911,0.19863,0.19708,0.19848,0.18876,0.18884,0.18806,0.19047,0.18982,0.19069,0.1953,0.19265,0.19267,0.19192,0.19122,0.18783,0.19082,0.19667,0.19759,0.19798,0.19855,0.20209,0.20022,0.20063,0.18831,0.1894,0.18999,0.19151,0.19414,0.19133,0.1892,0.19033,0.18778,0.19777,0.19988,0.2007,0.20252,0.197
0.19991,0.20019,0.19725,0.20201,0.19089,0.1912,0.19283,0.19002,0.19218,0.18944,0.19243,0.19911,0.19989,0.19994,0.19992,0.20032,0.20025,0.21149,0.19501,0.1881,0.18908,0.19203,0.18868,0.18914,0.19248,0.192,0.20441,0.1974,0.19787,0.20244,0.19504,0.19901,0.19641,0.1928,0.18977,0.18927,0.19195,0.1883,0.19113,0.18932
0.19757,0.20143,0.1975,0.19845,0.20695,0.19775,0.1994,0.20234,0.19605,0.20716,0.19941,0.20404,0.20033,0.20141,0.1974,0.18926,0.19153,0.19328,0.18605,0.19423,0.19024,0.19201,0.19387,0.18962,0.18754,0.19363,0.1962,0.20133,0.19905,0.20058,0.19623,0.19935,0.19496,0.19117,0.18951,0.19178,0.18911,0.18998,0.1904,0.19816
0.20697,0.19735,0.20482,0.20117,0.19765,0.19831,0.191,0.18932,0.19029,0.18855,0.19474,0.19037,0.19321,0.19321,0.18787,0.19227,0.18973,0.1948,0.19125,0.19488,0.19959,0.19715,0.19795,0.1975,0.19778,0.19648,0.20036,0.18902,0.19068,0.19126,0.19106,0.18692,0.19141,0.19469,0.19007,0.19261,0.1887,0.18855,0.19998,0.19938
0.19714,0.19844,0.19893,0.19954,0.19701,0.19001,0.19225,0.18818,0.18955,0.19108,0.19115,0.18625,0.18768,0.19311,0.19684,0.19686,0.19848,0.20049,0.19958,0.1997,0.19766,0.19267,0.18769,0.1879,0.19282,0.19018,0.19095,0.19095,0.18983,0.19001,0.19802,0.19776,0.19894,0.19827,0.19897,0.20001,0.20068,0.19456,0.18608,0.18955
0.19439,0.18814,0.19142,0.18914,0.18873,0.19,0.18639,0.19006,0.20921,0.19804,0.19584,0.19904,0.20226,0.19778,0.19581,0.19742,0.19665,0.19044,0.1918,0.18631,0.19011,0.18891,0.19202,0.19046,0.19031,0.19222,0.19319,0.19402,0.1986,0.19809,0.19748,0.19885,0.19636,0.19886,0.19203,0.18879,0.19243,0.18713,0.19249,0.19123
0.18803,0.19083,0.19065,0.18908,0.20136,0.19858,0.20182,0.19472,0.19827,0.1954,0.19683,0.19619,0.19896,0.19428,0.19133,0.19288,0.18792,0.19254,0.18981,0.18824,0.1895,0.19063,0.20032,0.1959,0.19559,0.19891,0.2,0.19694,0.19642,0.19104,0.18779,0.19006,0.19175,0.19012,0.19057,0.19752,0.19539,0.19763,0.19915,0.20247
0.19741,0.20244,0.20021,0.19573,0.19296,0.19777,0.19052,0.18818,0.19034,0.18935,0.18993,0.18958,0.18961,0.19069,0.19141,0.19117,0.18867,0.19562,0.19289,0.19623,0.19755,0.19919,0.19753,0.19858,0.19312,0.18973,0.1935,0.19167,0.19201,0.1907,0.19274,0.18578,0.18793,0.18958,0.1888,0.19359,0.19653,0.1988,0.20228,0.19997
0.19525,0.19922,0.19681,0.18985,0.1897,0.18928,0.19188,0.1864,0.19009,0.18946,0.18675,0.18798,0.19864,0.19903,0.19903,0.1984,0.19752,0.19646,0.19115,0.19045,0.18593,0.19166,0.19017,0.18879,0.18993,0.19242,0.206,0.20161,0.19569,0.20028,0.20536,0.19357,0.20153,0.19636,0.20057,0.18873,0.19333,0.18809,0.19039,0.18717
0.19021,0.18769,0.19463,0.18997,0.19248,0.19541,0.19678,0.19872,0.20775,0.19708,0.20042,0.19792,0.19259,0.1875,0.19213,0.1871,0.18976,0.18962,0.18988,0.19044,0.18979,0.19132,0.19113,0.1892,0.18882,0.19807,0.20337,0.19523,0.19743,0.19661,0.1975,0.20078,0.19037,0.19362,0.19162,0.1909,0.19224,0.18819,0.18926,0.19271
0.19795,0.2028,0.19554,0.20613,0.20019,0.19038,0.19167,0.19302,0.18823,0.19357,0.19455,0.20014,0.18786,0.1884,0.18759,0.19082,0.19596,0.18846,0.18706,0.18721,0.18975,0.20215,0.1998,0.19793,0.20022,0.1957,0.19819,0.19859,0.19287,0.19069,0.18992,0.19029,0.19262,0.19492,0.19342,0.19575,0.19922,0.20245,0.20009,0.20301
0.19406,0.18893,0.18613,0.18972,0.19079,0.19,0.19232,0.19275,0.18886,0.18761,0.19043,0.1883,0.19864,0.2032,0.19604,0.20113,0.19478,0.19928,0.1949,0.2019,0.19403,0.19036,0.19115,0.19113,0.19079,0.19055,0.18885,0.19158,0.18984,0.18986,0.18927,0.19285,0.1927,0.19081,0.19614,0.1893,0.19379,0.19728,0.20427,0.19786
0.19706,0.19533,0.1958,0.19215,0.1923,0.19035,0.19527,0.19078,0.19011,0.18783,0.19107,0.19135,0.19396,0.18862,0.19718,0.1969,0.19675,0.19797,0.19692,0.19866,0.20061,0.1926,0.19241,0.18862,0.19038,0.19301,0.19231,0.18764,0.1902,0.19979,0.1973,0.19634,0.19719,0.20179,0.19777,0.19955,0.19251,0.19344,0.18894,0.18652
0.19205,0.19025,0.19085,0.19239,0.19814,0.2003,0.20129,0.20066,0.1975,0.19808,0.19844,0.19146,0.19208,0.18847,0.19216,0.19359,0.18899,0.19142,0.19322,0.19003,0.19585,0.199,0.19772,0.19983,0.19561,0.20403,0.19839,0.19584,0.19956,0.1918,0.19044,0.188,0.18751,0.19277,0.19035,0.19146,0.19156,0.18895,0.19145,0.18961
0.19623,0.19958,0.20082,0.20457,0.1991,0.20018,0.19052,0.18987,0.18975,0.18931,0.19002,0.18924,0.19454,0.19128,0.19057,0.18848,0.19217,0.18923,0.1961,0.20134,0.20456,0.19751,0.19949,0.19719,0.19532,0.1978,0.19997,0.19492,0.18855,0.18963,0.18628,0.19364,0.1939,0.18873,0.19945,0.19578,0.19939,0.19983,0.20419,0.19761
0.19826,0.19468,0.20099,0.19505,0.1888,0.18746,0.18639,0.18821,0.1923,0.18726,0.19254,0.19006,0.18928,0.19293,0.18877,0.19671,0.20139,0.19729,0.1986,0.19822,0.20058,0.198,0.19862,0.19575,0.18955,0.19042,0.18922,0.1906,0.19373,0.19052,0.19162,0.19054,0.1868,0.20141,0.19479,0.19993,0.19944,0.20278,0.19739,0.19824
0.2023,0.19991,0.19421,0.19455,0.19012,0.186,0.18885,0.18697,0.18676,0.19154,0.19052,0.20449,0.19666,0.19716,0.19897,0.20147,0.19781,0.19917,0.19582,0.18878,0.1923,0.19043,0.19185,0.18996,0.19236,0.19114,0.189,0.1913,0.18666,0.2043,0.19739,0.20048,0.1987,0.19993,0.19974,0.19866,0.19116,0.19236,0.1956,0.18976
0.19005,0.18819,0.19402,0.19725,0.1989,0.20033,0.19537,0.20438,0.19654,0.19602,0.19834,0.18862,0.18957,0.18898,0.19055,0.19405,0.1927,0.19058,0.18811,0.19062,0.19565,0.18835,0.19248,0.19874,0.19865,0.20199,0.19704,0.19837,0.19782,0.19641,0.20033,0.19434,0.19266,0.1892,0.18831,0.19044,0.19073,0.19016,0.19027,0.19023
0.19274,0.19734,0.20064,0.19794,0.19553,0.19845,0.19557,0.1969,0.19679,0.19765,0.18967,0.19271,0.1905,0.19342,0.1901,0.19308,0.18954,0.18704,0.19063,0.19339,0.19952,0.1997,0.20065,0.19736,0.1983,0.19815,0.19862,0.19831,0.20019,0.19697,0.19265,0.19227,0.19051,0.1927,0.19012,0.1891,0.19177,0.19372,0.18871,0.19225
0.18967,0.19865,0.19671,0.20179,0.2015,0.19745,0.20106,0.19993,0.18952,0.1901,0.18823,0.18789,0.19015,0.19224,0.19381,0.19424,0.18718,0.19125,0.18912,0.19142,0.20271,0.19917,0.19968,0.19836,0.19798,0.18988,0.18683,0.19404,0.19156,0.19058,0.18762,0.18823,0.18818,0.20459,0.19672,0.19645,0.19934,0.20236,0.19786,0.19662
0.19398,0.18996,0.18857,0.18895,0.19057,0.19155,0.18778,0.18996,0.19095,0.19017,0.19288,0.19462,0.19206,0.19435,0.19631,0.19133,0.18981,0.19396,0.20247,0.20271,0.19683,0.20022,0.19965,0.19812,0.19832,0.19116,0.19237,0.1906,0.18861,0.1926,0.18969,0.18946,0.18808,0.20334,0.19623,0.19894,0.19956,0.19838,0.19722,0.19763
