0.27772,0.22731,0.22173,0.20531,0.23347,0.22565,0.18567,0.22296,0.22308,0.21931,0.19875,0.19106,0.18253,0.19015,0.2339,0.18633,0.18919,0.2351,0.23838,0.25005,0.29083,0.29704,0.28984,0.23875,0.23881,0.21792,0.25583,0.22713,0.22062,0.20652,0.25606,0.22454,0.23117,0.20826,0.24116,0.22962,0.19881,0.20296,0.21428,0.20182
0.12378,0.10546,0.11417,0.098775,0.10409,0.098748,0.098733,0.096124,0.0953,0.1172,0.092114,0.094349,0.093368,0.095251,0.092499,0.09504,0.092948,0.091875,0.092017,0.086751,0.092607,0.090274,0.085875,0.087999,0.089187,0.092275,0.090365,0.094406,0.084912,0.084824,0.085871,0.084476,0.089189,0.083347,0.088755,0.081568,0.085407,0.085741,0.084031,0.08552
0.075397,0.072344,0.072704,0.072527,0.0736,0.070278,0.072382,0.070661,0.071658,0.074706,0.074739,0.071887,0.072272,0.071979,0.072413,0.094197,0.073026,0.074769,0.072152,0.072105,0.073126,0.071785,0.072707,0.071238,0.074982,0.07772,0.084564,0.10839,0.08395,0.079322,0.08233,0.076022,0.081635,0.0772,0.078876,0.079131,0.082935,0.078842,0.076184,0.08297
0.073685,0.072263,0.078028,0.075411,0.072358,0.073467,0.072858,0.074998,0.077785,0.08357,0.079779,0.08119,0.094674,0.096965,0.087865,0.0828,0.095831,0.086904,0.077978,0.076979,0.099579,0.07956,0.075928,0.078979,0.084874,0.087353,0.084429,0.085708,0.097835,0.095755,0.10705,0.087898,0.081093,0.082648,0.080138,0.077697,0.078034,0.079397,0.083901,0.084137
0.083175,0.077288,0.087528,0.074598,0.076109,0.079721,0.076127,0.073319,0.070917,0.073336,0.069949,0.073319,0.077942,0.072265,0.074706,0.07378,0.07301,0.075749,0.06921,0.06987,0.069765,0.070131,0.068927,0.071364,0.067418,0.066733,0.072346,0.095423,0.070902,0.065533,0.067296,0.06711,0.066165,0.067443,0.066322,0.065874,0.066981,0.067751,0.080367,0.09806
0.084024,0.070901,0.073397,0.086642,0.072836,0.075938,0.070287,0.075368,0.069432,0.067198,0.06942,0.070687,0.067105,0.069707,0.074356,0.071693,0.067948,0.06968,0.070711,0.068617,0.069656,0.068677,0.0679,0.072744,0.091407,0.098246,0.093493,0.097798,0.089263,0.097406,0.090934,0.090978,0.10029,0.080641,0.11116,0.096656,0.1049,0.11032,0.10297,0.10461
0.096373,0.092842,0.097927,0.089935,0.08879,0.087935,0.083876,0.088653,0.079147,0.082595,0.079551,0.07959,0.078811,0.075804,0.081591,0.08757,0.095918,0.087177,0.07602,0.073057,0.07376,0.073917,0.074241,0.071344,0.073398,0.079944,0.078735,0.085744,0.073973,0.074826,0.077515,0.082978,0.073048,0.074199,0.075154,0.074186,0.07175,0.073717,0.071297,0.06932
0.066307,0.091617,0.06731,0.066276,0.066495,0.065818,0.066919,0.068094,0.065122,0.067562,0.066482,0.065896,0.066749,0.063931,0.064745,0.064917,0.062382,0.063311,0.064309,0.065423,0.066846,0.064026,0.064115,0.065318,0.062319,0.063703,0.065251,0.0745,0.064755,0.064416,0.062464,0.064898,0.0742,0.066492,0.069803,0.069176,0.07703,0.078563,0.070671,0.073612
0.07185,0.075757,0.0718,0.069389,0.070232,0.078283,0.066651,0.094015,0.073254,0.072996,0.076828,0.066555,0.064767,0.065253,0.067163,0.06678,0.064476,0.064699,0.074964,0.070319,0.068323,0.072351,0.063962,0.067016,0.065654,0.065963,0.063778,0.062888,0.065457,0.069054,0.064911,0.063881,0.062792,0.071674,0.071904,0.073575,0.068048,0.06236,0.072564,0.068191
0.064951,0.063953,0.068426,0.074443,0.065036,0.066563,0.070936,0.067662,0.075008,0.076928,0.072205,0.064479,0.074039,0.094662,0.072119,0.076012,0.06604,0.074299,0.071537,0.076493,0.071912,0.065691,0.066562,0.070995,0.070873,0.066285,0.064429,0.066776,0.071206,0.073616,0.071021,0.073282,0.064865,0.068531,0.073484,0.07351,0.065881,0.065429,0.068064,0.061662
0.070737,0.070079,0.062982,0.062139,0.065406,0.063963,0.062036,0.070543,0.065553,0.06418,0.063511,0.065935,0.069169,0.063842,0.06204,0.062235,0.064728,0.069702,0.068733,0.088183,0.06537,0.06636,0.064587,0.062161,0.074748,0.062594,0.064144,0.081371,0.063565,0.071671,0.085325,0.084214,0.069574,0.065053,0.065985,0.073551,0.077457,0.087544,0.088145,0.099115
0.079006,0.08413,0.099445,0.088287,0.06997,0.079939,0.068656,0.070572,0.071226,0.075184,0.073858,0.078846,0.071764,0.070418,0.066181,0.065482,0.066403,0.067849,0.064548,0.068935,0.06646,0.069775,0.069491,0.066491,0.068316,0.066907,0.090886,0.075741,0.071318,0.06587,0.076605,0.067347,0.066993,0.070072,0.08146,0.06611,0.064217,0.070006,0.068317,0.068048
0.070143,0.064578,0.068259,0.073264,0.064831,0.071517,0.084791,0.068105,0.076566,0.066084,0.066662,0.068526,0.069895,0.06818,0.069151,0.06808,0.066252,0.068728,0.075964,0.06663,0.070584,0.07275,0.065156,0.076108,0.074177,0.080699,0.085854,0.093723,0.073632,0.081913,0.090928,0.07229,0.073354,0.11855,0.079498,0.082744,0.078122,0.072928,0.075879,0.076845
0.072553,0.067531,0.08006,0.072333,0.069814,0.072204,0.070604,0.075664,0.067283,0.065831,0.070427,0.071239,0.084177,0.082909,0.083344,0.079669,0.077837,0.078322,0.10163,0.093661,0.093551,0.091515,0.10788,0.075196,0.076606,0.078689,0.070233,0.088321,0.084058,0.070347,0.070057,0.072425,0.067202,0.071297,0.068953,0.068064,0.069004,0.066879,0.070785,0.069977
0.10584,0.065936,0.064003,0.065942,0.077706,0.074538,0.079733,0.082144,0.0737,0.076027,0.071688,0.071344,0.070112,0.068333,0.068658,0.072452,0.068598,0.070503,0.070523,0.072514,0.067431,0.067218,0.077174,0.069338,0.066823,0.068364,0.07126,0.068496,0.069277,0.071338,0.065751,0.066182,0.068985,0.07113,0.068206,0.062488,0.064022,0.063229,0.061615,0.06343
0.063289,0.062766,0.060102,0.061073,0.061876,0.065521,0.06442,0.086498,0.063775,0.063241,0.061213,0.06148,0.064767,0.062121,0.06205,0.061616,0.061832,0.062796,0.063198,0.061378,0.062941,0.062408,0.061493,0.060492,0.063548,0.063583,0.06283,0.062117,0.061556,0.064859,0.061543,0.060875,0.061513,0.063266,0.060142,0.061362,0.059926,0.059695,0.058424,0.058885
0.060812,0.060187,0.058313,0.060521,0.058719,0.05982,0.058502,0.058026,0.059013,0.059714,0.059326,0.059342,0.058467,0.079844,0.058133,0.059117,0.060335,0.059333,0.060655,0.059153,0.060674,0.061216,0.059589,0.059278,0.05905,0.060334,0.063375,0.069003,0.072411,0.069735,0.071144,0.062305,0.066761,0.07022,0.06695,0.065437,0.068514,0.061456,0.063157,0.061961
0.060089,0.063181,0.06112,0.061456,0.061261,0.063286,0.064439,0.064654,0.075439,0.080307,0.068946,0.067727,0.065061,0.065901,0.080694,0.069273,0.063976,0.08587,0.080308,0.074655,0.11178,0.067548,0.074727,0.077685,0.074619,0.077291,0.075518,0.075215,0.072145,0.06889,0.071586,0.068033,0.063862,0.064662,0.064344,0.067846,0.063363,0.066411,0.064919,0.064834
0.062973,0.060892,0.060338,0.06188,0.064652,0.063734,0.061972,0.063261,0.068269,0.076134,0.0777,0.063536,0.065981,0.064884,0.070527,0.062465,0.063107,0.070047,0.067591,0.065652,0.064795,0.061484,0.064873,0.062752,0.06085,0.060028,0.092822,0.067289,0.06353,0.067866,0.066108,0.067065,0.064706,0.063551,0.062878,0.065502,0.063354,0.064313,0.062758,0.06339
0.064675,0.064312,0.069386,0.066086,0.064958,0.065883,0.062384,0.062444,0.062499,0.062703,0.06217,0.061043,0.062505,0.062971,0.062536,0.066076,0.070394,0.065915,0.06693,0.063876,0.063939,0.064417,0.061873,0.063796,0.065313,0.06216,0.062105,0.061372,0.062811,0.072654,0.063773,0.065285,0.091902,0.066721,0.066192,0.06805,0.071173,0.063685,0.062208,0.061781
0.073823,0.084528,0.080959,0.071913,0.070922,0.070799,0.068483,0.068128,0.079835,0.070108,0.071385,0.068406,0.075907,0.072152,0.070733,0.072968,0.070772,0.06458,0.067626,0.064933,0.067245,0.065603,0.06468,0.064485,0.066433,0.06901,0.066537,0.076854,0.06552,0.068256,0.0656,0.064987,0.066698,0.065151,0.064029,0.062907,0.065002,0.063363,0.079193,0.078518
0.071461,0.07916,0.070366,0.075253,0.067895,0.074912,0.069111,0.068692,0.071164,0.070908,0.068452,0.072288,0.066285,0.068333,0.065236,0.065156,0.063735,0.065957,0.064721,0.064641,0.064367,0.069514,0.074429,0.066832,0.069191,0.0625,0.065201,0.06489,0.075313,0.06732,0.068364,0.070392,0.067324,0.061851,0.065227,0.065888,0.067727,0.081593,0.080497,0.080463
0.077065,0.084443,0.068559,0.080422,0.075259,0.069056,0.10106,0.068467,0.07332,0.067518,0.07083,0.068613,0.069537,0.076325,0.069838,0.075175,0.07263,0.07478,0.069977,0.072662,0.088098,0.081796,0.068926,0.067186,0.073443,0.090945,0.073343,0.067772,0.071058,0.077262,0.10052,0.083162,0.078748,0.069994,0.068022,0.06779,0.07877,0.083577,0.083397,0.078741
0.073179,0.081091,0.086199,0.084203,0.08227,0.075036,0.075367,0.079936,0.083975,0.075769,0.0733,0.07366,0.087537,0.072253,0.072595,0.072959,0.072663,0.075881,0.073276,0.068997,0.070692,0.068393,0.066722,0.068776,0.068401,0.068626,0.070206,0.067657,0.067002,0.066157,0.068584,0.067646,0.071154,0.070953,0.068193,0.065755,0.065817,0.064273,0.065035,0.065349
0.06437,0.072451,0.064498,0.064877,0.064438,0.063474,0.064241,0.067052,0.066493,0.062728,0.061102,0.060139,0.061806,0.060141,0.063957,0.066209,0.060785,0.06437,0.091919,0.068658,0.067834,0.070628,0.079298,0.06368,0.06256,0.060605,0.061197,0.062537,0.061044,0.064848,0.063106,0.067639,0.066101,0.064417,0.063355,0.064187,0.061195,0.064426,0.063281,0.061446
0.06314,0.060961,0.065665,0.062025,0.062593,0.063342,0.063222,0.061232,0.060954,0.061327,0.061409,0.062917,0.063556,0.063116,0.063764,0.064196,0.061196,0.063063,0.063742,0.063668,0.06205,0.061237,0.061808,0.065834,0.084232,0.061328,0.062914,0.061856,0.066118,0.067177,0.061497,0.061398,0.063031,0.06171,0.061976,0.063341,0.063253,0.061389,0.062264,0.062479
0.06242,0.062695,0.062017,0.061389,0.060697,0.063014,0.062088,0.062065,0.063466,0.066233,0.065611,0.066041,0.066972,0.065853,0.063754,0.063081,0.064308,0.065295,0.063428,0.064258,0.067009,0.069879,0.068332,0.070425,0.06861,0.068707,0.067853,0.067087,0.065134,0.065794,0.066616,0.088232,0.065772,0.064855,0.060978,0.065535,0.062089,0.062224,0.064198,0.064908
0.064012,0.062618,0.060245,0.068559,0.060608,0.063018,0.063418,0.062597,0.064144,0.064856,0.062397,0.067813,0.063153,0.06331,0.06146,0.062746,0.061663,0.062247,0.062046,0.066761,0.061421,0.064497,0.065371,0.062006,0.061746,0.060875,0.066348,0.062764,0.064017,0.060962,0.061239,0.066042,0.062096,0.065419,0.062964,0.063687,0.062243,0.062678,0.087781,0.061001
0.063641,0.062887,0.063172,0.062545,0.064886,0.062041,0.064946,0.061378,0.065305,0.061043,0.061507,0.063164,0.059867,0.061997,0.06469,0.062387,0.062701,0.063599,0.068264,0.063404,0.065861,0.064985,0.065591,0.064994,0.065313,0.067053,0.06825,0.069729,0.066372,0.068089,0.063894,0.061161,0.061178,0.061922,0.062946,0.063363,0.061576,0.063003,0.06478,0.062538
0.062567,0.062609,0.06421,0.078488,0.06062,0.062298,0.063056,0.06247,0.062014,0.061646,0.064564,0.059787,0.059741,0.065112,0.061301,0.062004,0.06041,0.062815,0.062069,0.060483,0.062061,0.061178,0.068138,0.063716,0.060313,0.067303,0.063749,0.06106,0.060296,0.062677,0.062864,0.061542,0.061634,0.062155,0.063114,0.060715,0.061422,0.062029,0.060339,0.060633
0.062782,0.061682,0.062111,0.058774,0.062086,0.061937,0.062781,0.06041,0.061659,0.067936,0.068586,0.10116,0.078152,0.068784,0.070299,0.071479,0.071231,0.074375,0.069448,0.070894,0.067449,0.063734,0.067506,0.066877,0.079299,0.076441,0.074363,0.072704,0.064049,0.062721,0.065484,0.065763,0.065374,0.063919,0.065952,0.06563,0.066106,0.066481,0.065985,0.064746
0.071628,0.065033,0.068279,0.065671,0.064839,0.065328,0.068024,0.065242,0.065192,0.064185,0.067018,0.064868,0.065064,0.066919,0.065965,0.068882,0.091616,0.06687,0.064695,0.065732,0.066071,0.063389,0.066702,0.065998,0.063649,0.063201,0.065167,0.06406,0.068003,0.065015,0.067617,0.070905,0.071751,0.064834,0.065746,0.066401,0.067429,0.065739,0.065479,0.06789
0.069207,0.067942,0.068161,0.075128,0.08022,0.072972,0.067254,0.066145,0.069074,0.072095,0.071422,0.069305,0.067753,0.064013,0.065111,0.070474,0.074858,0.07218,0.065202,0.064593,0.069647,0.068335,0.08064,0.097125,0.073674,0.067519,0.066298,0.064339,0.06497,0.067568,0.064491,0.067522,0.065444,0.066655,0.066419,0.06814,0.069229,0.074285,0.067777,0.067533
0.065283,0.063584,0.062559,0.065913,0.064172,0.065457,0.066829,0.065242,0.068617,0.064784,0.065186,0.064769,0.066408,0.073809,0.066196,0.064917,0.066021,0.06293,0.06478,0.063645,0.065386,0.064272,0.065055,0.068202,0.061852,0.063275,0.066731,0.064409,0.062818,0.062781,0.091091,0.063705,0.067133,0.070006,0.067177,0.071647,0.064933,0.081259,0.069843,0.06794
0.065035,0.06736,0.064996,0.068153,0.074314,0.075993,0.076714,0.066262,0.069606,0.067223,0.072511,0.078226,0.077482,0.066229,0.07145,0.0697,0.092195,0.078882,0.07642,0.07158,0.069877,0.068052,0.068506,0.068521,0.067809,0.068106,0.070573,0.067468,0.070814,0.068988,0.068401,0.069591,0.069058,0.067701,0.065982,0.068993,0.096219,0.066417,0.066261,0.072625
0.070394,0.068069,0.06582,0.068053,0.070228,0.065706,0.068428,0.069058,0.063175,0.061973,0.064721,0.062518,0.066292,0.065662,0.064253,0.064271,0.062624,0.064432,0.066895,0.070615,0.07055,0.069347,0.068653,0.07024,0.071576,0.06952,0.068442,0.06895,0.068068,0.0771,0.080793,0.07704,0.070174,0.077567,0.073202,0.077832,0.074897,0.090892,0.080399,0.072982
0.069627,0.073359,0.1096,0.091383,0.076379,0.075987,0.069555,0.068034,0.070412,0.067472,0.068199,0.071957,0.069447,0.067864,0.068618,0.06941,0.071342,0.068578,0.066923,0.068404,0.066964,0.066508,0.0683,0.069494,0.069772,0.068694,0.06902,0.069267,0.06604,0.064681,0.067932,0.072883,0.067307,0.066115,0.065267,0.063477,0.063716,0.065279,0.066967,0.063388
0.064828,0.064698,0.062964,0.065117,0.063533,0.065285,0.065687,0.064209,0.089398,0.064641,0.064675,0.065879,0.066223,0.070155,0.077555,0.069831,0.071452,0.064272,0.068237,0.068299,0.067229,0.073674,0.069598,0.067049,0.06288,0.065064,0.066268,0.064754,0.066295,0.067344,0.067574,0.065875,0.064924,0.065367,0.067705,0.073152,0.071036,0.072842,0.066192,0.066247
0.066243,0.06764,0.067936,0.070155,0.069119,0.064644,0.066551,0.0645,0.065352,0.064481,0.066787,0.069458,0.069777,0.079455,0.099328,0.066286,0.064177,0.070405,0.071159,0.08077,0.07185,0.068219,0.065126,0.065306,0.066493,0.06702,0.066034,0.066113,0.080257,0.082476,0.083879,0.069199,0.068337,0.072574,0.072107,0.068798,0.073678,0.070222,0.078764,0.074294
0.075986,0.068187,0.067967,0.067611,0.067963,0.068214,0.066302,0.068703,0.070236,0.072687,0.074843,0.082035,0.082717,0.085259,0.08171,0.091014,0.081876,0.075079,0.077206,0.073975,0.074338,0.095979,0.070554,0.071468,0.0732,0.073881,0.073605,0.073519,0.070852,0.069563,0.072673,0.070687,0.070492,0.065424,0.066799,0.067894,0.072612,0.081239,0.078516,0.072252
