0.06939,0.059041,0.062722,0.052639,0.054681,0.055306,0.053513,0.052297,0.052968,0.06266,0.052681,0.067729,0.056012,0.060263,0.062497,0.055634,0.057778,0.059343,0.054498,0.057604,0.054106,0.063988,0.055737,0.062398,0.060523,0.059103,0.058202,0.059906,0.055604,0.059245,0.06192,0.055393,0.056649,0.054992,0.052868,0.055675,0.059008,0.054907,0.055751,0.052884
0.042239,0.055995,0.038797,0.044327,0.039361,0.040287,0.041128,0.044327,0.040334,0.051971,0.054333,0.047574,0.035126,0.036397,0.038876,0.053628,0.047665,0.042983,0.042175,0.036922,0.037384,0.037525,0.036678,0.056342,0.041547,0.037216,0.036386,0.037147,0.038242,0.037515,0.036719,0.036438,0.043798,0.036473,0.037314,0.048246,0.050437,0.046706,0.038786,0.045857
0.033894,0.033076,0.036852,0.033419,0.035299,0.040824,0.032526,0.041797,0.033535,0.033092,0.032684,0.038057,0.038493,0.041494,0.038792,0.032372,0.032565,0.032207,0.051467,0.032749,0.031771,0.049856,0.049441,0.056398,0.034071,0.031675,0.032449,0.035504,0.032277,0.03242,0.032005,0.050089,0.048129,0.048958,0.051865,0.032367,0.047614,0.058263,0.036504,0.032991
0.030389,0.039627,0.031258,0.042632,0.030441,0.031331,0.054253,0.032538,0.030263,0.048589,0.050211,0.058303,0.030329,0.030496,0.034902,0.043097,0.033975,0.05692,0.040488,0.037172,0.039789,0.037003,0.03408,0.031126,0.034748,0.03113,0.033239,0.032708,0.032369,0.037901,0.034949,0.044392,0.0377,0.031378,0.049795,0.03219,0.032772,0.031443,0.031092,0.053283
0.035531,0.028961,0.029688,0.048092,0.052495,0.055461,0.037864,0.029538,0.029507,0.031426,0.053267,0.03663,0.031085,0.030186,0.035085,0.036383,0.036824,0.030211,0.03107,0.031178,0.029964,0.055243,0.030784,0.053375,0.029661,0.034761,0.044296,0.036939,0.035731,0.048162,0.033778,0.032186,0.052047,0.056698,0.030413,0.030722,0.03123,0.054195,0.030568,0.033768
0.049649,0.033445,0.032366,0.033113,0.030537,0.054633,0.030114,0.047757,0.05457,0.029928,0.055456,0.036873,0.033666,0.037555,0.036607,0.036869,0.055584,0.035259,0.0323,0.034681,0.044678,0.030811,0.050893,0.032191,0.03306,0.029467,0.05262,0.031372,0.052678,0.030689,0.053631,0.042744,0.041228,0.029678,0.036486,0.052219,0.029187,0.031844,0.053919,0.030044
0.032911,0.051608,0.037582,0.031437,0.03792,0.029002,0.032641,0.035602,0.035237,0.027612,0.029681,0.057719,0.029358,0.048221,0.048706,0.049471,0.035463,0.03926,0.03221,0.042025,0.037559,0.030926,0.055003,0.029711,0.031501,0.049391,0.051954,0.038592,0.029137,0.035788,0.029738,0.035173,0.03043,0.048806,0.055823,0.038448,0.031179,0.03152,0.029685,0.052263
0.028421,0.05052,0.035579,0.055214,0.028258,0.0338,0.030046,0.051048,0.03737,0.029515,0.051654,0.032252,0.051061,0.033337,0.053079,0.047669,0.050803,0.032515,0.029365,0.055784,0.028706,0.054428,0.02907,0.035542,0.030642,0.050444,0.04806,0.056596,0.028743,0.03278,0.056982,0.038294,0.040059,0.034091,0.040337,0.030302,0.028155,0.029722,0.058213,0.028011
0.036473,0.03009,0.052606,0.029371,0.050676,0.032388,0.051495,0.03608,0.031064,0.047043,0.055571,0.029141,0.055405,0.028991,0.048166,0.052462,0.050844,0.03126,0.053466,0.02826,0.054943,0.047972,0.032835,0.032061,0.054295,0.038985,0.031592,0.029364,0.030209,0.040033,0.029373,0.033201,0.029818,0.039184,0.039092,0.032897,0.02935,0.037201,0.029178,0.028786
0.029943,0.053022,0.045252,0.057747,0.029152,0.031023,0.050826,0.051917,0.053864,0.036906,0.030152,0.028485,0.061317,0.03419,0.038304,0.035858,0.037488,0.035848,0.04483,0.028682,0.047361,0.057135,0.030029,0.033576,0.031762,0.050066,0.050249,0.048681,0.053709,0.033593,0.051548,0.036293,0.027978,0.030197,0.050621,0.031178,0.055994,0.03706,0.029073,0.035239
0.029143,0.031182,0.051861,0.031696,0.052499,0.048431,0.035303,0.031513,0.051344,0.031256,0.046528,0.055307,0.031431,0.049861,0.035758,0.030952,0.047039,0.056392,0.031794,0.051128,0.054771,0.028947,0.037635,0.03628,0.027591,0.027962,0.039464,0.033421,0.031357,0.032908,0.029442,0.059221,0.02889,0.032333,0.03277,0.047753,0.031435,0.038327,0.02904,0.052842
0.029695,0.053812,0.03071,0.052835,0.03051,0.036435,0.029447,0.057286,0.027673,0.030913,0.03784,0.028837,0.056379,0.037763,0.0283,0.044968,0.04862,0.056743,0.028957,0.054453,0.029622,0.047697,0.055182,0.045807,0.035083,0.036126,0.038182,0.031768,0.033028,0.029291,0.03859,0.030318,0.03235,0.03607,0.03701,0.028733,0.028461,0.049343,0.037195,0.029599
0.040005,0.035112,0.027574,0.028976,0.058514,0.028286,0.037602,0.029542,0.029306,0.057171,0.030701,0.029568,0.037674,0.038862,0.028416,0.029296,0.049904,0.033373,0.033712,0.058445,0.027731,0.028584,0.050173,0.034712,0.03502,0.031473,0.032907,0.030831,0.036268,0.036167,0.030815,0.034051,0.03319,0.029456,0.036315,0.038989,0.02975,0.036566,0.029616,0.031487
0.038225,0.033297,0.028114,0.049513,0.048734,0.055359,0.049394,0.048973,0.049366,0.048561,0.0491,0.053971,0.031827,0.03807,0.029503,0.030676,0.053342,0.029369,0.053728,0.030451,0.053183,0.048663,0.048846,0.045462,0.053781,0.031439,0.049036,0.058118,0.037974,0.028006,0.028624,0.037249,0.029161,0.048812,0.054861,0.050087,0.047482,0.049693,0.033242,0.032283
0.058639,0.027551,0.029134,0.055525,0.03296,0.053067,0.032363,0.0323,0.032452,0.031764,0.048601,0.055207,0.040178,0.043691,0.037801,0.028457,0.02907,0.03384,0.030064,0.057873,0.027844,0.038481,0.035641,0.027234,0.030164,0.051146,0.056186,0.031139,0.028926,0.031481,0.054776,0.030366,0.05443,0.036286,0.027507,0.030517,0.052193,0.035268,0.028437,0.06019
0.029746,0.028046,0.038957,0.031766,0.046807,0.047556,0.054187,0.029833,0.040284,0.028949,0.032314,0.052492,0.031089,0.040727,0.028769,0.032495,0.030251,0.048181,0.053846,0.048989,0.035975,0.029736,0.052601,0.053381,0.029727,0.031602,0.035706,0.049708,0.030335,0.049,0.055896,0.030507,0.032066,0.048859,0.056206,0.02816,0.047902,0.055526,0.03062,0.053456
0.03386,0.030123,0.031138,0.047877,0.052799,0.035296,0.046969,0.056786,0.029621,0.03165,0.048741,0.051089,0.033855,0.047824,0.056063,0.028471,0.048958,0.049304,0.057091,0.050301,0.029383,0.030743,0.036178,0.031619,0.043168,0.037962,0.037905,0.029029,0.041256,0.027614,0.031528,0.052987,0.049566,0.042325,0.029383,0.027742,0.055346,0.028509,0.035427,0.029639
0.051171,0.047812,0.055694,0.029378,0.035425,0.035793,0.028133,0.034357,0.033413,0.039352,0.027947,0.035284,0.029225,0.03217,0.046441,0.030098,0.029845,0.029414,0.036195,0.02934,0.033041,0.035411,0.033274,0.030054,0.040789,0.028387,0.03578,0.029521,0.039287,0.027569,0.0375,0.028817,0.042187,0.028559,0.02845,0.035701,0.032054,0.051167,0.050217,0.055296
0.028505,0.032529,0.044701,0.028521,0.034112,0.026848,0.030656,0.035739,0.031695,0.036511,0.035961,0.027961,0.051913,0.049412,0.043449,0.029522,0.027337,0.029833,0.035337,0.037039,0.029067,0.039127,0.027246,0.038739,0.03596,0.027942,0.029546,0.037732,0.030225,0.041227,0.027395,0.030086,0.039529,0.030166,0.031161,0.040511,0.029345,0.031839,0.034718,0.030153
0.04266,0.027187,0.049246,0.049368,0.032527,0.051147,0.048501,0.036301,0.030652,0.037277,0.030043,0.033651,0.033384,0.035204,0.02938,0.035831,0.030756,0.035825,0.037609,0.028125,0.036086,0.033076,0.029404,0.036648,0.030112,0.039256,0.027857,0.03905,0.036274,0.027801,0.033961,0.029491,0.041046,0.028271,0.030386,0.037958,0.034862,0.027071,0.031124,0.036924
0.036606,0.028126,0.049473,0.04169,0.036146,0.030094,0.044957,0.032081,0.034035,0.035062,0.030031,0.035413,0.03688,0.034684,0.036117,0.028026,0.028505,0.035921,0.038637,0.028791,0.030583,0.056907,0.036613,0.027675,0.027125,0.042768,0.032351,0.028878,0.032335,0.045847,0.041921,0.029262,0.034283,0.030946,0.04034,0.027942,0.035217,0.029363,0.034612,0.039462
0.027642,0.034323,0.030801,0.0351,0.03473,0.029678,0.035742,0.032586,0.037068,0.028646,0.041841,0.027448,0.030983,0.059714,0.028497,0.04799,0.047573,0.050182,0.036484,0.034724,0.028703,0.034082,0.034127,0.035633,0.047515,0.048702,0.056697,0.035281,0.036144,0.03603,0.052622,0.055562,0.037601,0.028785,0.027868,0.034901,0.030331,0.035411,0.038278,0.034359
0.035101,0.027675,0.033471,0.035715,0.034779,0.027284,0.030081,0.041023,0.027526,0.037095,0.027467,0.036397,0.037694,0.028529,0.054246,0.028991,0.054537,0.037372,0.028619,0.033144,0.033469,0.028239,0.035995,0.04747,0.048825,0.063486,0.02908,0.035223,0.028954,0.028647,0.035169,0.031219,0.035752,0.029388,0.036132,0.039595,0.027478,0.046056,0.036986,0.032307
0.032448,0.037496,0.028565,0.037003,0.0319,0.03396,0.033699,0.0301,0.037858,0.029965,0.039129,0.027919,0.037141,0.028705,0.036643,0.030074,0.02933,0.027246,0.028601,0.029058,0.029845,0.028211,0.028756,0.028902,0.032513,0.028744,0.028852,0.031027,0.029766,0.028955,0.028305,0.030521,0.035263,0.030912,0.035365,0.033822,0.029388,0.029572,0.032043,0.030187
0.037503,0.030697,0.033936,0.027867,0.029319,0.02873,0.032569,0.028909,0.039997,0.033276,0.029722,0.036923,0.028953,0.027404,0.029733,0.030903,0.035641,0.031105,0.038388,0.028819,0.034741,0.029535,0.028946,0.029127,0.031878,0.030211,0.029538,0.030121,0.028931,0.036925,0.029763,0.028556,0.036796,0.0305,0.035581,0.028673,0.036747,0.030998,0.028852,0.027687
0.026755,0.035086,0.030073,0.036779,0.037825,0.02786,0.032846,0.030892,0.040019,0.02916,0.034477,0.033542,0.029424,0.037869,0.028697,0.03813,0.033775,0.035765,0.029695,0.03389,0.031037,0.034253,0.031047,0.042059,0.028958,0.039283,0.031732,0.029174,0.044918,0.037524,0.031197,0.031638,0.041316,0.034831,0.035617,0.027507,0.028489,0.045719,0.02884,0.028006
0.035213,0.027984,0.037641,0.02933,0.038974,0.027739,0.036379,0.038202,0.028294,0.029378,0.051679,0.035182,0.032391,0.040973,0.041468,0.039942,0.027077,0.031457,0.037546,0.029814,0.038341,0.032158,0.031217,0.03074,0.028775,0.027272,0.028598,0.033058,0.029985,0.037431,0.035891,0.038102,0.02836,0.033702,0.034362,0.029287,0.036755,0.029057,0.034385,0.050338
0.039266,0.027842,0.040921,0.027757,0.029977,0.03984,0.034618,0.028347,0.03359,0.030477,0.052244,0.049399,0.047621,0.036601,0.035417,0.030438,0.036809,0.030568,0.030992,0.030082,0.029186,0.028563,0.039265,0.027741,0.03125,0.030616,0.029647,0.033166,0.029655,0.028238,0.033629,0.030387,0.034058,0.029907,0.02846,0.029922,0.028896,0.029977,0.03146,0.030048
0.029384,0.037084,0.029434,0.029154,0.028797,0.032487,0.029895,0.029095,0.030325,0.030169,0.029129,0.030658,0.031279,0.031215,0.030371,0.037698,0.030437,0.034773,0.035094,0.029595,0.039424,0.030277,0.029673,0.035393,0.031032,0.031062,0.030337,0.02995,0.030503,0.028748,0.030508,0.031088,0.030281,0.030322,0.028705,0.030039,0.033439,0.036021,0.035596,0.031043
0.034544,0.031701,0.035593,0.035575,0.029562,0.033453,0.031538,0.0297,0.028396,0.029855,0.032449,0.037475,0.029559,0.033855,0.029811,0.030675,0.033745,0.029817,0.03026,0.030161,0.029052,0.030085,0.033211,0.03058,0.029561,0.029794,0.029787,0.029205,0.029915,0.029968,0.028151,0.028552,0.038023,0.032448,0.032007,0.033724,0.030424,0.02992,0.030569,0.031912
0.027656,0.030891,0.029148,0.029207,0.02962,0.030013,0.03049,0.029837,0.030819,0.029062,0.030592,0.031267,0.030119,0.032408,0.029206,0.028705,0.02995,0.034734,0.029923,0.029271,0.029668,0.028573,0.029802,0.029483,0.028399,0.029255,0.035913,0.029599,0.030528,0.0304,0.036548,0.030303,0.029482,0.028385,0.029357,0.029018,0.028074,0.027851,0.030899,0.030456
0.03059,0.028454,0.029182,0.037276,0.030961,0.030842,0.030043,0.028506,0.029263,0.030775,0.034842,0.030136,0.02954,0.035059,0.035827,0.029875,0.029286,0.029054,0.028972,0.030832,0.030519,0.030525,0.046532,0.038189,0.035377,0.039713,0.044848,0.041351,0.042109,0.041448,0.030497,0.031006,0.029329,0.030237,0.036426,0.036363,0.028708,0.029008,0.030273,0.02968
0.029178,0.030254,0.028237,0.030152,0.029801,0.037133,0.035245,0.029168,0.030296,0.029442,0.028574,0.03771,0.027772,0.030479,0.029511,0.032895,0.030299,0.028897,0.027006,0.035684,0.029069,0.053465,0.030602,0.050145,0.039333,0.027654,0.054608,0.056069,0.027424,0.028136,0.036707,0.04249,0.028983,0.027397,0.033457,0.034256,0.035107,0.027535,0.042232,0.03664
0.030083,0.026699,0.033432,0.037843,0.029128,0.042284,0.029093,0.027105,0.055938,0.02964,0.030499,0.03925,0.040175,0.041287,0.03675,0.036109,0.027765,0.027709,0.039419,0.028144,0.0354,0.053981,0.038537,0.028375,0.033594,0.027586,0.038445,0.028074,0.038076,0.030101,0.034859,0.028331,0.038204,0.028566,0.054431,0.049858,0.03809,0.027189,0.033915,0.043071
0.028065,0.038508,0.029719,0.028697,0.029663,0.051137,0.034676,0.043925,0.046266,0.032343,0.033159,0.027312,0.033733,0.029988,0.053309,0.031454,0.034395,0.032641,0.034099,0.030845,0.052383,0.035408,0.034793,0.036707,0.028388,0.028402,0.060112,0.02884,0.040651,0.038515,0.036341,0.030364,0.036079,0.033452,0.029517,0.036306,0.029705,0.038132,0.029881,0.058765
0.028054,0.029259,0.055936,0.028369,0.035914,0.031712,0.033735,0.033833,0.033037,0.03608,0.03819,0.026891,0.030887,0.034948,0.032784,0.036707,0.035773,0.027914,0.031327,0.033528,0.038025,0.036148,0.028526,0.029323,0.03932,0.034757,0.028051,0.034712,0.03106,0.035847,0.031801,0.033526,0.036725,0.029917,0.032321,0.031246,0.031468,0.029861,0.041514,0.039736
0.02793,0.033487,0.048259,0.04819,0.054421,0.030069,0.037749,0.028988,0.035521,0.030298,0.036491,0.034515,0.031125,0.034672,0.038238,0.027321,0.030736,0.043028,0.027528,0.029834,0.033152,0.039962,0.028405,0.032921,0.035264,0.029401,0.042037,0.027991,0.030226,0.039756,0.032564,0.028962,0.037134,0.028026,0.035223,0.038638,0.028261,0.037416,0.038182,0.028353
0.028005,0.04132,0.03737,0.027603,0.027661,0.053225,0.048421,0.031962,0.032709,0.054442,0.028386,0.036468,0.034004,0.030167,0.052542,0.029966,0.053803,0.029823,0.041694,0.028316,0.046439,0.050777,0.041575,0.032326,0.028161,0.057036,0.028728,0.046395,0.03751,0.028512,0.034914,0.04745,0.05563,0.042097,0.041862,0.034135,0.033188,0.027851,0.035129,0.033721
0.029692,0.040541,0.038311,0.029369,0.035268,0.028363,0.033442,0.033483,0.035481,0.035842,0.027823,0.035423,0.028116,0.036337,0.031946,0.035591,0.028965,0.035292,0.034205,0.029663,0.035359,0.030359,0.03232,0.058688,0.028467,0.040896,0.027014,0.035608,0.028266,0.034462,0.034329,0.0316,0.035831,0.02949,0.036008,0.035621,0.034699,0.027932,0.037101,0.03669
0.02723,0.035459,0.029135,0.062912,0.027357,0.028542,0.033275,0.033254,0.036022,0.030973,0.031038,0.03712,0.029137,0.043241,0.029065,0.028346,0.037449,0.028943,0.037703,0.029278,0.038795,0.04099,0.028073,0.027268,0.033117,0.039156,0.027971,0.034749,0.029888,0.040326,0.029341,0.036441,0.032412,0.029873,0.033655,0.038004,0.029261,0.055029,0.027589,0.032239
