0.091085,0.053962,0.053221,0.055634,0.059211,0.059007,0.05325,0.053717,0.054588,0.054149,0.054842,0.060264,0.060135,0.054856,0.054516,0.054798,0.054202,0.060224,0.0557,0.053597,0.054833,0.054618,0.053986,0.054567,0.059386,0.057992,0.056933,0.054683,0.055844,0.054293,0.05623,0.055904,0.066166,0.056994,0.056894,0.059532,0.055472,0.057428,0.060442,0.058046
0.040434,0.044351,0.036719,0.036901,0.03454,0.037941,0.044584,0.043976,0.036343,0.054219,0.041268,0.036957,0.045393,0.036074,0.053796,0.045917,0.040451,0.038046,0.043289,0.042087,0.041862,0.042189,0.035744,0.035889,0.036461,0.037387,0.036583,0.035275,0.034549,0.053258,0.049846,0.048757,0.04974,0.046311,0.036027,0.049642,0.049258,0.055301,0.039585,0.037547
0.051752,0.037956,0.032132,0.031324,0.030939,0.042993,0.03127,0.03108,0.032651,0.031886,0.032172,0.031256,0.030897,0.050961,0.057397,0.031641,0.031561,0.031871,0.031035,0.029515,0.041892,0.033244,0.040456,0.035181,0.037114,0.05178,0.037954,0.042046,0.032014,0.030642,0.039106,0.047247,0.049469,0.047107,0.035829,0.044333,0.039214,0.034214,0.038864,0.031964
0.030831,0.02959,0.055585,0.032736,0.033957,0.031336,0.038618,0.032329,0.030579,0.031581,0.050118,0.036319,0.030196,0.029648,0.05112,0.045893,0.034564,0.031614,0.04012,0.04855,0.043712,0.033065,0.035308,0.037988,0.054484,0.036493,0.032649,0.039869,0.035537,0.047953,0.061046,0.030815,0.031336,0.035369,0.034642,0.037722,0.033468,0.035909,0.029667,0.042564
0.028169,0.053334,0.048137,0.046659,0.050744,0.047901,0.03628,0.05064,0.045124,0.037043,0.030492,0.041317,0.031661,0.047785,0.048599,0.049665,0.054494,0.029777,0.046557,0.041905,0.031526,0.050761,0.029646,0.038606,0.036201,0.029554,0.028386,0.03005,0.030664,0.033666,0.029818,0.03406,0.029716,0.029635,0.030404,0.033438,0.035275,0.053802,0.050743,0.048717
0.04782,0.029062,0.038183,0.051142,0.029765,0.029546,0.040732,0.031778,0.051913,0.035282,0.029007,0.051572,0.050656,0.035068,0.027231,0.047049,0.042634,0.030832,0.04083,0.029694,0.030169,0.030785,0.046303,0.040153,0.043999,0.030798,0.040032,0.050409,0.032045,0.037106,0.02729,0.046382,0.045372,0.029527,0.051889,0.029117,0.046913,0.048531,0.0432,0.0302
0.029657,0.053829,0.034033,0.0352,0.049586,0.042548,0.054161,0.05281,0.031616,0.031356,0.054296,0.033961,0.035541,0.028574,0.032358,0.043411,0.036908,0.028715,0.037707,0.046137,0.03586,0.047725,0.035688,0.033239,0.038482,0.047356,0.03423,0.028048,0.037065,0.048077,0.041199,0.034836,0.031286,0.028306,0.050019,0.037881,0.030339,0.028409,0.033673,0.03335
0.032673,0.034028,0.042359,0.029347,0.027797,0.040085,0.047732,0.029921,0.042463,0.049795,0.037654,0.034228,0.044112,0.027833,0.037994,0.032429,0.048963,0.036618,0.027728,0.029438,0.035623,0.031782,0.034288,0.035124,0.033473,0.036472,0.028483,0.054704,0.030437,0.04218,0.037332,0.030151,0.040361,0.036308,0.037993,0.029342,0.038913,0.030757,0.032544,0.030705
0.036062,0.037715,0.02901,0.027927,0.032225,0.027769,0.036385,0.052572,0.040029,0.028588,0.028547,0.05252,0.052683,0.030859,0.028645,0.034582,0.029432,0.044325,0.0277,0.029216,0.040922,0.035761,0.035427,0.028909,0.034618,0.036189,0.034803,0.0278,0.028519,0.032853,0.030285,0.039164,0.047387,0.032601,0.037488,0.028573,0.036057,0.030774,0.03463,0.050594
0.048257,0.036732,0.046998,0.031208,0.045932,0.027967,0.02894,0.046721,0.041678,0.042845,0.040352,0.046351,0.046132,0.03667,0.053425,0.036693,0.035765,0.036009,0.028368,0.027464,0.045546,0.035465,0.038752,0.029855,0.028347,0.038753,0.051738,0.032197,0.045831,0.038471,0.052961,0.028046,0.047137,0.035376,0.048045,0.035564,0.052807,0.044476,0.03684,0.053274
0.028858,0.045389,0.040988,0.028863,0.037973,0.04869,0.029754,0.035143,0.030037,0.038644,0.030925,0.029526,0.038442,0.045484,0.036738,0.047849,0.0408,0.028054,0.034408,0.039445,0.028246,0.02832,0.029913,0.029991,0.02733,0.029813,0.036593,0.051449,0.049492,0.048476,0.04864,0.029168,0.040181,0.049285,0.048969,0.055443,0.028646,0.048118,0.039076,0.045707
0.047141,0.042168,0.026994,0.049145,0.041986,0.037999,0.027866,0.026902,0.046417,0.036339,0.049061,0.032067,0.039213,0.046824,0.048329,0.034193,0.036986,0.026771,0.038525,0.052303,0.028683,0.030243,0.037738,0.048691,0.030106,0.041457,0.027916,0.030678,0.038032,0.032851,0.0375,0.029362,0.047257,0.030434,0.03859,0.047984,0.050005,0.035706,0.048305,0.055379
0.028113,0.030532,0.040128,0.028178,0.03166,0.03796,0.047592,0.032663,0.038893,0.036207,0.028934,0.04328,0.038516,0.046719,0.042608,0.033131,0.026084,0.051876,0.028606,0.042411,0.031524,0.032761,0.02813,0.036112,0.030136,0.042336,0.027255,0.055907,0.027935,0.034049,0.060995,0.04036,0.043755,0.038146,0.047837,0.036116,0.029892,0.032844,0.042861,0.027469
0.028154,0.027906,0.026646,0.04411,0.028465,0.027008,0.053415,0.026656,0.036638,0.048401,0.047444,0.042601,0.031498,0.028686,0.032753,0.040428,0.027756,0.049619,0.054268,0.050683,0.036871,0.027564,0.036803,0.028234,0.050848,0.029401,0.03511,0.029666,0.028921,0.027196,0.028384,0.034924,0.037817,0.03589,0.03061,0.030755,0.029747,0.040104,0.029045,0.030425
0.038415,0.041379,0.032674,0.026917,0.028393,0.038193,0.047512,0.055604,0.038372,0.030222,0.029292,0.02718,0.035425,0.035598,0.028244,0.036174,0.031272,0.027643,0.027144,0.027674,0.045826,0.026772,0.027741,0.04095,0.038328,0.041881,0.046725,0.03039,0.039639,0.028936,0.035947,0.046462,0.036828,0.048396,0.033168,0.036235,0.048193,0.055273,0.050974,0.027213
0.0356,0.046856,0.032645,0.034501,0.038169,0.049281,0.047668,0.044699,0.034049,0.03901,0.033569,0.032289,0.047367,0.042397,0.027651,0.048264,0.046736,0.035268,0.032795,0.03849,0.026919,0.034182,0.03733,0.026531,0.041694,0.036083,0.03004,0.033799,0.040283,0.027933,0.027689,0.046121,0.045862,0.028816,0.028386,0.045671,0.032886,0.027816,0.027518,0.031962
0.030618,0.037397,0.030543,0.038383,0.027576,0.033356,0.027562,0.026325,0.033161,0.030864,0.039452,0.035805,0.027457,0.043662,0.046574,0.027565,0.042242,0.02811,0.026586,0.030074,0.040202,0.029142,0.036266,0.053001,0.026133,0.038014,0.035108,0.034321,0.035386,0.028992,0.03427,0.02799,0.038522,0.027396,0.03978,0.030656,0.036554,0.027884,0.042867,0.027096
0.02926,0.036616,0.033463,0.033495,0.037461,0.033252,0.027066,0.035946,0.029327,0.03635,0.049795,0.038258,0.036219,0.027323,0.029017,0.035884,0.036406,0.028422,0.028751,0.026735,0.027114,0.036418,0.029164,0.038421,0.051338,0.028452,0.035992,0.03068,0.035656,0.032966,0.029483,0.038264,0.030077,0.038605,0.031009,0.031429,0.030509,0.040117,0.032604,0.031299
0.031322,0.035971,0.030377,0.036226,0.051786,0.027654,0.035302,0.03635,0.047319,0.034508,0.029454,0.034252,0.035011,0.032003,0.035387,0.056757,0.027364,0.038501,0.027202,0.029269,0.037124,0.03893,0.026386,0.032116,0.039053,0.028026,0.040184,0.035645,0.031207,0.02852,0.033097,0.033623,0.0398,0.030765,0.026634,0.039951,0.02969,0.029788,0.039093,0.028499
0.038367,0.026634,0.043154,0.026788,0.039021,0.029008,0.046352,0.040274,0.03878,0.027767,0.028499,0.029064,0.027207,0.028796,0.0302,0.039196,0.032901,0.028525,0.039819,0.026622,0.037044,0.028766,0.040533,0.026804,0.031942,0.044507,0.026544,0.029356,0.036886,0.030489,0.036499,0.038234,0.028395,0.033279,0.028528,0.040769,0.035817,0.026892,0.031351,0.039106
0.047096,0.029575,0.041111,0.027996,0.03105,0.045833,0.039043,0.028951,0.028822,0.031574,0.028412,0.035684,0.030418,0.033603,0.036222,0.034111,0.02921,0.035141,0.028997,0.040307,0.028291,0.037508,0.028081,0.044034,0.026942,0.03117,0.033056,0.03435,0.05093,0.029822,0.038515,0.039233,0.026493,0.046475,0.03601,0.048166,0.035,0.033999,0.029673,0.037181
0.050958,0.027741,0.035913,0.033198,0.032537,0.039266,0.027492,0.030825,0.046614,0.02634,0.037738,0.029549,0.027249,0.038119,0.028958,0.035889,0.029077,0.04001,0.030234,0.03377,0.032722,0.034083,0.054792,0.029332,0.032057,0.032685,0.033049,0.034758,0.03011,0.033322,0.037932,0.052481,0.02644,0.039217,0.029148,0.039125,0.029548,0.030008,0.03569,0.027837
0.027132,0.035218,0.026463,0.034303,0.050039,0.051333,0.040272,0.026893,0.029257,0.043169,0.031588,0.026976,0.02981,0.035522,0.03347,0.035489,0.029131,0.039937,0.027506,0.036134,0.034478,0.039069,0.027488,0.048887,0.02988,0.040636,0.027797,0.03929,0.028651,0.030946,0.040029,0.028031,0.033658,0.031222,0.036782,0.035361,0.030653,0.030219,0.038006,0.030307
0.035192,0.034742,0.02963,0.035924,0.035981,0.031073,0.029143,0.035822,0.033482,0.036285,0.027877,0.037943,0.028365,0.038259,0.031563,0.030099,0.03753,0.030174,0.040981,0.030732,0.028175,0.037987,0.032162,0.029075,0.028393,0.026863,0.028167,0.034314,0.037351,0.045935,0.03838,0.030059,0.032606,0.034054,0.032256,0.038763,0.027389,0.037186,0.029046,0.038774
0.027275,0.039014,0.028733,0.041673,0.029024,0.049523,0.028925,0.033942,0.027467,0.026915,0.027389,0.04198,0.027966,0.033252,0.030295,0.042681,0.02922,0.030876,0.034708,0.032513,0.029333,0.040621,0.033183,0.037314,0.028371,0.029401,0.039452,0.028072,0.032154,0.034668,0.033222,0.037471,0.049203,0.049078,0.036681,0.026642,0.041867,0.04156,0.035427,0.030776
0.036203,0.032372,0.035469,0.029706,0.038561,0.033229,0.028536,0.032627,0.034275,0.029488,0.027409,0.02762,0.034158,0.031946,0.040486,0.026973,0.035067,0.035708,0.034956,0.030947,0.027275,0.030071,0.030135,0.030869,0.027727,0.02985,0.037409,0.035776,0.027804,0.040571,0.032172,0.028419,0.037969,0.02833,0.03514,0.034963,0.029943,0.034596,0.037855,0.034737
0.025658,0.038118,0.028955,0.036958,0.028335,0.044431,0.026283,0.038402,0.02885,0.028986,0.036634,0.049041,0.032138,0.031538,0.038795,0.029537,0.035451,0.032895,0.032936,0.030297,0.034954,0.03692,0.030391,0.039667,0.028552,0.037403,0.029229,0.033508,0.031278,0.038923,0.028173,0.034575,0.051629,0.03807,0.030035,0.031853,0.030493,0.044291,0.028074,0.027556
0.036074,0.035405,0.027206,0.036863,0.031096,0.035473,0.029683,0.039513,0.028192,0.036836,0.029465,0.035617,0.037599,0.032376,0.028145,0.038715,0.027811,0.033638,0.036174,0.048413,0.045897,0.043468,0.027342,0.035237,0.029254,0.035356,0.047662,0.036155,0.031376,0.036406,0.032547,0.032681,0.029486,0.039422,0.049101,0.036108,0.028862,0.036909,0.031179,0.029382
0.041243,0.027345,0.03368,0.029773,0.040561,0.028543,0.037039,0.032715,0.035119,0.028035,0.033976,0.035637,0.035546,0.028356,0.035395,0.045776,0.036275,0.031809,0.037687,0.02862,0.03988,0.032982,0.028256,0.034955,0.037576,0.029324,0.031775,0.035651,0.035532,0.028951,0.036347,0.028576,0.03926,0.03489,0.027144,0.034186,0.035533,0.030927,0.037632,0.04909
0.031739,0.029788,0.040244,0.027667,0.037676,0.028374,0.036099,0.047867,0.035845,0.031925,0.034797,0.029167,0.033061,0.035879,0.032923,0.035166,0.052565,0.027832,0.03567,0.029318,0.038428,0.037717,0.027864,0.030449,0.037319,0.028882,0.039967,0.028552,0.035832,0.029886,0.028438,0.026748,0.029912,0.034462,0.034769,0.030923,0.027375,0.02722,0.028012,0.035837
0.037936,0.025812,0.030436,0.037483,0.057323,0.037689,0.028733,0.02576,0.03271,0.03307,0.033744,0.036034,0.034016,0.027433,0.038883,0.030344,0.032824,0.034457,0.030765,0.037996,0.040939,0.027401,0.027507,0.038746,0.031039,0.037007,0.028784,0.028725,0.047228,0.026434,0.032325,0.033852,0.035702,0.027077,0.0372,0.027826,0.039746,0.033925,0.027624,0.037518
0.030196,0.034045,0.034153,0.033812,0.034311,0.0303,0.035224,0.029815,0.038716,0.028869,0.04065,0.032845,0.027299,0.034119,0.039361,0.026994,0.031106,0.037596,0.028771,0.039702,0.034499,0.026947,0.03465,0.034755,0.03236,0.037648,0.048864,0.036044,0.034714,0.025722,0.032831,0.041968,0.034763,0.02605,0.030523,0.034745,0.031971,0.036175,0.030322,0.039943
0.027718,0.034075,0.036425,0.045318,0.040311,0.031545,0.046733,0.036751,0.028424,0.034988,0.030498,0.041336,0.032724,0.027284,0.032074,0.035353,0.029808,0.041169,0.026925,0.030416,0.040434,0.027939,0.038269,0.038669,0.026299,0.030989,0.039538,0.027633,0.034012,0.035878,0.028838,0.041801,0.025947,0.035581,0.029603,0.041556,0.049271,0.027338,0.03725,0.028432
0.037915,0.028603,0.036926,0.03183,0.034794,0.036737,0.047631,0.036109,0.02726,0.034965,0.035777,0.028552,0.040026,0.026868,0.031277,0.040066,0.046525,0.034244,0.037199,0.028186,0.032669,0.027944,0.040192,0.029457,0.027659,0.027728,0.037572,0.02745,0.034499,0.028927,0.03362,0.040181,0.027995,0.032242,0.040509,0.027827,0.033665,0.031316,0.03763,0.027869
0.035936,0.032905,0.039762,0.034087,0.027592,0.033737,0.030057,0.04007,0.028812,0.037345,0.028005,0.044937,0.027449,0.029197,0.034652,0.034336,0.036511,0.034195,0.029888,0.033484,0.029018,0.039379,0.03491,0.028283,0.034944,0.047016,0.041941,0.026273,0.032558,0.053503,0.027023,0.033702,0.035917,0.035784,0.034438,0.026468,0.038425,0.031352,0.033124,0.034505
0.039591,0.02666,0.035567,0.038949,0.027009,0.028616,0.036989,0.041465,0.026841,0.049253,0.029011,0.035634,0.029693,0.04033,0.028248,0.035147,0.032564,0.034346,0.038026,0.026001,0.03614,0.031829,0.038081,0.048005,0.029873,0.037119,0.032148,0.029438,0.038278,0.038108,0.027005,0.030495,0.038559,0.047882,0.03521,0.028193,0.037538,0.030715,0.036772,0.029534
0.039053,0.055977,0.02691,0.042528,0.042045,0.026925,0.042473,0.032698,0.025718,0.032963,0.030879,0.037864,0.028128,0.037891,0.033898,0.033788,0.028798,0.041769,0.026686,0.035233,0.028299,0.039949,0.028015,0.035692,0.034053,0.033212,0.032184,0.039622,0.028061,0.033132,0.051197,0.048841,0.030581,0.038909,0.036749,0.026472,0.030054,0.040616,0.027927,0.041905
0.026246,0.034214,0.031833,0.030864,0.026601,0.026818,0.032686,0.034173,0.034636,0.035598,0.03546,0.027317,0.032627,0.033658,0.034337,0.033191,0.032252,0.029514,0.040522,0.027707,0.036082,0.030257,0.039796,0.028911,0.042373,0.026573,0.053994,0.048837,0.04912,0.036802,0.030121,0.027861,0.037856,0.028276,0.040073,0.029708,0.031686,0.028102,0.027425,0.029067
0.032147,0.02847,0.027381,0.03414,0.026705,0.033598,0.035594,0.029046,0.039213,0.031416,0.031114,0.037944,0.02813,0.036802,0.029145,0.027524,0.027224,0.028326,0.038713,0.043223,0.037101,0.038752,0.035606,0.02932,0.029134,0.036909,0.02848,0.03551,0.030605,0.037948,0.028768,0.039212,0.026725,0.03901,0.048204,0.029565,0.039922,0.029359,0.039867,0.030159
0.047298,0.049381,0.030817,0.037725,0.043955,0.040873,0.029251,0.035239,0.034313,0.038904,0.029423,0.033864,0.026769,0.037522,0.029848,0.040727,0.027383,0.039185,0.037167,0.028166,0.035026,0.025459,0.036837,0.048659,0.029854,0.040014,0.048276,0.050203,0.036128,0.038255,0.027624,0.027906,0.039841,0.026655,0.027442,0.02624,0.039426,0.027982,0.028976,0.039291
