0.083145,0.064999,0.058839,0.053372,0.059304,0.059671,0.056241,0.060539,0.055208,0.059862,0.052622,0.053794,0.052743,0.054678,0.054313,0.060435,0.058843,0.052872,0.056767,0.061903,0.058978,0.055536,0.066225,0.05559,0.05374,0.059698,0.063692,0.057057,0.053326,0.055756,0.060314,0.063538,0.057062,0.054678,0.054215,0.058117,0.058285,0.067791,0.065725,0.060067
0.037267,0.040378,0.043664,0.036112,0.039433,0.036174,0.035016,0.03741,0.045308,0.040167,0.040719,0.035265,0.042743,0.037375,0.038455,0.039972,0.039159,0.037782,0.041336,0.038306,0.035269,0.038544,0.039878,0.052405,0.041359,0.045001,0.038801,0.045284,0.042318,0.038974,0.036269,0.038327,0.03937,0.040253,0.037653,0.037016,0.036142,0.037236,0.047056,0.043752
0.038661,0.034666,0.035194,0.03876,0.033286,0.033842,0.031352,0.032849,0.037451,0.032186,0.050603,0.032959,0.031118,0.054139,0.030722,0.040449,0.032715,0.032018,0.032631,0.032821,0.032969,0.032206,0.031615,0.032607,0.03168,0.056256,0.031624,0.032181,0.036711,0.034699,0.032046,0.034065,0.040645,0.033688,0.052452,0.043116,0.039846,0.03764,0.048752,0.036265
0.040501,0.035511,0.036046,0.035964,0.033008,0.046987,0.056521,0.032607,0.031599,0.031735,0.030336,0.0515,0.050326,0.030734,0.031745,0.055765,0.030903,0.030959,0.047656,0.050477,0.041418,0.030792,0.030102,0.035256,0.051378,0.051022,0.035706,0.031084,0.030884,0.03077,0.033077,0.03312,0.053934,0.043146,0.041672,0.042851,0.045279,0.04193,0.034569,0.034822
0.032828,0.030411,0.037356,0.030301,0.030421,0.033166,0.05,0.049201,0.048488,0.056112,0.036868,0.030016,0.02927,0.051082,0.036012,0.030135,0.039586,0.03673,0.031274,0.029649,0.029948,0.031474,0.057264,0.030331,0.028323,0.057519,0.03389,0.03096,0.029788,0.032456,0.055018,0.029419,0.046437,0.056622,0.03103,0.031787,0.048493,0.049551,0.055359,0.029793
0.031673,0.050254,0.034846,0.035656,0.030169,0.03497,0.03807,0.029013,0.031369,0.034324,0.051386,0.030321,0.05407,0.030259,0.052301,0.029816,0.057512,0.045492,0.05122,0.046825,0.055914,0.035121,0.030165,0.029938,0.031191,0.040304,0.037586,0.029802,0.02903,0.038413,0.030543,0.030802,0.037954,0.029672,0.032553,0.053597,0.029492,0.031172,0.049778,0.056492
0.029292,0.030166,0.052671,0.031372,0.039426,0.031162,0.029508,0.033611,0.032884,0.040984,0.028806,0.029523,0.054022,0.030977,0.037749,0.035852,0.029848,0.029362,0.031881,0.051246,0.032556,0.058526,0.029328,0.028829,0.053731,0.038444,0.035429,0.03007,0.051084,0.031301,0.039064,0.038539,0.039273,0.03582,0.030702,0.029464,0.029643,0.052592,0.045866,0.058914
0.028625,0.035683,0.035724,0.037056,0.031275,0.037437,0.039288,0.030325,0.048465,0.050309,0.051541,0.054927,0.029295,0.031924,0.057831,0.034405,0.028952,0.030174,0.052402,0.030727,0.053283,0.030966,0.053531,0.030065,0.052283,0.040213,0.046321,0.029085,0.029255,0.051338,0.034356,0.037624,0.035203,0.036467,0.03327,0.029957,0.028661,0.039001,0.030024,0.029717
0.030821,0.053399,0.048275,0.033935,0.036376,0.032893,0.050959,0.029113,0.054915,0.029792,0.03271,0.036544,0.02838,0.053304,0.029927,0.05388,0.029556,0.054358,0.047922,0.048654,0.04823,0.050123,0.056985,0.030353,0.037558,0.038875,0.03359,0.047673,0.028952,0.029752,0.029735,0.057323,0.036749,0.028599,0.029106,0.05409,0.035429,0.036969,0.035481,0.036199
0.054368,0.029638,0.049468,0.034858,0.047908,0.056198,0.02939,0.048493,0.042915,0.029088,0.032377,0.034749,0.027619,0.037546,0.030742,0.050229,0.048975,0.048762,0.048478,0.056163,0.03003,0.040934,0.029413,0.032015,0.030752,0.039466,0.02998,0.029147,0.030613,0.029773,0.035368,0.035014,0.02973,0.035608,0.030314,0.028225,0.029015,0.034034,0.030437,0.037501
0.030829,0.028933,0.027971,0.035249,0.02974,0.028983,0.03278,0.04149,0.029535,0.02916,0.051151,0.037292,0.028971,0.05037,0.033916,0.03388,0.031199,0.037994,0.02796,0.051867,0.048546,0.038586,0.030015,0.049874,0.036689,0.030315,0.039871,0.029682,0.029432,0.056802,0.028239,0.031368,0.054504,0.04634,0.031764,0.051427,0.049315,0.055845,0.056723,0.041089
0.027706,0.05147,0.053073,0.048767,0.049732,0.041077,0.029709,0.026825,0.055307,0.028282,0.056119,0.033849,0.029444,0.031417,0.057448,0.027829,0.031679,0.047826,0.053216,0.044565,0.039522,0.038551,0.031968,0.02903,0.030894,0.050979,0.048984,0.056041,0.029073,0.047033,0.055445,0.037063,0.028457,0.032644,0.049409,0.032703,0.037638,0.029456,0.041003,0.027975
0.028952,0.052955,0.048556,0.049061,0.0365,0.034546,0.033545,0.037359,0.028773,0.029409,0.043607,0.029032,0.027699,0.049038,0.055951,0.029874,0.034673,0.03104,0.044964,0.030085,0.035045,0.028141,0.032227,0.038336,0.027833,0.028458,0.056728,0.036837,0.028735,0.028449,0.05315,0.030934,0.037659,0.027925,0.050531,0.052741,0.039996,0.028225,0.053128,0.036483
0.036017,0.037463,0.031356,0.053524,0.031871,0.051618,0.040134,0.028669,0.037699,0.036337,0.028532,0.027794,0.031744,0.049122,0.040061,0.027904,0.049904,0.048923,0.054833,0.051039,0.02893,0.040359,0.036789,0.029074,0.02857,0.030497,0.041035,0.028424,0.030319,0.05342,0.030954,0.053045,0.0373,0.029479,0.032349,0.032159,0.031932,0.034277,0.040953,0.028367
0.046723,0.048878,0.054426,0.049233,0.029773,0.05562,0.02938,0.036546,0.02919,0.050222,0.033525,0.050399,0.055576,0.031175,0.04614,0.037124,0.028769,0.057311,0.03362,0.029315,0.037382,0.03662,0.028823,0.028684,0.031501,0.048501,0.054604,0.036078,0.035066,0.037564,0.027402,0.028164,0.038302,0.028328,0.056108,0.027491,0.030951,0.053501,0.031245,0.052271
0.031039,0.052546,0.031279,0.052366,0.028944,0.054338,0.048867,0.032144,0.037025,0.037548,0.035898,0.027151,0.02805,0.057303,0.02805,0.034247,0.030466,0.050828,0.038264,0.030542,0.032142,0.040453,0.029746,0.028347,0.052319,0.034828,0.028909,0.054461,0.02958,0.040993,0.02842,0.033932,0.02904,0.040255,0.029217,0.034017,0.03614,0.035771,0.028658,0.030425
0.048868,0.049727,0.055011,0.031769,0.05177,0.039714,0.035039,0.036954,0.055467,0.028697,0.049396,0.048468,0.05501,0.030191,0.053467,0.028702,0.05685,0.028658,0.055627,0.035575,0.028532,0.033346,0.029312,0.052893,0.030412,0.053304,0.030856,0.035295,0.030137,0.048821,0.036749,0.047435,0.044998,0.035941,0.042221,0.027545,0.03663,0.02939,0.035678,0.031507
0.036658,0.028552,0.037045,0.030536,0.051568,0.055762,0.028527,0.032961,0.032713,0.040045,0.030601,0.0296,0.031833,0.05326,0.030335,0.035958,0.03125,0.033354,0.032782,0.040067,0.036358,0.028876,0.028601,0.032194,0.053809,0.048394,0.0377,0.02931,0.043122,0.029685,0.0285,0.030459,0.040164,0.036089,0.029308,0.027649,0.038441,0.028838,0.036733,0.032526
0.029673,0.039849,0.027124,0.033178,0.04238,0.029201,0.030654,0.033616,0.03123,0.03506,0.037489,0.028707,0.037364,0.029218,0.038157,0.035597,0.0275,0.02935,0.037883,0.030056,0.056413,0.037231,0.02803,0.029222,0.038881,0.028431,0.034328,0.030174,0.039886,0.028461,0.033236,0.031348,0.034983,0.038067,0.029064,0.033674,0.033963,0.034625,0.036234,0.036258
0.034907,0.028886,0.028627,0.030983,0.042636,0.028535,0.028466,0.035292,0.034333,0.030716,0.036236,0.029425,0.037505,0.03077,0.032113,0.052013,0.035186,0.029729,0.044946,0.03087,0.028822,0.049588,0.029755,0.038933,0.027962,0.058213,0.027307,0.029756,0.037325,0.032934,0.030886,0.03556,0.051497,0.049283,0.030511,0.04102,0.028162,0.035451,0.035794,0.035845
0.027812,0.030449,0.035457,0.027922,0.038838,0.028225,0.038085,0.029689,0.036358,0.039061,0.033475,0.027545,0.030125,0.036758,0.029446,0.038705,0.029188,0.037545,0.030086,0.03417,0.035808,0.038412,0.028458,0.030191,0.031494,0.035772,0.030386,0.03745,0.032766,0.031402,0.031224,0.037255,0.03061,0.030718,0.053039,0.051695,0.031132,0.038444,0.034339,0.035978
0.028868,0.028029,0.037402,0.030661,0.035782,0.031461,0.043894,0.027663,0.028426,0.034426,0.030725,0.03839,0.028351,0.054872,0.030232,0.033615,0.031853,0.03835,0.034533,0.028051,0.036062,0.028939,0.034932,0.038158,0.030196,0.032247,0.030905,0.036345,0.038965,0.027658,0.031013,0.039742,0.028591,0.053319,0.029631,0.034642,0.030954,0.035897,0.03173,0.040222
0.027606,0.035808,0.028438,0.038275,0.030364,0.031322,0.035175,0.03482,0.029822,0.036044,0.030241,0.036114,0.029131,0.034851,0.028476,0.028675,0.028905,0.030933,0.039204,0.027292,0.02994,0.038169,0.043657,0.028976,0.026758,0.047676,0.034406,0.035673,0.031358,0.038108,0.029934,0.036391,0.029996,0.038249,0.036199,0.029467,0.028839,0.038685,0.028862,0.035083
0.030094,0.031396,0.041424,0.033719,0.028774,0.030659,0.03905,0.027917,0.039542,0.052338,0.027504,0.033874,0.031022,0.039902,0.027146,0.040891,0.037147,0.045601,0.028285,0.030105,0.03605,0.033035,0.033322,0.034275,0.030232,0.034912,0.035876,0.028355,0.039533,0.028215,0.034436,0.033777,0.036538,0.035536,0.027466,0.034743,0.047349,0.049608,0.039787,0.027675
0.037328,0.026639,0.040974,0.028557,0.035629,0.034911,0.031022,0.0384,0.02734,0.031164,0.041899,0.035655,0.030215,0.033194,0.029567,0.03134,0.036233,0.027856,0.037813,0.030088,0.038572,0.027905,0.037956,0.029703,0.041559,0.03002,0.036286,0.029375,0.029881,0.036055,0.031198,0.030979,0.038104,0.028627,0.041877,0.028251,0.029816,0.044325,0.027467,0.029607
0.03526,0.032959,0.050312,0.049732,0.048683,0.032643,0.032288,0.036704,0.029118,0.035609,0.032286,0.036622,0.029483,0.036173,0.03058,0.041954,0.029081,0.032001,0.046144,0.05594,0.029536,0.054081,0.028074,0.036726,0.030782,0.035579,0.03221,0.035571,0.028996,0.041077,0.027978,0.033694,0.033867,0.032012,0.032662,0.037313,0.029233,0.033944,0.038555,0.028674
0.034121,0.034526,0.028237,0.039332,0.048216,0.031268,0.03163,0.040924,0.028438,0.031845,0.036493,0.030545,0.034656,0.029611,0.038939,0.029072,0.036314,0.029469,0.038455,0.028745,0.039524,0.029075,0.036409,0.027536,0.056077,0.02958,0.036664,0.031505,0.030886,0.039799,0.026921,0.03661,0.030395,0.041032,0.027487,0.033508,0.034628,0.028397,0.037543,0.030046
0.03655,0.033241,0.03938,0.027489,0.029025,0.042944,0.027888,0.031842,0.033758,0.038112,0.029177,0.031827,0.035551,0.030932,0.030705,0.02964,0.027982,0.027212,0.036562,0.030899,0.032045,0.029831,0.028543,0.027609,0.03042,0.028194,0.028544,0.028864,0.038162,0.034964,0.035787,0.03483,0.027483,0.029018,0.051797,0.037397,0.02704,0.055175,0.027916,0.034994
0.033856,0.030788,0.040547,0.027367,0.029745,0.037617,0.036233,0.028364,0.033821,0.031558,0.037671,0.042331,0.038861,0.032382,0.037376,0.028415,0.030315,0.035567,0.029192,0.028194,0.030129,0.031688,0.03405,0.029426,0.040368,0.029824,0.030692,0.030565,0.031001,0.028343,0.032849,0.029818,0.030768,0.029793,0.036781,0.029794,0.035703,0.041331,0.030223,0.032412
0.029251,0.029669,0.028959,0.027703,0.033514,0.032668,0.031256,0.02982,0.028729,0.026979,0.035988,0.031437,0.034384,0.034544,0.041418,0.028484,0.027971,0.036881,0.038645,0.027853,0.029843,0.037634,0.035744,0.042803,0.048577,0.056873,0.037914,0.036519,0.030915,0.028452,0.028003,0.030616,0.037314,0.036944,0.035666,0.028646,0.029739,0.029177,0.030013,0.029236
0.029959,0.030132,0.028862,0.028665,0.029194,0.039039,0.028774,0.034044,0.029046,0.030881,0.02919,0.027895,0.035821,0.026695,0.027237,0.028306,0.02756,0.034954,0.030135,0.028442,0.036849,0.038944,0.031011,0.036196,0.032769,0.029472,0.052488,0.048339,0.055966,0.027852,0.03378,0.032936,0.038437,0.029743,0.033983,0.03056,0.03858,0.028027,0.036877,0.032676
0.054611,0.026952,0.030728,0.039203,0.029492,0.031848,0.039025,0.034578,0.028825,0.035057,0.030584,0.039296,0.035364,0.027084,0.046667,0.040875,0.02728,0.037709,0.026495,0.041574,0.028165,0.05629,0.036635,0.028198,0.054179,0.027112,0.037118,0.03609,0.028393,0.031578,0.030085,0.040025,0.029102,0.031681,0.029396,0.028536,0.027342,0.030815,0.028751,0.028365
0.02664,0.037435,0.028194,0.035527,0.03813,0.029344,0.030395,0.040539,0.026803,0.038856,0.027803,0.038254,0.027565,0.037177,0.029993,0.037136,0.030004,0.035049,0.03762,0.034487,0.02705,0.035577,0.028993,0.036273,0.032797,0.054181,0.02828,0.053308,0.052142,0.027216,0.034843,0.031438,0.037654,0.039875,0.030709,0.035248,0.027526,0.034912,0.027571,0.034774
0.031529,0.039361,0.028556,0.036037,0.030336,0.033017,0.040062,0.034394,0.027824,0.035136,0.036768,0.027816,0.037349,0.027581,0.031699,0.028394,0.028954,0.029205,0.030769,0.029332,0.028045,0.029011,0.029019,0.029499,0.030109,0.028559,0.029874,0.028748,0.028031,0.027244,0.037256,0.029305,0.028743,0.028792,0.035225,0.028577,0.028678,0.028526,0.028372,0.02801
0.028976,0.031123,0.027906,0.028845,0.030946,0.030043,0.02952,0.028472,0.03242,0.030339,0.048092,0.029579,0.028674,0.030812,0.031342,0.036612,0.028525,0.032968,0.031555,0.027635,0.02851,0.027789,0.038536,0.02986,0.030881,0.030171,0.028488,0.028902,0.029936,0.028522,0.028028,0.028678,0.03191,0.031932,0.034518,0.029949,0.028922,0.028228,0.030043,0.030787
0.035296,0.035779,0.029354,0.034067,0.028854,0.034504,0.028552,0.040012,0.041967,0.028545,0.034196,0.040931,0.027923,0.035333,0.026986,0.036779,0.030745,0.033851,0.033776,0.034947,0.030492,0.032796,0.035538,0.03431,0.034787,0.032468,0.03336,0.036145,0.02813,0.034089,0.031443,0.051263,0.036587,0.035495,0.032155,0.030371,0.034341,0.035734,0.041963,0.039224
0.028767,0.040972,0.027461,0.031885,0.035771,0.052962,0.027749,0.035362,0.03524,0.029125,0.0375,0.030178,0.035025,0.029676,0.038613,0.026906,0.038672,0.054139,0.027698,0.031465,0.039491,0.028552,0.030846,0.036009,0.035411,0.030081,0.03862,0.029691,0.032049,0.033874,0.035862,0.032215,0.031155,0.03794,0.034386,0.029059,0.033163,0.031088,0.044892,0.027259
0.037139,0.036505,0.028459,0.028054,0.036468,0.027955,0.033495,0.035062,0.035023,0.028523,0.038379,0.029324,0.040283,0.027886,0.036201,0.029475,0.038887,0.0356,0.02715,0.033612,0.03235,0.033027,0.034043,0.033008,0.031405,0.036782,0.03146,0.054874,0.054873,0.033765,0.038029,0.041106,0.02924,0.031585,0.035137,0.036753,0.028412,0.033573,0.034362,0.029966
0.03788,0.029303,0.049243,0.051427,0.05155,0.057213,0.028507,0.029342,0.037009,0.030876,0.032037,0.036465,0.029416,0.039615,0.028842,0.030867,0.038209,0.030044,0.033398,0.034461,0.036235,0.037464,0.02864,0.039264,0.028295,0.028457,0.040047,0.029691,0.030618,0.039861,0.027935,0.033842,0.037463,0.029511,0.032793,0.033546,0.033905,0.054668,0.028833,0.031969
0.030902,0.042929,0.027853,0.053631,0.029982,0.030009,0.036675,0.029731,0.056511,0.028361,0.036441,0.028889,0.036272,0.03843,0.035211,0.029679,0.028042,0.036505,0.030499,0.035552,0.030952,0.030879,0.054242,0.045147,0.041494,0.027972,0.035643,0.03277,0.033351,0.030155,0.038721,0.028349,0.032134,0.034039,0.037343,0.030164,0.036248,0.033881,0.030476,0.035092
