0.057098,0.041217,0.048355,0.036616,0.03626,0.03888,0.04011,0.040204,0.03837,0.054356,0.036996,0.03922,0.036491,0.044538,0.037207,0.035473,0.043085,0.038519,0.039204,0.037509,0.046056,0.038852,0.042661,0.045768,0.041972,0.047475,0.043601,0.038504,0.042918,0.042337,0.037526,0.037915,0.039607,0.037882,0.055382,0.039006,0.042898,0.044751,0.049235,0.049903
0.037781,0.035895,0.042131,0.035404,0.036271,0.030823,0.037111,0.055735,0.031646,0.023932,0.042215,0.040807,0.036941,0.038196,0.035741,0.04453,0.047163,0.030906,0.038016,0.028881,0.035885,0.032962,0.035098,0.035709,0.04223,0.035933,0.0383,0.023894,0.040728,0.028583,0.035721,0.035157,0.032348,0.034614,0.030596,0.038536,0.027581,0.032953,0.0375,0.026543
0.041905,0.041605,0.036144,0.03531,0.047843,0.035876,0.029079,0.03286,0.034996,0.036849,0.027866,0.03307,0.040735,0.037011,0.047083,0.041459,0.03385,0.030234,0.034692,0.034604,0.041841,0.041593,0.036004,0.035013,0.034045,0.030131,0.033109,0.034832,0.034249,0.032979,0.033136,0.036899,0.025396,0.038536,0.03449,0.028244,0.038666,0.032713,0.032835,0.032279
0.037237,0.041127,0.035509,0.038444,0.027034,0.032734,0.034919,0.034527,0.035426,0.026777,0.041966,0.028971,0.036414,0.032877,0.031299,0.031848,0.035509,0.027656,0.040897,0.065115,0.034082,0.03358,0.031236,0.033048,0.034411,0.038378,0.026379,0.032176,0.035208,0.033968,0.035461,0.031789,0.031522,0.035236,0.032787,0.03061,0.033598,0.040663,0.038792,0.021956
0.029639,0.03504,0.035705,0.032713,0.033876,0.029363,0.035882,0.027854,0.041311,0.032085,0.031779,0.035191,0.027194,0.032672,0.037166,0.019762,0.033568,0.020253,0.026392,0.039967,0.048248,0.031249,0.033008,0.032878,0.034055,0.029635,0.042282,0.041723,0.035695,0.03461,0.032713,0.033414,0.029974,0.036356,0.033697,0.036056,0.041951,0.041348,0.047812,0.029092
0.043646,0.038766,0.03599,0.037428,0.02514,0.028841,0.021915,0.033581,0.033626,0.036211,0.0336,0.036427,0.026221,0.035451,0.035723,0.033928,0.032824,0.036693,0.049202,0.027799,0.034422,0.03619,0.033966,0.026715,0.037102,0.034733,0.027757,0.033394,0.0364,0.034606,0.041099,0.038108,0.039996,0.032266,0.036573,0.02824,0.032434,0.037301,0.033007,0.033275
0.031959,0.033485,0.034224,0.025405,0.037294,0.035951,0.034066,0.032516,0.030992,0.041528,0.023972,0.031843,0.034779,0.035446,0.034116,0.036161,0.032569,0.033242,0.029167,0.017414,0.017637,0.017656,0.039079,0.021739,0.042263,0.04194,0.034062,0.031906,0.039545,0.039158,0.020337,0.033885,0.018808,0.034573,0.040766,0.028304,0.034008,0.034646,0.028892,0.034252
0.035558,0.034596,0.028113,0.034632,0.033796,0.035452,0.034849,0.029368,0.034253,0.040194,0.047927,0.036009,0.042258,0.034956,0.027967,0.034409,0.040896,0.02931,0.035357,0.028102,0.035975,0.039143,0.026716,0.037352,0.048203,0.033647,0.034891,0.027864,0.03788,0.035172,0.031385,0.029974,0.01858,0.035639,0.034084,0.030359,0.034065,0.033608,0.034313,0.030465
0.033966,0.036145,0.030981,0.030748,0.035649,0.034276,0.032282,0.031175,0.035154,0.034405,0.034818,0.029905,0.039684,0.047948,0.031181,0.033752,0.032441,0.034329,0.029983,0.041004,0.029047,0.032919,0.033499,0.029679,0.036185,0.019188,0.049426,0.01912,0.029285,0.034634,0.028531,0.035143,0.035116,0.031725,0.03161,0.040849,0.027432,0.036413,0.033125,0.029525
0.034938,0.033846,0.037847,0.030026,0.02885,0.037237,0.033117,0.027584,0.036469,0.034412,0.035439,0.018502,0.03632,0.029782,0.026864,0.036321,0.033779,0.034131,0.028851,0.040855,0.048418,0.029386,0.04086,0.041625,0.041881,0.041922,0.043091,0.046403,0.027997,0.036522,0.028258,0.035586,0.034323,0.040313,0.019362,0.036999,0.041552,0.029433,0.034286,0.026663
0.037368,0.039354,0.030293,0.046863,0.04179,0.041052,0.035902,0.028032,0.034805,0.018382,0.037037,0.031799,0.032373,0.03457,0.032477,0.030266,0.034486,0.034989,0.033662,0.033909,0.029095,0.036068,0.033783,0.029711,0.034169,0.040851,0.048138,0.028735,0.035395,0.028764,0.034484,0.04206,0.027967,0.033338,0.033683,0.036218,0.028435,0.036784,0.025254,0.03633
0.034746,0.034718,0.026447,0.036491,0.04114,0.022605,0.040709,0.032843,0.029719,0.035385,0.033905,0.034586,0.03302,0.029951,0.036041,0.034676,0.033186,0.034494,0.027727,0.037664,0.033617,0.026656,0.035753,0.035948,0.018569,0.032357,0.032545,0.027872,0.041069,0.021164,0.029816,0.032002,0.036387,0.040957,0.036027,0.034841,0.034978,0.031434,0.032577,0.03294
0.036064,0.033697,0.027717,0.03558,0.034166,0.035336,0.033827,0.032795,0.031572,0.035487,0.032928,0.029979,0.034091,0.034257,0.035955,0.034124,0.028262,0.034081,0.036901,0.026627,0.034702,0.034927,0.035139,0.035176,0.047899,0.035556,0.047927,0.028557,0.035245,0.033896,0.03554,0.035016,0.025353,0.035365,0.024975,0.028352,0.031186,0.036437,0.018757,0.025816
0.018653,0.021871,0.018942,0.023882,0.01836,0.022802,0.046047,0.017999,0.030362,0.03472,0.036204,0.033432,0.035705,0.041288,0.036114,0.041285,0.036044,0.040982,0.033519,0.028675,0.035227,0.034487,0.036097,0.033733,0.033152,0.035995,0.029494,0.033773,0.028572,0.034167,0.035532,0.035264,0.034231,0.031892,0.025523,0.046253,0.025419,0.030947,0.035588,0.034883
0.03495,0.027943,0.034517,0.034298,0.036011,0.035189,0.033662,0.028787,0.037853,0.044926,0.037648,0.033114,0.032525,0.029875,0.034542,0.035493,0.0331,0.037128,0.029742,0.032839,0.033826,0.034447,0.031132,0.032846,0.035382,0.034554,0.034346,0.027186,0.035954,0.033421,0.036364,0.033737,0.032346,0.031495,0.033749,0.034354,0.03154,0.033168,0.033973,0.036303
0.027305,0.033793,0.041306,0.029211,0.034412,0.028613,0.040801,0.024289,0.038042,0.023413,0.021643,0.032442,0.017243,0.017567,0.018315,0.021425,0.043978,0.023908,0.032644,0.030434,0.031639,0.035635,0.027843,0.03501,0.035407,0.035123,0.033145,0.028596,0.035225,0.034272,0.035252,0.034677,0.028573,0.034634,0.035305,0.032444,0.018896,0.031905,0.018515,0.030513
0.024028,0.01962,0.017363,0.017426,0.027214,0.026303,0.024359,0.020914,0.038641,0.035352,0.032672,0.029427,0.035054,0.034578,0.034128,0.025757,0.044106,0.026967,0.037543,0.032364,0.035987,0.029599,0.033396,0.035359,0.028115,0.034927,0.034304,0.034424,0.033091,0.030516,0.035223,0.034734,0.033474,0.029096,0.035344,0.03461,0.040679,0.021434,0.023369,0.032655
0.01782,0.039912,0.045679,0.026051,0.029742,0.036734,0.040156,0.034669,0.037315,0.040585,0.035239,0.032181,0.02984,0.03537,0.034403,0.035841,0.030253,0.039739,0.024036,0.039046,0.048123,0.034233,0.033868,0.033978,0.029944,0.031646,0.037846,0.028371,0.041265,0.03596,0.027137,0.028277,0.034303,0.036614,0.033789,0.032471,0.031081,0.034873,0.024121,0.023388
0.035515,0.040604,0.022734,0.030227,0.037193,0.035895,0.03398,0.035853,0.030126,0.034026,0.032811,0.036594,0.032977,0.0339,0.028761,0.035933,0.032581,0.030182,0.035034,0.035621,0.033141,0.034448,0.034609,0.029909,0.035098,0.032665,0.029357,0.041346,0.027781,0.028591,0.035502,0.034325,0.035284,0.035147,0.026783,0.034603,0.036359,0.034277,0.034879,0.03145
0.031324,0.024711,0.021366,0.037647,0.017442,0.031518,0.035245,0.034156,0.034022,0.027549,0.042861,0.025554,0.038468,0.028417,0.034074,0.035232,0.033772,0.0281,0.041869,0.026124,0.036104,0.017983,0.01874,0.030452,0.031159,0.017819,0.031336,0.035869,0.034633,0.028116,0.035238,0.040644,0.03052,0.024658,0.03306,0.042726,0.035132,0.031183,0.031389,0.034925
0.027417,0.016063,0.032531,0.024534,0.046708,0.036835,0.031659,0.028606,0.035223,0.035792,0.036936,0.026111,0.034071,0.041017,0.029841,0.027956,0.034359,0.040706,0.029444,0.02709,0.035697,0.040932,0.026265,0.037315,0.032219,0.02978,0.035061,0.035465,0.033176,0.035349,0.031663,0.037785,0.028707,0.033618,0.02868,0.034926,0.036698,0.032699,0.034739,0.028456
0.0354,0.03487,0.033303,0.029608,0.034452,0.035225,0.035605,0.026169,0.037634,0.033753,0.034783,0.034889,0.028843,0.033296,0.035772,0.027057,0.033955,0.035992,0.034306,0.035248,0.033914,0.034212,0.027643,0.036852,0.027698,0.042655,0.027408,0.035047,0.035314,0.034347,0.029545,0.032621,0.035171,0.035147,0.026558,0.03414,0.043644,0.026437,0.035584,0.033728
0.03071,0.033966,0.034278,0.03459,0.032811,0.044167,0.01697,0.017357,0.017707,0.021392,0.018673,0.022857,0.01761,0.021099,0.018308,0.031461,0.035208,0.027043,0.034704,0.035373,0.036044,0.033084,0.034199,0.030209,0.034483,0.034614,0.034804,0.032638,0.035598,0.029213,0.034863,0.027655,0.035042,0.035173,0.034448,0.033305,0.036163,0.031612,0.031333,0.034257
0.03529,0.032164,0.031519,0.034058,0.033136,0.036048,0.035386,0.021206,0.042408,0.035134,0.031167,0.031424,0.035469,0.032526,0.029014,0.041343,0.026823,0.036626,0.026642,0.03719,0.034164,0.034757,0.034455,0.027634,0.035219,0.035131,0.03617,0.047128,0.035116,0.034757,0.028414,0.032614,0.036953,0.032503,0.030904,0.034008,0.035412,0.034719,0.031537,0.037138
0.031013,0.031977,0.018754,0.030449,0.033788,0.035067,0.032832,0.037291,0.024387,0.039191,0.027526,0.034898,0.018558,0.031061,0.034903,0.034693,0.035192,0.031718,0.032182,0.032932,0.035092,0.02795,0.034767,0.034164,0.041508,0.029951,0.033581,0.029049,0.040511,0.023789,0.039523,0.035139,0.029323,0.033517,0.03601,0.026931,0.034329,0.035504,0.034169,0.03362
0.036281,0.029221,0.034363,0.033063,0.036177,0.031045,0.033063,0.032984,0.029385,0.034419,0.03309,0.036608,0.034602,0.030873,0.032946,0.034721,0.033932,0.035076,0.041206,0.033482,0.036411,0.034994,0.034618,0.035524,0.026884,0.035468,0.035434,0.033644,0.035759,0.024038,0.038498,0.03563,0.032437,0.031315,0.03993,0.033173,0.030985,0.032409,0.030138,0.033488
0.03323,0.037916,0.027587,0.040896,0.029488,0.026608,0.042221,0.034102,0.034871,0.025873,0.037254,0.034902,0.042641,0.041142,0.028225,0.034889,0.02707,0.04229,0.028754,0.034346,0.035496,0.027855,0.034508,0.041093,0.02837,0.03562,0.026592,0.03624,0.034898,0.034235,0.02643,0.036324,0.029682,0.039351,0.027976,0.035385,0.035416,0.035471,0.034527,0.03162
0.036698,0.032518,0.031194,0.032814,0.030557,0.034977,0.034847,0.027686,0.035112,0.034245,0.035531,0.03479,0.033049,0.029846,0.040573,0.029222,0.029803,0.031325,0.033699,0.018503,0.037231,0.029814,0.034622,0.035214,0.035796,0.028893,0.033721,0.034637,0.034879,0.025741,0.034927,0.043157,0.029818,0.032766,0.028048,0.041936,0.029648,0.033435,0.049024,0.032789
0.029438,0.034875,0.035921,0.034428,0.033415,0.035769,0.034221,0.028778,0.028286,0.036152,0.039608,0.027131,0.036975,0.048024,0.027578,0.035138,0.036192,0.034285,0.034673,0.035233,0.0409,0.035059,0.041759,0.034175,0.026453,0.0255,0.025848,0.035201,0.018234,0.030485,0.035165,0.032475,0.030496,0.016963,0.017165,0.018179,0.018009,0.017536,0.01862,0.026279
0.017514,0.017438,0.035396,0.033377,0.018028,0.037646,0.019547,0.040711,0.03026,0.035636,0.033695,0.035641,0.028062,0.03528,0.034881,0.03361,0.034345,0.029109,0.039508,0.030898,0.034716,0.033642,0.034185,0.028144,0.036156,0.026837,0.04201,0.029256,0.043409,0.027621,0.03082,0.031079,0.034792,0.02686,0.034548,0.035331,0.035445,0.035102,0.033324,0.030092
0.033828,0.034902,0.032206,0.028801,0.036024,0.032826,0.037555,0.033308,0.031662,0.032258,0.035309,0.033546,0.024712,0.026515,0.026091,0.023766,0.018252,0.026934,0.036827,0.03423,0.028611,0.034636,0.034713,0.034791,0.03308,0.02953,0.041655,0.041077,0.035494,0.035499,0.028399,0.041009,0.041807,0.042073,0.032804,0.029535,0.034271,0.035082,0.024089,0.039915
0.034125,0.034286,0.028376,0.035849,0.034142,0.035621,0.032216,0.030633,0.041138,0.027001,0.034735,0.029061,0.034608,0.035825,0.017575,0.036796,0.025835,0.030694,0.041539,0.033712,0.030305,0.026949,0.034626,0.023456,0.032292,0.028987,0.04223,0.033673,0.025994,0.038057,0.024506,0.036854,0.035201,0.034982,0.03236,0.037375,0.0285,0.034441,0.033275,0.031335
0.033686,0.034279,0.034198,0.018212,0.031347,0.034495,0.037673,0.021514,0.038149,0.017481,0.017298,0.03385,0.02984,0.03864,0.044568,0.036105,0.035069,0.02723,0.034903,0.040508,0.026361,0.036988,0.029507,0.033661,0.035073,0.03569,0.027943,0.033614,0.041419,0.029251,0.034664,0.03186,0.031272,0.033843,0.027133,0.034789,0.028324,0.029249,0.03011,0.032016
0.03442,0.035001,0.027739,0.035763,0.04095,0.032077,0.02437,0.0346,0.041034,0.032604,0.031015,0.034141,0.029671,0.033599,0.035266,0.03596,0.029537,0.032213,0.040792,0.025502,0.037869,0.032541,0.031269,0.034836,0.027539,0.042155,0.029133,0.038961,0.026292,0.037588,0.034922,0.027945,0.034457,0.035393,0.02831,0.033691,0.036286,0.034754,0.033073,0.035284
0.028903,0.035023,0.035234,0.027888,0.034209,0.041753,0.026723,0.036891,0.032176,0.031415,0.03274,0.036035,0.027507,0.034732,0.041078,0.030053,0.033412,0.031121,0.038142,0.025248,0.031271,0.034383,0.035225,0.03522,0.03435,0.033381,0.029766,0.041133,0.03463,0.026254,0.036903,0.02442,0.044686,0.028642,0.030141,0.033494,0.034642,0.035243,0.034854,0.031888
0.03092,0.035071,0.033523,0.034604,0.029127,0.033697,0.029702,0.040371,0.035317,0.019252,0.027417,0.03678,0.031097,0.032284,0.035445,0.02742,0.035428,0.034092,0.035501,0.032698,0.036011,0.028606,0.034544,0.035316,0.027667,0.03431,0.041646,0.029897,0.034144,0.03136,0.033257,0.031886,0.035538,0.033836,0.033457,0.036458,0.031156,0.024732,0.032852,0.031907
0.027338,0.029685,0.038297,0.028747,0.033729,0.035651,0.03185,0.03856,0.030492,0.032204,0.034993,0.023422,0.04037,0.034053,0.031692,0.037566,0.030916,0.031395,0.033946,0.029075,0.041686,0.026209,0.030573,0.036486,0.032748,0.033869,0.036749,0.034195,0.03476,0.027071,0.036157,0.03345,0.034777,0.029385,0.034393,0.035022,0.02848,0.030489,0.037985,0.035771
0.027993,0.041418,0.030344,0.032628,0.03476,0.033947,0.029627,0.035187,0.034943,0.033134,0.029273,0.035022,0.039723,0.026602,0.037349,0.027023,0.035774,0.035521,0.034528,0.032988,0.037987,0.022688,0.037504,0.025996,0.036714,0.036468,0.034498,0.035019,0.033805,0.027867,0.041448,0.029866,0.032146,0.031106,0.035084,0.034154,0.027766,0.03525,0.035375,0.033273
0.036256,0.032264,0.030162,0.033708,0.036022,0.034092,0.033389,0.030496,0.034701,0.033852,0.027584,0.036023,0.018303,0.037921,0.031649,0.017157,0.030586,0.030961,0.029602,0.040953,0.030983,0.03083,0.036357,0.034423,0.034142,0.034579,0.027556,0.036911,0.033628,0.02765,0.034207,0.043379,0.027744,0.026806,0.035961,0.042254,0.041022,0.041479,0.026225,0.037693
0.033674,0.035429,0.024191,0.039471,0.033644,0.028835,0.03504,0.03372,0.034834,0.033962,0.030313,0.033792,0.035383,0.034848,0.026798,0.036939,0.031751,0.03718,0.030256,0.03231,0.034602,0.035085,0.02802,0.034805,0.029342,0.019181,0.0196,0.02976,0.032623,0.037018,0.018349,0.029927,0.033369,0.037327,0.024478,0.025988,0.034904,0.032358,0.01828,0.031785
