0.067032,0.052974,0.044684,0.042851,0.046945,0.045121,0.054543,0.044683,0.054845,0.045828,0.047294,0.042512,0.047343,0.046105,0.054423,0.045019,0.057072,0.043816,0.058927,0.052533,0.044851,0.044976,0.056368,0.046396,0.050219,0.046206,0.053172,0.047719,0.053178,0.05056,0.048726,0.055344,0.051586,0.044175,0.045554,0.054195,0.045432,0.051541,0.051599,0.048763
0.032811,0.040241,0.047856,0.029694,0.03295,0.03969,0.044812,0.048131,0.031857,0.039866,0.046201,0.054628,0.05662,0.040924,0.054148,0.034514,0.035508,0.028413,0.033533,0.026876,0.041769,0.027586,0.046545,0.03717,0.050061,0.028903,0.038984,0.048573,0.050018,0.050382,0.0496,0.039243,0.036528,0.030317,0.031057,0.048666,0.036434,0.027205,0.047186,0.035374
0.051022,0.03155,0.034796,0.02976,0.038265,0.026622,0.035357,0.037763,0.045698,0.036315,0.025207,0.032716,0.02876,0.025884,0.033542,0.039161,0.043952,0.030116,0.041016,0.04751,0.048966,0.048361,0.036145,0.047487,0.033696,0.035998,0.049032,0.049441,0.049602,0.047959,0.035012,0.036803,0.043902,0.035956,0.02616,0.025649,0.051328,0.025879,0.029982,0.032629
0.02981,0.047202,0.046346,0.034412,0.038686,0.048149,0.049126,0.036111,0.044055,0.038001,0.02998,0.039725,0.048591,0.046449,0.052344,0.033375,0.036019,0.026843,0.03401,0.047664,0.03687,0.033744,0.034808,0.047137,0.051569,0.050732,0.033278,0.049308,0.04907,0.04552,0.036197,0.048265,0.033811,0.036122,0.048446,0.035584,0.050421,0.047249,0.047867,0.040657
0.036497,0.022649,0.037539,0.050224,0.031802,0.044545,0.035174,0.035067,0.035877,0.04828,0.047343,0.031767,0.039712,0.035466,0.025179,0.037229,0.040307,0.024261,0.038291,0.029769,0.035917,0.047166,0.041615,0.022639,0.038628,0.049619,0.033867,0.028865,0.034568,0.035751,0.036316,0.027437,0.033949,0.035091,0.049063,0.048133,0.034642,0.035883,0.031399,0.051843
0.048059,0.036556,0.047996,0.042735,0.040459,0.051486,0.048737,0.033158,0.047845,0.049056,0.035556,0.039912,0.023184,0.024055,0.026723,0.032167,0.02345,0.033464,0.033002,0.028794,0.034324,0.041785,0.023287,0.038269,0.042974,0.041775,0.026248,0.044655,0.023251,0.036672,0.04528,0.039717,0.029856,0.037798,0.035099,0.044402,0.052592,0.051405,0.027599,0.036785
0.032405,0.032731,0.044199,0.022267,0.049462,0.041403,0.030914,0.027778,0.03337,0.046946,0.03532,0.048558,0.035632,0.03484,0.030183,0.035987,0.049831,0.050306,0.033803,0.030433,0.040349,0.027062,0.036781,0.03525,0.027568,0.035598,0.048171,0.051322,0.032194,0.049059,0.038568,0.049012,0.032627,0.033207,0.028595,0.035148,0.022483,0.024908,0.03585,0.040818
0.030458,0.04611,0.053959,0.025173,0.040611,0.028795,0.028548,0.027951,0.026253,0.034511,0.03562,0.047266,0.037122,0.027494,0.033577,0.031373,0.039778,0.047565,0.049645,0.047727,0.036498,0.053426,0.025748,0.038976,0.047031,0.036356,0.047933,0.047851,0.042808,0.029175,0.031047,0.051331,0.033852,0.03085,0.035511,0.035865,0.028521,0.035533,0.04674,0.038073
0.048969,0.037474,0.023839,0.037868,0.03424,0.028344,0.034452,0.035669,0.04742,0.034272,0.048998,0.036057,0.048877,0.048712,0.035568,0.047113,0.036409,0.0476,0.049871,0.026001,0.022794,0.034928,0.035387,0.048592,0.048918,0.033904,0.040226,0.024311,0.041282,0.02331,0.039934,0.047581,0.049497,0.035239,0.053276,0.027296,0.03796,0.035335,0.034661,0.033617
0.024437,0.037549,0.034757,0.031626,0.052157,0.030101,0.034023,0.047901,0.035682,0.047822,0.05447,0.031879,0.0465,0.036374,0.047543,0.035034,0.043588,0.041041,0.048152,0.048438,0.03656,0.047313,0.04938,0.035346,0.047515,0.041261,0.041194,0.0368,0.048429,0.053168,0.033126,0.032758,0.052901,0.044073,0.037313,0.046708,0.055466,0.029483,0.046944,0.036525
0.046392,0.036801,0.033164,0.049226,0.054789,0.024848,0.039296,0.049146,0.048976,0.049261,0.033581,0.047256,0.036877,0.050022,0.048376,0.035533,0.052969,0.034319,0.031375,0.029605,0.034013,0.031482,0.037425,0.035143,0.028327,0.034578,0.047751,0.033992,0.036403,0.047759,0.049109,0.041629,0.041579,0.036117,0.047678,0.049866,0.041198,0.029267,0.031219,0.051122
0.038777,0.02346,0.041683,0.030213,0.030576,0.033156,0.039493,0.023857,0.03731,0.049848,0.048711,0.049992,0.048299,0.035812,0.047541,0.036432,0.048546,0.047516,0.035984,0.033743,0.035361,0.034194,0.029593,0.038738,0.025509,0.032808,0.035516,0.034069,0.035243,0.053425,0.025689,0.038184,0.049775,0.047986,0.048163,0.042135,0.028754,0.033573,0.043071,0.041925
0.028577,0.033969,0.048917,0.035363,0.048418,0.035467,0.044729,0.039502,0.048278,0.048367,0.0355,0.048202,0.036462,0.053007,0.049641,0.041546,0.036784,0.040273,0.049246,0.042171,0.03958,0.050482,0.029489,0.040084,0.022978,0.039138,0.030543,0.033373,0.044241,0.046171,0.048637,0.025864,0.038265,0.048579,0.049214,0.048009,0.048866,0.035944,0.048152,0.040841
0.024136,0.038513,0.031452,0.041832,0.038689,0.041316,0.043553,0.03504,0.034348,0.032543,0.050285,0.032542,0.051321,0.033699,0.041704,0.043143,0.028795,0.040435,0.03002,0.029855,0.035444,0.031683,0.035276,0.031127,0.02274,0.022612,0.02102,0.048666,0.034966,0.047957,0.036735,0.046804,0.036238,0.047944,0.055227,0.042267,0.035749,0.034308,0.049094,0.054749
0.025751,0.037095,0.037152,0.039673,0.042356,0.030468,0.032906,0.034958,0.048169,0.04367,0.040633,0.042961,0.040684,0.048028,0.040984,0.041852,0.035674,0.054372,0.023841,0.040986,0.03246,0.044144,0.040744,0.025617,0.038664,0.048526,0.048503,0.041463,0.023911,0.033206,0.03433,0.035906,0.047184,0.042292,0.028391,0.048415,0.049135,0.049104,0.034358,0.048881
0.041524,0.032238,0.026388,0.03075,0.037762,0.048334,0.039413,0.024883,0.032936,0.034556,0.034817,0.035492,0.053945,0.025152,0.038854,0.048439,0.048834,0.035776,0.047724,0.049377,0.049186,0.035132,0.034102,0.048755,0.035194,0.04873,0.048799,0.049108,0.034539,0.035362,0.047798,0.049087,0.036539,0.038988,0.029844,0.025492,0.037059,0.038533,0.026522,0.03756
0.050452,0.031678,0.045388,0.033967,0.042495,0.023517,0.038654,0.034823,0.028149,0.036176,0.047864,0.048116,0.037144,0.047203,0.036478,0.034054,0.036093,0.027832,0.032182,0.036633,0.033971,0.032634,0.031347,0.033176,0.036722,0.032965,0.03624,0.02362,0.039977,0.032676,0.034831,0.03347,0.026194,0.022683,0.02999,0.031328,0.023179,0.026178,0.023023,0.029907
0.027893,0.041301,0.041118,0.021638,0.037423,0.030132,0.037088,0.048072,0.036571,0.029631,0.032942,0.033797,0.04115,0.042232,0.033751,0.039378,0.023366,0.036985,0.04786,0.035383,0.037327,0.031124,0.037066,0.024919,0.038015,0.033103,0.032266,0.034377,0.033224,0.032771,0.041867,0.023972,0.035373,0.033387,0.039357,0.023211,0.034494,0.022817,0.028905,0.035382
0.031957,0.037424,0.023047,0.036253,0.041161,0.023881,0.040104,0.029756,0.03797,0.030169,0.033294,0.036494,0.024832,0.037197,0.048533,0.041595,0.037419,0.022523,0.035397,0.050339,0.030288,0.033346,0.035366,0.034645,0.034274,0.032788,0.027845,0.041054,0.024133,0.041652,0.048327,0.036077,0.023239,0.039862,0.048046,0.03515,0.035938,0.028173,0.038258,0.034489
0.031709,0.030415,0.034348,0.031028,0.022706,0.027026,0.034716,0.034894,0.028702,0.036189,0.032528,0.049246,0.039852,0.023148,0.041703,0.027164,0.041767,0.029412,0.047919,0.043983,0.03977,0.036004,0.034867,0.03321,0.025304,0.038671,0.032421,0.037151,0.0242,0.038065,0.03596,0.030601,0.033272,0.033716,0.038664,0.030267,0.034093,0.030677,0.031694,0.035849
0.032392,0.03026,0.035668,0.04866,0.03901,0.049856,0.049124,0.042529,0.036414,0.035543,0.035897,0.039794,0.02178,0.032612,0.035329,0.041579,0.023813,0.021704,0.032031,0.031108,0.03396,0.030622,0.035959,0.04965,0.048736,0.041787,0.022197,0.038772,0.030899,0.029073,0.021511,0.032964,0.039979,0.022961,0.040459,0.029602,0.030935,0.037068,0.033615,0.032905
0.034037,0.032237,0.0362,0.029655,0.038612,0.028551,0.034276,0.036096,0.02994,0.038662,0.023731,0.039176,0.041285,0.035472,0.033399,0.035697,0.04163,0.042203,0.035998,0.033649,0.035605,0.034888,0.028004,0.035221,0.022824,0.022445,0.022769,0.023209,0.0216,0.022922,0.030161,0.023566,0.022342,0.022637,0.023378,0.02271,0.023083,0.023365,0.022296,0.022539
0.025935,0.022507,0.026446,0.023377,0.023073,0.022268,0.022871,0.031631,0.025043,0.021896,0.027775,0.022409,0.022167,0.021981,0.022017,0.033298,0.033969,0.02632,0.03707,0.035247,0.034913,0.030197,0.031387,0.041935,0.022168,0.035222,0.02301,0.032462,0.032479,0.034325,0.031581,0.033949,0.035748,0.031874,0.029125,0.036027,0.035381,0.029299,0.036668,0.02908
0.037629,0.047049,0.035828,0.032952,0.030349,0.034635,0.041864,0.023987,0.032286,0.033668,0.035986,0.034338,0.030642,0.036382,0.030862,0.035324,0.033658,0.032459,0.028685,0.037867,0.033019,0.034175,0.033277,0.031019,0.035265,0.030341,0.037114,0.031898,0.04692,0.035655,0.033167,0.036025,0.032061,0.03233,0.033725,0.034125,0.034383,0.037079,0.023657,0.038332
0.034573,0.034391,0.029973,0.054089,0.023822,0.038785,0.035189,0.033785,0.037543,0.022736,0.039153,0.032187,0.038049,0.024856,0.042234,0.030087,0.029226,0.03613,0.033154,0.03172,0.029898,0.035268,0.03418,0.03507,0.032729,0.036445,0.029479,0.034063,0.047249,0.036096,0.048314,0.035884,0.034382,0.032191,0.033503,0.029723,0.037363,0.034594,0.029752,0.032833
0.034863,0.037147,0.028394,0.035438,0.033468,0.031984,0.035102,0.033332,0.027454,0.037493,0.035816,0.028977,0.031535,0.036087,0.048379,0.036247,0.033973,0.033508,0.031875,0.035023,0.033584,0.034095,0.031697,0.030706,0.022797,0.026525,0.033516,0.022541,0.027955,0.023348,0.02564,0.040389,0.030808,0.033962,0.028052,0.038937,0.027982,0.037556,0.034273,0.030231
0.035377,0.029066,0.040457,0.0278,0.030509,0.04223,0.030545,0.030806,0.031385,0.035207,0.031669,0.036245,0.02974,0.038894,0.025527,0.044499,0.02221,0.04123,0.029247,0.032498,0.021914,0.029109,0.034206,0.04045,0.024114,0.036778,0.032265,0.034912,0.03241,0.027572,0.037105,0.035559,0.038717,0.029599,0.029286,0.034638,0.047842,0.035261,0.048432,0.034654
0.036138,0.031499,0.028606,0.036082,0.034907,0.032063,0.037767,0.026794,0.036162,0.034329,0.028279,0.036307,0.033973,0.048632,0.044692,0.022202,0.035957,0.031055,0.034101,0.054072,0.025983,0.044258,0.030243,0.029012,0.036475,0.030276,0.035447,0.031355,0.031686,0.032441,0.038301,0.031716,0.030377,0.034282,0.035284,0.034684,0.031061,0.038155,0.024697,0.037971
0.047634,0.03591,0.035007,0.028697,0.034211,0.034852,0.033685,0.036035,0.031454,0.033493,0.032134,0.036069,0.030057,0.036165,0.028136,0.022256,0.024858,0.042878,0.02557,0.039299,0.025969,0.038932,0.034205,0.031352,0.033147,0.037171,0.027873,0.030987,0.03445,0.035384,0.035707,0.033347,0.033464,0.037104,0.029092,0.038455,0.031012,0.03184,0.030458,0.034059
0.050257,0.035433,0.028545,0.033399,0.034166,0.034861,0.034657,0.037553,0.02307,0.037365,0.035431,0.048141,0.0347,0.034676,0.032433,0.044174,0.041853,0.041807,0.041968,0.023717,0.040129,0.031193,0.033934,0.034373,0.029962,0.036265,0.034113,0.030831,0.039663,0.041988,0.036966,0.035028,0.028382,0.039429,0.027265,0.036399,0.049161,0.049223,0.03436,0.034501
0.034093,0.030652,0.031705,0.037376,0.031163,0.03475,0.031852,0.032938,0.035678,0.035903,0.034336,0.025028,0.030774,0.041925,0.030653,0.038083,0.025281,0.037447,0.056243,0.021275,0.036628,0.024684,0.022904,0.03368,0.040852,0.041073,0.042801,0.030389,0.031819,0.03295,0.037546,0.030553,0.034475,0.030319,0.033005,0.03159,0.042357,0.043467,0.034486,0.034643
0.035567,0.024162,0.021871,0.031976,0.032869,0.038334,0.044917,0.035791,0.036169,0.028294,0.032327,0.021554,0.028802,0.035069,0.033144,0.034724,0.036044,0.030188,0.029618,0.022442,0.02954,0.021759,0.023261,0.030907,0.022301,0.033999,0.035091,0.048098,0.035397,0.034981,0.032261,0.030384,0.033467,0.030792,0.033108,0.022253,0.032511,0.021667,0.023352,0.027927
0.031981,0.025164,0.037375,0.032889,0.037068,0.025057,0.038522,0.032439,0.036939,0.029816,0.037917,0.025161,0.040615,0.028444,0.03779,0.044545,0.042146,0.021928,0.040984,0.030149,0.035017,0.03102,0.036578,0.035219,0.027359,0.037911,0.027427,0.032872,0.03462,0.034372,0.035989,0.038178,0.022759,0.045663,0.022327,0.039635,0.025931,0.040465,0.02894,0.04074
0.02246,0.036814,0.035791,0.032073,0.034097,0.034488,0.033355,0.026312,0.045765,0.022287,0.039421,0.042658,0.035339,0.04056,0.049224,0.029104,0.035094,0.031809,0.035882,0.03008,0.034511,0.035456,0.032771,0.0289,0.034261,0.036036,0.036263,0.029164,0.030487,0.022003,0.029077,0.033258,0.039674,0.049557,0.030957,0.035304,0.029466,0.035866,0.030845,0.040772
0.029972,0.029016,0.029768,0.02185,0.031512,0.023237,0.023806,0.02234,0.022734,0.02169,0.020902,0.02199,0.021736,0.021541,0.02261,0.024541,0.027458,0.0229,0.022227,0.026885,0.022315,0.029039,0.0237,0.026997,0.028605,0.025457,0.033489,0.03431,0.028748,0.038565,0.024951,0.040524,0.02862,0.034527,0.035016,0.037846,0.024018,0.036282,0.033625,0.035858
0.03522,0.027897,0.03446,0.033892,0.042736,0.021631,0.034409,0.03958,0.024753,0.032562,0.040608,0.026681,0.037439,0.049133,0.035225,0.034428,0.035247,0.024136,0.021705,0.034846,0.026047,0.02185,0.022815,0.030504,0.031859,0.03282,0.02809,0.02509,0.026741,0.039042,0.025153,0.044494,0.023811,0.022637,0.029756,0.032582,0.039673,0.024778,0.043148,0.022839
0.037088,0.039612,0.042045,0.035741,0.035666,0.028998,0.034601,0.034036,0.049116,0.035858,0.031804,0.035396,0.030976,0.033814,0.034869,0.033773,0.03037,0.039021,0.024212,0.038873,0.0322,0.040943,0.023815,0.020955,0.030002,0.028098,0.040829,0.032312,0.031148,0.031993,0.0351,0.034562,0.029676,0.035305,0.035414,0.039019,0.023727,0.033965,0.03677,0.027921
0.040285,0.033072,0.026308,0.03804,0.036195,0.031132,0.037992,0.023553,0.03893,0.03332,0.030004,0.033816,0.041464,0.021523,0.034688,0.041252,0.024899,0.037054,0.030169,0.041033,0.027544,0.041872,0.023146,0.039188,0.031944,0.034722,0.030112,0.037915,0.029336,0.035419,0.030638,0.036477,0.030427,0.037902,0.025559,0.038094,0.039508,0.02456,0.033807,0.035655
0.047748,0.035438,0.053377,0.03137,0.036279,0.024267,0.036285,0.035419,0.034212,0.028922,0.034258,0.021594,0.028736,0.032279,0.035608,0.035372,0.029791,0.035445,0.051705,0.036043,0.022419,0.039309,0.039692,0.022603,0.036078,0.035758,0.03883,0.030481,0.028725,0.032042,0.036904,0.033445,0.033053,0.037082,0.02532,0.04414,0.022804,0.03564,0.046825,0.035103
0.03557,0.053572,0.036313,0.02948,0.029364,0.035452,0.037575,0.027399,0.036666,0.026995,0.022357,0.031862,0.051168,0.031771,0.031922,0.038818,0.029247,0.032764,0.031385,0.034801,0.038371,0.031646,0.031342,0.029156,0.036694,0.035288,0.03861,0.02397,0.035182,0.033191,0.03664,0.032287,0.030155,0.034883,0.052836,0.026391,0.038388,0.036348,0.033535,0.028301
