0.049323,0.044536,0.0399,0.044515,0.044894,0.039012,0.049046,0.055425,0.039265,0.037675,0.038073,0.037618,0.037835,0.039509,0.054085,0.038924,0.038433,0.055103,0.042442,0.03984,0.044552,0.042974,0.042612,0.051377,0.051807,0.041817,0.037825,0.047857,0.05423,0.050148,0.03886,0.042833,0.056684,0.038159,0.038056,0.049461,0.038203,0.038655,0.037489,0.052662
0.03879,0.055194,0.038558,0.028901,0.025709,0.035481,0.044663,0.0384,0.045008,0.045025,0.028719,0.027111,0.03889,0.049526,0.050415,0.047397,0.049196,0.033969,0.033037,0.037112,0.031672,0.037941,0.027105,0.03351,0.032464,0.034034,0.032679,0.03886,0.045782,0.058986,0.047369,0.030733,0.027502,0.040451,0.047192,0.056042,0.034443,0.026419,0.027081,0.031402
0.027069,0.02449,0.035956,0.047037,0.036399,0.048329,0.033555,0.050105,0.054113,0.026384,0.037427,0.048736,0.03712,0.030811,0.051667,0.031544,0.051843,0.036042,0.024917,0.042542,0.042332,0.041872,0.025331,0.034203,0.024603,0.029958,0.025781,0.024778,0.026947,0.030454,0.024945,0.025104,0.032139,0.025704,0.025151,0.025144,0.033142,0.025791,0.032635,0.024533
0.026404,0.0283,0.025315,0.035276,0.02659,0.026836,0.033566,0.023164,0.022989,0.024234,0.024236,0.028262,0.023691,0.030324,0.03208,0.041671,0.027742,0.038546,0.027185,0.035743,0.036523,0.041656,0.039707,0.044907,0.05741,0.03545,0.030708,0.027975,0.036804,0.047941,0.037546,0.027624,0.056138,0.041078,0.035125,0.037118,0.045009,0.041834,0.029915,0.029661
0.031426,0.039368,0.043575,0.041155,0.029783,0.03174,0.050439,0.049213,0.049496,0.04835,0.035806,0.053243,0.027556,0.043498,0.023616,0.035894,0.045252,0.036273,0.033821,0.049147,0.035249,0.053271,0.031129,0.032154,0.049785,0.050012,0.047671,0.041353,0.043139,0.034706,0.054374,0.030472,0.031928,0.050626,0.048736,0.049032,0.035198,0.04284,0.042132,0.033865
0.030582,0.045116,0.03556,0.038718,0.027306,0.038468,0.03576,0.040006,0.04204,0.030229,0.036514,0.045831,0.056088,0.047045,0.033344,0.030829,0.036596,0.030223,0.030175,0.025146,0.027728,0.033907,0.033817,0.036858,0.031519,0.034583,0.025717,0.043001,0.02353,0.042627,0.033364,0.049847,0.041956,0.042187,0.030188,0.050237,0.024384,0.039578,0.048993,0.048264
0.030646,0.038707,0.035585,0.02785,0.040107,0.027,0.039355,0.035054,0.023445,0.037593,0.048254,0.041526,0.023047,0.039114,0.033965,0.026958,0.037353,0.049608,0.035899,0.034305,0.028724,0.032347,0.035692,0.048905,0.049122,0.041828,0.023451,0.033142,0.036104,0.035624,0.051812,0.02804,0.036216,0.047789,0.03599,0.035235,0.034827,0.028724,0.04729,0.035573
0.047738,0.035069,0.035156,0.048095,0.054908,0.028067,0.038015,0.026377,0.034775,0.032261,0.036901,0.048616,0.049018,0.05484,0.028913,0.036248,0.034419,0.034942,0.033269,0.025247,0.039089,0.034842,0.02745,0.040493,0.024327,0.040133,0.029628,0.038546,0.036886,0.022287,0.036844,0.051299,0.033068,0.04538,0.039878,0.029134,0.035112,0.048042,0.035517,0.04754
0.037228,0.031149,0.050463,0.049309,0.048462,0.035,0.036227,0.027505,0.043197,0.02159,0.038065,0.049859,0.048905,0.034732,0.053324,0.025677,0.032636,0.035259,0.035864,0.046433,0.042416,0.023983,0.038273,0.034168,0.030999,0.047519,0.042106,0.024603,0.037539,0.032993,0.044158,0.04116,0.031673,0.051775,0.037308,0.022134,0.039049,0.048687,0.048677,0.04933
0.035139,0.046972,0.039261,0.045946,0.035527,0.048548,0.033757,0.034731,0.0314,0.034479,0.047118,0.022506,0.025337,0.035271,0.022387,0.030439,0.02901,0.022647,0.023606,0.023079,0.023985,0.024046,0.027312,0.022332,0.022838,0.023565,0.022664,0.029397,0.027364,0.02394,0.022727,0.025682,0.029302,0.021765,0.03167,0.022674,0.032898,0.024109,0.023257,0.022639
0.023684,0.022006,0.022408,0.023423,0.021748,0.022884,0.022658,0.027355,0.02668,0.023344,0.026437,0.023323,0.023057,0.021917,0.030199,0.03289,0.033261,0.023225,0.029993,0.023917,0.023967,0.025003,0.024583,0.023907,0.028412,0.025962,0.024429,0.024164,0.024941,0.024197,0.024521,0.023829,0.024947,0.022982,0.023712,0.023369,0.024099,0.022252,0.029009,0.023236
0.023782,0.026126,0.031174,0.030152,0.028099,0.030464,0.023982,0.022839,0.024447,0.023395,0.022119,0.024411,0.028849,0.023512,0.021989,0.023728,0.023551,0.02296,0.022821,0.028282,0.022697,0.021983,0.031511,0.025298,0.023601,0.023598,0.02337,0.022469,0.024251,0.023805,0.030694,0.02341,0.023681,0.027062,0.024285,0.023557,0.03423,0.024426,0.027327,0.032225
0.027698,0.021877,0.025485,0.021896,0.035371,0.033967,0.030145,0.040431,0.021367,0.034759,0.035798,0.033394,0.036839,0.047987,0.048359,0.048947,0.037577,0.045159,0.036261,0.048219,0.035502,0.042726,0.035832,0.023273,0.044134,0.035248,0.034592,0.049065,0.041267,0.030119,0.037444,0.03186,0.023558,0.022095,0.049912,0.049624,0.03635,0.033791,0.028723,0.0337
0.047792,0.037224,0.034756,0.027971,0.032378,0.036448,0.047967,0.036143,0.032975,0.048971,0.049449,0.049148,0.035036,0.048151,0.036445,0.037529,0.025107,0.032275,0.036119,0.035611,0.048137,0.048587,0.041968,0.021536,0.035352,0.031376,0.036345,0.036735,0.047912,0.05476,0.02467,0.040029,0.033377,0.029632,0.034632,0.035213,0.048513,0.048409,0.035218,0.048414
0.035202,0.044378,0.039545,0.048445,0.047934,0.036517,0.035011,0.048526,0.047861,0.049022,0.041078,0.02515,0.037848,0.042762,0.02258,0.046912,0.03056,0.039533,0.047503,0.04838,0.036371,0.053939,0.037198,0.028944,0.027426,0.03369,0.03418,0.036769,0.031224,0.044825,0.035892,0.03865,0.043184,0.03555,0.035285,0.048252,0.035167,0.048694,0.048175,0.0361
0.047672,0.036507,0.047576,0.034766,0.043123,0.041284,0.039801,0.029866,0.034798,0.023668,0.038468,0.028195,0.022451,0.032993,0.035438,0.029826,0.03696,0.050561,0.043194,0.035144,0.048686,0.034561,0.04351,0.040352,0.054576,0.02478,0.03958,0.03195,0.044728,0.028234,0.021404,0.040654,0.029129,0.033455,0.035728,0.048605,0.034858,0.038967,0.030281,0.028982
0.034321,0.03527,0.029266,0.033427,0.036374,0.032955,0.036301,0.027223,0.034097,0.03545,0.035543,0.032212,0.036209,0.025237,0.037514,0.038915,0.023524,0.034919,0.041481,0.041716,0.035982,0.03504,0.032375,0.031016,0.032734,0.043109,0.041745,0.035925,0.035477,0.027817,0.037882,0.025797,0.037369,0.035855,0.02998,0.040054,0.029963,0.032736,0.028197,0.045064
0.022117,0.037253,0.036612,0.023492,0.038806,0.048379,0.035526,0.030426,0.037245,0.028066,0.037338,0.03409,0.035488,0.028455,0.033179,0.036,0.041976,0.040567,0.035723,0.030868,0.034695,0.033012,0.031025,0.022252,0.023633,0.023357,0.031944,0.032023,0.022434,0.024775,0.038877,0.033855,0.031952,0.032852,0.032317,0.035182,0.033047,0.031317,0.034696,0.034565
0.035077,0.027107,0.034786,0.035844,0.032253,0.034357,0.033267,0.034083,0.033382,0.034462,0.033007,0.026689,0.038357,0.032493,0.036094,0.029734,0.032189,0.036669,0.031489,0.031938,0.033913,0.034628,0.048901,0.049305,0.035008,0.029093,0.039797,0.032272,0.033519,0.031683,0.035521,0.032982,0.030664,0.022363,0.027261,0.021803,0.027578,0.037041,0.031072,0.033719
0.035223,0.034625,0.026598,0.037129,0.035592,0.030221,0.031815,0.034236,0.042391,0.022318,0.038959,0.042329,0.04205,0.029832,0.033709,0.03364,0.035423,0.048441,0.035962,0.028106,0.034508,0.036423,0.028151,0.038231,0.04989,0.029138,0.034187,0.035883,0.032682,0.032492,0.035834,0.044526,0.035446,0.036364,0.033593,0.034758,0.028658,0.033491,0.021958,0.028783
0.038844,0.022223,0.041152,0.029307,0.039065,0.025112,0.038416,0.035999,0.024196,0.044024,0.025403,0.037217,0.033257,0.032875,0.038433,0.023135,0.033909,0.041402,0.025089,0.038205,0.035494,0.029915,0.033185,0.039651,0.02295,0.041309,0.02989,0.032135,0.036092,0.036209,0.023939,0.037951,0.034021,0.036648,0.038351,0.030397,0.027278,0.036276,0.034733,0.028023
0.032735,0.035496,0.048644,0.04868,0.035752,0.036018,0.030253,0.031464,0.030068,0.039584,0.033416,0.032584,0.03262,0.034711,0.031599,0.035689,0.034245,0.02674,0.021912,0.028852,0.035374,0.036482,0.035809,0.028454,0.031441,0.022249,0.026265,0.036933,0.03485,0.029746,0.032846,0.034495,0.03456,0.037003,0.033312,0.031064,0.032765,0.035294,0.037267,0.022903
0.045403,0.023069,0.036066,0.033292,0.034272,0.03503,0.028506,0.037335,0.032948,0.03189,0.033313,0.033119,0.035617,0.032946,0.026328,0.039262,0.03214,0.036513,0.029164,0.035206,0.033308,0.049095,0.03532,0.034137,0.030744,0.035009,0.032578,0.033305,0.032325,0.034107,0.032343,0.02918,0.033876,0.035544,0.039425,0.037905,0.022061,0.038618,0.025343,0.038675
0.033047,0.03583,0.029822,0.034998,0.03486,0.03064,0.0229,0.030238,0.02765,0.022584,0.023324,0.022794,0.025648,0.030485,0.024927,0.023929,0.027663,0.041337,0.021637,0.032502,0.037177,0.033808,0.035832,0.034067,0.036559,0.028128,0.035754,0.031467,0.029748,0.035015,0.035276,0.033915,0.036707,0.027693,0.032142,0.03612,0.035143,0.034941,0.029767,0.033669
0.033657,0.035429,0.035523,0.027353,0.033409,0.043993,0.034804,0.040977,0.0265,0.036248,0.034917,0.03044,0.032902,0.034838,0.03501,0.034373,0.039287,0.021873,0.03674,0.035448,0.049193,0.033418,0.041398,0.022385,0.035938,0.031617,0.035731,0.036786,0.028961,0.030053,0.037032,0.048944,0.048767,0.034587,0.035652,0.033795,0.03073,0.036892,0.038822,0.021618
0.038755,0.03127,0.038826,0.027384,0.03782,0.029256,0.031796,0.03571,0.035079,0.030949,0.027638,0.03827,0.036856,0.030559,0.03115,0.039773,0.023976,0.040619,0.032945,0.036012,0.023948,0.038877,0.049142,0.048887,0.034641,0.049194,0.048067,0.035964,0.034459,0.035536,0.029305,0.034265,0.033055,0.03514,0.032533,0.030199,0.034838,0.035396,0.033283,0.031584
0.02861,0.045336,0.021345,0.041203,0.030308,0.03251,0.048734,0.035681,0.036048,0.028747,0.036992,0.032535,0.036445,0.033171,0.03309,0.034434,0.029365,0.034351,0.030649,0.0372,0.028271,0.036321,0.022178,0.02258,0.031141,0.029508,0.021718,0.040504,0.033345,0.030609,0.033972,0.034422,0.031485,0.03267,0.034178,0.048099,0.035305,0.041746,0.028085,0.029039
0.033249,0.04101,0.023266,0.038157,0.03227,0.030868,0.02176,0.036239,0.029271,0.031341,0.03544,0.0386,0.025267,0.040749,0.029693,0.035103,0.028506,0.033363,0.035266,0.032774,0.036173,0.025748,0.036281,0.049662,0.029578,0.034236,0.034091,0.034856,0.035197,0.035275,0.034563,0.028494,0.039643,0.024779,0.03973,0.032283,0.033779,0.032145,0.046625,0.022595
0.028138,0.040109,0.023794,0.040358,0.030605,0.036847,0.025459,0.039927,0.034747,0.034778,0.023673,0.039486,0.033361,0.034109,0.031724,0.038225,0.023385,0.034028,0.036034,0.03227,0.034713,0.042417,0.023989,0.035817,0.032215,0.035795,0.034647,0.030643,0.030747,0.03515,0.034997,0.034651,0.029109,0.034597,0.033928,0.03575,0.027916,0.034977,0.034112,0.032777
0.036288,0.028476,0.035455,0.039828,0.02208,0.04187,0.024537,0.037863,0.02975,0.033528,0.034454,0.041448,0.029897,0.03252,0.031366,0.037552,0.0289,0.028815,0.041199,0.039973,0.038292,0.041205,0.024374,0.037867,0.032772,0.031599,0.039206,0.025243,0.038554,0.032888,0.032652,0.032416,0.035663,0.034372,0.029593,0.032774,0.036074,0.035865,0.027117,0.040126
0.029638,0.033757,0.033098,0.03099,0.040381,0.022895,0.039362,0.03306,0.032019,0.033153,0.040084,0.029813,0.031753,0.033078,0.035037,0.027538,0.040684,0.034196,0.041419,0.041307,0.028997,0.036261,0.034798,0.022802,0.039915,0.035323,0.02799,0.034373,0.034555,0.034312,0.03516,0.034701,0.028616,0.038714,0.025803,0.032345,0.040211,0.042334,0.035848,0.034537
0.037579,0.034263,0.024609,0.036652,0.034415,0.043579,0.040259,0.034011,0.032744,0.032295,0.037262,0.024821,0.034869,0.04149,0.02483,0.044226,0.022346,0.032913,0.035996,0.03469,0.042092,0.022593,0.03362,0.035568,0.047301,0.036499,0.034031,0.032301,0.031992,0.034479,0.033281,0.035262,0.031746,0.029965,0.036261,0.041244,0.022391,0.039132,0.031028,0.033438
0.033573,0.032845,0.033964,0.029871,0.042256,0.022951,0.03542,0.037339,0.05106,0.027025,0.03704,0.03523,0.033725,0.028452,0.035575,0.035256,0.03146,0.030317,0.036365,0.034143,0.034869,0.030797,0.044773,0.040822,0.026895,0.043084,0.023688,0.034549,0.038816,0.043444,0.042219,0.024536,0.038493,0.034015,0.027065,0.036912,0.035423,0.031966,0.035377,0.028571
0.035706,0.034425,0.036694,0.025563,0.041543,0.048676,0.030733,0.037966,0.03145,0.029047,0.032106,0.03501,0.034586,0.034662,0.028653,0.034724,0.034163,0.022508,0.023105,0.021609,0.027636,0.028167,0.022137,0.021917,0.022357,0.026976,0.022291,0.029893,0.029412,0.022912,0.024535,0.021463,0.022321,0.032049,0.028214,0.022057,0.024994,0.021992,0.028437,0.025768
0.022839,0.022488,0.021686,0.038618,0.021346,0.034377,0.032604,0.036062,0.031877,0.03057,0.035988,0.026719,0.022062,0.033001,0.022137,0.024547,0.022639,0.029465,0.022304,0.025223,0.021624,0.022556,0.023446,0.023586,0.025665,0.022397,0.023015,0.023279,0.030653,0.032441,0.023534,0.023324,0.027896,0.029227,0.022101,0.025205,0.022299,0.033185,0.034308,0.028046
0.035932,0.033463,0.034939,0.030977,0.038811,0.026154,0.036891,0.048725,0.036,0.030286,0.031734,0.036014,0.047277,0.035355,0.035136,0.03506,0.027311,0.037652,0.029555,0.037422,0.029243,0.033991,0.035066,0.035076,0.038228,0.022893,0.036418,0.034767,0.035629,0.030605,0.032396,0.033815,0.032961,0.035714,0.034478,0.025007,0.039812,0.033019,0.032404,0.029343
0.03658,0.049218,0.041365,0.042558,0.041413,0.022741,0.039198,0.027644,0.035511,0.035779,0.032002,0.03057,0.035499,0.038699,0.023888,0.040796,0.03159,0.030958,0.036162,0.030263,0.034881,0.03614,0.028291,0.036051,0.034586,0.030335,0.034372,0.035229,0.033561,0.025407,0.038774,0.033971,0.034327,0.033676,0.027491,0.042686,0.023988,0.039363,0.029649,0.031978
0.03608,0.049796,0.034409,0.035548,0.033697,0.024895,0.039312,0.032251,0.021651,0.029685,0.036292,0.028143,0.036797,0.032895,0.029985,0.034857,0.033389,0.031766,0.035651,0.033076,0.037753,0.027171,0.037095,0.030371,0.035588,0.028776,0.034484,0.035597,0.048482,0.048819,0.036027,0.033578,0.033312,0.03201,0.036682,0.026028,0.021697,0.031539,0.036285,0.032328
0.037368,0.027892,0.034137,0.054103,0.025619,0.031828,0.041751,0.048108,0.031907,0.031283,0.035678,0.053715,0.023728,0.039136,0.036262,0.028406,0.033788,0.021477,0.028365,0.022003,0.027904,0.023002,0.02628,0.031454,0.037104,0.035747,0.02796,0.043429,0.026116,0.033065,0.036424,0.032179,0.029067,0.025845,0.02177,0.037033,0.037055,0.045806,0.036148,0.034645
0.034098,0.026145,0.037353,0.034632,0.035355,0.028577,0.03232,0.037234,0.028493,0.03993,0.027566,0.038147,0.033142,0.029538,0.032429,0.034395,0.035679,0.034833,0.031044,0.034333,0.033753,0.033192,0.034235,0.029775,0.034164,0.035922,0.029759,0.036331,0.026646,0.038917,0.032994,0.033608,0.03331,0.031008,0.035798,0.033948,0.036397,0.02758,0.040781,0.023119
