0.14575,0.10112,0.10377,0.09707,0.095297,0.094817,0.093228,0.096352,0.099323,0.10276,0.10158,0.10278,0.10458,0.10691,0.10064,0.10444,0.11295,0.10451,0.10199,0.09841,0.13504,0.10477,0.10526,0.10416,0.10029,0.10126,0.1083,0.10383,0.10393,0.10806,0.10229,0.10033,0.10375,0.10202,0.096457,0.099797,0.10476,0.10175,0.10738,0.10185
0.087923,0.074074,0.077396,0.074209,0.074347,0.071739,0.076094,0.073889,0.07388,0.070981,0.071816,0.079247,0.075699,0.071477,0.07017,0.070381,0.075243,0.071075,0.074592,0.072763,0.074648,0.074594,0.07267,0.074982,0.07509,0.073366,0.1001,0.070524,0.07295,0.069328,0.069995,0.074863,0.071872,0.070041,0.074366,0.070921,0.071041,0.066393,0.071202,0.074538
0.070746,0.073455,0.068067,0.069731,0.060474,0.068548,0.065278,0.06367,0.066282,0.066189,0.07158,0.065128,0.063645,0.067633,0.064844,0.067083,0.070259,0.063002,0.066432,0.070302,0.064753,0.064667,0.065557,0.066512,0.063503,0.067287,0.064215,0.062885,0.063633,0.06975,0.087597,0.060239,0.062841,0.10317,0.064067,0.066638,0.068985,0.06689,0.070324,0.069136
0.0664,0.064854,0.063759,0.064677,0.066939,0.066917,0.06245,0.064177,0.066137,0.061351,0.067784,0.06441,0.063272,0.062664,0.063153,0.064906,0.065915,0.061927,0.065455,0.066065,0.061138,0.06481,0.063425,0.062846,0.063995,0.065505,0.061362,0.066173,0.066161,0.063561,0.066871,0.064385,0.063916,0.065931,0.065618,0.069441,0.068826,0.066076,0.069049,0.067474
0.098929,0.064692,0.067889,0.062999,0.063933,0.064439,0.065245,0.064503,0.068659,0.065388,0.066524,0.069704,0.066162,0.066785,0.065717,0.065358,0.065534,0.066364,0.060958,0.062593,0.060409,0.063433,0.061491,0.064679,0.063512,0.063031,0.065894,0.062713,0.060767,0.061325,0.05922,0.063883,0.065552,0.065913,0.061542,0.061615,0.061258,0.061836,0.058884,0.06018
0.058414,0.061988,0.06173,0.060235,0.058764,0.061713,0.063522,0.093821,0.062118,0.060862,0.067449,0.063518,0.061943,0.063798,0.065485,0.065118,0.066152,0.065922,0.060606,0.061763,0.062454,0.059415,0.059924,0.060408,0.060409,0.061353,0.061493,0.057492,0.064796,0.059088,0.057955,0.060762,0.058622,0.064524,0.061373,0.062963,0.062186,0.067185,0.069451,0.057102
0.058631,0.066555,0.06219,0.060656,0.060535,0.061755,0.056958,0.061163,0.060751,0.057926,0.061519,0.058716,0.060835,0.065602,0.098343,0.059949,0.064364,0.062267,0.062919,0.065425,0.064508,0.067722,0.070507,0.062044,0.06357,0.067342,0.063952,0.067124,0.067932,0.062452,0.067331,0.063218,0.061342,0.066157,0.063983,0.065197,0.064468,0.063882,0.061488,0.059828
0.059938,0.066171,0.061699,0.060418,0.058941,0.059461,0.061059,0.058853,0.060292,0.059383,0.06377,0.067839,0.060611,0.062549,0.06111,0.059561,0.059375,0.059615,0.064941,0.059428,0.075648,0.062884,0.06006,0.064148,0.059779,0.062931,0.063755,0.063841,0.062722,0.068043,0.088773,0.062873,0.065869,0.066703,0.065279,0.072729,0.061113,0.064182,0.063362,0.06609
0.063649,0.0609,0.066378,0.063596,0.060857,0.062458,0.064987,0.064357,0.06423,0.060543,0.063993,0.061336,0.058175,0.058023,0.059218,0.062455,0.061184,0.0587,0.062018,0.061571,0.056666,0.063243,0.057936,0.063645,0.060362,0.063028,0.058703,0.089164,0.059887,0.062099,0.056862,0.059747,0.059321,0.057691,0.060284,0.061582,0.064403,0.060165,0.057854,0.062846
0.056829,0.056906,0.059095,0.064078,0.063093,0.061424,0.059265,0.058094,0.06401,0.060287,0.058055,0.059231,0.060564,0.056318,0.060558,0.0594,0.061844,0.060553,0.058327,0.058488,0.060069,0.05848,0.059347,0.061965,0.062123,0.06395,0.062291,0.061698,0.062629,0.064273,0.06411,0.066345,0.062747,0.063532,0.10005,0.064294,0.064191,0.063068,0.060406,0.06269
0.060343,0.06108,0.06367,0.061127,0.064736,0.060701,0.060785,0.06619,0.060619,0.066134,0.061785,0.064695,0.067367,0.057443,0.060469,0.060696,0.059362,0.062004,0.060196,0.060367,0.062489,0.060094,0.062513,0.065402,0.058997,0.060665,0.058277,0.057639,0.059958,0.063374,0.061199,0.056605,0.062378,0.060537,0.063326,0.061287,0.061407,0.062552,0.060013,0.064678
0.069829,0.072537,0.058491,0.059293,0.059895,0.062354,0.057632,0.067442,0.05811,0.060383,0.056641,0.060925,0.056753,0.059049,0.068813,0.06193,0.063075,0.062652,0.060482,0.062202,0.060331,0.068694,0.060957,0.060687,0.062725,0.061855,0.061105,0.0657,0.060848,0.06358,0.062413,0.061266,0.064179,0.064123,0.063716,0.063586,0.063297,0.065315,0.060403,0.061389
0.067038,0.060538,0.071814,0.063697,0.06158,0.063064,0.062385,0.058892,0.10064,0.065775,0.064844,0.062191,0.062061,0.058838,0.059186,0.056841,0.060375,0.061896,0.057353,0.058823,0.061933,0.059112,0.059135,0.063617,0.06192,0.062716,0.059436,0.063161,0.064268,0.063333,0.062928,0.060861,0.062137,0.062856,0.060807,0.06168,0.062362,0.062545,0.060639,0.056085
0.060354,0.061334,0.064593,0.065376,0.063222,0.062473,0.064424,0.058528,0.061834,0.061822,0.097432,0.064042,0.065362,0.063208,0.07422,0.10066,0.064669,0.061032,0.066427,0.065686,0.062346,0.065556,0.06362,0.063521,0.065291,0.062178,0.061417,0.061785,0.060844,0.060817,0.064388,0.064377,0.066216,0.059713,0.060911,0.064559,0.06298,0.065292,0.05883,0.057055
0.06015,0.056435,0.05973,0.05699,0.058947,0.059493,0.060935,0.059289,0.059025,0.060161,0.060403,0.058706,0.058229,0.056725,0.059852,0.061277,0.057707,0.06249,0.059525,0.06016,0.060593,0.059847,0.093949,0.063192,0.059383,0.062972,0.063508,0.063043,0.063798,0.0587,0.058441,0.061307,0.060312,0.060993,0.060469,0.056713,0.057604,0.056859,0.079724,0.075123
0.073603,0.072966,0.070813,0.070625,0.065424,0.066289,0.066066,0.065408,0.063181,0.05978,0.058991,0.063399,0.06153,0.065577,0.061799,0.061766,0.061022,0.060228,0.061218,0.066374,0.061668,0.062525,0.067616,0.06857,0.072872,0.06819,0.075734,0.072497,0.072127,0.097382,0.061603,0.060431,0.059499,0.060104,0.059547,0.063147,0.072434,0.067979,0.05904,0.057314
0.061826,0.057476,0.058255,0.057285,0.058868,0.083463,0.073804,0.064977,0.071333,0.071189,0.071227,0.060143,0.078368,0.073707,0.078408,0.074464,0.081181,0.10831,0.10003,0.10643,0.079107,0.069833,0.074948,0.098247,0.084095,0.10657,0.10349,0.11244,0.10928,0.089942,0.11593,0.090777,0.098105,0.11219,0.098563,0.075793,0.07634,0.15862,0.12823,0.083583
0.098164,0.11359,0.12455,0.085237,0.085505,0.075952,0.075952,0.06978,0.07565,0.070641,0.071795,0.072597,0.072194,0.067506,0.067354,0.099388,0.078089,0.080404,0.08223,0.077473,0.089764,0.079688,0.088172,0.080197,0.071061,0.072569,0.084649,0.098938,0.073394,0.070195,0.073147,0.076567,0.075958,0.07333,0.073559,0.075485,0.076093,0.080643,0.076942,0.077049
0.071982,0.074314,0.073092,0.12009,0.086506,0.073433,0.073201,0.072384,0.075375,0.071097,0.089764,0.13157,0.11594,0.10729,0.10867,0.13444,0.098823,0.10519,0.0788,0.087357,0.090658,0.11114,0.11541,0.10187,0.088586,0.087166,0.098432,0.087513,0.094312,0.092244,0.10475,0.081253,0.082165,0.083435,0.076583,0.086449,0.082069,0.081897,0.078512,0.092279
0.078712,0.076937,0.083417,0.086936,0.074954,0.092457,0.083507,0.086103,0.087576,0.081671,0.12913,0.10966,0.11307,0.07844,0.08329,0.090689,0.081706,0.081868,0.081252,0.081374,0.075821,0.074545,0.096124,0.079748,0.083598,0.087883,0.084503,0.11336,0.093361,0.092495,0.11573,0.091177,0.091593,0.092473,0.097681,0.093636,0.087228,0.10678,0.09111,0.0904
0.086941,0.093908,0.093717,0.083789,0.08061,0.076838,0.076608,0.085374,0.097206,0.12817,0.10067,0.11383,0.10978,0.10916,0.08628,0.090967,0.13198,0.19368,0.12751,0.11146,0.090037,0.11698,0.1276,0.078691,0.078798,0.079229,0.076445,0.075947,0.07278,0.076416,0.076668,0.076317,0.075332,0.081451,0.071871,0.07411,0.073659,0.07569,0.071687,0.074878
0.077869,0.077717,0.069919,0.073842,0.067565,0.066168,0.067686,0.066994,0.069312,0.068946,0.067215,0.068111,0.067323,0.072407,0.073291,0.067401,0.070108,0.066253,0.067146,0.064939,0.062972,0.069759,0.066852,0.065449,0.10658,0.06301,0.070484,0.066441,0.067725,0.070742,0.062635,0.06476,0.069831,0.064932,0.068465,0.065557,0.066581,0.06928,0.0664,0.065511
0.064682,0.061772,0.06496,0.065363,0.067304,0.065848,0.06759,0.062076,0.065601,0.059699,0.063556,0.065412,0.064296,0.064541,0.066898,0.063775,0.062593,0.062961,0.066527,0.064607,0.06743,0.060356,0.063236,0.068015,0.063583,0.062625,0.064108,0.06248,0.065102,0.06755,0.063685,0.10153,0.064321,0.061184,0.067374,0.064826,0.062702,0.062153,0.068413,0.063904
0.062713,0.064893,0.070438,0.063228,0.063408,0.062844,0.063896,0.063438,0.065281,0.065693,0.067038,0.072646,0.067588,0.066099,0.067576,0.066588,0.070079,0.06553,0.065802,0.065561,0.067351,0.069207,0.066997,0.065077,0.066535,0.061963,0.0647,0.061973,0.067344,0.06283,0.066058,0.063123,0.060829,0.062561,0.065143,0.089619,0.064206,0.067903,0.092081,0.061959
0.065352,0.064227,0.061383,0.066689,0.064209,0.066171,0.066933,0.063696,0.064149,0.0622,0.065746,0.065699,0.065532,0.06469,0.06352,0.063448,0.067154,0.065947,0.064139,0.068179,0.061315,0.063697,0.063118,0.06277,0.061073,0.064525,0.062523,0.066229,0.064114,0.061138,0.064459,0.063388,0.070435,0.062527,0.064913,0.061246,0.064174,0.063471,0.063861,0.064864
0.063202,0.067902,0.064198,0.062972,0.067644,0.080133,0.073373,0.063103,0.067749,0.066844,0.063878,0.067519,0.068393,0.068157,0.070375,0.070977,0.065825,0.067507,0.069852,0.062988,0.069727,0.067095,0.062678,0.065956,0.06521,0.064683,0.067744,0.065538,0.064484,0.065573,0.061521,0.067197,0.065206,0.063382,0.062384,0.071595,0.061652,0.061608,0.060447,0.061259
0.065314,0.059913,0.064832,0.063812,0.060248,0.063058,0.063892,0.061188,0.063533,0.0617,0.066874,0.065822,0.077148,0.064918,0.065827,0.06407,0.066494,0.063891,0.060327,0.063727,0.063924,0.065418,0.065121,0.068888,0.061595,0.068208,0.064901,0.059082,0.064869,0.059639,0.060389,0.066861,0.062294,0.059572,0.065648,0.062786,0.062205,0.063364,0.063032,0.062505
0.062897,0.063898,0.068274,0.063799,0.066606,0.067677,0.058551,0.063386,0.060083,0.064831,0.062499,0.065167,0.060646,0.064204,0.062653,0.066832,0.062495,0.063213,0.063646,0.093562,0.065356,0.068495,0.065123,0.068818,0.064637,0.06892,0.065087,0.091428,0.070888,0.067295,0.065536,0.062395,0.061305,0.060178,0.063402,0.068851,0.063446,0.062672,0.06513,0.062362
0.064404,0.064229,0.06773,0.065162,0.05842,0.069689,0.070559,0.065148,0.067949,0.062257,0.065307,0.062691,0.063337,0.062712,0.060559,0.064119,0.06352,0.064501,0.061096,0.066647,0.059802,0.061793,0.062807,0.059561,0.060651,0.065855,0.098718,0.06079,0.063421,0.062319,0.061187,0.062625,0.060045,0.0647,0.067784,0.059429,0.0619,0.06318,0.062652,0.058557
0.061217,0.067933,0.061572,0.058762,0.063726,0.061721,0.062059,0.062888,0.059221,0.07165,0.063579,0.061989,0.060999,0.061187,0.062744,0.06189,0.062203,0.065213,0.064364,0.062054,0.062622,0.063577,0.061678,0.063203,0.063914,0.0618,0.064001,0.063446,0.061274,0.064579,0.061153,0.063945,0.065377,0.061259,0.098021,0.068295,0.064857,0.063053,0.064988,0.064005
0.063753,0.06181,0.063915,0.065211,0.066055,0.061882,0.060401,0.072716,0.061678,0.064342,0.058992,0.065514,0.061361,0.058619,0.066798,0.064681,0.062059,0.062635,0.061604,0.061291,0.063244,0.064424,0.067506,0.064134,0.061226,0.08464,0.06394,0.065148,0.062228,0.062564,0.064136,0.062953,0.065251,0.065619,0.067163,0.064299,0.063262,0.062386,0.063892,0.063981
0.064133,0.099563,0.06603,0.065215,0.062811,0.061729,0.062716,0.061461,0.058827,0.063543,0.060849,0.065783,0.061033,0.063542,0.060039,0.062969,0.061043,0.06598,0.065724,0.063203,0.059694,0.062015,0.063576,0.06358,0.059253,0.063792,0.0633,0.063683,0.066278,0.06231,0.066706,0.059952,0.059619,0.062192,0.062351,0.063103,0.064003,0.062962,0.063938,0.06632
0.060125,0.065014,0.066491,0.059994,0.063339,0.059306,0.065597,0.059688,0.099414,0.061657,0.061142,0.064801,0.060008,0.061969,0.06387,0.06449,0.064892,0.069618,0.060832,0.061648,0.060447,0.067909,0.06464,0.060652,0.064692,0.061666,0.061928,0.063536,0.060403,0.061914,0.063489,0.061009,0.064638,0.06604,0.060748,0.070176,0.063978,0.062631,0.061125,0.061829
0.064304,0.066122,0.061883,0.063646,0.064197,0.06277,0.06136,0.063388,0.067946,0.066663,0.061887,0.061293,0.061901,0.060599,0.064796,0.10247,0.061308,0.066252,0.060939,0.063115,0.0625,0.065265,0.061479,0.065793,0.064225,0.063489,0.062389,0.064019,0.065754,0.069219,0.059782,0.066071,0.063764,0.063964,0.068574,0.062574,0.062458,0.06502,0.063063,0.066878
0.065601,0.067772,0.060744,0.058811,0.064999,0.063468,0.064578,0.060646,0.062903,0.063779,0.060996,0.061049,0.066101,0.069348,0.064982,0.061139,0.063428,0.063094,0.062632,0.068671,0.064308,0.063066,0.11089,0.070479,0.087647,0.065675,0.064999,0.071328,0.063867,0.065073,0.063727,0.066501,0.064947,0.068097,0.065964,0.064059,0.061434,0.064998,0.067277,0.061694
0.061621,0.063053,0.065715,0.061075,0.065962,0.064275,0.062059,0.067223,0.061183,0.062309,0.06503,0.062005,0.061707,0.063683,0.064573,0.061212,0.064891,0.060936,0.060409,0.061262,0.066491,0.062692,0.063279,0.061825,0.062077,0.062486,0.06514,0.061365,0.064807,0.097212,0.065589,0.061449,0.060901,0.063283,0.060036,0.06022,0.060451,0.067171,0.065443,0.061685
0.060731,0.065348,0.060992,0.059853,0.061164,0.062053,0.059761,0.061971,0.062917,0.06411,0.06535,0.064095,0.059635,0.066561,0.068716,0.061349,0.060479,0.063651,0.061347,0.063401,0.064361,0.064947,0.063569,0.063777,0.062485,0.064528,0.065612,0.065406,0.060067,0.061048,0.065125,0.064541,0.059965,0.060653,0.060867,0.062281,0.095642,0.063865,0.063617,0.061831
0.064392,0.066434,0.065259,0.060854,0.068911,0.061742,0.064972,0.060727,0.069142,0.061919,0.064033,0.067372,0.062112,0.059351,0.062404,0.061032,0.063837,0.06264,0.061835,0.059337,0.06132,0.061052,0.060478,0.058857,0.061117,0.062884,0.061889,0.061433,0.058663,0.061658,0.057554,0.058786,0.058415,0.059382,0.060601,0.061084,0.059669,0.059689,0.059699,0.059581
0.068137,0.063146,0.061444,0.093592,0.057673,0.065057,0.063271,0.061969,0.065699,0.066108,0.062879,0.062277,0.065201,0.063727,0.064865,0.064107,0.065944,0.063524,0.060841,0.08703,0.06379,0.065409,0.061921,0.061592,0.064069,0.066768,0.061161,0.063166,0.066048,0.063274,0.060532,0.064999,0.069061,0.061471,0.063188,0.061437,0.062908,0.062256,0.061828,0.066053
0.063997,0.063179,0.062454,0.06515,0.064188,0.063938,0.06389,0.060726,0.060384,0.060701,0.094396,0.06016,0.057544,0.063656,0.058061,0.063434,0.061804,0.059617,0.063636,0.058734,0.062802,0.059293,0.059334,0.059928,0.058247,0.057828,0.062058,0.060436,0.061118,0.05687,0.060881,0.059778,0.065432,0.059364,0.060467,0.0609,0.069464,0.061225,0.066223,0.060913
