0.048291,0.039542,0.038749,0.032831,0.051415,0.033233,0.034688,0.049339,0.034692,0.036347,0.034157,0.035945,0.039046,0.034301,0.035216,0.0356,0.034517,0.040863,0.033862,0.04033,0.049915,0.042452,0.033619,0.034097,0.033989,0.034257,0.03371,0.034858,0.049048,0.03426,0.048941,0.037153,0.03593,0.034044,0.033813,0.033151,0.033271,0.038069,0.042478,0.033845
0.024768,0.027461,0.033552,0.048352,0.035018,0.032759,0.03092,0.024974,0.024482,0.037124,0.025661,0.04043,0.037175,0.034175,0.023542,0.038801,0.030872,0.037233,0.029896,0.039828,0.039885,0.024322,0.028312,0.033174,0.035854,0.031741,0.03499,0.033588,0.033342,0.038141,0.045161,0.034761,0.047843,0.033896,0.027604,0.043058,0.032089,0.025781,0.03806,0.030705
0.031828,0.034737,0.03417,0.035641,0.047419,0.036505,0.040952,0.037199,0.033985,0.034196,0.034962,0.049064,0.038452,0.024143,0.036106,0.034611,0.034926,0.047515,0.038659,0.044321,0.036439,0.048596,0.049143,0.036017,0.034982,0.027479,0.030004,0.038785,0.047918,0.039458,0.04482,0.035224,0.035089,0.029253,0.034334,0.033673,0.034739,0.049184,0.049094,0.034928
0.047414,0.035182,0.034435,0.026457,0.026874,0.025055,0.033608,0.035441,0.040327,0.041981,0.030665,0.043228,0.029402,0.039193,0.022886,0.036777,0.032807,0.031852,0.03761,0.0562,0.027317,0.033292,0.032547,0.035163,0.042039,0.043894,0.042572,0.032099,0.036033,0.032725,0.034373,0.036198,0.041566,0.043449,0.023018,0.038534,0.052635,0.044592,0.03902,0.045172
0.036125,0.047398,0.035734,0.04778,0.035714,0.048365,0.048162,0.035889,0.029019,0.039646,0.029458,0.033707,0.034081,0.03328,0.034101,0.032105,0.037221,0.045533,0.029984,0.033405,0.020643,0.034314,0.04902,0.048883,0.036253,0.035107,0.030811,0.028004,0.037884,0.048763,0.034854,0.031365,0.031745,0.034824,0.035359,0.034729,0.032952,0.04352,0.023479,0.035913
0.033586,0.034547,0.023141,0.040106,0.034204,0.032706,0.026784,0.035595,0.038453,0.044575,0.03548,0.048055,0.029995,0.037302,0.031215,0.041273,0.024302,0.032848,0.040602,0.042058,0.035164,0.029144,0.041349,0.037487,0.030572,0.044906,0.023755,0.031013,0.032947,0.042139,0.035512,0.035469,0.035705,0.03497,0.031626,0.023462,0.020362,0.030721,0.021282,0.038516
0.047894,0.035678,0.052591,0.031455,0.028769,0.036195,0.038614,0.04203,0.029647,0.044132,0.031444,0.041933,0.040127,0.042806,0.042517,0.027914,0.035226,0.03393,0.049188,0.036555,0.035993,0.022687,0.037794,0.037616,0.046037,0.051527,0.038596,0.041085,0.037227,0.047751,0.034786,0.033173,0.050143,0.0493,0.05179,0.032977,0.048137,0.03614,0.034311,0.024613
0.037141,0.033873,0.03323,0.034755,0.031641,0.033918,0.030546,0.029021,0.034635,0.038058,0.03842,0.044555,0.035184,0.041626,0.042776,0.044428,0.038734,0.041252,0.043855,0.040733,0.03736,0.032436,0.030494,0.040341,0.046076,0.042424,0.028898,0.028583,0.021217,0.031579,0.021171,0.026206,0.020368,0.030142,0.021264,0.032768,0.030807,0.034162,0.03095,0.03681
0.031856,0.026452,0.036804,0.035136,0.040185,0.042614,0.035205,0.035323,0.029501,0.032623,0.036235,0.033982,0.034052,0.033799,0.031941,0.029788,0.0253,0.040214,0.035287,0.033728,0.03601,0.034726,0.046725,0.035722,0.048994,0.048628,0.035839,0.048314,0.035437,0.047846,0.04925,0.035329,0.04846,0.029602,0.033583,0.035829,0.034437,0.035852,0.047294,0.036169
0.034257,0.023913,0.038566,0.035824,0.047024,0.035387,0.048244,0.035946,0.04764,0.036594,0.048044,0.034804,0.042581,0.02012,0.034321,0.03497,0.036406,0.027521,0.040384,0.041215,0.037113,0.034507,0.047613,0.03598,0.048166,0.034862,0.048638,0.049302,0.034565,0.034015,0.033763,0.034052,0.030131,0.034995,0.035245,0.033431,0.042987,0.036258,0.019808,0.049279
0.04857,0.033348,0.031462,0.033115,0.04057,0.041936,0.035984,0.030199,0.040042,0.027969,0.040608,0.043952,0.033965,0.035544,0.034594,0.03542,0.023717,0.037461,0.020607,0.026555,0.020304,0.033932,0.021083,0.028431,0.020771,0.026314,0.020322,0.033285,0.021754,0.022424,0.027354,0.024432,0.020969,0.020924,0.023915,0.020159,0.020722,0.022558,0.022006,0.028642
0.022086,0.026368,0.024525,0.021659,0.024708,0.027049,0.022137,0.021217,0.021209,0.021395,0.023353,0.029944,0.021666,0.021804,0.021883,0.022646,0.023958,0.022984,0.021002,0.032938,0.02323,0.021199,0.019891,0.02076,0.021539,0.02069,0.020078,0.020447,0.029492,0.021097,0.02123,0.01953,0.024632,0.021909,0.025836,0.021905,0.024238,0.0258,0.026916,0.019031
0.020696,0.029316,0.021081,0.02253,0.020615,0.02222,0.021427,0.031277,0.020421,0.019199,0.02024,0.020514,0.020956,0.020638,0.019942,0.02369,0.023082,0.019846,0.020697,0.025579,0.026541,0.025985,0.028606,0.019417,0.019483,0.020856,0.020856,0.029994,0.026572,0.019588,0.029893,0.040376,0.043301,0.018851,0.03493,0.032041,0.033011,0.034529,0.048315,0.03533
0.047155,0.035328,0.032931,0.034978,0.030332,0.035506,0.034687,0.048263,0.02939,0.04108,0.040715,0.035983,0.036272,0.032942,0.028411,0.040252,0.042068,0.042755,0.042043,0.041337,0.041285,0.03761,0.039898,0.042016,0.035164,0.034547,0.04874,0.035123,0.034592,0.029194,0.034092,0.034844,0.048355,0.034848,0.048927,0.027828,0.033513,0.032087,0.028861,0.026197
0.035244,0.033078,0.0348,0.048365,0.03397,0.033517,0.030236,0.019796,0.033606,0.035895,0.035719,0.025712,0.037897,0.047986,0.054809,0.04378,0.035592,0.047718,0.021033,0.032764,0.02758,0.019873,0.020769,0.028539,0.02034,0.029461,0.01898,0.032651,0.031861,0.035146,0.033983,0.029912,0.020258,0.020047,0.023532,0.019833,0.02062,0.029805,0.020969,0.028177
0.034945,0.019817,0.029987,0.033579,0.020036,0.029077,0.034273,0.033782,0.031654,0.032283,0.03482,0.03527,0.048109,0.048565,0.035517,0.033756,0.042773,0.030061,0.030171,0.031805,0.027477,0.033817,0.040429,0.042518,0.035922,0.035036,0.048285,0.034815,0.028925,0.023155,0.031937,0.027942,0.034919,0.035003,0.034483,0.049587,0.034357,0.028857,0.034207,0.035334
0.034551,0.027928,0.035563,0.033357,0.035464,0.034078,0.033365,0.034143,0.035632,0.034181,0.028696,0.028628,0.020528,0.029984,0.035663,0.040097,0.024646,0.038478,0.034357,0.036034,0.026008,0.042255,0.02096,0.041998,0.031623,0.033128,0.032845,0.031391,0.033685,0.03381,0.034061,0.032524,0.036112,0.042913,0.042408,0.02947,0.034089,0.033206,0.03721,0.022743
0.039252,0.034282,0.033149,0.033408,0.031889,0.034942,0.033916,0.029977,0.035053,0.033066,0.027382,0.035116,0.041657,0.032558,0.032781,0.031237,0.034049,0.035152,0.034055,0.031387,0.032555,0.030009,0.034958,0.03494,0.048177,0.034906,0.048079,0.034423,0.034639,0.031869,0.032658,0.03533,0.03536,0.036069,0.026584,0.034234,0.034357,0.029954,0.033808,0.034412
0.03429,0.038021,0.026689,0.039078,0.032682,0.028356,0.037013,0.04921,0.027317,0.031154,0.045471,0.022111,0.035257,0.034949,0.034168,0.035003,0.033519,0.032351,0.031055,0.041846,0.026751,0.035361,0.032411,0.03187,0.034662,0.024257,0.024911,0.034128,0.029671,0.034005,0.034834,0.019561,0.031526,0.020356,0.024208,0.029617,0.028708,0.03391,0.028919,0.03481
0.034076,0.047973,0.0299,0.033694,0.034983,0.036763,0.03299,0.031901,0.035711,0.028003,0.036746,0.034525,0.029374,0.035261,0.034389,0.033588,0.033261,0.029971,0.035382,0.034893,0.035678,0.034513,0.025443,0.042323,0.023522,0.04029,0.029583,0.039511,0.02914,0.035995,0.032414,0.032562,0.03241,0.047247,0.035622,0.034254,0.048633,0.028666,0.035806,0.034122
0.040016,0.02247,0.034305,0.035379,0.034879,0.034993,0.033105,0.029222,0.034918,0.034162,0.036074,0.035195,0.035005,0.023254,0.039078,0.027061,0.041233,0.031134,0.033416,0.033697,0.028686,0.03145,0.038048,0.034951,0.033547,0.034447,0.030142,0.037852,0.034669,0.031763,0.030882,0.038081,0.029995,0.034092,0.037594,0.021158,0.036018,0.036983,0.035459,0.030381
0.031355,0.036125,0.033629,0.035496,0.026139,0.035658,0.035828,0.04863,0.035991,0.03423,0.041085,0.036142,0.041561,0.024421,0.038582,0.033823,0.028614,0.040573,0.028953,0.026607,0.034113,0.033157,0.045769,0.029691,0.033199,0.02664,0.036072,0.034714,0.051025,0.051977,0.03002,0.037449,0.029708,0.029605,0.034624,0.035811,0.0349,0.032439,0.033368,0.034772
0.031484,0.047451,0.036638,0.035706,0.029798,0.031501,0.035394,0.032154,0.030977,0.033797,0.035712,0.033281,0.029397,0.035075,0.041167,0.029224,0.034028,0.035782,0.028447,0.033659,0.034466,0.032524,0.033807,0.031576,0.033936,0.03378,0.03015,0.03432,0.035235,0.035195,0.034608,0.030245,0.038588,0.023373,0.034498,0.028005,0.019606,0.02421,0.031738,0.02011
0.028816,0.024226,0.025793,0.034071,0.033553,0.029398,0.040665,0.031013,0.038501,0.022086,0.034693,0.020202,0.020966,0.026216,0.019402,0.020617,0.026346,0.019815,0.023773,0.021086,0.03856,0.033729,0.032218,0.031356,0.041035,0.03676,0.022978,0.039425,0.028993,0.033803,0.027108,0.034022,0.042424,0.035199,0.021307,0.041913,0.048752,0.02895,0.033666,0.041347
0.024487,0.04024,0.031721,0.031418,0.039408,0.030664,0.032573,0.036097,0.021951,0.039384,0.020362,0.030849,0.033025,0.021051,0.027727,0.024493,0.020721,0.020538,0.020358,0.024741,0.019606,0.020511,0.027361,0.020001,0.019912,0.023676,0.021709,0.019605,0.033775,0.035513,0.031212,0.034998,0.048478,0.027872,0.034344,0.036123,0.034758,0.034295,0.033043,0.030484
0.033968,0.040263,0.023295,0.03461,0.034536,0.035555,0.033595,0.029652,0.033847,0.038762,0.044443,0.039146,0.032798,0.0339,0.035273,0.024017,0.019143,0.032463,0.035591,0.033817,0.033948,0.031397,0.03332,0.034459,0.034288,0.034615,0.0357,0.029343,0.033808,0.033655,0.028832,0.04101,0.029931,0.033584,0.027088,0.039244,0.031938,0.040754,0.042085,0.033434
0.029059,0.04232,0.041355,0.035262,0.034894,0.034639,0.035084,0.028611,0.034641,0.034977,0.034524,0.034965,0.026769,0.042296,0.035016,0.020503,0.042799,0.048234,0.02958,0.034148,0.033976,0.034567,0.032125,0.032672,0.040509,0.041018,0.042384,0.024078,0.039078,0.031367,0.032102,0.033948,0.035005,0.032357,0.028506,0.02559,0.027228,0.032385,0.036143,0.034561
0.034389,0.036288,0.032985,0.029827,0.025633,0.041514,0.031112,0.034349,0.028518,0.040128,0.035276,0.035025,0.021224,0.032551,0.042934,0.029063,0.033635,0.035112,0.048667,0.034265,0.03252,0.031975,0.035001,0.03403,0.031645,0.030391,0.035849,0.034376,0.028811,0.034955,0.034493,0.034706,0.035239,0.047641,0.035219,0.029175,0.034916,0.039651,0.048887,0.030856
0.031918,0.029062,0.034772,0.03491,0.035192,0.048666,0.034669,0.033346,0.029152,0.041715,0.029223,0.033098,0.020053,0.031164,0.035354,0.029012,0.032232,0.034542,0.028398,0.04109,0.028636,0.03483,0.035107,0.033966,0.030398,0.032876,0.01905,0.032195,0.038534,0.025279,0.031783,0.035116,0.034598,0.040362,0.025316,0.037372,0.029639,0.034047,0.035226,0.03522
0.035465,0.025871,0.042949,0.028293,0.032281,0.030601,0.040487,0.042488,0.035375,0.040482,0.028712,0.028788,0.040948,0.025616,0.036766,0.029879,0.04079,0.031271,0.029916,0.034516,0.028464,0.036065,0.035015,0.026471,0.035495,0.035367,0.040908,0.030804,0.029614,0.036974,0.031834,0.032388,0.03461,0.049605,0.034493,0.032353,0.032912,0.032813,0.035581,0.037858
0.022628,0.035662,0.020494,0.041507,0.04349,0.042364,0.034618,0.040496,0.040379,0.036123,0.042045,0.028562,0.028675,0.034315,0.035651,0.033432,0.029363,0.034391,0.033713,0.03559,0.034635,0.049048,0.035013,0.029744,0.031896,0.036092,0.02989,0.039347,0.031571,0.032681,0.034533,0.032647,0.033347,0.037842,0.047535,0.032488,0.033015,0.033165,0.035172,0.028453
0.02053,0.028068,0.018735,0.021277,0.030559,0.039517,0.020517,0.036343,0.04156,0.031704,0.027018,0.032599,0.034148,0.035467,0.034587,0.049825,0.033337,0.028831,0.020791,0.03429,0.027669,0.03074,0.040945,0.028775,0.039489,0.029239,0.033889,0.043963,0.019752,0.034383,0.040065,0.036279,0.022477,0.040081,0.026634,0.036329,0.036094,0.047467,0.035547,0.02783
0.041053,0.029124,0.034494,0.03355,0.032902,0.035757,0.03076,0.033434,0.03461,0.033754,0.032402,0.035967,0.03276,0.027213,0.020456,0.031512,0.030284,0.019799,0.019777,0.029656,0.020145,0.030969,0.028083,0.0352,0.033278,0.035663,0.034413,0.0339,0.03405,0.029839,0.040598,0.042328,0.035651,0.035946,0.033576,0.035346,0.025374,0.036948,0.035108,0.033346
0.03369,0.03054,0.033919,0.033941,0.036263,0.036258,0.028297,0.035364,0.027898,0.020991,0.031019,0.020162,0.029023,0.036278,0.029523,0.03373,0.034365,0.035608,0.048297,0.04855,0.034438,0.033829,0.032559,0.038705,0.025087,0.031646,0.034468,0.03466,0.035247,0.033847,0.028898,0.035442,0.034806,0.034766,0.033578,0.031631,0.037987,0.035935,0.022564,0.032778
0.034577,0.03523,0.035512,0.032813,0.03545,0.029115,0.034844,0.034521,0.033087,0.033217,0.031408,0.034094,0.034579,0.032602,0.031961,0.035261,0.034283,0.037809,0.022377,0.042885,0.024669,0.031215,0.042159,0.030736,0.033418,0.035316,0.047509,0.035634,0.047687,0.031692,0.019703,0.033801,0.035651,0.034365,0.033442,0.033529,0.026589,0.036431,0.032075,0.038606
0.041368,0.036301,0.034408,0.032715,0.033594,0.026641,0.039539,0.019287,0.028283,0.035029,0.033729,0.031282,0.03377,0.038245,0.028876,0.03889,0.033356,0.029386,0.033135,0.034115,0.039504,0.022417,0.041159,0.029154,0.033952,0.029892,0.042242,0.022058,0.034459,0.035468,0.034405,0.034681,0.035958,0.030539,0.037017,0.035785,0.02682,0.038506,0.032796,0.0233
0.039034,0.039935,0.021706,0.034688,0.035986,0.035644,0.048089,0.034571,0.035597,0.038106,0.023027,0.035088,0.036736,0.031159,0.029122,0.036421,0.034637,0.028331,0.034743,0.034966,0.035422,0.033381,0.032168,0.03266,0.040002,0.029783,0.032846,0.031389,0.032738,0.03451,0.029952,0.031945,0.035834,0.035289,0.034814,0.044975,0.037688,0.031793,0.031926,0.034808
0.034874,0.048334,0.03442,0.028457,0.035519,0.033795,0.041545,0.021834,0.035,0.035554,0.033953,0.035138,0.034954,0.0315,0.036916,0.028865,0.036512,0.033733,0.028282,0.040519,0.02595,0.029125,0.03047,0.020051,0.034324,0.024489,0.029137,0.037029,0.030762,0.033233,0.019695,0.02577,0.037861,0.03447,0.04498,0.038102,0.029836,0.029952,0.01952,0.039867
0.029746,0.03555,0.030824,0.029786,0.040701,0.0231,0.046596,0.023144,0.033878,0.041173,0.025246,0.036568,0.035905,0.030893,0.033535,0.033484,0.034287,0.032532,0.032283,0.033771,0.035019,0.035172,0.027641,0.035197,0.040357,0.021653,0.04206,0.027159,0.036084,0.034496,0.035533,0.028524,0.033631,0.034292,0.035105,0.029158,0.033835,0.041129,0.042174,0.035833
0.033951,0.036184,0.027706,0.034187,0.034455,0.034304,0.035568,0.031758,0.029606,0.036197,0.048963,0.029699,0.040152,0.024746,0.037822,0.034175,0.027341,0.034807,0.036456,0.034404,0.034096,0.031749,0.032237,0.035357,0.033677,0.048672,0.035567,0.035439,0.026315,0.035722,0.035556,0.036642,0.025555,0.0358,0.03514,0.047596,0.035254,0.035129,0.032623,0.033416
