0.13675,0.10288,0.11568,0.11735,0.11164,0.11205,0.10416,0.10617,0.11069,0.10558,0.1048,0.1065,0.10573,0.10247,0.11695,0.10876,0.10605,0.10738,0.10873,0.10748,0.10728,0.10136,0.10501,0.11064,0.12099,0.1032,0.11111,0.10651,0.10649,0.10195,0.10331,0.1047,0.10842,0.1099,0.10849,0.10861,0.11132,0.106,0.11019,0.10782
0.07469,0.074104,0.072464,0.075315,0.074419,0.073425,0.069934,0.071388,0.071587,0.07011,0.071205,0.071316,0.072679,0.070592,0.083399,0.072424,0.076834,0.072432,0.073465,0.076761,0.074734,0.074783,0.075635,0.077804,0.075019,0.076,0.076221,0.076652,0.07602,0.087833,0.071107,0.071981,0.072274,0.071639,0.071742,0.071937,0.07064,0.072421,0.074136,0.071703
0.067889,0.067956,0.065873,0.066782,0.064935,0.066019,0.066267,0.06805,0.066791,0.06685,0.067902,0.068994,0.067297,0.068896,0.067736,0.066417,0.067708,0.068085,0.072028,0.067366,0.068878,0.065929,0.069515,0.06651,0.067857,0.068186,0.068554,0.068884,0.067412,0.067543,0.06523,0.066734,0.06926,0.06724,0.068389,0.077672,0.067977,0.066679,0.066677,0.067045
0.065336,0.065638,0.065651,0.065264,0.067901,0.067879,0.065882,0.066149,0.06811,0.065236,0.068252,0.06557,0.065326,0.067431,0.065269,0.067845,0.064117,0.064765,0.066928,0.065363,0.065616,0.066605,0.065623,0.064327,0.067901,0.066116,0.066753,0.066853,0.065023,0.064667,0.066011,0.064824,0.067066,0.066003,0.065797,0.064669,0.065779,0.067479,0.064748,0.065007
0.064231,0.06335,0.081024,0.063668,0.065305,0.062241,0.063579,0.065451,0.066204,0.062785,0.063214,0.06402,0.065743,0.064138,0.063449,0.063396,0.064714,0.064716,0.071182,0.063786,0.065712,0.065207,0.065272,0.064266,0.063914,0.063115,0.063908,0.064043,0.062961,0.064084,0.063656,0.065255,0.06262,0.064529,0.063726,0.064404,0.061859,0.064245,0.063633,0.065279
0.063082,0.061265,0.061429,0.065378,0.074172,0.062859,0.063871,0.06533,0.081191,0.062013,0.06375,0.065038,0.063028,0.062353,0.064519,0.065306,0.061441,0.062749,0.062112,0.063137,0.064413,0.064654,0.064226,0.072488,0.063019,0.062151,0.066007,0.062545,0.061457,0.06281,0.062873,0.063747,0.064154,0.062516,0.062928,0.065113,0.062024,0.061762,0.0643,0.065519
0.062251,0.064062,0.061558,0.061714,0.061595,0.063055,0.064813,0.061634,0.063497,0.062718,0.063505,0.063847,0.064031,0.07345,0.063085,0.06364,0.062522,0.061542,0.065069,0.061181,0.063081,0.063906,0.063566,0.062496,0.062259,0.065379,0.062924,0.062933,0.064807,0.06375,0.065881,0.066925,0.060898,0.061437,0.059215,0.060455,0.058196,0.059391,0.061953,0.05986
0.058753,0.059287,0.065027,0.062752,0.062375,0.060663,0.062943,0.065742,0.06271,0.06155,0.062795,0.064262,0.060953,0.06052,0.062345,0.061957,0.062395,0.061799,0.063117,0.062318,0.081105,0.060959,0.063518,0.061776,0.061983,0.06241,0.063226,0.060953,0.062991,0.063891,0.066235,0.063385,0.063566,0.060581,0.062851,0.065714,0.062705,0.06301,0.062753,0.065313
0.063126,0.062727,0.065377,0.062995,0.061575,0.064682,0.065207,0.06359,0.062323,0.06335,0.062258,0.063815,0.065141,0.063805,0.069251,0.062938,0.062977,0.063148,0.06518,0.063414,0.062745,0.061916,0.064312,0.061999,0.062572,0.063647,0.084276,0.063381,0.063526,0.062295,0.063564,0.062679,0.062784,0.063096,0.061616,0.064156,0.062784,0.065066,0.063457,0.063017
0.063762,0.066329,0.063103,0.063714,0.063132,0.065154,0.064663,0.064088,0.064746,0.062175,0.06359,0.06264,0.064097,0.06412,0.063099,0.061688,0.064078,0.065781,0.064986,0.062936,0.064292,0.065814,0.064884,0.063451,0.063745,0.066433,0.06171,0.061537,0.063499,0.063647,0.062343,0.062146,0.072359,0.063592,0.063494,0.062946,0.063162,0.062513,0.065947,0.063504
0.063782,0.061905,0.062551,0.063829,0.064515,0.063873,0.062934,0.062992,0.063318,0.064839,0.063661,0.063311,0.062317,0.063557,0.06538,0.061946,0.064722,0.06267,0.064486,0.061331,0.06341,0.061687,0.062015,0.061547,0.061887,0.063049,0.062586,0.061982,0.062369,0.062721,0.062108,0.06405,0.064144,0.063573,0.061285,0.059975,0.062116,0.062736,0.062681,0.079853
0.062483,0.062674,0.061248,0.061347,0.062429,0.063129,0.060945,0.062225,0.061289,0.064051,0.061678,0.065478,0.062358,0.061702,0.061682,0.062996,0.064899,0.068188,0.061712,0.06013,0.064137,0.062851,0.061361,0.061951,0.06205,0.060952,0.061812,0.061382,0.061938,0.060891,0.062658,0.06132,0.061036,0.063466,0.062152,0.06265,0.063372,0.061384,0.062215,0.060763
0.060487,0.060947,0.060588,0.061715,0.061451,0.081702,0.061729,0.061386,0.063012,0.061058,0.063307,0.065568,0.062434,0.063016,0.061823,0.060809,0.059159,0.060267,0.063129,0.065384,0.062714,0.061525,0.061949,0.06002,0.063945,0.065035,0.061846,0.060944,0.060801,0.063763,0.061701,0.062154,0.062905,0.061679,0.060062,0.062377,0.059458,0.063043,0.061405,0.062277
0.061518,0.063433,0.060498,0.062217,0.06342,0.062329,0.062391,0.062356,0.060807,0.063546,0.061185,0.080776,0.060462,0.060929,0.061662,0.0628,0.061544,0.063378,0.061112,0.061721,0.063144,0.060761,0.061946,0.06119,0.061481,0.062854,0.062526,0.063689,0.063682,0.063175,0.063362,0.063065,0.061883,0.061461,0.063224,0.064124,0.062662,0.061303,0.063345,0.061963
0.059892,0.063335,0.06158,0.062803,0.06144,0.060229,0.060613,0.062194,0.063449,0.06355,0.063956,0.068766,0.066866,0.06457,0.061112,0.061623,0.06208,0.063574,0.081409,0.063688,0.061523,0.062325,0.062293,0.063052,0.062692,0.060436,0.060867,0.059467,0.063814,0.062029,0.06066,0.062078,0.064301,0.063472,0.061128,0.063892,0.061565,0.062874,0.062823,0.062734
0.064333,0.061174,0.060137,0.060537,0.06097,0.061163,0.061418,0.060422,0.064525,0.062343,0.061044,0.063368,0.060955,0.062193,0.06105,0.063003,0.064317,0.061505,0.061681,0.062527,0.064304,0.063296,0.062115,0.060608,0.079046,0.062724,0.062131,0.061874,0.06096,0.061359,0.063472,0.062885,0.064426,0.065708,0.065123,0.065077,0.064201,0.062721,0.06272,0.063704
0.063334,0.063392,0.0672,0.064218,0.064012,0.064025,0.064984,0.066407,0.063728,0.061066,0.06179,0.062611,0.060647,0.062761,0.063131,0.060738,0.062322,0.05985,0.062248,0.061226,0.062565,0.061986,0.060782,0.061667,0.067932,0.061402,0.061933,0.063597,0.061735,0.061153,0.081086,0.059365,0.062001,0.062165,0.062873,0.061529,0.0615,0.062425,0.061836,0.062228
0.061947,0.061173,0.063787,0.062415,0.061362,0.061056,0.063541,0.062018,0.062444,0.062425,0.063437,0.063216,0.063216,0.06151,0.061616,0.06128,0.063253,0.061956,0.059861,0.061095,0.06435,0.062877,0.062317,0.061262,0.061878,0.062159,0.061963,0.062088,0.064183,0.062602,0.061925,0.061332,0.063192,0.061567,0.061505,0.066161,0.079323,0.061663,0.06114,0.059667
0.060822,0.061439,0.061512,0.061293,0.06104,0.061138,0.062854,0.061692,0.066123,0.061302,0.062571,0.061737,0.060094,0.062539,0.060517,0.0632,0.060911,0.061837,0.063715,0.06034,0.060876,0.062329,0.063643,0.06115,0.061819,0.063235,0.062663,0.061029,0.06309,0.061925,0.061191,0.062432,0.061078,0.062179,0.06202,0.06226,0.061454,0.063005,0.062145,0.061484
0.062636,0.063623,0.060482,0.064374,0.069823,0.061441,0.061228,0.060398,0.060951,0.06275,0.062117,0.060155,0.061336,0.061237,0.062524,0.064924,0.061994,0.06122,0.061638,0.063014,0.063029,0.060527,0.062103,0.063369,0.062263,0.061397,0.062578,0.061168,0.061577,0.062534,0.060343,0.062015,0.062609,0.061357,0.060246,0.062148,0.062407,0.061823,0.061825,0.062976
0.062253,0.062364,0.060889,0.061869,0.060217,0.060575,0.061531,0.060591,0.061123,0.063093,0.079012,0.061034,0.063671,0.063039,0.060531,0.06159,0.060041,0.063763,0.06216,0.062023,0.061066,0.061334,0.062175,0.0615,0.060404,0.060998,0.060989,0.061095,0.062889,0.061202,0.062951,0.062156,0.061863,0.065305,0.063679,0.061546,0.05988,0.061952,0.061169,0.061508
0.062713,0.06216,0.061598,0.062581,0.061363,0.062974,0.061256,0.062047,0.061323,0.06061,0.061654,0.060912,0.061298,0.061362,0.06091,0.061999,0.064824,0.079608,0.062807,0.060884,0.06452,0.062835,0.062073,0.0612,0.059995,0.061074,0.062397,0.061211,0.063958,0.06217,0.061993,0.061481,0.060371,0.062716,0.062523,0.061937,0.06169,0.060921,0.062513,0.060893
0.061102,0.060954,0.06181,0.06434,0.061115,0.061556,0.063333,0.061202,0.06187,0.06212,0.061923,0.061149,0.061704,0.061245,0.06173,0.062376,0.062323,0.061878,0.062383,0.061796,0.063218,0.063636,0.062271,0.072393,0.064111,0.060935,0.062636,0.061899,0.066031,0.062127,0.061162,0.061135,0.06486,0.061573,0.061675,0.06157,0.061812,0.062328,0.064677,0.061265
0.061759,0.062626,0.061783,0.061317,0.060694,0.062261,0.062577,0.062479,0.061145,0.061705,0.062796,0.063771,0.063047,0.060751,0.062459,0.062254,0.060344,0.060773,0.060931,0.061588,0.062394,0.064635,0.063236,0.06112,0.060469,0.061088,0.061531,0.063155,0.060986,0.060443,0.081346,0.060923,0.062988,0.060805,0.063821,0.063073,0.064771,0.062568,0.062958,0.062308
0.06139,0.061279,0.060938,0.062823,0.061938,0.060322,0.060084,0.061433,0.062641,0.061117,0.062321,0.065048,0.061475,0.063035,0.063909,0.061244,0.061609,0.061574,0.062393,0.065646,0.06209,0.061376,0.060524,0.063893,0.063765,0.064175,0.061374,0.061081,0.061461,0.061219,0.06185,0.063205,0.061206,0.061615,0.06053,0.06195,0.079556,0.062588,0.059714,0.062734
0.06073,0.060738,0.060534,0.061058,0.063069,0.061882,0.060344,0.061016,0.060586,0.064617,0.060709,0.063906,0.063975,0.061516,0.062426,0.062459,0.060679,0.062438,0.061033,0.061001,0.062739,0.06499,0.06195,0.062783,0.06255,0.063239,0.061982,0.064732,0.061664,0.061179,0.060834,0.062295,0.059556,0.060727,0.060078,0.060929,0.059453,0.061799,0.063146,0.062216
0.062873,0.062332,0.059472,0.082718,0.060723,0.061713,0.061001,0.063166,0.06117,0.061784,0.060438,0.061516,0.061809,0.061033,0.070843,0.062153,0.061688,0.060319,0.060582,0.062081,0.060521,0.060467,0.062678,0.06222,0.061418,0.06238,0.061049,0.061402,0.061006,0.061148,0.06263,0.062198,0.061146,0.060763,0.06135,0.063231,0.0623,0.064316,0.063215,0.060129
0.063913,0.062679,0.06042,0.063887,0.061812,0.059672,0.060909,0.062125,0.061954,0.077485,0.060563,0.061327,0.063151,0.061594,0.061635,0.062186,0.062636,0.061493,0.062113,0.059979,0.062502,0.06346,0.061078,0.062261,0.062364,0.062366,0.061863,0.061258,0.063374,0.061583,0.059956,0.061355,0.061372,0.061548,0.060003,0.061985,0.062364,0.061317,0.063602,0.061159
0.062531,0.062335,0.060657,0.06117,0.062725,0.061312,0.061727,0.061357,0.061687,0.061065,0.060738,0.061996,0.061702,0.06258,0.063972,0.071688,0.061343,0.061901,0.060593,0.063582,0.062432,0.061502,0.063471,0.06183,0.06193,0.064585,0.061143,0.062112,0.059845,0.062652,0.063025,0.061495,0.062303,0.060234,0.060497,0.059752,0.061821,0.06013,0.059486,0.061947
0.061366,0.063543,0.067659,0.060906,0.063643,0.06217,0.092046,0.0895,0.0995,0.098488,0.10469,0.10666,0.099148,0.085319,0.068173,0.067587,0.069468,0.067395,0.067005,0.066545,0.06832,0.068115,0.083835,0.068935,0.066395,0.066724,0.065472,0.068298,0.064302,0.063283,0.064014,0.067044,0.065105,0.062716,0.063575,0.065714,0.062375,0.062869,0.06404,0.065606
0.06457,0.065355,0.065446,0.063203,0.061367,0.060998,0.062334,0.060354,0.064039,0.060776,0.061659,0.060102,0.064368,0.062239,0.060824,0.060153,0.060873,0.062318,0.060205,0.062023,0.060392,0.060162,0.062638,0.062102,0.061396,0.061715,0.060081,0.061515,0.069977,0.062978,0.062228,0.060298,0.061067,0.06005,0.060573,0.063262,0.062185,0.062845,0.059796,0.065948
0.062869,0.06241,0.061172,0.060495,0.06255,0.061202,0.06211,0.062221,0.062536,0.061473,0.061778,0.062913,0.065536,0.063103,0.060638,0.062356,0.063252,0.060713,0.061888,0.061874,0.06223,0.063274,0.064721,0.062668,0.061843,0.061731,0.063598,0.061939,0.063373,0.06147,0.061917,0.064477,0.060364,0.060267,0.060576,0.082239,0.060898,0.063841,0.061157,0.061795
0.060515,0.061247,0.06006,0.061937,0.06188,0.062269,0.061619,0.06239,0.064335,0.061072,0.060815,0.06136,0.062178,0.064326,0.064172,0.066475,0.063436,0.0622,0.063288,0.065128,0.065581,0.06353,0.065315,0.064941,0.062646,0.064961,0.063372,0.064383,0.063813,0.067337,0.06499,0.067993,0.059045,0.062838,0.061751,0.061913,0.061517,0.062079,0.063515,0.060213
0.062647,0.082853,0.061536,0.063367,0.063178,0.061989,0.061541,0.061503,0.063385,0.062748,0.062563,0.066996,0.063567,0.060677,0.068706,0.060576,0.062942,0.060443,0.06104,0.062391,0.061979,0.060653,0.06341,0.062416,0.06206,0.061624,0.062607,0.063077,0.063433,0.062738,0.061967,0.063718,0.062341,0.06246,0.061824,0.062074,0.061686,0.062819,0.061308,0.064353
0.062321,0.062878,0.060991,0.06334,0.060262,0.061296,0.062029,0.079143,0.060608,0.060202,0.061364,0.062616,0.063515,0.060764,0.060415,0.062688,0.061883,0.061582,0.061149,0.061215,0.061254,0.061531,0.065561,0.063591,0.061488,0.061089,0.060756,0.063594,0.060299,0.060765,0.062184,0.063251,0.060464,0.060905,0.061717,0.063246,0.062239,0.060703,0.061764,0.061725
0.059842,0.061634,0.061217,0.063391,0.061175,0.065004,0.062168,0.062456,0.062152,0.059774,0.06136,0.0632,0.061733,0.080692,0.059732,0.062759,0.063297,0.061334,0.0606,0.063431,0.062346,0.061924,0.061909,0.064721,0.064656,0.060582,0.062282,0.065601,0.061203,0.06238,0.066398,0.063832,0.064683,0.060422,0.063053,0.06494,0.0635,0.06301,0.060391,0.06357
0.060686,0.060688,0.063382,0.06379,0.061256,0.059913,0.061287,0.061957,0.0629,0.060627,0.063587,0.062078,0.061488,0.063746,0.062571,0.061032,0.061041,0.060892,0.060616,0.083118,0.06217,0.060391,0.060699,0.06297,0.060637,0.061226,0.061933,0.062331,0.061191,0.062489,0.063557,0.061547,0.06163,0.0606,0.062034,0.062473,0.062156,0.060839,0.064866,0.061355
0.062347,0.060279,0.060792,0.064569,0.061269,0.060783,0.059726,0.063151,0.062279,0.061573,0.060322,0.061019,0.061474,0.059915,0.061158,0.060177,0.061959,0.062051,0.060211,0.060019,0.061491,0.062129,0.061406,0.0624,0.061648,0.081702,0.063311,0.062138,0.063801,0.061883,0.061398,0.06447,0.062421,0.063674,0.062117,0.061708,0.059468,0.063403,0.063519,0.060104
0.061776,0.061477,0.061457,0.063753,0.062563,0.060526,0.061111,0.062048,0.063885,0.060741,0.059189,0.069243,0.06141,0.061052,0.060524,0.061655,0.06113,0.060474,0.060451,0.061939,0.064429,0.060678,0.061747,0.059531,0.063182,0.061275,0.060933,0.060067,0.060998,0.062157,0.06202,0.073967,0.06186,0.062176,0.062017,0.061655,0.061831,0.062518,0.06071,0.061945
0.064592,0.061408,0.060138,0.061421,0.062177,0.061256,0.062431,0.06077,0.062345,0.062192,0.060894,0.061753,0.06124,0.062846,0.061498,0.064305,0.063221,0.06336,0.060427,0.060102,0.062166,0.060762,0.062949,0.06085,0.068465,0.060981,0.06192,0.062865,0.062548,0.060915,0.063345,0.061211,0.062125,0.06315,0.062558,0.064678,0.064211,0.064943,0.081856,0.060415
