0.068248,0.051426,0.051678,0.055642,0.052108,0.054952,0.061122,0.059079,0.059412,0.050904,0.051002,0.054441,0.054451,0.064514,0.052445,0.050515,0.048799,0.056314,0.05086,0.056154,0.051691,0.050169,0.049083,0.054767,0.052251,0.051189,0.052994,0.051065,0.050311,0.057273,0.058573,0.054098,0.0549,0.052784,0.055119,0.063255,0.055205,0.054771,0.051291,0.058231
0.038812,0.038132,0.036407,0.037616,0.045919,0.039211,0.039772,0.049432,0.061743,0.043296,0.04481,0.038706,0.050119,0.046297,0.038132,0.04692,0.041216,0.037032,0.0575,0.04462,0.036806,0.045665,0.037623,0.038126,0.047029,0.036809,0.039852,0.054205,0.049829,0.038572,0.040444,0.03714,0.050373,0.044714,0.046129,0.040883,0.038309,0.038121,0.038163,0.038085
0.035393,0.048288,0.036584,0.042317,0.034943,0.04342,0.036844,0.035099,0.03421,0.044173,0.04134,0.045258,0.035053,0.035071,0.03522,0.040932,0.036662,0.038538,0.036436,0.036199,0.042954,0.034696,0.03622,0.038119,0.045672,0.036384,0.037433,0.040238,0.035006,0.045457,0.034404,0.035946,0.036073,0.040567,0.036079,0.034525,0.035014,0.038516,0.037634,0.044263
0.041527,0.034153,0.04165,0.038147,0.033369,0.034694,0.035404,0.060799,0.035484,0.036798,0.033808,0.033407,0.044644,0.04328,0.045452,0.034268,0.032578,0.035931,0.047311,0.040972,0.043921,0.036678,0.046288,0.036725,0.049283,0.044203,0.038994,0.034934,0.049525,0.03789,0.038198,0.05322,0.033028,0.034645,0.038549,0.035336,0.035917,0.035577,0.047228,0.03589
0.040263,0.047045,0.033135,0.035939,0.034437,0.042445,0.037766,0.032211,0.033485,0.033246,0.034729,0.034166,0.034839,0.046382,0.034754,0.034449,0.034093,0.045698,0.033894,0.036399,0.05209,0.043264,0.033259,0.032943,0.05183,0.033747,0.034367,0.034558,0.034356,0.034682,0.042619,0.032149,0.033301,0.041922,0.048013,0.03503,0.039244,0.035105,0.038415,0.033453
0.033685,0.032871,0.032082,0.032714,0.032939,0.044612,0.042533,0.039656,0.038811,0.032802,0.032906,0.033472,0.040924,0.045651,0.032355,0.032341,0.034045,0.041643,0.039065,0.035361,0.033756,0.044471,0.047058,0.039393,0.054259,0.039896,0.039792,0.041555,0.042987,0.032961,0.040962,0.035565,0.040589,0.033433,0.033146,0.032709,0.032999,0.032839,0.034043,0.033119
0.033297,0.031536,0.034819,0.055202,0.032254,0.032758,0.033419,0.033688,0.034312,0.033711,0.032777,0.033247,0.033385,0.033125,0.034849,0.033548,0.047361,0.034027,0.033057,0.032405,0.03292,0.03395,0.032576,0.037464,0.039793,0.034174,0.03395,0.031712,0.044094,0.047667,0.033877,0.035224,0.050005,0.05439,0.036194,0.043784,0.047593,0.034628,0.034391,0.041109
0.032672,0.034023,0.039168,0.033983,0.032416,0.032177,0.03459,0.033177,0.031952,0.033181,0.032549,0.032318,0.032119,0.031948,0.042239,0.042237,0.032047,0.038214,0.032243,0.032628,0.033221,0.032286,0.032998,0.040449,0.045714,0.034446,0.032979,0.03427,0.03249,0.03361,0.032696,0.032819,0.033137,0.033004,0.032622,0.032004,0.043023,0.034974,0.055862,0.034873
0.033876,0.035154,0.03401,0.035478,0.039861,0.032419,0.033983,0.031405,0.034927,0.033569,0.032019,0.041949,0.033309,0.033596,0.033447,0.032433,0.032919,0.033263,0.033132,0.038891,0.037355,0.035097,0.032993,0.033719,0.032619,0.033245,0.032177,0.034231,0.031667,0.051646,0.034209,0.03323,0.033089,0.040127,0.033891,0.033287,0.032472,0.033545,0.033745,0.033098
0.033017,0.032781,0.032035,0.03867,0.046198,0.032089,0.040423,0.035345,0.038491,0.03879,0.033619,0.033649,0.039428,0.03356,0.034378,0.03243,0.033631,0.034656,0.035225,0.032221,0.051928,0.035936,0.032886,0.032614,0.033471,0.04135,0.038537,0.033457,0.032491,0.034767,0.032909,0.033106,0.03363,0.031769,0.033668,0.032628,0.033142,0.039069,0.032474,0.031232
0.032796,0.030918,0.032544,0.033139,0.034124,0.03267,0.034429,0.033752,0.055911,0.033188,0.033314,0.032271,0.033255,0.031115,0.032898,0.032329,0.032081,0.032194,0.056048,0.032849,0.032141,0.047129,0.034183,0.032615,0.03238,0.03366,0.031986,0.044537,0.039577,0.033826,0.033971,0.047784,0.040681,0.033075,0.032906,0.03185,0.040172,0.040865,0.057475,0.047586
0.039373,0.040645,0.044959,0.036553,0.032112,0.032509,0.052409,0.0501,0.055852,0.044384,0.032702,0.030985,0.040705,0.036341,0.044696,0.032306,0.033055,0.04094,0.044112,0.032296,0.031835,0.033143,0.031508,0.054526,0.031195,0.041368,0.044622,0.033388,0.032675,0.031728,0.040222,0.045106,0.045683,0.032453,0.032974,0.057368,0.033426,0.032855,0.033045,0.032523
0.032876,0.032584,0.05359,0.033626,0.032332,0.03191,0.033293,0.031925,0.032248,0.031775,0.031129,0.033266,0.036033,0.035729,0.031892,0.041093,0.044402,0.033021,0.032528,0.031085,0.032276,0.033438,0.041114,0.049066,0.034226,0.03297,0.040321,0.034539,0.037842,0.032642,0.032087,0.031577,0.034405,0.038958,0.031894,0.032095,0.032514,0.031864,0.032907,0.033075
0.032543,0.033231,0.032873,0.032307,0.048252,0.036734,0.032902,0.031848,0.033835,0.033138,0.032397,0.036604,0.049675,0.032408,0.0321,0.033803,0.034217,0.032693,0.0506,0.034211,0.033631,0.031739,0.031978,0.034642,0.04285,0.046441,0.033248,0.036774,0.052377,0.041227,0.032882,0.032768,0.041621,0.045245,0.032923,0.031508,0.034472,0.031456,0.033842,0.030581
0.045081,0.036272,0.052758,0.031676,0.033771,0.04563,0.039797,0.032935,0.031452,0.035898,0.037974,0.031362,0.031361,0.034871,0.032313,0.031582,0.039671,0.032407,0.038957,0.043001,0.032153,0.036747,0.032936,0.03374,0.03297,0.033069,0.036048,0.045357,0.03257,0.044317,0.033438,0.043392,0.047605,0.033354,0.032583,0.032707,0.037199,0.045443,0.033338,0.033095
0.033896,0.032704,0.043338,0.035071,0.032205,0.05717,0.04621,0.050213,0.056264,0.03291,0.032568,0.033474,0.032151,0.032656,0.035706,0.040515,0.03901,0.032498,0.03325,0.040633,0.045409,0.032334,0.031802,0.031394,0.031377,0.033352,0.032147,0.051999,0.037364,0.031958,0.031684,0.033147,0.033047,0.032999,0.038774,0.033498,0.032281,0.039457,0.041275,0.035699
0.033216,0.0315,0.031007,0.032924,0.031124,0.047266,0.038741,0.031643,0.032862,0.03223,0.035003,0.040673,0.033499,0.034579,0.042756,0.032477,0.044777,0.039877,0.034925,0.033566,0.032724,0.033756,0.032068,0.032893,0.032182,0.032937,0.03482,0.033095,0.032369,0.053017,0.034137,0.040075,0.045896,0.033957,0.03316,0.031915,0.033051,0.03256,0.031927,0.031605
0.033942,0.032292,0.032602,0.03543,0.037584,0.03261,0.037201,0.046631,0.031946,0.033502,0.031998,0.031566,0.031043,0.033045,0.03488,0.033382,0.03198,0.031174,0.038712,0.032171,0.031505,0.0539,0.032432,0.032751,0.033017,0.047549,0.033495,0.032274,0.032867,0.042668,0.032976,0.049686,0.033429,0.034215,0.035117,0.043333,0.031503,0.033708,0.031841,0.032446
0.0328,0.042101,0.032144,0.033419,0.031635,0.033394,0.032226,0.030685,0.033706,0.03203,0.030927,0.034616,0.033115,0.033511,0.032923,0.032942,0.034463,0.03327,0.034588,0.033267,0.042388,0.046505,0.032662,0.032845,0.03208,0.031924,0.032517,0.032557,0.03384,0.032098,0.03185,0.038867,0.035403,0.03366,0.035798,0.045089,0.049469,0.03211,0.032232,0.041723
0.050362,0.04574,0.031948,0.031753,0.033645,0.032151,0.033616,0.034444,0.036224,0.032844,0.03212,0.031427,0.030526,0.033674,0.032128,0.046075,0.041237,0.038487,0.033214,0.031845,0.032191,0.032594,0.031917,0.03091,0.036207,0.031197,0.032485,0.033407,0.043817,0.04074,0.031662,0.030487,0.033947,0.034956,0.037402,0.035478,0.033327,0.032328,0.033094,0.031865
0.032105,0.031562,0.031832,0.033569,0.033225,0.033288,0.034979,0.031473,0.033824,0.033364,0.061025,0.040819,0.03275,0.032553,0.031204,0.044792,0.043297,0.031635,0.038933,0.031791,0.031603,0.031846,0.035859,0.036653,0.037432,0.042301,0.039827,0.044738,0.032603,0.032469,0.031369,0.042359,0.046936,0.036182,0.050619,0.043117,0.040435,0.042492,0.036323,0.032232
0.049189,0.032326,0.032776,0.031017,0.031594,0.033895,0.046114,0.039725,0.030694,0.032196,0.038902,0.031271,0.031342,0.032473,0.032672,0.035054,0.03142,0.049393,0.042667,0.037505,0.041,0.031952,0.045377,0.034673,0.033505,0.033239,0.033286,0.03435,0.032636,0.035211,0.033099,0.034211,0.042545,0.042924,0.033,0.030719,0.040821,0.032292,0.032616,0.032056
0.031446,0.031923,0.039837,0.048392,0.038281,0.035942,0.033401,0.038547,0.031307,0.031617,0.042417,0.032773,0.032905,0.036711,0.051122,0.040888,0.056733,0.046029,0.031044,0.031478,0.059122,0.045639,0.031725,0.030904,0.031413,0.032757,0.032584,0.044042,0.032692,0.045714,0.030804,0.033209,0.032055,0.03324,0.039967,0.033808,0.033863,0.032942,0.032633,0.036421
0.052347,0.042992,0.032163,0.031528,0.041123,0.038699,0.033194,0.039662,0.041418,0.039834,0.031347,0.040287,0.035203,0.046339,0.033171,0.032181,0.032598,0.033173,0.032866,0.04413,0.033638,0.034108,0.033271,0.042699,0.034034,0.032308,0.031743,0.031174,0.031663,0.033804,0.031649,0.031954,0.033465,0.034587,0.042078,0.044744,0.034633,0.031999,0.032244,0.032067
0.032238,0.04674,0.034321,0.033516,0.034036,0.033743,0.033398,0.035938,0.031274,0.030889,0.056039,0.031849,0.031832,0.032133,0.031969,0.037329,0.030895,0.032371,0.033005,0.040499,0.031707,0.032049,0.031311,0.033021,0.032974,0.039512,0.032521,0.045512,0.030827,0.05759,0.031637,0.031459,0.032683,0.032577,0.031109,0.033607,0.033679,0.031543,0.034016,0.034258
0.033712,0.032103,0.033655,0.032869,0.040782,0.031944,0.031695,0.032053,0.030826,0.04618,0.036968,0.034981,0.030622,0.042368,0.041029,0.03524,0.035654,0.032883,0.034884,0.032755,0.041436,0.041086,0.030768,0.03304,0.039935,0.031161,0.031675,0.031746,0.037456,0.031197,0.041809,0.033927,0.034443,0.036891,0.034303,0.038397,0.036631,0.046923,0.032303,0.031728
0.030894,0.039653,0.033364,0.032747,0.033011,0.031687,0.031241,0.031191,0.032059,0.032788,0.033893,0.032841,0.05093,0.033916,0.032344,0.038232,0.036103,0.03246,0.049901,0.032449,0.032723,0.031515,0.055957,0.033517,0.032443,0.031698,0.03198,0.032388,0.032553,0.031218,0.034632,0.040151,0.047693,0.03176,0.031417,0.032515,0.036742,0.032606,0.031786,0.03008
0.033023,0.032353,0.032834,0.033055,0.042402,0.031864,0.032826,0.031825,0.032317,0.0383,0.032703,0.032503,0.03249,0.031126,0.03182,0.031749,0.032108,0.040012,0.032194,0.031537,0.031115,0.031212,0.03251,0.03456,0.049179,0.044798,0.047528,0.03239,0.031975,0.04166,0.03417,0.036661,0.032084,0.042897,0.046171,0.032835,0.031455,0.032628,0.037679,0.031955
0.032772,0.031263,0.031023,0.031558,0.033785,0.03388,0.033773,0.032649,0.041233,0.031372,0.041681,0.038502,0.032072,0.032938,0.031713,0.054154,0.040246,0.045277,0.032164,0.030301,0.038072,0.031915,0.030736,0.030982,0.0343,0.034471,0.039452,0.037591,0.045013,0.03352,0.032551,0.031957,0.033549,0.031935,0.032884,0.042585,0.049916,0.041415,0.032345,0.031958
0.03233,0.040921,0.033654,0.036788,0.04299,0.031287,0.032137,0.031579,0.03225,0.032399,0.033861,0.042302,0.044226,0.032615,0.032904,0.034029,0.034578,0.03965,0.043649,0.032968,0.033665,0.034011,0.033135,0.033131,0.03427,0.040821,0.035601,0.034817,0.03421,0.03491,0.033779,0.033737,0.034551,0.032857,0.034449,0.038004,0.040454,0.047765,0.048504,0.036604
0.045761,0.034986,0.033732,0.033324,0.033312,0.033658,0.034562,0.035792,0.036126,0.032911,0.041185,0.037266,0.035966,0.03489,0.046816,0.03444,0.039314,0.036096,0.036092,0.03565,0.036058,0.034052,0.032855,0.033973,0.034281,0.0337,0.033319,0.032098,0.034349,0.033561,0.032588,0.040968,0.034556,0.034406,0.034844,0.03578,0.035009,0.035408,0.038984,0.035321
0.036889,0.033437,0.037907,0.04295,0.036094,0.038823,0.032472,0.032479,0.034168,0.033514,0.033171,0.032638,0.032874,0.042856,0.035237,0.035416,0.034707,0.036065,0.041146,0.032361,0.034302,0.033676,0.033095,0.033157,0.034226,0.034156,0.034051,0.04184,0.038716,0.035137,0.03449,0.035334,0.038677,0.03698,0.035652,0.042034,0.039412,0.033217,0.035159,0.034807
0.04066,0.0362,0.039005,0.035531,0.035437,0.034656,0.039602,0.0324,0.031949,0.032884,0.032685,0.033281,0.043334,0.034631,0.033245,0.033068,0.037113,0.033375,0.033997,0.03432,0.031767,0.034501,0.036861,0.031305,0.03301,0.033615,0.032545,0.03787,0.032158,0.032793,0.032295,0.033557,0.032902,0.031412,0.03281,0.032694,0.034763,0.038031,0.032689,0.037853
0.046024,0.03377,0.032664,0.033309,0.031768,0.031709,0.031854,0.031318,0.03332,0.041097,0.032706,0.031009,0.030784,0.034561,0.032257,0.040999,0.039544,0.034815,0.036792,0.033369,0.045182,0.041881,0.032502,0.032672,0.033495,0.032545,0.033266,0.033039,0.032349,0.032364,0.045574,0.033477,0.041399,0.041592,0.03399,0.032325,0.038105,0.036077,0.031397,0.039121
0.046743,0.031976,0.032058,0.031608,0.034736,0.037141,0.048087,0.032759,0.031871,0.031896,0.033116,0.035134,0.030981,0.03539,0.036715,0.031339,0.033032,0.032073,0.032622,0.032567,0.033763,0.032914,0.032227,0.031747,0.041487,0.032121,0.040548,0.041215,0.032614,0.032176,0.031809,0.032925,0.041425,0.03753,0.039508,0.042571,0.042676,0.033094,0.032406,0.032343
0.043713,0.044883,0.03229,0.031764,0.032607,0.038686,0.046816,0.032429,0.031562,0.035027,0.032252,0.031114,0.035617,0.039847,0.0474,0.037881,0.041526,0.031081,0.031409,0.032717,0.033347,0.033254,0.034669,0.037501,0.032591,0.031567,0.030942,0.034363,0.031601,0.042493,0.033918,0.0416,0.03418,0.033595,0.03384,0.033136,0.033586,0.032343,0.039103,0.032666
0.038674,0.033861,0.03351,0.032799,0.033243,0.032929,0.034111,0.033256,0.032745,0.033215,0.032941,0.032796,0.033903,0.03265,0.034285,0.041186,0.035249,0.032641,0.037939,0.032482,0.032583,0.033522,0.040914,0.038684,0.047903,0.030111,0.041207,0.032277,0.032884,0.04019,0.042899,0.031719,0.031815,0.032187,0.03291,0.035711,0.033696,0.030788,0.054127,0.037538
0.031495,0.032645,0.033217,0.031528,0.031479,0.042205,0.046317,0.031633,0.032681,0.031732,0.03783,0.032615,0.032939,0.031767,0.031818,0.032127,0.032302,0.037388,0.036335,0.03227,0.048732,0.037463,0.045118,0.032006,0.030533,0.030761,0.034282,0.034775,0.03277,0.032537,0.035271,0.033506,0.032744,0.032086,0.03248,0.033346,0.041723,0.033736,0.031756,0.032497
0.036855,0.042651,0.031485,0.031713,0.038739,0.032222,0.032373,0.033867,0.031311,0.03188,0.035232,0.032215,0.035386,0.030948,0.038718,0.031171,0.033177,0.041447,0.04039,0.03359,0.034006,0.044302,0.041085,0.030614,0.031598,0.032846,0.036484,0.032822,0.03172,0.033401,0.036757,0.031508,0.037678,0.043496,0.033581,0.033675,0.036228,0.031321,0.032021,0.034036
0.032775,0.033994,0.03891,0.032631,0.038732,0.0459,0.032004,0.032335,0.032068,0.031895,0.033538,0.031708,0.048759,0.03774,0.035517,0.042536,0.035401,0.039498,0.03249,0.031326,0.030798,0.037704,0.031482,0.031804,0.033408,0.0322,0.031542,0.043602,0.033306,0.046336,0.030979,0.030393,0.03331,0.03305,0.031818,0.044352,0.047104,0.031714,0.032485,0.030414
