0.099199,0.08096,0.078793,0.083117,0.083334,0.083848,0.080477,0.083301,0.086369,0.087377,0.080933,0.091472,0.096994,0.087894,0.091953,0.084948,0.086864,0.082333,0.086001,0.079801,0.090989,0.10135,0.082753,0.087224,0.087165,0.081141,0.088827,0.085409,0.086985,0.084949,0.08345,0.082133,0.085438,0.095084,0.087849,0.091377,0.090652,0.092364,0.097575,0.091542
0.06066,0.05431,0.056653,0.058314,0.055167,0.060105,0.055141,0.054919,0.054882,0.054244,0.054608,0.055416,0.055915,0.058844,0.058462,0.054757,0.055204,0.056244,0.054574,0.055718,0.054994,0.056357,0.055688,0.056827,0.054795,0.054764,0.054204,0.080695,0.056233,0.054242,0.054842,0.057016,0.056982,0.055627,0.05575,0.055607,0.058054,0.054774,0.05624,0.05346
0.051867,0.050579,0.050462,0.051037,0.049526,0.052563,0.050228,0.049271,0.048522,0.048319,0.049702,0.048652,0.049523,0.047775,0.051275,0.047806,0.048701,0.047833,0.049934,0.048559,0.050478,0.050139,0.051081,0.047715,0.051135,0.04831,0.048169,0.049389,0.048084,0.050723,0.048843,0.046953,0.048735,0.068401,0.050021,0.048985,0.047676,0.048921,0.048812,0.051441
0.049387,0.049223,0.049841,0.051685,0.050477,0.048499,0.052273,0.049848,0.049464,0.048992,0.050562,0.051023,0.052454,0.048717,0.061646,0.048286,0.048626,0.050028,0.04869,0.049218,0.049801,0.049398,0.051603,0.048089,0.051006,0.065823,0.049411,0.050792,0.051187,0.051075,0.050891,0.050508,0.051288,0.050269,0.050743,0.050452,0.049486,0.05193,0.050753,0.071613
0.049289,0.049484,0.047508,0.045589,0.046997,0.045147,0.045293,0.047411,0.045508,0.04642,0.046211,0.044977,0.048071,0.044917,0.045812,0.047039,0.044938,0.046031,0.046524,0.045512,0.045033,0.04548,0.046936,0.047285,0.047049,0.044438,0.048137,0.047783,0.04622,0.04556,0.04739,0.047696,0.046213,0.04467,0.046851,0.04612,0.049123,0.044154,0.049404,0.048367
0.046467,0.046841,0.047173,0.046133,0.048218,0.06732,0.047971,0.046914,0.047899,0.045977,0.04686,0.046505,0.046407,0.046831,0.046809,0.048431,0.049623,0.048015,0.046467,0.047833,0.049664,0.047254,0.046723,0.048842,0.046417,0.047327,0.04709,0.045668,0.049287,0.046946,0.045576,0.044963,0.048086,0.046583,0.046528,0.049178,0.071326,0.069928,0.076709,0.055771
0.055714,0.051559,0.051155,0.061357,0.06024,0.049499,0.05079,0.060632,0.061423,0.053549,0.0618,0.063855,0.088327,0.056607,0.062954,0.067816,0.064965,0.088516,0.089684,0.072655,0.054074,0.054814,0.050875,0.051438,0.051621,0.053637,0.053345,0.052421,0.059421,0.049909,0.05415,0.051455,0.049228,0.048651,0.051348,0.048042,0.051882,0.048717,0.051134,0.050657
0.049841,0.046877,0.0473,0.047215,0.050602,0.046817,0.053068,0.048308,0.046619,0.048044,0.048011,0.04694,0.051389,0.052267,0.048757,0.045859,0.048286,0.045926,0.047164,0.060261,0.047448,0.045719,0.050398,0.047327,0.046517,0.044932,0.047281,0.047068,0.04546,0.046092,0.046926,0.047849,0.048527,0.046665,0.046709,0.047909,0.048249,0.045791,0.046339,0.047682
0.046693,0.04557,0.046657,0.046807,0.047513,0.048912,0.046312,0.044955,0.045291,0.04635,0.044521,0.045329,0.045806,0.045612,0.045617,0.045005,0.043809,0.04568,0.043397,0.044434,0.045086,0.04436,0.045139,0.046326,0.046371,0.0431,0.063683,0.045601,0.045098,0.043846,0.043647,0.044097,0.045831,0.045533,0.044112,0.045471,0.044448,0.044201,0.044668,0.044745
0.044155,0.04632,0.04455,0.04485,0.044177,0.044467,0.044668,0.049224,0.047287,0.045489,0.046897,0.049309,0.048197,0.047246,0.048709,0.048741,0.046441,0.044506,0.045391,0.045184,0.0467,0.048187,0.046257,0.0463,0.047529,0.046275,0.048288,0.047767,0.047723,0.045239,0.046103,0.046422,0.066984,0.04537,0.048117,0.046277,0.048004,0.049646,0.048445,0.046477
0.047372,0.048248,0.046734,0.046738,0.047015,0.045169,0.046152,0.04839,0.047768,0.046689,0.046781,0.043906,0.044857,0.043953,0.045887,0.048316,0.043664,0.044129,0.044506,0.044473,0.044844,0.044675,0.046115,0.044624,0.04481,0.043295,0.04444,0.045472,0.042871,0.04447,0.046044,0.045308,0.04381,0.045454,0.044976,0.045741,0.046277,0.045266,0.056923,0.043956
0.045706,0.043425,0.044479,0.044723,0.055663,0.057537,0.053226,0.048744,0.058279,0.054639,0.049215,0.048102,0.048868,0.045377,0.054388,0.05856,0.055967,0.052555,0.048411,0.048212,0.062461,0.05135,0.050673,0.052571,0.052363,0.059532,0.050891,0.049998,0.050323,0.053027,0.052614,0.050382,0.048484,0.055333,0.057338,0.046854,0.047079,0.04641,0.045879,0.046324
0.048529,0.046117,0.052174,0.05675,0.058172,0.069144,0.073749,0.053529,0.046127,0.045871,0.04723,0.045504,0.046028,0.046031,0.047996,0.04637,0.048285,0.044897,0.046519,0.045292,0.046294,0.045352,0.045255,0.045121,0.050096,0.045521,0.045419,0.047422,0.046725,0.045054,0.046624,0.045403,0.045501,0.044992,0.046478,0.047457,0.045523,0.045839,0.047554,0.04747
0.046062,0.04965,0.047769,0.044926,0.045823,0.045432,0.048236,0.045397,0.045719,0.047815,0.045965,0.045717,0.064664,0.046412,0.047028,0.045822,0.049894,0.046886,0.045918,0.045836,0.046629,0.048481,0.047784,0.047196,0.045208,0.044199,0.046284,0.043996,0.044197,0.046945,0.043587,0.044925,0.04415,0.044794,0.054173,0.048404,0.043161,0.046416,0.045693,0.045823
0.045948,0.046415,0.046576,0.047637,0.047036,0.045142,0.045066,0.045883,0.043907,0.046625,0.045536,0.044062,0.051358,0.044067,0.043954,0.04416,0.043809,0.043254,0.043158,0.058924,0.044876,0.045724,0.046533,0.045947,0.044809,0.045537,0.046197,0.04524,0.047524,0.046334,0.045923,0.048169,0.046249,0.046211,0.045416,0.047648,0.044985,0.046989,0.046115,0.045393
0.046755,0.046778,0.046322,0.045487,0.045938,0.045667,0.046403,0.047044,0.046059,0.045968,0.046905,0.049119,0.048415,0.045297,0.047769,0.04617,0.045773,0.04846,0.046983,0.049981,0.045734,0.045581,0.047486,0.045943,0.044763,0.061007,0.046255,0.046495,0.047084,0.046064,0.047828,0.046958,0.043909,0.0436,0.04489,0.042827,0.043929,0.045221,0.04433,0.042877
0.045617,0.043996,0.045049,0.044845,0.043385,0.045063,0.043727,0.043505,0.042778,0.045331,0.046427,0.046713,0.044095,0.045899,0.045595,0.044375,0.044628,0.04527,0.043553,0.043783,0.044249,0.045426,0.045406,0.044504,0.044402,0.046537,0.047695,0.046438,0.044133,0.046701,0.045407,0.044966,0.04339,0.06523,0.046287,0.045644,0.046689,0.046523,0.046278,0.048322
0.044091,0.04531,0.045706,0.046434,0.047562,0.046258,0.047831,0.046124,0.045942,0.046637,0.044187,0.047601,0.045748,0.04668,0.046314,0.046625,0.045325,0.046929,0.044434,0.047754,0.046445,0.046512,0.045795,0.046498,0.046253,0.047868,0.046098,0.048533,0.045479,0.046255,0.045034,0.04498,0.048802,0.046715,0.046797,0.047853,0.044437,0.044374,0.048,0.059516
0.044382,0.046862,0.045481,0.043149,0.043687,0.044981,0.047951,0.044413,0.044763,0.045068,0.044763,0.043608,0.045036,0.042866,0.04769,0.044534,0.045639,0.047419,0.046159,0.043648,0.042284,0.043626,0.048321,0.043255,0.044556,0.042927,0.043374,0.044528,0.045647,0.045992,0.045026,0.04339,0.043057,0.045218,0.042696,0.044146,0.044697,0.045145,0.044097,0.045287
0.04398,0.045975,0.044926,0.046115,0.04436,0.049204,0.060387,0.044805,0.046316,0.048468,0.04552,0.047282,0.046949,0.048746,0.045377,0.047496,0.046254,0.045766,0.045822,0.044606,0.04711,0.046812,0.047109,0.047087,0.046241,0.04621,0.046121,0.049139,0.046004,0.048181,0.046523,0.046396,0.045005,0.047785,0.048059,0.047151,0.045289,0.045572,0.047164,0.047094
0.045856,0.045723,0.048224,0.047517,0.046685,0.046245,0.045194,0.044036,0.04242,0.044228,0.04478,0.045116,0.044254,0.04689,0.060443,0.043712,0.046879,0.045614,0.043656,0.045895,0.044081,0.044791,0.042808,0.043494,0.046367,0.044615,0.04409,0.044202,0.042296,0.045815,0.044015,0.047314,0.043602,0.044507,0.043748,0.046104,0.044082,0.043879,0.044055,0.043522
0.041873,0.045157,0.043253,0.045587,0.042707,0.042854,0.043648,0.045401,0.046025,0.048237,0.047818,0.046543,0.047968,0.046084,0.046816,0.045272,0.047897,0.047623,0.046703,0.046886,0.063472,0.048164,0.047971,0.047783,0.045531,0.050478,0.047765,0.0456,0.050805,0.047322,0.0487,0.046982,0.047578,0.047955,0.048162,0.04618,0.046159,0.049841,0.0495,0.047793
0.047367,0.04565,0.0448,0.04671,0.048621,0.049782,0.047377,0.046492,0.046588,0.047798,0.047952,0.046905,0.043632,0.043038,0.044109,0.044702,0.044424,0.044312,0.043113,0.043958,0.045719,0.04383,0.043822,0.043193,0.044387,0.043288,0.045078,0.060376,0.045897,0.042678,0.046734,0.047256,0.044002,0.043606,0.042585,0.045193,0.047561,0.04438,0.044831,0.042183
0.045254,0.045653,0.044225,0.043736,0.045491,0.045818,0.043473,0.044386,0.043788,0.043405,0.04532,0.043111,0.0435,0.044052,0.044975,0.045196,0.045504,0.043723,0.045578,0.043497,0.045016,0.047154,0.044964,0.04546,0.044545,0.045791,0.049029,0.046781,0.047307,0.044588,0.045501,0.045125,0.046927,0.06096,0.046138,0.048651,0.045785,0.04795,0.046916,0.045056
0.044657,0.047159,0.047822,0.04524,0.047207,0.047449,0.048473,0.046941,0.045796,0.044956,0.047195,0.046614,0.04493,0.048364,0.045431,0.044973,0.046935,0.044118,0.047384,0.045192,0.046708,0.046586,0.045485,0.044924,0.046779,0.045097,0.045681,0.047219,0.044299,0.044883,0.043272,0.043848,0.043837,0.043539,0.044405,0.045699,0.042928,0.044054,0.046531,0.04545
0.043852,0.06203,0.044039,0.043398,0.04372,0.043976,0.043613,0.042805,0.043379,0.043904,0.042641,0.047572,0.044267,0.043588,0.046521,0.042999,0.043396,0.04435,0.046122,0.043305,0.043196,0.04463,0.042696,0.045894,0.045963,0.042934,0.044053,0.042974,0.043928,0.044692,0.044967,0.046178,0.0468,0.047836,0.046341,0.045329,0.046515,0.046006,0.046267,0.047794
0.047446,0.046212,0.045756,0.046851,0.046989,0.048765,0.045226,0.061769,0.047881,0.047312,0.046759,0.045889,0.04746,0.045465,0.045073,0.045673,0.04618,0.045045,0.045713,0.046395,0.047609,0.047725,0.046833,0.047061,0.047151,0.048961,0.045741,0.045214,0.046669,0.045245,0.047995,0.04501,0.046725,0.045124,0.048893,0.04356,0.048607,0.045376,0.046824,0.044494
0.042721,0.043738,0.042821,0.044642,0.045616,0.04617,0.044,0.046565,0.04367,0.044076,0.046395,0.045159,0.046246,0.043967,0.059544,0.047486,0.04538,0.043969,0.046288,0.045769,0.045214,0.044857,0.047098,0.047263,0.045865,0.046446,0.045532,0.048305,0.045554,0.044409,0.044522,0.043286,0.043575,0.045211,0.042936,0.04345,0.046309,0.04301,0.045053,0.044533
0.047253,0.046545,0.045595,0.046714,0.046325,0.046135,0.046575,0.045341,0.044737,0.047479,0.047267,0.046401,0.048322,0.04821,0.045814,0.045611,0.046168,0.045984,0.04669,0.047468,0.045958,0.056792,0.047328,0.048347,0.047137,0.047723,0.047915,0.044766,0.048182,0.045532,0.045862,0.047803,0.046441,0.047421,0.045706,0.044416,0.048032,0.046052,0.046582,0.045993
0.045094,0.04468,0.044895,0.043399,0.043903,0.046887,0.044795,0.04437,0.045601,0.04456,0.046245,0.044787,0.048383,0.045123,0.043816,0.044326,0.04333,0.043413,0.043137,0.044533,0.043127,0.045184,0.044047,0.043631,0.04502,0.043034,0.043581,0.045743,0.058081,0.04289,0.044764,0.045349,0.046806,0.042371,0.043676,0.044875,0.043033,0.044438,0.044117,0.046299
0.045899,0.047384,0.044226,0.048079,0.046523,0.045291,0.046157,0.048211,0.046577,0.046356,0.048315,0.044851,0.046513,0.045253,0.054134,0.045909,0.045737,0.045897,0.04557,0.046634,0.045828,0.049241,0.046921,0.045359,0.045419,0.045843,0.04627,0.04681,0.046783,0.046436,0.046992,0.046376,0.046985,0.047862,0.045024,0.064496,0.047724,0.047333,0.048226,0.045902
0.049914,0.047648,0.045754,0.048596,0.048494,0.047588,0.047237,0.045361,0.045436,0.045461,0.046573,0.047184,0.04724,0.044925,0.043579,0.04372,0.044818,0.04361,0.043318,0.044647,0.043421,0.043084,0.044841,0.044294,0.045308,0.043409,0.045267,0.044046,0.044573,0.043281,0.046555,0.043425,0.04777,0.042835,0.047007,0.043887,0.04484,0.044834,0.042805,0.048069
0.043558,0.05982,0.044847,0.045923,0.046879,0.048711,0.045332,0.045127,0.048048,0.045591,0.047706,0.045926,0.050592,0.046529,0.045875,0.046,0.045061,0.044588,0.045334,0.045047,0.047389,0.047689,0.047251,0.047473,0.048821,0.047111,0.04561,0.044428,0.045204,0.047118,0.046518,0.045967,0.04809,0.045448,0.047199,0.046669,0.046524,0.047427,0.045064,0.046485
0.046194,0.044872,0.048108,0.045822,0.045663,0.047845,0.047491,0.046013,0.046146,0.065494,0.044003,0.044129,0.046364,0.044122,0.044239,0.043146,0.047062,0.043779,0.04754,0.043731,0.042572,0.044868,0.043518,0.042797,0.043776,0.043074,0.045116,0.044397,0.045006,0.046672,0.044682,0.044115,0.045608,0.045095,0.046425,0.04389,0.046065,0.043116,0.045485,0.047244
0.045146,0.044698,0.043434,0.046093,0.043743,0.045788,0.046221,0.046874,0.050721,0.045538,0.046116,0.045402,0.045998,0.045869,0.046371,0.061981,0.046253,0.046944,0.048599,0.046636,0.045344,0.047431,0.045526,0.047615,0.0477,0.044784,0.046183,0.047086,0.048353,0.0462,0.047812,0.045442,0.04636,0.047188,0.04605,0.046781,0.049106,0.044818,0.045991,0.047817
0.0444,0.045224,0.045898,0.047132,0.049188,0.045539,0.044915,0.04585,0.045777,0.046705,0.044481,0.05231,0.04976,0.04559,0.045085,0.048842,0.045556,0.047376,0.048092,0.046677,0.047697,0.045599,0.064511,0.047073,0.047632,0.04649,0.046616,0.043911,0.04436,0.043177,0.046364,0.044653,0.045962,0.045385,0.047506,0.047252,0.046896,0.04428,0.046519,0.046937
0.043845,0.047772,0.047218,0.045248,0.047162,0.043727,0.046101,0.044944,0.047015,0.042619,0.043625,0.04728,0.044302,0.043479,0.04596,0.044237,0.045776,0.043754,0.049817,0.046124,0.042945,0.04386,0.043612,0.046141,0.048188,0.04598,0.045619,0.04582,0.061745,0.045286,0.046417,0.046823,0.045844,0.046445,0.04643,0.04647,0.045497,0.047464,0.046116,0.045932
0.046906,0.04665,0.048695,0.049858,0.045634,0.045227,0.046094,0.044805,0.04738,0.045169,0.047382,0.046694,0.047816,0.045762,0.046251,0.04557,0.047304,0.047405,0.044391,0.046764,0.047846,0.046672,0.04513,0.045864,0.04653,0.045755,0.047592,0.045819,0.047545,0.047387,0.04534,0.048151,0.047185,0.046752,0.045387,0.046411,0.059786,0.046042,0.046361,0.044922
0.044139,0.045629,0.044471,0.045835,0.045371,0.048389,0.044947,0.044024,0.043696,0.043264,0.050019,0.045258,0.045074,0.042994,0.04493,0.045361,0.043076,0.046577,0.045603,0.044729,0.045161,0.046298,0.044417,0.043325,0.044502,0.048039,0.045662,0.043496,0.043233,0.046524,0.045822,0.0441,0.043956,0.047048,0.044827,0.043723,0.045563,0.043712,0.044538,0.042154
0.046263,0.043374,0.050612,0.06194,0.048209,0.046313,0.045179,0.046752,0.047792,0.046996,0.045149,0.046272,0.047508,0.046087,0.046174,0.047443,0.046312,0.047076,0.04482,0.046276,0.04429,0.0487,0.044865,0.047469,0.048082,0.045854,0.046556,0.045553,0.046296,0.04676,0.048069,0.046404,0.046556,0.046665,0.046537,0.049729,0.047712,0.046893,0.044108,0.047066
