0.5639,0.3295,0.35212,0.3582,0.35307,0.35871,0.36401,0.36521,0.36493,0.39275,0.42213,0.37608,0.39061,0.38261,0.39642,0.38716,0.38103,0.40574,0.40376,0.37032,0.38531,0.36864,0.34979,0.38482,0.38494,0.39197,0.38553,0.39407,0.37943,0.38471,0.40153,0.45019,0.38532,0.41367,0.4161,0.40543,0.40501,0.39904,0.3861,0.37981
0.23411,0.22512,0.22592,0.21965,0.21861,0.23897,0.22727,0.23406,0.22318,0.21877,0.21666,0.21457,0.21184,0.21487,0.21247,0.21956,0.23166,0.22421,0.2102,0.21983,0.21642,0.24943,0.22262,0.22624,0.22998,0.22501,0.23894,0.2683,0.2412,0.23517,0.22762,0.23385,0.25704,0.23219,0.23847,0.24321,0.24998,0.22368,0.2466,0.22444
0.22123,0.20385,0.20017,0.19131,0.18834,0.21286,0.20158,0.19643,0.20458,0.20274,0.20497,0.21133,0.20425,0.21602,0.20689,0.19914,0.21685,0.20563,0.19567,0.20304,0.21181,0.19604,0.19808,0.20372,0.19417,0.19679,0.19954,0.19432,0.23307,0.20988,0.26339,0.24381,0.25295,0.28553,0.29363,0.23095,0.23544,0.22757,0.21502,0.21008
0.19982,0.19076,0.18853,0.19349,0.20958,0.21193,0.19237,0.18886,0.19071,0.1877,0.19706,0.18527,0.18724,0.1809,0.19977,0.18152,0.18061,0.18346,0.18659,0.1799,0.18244,0.18619,0.1941,0.1928,0.18966,0.18514,0.19477,0.18365,0.22576,0.19044,0.20755,0.20238,0.19213,0.19471,0.19496,0.19645,0.19457,0.18833,0.19768,0.19631
0.19317,0.18835,0.17572,0.17471,0.17535,0.17318,0.17937,0.17741,0.17719,0.1788,0.18723,0.18525,0.18518,0.1847,0.20736,0.19499,0.19656,0.18973,0.18426,0.19104,0.18449,0.18637,0.17706,0.17997,0.19107,0.17922,0.17991,0.18231,0.17734,0.17976,0.18241,0.17622,0.17894,0.1782,0.19176,0.18506,0.21074,0.19419,0.189,0.18333
0.18298,0.18146,0.18307,0.18424,0.1869,0.17565,0.17423,0.17382,0.17508,0.17684,0.18753,0.1868,0.19283,0.24438,0.26564,0.24253,0.24863,0.27287,0.28599,0.29069,0.31323,0.27668,0.26569,0.22776,0.21267,0.20198,0.19891,0.22683,0.26778,0.27305,0.22835,0.22142,0.26979,0.25827,0.24349,0.23935,0.21445,0.2026,0.20962,0.20083
0.18837,0.19022,0.18595,0.18416,0.18473,0.1841,0.18081,0.17986,0.17574,0.17332,0.17733,0.17518,0.17183,0.17282,0.17441,0.17452,0.17714,0.17697,0.17519,0.17567,0.179,0.17757,0.17398,0.17251,0.17404,0.17667,0.1797,0.18169,0.18142,0.17804,0.17846,0.1748,0.17658,0.17285,0.17916,0.17417,0.17424,0.17847,0.17573,0.17609
0.17046,0.17699,0.18531,0.17291,0.17467,0.17496,0.17066,0.17121,0.17362,0.17752,0.17314,0.17319,0.1705,0.17478,0.17911,0.17404,0.18966,0.18553,0.1859,0.1862,0.18898,0.1872,0.1847,0.18866,0.18409,0.17558,0.17403,0.17443,0.17394,0.17605,0.17466,0.1749,0.17597,0.17222,0.17392,0.17307,0.17471,0.17314,0.17102,0.17421
0.17401,0.17467,0.17055,0.17386,0.1737,0.17731,0.17998,0.17895,0.18555,0.19861,0.18362,0.17905,0.18576,0.17912,0.17227,0.17508,0.17149,0.16906,0.17175,0.17281,0.17196,0.17153,0.17172,0.17245,0.17582,0.17194,0.17258,0.17123,0.17097,0.1724,0.17642,0.17263,0.17062,0.17573,0.17276,0.17013,0.17498,0.1771,0.19244,0.18414
0.17792,0.18225,0.18345,0.17982,0.17313,0.17435,0.18895,0.19852,0.18016,0.18077,0.18386,0.17825,0.1789,0.18386,0.1847,0.19816,0.18833,0.19563,0.18081,0.17956,0.18315,0.17818,0.1834,0.19224,0.18182,0.18597,0.18076,0.17885,0.18232,0.18431,0.17538,0.17409,0.17306,0.18405,0.18871,0.20933,0.2106,0.21489,0.19978,0.24035
0.20752,0.21159,0.2354,0.20654,0.19553,0.21219,0.22485,0.2045,0.2245,0.19563,0.19854,0.20754,0.20644,0.21546,0.20787,0.22346,0.23385,0.22087,0.22002,0.22382,0.2221,0.21357,0.22076,0.21942,0.22898,0.19952,0.1928,0.19735,0.22194,0.1982,0.21246,0.22573,0.20444,0.21772,0.21434,0.19865,0.19441,0.18972,0.19171,0.18901
0.18028,0.18098,0.18106,0.18003,0.19698,0.17628,0.17977,0.18519,0.18237,0.17941,0.17867,0.17909,0.18206,0.18309,0.17383,0.17393,0.16976,0.17184,0.17353,0.17564,0.17145,0.17936,0.17917,0.18066,0.18528,0.17976,0.17658,0.17013,0.17056,0.17113,0.17279,0.17219,0.17062,0.16949,0.17136,0.172,0.17267,0.17046,0.17218,0.17225
0.17107,0.1731,0.17091,0.17265,0.1719,0.17257,0.172,0.17515,0.17119,0.17691,0.17084,0.16907,0.17207,0.1725,0.16937,0.17181,0.17323,0.16827,0.17034,0.16773,0.16995,0.17254,0.17113,0.16999,0.17213,0.17567,0.17658,0.16895,0.17269,0.17016,0.16805,0.17215,0.17158,0.1712,0.17263,0.17229,0.17035,0.17317,0.17376,0.16718
0.17183,0.17001,0.17374,0.16441,0.16586,0.16717,0.16533,0.16592,0.16658,0.16869,0.17154,0.1726,0.17033,0.172,0.18519,0.17086,0.16985,0.17476,0.17328,0.17261,0.20137,0.2051,0.19246,0.22523,0.22278,0.2288,0.24746,0.21502,0.25843,0.23147,0.21948,0.20491,0.19954,0.19642,0.18985,0.19008,0.18737,0.17537,0.17612,0.17898
0.19776,0.18101,0.17543,0.16857,0.17127,0.17403,0.17119,0.16832,0.18057,0.17209,0.17473,0.1689,0.16901,0.17069,0.17021,0.16838,0.16892,0.16894,0.17102,0.17005,0.17014,0.17006,0.1871,0.1724,0.17254,0.17175,0.16841,0.16966,0.17312,0.16947,0.17165,0.17052,0.17044,0.1731,0.17467,0.16975,0.17245,0.17349,0.17332,0.17161
0.17083,0.16921,0.17039,0.17533,0.16879,0.17151,0.17,0.16937,0.17128,0.16748,0.16742,0.16607,0.17463,0.17269,0.17363,0.16201,0.16376,0.16456,0.16773,0.16626,0.16399,0.17328,0.16918,0.186,0.18029,0.16759,0.17012,0.23701,0.23106,0.20449,0.19123,0.18696,0.1771,0.17938,0.17377,0.17064,0.17193,0.17383,0.17213,0.16972
0.17982,0.17585,0.1709,0.1686,0.17307,0.17172,0.17494,0.16704,0.17231,0.16852,0.1712,0.17033,0.16961,0.17078,0.16561,0.16382,0.16532,0.16642,0.18213,0.18521,0.17128,0.16881,0.17147,0.17071,0.1739,0.17195,0.17195,0.16721,0.17135,0.17178,0.17221,0.17107,0.16856,0.17223,0.17174,0.16966,0.174,0.17061,0.16726,0.16815
0.16268,0.16437,0.16474,0.16056,0.16456,0.16197,0.16692,0.17225,0.17052,0.16824,0.17064,0.16984,0.17357,0.17373,0.16979,0.16697,0.1676,0.16214,0.16494,0.16151,0.16466,0.16615,0.16369,0.15893,0.16241,0.16314,0.16583,0.16393,0.16791,0.19536,0.1724,0.17276,0.17103,0.17525,0.1711,0.16806,0.17087,0.17152,0.16761,0.17172
0.17117,0.17046,0.17169,0.16911,0.16292,0.16513,0.1695,0.16361,0.16719,0.17374,0.19092,0.16568,0.17894,0.21464,0.20775,0.18545,0.181,0.18534,0.17785,0.18084,0.1813,0.17496,0.17637,0.16913,0.18575,0.19636,0.24241,0.19034,0.18014,0.17942,0.18001,0.1788,0.18225,0.17101,0.16992,0.17913,0.17424,0.1715,0.17378,0.16607
0.16268,0.16618,0.16601,0.16796,0.16871,0.17117,0.17533,0.17146,0.17874,0.17388,0.17182,0.18957,0.17001,0.17146,0.17481,0.16966,0.17055,0.17285,0.17458,0.18273,0.16876,0.17058,0.17274,0.18971,0.17057,0.1813,0.17654,0.17487,0.1749,0.17832,0.1733,0.17007,0.1741,0.17945,0.17913,0.18043,0.18384,0.17044,0.17181,0.17481
0.17399,0.16984,0.16867,0.17201,0.17633,0.16936,0.17462,0.16937,0.17723,0.17871,0.17989,0.17081,0.17776,0.17668,0.17951,0.1711,0.17275,0.17266,0.17177,0.16831,0.17179,0.17551,0.1709,0.17778,0.17801,0.17529,0.17903,0.17667,0.20579,0.17225,0.18508,0.18248,0.19146,0.19185,0.19086,0.1825,0.18852,0.1812,0.17619,0.17585
0.17513,0.1701,0.17119,0.17181,0.16948,0.17008,0.1787,0.1803,0.179,0.18121,0.17314,0.20248,0.18475,0.1877,0.17997,0.18079,0.1795,0.20386,0.18085,0.18255,0.18072,0.17812,0.18177,0.1821,0.17486,0.17671,0.18019,0.18574,0.19135,0.19323,0.17823,0.18186,0.17851,0.1751,0.17639,0.17787,0.18169,0.17268,0.17523,0.1716
0.17199,0.17525,0.17346,0.18086,0.18119,0.18737,0.18273,0.18443,0.17976,0.17923,0.17931,0.18623,0.17478,0.17211,0.17075,0.17299,0.17619,0.17457,0.16898,0.17499,0.18223,0.17475,0.17978,0.17434,0.17839,0.17371,0.18155,0.18702,0.18099,0.1799,0.18553,0.18137,0.17587,0.16904,0.17528,0.16956,0.16919,0.16918,0.17278,0.16919
0.17386,0.18124,0.17216,0.17334,0.17697,0.17786,0.18049,0.18539,0.1823,0.181,0.1832,0.18497,0.1769,0.17707,0.17551,0.17531,0.17393,0.17037,0.19287,0.17403,0.1709,0.17358,0.17958,0.17936,0.17977,0.18713,0.19022,0.18933,0.18596,0.18633,0.17467,0.18461,0.18785,0.1871,0.18656,0.19193,0.17737,0.18042,0.17947,0.18414
0.18071,0.20108,0.18015,0.1808,0.18253,0.18027,0.17419,0.18929,0.18417,0.18536,0.17272,0.17312,0.17244,0.17099,0.1722,0.17239,0.17775,0.18712,0.18026,0.17943,0.1818,0.18496,0.18623,0.18497,0.17982,0.18381,0.18564,0.18213,0.17952,0.17309,0.17401,0.16938,0.17077,0.17433,0.18195,0.18692,0.19137,0.18225,0.19942,0.17729
0.17785,0.1918,0.18213,0.17784,0.17927,0.18336,0.1793,0.17962,0.17114,0.17073,0.17223,0.17048,0.17039,0.19877,0.17969,0.17674,0.17606,0.17892,0.178,0.17091,0.171,0.17633,0.20361,0.19805,0.18479,0.17909,0.17966,0.17667,0.18091,0.1898,0.18085,0.1818,0.17661,0.16839,0.16907,0.16889,0.17118,0.17049,0.17062,0.17123
0.16924,0.16965,0.17102,0.16861,0.16891,0.16875,0.17143,0.16926,0.1715,0.16962,0.17054,0.17171,0.16792,0.16984,0.17068,0.1757,0.17353,0.17516,0.17594,0.17647,0.17258,0.16995,0.17065,0.17077,0.17166,0.17518,0.17411,0.16871,0.1622,0.16318,0.16287,0.15924,0.1764,0.17199,0.1681,0.16956,0.16926,0.16827,0.17665,0.18927
0.17251,0.17472,0.17284,0.16769,0.16959,0.16929,0.16843,0.1677,0.18132,0.17764,0.17438,0.17377,0.17295,0.17098,0.17392,0.17385,0.18766,0.18681,0.19373,0.18225,0.18761,0.17782,0.17846,0.17771,0.18066,0.17993,0.1694,0.16958,0.17153,0.17012,0.1701,0.17127,0.18062,0.17249,0.17514,0.17077,0.16968,0.1724,0.17234,0.16821
0.17025,0.171,0.17115,0.16846,0.17153,0.17542,0.17118,0.17928,0.17583,0.17709,0.17711,0.18154,0.17822,0.17478,0.16907,0.17346,0.16743,0.17223,0.16784,0.16982,0.17091,0.16907,0.17194,0.16777,0.16622,0.16786,0.16988,0.16736,0.18771,0.16893,0.17235,0.17022,0.16907,0.16874,0.16783,0.17255,0.17079,0.17001,0.17468,0.17068
0.16883,0.16995,0.17112,0.17369,0.17179,0.17763,0.17403,0.17252,0.17058,0.17182,0.17503,0.17205,0.17726,0.17372,0.1741,0.18468,0.18034,0.18518,0.17562,0.19598,0.17354,0.18047,0.18049,0.17986,0.17635,0.18526,0.18744,0.18773,0.18272,0.17589,0.1976,0.18502,0.18348,0.17979,0.18497,0.18006,0.16997,0.17359,0.1727,0.17492
0.17515,0.16914,0.17544,0.17094,0.17084,0.16984,0.16898,0.17175,0.17119,0.17205,0.17316,0.16845,0.17137,0.17743,0.1746,0.1729,0.17185,0.17014,0.17125,0.17236,0.18301,0.17754,0.18175,0.16786,0.17472,0.17073,0.18607,0.17761,0.17983,0.18298,0.18165,0.17789,0.18695,0.17372,0.17258,0.1684,0.17144,0.17363,0.1718,0.17341
0.17232,0.16927,0.19498,0.17752,0.17624,0.17895,0.182,0.17748,0.17279,0.17203,0.16916,0.16824,0.17281,0.16843,0.16916,0.17208,0.17398,0.17317,0.17197,0.17243,0.17311,0.16881,0.17738,0.18073,0.18049,0.18404,0.1784,0.17802,0.17971,0.17923,0.17736,0.17927,0.17179,0.17427,0.17462,0.17059,0.17092,0.1735,0.17744,0.17291
0.17623,0.17793,0.17892,0.17918,0.17354,0.1786,0.17263,0.17038,0.17005,0.17625,0.17816,0.1771,0.17481,0.18435,0.17805,0.17786,0.18666,0.18776,0.20989,0.18176,0.19259,0.18103,0.18156,0.17451,0.17895,0.17777,0.17606,0.17352,0.169,0.16874,0.1711,0.16667,0.17011,0.16955,0.16744,0.17449,0.18009,0.16731,0.16972,0.16794
0.17221,0.17116,0.18608,0.17794,0.18538,0.17732,0.18788,0.17977,0.20101,0.17931,0.18266,0.18291,0.18772,0.18639,0.18372,0.18494,0.16957,0.16827,0.17353,0.18495,0.17173,0.17151,0.16864,0.16897,0.16976,0.1738,0.18422,0.17351,0.17002,0.1739,0.17066,0.17523,0.1748,0.1715,0.16914,0.17191,0.18024,0.1814,0.17617,0.17864
0.17742,0.19063,0.18891,0.18365,0.18147,0.17445,0.17084,0.16852,0.1714,0.16709,0.17128,0.16989,0.16881,0.17376,0.16856,0.17194,0.17106,0.17168,0.17865,0.16915,0.17182,0.18367,0.18247,0.17345,0.17592,0.18026,0.17782,0.18867,0.18244,0.17782,0.1761,0.17958,0.16842,0.16889,0.17542,0.17937,0.183,0.20352,0.18227,0.18116
0.18068,0.17792,0.17705,0.17725,0.18217,0.18115,0.17835,0.17426,0.16959,0.16951,0.17263,0.17138,0.16976,0.17214,0.17446,0.16751,0.1701,0.17477,0.17245,0.17495,0.17245,0.17766,0.17101,0.17264,0.1756,0.18101,0.18735,0.18147,0.18142,0.17608,0.18165,0.18988,0.18926,0.18455,0.17721,0.17009,0.17139,0.16738,0.17306,0.20026
0.18561,0.18603,0.17617,0.17773,0.18361,0.17578,0.18263,0.17913,0.18722,0.18179,0.17126,0.16807,0.17011,0.18022,0.17178,0.17002,0.16879,0.17137,0.17107,0.17151,0.17167,0.17318,0.16896,0.17118,0.19262,0.17767,0.17697,0.17379,0.17722,0.17496,0.17471,0.18006,0.2052,0.18869,0.1819,0.17919,0.18985,0.17915,0.17907,0.18789
0.18222,0.1748,0.17274,0.18177,0.16859,0.16889,0.17461,0.16936,0.17132,0.17438,0.17222,0.17311,0.17126,0.17259,0.1687,0.17617,0.20517,0.20179,0.17658,0.18171,0.17783,0.1827,0.17847,0.18033,0.17676,0.17796,0.17963,0.18083,0.17825,0.17234,0.17189,0.17588,0.17115,0.17253,0.1699,0.17331,0.19609,0.18422,0.18061,0.1801
0.17892,0.17919,0.18348,0.18102,0.17294,0.17774,0.18149,0.17336,0.17325,0.17048,0.17201,0.17992,0.17531,0.17563,0.17845,0.18226,0.17512,0.18054,0.17782,0.17367,0.17802,0.17122,0.17353,0.17223,0.17435,0.17261,0.17422,0.17651,0.17179,0.18959,0.17894,0.17192,0.18454,0.18033,0.18197,0.17654,0.17452,0.18076,0.1783,0.17175
0.17111,0.17249,0.17102,0.17702,0.17017,0.16988,0.17195,0.17598,0.17746,0.17421,0.17013,0.16887,0.16929,0.1716,0.17278,0.17169,0.17082,0.17504,0.16976,0.1698,0.17324,0.17013,0.16981,0.17289,0.17008,0.1763,0.17359,0.17209,0.17011,0.17025,0.16984,0.1674,0.16662,0.17197,0.17059,0.16838,0.16883,0.17005,0.17521,0.17899
