0.13448,0.12123,0.11872,0.12545,0.12107,0.11777,0.11803,0.11648,0.12258,0.11162,0.12532,0.12442,0.1234,0.1244,0.12044,0.11594,0.11676,0.11828,0.12015,0.1302,0.1247,0.12301,0.12384,0.12675,0.12401,0.1304,0.12646,0.12396,0.12602,0.12256,0.12692,0.12453,0.12669,0.12728,0.12786,0.12958,0.13627,0.12215,0.12525,0.12394
0.083451,0.08378,0.080327,0.081878,0.080601,0.082349,0.084868,0.080985,0.080597,0.083973,0.084128,0.081044,0.084811,0.085022,0.079795,0.083578,0.084424,0.079118,0.085328,0.081883,0.082012,0.081635,0.082663,0.084462,0.088825,0.086692,0.082972,0.082685,0.084116,0.081459,0.081061,0.086604,0.088893,0.087852,0.088293,0.087408,0.087987,0.088224,0.086747,0.088143
0.086822,0.078196,0.078689,0.080069,0.080065,0.077403,0.079639,0.076614,0.076846,0.075793,0.07473,0.072908,0.074524,0.07599,0.076705,0.075277,0.079151,0.076877,0.0762,0.076823,0.078414,0.077995,0.076453,0.07889,0.075259,0.07669,0.076294,0.076762,0.075006,0.078383,0.07684,0.076916,0.076114,0.077941,0.075137,0.076882,0.075683,0.078183,0.078222,0.078808
0.074713,0.072713,0.074583,0.074068,0.074048,0.075925,0.074974,0.085258,0.076631,0.07369,0.075032,0.074159,0.075778,0.075421,0.076435,0.077558,0.075039,0.073215,0.074875,0.075177,0.077932,0.074983,0.075836,0.072805,0.073974,0.075989,0.075482,0.078209,0.075735,0.075286,0.074517,0.075308,0.075164,0.075206,0.07446,0.077045,0.074332,0.076669,0.073742,0.074895
0.07267,0.071155,0.072095,0.069991,0.070413,0.072806,0.071382,0.074688,0.073261,0.073666,0.070906,0.073142,0.076352,0.080078,0.072252,0.072649,0.07308,0.073051,0.072107,0.072203,0.073977,0.072034,0.073383,0.072253,0.071756,0.070225,0.074144,0.074006,0.077629,0.070757,0.072513,0.076154,0.071027,0.074426,0.071569,0.072298,0.07457,0.075149,0.0731,0.071612
0.073044,0.070922,0.071315,0.071059,0.070874,0.068891,0.070349,0.070922,0.071503,0.071695,0.071834,0.073974,0.072216,0.071091,0.07114,0.073049,0.071772,0.072008,0.072367,0.077685,0.070386,0.072029,0.072514,0.07282,0.075127,0.07301,0.071971,0.073512,0.072599,0.075456,0.072523,0.072865,0.070247,0.069518,0.070553,0.070966,0.07107,0.070755,0.072059,0.071285
0.071972,0.073836,0.071354,0.070837,0.069794,0.070238,0.069806,0.071343,0.071665,0.071028,0.074213,0.07163,0.070732,0.070065,0.070858,0.071478,0.07095,0.069807,0.069597,0.07167,0.071308,0.071733,0.073156,0.070999,0.072548,0.072581,0.084311,0.071077,0.069381,0.070776,0.073356,0.072494,0.073715,0.070883,0.072341,0.071776,0.070824,0.07174,0.071368,0.072606
0.072754,0.070878,0.07002,0.071473,0.071485,0.070542,0.071322,0.071092,0.070208,0.070099,0.073016,0.069989,0.072184,0.071285,0.07069,0.071153,0.07138,0.070687,0.070374,0.069143,0.07157,0.072143,0.069201,0.070752,0.072727,0.07265,0.072927,0.072119,0.070261,0.071184,0.072045,0.073048,0.079998,0.074483,0.07223,0.071084,0.071395,0.072435,0.0719,0.073626
0.070212,0.072433,0.070833,0.069099,0.070411,0.069945,0.072355,0.072409,0.072913,0.069301,0.069983,0.072002,0.069039,0.070947,0.072195,0.07048,0.070404,0.071765,0.071475,0.070427,0.071206,0.07222,0.069962,0.071178,0.069384,0.071544,0.070219,0.071115,0.072186,0.069867,0.069592,0.070503,0.071681,0.072092,0.068141,0.066213,0.073783,0.067911,0.068093,0.069137
0.066222,0.067547,0.072168,0.071149,0.072818,0.071466,0.072798,0.069175,0.072939,0.069941,0.070786,0.069108,0.069819,0.070405,0.070315,0.070096,0.072212,0.069261,0.069982,0.070334,0.071544,0.069254,0.069956,0.069935,0.069913,0.070525,0.070906,0.068308,0.069532,0.070844,0.073222,0.070804,0.070295,0.072006,0.069064,0.06941,0.070327,0.071177,0.073174,0.069158
0.071732,0.069779,0.069163,0.080644,0.070859,0.070713,0.069656,0.068473,0.072737,0.068729,0.070858,0.07054,0.069575,0.069617,0.072345,0.070187,0.073239,0.071013,0.072415,0.069277,0.070081,0.07213,0.073013,0.070544,0.071611,0.072534,0.071869,0.071951,0.068917,0.071941,0.069122,0.070031,0.070878,0.071094,0.069731,0.068887,0.070799,0.071025,0.071147,0.070302
0.073154,0.0705,0.072971,0.070139,0.069933,0.06893,0.070378,0.070585,0.069833,0.077233,0.071253,0.070588,0.072405,0.070564,0.070802,0.068368,0.070328,0.070196,0.070444,0.07105,0.069092,0.073822,0.070592,0.071117,0.071766,0.070555,0.071318,0.069868,0.072318,0.068731,0.069857,0.071763,0.072438,0.071867,0.070923,0.073336,0.069516,0.073538,0.070095,0.068481
0.070922,0.071667,0.070298,0.070129,0.069397,0.071023,0.070393,0.069807,0.071812,0.071284,0.070252,0.071516,0.071953,0.07082,0.07051,0.078411,0.070372,0.070504,0.070853,0.070106,0.072035,0.071617,0.069877,0.071563,0.0699,0.071026,0.068941,0.069449,0.070441,0.073597,0.070883,0.0686,0.069088,0.071186,0.07092,0.072115,0.069674,0.071401,0.072593,0.069034
0.069428,0.069936,0.069264,0.069641,0.0715,0.072119,0.069403,0.069826,0.070919,0.070718,0.068282,0.074054,0.072862,0.073608,0.06836,0.071327,0.068907,0.069812,0.070445,0.069589,0.069852,0.074443,0.070138,0.072612,0.069793,0.070101,0.073277,0.072166,0.075124,0.073036,0.06963,0.071982,0.070255,0.071423,0.072509,0.071358,0.069803,0.070076,0.069695,0.072131
0.069796,0.068596,0.069482,0.069545,0.072111,0.070764,0.07147,0.069903,0.069375,0.068864,0.069751,0.072367,0.070518,0.070638,0.070923,0.069374,0.068423,0.069245,0.070721,0.069425,0.069673,0.067744,0.070474,0.07204,0.068874,0.071049,0.067441,0.065973,0.080342,0.067077,0.06745,0.066237,0.07094,0.06692,0.068923,0.066969,0.06911,0.066586,0.068859,0.068376
0.068899,0.070967,0.069462,0.069598,0.069467,0.071113,0.069043,0.072161,0.070188,0.070714,0.07383,0.069209,0.068921,0.070197,0.070594,0.068426,0.072223,0.070916,0.071097,0.071098,0.068827,0.071325,0.070189,0.070676,0.071194,0.069379,0.070721,0.069027,0.070716,0.069648,0.070157,0.075013,0.069976,0.070221,0.077629,0.072841,0.070729,0.069787,0.072153,0.069067
0.06967,0.068487,0.069731,0.072056,0.069154,0.072037,0.070494,0.070822,0.070273,0.069924,0.068295,0.070808,0.068688,0.071675,0.069891,0.072531,0.070841,0.068956,0.069478,0.069917,0.070376,0.069557,0.070378,0.072759,0.071565,0.06906,0.069851,0.072519,0.0661,0.065983,0.067928,0.066449,0.067289,0.068366,0.072014,0.066701,0.066508,0.069241,0.070419,0.069654
0.080334,0.071687,0.069149,0.069902,0.068279,0.070098,0.069849,0.070933,0.070925,0.070502,0.070494,0.068726,0.070621,0.070971,0.070026,0.068406,0.074463,0.070698,0.068242,0.069737,0.067475,0.069824,0.069652,0.070691,0.070173,0.070039,0.069196,0.070878,0.072388,0.06912,0.070275,0.07104,0.070405,0.069612,0.070568,0.071775,0.070688,0.072317,0.07057,0.068292
0.069276,0.069738,0.071109,0.069082,0.068632,0.068881,0.079049,0.06982,0.071539,0.068775,0.069463,0.075473,0.069979,0.069553,0.070069,0.072258,0.070593,0.07215,0.074907,0.071013,0.069933,0.070074,0.069374,0.069784,0.079166,0.071429,0.072068,0.071584,0.069019,0.069484,0.070266,0.069122,0.07079,0.071529,0.067681,0.068861,0.070527,0.071345,0.072156,0.070089
0.069395,0.070654,0.068412,0.06974,0.070521,0.068866,0.069622,0.068602,0.069115,0.068842,0.072167,0.070459,0.078431,0.071686,0.070894,0.069529,0.070326,0.068672,0.072796,0.06807,0.069732,0.073925,0.069626,0.06973,0.069301,0.07148,0.070547,0.070768,0.070839,0.072013,0.072714,0.070868,0.069603,0.0685,0.069602,0.070342,0.06932,0.071122,0.070465,0.070645
0.068531,0.07131,0.068867,0.07169,0.068305,0.068533,0.070156,0.068318,0.069014,0.071466,0.071078,0.069309,0.070222,0.072788,0.073286,0.069552,0.07031,0.071279,0.078059,0.069235,0.069997,0.071831,0.072355,0.073526,0.070501,0.07035,0.06839,0.070058,0.069358,0.07212,0.070922,0.068481,0.071151,0.068718,0.069704,0.070868,0.070449,0.070867,0.071131,0.070145
0.069066,0.069304,0.068918,0.069303,0.072611,0.068395,0.069606,0.071419,0.069387,0.070417,0.070579,0.070707,0.0706,0.068516,0.070088,0.068461,0.069419,0.070073,0.069886,0.073004,0.069818,0.069587,0.06947,0.068353,0.076281,0.069585,0.071431,0.071303,0.070653,0.069159,0.070281,0.069512,0.072143,0.07019,0.06962,0.068239,0.068623,0.069631,0.071537,0.071264
0.071021,0.068487,0.070319,0.070762,0.070851,0.071929,0.072913,0.070903,0.071143,0.069146,0.070252,0.069279,0.070948,0.069939,0.073649,0.068327,0.069245,0.070796,0.070122,0.071397,0.071411,0.070699,0.069164,0.072676,0.068679,0.081904,0.071741,0.072016,0.072969,0.075673,0.070642,0.069415,0.067958,0.070393,0.070173,0.071077,0.071041,0.071743,0.069368,0.070658
0.071062,0.06965,0.068383,0.070397,0.069045,0.070395,0.069628,0.070341,0.070941,0.072835,0.068621,0.070196,0.06977,0.06904,0.067825,0.070807,0.070624,0.070218,0.070316,0.068872,0.068532,0.069617,0.0695,0.07261,0.071101,0.068401,0.068385,0.071954,0.070475,0.069533,0.070274,0.071542,0.068638,0.070715,0.068855,0.07135,0.079546,0.072591,0.069031,0.069089
0.069252,0.071821,0.070285,0.069734,0.072669,0.071218,0.068086,0.070091,0.068125,0.070348,0.068791,0.068788,0.07245,0.069783,0.071899,0.069045,0.071696,0.070138,0.069069,0.071916,0.06907,0.071133,0.070079,0.068865,0.069629,0.071703,0.070276,0.071138,0.07397,0.070157,0.069214,0.070163,0.072448,0.069809,0.070241,0.072426,0.070363,0.071156,0.06921,0.07109
0.07168,0.069597,0.076284,0.068396,0.070624,0.069197,0.072219,0.070191,0.069693,0.069082,0.068496,0.069587,0.071067,0.068654,0.072426,0.072148,0.070783,0.072675,0.069342,0.069265,0.071198,0.073714,0.068281,0.06963,0.069167,0.06913,0.070719,0.070598,0.069922,0.070481,0.071245,0.069129,0.069465,0.069428,0.069481,0.068504,0.070578,0.070893,0.070717,0.068564
0.071194,0.068371,0.07111,0.069553,0.068291,0.070612,0.068983,0.069235,0.069974,0.080068,0.069752,0.068815,0.069466,0.068,0.069597,0.069086,0.069732,0.072231,0.068861,0.069142,0.070796,0.070732,0.069933,0.070838,0.071293,0.07087,0.06987,0.069253,0.071023,0.071289,0.07069,0.071005,0.070212,0.074175,0.072757,0.068683,0.06818,0.068451,0.070236,0.070417
0.068439,0.069809,0.068549,0.067911,0.070652,0.071047,0.071504,0.070435,0.068979,0.069528,0.069583,0.068732,0.07285,0.070174,0.070022,0.079653,0.069971,0.069213,0.071008,0.07114,0.070096,0.069567,0.070797,0.069508,0.069693,0.069551,0.069659,0.068715,0.06835,0.071478,0.069903,0.069258,0.071833,0.070447,0.069471,0.070227,0.070828,0.069675,0.069342,0.068963
0.07083,0.073856,0.072021,0.073438,0.072319,0.072892,0.070496,0.070417,0.073915,0.069313,0.068318,0.071922,0.068689,0.068957,0.069126,0.070654,0.069825,0.070061,0.070089,0.0712,0.070668,0.080038,0.072077,0.069826,0.069723,0.069876,0.069915,0.068193,0.070967,0.070793,0.069674,0.069507,0.068797,0.069664,0.070613,0.069372,0.072179,0.069696,0.071974,0.071437
0.070336,0.069443,0.069919,0.07036,0.069898,0.071736,0.069999,0.068558,0.069802,0.069508,0.070839,0.069466,0.070872,0.066978,0.070505,0.071232,0.069376,0.069926,0.068235,0.069887,0.068581,0.071655,0.069962,0.069632,0.07048,0.070878,0.07023,0.080447,0.070363,0.069992,0.06817,0.070122,0.069677,0.071204,0.070286,0.069574,0.069582,0.06819,0.069507,0.071969
0.070165,0.069912,0.069544,0.070228,0.07091,0.069809,0.070284,0.073378,0.069114,0.069696,0.069193,0.069123,0.071826,0.072023,0.06928,0.069671,0.070384,0.068161,0.069482,0.067528,0.069723,0.070354,0.069665,0.068671,0.069921,0.070834,0.06972,0.070066,0.068507,0.069479,0.070607,0.071043,0.071106,0.080394,0.0703,0.071427,0.070559,0.069202,0.070561,0.069151
0.068189,0.067179,0.070382,0.067865,0.06997,0.069418,0.071815,0.069347,0.070909,0.071924,0.069354,0.070903,0.070215,0.068043,0.068613,0.069216,0.070265,0.073832,0.069486,0.069197,0.069126,0.070568,0.069819,0.068643,0.066806,0.065624,0.066474,0.066656,0.066407,0.06744,0.067011,0.068159,0.068024,0.067317,0.06649,0.068437,0.067832,0.06836,0.073536,0.081998
0.070432,0.071201,0.070447,0.071939,0.068841,0.069755,0.070768,0.069339,0.071609,0.072054,0.068914,0.07175,0.069448,0.067477,0.070004,0.072261,0.071554,0.070031,0.069715,0.070579,0.070517,0.071596,0.07067,0.06931,0.070328,0.068833,0.071499,0.069428,0.068868,0.069627,0.070569,0.069165,0.069916,0.071932,0.069384,0.068236,0.068689,0.071539,0.0706,0.071397
0.068056,0.070296,0.070357,0.070358,0.069556,0.079895,0.071506,0.070266,0.06956,0.070671,0.069293,0.072304,0.069414,0.070477,0.076345,0.070599,0.069898,0.070128,0.069128,0.068749,0.069446,0.070601,0.068427,0.072039,0.068763,0.070068,0.070875,0.069699,0.068781,0.069518,0.071305,0.070074,0.069644,0.073805,0.068937,0.069881,0.07334,0.072384,0.070857,0.071971
0.070907,0.07257,0.069774,0.069786,0.069178,0.070116,0.068697,0.069817,0.068212,0.070945,0.069995,0.079889,0.070461,0.0691,0.072074,0.068227,0.069955,0.068325,0.073725,0.06911,0.069411,0.070998,0.07262,0.071741,0.070209,0.069662,0.071493,0.070396,0.069766,0.070019,0.070672,0.070455,0.073014,0.07022,0.069824,0.068172,0.069459,0.069862,0.073099,0.070953
0.071364,0.070698,0.071717,0.072035,0.069421,0.070625,0.072296,0.071503,0.070302,0.069641,0.071647,0.06947,0.069964,0.067197,0.067379,0.066174,0.068197,0.077664,0.066127,0.067057,0.071321,0.069781,0.06586,0.066646,0.068373,0.070118,0.069649,0.069723,0.069367,0.068525,0.06968,0.072177,0.070614,0.069096,0.070631,0.070839,0.069436,0.069119,0.070922,0.071555
0.070353,0.071799,0.073428,0.07151,0.072795,0.072824,0.070479,0.067984,0.06938,0.071118,0.070193,0.06968,0.069634,0.069044,0.070015,0.070354,0.069699,0.069396,0.070228,0.070303,0.072233,0.069435,0.069567,0.081008,0.068263,0.068478,0.069618,0.069642,0.070231,0.070217,0.069233,0.068427,0.069265,0.070463,0.069563,0.068351,0.068624,0.070814,0.069763,0.069505
0.069055,0.07161,0.070965,0.068271,0.072548,0.070711,0.070991,0.070107,0.07122,0.071139,0.069131,0.069032,0.069157,0.06909,0.07102,0.070362,0.069832,0.070682,0.070291,0.070014,0.070626,0.068958,0.068925,0.069253,0.066278,0.066476,0.073001,0.074008,0.067506,0.067553,0.06932,0.065245,0.066875,0.073649,0.072498,0.070098,0.069836,0.068965,0.070045,0.068453
0.069128,0.070165,0.071011,0.069948,0.068129,0.070771,0.069506,0.072897,0.0714,0.071973,0.072289,0.070143,0.069737,0.068819,0.073852,0.069761,0.070673,0.067265,0.069961,0.070029,0.069751,0.071906,0.071008,0.071361,0.070242,0.069285,0.071462,0.068479,0.071699,0.071667,0.070935,0.071104,0.06947,0.068735,0.082328,0.072049,0.071247,0.072058,0.068892,0.065987
0.06759,0.067439,0.068165,0.069386,0.067708,0.067528,0.066547,0.068064,0.068482,0.067082,0.069655,0.069511,0.070186,0.069483,0.071039,0.071029,0.069455,0.073588,0.070024,0.071165,0.072394,0.068448,0.070974,0.06828,0.070015,0.076288,0.073509,0.068648,0.069376,0.070411,0.072316,0.070633,0.069484,0.071677,0.06895,0.071258,0.070669,0.072574,0.07226,0.069772
