0.053573,0.048001,0.04495,0.042671,0.041725,0.045306,0.039095,0.039039,0.038597,0.046697,0.038567,0.037776,0.051007,0.054118,0.053485,0.038852,0.038113,0.048348,0.043693,0.044845,0.039254,0.039033,0.053825,0.044719,0.038265,0.039757,0.04631,0.039859,0.039283,0.052075,0.047672,0.046914,0.038702,0.03882,0.048451,0.038597,0.040046,0.049173,0.041449,0.039241
0.041452,0.048669,0.049186,0.052285,0.032161,0.035043,0.030121,0.040803,0.037791,0.029126,0.038681,0.038504,0.030847,0.033927,0.032699,0.036806,0.047355,0.047921,0.037433,0.047268,0.034457,0.031627,0.035212,0.05239,0.031624,0.052184,0.028816,0.03208,0.04186,0.047601,0.043251,0.038686,0.038581,0.044744,0.048838,0.037572,0.047975,0.046997,0.032286,0.040921
0.047481,0.035188,0.043317,0.047552,0.049282,0.035191,0.047869,0.036818,0.047269,0.033831,0.034897,0.049738,0.048849,0.036513,0.031352,0.050595,0.049543,0.047551,0.034215,0.035164,0.050003,0.049025,0.041623,0.027988,0.031985,0.049769,0.032004,0.051532,0.036778,0.026714,0.038412,0.034622,0.026781,0.037365,0.046682,0.036336,0.046801,0.041709,0.025918,0.03821
0.0257,0.039371,0.0432,0.04139,0.043161,0.03754,0.033099,0.048255,0.04847,0.040013,0.044234,0.068281,0.028001,0.041664,0.026375,0.038577,0.035837,0.03789,0.024328,0.049286,0.032571,0.034756,0.049275,0.044791,0.046141,0.030375,0.03043,0.03205,0.037766,0.047283,0.032295,0.047696,0.054562,0.033154,0.048054,0.033134,0.047969,0.036718,0.033257,0.038313
0.031124,0.023828,0.038853,0.034373,0.04845,0.033485,0.036066,0.042489,0.041595,0.025806,0.037699,0.047667,0.048964,0.033997,0.035988,0.05441,0.024462,0.032356,0.035927,0.035264,0.047643,0.034136,0.03707,0.030176,0.030658,0.023652,0.028899,0.032118,0.040401,0.03071,0.044581,0.037851,0.032017,0.0515,0.031779,0.051069,0.031511,0.052348,0.027177,0.036146
0.035043,0.047871,0.039101,0.033995,0.033435,0.046936,0.033879,0.050366,0.031947,0.034418,0.034735,0.045501,0.036593,0.034627,0.036073,0.027694,0.05258,0.031038,0.046865,0.039768,0.025842,0.041157,0.02775,0.046139,0.034112,0.044041,0.023935,0.041402,0.047637,0.04636,0.057098,0.040113,0.035288,0.038191,0.044606,0.052439,0.034543,0.040862,0.035713,0.023201
0.026641,0.02725,0.023382,0.037661,0.047906,0.033671,0.036342,0.032945,0.04999,0.037723,0.024533,0.04091,0.02751,0.036753,0.029893,0.037019,0.044631,0.036909,0.032272,0.049811,0.049488,0.040474,0.025641,0.033512,0.039295,0.041191,0.036389,0.054324,0.034131,0.026413,0.038044,0.042349,0.024205,0.044863,0.040938,0.029794,0.04914,0.048012,0.041686,0.024321
0.038401,0.031079,0.033549,0.033317,0.033918,0.035359,0.031503,0.029422,0.028505,0.024501,0.03479,0.051407,0.025791,0.039917,0.036111,0.047129,0.030702,0.032472,0.032425,0.033058,0.039134,0.035169,0.026213,0.042296,0.029386,0.031126,0.051875,0.036128,0.027668,0.034341,0.048218,0.055636,0.027122,0.03589,0.048698,0.049175,0.053252,0.03435,0.032445,0.034013
0.047259,0.049193,0.048241,0.034568,0.035822,0.04864,0.049435,0.048835,0.035019,0.047757,0.036171,0.048655,0.048365,0.040998,0.029578,0.046865,0.037079,0.033922,0.035717,0.030909,0.031674,0.036539,0.03442,0.027367,0.034523,0.053798,0.027109,0.037844,0.047824,0.053824,0.026803,0.037139,0.03451,0.032361,0.028135,0.038632,0.033351,0.033705,0.044203,0.035622
0.039586,0.024907,0.040392,0.034426,0.028226,0.034191,0.048487,0.048251,0.040598,0.024729,0.039162,0.049394,0.033592,0.050031,0.036119,0.029645,0.05275,0.049514,0.049068,0.048647,0.048873,0.049623,0.038613,0.043813,0.034984,0.036097,0.047688,0.048175,0.042523,0.041849,0.036446,0.054643,0.048029,0.04948,0.047084,0.050654,0.049886,0.052765,0.025974,0.04202
0.044925,0.048939,0.04901,0.04902,0.040077,0.044033,0.032873,0.037345,0.047591,0.054644,0.04409,0.034777,0.03245,0.035035,0.051416,0.047565,0.048899,0.049139,0.035936,0.048361,0.040655,0.04201,0.04193,0.027996,0.03515,0.031046,0.032982,0.031979,0.023153,0.023494,0.023567,0.028708,0.024939,0.024557,0.024682,0.032284,0.025019,0.024565,0.024265,0.023693
0.024186,0.022983,0.023813,0.027272,0.029194,0.022717,0.025201,0.022539,0.023386,0.030766,0.025641,0.023314,0.033008,0.028767,0.03801,0.031574,0.042082,0.040844,0.028936,0.039001,0.030432,0.027975,0.040531,0.048287,0.048166,0.036771,0.031976,0.047026,0.038148,0.03231,0.051498,0.032473,0.03088,0.035735,0.028218,0.040353,0.032778,0.044635,0.023653,0.025105
0.03442,0.034443,0.043627,0.028758,0.028939,0.046018,0.040554,0.041853,0.036009,0.040671,0.025493,0.039427,0.029071,0.047055,0.034798,0.034699,0.035689,0.034679,0.030697,0.031178,0.035656,0.048422,0.054837,0.031014,0.034089,0.052581,0.043,0.036172,0.047931,0.04929,0.034904,0.035963,0.031956,0.049703,0.055004,0.024463,0.033654,0.039718,0.029678,0.047912
0.033994,0.032538,0.036814,0.050015,0.048706,0.048995,0.034825,0.049401,0.048483,0.035656,0.047199,0.035652,0.048298,0.049805,0.041009,0.030272,0.034326,0.03482,0.024934,0.037727,0.040385,0.022976,0.039768,0.026397,0.037467,0.04815,0.049046,0.049295,0.041178,0.023569,0.039164,0.034891,0.030674,0.046412,0.042026,0.024392,0.039505,0.030266,0.045441,0.042767
0.026663,0.034181,0.049329,0.038104,0.044719,0.042669,0.021916,0.040553,0.029449,0.033675,0.056205,0.047489,0.031938,0.031081,0.03455,0.050178,0.04935,0.047689,0.03573,0.048196,0.036407,0.03245,0.045665,0.03967,0.02982,0.046353,0.041902,0.028937,0.053933,0.035199,0.030669,0.030077,0.03359,0.034359,0.046483,0.02263,0.037908,0.02485,0.035953,0.03322
0.047226,0.036414,0.031696,0.030541,0.023423,0.033205,0.028914,0.04558,0.035568,0.035261,0.053002,0.032796,0.031401,0.044889,0.033232,0.03302,0.0371,0.035404,0.053891,0.024816,0.038054,0.033026,0.027919,0.02189,0.034115,0.033281,0.045568,0.041252,0.030554,0.032997,0.048519,0.049264,0.054238,0.029822,0.032864,0.050791,0.034619,0.028655,0.033651,0.034621
0.036949,0.032568,0.033042,0.044645,0.035427,0.033753,0.035771,0.048305,0.049068,0.048538,0.041253,0.0295,0.031622,0.051256,0.049126,0.047978,0.035543,0.046825,0.022457,0.029869,0.03343,0.033845,0.043171,0.042064,0.029094,0.033836,0.033584,0.035642,0.049084,0.047941,0.035654,0.048456,0.03573,0.048087,0.049897,0.033454,0.038246,0.026906,0.039107,0.036307
0.023553,0.039344,0.0304,0.03102,0.036128,0.031162,0.03746,0.030384,0.036243,0.028822,0.037159,0.031372,0.022458,0.023785,0.021578,0.027791,0.021973,0.030217,0.022244,0.028816,0.022781,0.025078,0.037095,0.035262,0.033869,0.031119,0.034511,0.030066,0.023153,0.035448,0.022725,0.022736,0.032207,0.033185,0.033029,0.040987,0.024455,0.031633,0.03836,0.047713
0.040916,0.025263,0.033141,0.031317,0.037064,0.030577,0.030861,0.036254,0.048448,0.035533,0.048335,0.036074,0.031189,0.037823,0.031113,0.028009,0.023826,0.030188,0.03426,0.033701,0.03186,0.03681,0.03071,0.036579,0.03772,0.021921,0.035002,0.039925,0.042392,0.036355,0.034322,0.034344,0.032408,0.031434,0.0272,0.034959,0.029942,0.022108,0.022914,0.028856
0.022821,0.024351,0.037577,0.041258,0.02228,0.040401,0.028472,0.041605,0.034355,0.022541,0.02186,0.033769,0.033301,0.035457,0.023124,0.039178,0.055207,0.021765,0.041502,0.029026,0.034473,0.036287,0.031213,0.031691,0.033321,0.03544,0.033444,0.033675,0.031587,0.034339,0.034516,0.032888,0.042914,0.022442,0.034665,0.034921,0.030259,0.032524,0.034325,0.032567
0.037186,0.028478,0.037255,0.029594,0.025769,0.031792,0.022507,0.040367,0.029186,0.033552,0.048479,0.041992,0.023863,0.038998,0.026825,0.025558,0.025152,0.040657,0.030167,0.036143,0.029238,0.044088,0.043162,0.033833,0.024736,0.023275,0.02791,0.021831,0.031163,0.030988,0.023712,0.027816,0.029891,0.022915,0.028044,0.023131,0.026338,0.022709,0.026115,0.022163
0.022375,0.027147,0.032557,0.022378,0.028906,0.033663,0.038845,0.024094,0.033907,0.035835,0.034544,0.034471,0.039993,0.023259,0.033802,0.035038,0.049669,0.042068,0.021338,0.034033,0.033639,0.038864,0.027093,0.033437,0.039206,0.049892,0.032093,0.032275,0.032881,0.034341,0.036995,0.02516,0.037482,0.033541,0.03358,0.027281,0.038875,0.032805,0.035044,0.03086
0.034049,0.031966,0.035788,0.033067,0.030887,0.040938,0.021606,0.035617,0.035119,0.037252,0.030216,0.04094,0.023609,0.034947,0.054298,0.042887,0.040861,0.029387,0.029885,0.039708,0.028706,0.033028,0.036485,0.032225,0.035154,0.033261,0.029692,0.03562,0.037038,0.026973,0.035199,0.033821,0.035613,0.029779,0.032726,0.04073,0.023118,0.037366,0.031949,0.038196
0.037792,0.030672,0.024728,0.034893,0.031949,0.037963,0.033897,0.033202,0.036949,0.023749,0.023144,0.03054,0.035427,0.03452,0.032438,0.033682,0.031139,0.035767,0.047874,0.035911,0.034281,0.028157,0.034006,0.036309,0.032951,0.031175,0.03282,0.034785,0.035175,0.030703,0.034851,0.033167,0.031076,0.036897,0.034908,0.025639,0.038006,0.034682,0.032667,0.032099
0.0316,0.035744,0.036028,0.029032,0.036535,0.030569,0.035582,0.031957,0.029518,0.036046,0.03408,0.036654,0.02966,0.033886,0.033961,0.035011,0.028709,0.036473,0.031744,0.033854,0.034027,0.050113,0.032516,0.039823,0.02211,0.03895,0.0356,0.034089,0.027502,0.033672,0.036328,0.029487,0.039686,0.024572,0.03815,0.03933,0.029591,0.029396,0.035205,0.035794
0.034885,0.028735,0.03276,0.034853,0.048346,0.035983,0.033527,0.029539,0.034313,0.040797,0.022633,0.036881,0.033765,0.035137,0.029966,0.03748,0.030491,0.036555,0.02457,0.041633,0.030289,0.033731,0.032202,0.035761,0.033049,0.035058,0.030552,0.034228,0.032171,0.037072,0.034905,0.023421,0.039946,0.033434,0.047667,0.050341,0.036496,0.029543,0.033661,0.03707
0.031729,0.029646,0.032135,0.022584,0.035058,0.027998,0.034249,0.037734,0.025381,0.02947,0.021575,0.021667,0.032348,0.032401,0.029727,0.040671,0.024626,0.038668,0.034167,0.031492,0.034092,0.032741,0.03313,0.033781,0.030745,0.041147,0.023678,0.040246,0.031527,0.026015,0.037647,0.037716,0.047496,0.033943,0.032179,0.034389,0.031041,0.022713,0.024496,0.041017
0.025714,0.022343,0.039279,0.0289,0.027618,0.040128,0.023865,0.039782,0.032567,0.031697,0.031915,0.037593,0.031655,0.036617,0.028588,0.035914,0.033639,0.03362,0.035123,0.02924,0.033865,0.035964,0.030871,0.028895,0.038047,0.034975,0.035618,0.027597,0.032094,0.035816,0.036388,0.030288,0.03479,0.033183,0.034354,0.028007,0.034688,0.033489,0.034762,0.036369
0.030314,0.035743,0.032147,0.03429,0.030662,0.034733,0.033998,0.031169,0.036021,0.03046,0.035018,0.040231,0.023948,0.036731,0.028775,0.035903,0.039995,0.025086,0.039679,0.024031,0.037065,0.037098,0.037688,0.023245,0.036051,0.03574,0.031635,0.035319,0.031824,0.033843,0.032029,0.036508,0.025439,0.038417,0.032839,0.034806,0.033187,0.031668,0.033134,0.036227
0.031288,0.031766,0.040099,0.02412,0.039057,0.030804,0.035023,0.045559,0.035406,0.034776,0.036421,0.027532,0.034101,0.034784,0.035064,0.034762,0.028454,0.034225,0.041774,0.02303,0.037893,0.030275,0.034728,0.033896,0.032826,0.037084,0.028948,0.035527,0.03327,0.023023,0.023627,0.028204,0.023242,0.034833,0.03228,0.037714,0.027951,0.041592,0.022477,0.039798
0.028153,0.036485,0.031824,0.034763,0.03271,0.033423,0.037543,0.03147,0.034744,0.034293,0.041485,0.022702,0.03188,0.033811,0.037457,0.022376,0.038531,0.03004,0.0346,0.035526,0.048109,0.034884,0.037487,0.0328,0.029983,0.034025,0.031557,0.039752,0.024011,0.035702,0.041891,0.035323,0.028869,0.03265,0.029565,0.032441,0.035601,0.032965,0.032299,0.041339
0.023103,0.031876,0.033808,0.03691,0.033609,0.035064,0.029232,0.034052,0.034395,0.039298,0.02288,0.035821,0.029289,0.040472,0.03553,0.023726,0.043554,0.035742,0.022988,0.040409,0.025836,0.037272,0.023157,0.022871,0.040049,0.03316,0.030618,0.034113,0.03329,0.031922,0.021781,0.029052,0.033001,0.029125,0.040884,0.042278,0.040309,0.037131,0.022654,0.039244
0.034064,0.036423,0.023952,0.040279,0.031987,0.032648,0.034032,0.035886,0.026126,0.039601,0.036077,0.023778,0.038463,0.035868,0.02867,0.03412,0.035486,0.031555,0.037056,0.029451,0.031421,0.036485,0.035317,0.033408,0.024459,0.038679,0.036165,0.028792,0.035972,0.051837,0.032855,0.029909,0.035776,0.030788,0.037849,0.025144,0.038799,0.033674,0.032851,0.033448
0.031228,0.035642,0.035509,0.029285,0.026472,0.021784,0.022067,0.026685,0.036149,0.022879,0.024352,0.030207,0.022078,0.028388,0.023133,0.023213,0.023699,0.022745,0.028052,0.021785,0.028308,0.03434,0.035122,0.053757,0.025291,0.038968,0.034712,0.029822,0.03653,0.026252,0.043192,0.02341,0.036388,0.034999,0.035089,0.031858,0.02924,0.03631,0.054689,0.025059
0.038286,0.033482,0.032307,0.034698,0.03063,0.036928,0.030504,0.038265,0.030256,0.031003,0.036586,0.035319,0.02533,0.0226,0.027123,0.022999,0.03432,0.034533,0.025412,0.026778,0.023068,0.026895,0.02143,0.021479,0.022363,0.030211,0.03315,0.034665,0.025928,0.036757,0.035311,0.035994,0.02812,0.038156,0.025467,0.032998,0.035054,0.030057,0.045101,0.024081
0.039128,0.029472,0.031814,0.042383,0.030513,0.028242,0.032128,0.037365,0.033401,0.031056,0.035785,0.041791,0.024151,0.038433,0.023981,0.035797,0.040128,0.023113,0.034476,0.035007,0.035011,0.033466,0.037544,0.034012,0.023942,0.038333,0.034153,0.034349,0.030491,0.033976,0.038903,0.025241,0.033808,0.038556,0.026949,0.03766,0.03391,0.030481,0.032619,0.03667
0.034346,0.030153,0.034787,0.033484,0.03161,0.031095,0.034854,0.039611,0.049424,0.024899,0.035844,0.036917,0.04371,0.034695,0.034318,0.031641,0.041113,0.044712,0.049955,0.034156,0.03539,0.034519,0.027628,0.041419,0.032775,0.024071,0.035505,0.034521,0.035413,0.033519,0.031099,0.029756,0.043509,0.029281,0.036049,0.025503,0.041968,0.024689,0.036834,0.037776
0.02478,0.03746,0.035381,0.03218,0.02983,0.040262,0.025741,0.037319,0.03035,0.038436,0.031645,0.035532,0.025675,0.022617,0.030949,0.040725,0.023512,0.035651,0.036161,0.031632,0.035943,0.025701,0.038081,0.035904,0.030488,0.032047,0.040059,0.024101,0.039181,0.03074,0.04699,0.034991,0.03436,0.035019,0.03329,0.040198,0.023723,0.033787,0.035539,0.033496
0.050068,0.033738,0.029954,0.034178,0.03533,0.048105,0.036616,0.031556,0.035144,0.028752,0.040925,0.022769,0.041624,0.03107,0.037533,0.029575,0.031535,0.037526,0.025724,0.038269,0.034774,0.029775,0.035984,0.032626,0.035774,0.030174,0.041673,0.023767,0.034375,0.035519,0.027746,0.023699,0.029848,0.029221,0.042071,0.02713,0.035998,0.036078,0.025074,0.027016
0.024439,0.035126,0.036605,0.028596,0.038452,0.034654,0.029094,0.03393,0.035949,0.03524,0.025427,0.035215,0.037334,0.032545,0.031726,0.033767,0.031506,0.036849,0.032175,0.029655,0.041555,0.029469,0.038487,0.025387,0.034952,0.047822,0.034142,0.036889,0.032382,0.032812,0.049986,0.049437,0.036025,0.025753,0.042387,0.043334,0.035635,0.031912,0.036086,0.033584
