0.11248,0.102,0.082716,0.092139,0.084544,0.092343,0.087501,0.078779,0.083554,0.085668,0.081265,0.08542,0.082479,0.08531,0.080495,0.094493,0.086255,0.087921,0.10497,0.088963,0.089247,0.096181,0.087209,0.084263,0.085353,0.084689,0.087569,0.088753,0.087504,0.094832,0.091649,0.087854,0.089655,0.097979,0.10177,0.11148,0.096315,0.098407,0.095687,0.089851
0.060365,0.061863,0.0595,0.060168,0.059577,0.05936,0.057503,0.063712,0.05897,0.06177,0.060418,0.059616,0.078012,0.058763,0.059616,0.06261,0.060328,0.06061,0.061431,0.057811,0.058426,0.060997,0.058028,0.057844,0.057523,0.057758,0.05903,0.062846,0.057236,0.057043,0.076493,0.059207,0.057479,0.05943,0.056976,0.059996,0.058359,0.055083,0.05557,0.057274
0.053671,0.051378,0.052667,0.05175,0.050916,0.051406,0.053148,0.07125,0.051691,0.052393,0.05116,0.053383,0.053528,0.051876,0.051471,0.050305,0.050786,0.052504,0.050477,0.054714,0.051155,0.051988,0.052395,0.051689,0.071252,0.051516,0.051263,0.051462,0.053828,0.052726,0.051248,0.05299,0.056284,0.053574,0.053344,0.056441,0.053885,0.054685,0.055986,0.053507
0.054692,0.05512,0.07213,0.053653,0.053375,0.054111,0.052397,0.052816,0.052596,0.055303,0.053596,0.054273,0.05367,0.054022,0.05452,0.054586,0.054608,0.055903,0.05291,0.072699,0.057629,0.051596,0.05257,0.053121,0.052415,0.052961,0.049297,0.051019,0.050905,0.049855,0.0527,0.050869,0.05129,0.05235,0.054932,0.05118,0.07303,0.051623,0.050011,0.050078
0.05072,0.048971,0.047959,0.048141,0.047558,0.04809,0.047431,0.048478,0.048729,0.047433,0.048234,0.049398,0.053451,0.064201,0.049775,0.049273,0.050735,0.048436,0.048598,0.048686,0.049786,0.048528,0.049434,0.049587,0.04962,0.05141,0.048411,0.048222,0.052331,0.050425,0.067173,0.047813,0.052714,0.051719,0.059053,0.04982,0.052109,0.05062,0.051105,0.051341
0.049689,0.050364,0.050759,0.050493,0.053423,0.050685,0.050259,0.049434,0.070773,0.048984,0.048825,0.052366,0.053496,0.051029,0.049249,0.052279,0.051009,0.051659,0.051354,0.050049,0.052516,0.052593,0.05348,0.051964,0.052986,0.073501,0.051809,0.050286,0.0528,0.049447,0.051172,0.052303,0.050046,0.050327,0.05018,0.051148,0.050556,0.052744,0.04871,0.050648
0.04998,0.049802,0.071186,0.04837,0.048414,0.049618,0.050941,0.048746,0.050193,0.047903,0.048505,0.048467,0.04871,0.048747,0.048037,0.048772,0.048896,0.048994,0.048547,0.068981,0.049214,0.0481,0.048511,0.04783,0.050625,0.049104,0.050709,0.05007,0.047819,0.050212,0.047768,0.052387,0.049831,0.048033,0.048051,0.047739,0.067852,0.051254,0.047818,0.049929
0.050979,0.048823,0.048153,0.04823,0.047386,0.047225,0.046993,0.048827,0.05043,0.048604,0.051019,0.05155,0.048974,0.066176,0.046929,0.047157,0.048976,0.052316,0.049673,0.052229,0.050196,0.049633,0.053352,0.049114,0.051044,0.049496,0.050845,0.052697,0.051056,0.050245,0.071312,0.04944,0.049766,0.050482,0.053117,0.050691,0.050439,0.052566,0.049147,0.049556
0.049102,0.048195,0.050982,0.048987,0.04959,0.047859,0.046937,0.067567,0.047948,0.04919,0.051371,0.050775,0.047768,0.047927,0.048931,0.049296,0.051094,0.051118,0.05154,0.05076,0.048641,0.050042,0.051017,0.049941,0.063901,0.047456,0.047817,0.048084,0.048806,0.049496,0.048259,0.047678,0.049367,0.048869,0.046821,0.048325,0.049669,0.048282,0.048886,0.048452
0.047044,0.048779,0.065673,0.047054,0.048352,0.04993,0.046529,0.049517,0.047395,0.051515,0.05027,0.048399,0.049513,0.049483,0.050058,0.052671,0.052067,0.050635,0.071972,0.048965,0.051043,0.051165,0.049078,0.049939,0.050749,0.049764,0.052216,0.050407,0.051415,0.051871,0.050843,0.050757,0.050303,0.05072,0.048821,0.066509,0.049565,0.047471,0.048476,0.048186
0.048763,0.04873,0.046252,0.050141,0.046913,0.048064,0.048227,0.04706,0.049461,0.047173,0.048255,0.047081,0.047655,0.068578,0.047423,0.047311,0.047009,0.046676,0.051341,0.047181,0.048197,0.051059,0.048192,0.046772,0.048475,0.04866,0.048116,0.04944,0.048486,0.064298,0.050059,0.047925,0.049146,0.0471,0.047569,0.047793,0.049145,0.04758,0.048958,0.048353
0.049835,0.045622,0.047523,0.049023,0.046873,0.047206,0.046544,0.068977,0.050133,0.050584,0.049971,0.050355,0.052237,0.050046,0.051481,0.051866,0.052019,0.050641,0.050721,0.049658,0.052989,0.050166,0.051591,0.049427,0.070831,0.048588,0.050717,0.049684,0.051779,0.049194,0.05107,0.050476,0.050976,0.049767,0.053865,0.050218,0.049528,0.047545,0.047195,0.046383
0.046639,0.066053,0.04768,0.04734,0.048896,0.048454,0.047265,0.04785,0.048786,0.047552,0.046696,0.046968,0.047824,0.047776,0.047427,0.04674,0.046047,0.048344,0.068115,0.046116,0.047493,0.04849,0.050492,0.046632,0.048021,0.048475,0.046957,0.048344,0.051021,0.049569,0.051889,0.047521,0.051822,0.046889,0.047394,0.067972,0.048113,0.048834,0.049819,0.048879
0.048336,0.048716,0.048754,0.048464,0.048751,0.048822,0.048648,0.047858,0.047834,0.049833,0.048042,0.048882,0.067893,0.045879,0.046852,0.049213,0.049032,0.047702,0.048863,0.047885,0.046732,0.049687,0.048226,0.048661,0.047294,0.049685,0.046335,0.047196,0.047912,0.071832,0.049149,0.048923,0.049619,0.049987,0.049905,0.04917,0.051633,0.052149,0.049595,0.048799
0.048691,0.048903,0.050054,0.051061,0.050603,0.049208,0.069565,0.050744,0.054146,0.050892,0.050075,0.048445,0.053903,0.048967,0.048207,0.051645,0.049563,0.053162,0.047128,0.047319,0.047833,0.048099,0.047895,0.047146,0.066878,0.050243,0.047299,0.047051,0.04709,0.046803,0.047351,0.047756,0.048055,0.04848,0.048165,0.046548,0.049446,0.047837,0.049382,0.046971
0.046373,0.068727,0.046797,0.047115,0.046952,0.048157,0.048407,0.047247,0.049126,0.047329,0.047333,0.048051,0.046867,0.049831,0.047936,0.049174,0.045798,0.047747,0.066444,0.046519,0.048809,0.04559,0.048306,0.049734,0.04692,0.048414,0.048068,0.046791,0.048906,0.046642,0.050821,0.050214,0.047122,0.046779,0.046353,0.067246,0.047796,0.045782,0.049449,0.050102
0.048571,0.049775,0.048658,0.050092,0.048903,0.0491,0.048931,0.048352,0.051457,0.052505,0.05029,0.051083,0.070462,0.048816,0.048711,0.049422,0.051952,0.04988,0.049761,0.052564,0.051211,0.054068,0.048409,0.049651,0.05149,0.050182,0.04893,0.047202,0.046845,0.06834,0.046902,0.04597,0.047797,0.050799,0.046677,0.046594,0.049364,0.047953,0.050277,0.047913
0.046696,0.048825,0.05132,0.049054,0.049505,0.048032,0.066395,0.045623,0.050838,0.05009,0.05,0.047092,0.047994,0.050137,0.047534,0.049713,0.04854,0.052752,0.056411,0.048502,0.048716,0.046171,0.049283,0.04765,0.065739,0.047181,0.047542,0.04912,0.049552,0.047888,0.050004,0.048491,0.046393,0.046852,0.047088,0.04765,0.048953,0.049801,0.047826,0.047516
0.047542,0.068648,0.052151,0.052927,0.049193,0.051751,0.048754,0.049641,0.05171,0.05015,0.049906,0.049938,0.048672,0.050325,0.04848,0.049038,0.049416,0.049491,0.068187,0.050538,0.049262,0.049592,0.049707,0.050533,0.04977,0.050961,0.048713,0.051899,0.050178,0.0509,0.05011,0.04877,0.051962,0.047722,0.04873,0.066961,0.048611,0.047022,0.048812,0.048801
0.048421,0.048116,0.047082,0.048802,0.048636,0.046693,0.047358,0.047594,0.049492,0.046221,0.049145,0.047837,0.066039,0.048453,0.050596,0.04717,0.047974,0.048618,0.048847,0.04717,0.047821,0.047206,0.046455,0.047285,0.047192,0.046293,0.056249,0.046428,0.046654,0.062954,0.048283,0.04718,0.049698,0.046419,0.048669,0.060584,0.051971,0.048112,0.049552,0.048945
0.049767,0.051946,0.049469,0.051532,0.05202,0.049697,0.067041,0.050514,0.051249,0.053639,0.049743,0.049429,0.0496,0.051126,0.048583,0.050803,0.049919,0.048232,0.04973,0.051344,0.051065,0.048171,0.049514,0.064894,0.048968,0.05041,0.049412,0.048387,0.047022,0.047425,0.049839,0.04862,0.047393,0.048241,0.047969,0.046803,0.048877,0.047951,0.046436,0.049324
0.056751,0.050519,0.048706,0.046273,0.049455,0.047922,0.049541,0.046253,0.046968,0.049759,0.048332,0.047572,0.046622,0.048314,0.049376,0.049143,0.047329,0.066086,0.050114,0.047342,0.047771,0.04645,0.046839,0.046739,0.046782,0.0482,0.048337,0.047935,0.046406,0.047999,0.049137,0.048745,0.04954,0.047653,0.062744,0.046311,0.046047,0.048844,0.046731,0.048953
0.048694,0.04829,0.045613,0.047392,0.046355,0.049241,0.046195,0.045937,0.048061,0.046061,0.047568,0.049994,0.065435,0.046846,0.04734,0.047784,0.048713,0.048212,0.048603,0.047312,0.049843,0.047602,0.046973,0.046326,0.047539,0.045544,0.047752,0.048774,0.06193,0.045991,0.049295,0.047902,0.048945,0.047024,0.048687,0.048931,0.051026,0.050637,0.04985,0.048901
0.048405,0.048404,0.050323,0.047896,0.047843,0.047563,0.068809,0.049578,0.050382,0.048743,0.049271,0.052883,0.049101,0.048054,0.048272,0.048112,0.049634,0.049539,0.048928,0.049243,0.049432,0.05173,0.048837,0.070898,0.049555,0.048893,0.050401,0.048922,0.04767,0.048383,0.051475,0.050462,0.049514,0.05053,0.048876,0.052347,0.050381,0.047612,0.04742,0.045298
0.064997,0.046721,0.048768,0.048984,0.04821,0.047371,0.048789,0.048121,0.048459,0.046666,0.048695,0.048865,0.046773,0.055044,0.046965,0.047628,0.048857,0.065742,0.050894,0.046352,0.047049,0.050014,0.047025,0.050194,0.060107,0.047793,0.048569,0.049018,0.046195,0.047952,0.048697,0.049987,0.049044,0.047291,0.065343,0.04862,0.049696,0.047578,0.052005,0.050135
0.049807,0.049118,0.049073,0.04836,0.048006,0.048402,0.051235,0.050013,0.052956,0.048851,0.04913,0.067935,0.049522,0.049979,0.048788,0.050937,0.049974,0.050954,0.050035,0.04868,0.049684,0.047028,0.053682,0.045327,0.047815,0.047852,0.048974,0.047009,0.064291,0.049017,0.048654,0.049228,0.049198,0.049119,0.049725,0.050405,0.05078,0.05054,0.047284,0.048297
0.051862,0.04916,0.047383,0.047785,0.051411,0.065674,0.049244,0.048106,0.048739,0.049845,0.046733,0.050504,0.049542,0.050114,0.050529,0.048891,0.048543,0.047348,0.049963,0.049222,0.049022,0.051604,0.064393,0.049054,0.049309,0.046894,0.049267,0.046169,0.045667,0.047428,0.046369,0.047776,0.04732,0.048775,0.046583,0.049365,0.046865,0.049168,0.047131,0.047871
0.066421,0.0477,0.046736,0.050729,0.046843,0.046728,0.047451,0.049378,0.046268,0.046242,0.049005,0.046797,0.047598,0.048172,0.046235,0.04682,0.048044,0.066131,0.047083,0.049334,0.045738,0.047065,0.049399,0.045954,0.047902,0.047633,0.048698,0.047624,0.046167,0.050084,0.04907,0.045532,0.051769,0.047814,0.067742,0.047418,0.047349,0.047874,0.046799,0.045149
0.047843,0.048237,0.048171,0.048995,0.049808,0.047117,0.047223,0.050953,0.049806,0.049296,0.048359,0.071116,0.053368,0.051407,0.048791,0.048313,0.049644,0.050913,0.049446,0.050227,0.050247,0.052757,0.053721,0.054601,0.048291,0.051472,0.048565,0.050295,0.073023,0.047729,0.050561,0.050306,0.052165,0.046807,0.049728,0.047251,0.048392,0.04746,0.047615,0.04915
0.047289,0.048727,0.048079,0.047417,0.046701,0.066114,0.047276,0.046682,0.047816,0.045614,0.047626,0.04958,0.051178,0.047865,0.047201,0.047438,0.048684,0.049988,0.048797,0.04763,0.049308,0.049101,0.067314,0.045963,0.047961,0.048334,0.04883,0.048892,0.050023,0.045789,0.048535,0.04705,0.04726,0.049063,0.048786,0.047188,0.048248,0.050144,0.047883,0.047444
0.067721,0.049652,0.046743,0.048366,0.046949,0.046762,0.047207,0.049448,0.048139,0.047047,0.046101,0.04843,0.048214,0.048811,0.047676,0.047318,0.062685,0.048052,0.048091,0.047026,0.049339,0.047132,0.047599,0.048865,0.047673,0.047369,0.047951,0.047428,0.046567,0.048343,0.049332,0.047353,0.048175,0.051815,0.067827,0.048172,0.049461,0.046446,0.04766,0.051516
0.04743,0.047594,0.048847,0.046887,0.048949,0.047097,0.047094,0.048073,0.047254,0.048024,0.049075,0.067975,0.048383,0.048675,0.048669,0.046523,0.046912,0.051288,0.047281,0.048664,0.04667,0.046741,0.046927,0.050202,0.047651,0.051746,0.048322,0.047799,0.067206,0.050195,0.050028,0.051158,0.049734,0.049509,0.050963,0.048908,0.048903,0.050258,0.050202,0.050607
0.04991,0.049403,0.049571,0.050037,0.050237,0.07111,0.048914,0.049307,0.052322,0.050771,0.051178,0.051628,0.04768,0.051665,0.04822,0.0479,0.051376,0.050171,0.050786,0.047307,0.052041,0.050159,0.067396,0.046053,0.050104,0.047671,0.0483,0.048168,0.048967,0.049004,0.048032,0.047189,0.049606,0.047672,0.049304,0.046359,0.050116,0.046209,0.04894,0.069371
0.047391,0.046619,0.049727,0.049853,0.050998,0.04696,0.050113,0.045897,0.047952,0.046638,0.046651,0.047753,0.048129,0.047628,0.046032,0.048822,0.068944,0.049579,0.046777,0.049174,0.04733,0.046378,0.046265,0.045564,0.04825,0.047933,0.047401,0.047189,0.048428,0.048642,0.04803,0.046014,0.047662,0.066236,0.046923,0.050549,0.049,0.047702,0.047767,0.047335
0.052283,0.047899,0.046968,0.047922,0.049001,0.047704,0.047859,0.047458,0.048507,0.046043,0.057746,0.048027,0.047387,0.048961,0.049983,0.045335,0.050547,0.046677,0.045503,0.048586,0.048728,0.047686,0.048233,0.046612,0.047037,0.046517,0.05034,0.064975,0.048951,0.045966,0.049591,0.049645,0.046907,0.047656,0.047615,0.050285,0.049721,0.047783,0.047561,0.046665
0.046732,0.048915,0.049538,0.049574,0.065605,0.04743,0.049831,0.050393,0.04985,0.049289,0.050173,0.051733,0.04947,0.049805,0.050895,0.052265,0.049804,0.049077,0.049954,0.049461,0.050435,0.050589,0.072599,0.050362,0.052479,0.05166,0.049943,0.049526,0.049931,0.046314,0.046948,0.048965,0.046429,0.048248,0.049987,0.047928,0.04867,0.049115,0.048548,0.067824
0.048593,0.048409,0.04695,0.047908,0.048646,0.05093,0.048028,0.048129,0.048016,0.047218,0.048181,0.047558,0.049058,0.048294,0.047396,0.04636,0.067733,0.047958,0.047936,0.046762,0.048408,0.048962,0.047405,0.047236,0.048303,0.049628,0.047319,0.048743,0.045836,0.047875,0.04796,0.045768,0.046955,0.066957,0.046964,0.047766,0.047013,0.049463,0.048036,0.047385
0.048291,0.05255,0.048963,0.047791,0.046707,0.048795,0.048887,0.048161,0.049047,0.046528,0.04855,0.069654,0.048777,0.048142,0.048982,0.048864,0.048979,0.04975,0.048454,0.047966,0.048596,0.046859,0.049318,0.046941,0.047787,0.048586,0.048007,0.066493,0.048034,0.045279,0.045807,0.046774,0.046562,0.050428,0.050902,0.048711,0.047129,0.046084,0.050059,0.047834
0.046836,0.046702,0.048858,0.048376,0.046561,0.070174,0.048518,0.0488,0.047269,0.047333,0.049492,0.047936,0.049843,0.050469,0.049997,0.052625,0.050369,0.050377,0.049706,0.047657,0.047942,0.049126,0.068596,0.049421,0.051789,0.050148,0.049193,0.050578,0.050376,0.051862,0.049795,0.04913,0.048893,0.050254,0.048193,0.04671,0.048979,0.048653,0.05039,0.06729
0.050985,0.051871,0.050005,0.047721,0.04982,0.045618,0.047943,0.046532,0.04759,0.046917,0.049881,0.049354,0.048172,0.047664,0.049001,0.046896,0.068273,0.048831,0.047224,0.048747,0.050643,0.049826,0.050239,0.049602,0.047339,0.048111,0.051343,0.048854,0.049401,0.049191,0.048928,0.048531,0.049548,0.064975,0.048049,0.05103,0.04627,0.049092,0.047137,0.046691
