0.094442,0.076665,0.086415,0.074692,0.083344,0.06902,0.078796,0.072443,0.085112,0.080261,0.077304,0.081418,0.081064,0.074952,0.072978,0.079258,0.076335,0.074647,0.072767,0.085742,0.076481,0.080248,0.078855,0.072316,0.077305,0.072909,0.07944,0.076151,0.072452,0.073599,0.072446,0.084335,0.084417,0.075008,0.077132,0.071104,0.078324,0.073124,0.082941,0.07683
0.042213,0.038595,0.047417,0.05119,0.054497,0.043246,0.038464,0.037326,0.04029,0.038365,0.044042,0.041737,0.039529,0.039069,0.051741,0.054194,0.039411,0.038708,0.048883,0.039994,0.043301,0.037911,0.04522,0.039305,0.039617,0.046362,0.050049,0.045947,0.041301,0.039578,0.050681,0.049943,0.055323,0.040568,0.05412,0.039955,0.040123,0.039703,0.042751,0.038776
0.034452,0.034908,0.033074,0.037477,0.038023,0.038016,0.035046,0.033203,0.034316,0.036104,0.037731,0.032179,0.032969,0.043253,0.034372,0.033661,0.032465,0.033223,0.04186,0.040187,0.046787,0.032672,0.038865,0.032667,0.038528,0.033141,0.031481,0.033,0.043574,0.037907,0.036673,0.036441,0.04813,0.040504,0.03316,0.044317,0.044876,0.033644,0.033748,0.036411
0.031371,0.048323,0.030332,0.039327,0.057042,0.033322,0.029616,0.049369,0.048167,0.048724,0.043442,0.032806,0.044489,0.049484,0.031362,0.056457,0.031382,0.030182,0.044112,0.032178,0.032952,0.035425,0.030637,0.041835,0.038278,0.03349,0.042366,0.040674,0.033935,0.0397,0.030097,0.037262,0.029684,0.029747,0.042563,0.053447,0.03129,0.03694,0.036791,0.034511
0.030479,0.029123,0.02988,0.028301,0.030188,0.032071,0.029912,0.030694,0.028393,0.03334,0.033274,0.036025,0.048569,0.029602,0.032464,0.029382,0.029456,0.03417,0.028687,0.046156,0.036109,0.030789,0.037351,0.029779,0.036709,0.037924,0.037956,0.035888,0.030626,0.02895,0.030917,0.032122,0.046626,0.037869,0.049242,0.047755,0.035353,0.048505,0.036235,0.038062
0.027988,0.028391,0.03134,0.037664,0.047425,0.035755,0.028387,0.028454,0.027343,0.0492,0.048589,0.029978,0.038245,0.062424,0.040534,0.04517,0.030834,0.028495,0.034549,0.03449,0.02921,0.027707,0.032608,0.033187,0.028835,0.038558,0.051442,0.04485,0.040269,0.0283,0.030126,0.038427,0.048753,0.040081,0.028341,0.049935,0.049438,0.028338,0.038323,0.052633
0.047411,0.04737,0.029754,0.04123,0.029746,0.03038,0.03795,0.034405,0.050558,0.02796,0.03713,0.045902,0.035937,0.031562,0.036374,0.038307,0.033277,0.030194,0.051372,0.027668,0.035196,0.040415,0.033569,0.028325,0.033139,0.033388,0.026973,0.02834,0.02822,0.027748,0.035446,0.029306,0.040297,0.027866,0.02806,0.026811,0.047446,0.037023,0.027426,0.035242
0.029246,0.039957,0.036901,0.031416,0.028705,0.029864,0.040772,0.027837,0.036343,0.031824,0.028548,0.032406,0.03052,0.03776,0.02792,0.029226,0.040261,0.029712,0.027727,0.032901,0.032572,0.034474,0.030092,0.046562,0.027364,0.027294,0.034393,0.033481,0.038811,0.027789,0.031806,0.036774,0.029601,0.03853,0.051317,0.027494,0.031316,0.046098,0.043002,0.048514
0.028801,0.031253,0.032425,0.029051,0.046523,0.033407,0.051167,0.031787,0.048791,0.048946,0.036635,0.053121,0.046497,0.033996,0.052653,0.045513,0.03223,0.034921,0.048134,0.036112,0.027696,0.039493,0.052486,0.031351,0.036602,0.027773,0.048317,0.033316,0.040827,0.034194,0.02669,0.053081,0.032216,0.052233,0.027802,0.031517,0.038588,0.028159,0.035018,0.031766
0.034299,0.039202,0.025995,0.035097,0.039373,0.033712,0.033956,0.030886,0.030787,0.028485,0.03797,0.050371,0.029413,0.033733,0.035205,0.029738,0.032563,0.039873,0.027401,0.039683,0.046016,0.036319,0.048587,0.037262,0.033775,0.041438,0.028208,0.027367,0.033974,0.048135,0.048571,0.0381,0.046659,0.048344,0.043213,0.027248,0.035613,0.028187,0.030726,0.038026
0.027889,0.04057,0.050393,0.027771,0.030913,0.028071,0.026738,0.034156,0.047292,0.035171,0.044147,0.041312,0.034875,0.034952,0.029849,0.05044,0.028691,0.03486,0.033676,0.032125,0.032468,0.031345,0.038962,0.047142,0.036183,0.048299,0.030094,0.038025,0.028926,0.036678,0.048571,0.031657,0.03634,0.045549,0.040073,0.027521,0.038461,0.029701,0.037274,0.047731
0.031785,0.034564,0.032181,0.030884,0.039102,0.046924,0.03903,0.034564,0.026039,0.033275,0.032272,0.036658,0.049837,0.028025,0.040269,0.03121,0.034442,0.031008,0.03905,0.033241,0.026826,0.03911,0.052378,0.025424,0.035382,0.050484,0.048343,0.032687,0.035652,0.028449,0.037269,0.036395,0.045734,0.033103,0.038472,0.027821,0.032007,0.041703,0.047038,0.033917
0.027016,0.040255,0.042752,0.032683,0.036902,0.039429,0.028255,0.036999,0.030019,0.033193,0.047482,0.036638,0.032755,0.035756,0.031075,0.038185,0.039542,0.03145,0.025562,0.045456,0.03784,0.029577,0.037301,0.04825,0.028802,0.03919,0.032357,0.044683,0.037963,0.029533,0.044266,0.028307,0.036506,0.038809,0.031823,0.035843,0.031441,0.027667,0.030575,0.029153
0.035525,0.031792,0.035849,0.027867,0.039368,0.048902,0.029182,0.027772,0.03049,0.038713,0.026608,0.026578,0.039796,0.044931,0.034713,0.031854,0.03684,0.05167,0.026711,0.038359,0.052255,0.027754,0.036512,0.029744,0.036342,0.051877,0.027405,0.034178,0.036988,0.037001,0.033804,0.034223,0.028866,0.046477,0.026261,0.0268,0.060295,0.026729,0.026647,0.043578
0.029891,0.026641,0.033687,0.038012,0.029937,0.036982,0.028657,0.033857,0.037702,0.045596,0.033835,0.041413,0.026703,0.045253,0.02994,0.026758,0.026121,0.035817,0.031382,0.046351,0.026573,0.026832,0.042593,0.027212,0.029108,0.027353,0.029642,0.046151,0.033696,0.032222,0.02828,0.027249,0.02748,0.02776,0.026685,0.027089,0.027187,0.026273,0.037053,0.026631
0.042719,0.041516,0.027579,0.025754,0.045531,0.035099,0.034987,0.040762,0.043644,0.04607,0.037402,0.052938,0.026644,0.03858,0.036136,0.027457,0.035104,0.053371,0.037128,0.028133,0.04814,0.028032,0.028867,0.026056,0.047901,0.033453,0.038289,0.035946,0.034254,0.027882,0.043852,0.038923,0.052792,0.03855,0.025937,0.049721,0.049005,0.053866,0.026955,0.035005
0.031386,0.034296,0.032369,0.032782,0.039684,0.034538,0.025974,0.02732,0.026628,0.028336,0.027823,0.025537,0.027891,0.027857,0.027841,0.027695,0.027746,0.026675,0.029605,0.028063,0.02662,0.028052,0.027287,0.025867,0.031771,0.026757,0.031546,0.031584,0.026658,0.038186,0.028472,0.039203,0.034055,0.034699,0.026965,0.037647,0.02789,0.036884,0.038358,0.026186
0.036755,0.027393,0.042427,0.026635,0.035528,0.03132,0.03411,0.032771,0.034031,0.031939,0.038228,0.026961,0.037341,0.028456,0.04051,0.035175,0.033553,0.025813,0.03734,0.037841,0.026927,0.031843,0.038128,0.027453,0.038171,0.050422,0.055256,0.025228,0.032302,0.030149,0.039353,0.028744,0.040049,0.025858,0.034508,0.037435,0.049597,0.030312,0.035877,0.030061
0.027,0.032196,0.033793,0.025719,0.03148,0.030878,0.041491,0.05002,0.02734,0.037631,0.029276,0.036768,0.029286,0.038395,0.032754,0.028553,0.039154,0.02862,0.035206,0.042113,0.026389,0.032625,0.031505,0.032341,0.035928,0.03482,0.036074,0.030958,0.027873,0.040949,0.028323,0.031827,0.033399,0.038083,0.028311,0.036457,0.029456,0.037219,0.03366,0.029289
0.035648,0.033618,0.040153,0.031896,0.036453,0.029386,0.029877,0.028262,0.02654,0.031555,0.027239,0.02766,0.025855,0.030095,0.033874,0.032799,0.027927,0.026677,0.031211,0.027257,0.032035,0.030292,0.026121,0.026521,0.026444,0.026712,0.03745,0.032298,0.027119,0.025836,0.02749,0.034583,0.03646,0.031414,0.035403,0.033332,0.029505,0.038889,0.048914,0.032575
0.027333,0.041095,0.027508,0.039109,0.027812,0.031354,0.040385,0.02837,0.03886,0.027545,0.037001,0.029254,0.039363,0.029131,0.034091,0.033539,0.027299,0.025658,0.028,0.03792,0.028546,0.033568,0.037133,0.028921,0.040224,0.027669,0.034308,0.033696,0.02684,0.025917,0.046217,0.036467,0.035484,0.026764,0.035589,0.039628,0.029904,0.028191,0.039808,0.037192
0.026382,0.037963,0.026287,0.035607,0.028022,0.040135,0.030406,0.03484,0.035079,0.039747,0.026059,0.034213,0.029567,0.030368,0.034666,0.040313,0.047288,0.032556,0.032373,0.032856,0.035403,0.033072,0.035749,0.04895,0.048339,0.05668,0.036932,0.025286,0.02829,0.03566,0.039958,0.025573,0.036059,0.036065,0.026107,0.039247,0.030494,0.032337,0.03985,0.027258
0.034433,0.03137,0.030738,0.043579,0.049051,0.029754,0.028456,0.037976,0.028784,0.038269,0.027891,0.03975,0.049902,0.027497,0.035553,0.039856,0.035607,0.03111,0.02639,0.043323,0.02661,0.027948,0.03917,0.0266,0.040422,0.027529,0.037773,0.03729,0.034334,0.035356,0.026214,0.048462,0.031877,0.03452,0.032403,0.030219,0.039493,0.030101,0.034537,0.03286
0.03416,0.030848,0.037093,0.047627,0.026821,0.025904,0.028222,0.039552,0.028404,0.03705,0.04693,0.035613,0.035803,0.026798,0.041754,0.026562,0.034048,0.037767,0.031268,0.03063,0.035652,0.035907,0.027465,0.03392,0.03554,0.033608,0.034182,0.04998,0.032014,0.033094,0.029182,0.044819,0.040718,0.034386,0.033246,0.033597,0.031757,0.042723,0.026354,0.031492
0.040212,0.025759,0.037128,0.027962,0.041179,0.027045,0.035345,0.031193,0.036129,0.036733,0.027403,0.038922,0.035446,0.033347,0.028755,0.027415,0.027033,0.027026,0.032269,0.038705,0.026584,0.036345,0.029142,0.039407,0.033144,0.03073,0.030375,0.03847,0.028314,0.043338,0.028804,0.027681,0.039063,0.030496,0.034411,0.029597,0.038761,0.027693,0.034504,0.036826
0.028676,0.038147,0.033648,0.030888,0.034209,0.033677,0.035751,0.04867,0.029424,0.033257,0.036693,0.032603,0.03195,0.036098,0.031536,0.037265,0.026704,0.039451,0.02718,0.037545,0.039192,0.037015,0.027709,0.025529,0.033969,0.034908,0.03225,0.035823,0.028398,0.045095,0.036695,0.026043,0.026857,0.039075,0.046484,0.031076,0.038628,0.035981,0.025637,0.037206
0.025999,0.025458,0.034492,0.031327,0.0351,0.03528,0.026446,0.035298,0.047902,0.036376,0.048377,0.030586,0.039804,0.026627,0.037915,0.033631,0.034924,0.026251,0.036564,0.04445,0.026986,0.035223,0.025372,0.036051,0.033308,0.035608,0.027584,0.033223,0.033467,0.036576,0.031973,0.032065,0.034269,0.033253,0.033681,0.032856,0.033691,0.029863,0.038458,0.037883
0.027642,0.028453,0.046153,0.036724,0.029655,0.033106,0.025899,0.0313,0.039333,0.025587,0.034305,0.036871,0.031436,0.038153,0.026001,0.036127,0.033026,0.031843,0.034495,0.031452,0.043711,0.02651,0.032478,0.034145,0.029062,0.039734,0.028198,0.038403,0.028234,0.036342,0.04425,0.041039,0.047915,0.035867,0.048731,0.048049,0.035748,0.038803,0.025701,0.032957
0.033845,0.041343,0.025981,0.035264,0.026536,0.038538,0.031343,0.034996,0.031063,0.036569,0.027079,0.040441,0.049774,0.028918,0.032767,0.041325,0.026189,0.030997,0.035812,0.033749,0.037009,0.039148,0.032415,0.02554,0.029971,0.039313,0.048264,0.02844,0.041618,0.02738,0.03551,0.041439,0.026381,0.029975,0.033936,0.032364,0.037327,0.032207,0.035192,0.025889
0.041267,0.029219,0.035568,0.027339,0.038695,0.030428,0.036911,0.031497,0.030951,0.038244,0.054276,0.025956,0.035539,0.035105,0.028802,0.0425,0.029953,0.026106,0.035667,0.035029,0.026763,0.025668,0.025616,0.041058,0.027921,0.033638,0.034862,0.035393,0.037949,0.026074,0.03402,0.034931,0.02989,0.038841,0.028965,0.030575,0.040182,0.046503,0.036796,0.035428
0.026416,0.034794,0.031153,0.038123,0.036187,0.02663,0.036746,0.033873,0.034702,0.027427,0.034114,0.033462,0.027129,0.03312,0.026542,0.029374,0.033642,0.034603,0.031064,0.038696,0.036743,0.026194,0.029666,0.040088,0.0282,0.041872,0.027298,0.031509,0.036469,0.037973,0.035474,0.033203,0.048827,0.026594,0.0354,0.029124,0.0343,0.027198,0.026137,0.027668
0.025685,0.034052,0.026506,0.035218,0.035663,0.026215,0.035691,0.034363,0.034897,0.028388,0.0397,0.031226,0.027934,0.039148,0.055578,0.025881,0.031768,0.033187,0.037422,0.029945,0.035776,0.050941,0.039741,0.025533,0.031633,0.033926,0.033555,0.033439,0.032538,0.03112,0.039779,0.04825,0.029644,0.039953,0.028368,0.030499,0.045995,0.036786,0.027609,0.025844
0.035346,0.031167,0.039527,0.03158,0.0311,0.031117,0.039482,0.026189,0.030719,0.038534,0.039287,0.025391,0.036421,0.031416,0.032524,0.034997,0.032364,0.032842,0.026598,0.025751,0.037708,0.030283,0.033454,0.027682,0.03288,0.036383,0.035139,0.028162,0.03968,0.027743,0.037245,0.03056,0.035203,0.032431,0.034845,0.048114,0.034958,0.03457,0.027577,0.027063
0.025785,0.034269,0.032756,0.034877,0.027522,0.037502,0.032865,0.034198,0.040716,0.04276,0.033818,0.029412,0.038633,0.03269,0.028391,0.038854,0.026713,0.040962,0.037793,0.025541,0.035429,0.035085,0.027806,0.037034,0.029394,0.036807,0.031937,0.042751,0.028976,0.02585,0.033773,0.034975,0.039337,0.029505,0.035531,0.029962,0.028282,0.039651,0.027542,0.036006
0.033571,0.031332,0.040022,0.034126,0.035511,0.02522,0.036765,0.035874,0.027554,0.034459,0.040076,0.026427,0.036651,0.025963,0.036897,0.033154,0.037738,0.033115,0.026402,0.026371,0.026743,0.029366,0.039526,0.036238,0.026786,0.035697,0.039578,0.026332,0.037848,0.047571,0.049673,0.036296,0.026053,0.034836,0.035322,0.047758,0.036213,0.035832,0.0339,0.027083
0.03586,0.03511,0.028239,0.03779,0.040172,0.027052,0.027167,0.039687,0.030662,0.029292,0.040465,0.04767,0.028826,0.041627,0.028329,0.033926,0.029253,0.026944,0.025292,0.034863,0.032709,0.034609,0.031471,0.036607,0.035514,0.025716,0.034252,0.033222,0.028172,0.026233,0.028198,0.032586,0.041199,0.027974,0.034496,0.036817,0.047875,0.034127,0.032242,0.031016
0.044985,0.025251,0.029773,0.034881,0.0323,0.035934,0.027738,0.041532,0.027624,0.032337,0.041553,0.044615,0.034883,0.032194,0.03246,0.039925,0.029767,0.026973,0.040791,0.026532,0.039282,0.026329,0.039729,0.027997,0.034776,0.03621,0.028063,0.041388,0.026559,0.037313,0.027633,0.040211,0.027327,0.039091,0.026879,0.045018,0.031727,0.027991,0.040174,0.026263
0.031117,0.031006,0.025637,0.026926,0.033674,0.030244,0.0396,0.046374,0.035498,0.028237,0.041618,0.026812,0.041414,0.026532,0.039365,0.025821,0.039006,0.045637,0.035853,0.028847,0.040698,0.02676,0.02679,0.032398,0.026162,0.029629,0.039503,0.029273,0.036154,0.032579,0.03443,0.048977,0.031629,0.036616,0.028466,0.036967,0.03365,0.028721,0.040672,0.048906
0.036474,0.034463,0.025517,0.036869,0.027584,0.038812,0.028232,0.03728,0.028311,0.039978,0.027,0.038489,0.033641,0.027902,0.039097,0.029871,0.037556,0.030679,0.036917,0.027194,0.03847,0.029254,0.038683,0.02623,0.03576,0.035065,0.054257,0.026505,0.035988,0.027524,0.043909,0.047533,0.029568,0.034306,0.032369,0.033637,0.032943,0.030274,0.047353,0.025727
0.025834,0.036525,0.035931,0.029439,0.026728,0.035696,0.025598,0.030278,0.030143,0.033753,0.029774,0.042987,0.030985,0.029497,0.045191,0.029867,0.028725,0.034477,0.029497,0.037668,0.036625,0.034183,0.025556,0.03753,0.035901,0.027005,0.034199,0.033486,0.032589,0.025681,0.025048,0.039911,0.033741,0.031063,0.026398,0.036219,0.034631,0.028434,0.0351,0.037505
