0.14439,0.11904,0.11442,0.14553,0.12079,0.1223,0.12667,0.12625,0.1311,0.12728,0.11796,0.12974,0.12699,0.12898,0.13878,0.12619,0.1288,0.12815,0.12286,0.12382,0.1272,0.13138,0.13325,0.131,0.1358,0.13301,0.12517,0.12604,0.14377,0.13282,0.1407,0.14283,0.12185,0.13003,0.12764,0.12855,0.1237,0.12403,0.13501,0.14215
0.09533,0.085825,0.088547,0.08986,0.090916,0.088911,0.094549,0.081817,0.082925,0.082053,0.082725,0.090054,0.083588,0.084459,0.087194,0.080024,0.088639,0.080619,0.081089,0.079717,0.090558,0.086644,0.084587,0.081412,0.084628,0.084884,0.083581,0.082019,0.087224,0.084978,0.0831,0.082334,0.083471,0.082651,0.081869,0.081647,0.077964,0.080697,0.08418,0.080145
0.073172,0.075558,0.072735,0.0747,0.074767,0.072066,0.071287,0.072118,0.073429,0.070055,0.071258,0.072746,0.086466,0.071779,0.075138,0.075253,0.074995,0.073971,0.078933,0.075588,0.077966,0.077185,0.073444,0.074318,0.074895,0.078319,0.075707,0.075204,0.078464,0.075297,0.077295,0.07551,0.074878,0.073007,0.072068,0.072894,0.071621,0.072459,0.072959,0.071721
0.069856,0.071585,0.070041,0.072322,0.070694,0.069376,0.069038,0.071486,0.070045,0.072061,0.069313,0.069788,0.071217,0.070369,0.069916,0.073013,0.069834,0.077032,0.073424,0.071587,0.072992,0.070686,0.069659,0.071236,0.070888,0.075179,0.069598,0.071669,0.07133,0.069075,0.07106,0.070518,0.068889,0.076218,0.07191,0.072561,0.072021,0.072155,0.069208,0.069071
0.069891,0.068883,0.069614,0.067988,0.069333,0.068543,0.066988,0.068519,0.069496,0.068942,0.067548,0.066846,0.069802,0.067137,0.068084,0.07135,0.073313,0.071075,0.071551,0.070755,0.069456,0.072012,0.069253,0.072207,0.08252,0.074406,0.07237,0.070748,0.070307,0.072293,0.081029,0.074398,0.070594,0.074934,0.071212,0.073124,0.069598,0.067515,0.068415,0.068286
0.067603,0.067417,0.066335,0.067278,0.068583,0.068797,0.067267,0.06674,0.068852,0.066745,0.06599,0.070355,0.068876,0.067364,0.066942,0.067626,0.067774,0.067993,0.069772,0.06823,0.065902,0.067431,0.06798,0.067135,0.067468,0.067055,0.069063,0.068906,0.068138,0.067385,0.081839,0.066233,0.067431,0.067495,0.06575,0.066182,0.0663,0.068432,0.066687,0.067929
0.066665,0.067091,0.064314,0.067293,0.065907,0.066372,0.066939,0.065761,0.067389,0.066091,0.065335,0.064838,0.067349,0.063479,0.064614,0.065684,0.064404,0.066427,0.065011,0.064624,0.067446,0.066512,0.064921,0.068556,0.064593,0.065733,0.064662,0.06567,0.069334,0.066253,0.066485,0.064909,0.067015,0.06754,0.06514,0.067174,0.077395,0.066404,0.066464,0.065901
0.063673,0.064161,0.064044,0.068126,0.064088,0.065405,0.06841,0.064548,0.065195,0.066508,0.065812,0.067531,0.065435,0.064747,0.064098,0.06437,0.065788,0.065436,0.071034,0.065371,0.06512,0.063706,0.068439,0.064898,0.067205,0.068454,0.064814,0.066752,0.070444,0.066873,0.070899,0.066586,0.064402,0.069204,0.065232,0.070832,0.066112,0.066068,0.065613,0.063249
0.065192,0.066442,0.075096,0.067694,0.06751,0.069053,0.06843,0.066399,0.068311,0.06945,0.066851,0.068516,0.06875,0.068474,0.069475,0.066925,0.072124,0.071514,0.068165,0.07052,0.06662,0.06592,0.0686,0.06596,0.064915,0.065754,0.066238,0.066164,0.067007,0.064583,0.068628,0.064695,0.069115,0.063622,0.065764,0.066031,0.064318,0.065663,0.068101,0.064903
0.064865,0.064733,0.064603,0.065166,0.063219,0.065196,0.063795,0.065181,0.064466,0.078042,0.064026,0.065525,0.063712,0.064645,0.064633,0.065412,0.065316,0.064838,0.063666,0.066121,0.064887,0.065559,0.066847,0.065333,0.065988,0.065189,0.064872,0.063921,0.067798,0.066095,0.063202,0.064614,0.066959,0.065346,0.067434,0.064649,0.067049,0.066979,0.069048,0.064861
0.066341,0.064668,0.06347,0.064462,0.065798,0.0658,0.064562,0.06659,0.064516,0.065731,0.064433,0.065138,0.062755,0.064982,0.065369,0.079067,0.066479,0.065079,0.065338,0.069245,0.071828,0.063768,0.065522,0.064846,0.06696,0.066399,0.064995,0.065047,0.064185,0.064734,0.066265,0.064204,0.064113,0.065624,0.06667,0.065744,0.063996,0.064635,0.065853,0.065712
0.064418,0.063573,0.06337,0.068157,0.072005,0.067052,0.06701,0.066737,0.06513,0.069539,0.066524,0.067046,0.066912,0.07095,0.068217,0.069177,0.067549,0.069932,0.06952,0.066727,0.067093,0.081253,0.065229,0.067002,0.0654,0.06783,0.065884,0.065602,0.066246,0.064987,0.062798,0.066386,0.06326,0.064499,0.064289,0.064556,0.06671,0.066228,0.064922,0.065459
0.064461,0.065661,0.064718,0.065011,0.064032,0.065428,0.065308,0.065903,0.06826,0.064942,0.063844,0.063709,0.064223,0.065185,0.064817,0.063907,0.067277,0.065197,0.063633,0.064586,0.064659,0.065319,0.066066,0.063095,0.064232,0.063791,0.065485,0.076983,0.064002,0.065456,0.065329,0.064992,0.06653,0.066702,0.065646,0.065116,0.065568,0.065581,0.068442,0.065697
0.066622,0.068891,0.068316,0.06485,0.066029,0.066245,0.065306,0.065735,0.065892,0.065759,0.065315,0.063006,0.06538,0.065104,0.065244,0.065148,0.065158,0.065383,0.064455,0.06204,0.06675,0.065641,0.064098,0.065815,0.063782,0.065123,0.063361,0.06404,0.064808,0.063007,0.066089,0.067126,0.067787,0.079295,0.066553,0.065328,0.065616,0.065394,0.06438,0.065973
0.065068,0.064964,0.064629,0.066094,0.065205,0.063804,0.062937,0.06401,0.065721,0.06314,0.064536,0.066374,0.067382,0.063619,0.065804,0.064375,0.063269,0.063826,0.064042,0.067359,0.064174,0.063911,0.064861,0.067108,0.063986,0.067494,0.064677,0.068156,0.06764,0.06687,0.068144,0.068781,0.066614,0.064572,0.065045,0.068501,0.065633,0.068024,0.069181,0.076593
0.066881,0.064434,0.067982,0.064259,0.066652,0.06672,0.067004,0.066765,0.065306,0.066086,0.06334,0.067064,0.067515,0.066368,0.063258,0.0641,0.066853,0.064879,0.063785,0.063497,0.064553,0.067243,0.065516,0.064652,0.063863,0.065784,0.064821,0.065294,0.065671,0.063765,0.06455,0.064144,0.069559,0.064801,0.065672,0.064414,0.064236,0.065125,0.06529,0.063831
0.064674,0.066823,0.065557,0.064819,0.076908,0.071166,0.066971,0.071093,0.068994,0.067476,0.067404,0.067365,0.067676,0.068554,0.067028,0.068526,0.067681,0.065964,0.067732,0.068869,0.067678,0.071515,0.068074,0.069031,0.064407,0.064977,0.064876,0.065381,0.064805,0.063243,0.067642,0.066046,0.067688,0.066771,0.064552,0.064551,0.064001,0.067186,0.064408,0.063897
0.065302,0.065958,0.063259,0.066093,0.063983,0.06547,0.064772,0.064228,0.064898,0.065584,0.063224,0.07831,0.067167,0.066143,0.063788,0.065722,0.069531,0.06512,0.064895,0.066157,0.065137,0.067833,0.062984,0.064276,0.065598,0.06563,0.063893,0.066853,0.067816,0.064176,0.064963,0.06742,0.065953,0.068276,0.065539,0.064531,0.067709,0.063516,0.065301,0.066936
0.065214,0.064891,0.064573,0.065045,0.064656,0.062987,0.063363,0.064595,0.064779,0.065426,0.063263,0.065455,0.063901,0.064606,0.065799,0.063898,0.064812,0.07882,0.064737,0.066071,0.064267,0.066294,0.064105,0.065732,0.065309,0.065405,0.063009,0.063142,0.06789,0.063228,0.066129,0.063606,0.064434,0.066949,0.065397,0.063696,0.066629,0.064088,0.066125,0.065695
0.064063,0.070247,0.0711,0.06394,0.063461,0.064704,0.064735,0.066694,0.063896,0.064552,0.062831,0.062748,0.063294,0.065302,0.06482,0.063964,0.064444,0.066821,0.064282,0.064444,0.062843,0.062979,0.065055,0.076043,0.067252,0.064233,0.062989,0.065931,0.064344,0.065737,0.065039,0.06302,0.063499,0.065209,0.064904,0.064453,0.064523,0.065291,0.064813,0.064043
0.065419,0.063121,0.068161,0.065798,0.064004,0.062605,0.064749,0.064808,0.071481,0.064274,0.063427,0.064084,0.067509,0.065153,0.064103,0.065932,0.067265,0.065772,0.067701,0.067425,0.06894,0.067856,0.065381,0.068174,0.066855,0.066916,0.06898,0.068603,0.06657,0.078774,0.07081,0.064803,0.063865,0.065603,0.067419,0.065138,0.06595,0.06314,0.068011,0.066237
0.064734,0.0631,0.063814,0.062582,0.063319,0.065971,0.066855,0.065495,0.065064,0.064835,0.064433,0.063876,0.064481,0.072376,0.06434,0.06379,0.067291,0.065989,0.063458,0.06625,0.064234,0.064364,0.065243,0.064717,0.062129,0.06434,0.063115,0.063544,0.062746,0.062563,0.064923,0.06703,0.063465,0.064578,0.063966,0.074324,0.066644,0.065449,0.064491,0.062789
0.065245,0.064635,0.064873,0.064165,0.062421,0.065091,0.064735,0.064322,0.064749,0.064383,0.06388,0.066312,0.067222,0.065252,0.067116,0.072459,0.064646,0.061917,0.061758,0.065793,0.067937,0.064068,0.062088,0.064581,0.064189,0.064745,0.064972,0.064745,0.067207,0.063087,0.06483,0.065704,0.063036,0.064372,0.06431,0.065755,0.062398,0.064471,0.064343,0.06371
0.063962,0.071435,0.067343,0.06486,0.065253,0.064388,0.06312,0.065337,0.063549,0.064029,0.068628,0.064487,0.063378,0.064574,0.065462,0.0652,0.066932,0.067264,0.063911,0.065436,0.063833,0.064213,0.065727,0.063757,0.064603,0.063975,0.067821,0.064639,0.064044,0.065682,0.065103,0.063232,0.062766,0.065174,0.063882,0.063355,0.065668,0.064957,0.064718,0.063527
0.065271,0.063676,0.064677,0.065723,0.065433,0.063937,0.063811,0.064413,0.075918,0.063679,0.065297,0.06367,0.063297,0.063939,0.064979,0.063905,0.064774,0.063684,0.065389,0.066254,0.064229,0.067147,0.063646,0.065894,0.06421,0.063588,0.064505,0.066332,0.065169,0.066064,0.064907,0.065957,0.067607,0.065023,0.06385,0.063187,0.066083,0.063507,0.063151,0.064995
0.064199,0.065282,0.063657,0.066938,0.064427,0.06389,0.064744,0.065326,0.064202,0.063975,0.067058,0.063494,0.06507,0.066224,0.075644,0.064635,0.065326,0.066041,0.064766,0.063517,0.064051,0.06405,0.063412,0.066066,0.065447,0.063949,0.065939,0.063563,0.066855,0.068353,0.063434,0.066059,0.066674,0.065952,0.066016,0.066047,0.063659,0.065227,0.069448,0.066341
0.066452,0.065309,0.063675,0.065679,0.06525,0.065491,0.064292,0.066613,0.062835,0.064336,0.062138,0.066078,0.063015,0.064096,0.065119,0.063204,0.065362,0.065399,0.064053,0.063473,0.076427,0.065095,0.0645,0.062417,0.063122,0.062879,0.0634,0.061827,0.06471,0.064091,0.066082,0.062941,0.063177,0.06638,0.063827,0.065024,0.067192,0.065671,0.065955,0.063965
0.063755,0.063688,0.065062,0.0655,0.066752,0.063957,0.063788,0.06489,0.063509,0.066124,0.065106,0.068693,0.065104,0.065181,0.063497,0.064668,0.064352,0.065613,0.065421,0.06876,0.069039,0.069316,0.067962,0.068882,0.066384,0.069601,0.089279,0.070496,0.070725,0.066758,0.067949,0.067462,0.067117,0.068194,0.066232,0.064215,0.063758,0.065712,0.063794,0.06504
0.066524,0.066675,0.065401,0.062919,0.063481,0.064277,0.063455,0.064784,0.065764,0.070018,0.062807,0.065614,0.066231,0.064754,0.067535,0.066279,0.066073,0.063908,0.06412,0.064691,0.06553,0.066513,0.064729,0.062992,0.06303,0.06403,0.065464,0.062844,0.065543,0.06454,0.064692,0.064646,0.07562,0.065374,0.066268,0.063739,0.069923,0.067353,0.063718,0.065081
0.064402,0.063965,0.065462,0.064117,0.063242,0.065503,0.062655,0.064599,0.063903,0.06251,0.063029,0.065146,0.067611,0.064917,0.066001,0.071049,0.065598,0.065634,0.063624,0.065299,0.06384,0.06626,0.067304,0.063455,0.0645,0.066052,0.064174,0.063707,0.063975,0.063145,0.064927,0.063567,0.06509,0.064732,0.063328,0.06513,0.066953,0.066516,0.076967,0.063428
0.063703,0.065916,0.065971,0.065097,0.064188,0.064071,0.06397,0.064483,0.064535,0.063113,0.063566,0.064284,0.066845,0.065692,0.065919,0.065552,0.066059,0.064659,0.065093,0.06416,0.063933,0.064438,0.063853,0.0669,0.063191,0.065522,0.064085,0.06383,0.065973,0.063004,0.064265,0.064164,0.063268,0.064651,0.062365,0.067179,0.064755,0.065136,0.064723,0.065314
0.06343,0.063601,0.0659,0.063109,0.078947,0.068073,0.065338,0.063985,0.063681,0.064721,0.065345,0.064616,0.064412,0.065968,0.063741,0.066103,0.066021,0.063528,0.065281,0.065268,0.063055,0.064632,0.063871,0.063439,0.064766,0.065969,0.066215,0.063715,0.065288,0.062905,0.068328,0.064708,0.064032,0.066805,0.067149,0.062968,0.063475,0.064619,0.064431,0.065292
0.065497,0.064548,0.063561,0.063717,0.063638,0.063995,0.065037,0.066744,0.065939,0.065403,0.07776,0.063962,0.064214,0.064381,0.064043,0.064001,0.065412,0.064216,0.064353,0.06316,0.064242,0.065015,0.06642,0.063625,0.064409,0.066258,0.06478,0.063659,0.064024,0.068541,0.067779,0.066644,0.069971,0.068563,0.065225,0.068548,0.066644,0.066832,0.067533,0.067689
0.066317,0.068359,0.067336,0.06808,0.068611,0.067403,0.065825,0.068377,0.068053,0.063276,0.062755,0.065635,0.063251,0.063563,0.063023,0.063091,0.074813,0.067234,0.064995,0.066502,0.068581,0.066644,0.068336,0.066636,0.066685,0.067239,0.067005,0.064631,0.067006,0.064711,0.065887,0.067113,0.063927,0.065147,0.06655,0.065362,0.066183,0.064864,0.063375,0.064244
0.063361,0.065709,0.068903,0.066425,0.065775,0.066807,0.066259,0.065884,0.063989,0.067111,0.064385,0.062945,0.064246,0.063803,0.066118,0.064122,0.067013,0.065035,0.065533,0.064107,0.063781,0.066541,0.074516,0.065888,0.064838,0.063125,0.065376,0.065281,0.065672,0.063414,0.063646,0.063479,0.0632,0.065699,0.065252,0.067162,0.066891,0.066857,0.068067,0.064106
0.063884,0.064694,0.064614,0.065215,0.068953,0.064012,0.063492,0.064866,0.063633,0.064243,0.065214,0.065946,0.063644,0.063818,0.066436,0.065783,0.067283,0.066106,0.065361,0.063726,0.063679,0.063212,0.064313,0.06652,0.063161,0.064714,0.065748,0.069239,0.075846,0.066327,0.064343,0.066138,0.062903,0.063317,0.065511,0.064095,0.06324,0.065827,0.066038,0.06876
0.066782,0.065362,0.071385,0.06677,0.067277,0.067169,0.068983,0.067807,0.066358,0.068108,0.072661,0.068876,0.065964,0.0686,0.069144,0.066626,0.06696,0.069109,0.068303,0.065681,0.067074,0.064249,0.063757,0.065608,0.064251,0.068196,0.063612,0.06551,0.064964,0.064956,0.064249,0.063181,0.069439,0.063339,0.076512,0.063879,0.065018,0.063449,0.063695,0.065579
0.063831,0.065741,0.064807,0.063745,0.06593,0.062637,0.064526,0.067265,0.06425,0.06343,0.064049,0.063821,0.064437,0.065108,0.063999,0.068951,0.066815,0.06347,0.064207,0.066247,0.064934,0.063518,0.066905,0.062631,0.064898,0.063589,0.065522,0.065295,0.065874,0.064569,0.064463,0.064757,0.065041,0.064059,0.066142,0.063987,0.064373,0.063255,0.069178,0.06454
0.075989,0.06361,0.066239,0.066929,0.064546,0.067005,0.066112,0.066746,0.066172,0.068562,0.063921,0.066038,0.065826,0.068641,0.063422,0.064486,0.064915,0.064739,0.065936,0.064598,0.064249,0.064531,0.064389,0.064361,0.063927,0.065074,0.065169,0.064847,0.064227,0.06662,0.06529,0.066304,0.063341,0.065335,0.064904,0.062869,0.065509,0.064149,0.064566,0.065737
0.06575,0.065666,0.064833,0.06341,0.068696,0.066401,0.079646,0.065617,0.06772,0.065727,0.067862,0.067845,0.066987,0.065537,0.067564,0.068536,0.068074,0.067079,0.066284,0.071774,0.068449,0.067307,0.069574,0.06663,0.066739,0.063769,0.066992,0.06557,0.064934,0.062385,0.064316,0.06336,0.063067,0.064171,0.06529,0.0636,0.064542,0.066398,0.065024,0.0638
