0.15969,0.13959,0.14367,0.1382,0.14375,0.13615,0.13706,0.13979,0.1347,0.13767,0.17081,0.16324,0.1363,0.1346,0.13265,0.13646,0.14154,0.13483,0.1408,0.13794,0.13985,0.1414,0.1363,0.14029,0.14055,0.14601,0.13967,0.13544,0.13838,0.1794,0.1418,0.13811,0.13684,0.13936,0.14379,0.13823,0.13158,0.14657,0.14731,0.14084
0.091238,0.095028,0.097777,0.095752,0.096298,0.093854,0.094753,0.092907,0.13454,0.096548,0.09483,0.093695,0.099262,0.09694,0.094465,0.10722,0.095367,0.095218,0.096878,0.095083,0.094887,0.10013,0.098963,0.092603,0.09952,0.097937,0.09834,0.13617,0.099846,0.098043,0.10092,0.098889,0.097338,0.099759,0.097894,0.09877,0.097351,0.10282,0.098092,0.094313
0.090537,0.086926,0.089205,0.084569,0.09549,0.13104,0.091657,0.092679,0.094624,0.093282,0.092715,0.089397,0.098543,0.098356,0.088309,0.089571,0.093525,0.093581,0.11769,0.099859,0.095706,0.086797,0.0862,0.090185,0.09034,0.13095,0.089625,0.09007,0.08722,0.086952,0.088578,0.085475,0.086054,0.088867,0.090077,0.095677,0.09429,0.098762,0.095035,0.092908
0.091771,0.092711,0.090015,0.11122,0.092244,0.093989,0.089508,0.090643,0.091026,0.090474,0.090868,0.092961,0.089982,0.090728,0.084599,0.088395,0.087856,0.082758,0.085929,0.084432,0.08519,0.084942,0.10223,0.090896,0.089411,0.081764,0.08868,0.082902,0.084329,0.085007,0.083595,0.086139,0.088517,0.08411,0.090748,0.083286,0.086247,0.08197,0.084741,0.087877
0.082708,0.11585,0.084488,0.081293,0.08473,0.086563,0.081515,0.089945,0.082408,0.081794,0.08422,0.084473,0.080885,0.086527,0.083377,0.078661,0.080533,0.086027,0.081982,0.094217,0.12631,0.08019,0.082706,0.083524,0.081548,0.081174,0.083375,0.079722,0.079269,0.085727,0.084488,0.08176,0.084026,0.087448,0.084344,0.095289,0.090733,0.078382,0.078505,0.11664
0.074145,0.074238,0.074263,0.076,0.086737,0.075075,0.077155,0.074366,0.078378,0.073966,0.074939,0.072323,0.077261,0.07599,0.07672,0.075239,0.077805,0.076099,0.14804,0.10672,0.12381,0.090752,0.09293,0.094121,0.1117,0.12244,0.1424,0.10148,0.096205,0.134,0.16293,0.15635,0.14085,0.13563,0.12031,0.12565,0.11592,0.15621,0.10705,0.11632
0.11213,0.11645,0.12905,0.11524,0.11683,0.12273,0.11853,0.12544,0.11636,0.13714,0.12169,0.12614,0.13166,0.15008,0.13966,0.13065,0.16564,0.11131,0.13592,0.12582,0.10815,0.13508,0.10253,0.12839,0.11644,0.12453,0.10304,0.094266,0.090358,0.096497,0.10196,0.098727,0.094097,0.09261,0.13214,0.089314,0.084893,0.097573,0.082309,0.079022
0.082127,0.078563,0.074192,0.084834,0.10061,0.099522,0.084418,0.077574,0.08454,0.08008,0.083876,0.10404,0.11081,0.17087,0.12152,0.10959,0.11277,0.085954,0.083574,0.10155,0.11426,0.11095,0.13297,0.12748,0.10126,0.12838,0.12022,0.082113,0.083618,0.082303,0.084314,0.079918,0.12232,0.092182,0.10355,0.093153,0.082654,0.083325,0.084324,0.082955
0.079104,0.079959,0.078761,0.077037,0.075768,0.075522,0.078527,0.080862,0.074017,0.07639,0.11389,0.074396,0.07948,0.09343,0.074634,0.077419,0.075136,0.069773,0.075947,0.073358,0.072892,0.071613,0.073799,0.075547,0.073282,0.074065,0.071503,0.072561,0.074567,0.10038,0.07589,0.072793,0.070902,0.07406,0.074364,0.074022,0.07277,0.072168,0.073341,0.072858
0.070003,0.073364,0.073702,0.072393,0.070513,0.072103,0.071337,0.070003,0.10362,0.076983,0.073086,0.074122,0.070653,0.075564,0.073247,0.070644,0.077641,0.07361,0.074498,0.070968,0.072289,0.072242,0.072317,0.07408,0.076926,0.075824,0.072464,0.10604,0.0712,0.071848,0.073083,0.069487,0.073777,0.081002,0.07076,0.070633,0.076007,0.073565,0.071177,0.070462
0.076519,0.077101,0.082006,0.089267,0.074741,0.10118,0.078418,0.076324,0.071877,0.072662,0.07237,0.075086,0.070118,0.072819,0.07362,0.069401,0.07122,0.073398,0.073378,0.069688,0.069961,0.072479,0.071751,0.070777,0.10604,0.071664,0.074731,0.070904,0.072233,0.076342,0.071075,0.067359,0.07184,0.076499,0.089983,0.084417,0.069371,0.079994,0.080627,0.078877
0.070956,0.068673,0.069426,0.090667,0.075815,0.088861,0.08393,0.076567,0.070643,0.067627,0.073971,0.074784,0.072911,0.074219,0.071699,0.070573,0.07225,0.073278,0.074989,0.071476,0.070052,0.072343,0.10648,0.069706,0.067042,0.068462,0.068495,0.066941,0.065341,0.069963,0.067114,0.067912,0.069533,0.066179,0.071351,0.067947,0.067913,0.066313,0.069574,0.067042
0.0668,0.10154,0.071865,0.068441,0.066492,0.06879,0.065741,0.069986,0.066557,0.070743,0.06884,0.067371,0.071249,0.069573,0.067819,0.068362,0.06735,0.064768,0.070323,0.093318,0.06866,0.065313,0.070601,0.070901,0.065216,0.072746,0.067948,0.065871,0.068954,0.071061,0.073799,0.090827,0.072681,0.070673,0.074732,0.065349,0.067799,0.074328,0.099073,0.067025
0.069873,0.067482,0.070372,0.06906,0.070505,0.070242,0.070361,0.066157,0.070076,0.06773,0.069125,0.067543,0.071375,0.068368,0.067641,0.068662,0.066397,0.1011,0.071982,0.069274,0.069468,0.06891,0.068717,0.069174,0.0718,0.072733,0.06828,0.071074,0.07137,0.071012,0.068025,0.068924,0.071497,0.067057,0.071678,0.069301,0.10175,0.070971,0.070141,0.068394
0.068794,0.066577,0.068519,0.070528,0.071497,0.073766,0.067777,0.065095,0.069557,0.065772,0.070506,0.06273,0.066811,0.061793,0.095735,0.069489,0.067562,0.066138,0.070754,0.067362,0.070354,0.066218,0.062839,0.063746,0.074,0.068039,0.068355,0.065625,0.068241,0.07085,0.07203,0.068554,0.069969,0.095975,0.067856,0.072482,0.071618,0.064638,0.068435,0.072174
0.069375,0.066804,0.071424,0.071383,0.064727,0.066906,0.070568,0.066011,0.066321,0.066519,0.06676,0.068732,0.092962,0.071274,0.065743,0.064506,0.064947,0.064411,0.066,0.06079,0.063099,0.066854,0.062412,0.062667,0.064071,0.064988,0.065946,0.066459,0.062418,0.06982,0.065194,0.1017,0.065177,0.065599,0.061063,0.068499,0.066913,0.066744,0.066781,0.066806
0.06558,0.065245,0.069637,0.068246,0.066815,0.065961,0.067999,0.066004,0.068269,0.071627,0.10129,0.069704,0.074253,0.066308,0.070635,0.064996,0.071534,0.068777,0.068688,0.069303,0.069064,0.069084,0.067785,0.074173,0.067123,0.06935,0.066807,0.070237,0.097755,0.067391,0.071561,0.070161,0.067346,0.10209,0.068799,0.070734,0.067833,0.072091,0.069294,0.069271
0.070829,0.067311,0.070401,0.066636,0.068931,0.07148,0.068409,0.095831,0.067433,0.068724,0.068491,0.073145,0.069602,0.068895,0.071177,0.067653,0.067722,0.071936,0.06962,0.071889,0.066316,0.07175,0.069235,0.069396,0.067971,0.070091,0.10372,0.067971,0.068224,0.069174,0.06697,0.070531,0.067639,0.069497,0.069514,0.068333,0.067005,0.065384,0.066489,0.063917
0.065128,0.064139,0.060012,0.068793,0.065053,0.095725,0.062083,0.062536,0.064655,0.063011,0.064114,0.063352,0.062175,0.063038,0.062101,0.063242,0.065768,0.063041,0.070329,0.064277,0.063963,0.066481,0.063743,0.074489,0.077266,0.06269,0.065645,0.063531,0.077987,0.071334,0.070858,0.06713,0.067891,0.068097,0.070907,0.071814,0.065514,0.069881,0.06546,0.06881
0.068373,0.070765,0.067596,0.10386,0.066711,0.068055,0.067568,0.061622,0.062196,0.064209,0.062797,0.060575,0.068503,0.066759,0.064806,0.064466,0.062899,0.063111,0.063409,0.065421,0.064535,0.063834,0.096612,0.06322,0.065681,0.067061,0.064171,0.061744,0.062518,0.065145,0.063979,0.066286,0.066425,0.061473,0.062964,0.063773,0.066942,0.061485,0.063895,0.064914
0.091803,0.064684,0.063366,0.064556,0.066229,0.062634,0.066011,0.063542,0.070527,0.06838,0.067607,0.065295,0.065915,0.06508,0.066201,0.068564,0.068559,0.068906,0.070913,0.10581,0.068013,0.08889,0.069547,0.069235,0.067898,0.06553,0.070091,0.065129,0.065355,0.066469,0.063315,0.062527,0.066211,0.064371,0.065164,0.067635,0.06106,0.067825,0.10013,0.063393
0.06222,0.062958,0.064988,0.065337,0.064491,0.063214,0.063263,0.062507,0.062359,0.068287,0.069649,0.06247,0.063841,0.063163,0.064494,0.068017,0.087667,0.1184,0.080929,0.074529,0.068054,0.0652,0.073584,0.06508,0.071099,0.068987,0.068385,0.068186,0.067769,0.076223,0.066832,0.069414,0.064154,0.061094,0.061616,0.091973,0.062542,0.064929,0.060426,0.062793
0.060418,0.066033,0.062107,0.05921,0.061953,0.066931,0.068808,0.068253,0.070188,0.069482,0.072235,0.069234,0.069018,0.067854,0.10663,0.071496,0.074383,0.068372,0.078975,0.095475,0.064853,0.066098,0.06997,0.062157,0.067051,0.069086,0.067946,0.076292,0.071828,0.069806,0.070586,0.063903,0.062732,0.065507,0.095817,0.06483,0.063296,0.063712,0.066365,0.06206
0.063224,0.062215,0.065776,0.063831,0.061478,0.063743,0.077941,0.071909,0.072139,0.069456,0.073193,0.069285,0.10382,0.067905,0.068813,0.074705,0.085901,0.081657,0.067214,0.068896,0.085053,0.081563,0.070358,0.093325,0.068511,0.070274,0.083119,0.067249,0.063571,0.070481,0.070849,0.093483,0.064424,0.069962,0.081377,0.07115,0.067509,0.07176,0.067574,0.061792
0.068652,0.075052,0.069376,0.067601,0.066938,0.063551,0.067424,0.067045,0.061965,0.071132,0.10107,0.070796,0.068544,0.0672,0.066419,0.068119,0.065383,0.06429,0.064457,0.067595,0.065386,0.06202,0.06466,0.066551,0.061537,0.065476,0.063222,0.069356,0.074776,0.10626,0.071901,0.065547,0.078617,0.093204,0.071834,0.087793,0.091411,0.086285,0.085057,0.091768
0.096433,0.11497,0.10569,0.081623,0.087823,0.090097,0.11484,0.12418,0.18649,0.099304,0.080022,0.091469,0.15395,0.10549,0.11461,0.13113,0.1553,0.14452,0.14031,0.14239,0.13247,0.14617,0.13448,0.13982,0.12528,0.14837,0.097707,0.12692,0.082902,0.084464,0.085796,0.077919,0.082292,0.078095,0.078036,0.1049,0.074403,0.073226,0.075028,0.074773
0.08028,0.077464,0.077644,0.076331,0.076034,0.07886,0.11416,0.071532,0.073967,0.074172,0.075212,0.07772,0.075436,0.087819,0.076843,0.079365,0.079129,0.07535,0.070656,0.079498,0.074014,0.076269,0.073893,0.073748,0.070116,0.107,0.067198,0.072758,0.072294,0.069893,0.076529,0.070713,0.072142,0.072618,0.072133,0.069627,0.068726,0.074379,0.074949,0.072883
0.074026,0.069425,0.074396,0.068729,0.10795,0.071654,0.072642,0.070881,0.07127,0.072312,0.070671,0.067812,0.067204,0.066303,0.069981,0.07054,0.075698,0.070814,0.072572,0.072566,0.071875,0.077101,0.10606,0.069263,0.076588,0.069917,0.074541,0.074212,0.066942,0.070863,0.072335,0.068982,0.069888,0.069028,0.072684,0.07724,0.083854,0.078777,0.074143,0.081601
0.081002,0.10846,0.074037,0.088884,0.075863,0.071449,0.077599,0.079307,0.072619,0.072442,0.072454,0.07507,0.078527,0.072703,0.075299,0.073603,0.068339,0.070545,0.070813,0.070727,0.11114,0.072675,0.066668,0.069023,0.0745,0.0699,0.070963,0.081942,0.074145,0.070543,0.073981,0.071871,0.073932,0.068873,0.072374,0.073879,0.071755,0.083043,0.085942,0.12228
0.082643,0.07969,0.078187,0.081613,0.077397,0.071878,0.072731,0.069909,0.092588,0.073767,0.10264,0.17604,0.14161,0.078213,0.080328,0.079007,0.080112,0.081357,0.11048,0.079242,0.087896,0.074163,0.078104,0.075254,0.076049,0.080598,0.083089,0.078251,0.081136,0.076505,0.083685,0.075061,0.073039,0.079359,0.078845,0.076855,0.11437,0.073688,0.074248,0.074008
0.071197,0.072962,0.073513,0.076431,0.083041,0.077231,0.07079,0.099748,0.084454,0.08116,0.077501,0.071869,0.071885,0.069996,0.075854,0.10551,0.073904,0.070163,0.087381,0.095117,0.093284,0.079596,0.077786,0.091525,0.089957,0.074968,0.088756,0.095561,0.079926,0.076158,0.098104,0.11729,0.10381,0.10846,0.14149,0.082902,0.080291,0.082695,0.073565,0.080168
0.081204,0.081875,0.10836,0.099107,0.12795,0.10087,0.087799,0.089785,0.08464,0.075543,0.094707,0.10203,0.13359,0.11189,0.098586,0.11261,0.11083,0.11178,0.11694,0.10946,0.10592,0.12467,0.092192,0.085491,0.10205,0.092207,0.098158,0.077704,0.078725,0.074905,0.089478,0.084933,0.12555,0.080759,0.078685,0.080891,0.076476,0.079242,0.082654,0.076909
0.076767,0.074235,0.075118,0.072554,0.080392,0.072082,0.075124,0.078943,0.082323,0.086067,0.12807,0.11614,0.094289,0.096165,0.11055,0.097077,0.082478,0.074835,0.076471,0.073759,0.073624,0.070681,0.078151,0.076995,0.077473,0.098064,0.10313,0.083085,0.077297,0.1114,0.077853,0.075725,0.074023,0.080294,0.075486,0.076822,0.086834,0.085799,0.10603,0.093059
0.080985,0.075391,0.081677,0.074278,0.074836,0.076835,0.091113,0.085479,0.13251,0.071592,0.074239,0.070423,0.072329,0.066883,0.069822,0.066146,0.069189,0.06892,0.06487,0.069606,0.067403,0.067547,0.067595,0.064156,0.066299,0.064661,0.062863,0.097949,0.066621,0.064163,0.063072,0.061546,0.069081,0.063514,0.065353,0.06779,0.067409,0.06348,0.063353,0.063303
0.063881,0.065263,0.061524,0.065988,0.064329,0.10381,0.064197,0.06356,0.068328,0.065045,0.066924,0.067792,0.063588,0.062921,0.064576,0.067287,0.069067,0.064945,0.065576,0.064238,0.063909,0.064755,0.065376,0.063167,0.095167,0.066178,0.064925,0.062311,0.068939,0.061816,0.066816,0.062221,0.065942,0.069732,0.066756,0.063992,0.062051,0.065704,0.061834,0.065339
0.066406,0.060192,0.063039,0.093254,0.063851,0.059883,0.062695,0.060411,0.063831,0.06253,0.061846,0.06115,0.063369,0.062047,0.061251,0.062338,0.066029,0.059913,0.061774,0.06922,0.066485,0.07335,0.10007,0.062146,0.068168,0.06162,0.062881,0.065392,0.065585,0.06573,0.065248,0.063101,0.067625,0.064164,0.069274,0.067664,0.071324,0.06504,0.063669,0.065203
0.063142,0.095785,0.06734,0.062043,0.064631,0.068739,0.061066,0.063138,0.064776,0.062571,0.06462,0.067127,0.069249,0.069931,0.065971,0.061386,0.068286,0.068614,0.06456,0.096249,0.065507,0.060764,0.074193,0.065685,0.065151,0.068422,0.063077,0.064028,0.065501,0.064656,0.065375,0.063972,0.067095,0.062328,0.065236,0.067558,0.062391,0.063303,0.090683,0.063726
0.064795,0.066824,0.063546,0.062951,0.06557,0.063525,0.063625,0.064844,0.061803,0.065585,0.063255,0.067797,0.069432,0.063757,0.069575,0.064156,0.064645,0.099875,0.066289,0.067112,0.064531,0.064572,0.068786,0.06344,0.068541,0.070658,0.06325,0.063215,0.064319,0.061024,0.066841,0.063915,0.067702,0.06472,0.066905,0.063919,0.099302,0.06508,0.06528,0.069522
0.063532,0.06482,0.065692,0.065936,0.064472,0.062929,0.086714,0.067131,0.062771,0.062687,0.065212,0.065871,0.064585,0.063514,0.069649,0.098262,0.067335,0.062632,0.062311,0.070984,0.069422,0.067541,0.071437,0.067,0.068132,0.068208,0.066274,0.07085,0.068464,0.067723,0.066402,0.068252,0.066339,0.098706,0.069405,0.071998,0.069264,0.06537,0.068365,0.067111
0.069038,0.067066,0.068334,0.064873,0.063336,0.066328,0.060763,0.064248,0.064617,0.063853,0.066822,0.06602,0.095034,0.064221,0.063541,0.067248,0.062948,0.068835,0.066776,0.064748,0.065491,0.062708,0.066171,0.066635,0.065731,0.069589,0.061739,0.06242,0.065915,0.061235,0.061782,0.097437,0.061911,0.067034,0.066996,0.064346,0.063593,0.067917,0.067678,0.065366
