0.063394,0.046838,0.043964,0.04508,0.045209,0.0465,0.047169,0.045154,0.047096,0.047726,0.049646,0.045867,0.045238,0.04421,0.046364,0.043535,0.05396,0.047839,0.044471,0.044314,0.043057,0.04572,0.047979,0.047457,0.051042,0.04687,0.045089,0.046198,0.048573,0.049784,0.045487,0.043914,0.04566,0.048561,0.047977,0.046826,0.045588,0.046783,0.045952,0.050866
0.028842,0.028731,0.027946,0.035464,0.037042,0.03345,0.029837,0.029556,0.042098,0.03705,0.030121,0.029042,0.036347,0.031729,0.035605,0.038219,0.033036,0.029882,0.048818,0.02872,0.034738,0.038119,0.027778,0.028934,0.042456,0.037106,0.047337,0.049971,0.047771,0.05431,0.046355,0.028794,0.029119,0.037039,0.029642,0.037273,0.028909,0.038679,0.029689,0.03699
0.026596,0.03911,0.03,0.034236,0.027677,0.042509,0.035158,0.029539,0.027925,0.039402,0.026724,0.034481,0.026506,0.026601,0.03038,0.036647,0.038425,0.032744,0.048135,0.025274,0.03549,0.04176,0.025857,0.04154,0.02775,0.036717,0.030057,0.028129,0.044356,0.030839,0.027549,0.038791,0.029048,0.036599,0.026328,0.044868,0.037071,0.026498,0.047803,0.026594
0.036135,0.034038,0.03268,0.035251,0.029055,0.034752,0.033065,0.040915,0.035184,0.032722,0.027709,0.033877,0.032273,0.039957,0.030508,0.024736,0.035305,0.035699,0.031415,0.032777,0.024646,0.047194,0.027739,0.034847,0.036027,0.032633,0.031865,0.033632,0.037199,0.02849,0.038493,0.033583,0.029113,0.033141,0.038975,0.034403,0.03491,0.047715,0.037034,0.028339
0.023566,0.023324,0.026187,0.024662,0.047604,0.025612,0.030022,0.030597,0.024965,0.023174,0.025389,0.024662,0.024729,0.027883,0.025873,0.027776,0.024339,0.026719,0.030394,0.024136,0.023526,0.030128,0.032446,0.037764,0.026865,0.03663,0.030692,0.037052,0.031195,0.035347,0.032993,0.028506,0.038797,0.029615,0.035108,0.035492,0.036006,0.026054,0.038894,0.029161
0.034712,0.030087,0.034858,0.038195,0.024424,0.041738,0.036671,0.027389,0.03319,0.034604,0.03696,0.028175,0.034046,0.033889,0.02957,0.038135,0.02507,0.042414,0.026486,0.033061,0.03758,0.038943,0.024611,0.037549,0.030167,0.036715,0.025662,0.038531,0.034428,0.030404,0.036043,0.032948,0.032191,0.031402,0.042398,0.027087,0.034611,0.033434,0.030336,0.041038
0.02929,0.028228,0.038422,0.024823,0.029399,0.025701,0.031821,0.038287,0.035193,0.032786,0.023496,0.039502,0.033054,0.034141,0.034354,0.031628,0.033951,0.030171,0.03629,0.032701,0.034729,0.033734,0.033408,0.037881,0.025291,0.037181,0.034025,0.027767,0.034816,0.038532,0.035349,0.0323,0.042502,0.033622,0.035338,0.036865,0.032492,0.030065,0.03815,0.026805
0.036778,0.03688,0.029213,0.031874,0.034702,0.033043,0.036191,0.036377,0.028046,0.036492,0.03681,0.025385,0.035224,0.028235,0.022833,0.028344,0.031734,0.022371,0.025916,0.039766,0.036685,0.033816,0.028339,0.039836,0.028983,0.03468,0.024765,0.039226,0.031929,0.037273,0.048035,0.038742,0.045347,0.030974,0.038355,0.02571,0.037883,0.040659,0.029414,0.042085
0.034689,0.033969,0.034682,0.036232,0.03286,0.035313,0.023426,0.039691,0.034828,0.027469,0.042526,0.02269,0.039333,0.031128,0.035079,0.031177,0.036526,0.033684,0.03074,0.03294,0.035742,0.031222,0.034752,0.030484,0.033887,0.036384,0.030081,0.03852,0.027819,0.035201,0.03336,0.034463,0.030021,0.033762,0.035888,0.035021,0.02857,0.040788,0.028243,0.031547
0.038102,0.027355,0.041247,0.025495,0.037811,0.033461,0.025692,0.04618,0.04852,0.041494,0.035893,0.033218,0.035806,0.028905,0.034245,0.03517,0.032508,0.035726,0.031165,0.034264,0.032689,0.035939,0.034347,0.023929,0.043012,0.025224,0.042928,0.024332,0.03623,0.041442,0.022532,0.04027,0.024884,0.037171,0.034749,0.034205,0.028185,0.027492,0.023729,0.034261
0.034872,0.035702,0.02766,0.033552,0.034608,0.036065,0.03442,0.029095,0.033649,0.02244,0.024054,0.036917,0.035987,0.033416,0.022299,0.028417,0.032546,0.03267,0.032012,0.040948,0.028921,0.031251,0.032835,0.02276,0.022419,0.043092,0.023708,0.040379,0.030267,0.038361,0.026488,0.037017,0.035335,0.027984,0.030335,0.045668,0.023588,0.037299,0.028543,0.036594
0.035373,0.033959,0.035434,0.043482,0.036697,0.026042,0.040574,0.031922,0.036851,0.033738,0.024265,0.040452,0.033485,0.029547,0.039182,0.026029,0.038215,0.030188,0.033134,0.034973,0.034848,0.035374,0.042805,0.039955,0.030101,0.02826,0.038827,0.033993,0.032,0.034242,0.030566,0.033627,0.031669,0.035285,0.029407,0.034819,0.039562,0.035537,0.023679,0.042849
0.024804,0.033799,0.041762,0.022964,0.03966,0.027602,0.03593,0.033944,0.041973,0.042178,0.041704,0.041006,0.035903,0.034775,0.028681,0.034601,0.034589,0.035185,0.034812,0.024567,0.039158,0.03374,0.034582,0.028763,0.033784,0.041219,0.023304,0.03119,0.037189,0.034532,0.035755,0.037366,0.025439,0.035829,0.033162,0.035297,0.025969,0.042219,0.024127,0.039325
0.033677,0.030533,0.032017,0.036747,0.034341,0.031061,0.032762,0.038836,0.02386,0.040763,0.028554,0.041104,0.023455,0.039655,0.031713,0.033909,0.030952,0.036164,0.035077,0.027936,0.034866,0.036024,0.033036,0.032035,0.031998,0.03762,0.03194,0.03178,0.036071,0.02712,0.037649,0.033511,0.032449,0.029973,0.036492,0.041813,0.042117,0.03594,0.028026,0.034012
0.038462,0.030551,0.036475,0.046518,0.035404,0.029851,0.033278,0.03719,0.027548,0.033959,0.034296,0.03315,0.041978,0.022246,0.036196,0.033865,0.0348,0.034977,0.030699,0.030894,0.034616,0.036895,0.030895,0.032415,0.031485,0.037276,0.032804,0.034268,0.030831,0.034171,0.034484,0.029841,0.035319,0.035303,0.031526,0.035443,0.02854,0.035339,0.037337,0.032172
0.036624,0.023371,0.037344,0.034738,0.034854,0.028892,0.034533,0.029552,0.046211,0.048546,0.040897,0.042352,0.022247,0.041984,0.028443,0.040204,0.021981,0.040447,0.033354,0.028966,0.035951,0.028128,0.041481,0.028054,0.034625,0.035324,0.034548,0.029783,0.030002,0.03811,0.034616,0.031987,0.037708,0.025163,0.038441,0.034235,0.030866,0.030736,0.036939,0.03337
0.032964,0.030922,0.03515,0.034593,0.034946,0.028091,0.034768,0.034517,0.035594,0.028542,0.041046,0.032313,0.024145,0.039882,0.030621,0.03179,0.035638,0.036655,0.029049,0.033333,0.034472,0.034995,0.027905,0.035019,0.034138,0.036943,0.028903,0.031228,0.035685,0.034686,0.034785,0.033043,0.031372,0.032108,0.036024,0.032267,0.035859,0.029852,0.034288,0.035017
0.036037,0.027702,0.034694,0.035097,0.03256,0.037053,0.023261,0.024734,0.031282,0.03249,0.033595,0.034422,0.034011,0.031821,0.031736,0.035977,0.033217,0.036888,0.028428,0.032832,0.029923,0.040386,0.029629,0.042949,0.024675,0.03602,0.034156,0.031229,0.03221,0.035562,0.030735,0.032009,0.034904,0.034684,0.034637,0.035022,0.027715,0.041184,0.024482,0.034541
0.033107,0.039702,0.022651,0.041398,0.027848,0.035118,0.034766,0.034638,0.030034,0.037206,0.03043,0.034225,0.038353,0.023235,0.037321,0.034939,0.033553,0.036923,0.024623,0.037019,0.034931,0.032116,0.034236,0.036915,0.035641,0.023169,0.033357,0.03529,0.034182,0.035056,0.032231,0.036248,0.027679,0.040412,0.024865,0.036988,0.031846,0.035326,0.034158,0.035301
0.027829,0.035317,0.033991,0.03469,0.0326,0.031034,0.033379,0.041678,0.021979,0.034612,0.035568,0.035605,0.034266,0.030564,0.033883,0.028393,0.039304,0.032492,0.03369,0.031958,0.035445,0.032994,0.035774,0.047255,0.029926,0.033616,0.035508,0.034602,0.033634,0.031706,0.022014,0.028144,0.031772,0.03575,0.033886,0.027152,0.035912,0.034108,0.036413,0.032847
0.031217,0.021421,0.024014,0.036775,0.03399,0.036316,0.033243,0.034206,0.038008,0.023684,0.036501,0.035391,0.030539,0.032561,0.033284,0.035506,0.028773,0.033533,0.035908,0.040452,0.023548,0.03379,0.034843,0.032878,0.036009,0.034398,0.033779,0.025658,0.039586,0.034513,0.030257,0.037898,0.023584,0.041063,0.034887,0.02899,0.032755,0.0359,0.031966,0.036448
0.029631,0.034461,0.034655,0.034796,0.029241,0.03329,0.041157,0.022455,0.034307,0.034605,0.036337,0.03374,0.034416,0.031217,0.032946,0.038406,0.023094,0.036152,0.033751,0.033647,0.036617,0.034714,0.031787,0.03035,0.02272,0.027856,0.041806,0.021784,0.040183,0.028613,0.032853,0.036674,0.03469,0.029179,0.037093,0.032397,0.033237,0.034414,0.030743,0.034802
0.027583,0.039646,0.031488,0.031692,0.043546,0.021584,0.033584,0.040349,0.023901,0.040198,0.033798,0.030423,0.03586,0.03244,0.03404,0.034083,0.030817,0.033784,0.033146,0.034713,0.026845,0.037473,0.035409,0.031444,0.036062,0.031479,0.034094,0.039256,0.021694,0.034754,0.042325,0.025944,0.036337,0.032696,0.036397,0.024723,0.04502,0.022999,0.032795,0.035785
0.035435,0.032782,0.035752,0.029396,0.040524,0.021505,0.041974,0.030202,0.033822,0.039331,0.022581,0.040701,0.030866,0.035611,0.03391,0.029819,0.044063,0.022179,0.034539,0.032102,0.037998,0.028893,0.034706,0.033138,0.035031,0.031919,0.033788,0.035622,0.02628,0.04067,0.028605,0.040551,0.021345,0.042387,0.029503,0.032451,0.041276,0.027736,0.035031,0.031335
0.036591,0.02317,0.04197,0.030732,0.032137,0.034771,0.034878,0.034767,0.027763,0.032649,0.036666,0.03597,0.029203,0.038981,0.02932,0.033195,0.035897,0.034353,0.029972,0.033089,0.035476,0.030631,0.032819,0.033622,0.035817,0.034093,0.029155,0.034212,0.034809,0.034556,0.030334,0.033163,0.033669,0.03537,0.03299,0.030609,0.034579,0.035075,0.032539,0.034715
0.033022,0.029222,0.037455,0.034903,0.029061,0.033007,0.041512,0.02254,0.034857,0.021744,0.031142,0.021481,0.024696,0.03979,0.028669,0.034487,0.035131,0.032259,0.035251,0.032228,0.034667,0.032479,0.034406,0.028451,0.036199,0.032496,0.037229,0.027534,0.033858,0.035226,0.034625,0.035036,0.027967,0.035161,0.03371,0.034354,0.03332,0.030088,0.03542,0.034607
0.029346,0.03426,0.034435,0.034578,0.03489,0.030476,0.037442,0.029967,0.033053,0.034934,0.033666,0.026222,0.02771,0.031835,0.024246,0.039875,0.034676,0.028099,0.040057,0.02409,0.040463,0.02988,0.03725,0.030331,0.035006,0.031693,0.034643,0.031668,0.039855,0.022309,0.035038,0.041922,0.024652,0.037787,0.035064,0.03199,0.027031,0.045117,0.021148,0.035719
0.040321,0.024809,0.038658,0.034773,0.030768,0.035511,0.029772,0.036556,0.032197,0.03327,0.035563,0.032204,0.034308,0.029312,0.034927,0.033333,0.035991,0.033705,0.03039,0.032915,0.035015,0.033003,0.03318,0.031113,0.041058,0.022307,0.042954,0.027315,0.039811,0.023093,0.033364,0.036121,0.03451,0.035484,0.031643,0.029842,0.024442,0.030573,0.029897,0.041645
0.045834,0.02706,0.037714,0.034679,0.031595,0.03096,0.04248,0.02351,0.038066,0.03388,0.02937,0.040907,0.021471,0.037061,0.041942,0.039897,0.035954,0.035159,0.03313,0.035874,0.029267,0.033502,0.022358,0.027043,0.034259,0.034875,0.03454,0.030327,0.033553,0.033994,0.035113,0.030689,0.033439,0.039846,0.029416,0.034046,0.031569,0.022189,0.022702,0.035158
0.035373,0.040762,0.021921,0.035055,0.035291,0.034142,0.035091,0.035198,0.029672,0.037166,0.024045,0.040091,0.032236,0.03331,0.031665,0.0423,0.025339,0.033157,0.037313,0.02899,0.035945,0.031018,0.035909,0.033438,0.033093,0.030752,0.035688,0.031057,0.035297,0.032649,0.03341,0.030559,0.032182,0.039033,0.033979,0.034586,0.034643,0.042138,0.041608,0.020734
0.036261,0.039961,0.025052,0.0394,0.032146,0.036224,0.029118,0.034651,0.029321,0.040131,0.029218,0.03904,0.025256,0.039433,0.034357,0.028209,0.036336,0.032389,0.03513,0.033665,0.029549,0.035677,0.034935,0.031133,0.031662,0.033555,0.035731,0.035032,0.028042,0.034886,0.03492,0.038861,0.024778,0.033935,0.034505,0.036086,0.033931,0.029863,0.032345,0.035664
0.03279,0.034929,0.02973,0.035899,0.031881,0.03687,0.028259,0.040322,0.029374,0.03242,0.035302,0.031442,0.032979,0.03487,0.034382,0.031405,0.032361,0.040755,0.023177,0.040029,0.028606,0.040583,0.021648,0.04409,0.022924,0.037821,0.03473,0.034918,0.030321,0.032461,0.035817,0.033033,0.036074,0.028356,0.034022,0.035693,0.032009,0.034147,0.031721,0.0392
0.026119,0.039268,0.027407,0.04078,0.029231,0.033123,0.032119,0.030932,0.042008,0.022203,0.035024,0.034255,0.035302,0.037084,0.027565,0.038226,0.029419,0.03549,0.034449,0.026926,0.042257,0.028823,0.035316,0.034495,0.028478,0.039082,0.029408,0.03552,0.032149,0.031943,0.031359,0.036947,0.033148,0.033937,0.029887,0.034439,0.035625,0.037614,0.022652,0.038814
0.040221,0.021643,0.033372,0.021601,0.032808,0.030618,0.039054,0.031021,0.033942,0.029141,0.039596,0.024761,0.039328,0.028685,0.041502,0.023962,0.037792,0.035374,0.035083,0.027768,0.021458,0.029062,0.021583,0.022274,0.02528,0.021553,0.022939,0.038416,0.033916,0.032821,0.032206,0.03182,0.036768,0.035153,0.030633,0.033592,0.031266,0.03587,0.032185,0.031878
0.033452,0.035271,0.035159,0.028605,0.034304,0.034694,0.035176,0.030631,0.038428,0.025138,0.03825,0.032226,0.035242,0.02633,0.04455,0.022683,0.034796,0.035656,0.032238,0.035847,0.033652,0.027969,0.036579,0.034606,0.035124,0.029711,0.03719,0.029932,0.035536,0.036995,0.023452,0.037783,0.04015,0.028817,0.030192,0.036162,0.032975,0.032184,0.036046,0.029343
0.034602,0.033657,0.042595,0.028478,0.028332,0.038398,0.029641,0.034133,0.032685,0.032097,0.039143,0.021155,0.036481,0.02256,0.032142,0.031169,0.028024,0.028008,0.027446,0.032754,0.034708,0.033984,0.032731,0.037945,0.022739,0.040257,0.032944,0.031683,0.031671,0.036494,0.034718,0.030919,0.029346,0.038655,0.032909,0.035603,0.030512,0.037189,0.031092,0.030868
0.035731,0.031095,0.039187,0.023303,0.041576,0.047729,0.035924,0.027185,0.035041,0.035039,0.034292,0.034883,0.024034,0.040124,0.032075,0.023023,0.023313,0.037759,0.033935,0.030452,0.034496,0.034573,0.034984,0.028933,0.032492,0.036172,0.037052,0.026852,0.030714,0.038416,0.034533,0.03395,0.030347,0.032958,0.035853,0.034651,0.032846,0.030793,0.033715,0.035004
0.034648,0.030993,0.035587,0.03124,0.033022,0.03535,0.03538,0.029756,0.033381,0.034041,0.031535,0.032119,0.041213,0.020925,0.022113,0.034601,0.033463,0.032709,0.034862,0.030516,0.036166,0.034942,0.03032,0.03247,0.035871,0.032456,0.032946,0.033818,0.034595,0.033106,0.027928,0.037173,0.030734,0.036245,0.035509,0.032812,0.026871,0.038365,0.03214,0.036721
0.028278,0.034061,0.035073,0.033789,0.032576,0.033069,0.039241,0.021906,0.04242,0.024641,0.038035,0.034797,0.034184,0.032012,0.027056,0.04523,0.024219,0.03907,0.034191,0.023313,0.039576,0.035026,0.032166,0.033032,0.033697,0.033378,0.035533,0.037087,0.024059,0.03651,0.035135,0.035069,0.027407,0.041991,0.028681,0.033372,0.030696,0.025254,0.029855,0.023942
0.037351,0.035261,0.034311,0.030505,0.039813,0.0242,0.037822,0.035088,0.030457,0.033831,0.03719,0.031248,0.030125,0.031491,0.036319,0.033758,0.034192,0.036698,0.02449,0.034235,0.042522,0.021058,0.039011,0.040144,0.022056,0.034637,0.03548,0.0329,0.036296,0.035272,0.032204,0.025374,0.041475,0.030116,0.032085,0.039187,0.026621,0.037287,0.034896,0.032172
