0.067592,0.066613,0.061003,0.054013,0.058631,0.056095,0.054919,0.05566,0.055667,0.055935,0.054255,0.05906,0.057884,0.056774,0.054864,0.066096,0.055192,0.056113,0.055705,0.054374,0.065589,0.056647,0.057168,0.057231,0.067396,0.061658,0.056566,0.064231,0.055574,0.062219,0.062119,0.059125,0.061604,0.055894,0.054854,0.055615,0.0577,0.055218,0.057907,0.057172
0.036463,0.036274,0.04565,0.036365,0.036394,0.040429,0.037162,0.036855,0.0373,0.036615,0.03727,0.037306,0.036686,0.03748,0.036519,0.036891,0.036768,0.037309,0.045159,0.039121,0.041072,0.057421,0.043771,0.037596,0.037541,0.038999,0.054158,0.047104,0.037513,0.041786,0.04037,0.038765,0.038512,0.040683,0.039487,0.0395,0.037813,0.037335,0.053917,0.038818
0.050607,0.033607,0.033853,0.033265,0.03265,0.032871,0.039052,0.041954,0.03358,0.041261,0.03437,0.034172,0.034282,0.04009,0.040947,0.039679,0.040929,0.035958,0.048895,0.0385,0.03696,0.033252,0.042339,0.043125,0.04364,0.047744,0.035137,0.053638,0.038503,0.035188,0.034623,0.04635,0.03325,0.033777,0.033384,0.033533,0.032997,0.034107,0.034837,0.034627
0.04287,0.055851,0.039201,0.036416,0.034688,0.031922,0.030107,0.033232,0.049502,0.038381,0.033431,0.030796,0.041859,0.037166,0.045174,0.036209,0.041799,0.033358,0.035157,0.042519,0.040003,0.049786,0.036745,0.034741,0.042106,0.03196,0.032977,0.033796,0.047152,0.039994,0.037958,0.0371,0.042049,0.031412,0.033077,0.031385,0.034067,0.032371,0.035794,0.031451
0.036264,0.044303,0.039402,0.034145,0.03781,0.033292,0.035211,0.037412,0.037063,0.048989,0.031108,0.053249,0.035807,0.030873,0.03164,0.032135,0.055951,0.031148,0.030624,0.040914,0.035615,0.044068,0.039139,0.032525,0.032195,0.031666,0.031861,0.031101,0.031529,0.030812,0.05342,0.031324,0.033406,0.041081,0.031219,0.032169,0.032308,0.031891,0.032225,0.042213
0.031144,0.03272,0.032511,0.031399,0.031413,0.030683,0.032129,0.035275,0.031031,0.03515,0.057692,0.039564,0.036346,0.037282,0.037518,0.052632,0.049823,0.040801,0.031367,0.034679,0.04107,0.031984,0.035104,0.032047,0.032732,0.031704,0.031467,0.031034,0.031224,0.031825,0.056621,0.031099,0.030496,0.03351,0.040551,0.033184,0.033981,0.03697,0.039238,0.037241
0.031211,0.03117,0.031658,0.034621,0.04541,0.040577,0.029755,0.032559,0.060667,0.036634,0.042402,0.030469,0.029641,0.03249,0.052719,0.03052,0.0532,0.032157,0.032179,0.035636,0.034487,0.031798,0.032148,0.040095,0.038993,0.041074,0.040303,0.031725,0.030839,0.030476,0.030678,0.032093,0.03841,0.030713,0.040635,0.031201,0.030663,0.029473,0.031164,0.056046
0.036909,0.030371,0.029151,0.032134,0.031881,0.055485,0.029861,0.054553,0.030283,0.032894,0.034203,0.031282,0.040584,0.031422,0.038567,0.044324,0.050927,0.029715,0.030702,0.032533,0.053703,0.03099,0.033609,0.033489,0.039891,0.030627,0.030051,0.030632,0.044271,0.031066,0.03071,0.030373,0.030943,0.034068,0.044295,0.04645,0.030502,0.029994,0.034352,0.04005
0.031127,0.040903,0.040607,0.030811,0.030855,0.035039,0.031072,0.044942,0.051263,0.040216,0.031686,0.031322,0.0539,0.030483,0.033056,0.032637,0.058853,0.031483,0.030077,0.030644,0.03205,0.041139,0.038199,0.044825,0.030079,0.030607,0.039751,0.030261,0.029851,0.036688,0.040164,0.043412,0.037454,0.030525,0.03297,0.030863,0.031832,0.033718,0.030384,0.050205
0.032728,0.051308,0.048328,0.048487,0.057294,0.031724,0.029651,0.049069,0.057999,0.029869,0.030341,0.049436,0.049091,0.037113,0.030565,0.058351,0.036999,0.045389,0.02939,0.030448,0.032723,0.054998,0.037618,0.036559,0.038088,0.035971,0.03078,0.050536,0.056258,0.032362,0.029759,0.049395,0.036512,0.037888,0.030545,0.029901,0.032494,0.03212,0.042351,0.031546
0.029938,0.033255,0.041692,0.04168,0.031777,0.045784,0.036974,0.040483,0.030432,0.030286,0.034913,0.032362,0.029609,0.031262,0.055727,0.033084,0.029408,0.041515,0.042111,0.030978,0.057397,0.031019,0.030496,0.049914,0.056386,0.030304,0.03111,0.031609,0.035573,0.03115,0.034108,0.038367,0.029822,0.030981,0.039763,0.03968,0.038085,0.03265,0.033443,0.035672
0.031599,0.032025,0.050735,0.036702,0.035941,0.029473,0.031219,0.04826,0.056005,0.037621,0.030145,0.029606,0.031285,0.032448,0.055747,0.03677,0.028937,0.029559,0.033671,0.052554,0.030343,0.038429,0.029583,0.031762,0.039479,0.029991,0.030233,0.036191,0.031192,0.051092,0.032364,0.03928,0.030553,0.03146,0.032223,0.038105,0.030202,0.051541,0.029985,0.041987
0.031684,0.029043,0.03771,0.031891,0.029238,0.031601,0.050415,0.040531,0.029513,0.029555,0.043017,0.030665,0.039497,0.031889,0.032418,0.030411,0.030681,0.03033,0.031342,0.035978,0.031268,0.038156,0.030006,0.030755,0.036364,0.030723,0.032372,0.033228,0.036474,0.033535,0.035851,0.036296,0.030148,0.029149,0.056491,0.029095,0.030602,0.036612,0.030318,0.035234
0.033784,0.03768,0.029199,0.034165,0.029722,0.033386,0.039281,0.036725,0.033041,0.030283,0.030111,0.031979,0.030751,0.035776,0.033354,0.032066,0.031509,0.037162,0.046963,0.062389,0.042854,0.03014,0.031286,0.056311,0.029792,0.035004,0.031564,0.031843,0.034947,0.032325,0.032516,0.034005,0.032378,0.031865,0.048809,0.057176,0.038082,0.037474,0.031826,0.04398
0.029338,0.029781,0.055391,0.028488,0.032811,0.037497,0.030371,0.041006,0.030074,0.030097,0.035282,0.029063,0.053846,0.048928,0.030833,0.051354,0.03244,0.040267,0.038225,0.044428,0.029303,0.030542,0.050817,0.035962,0.036145,0.02971,0.030258,0.048582,0.057599,0.037863,0.030499,0.030319,0.033421,0.029758,0.038368,0.033202,0.030802,0.037316,0.037048,0.045777
0.02973,0.039451,0.034264,0.041153,0.036739,0.029625,0.052485,0.055693,0.030115,0.03149,0.03863,0.030139,0.028936,0.031653,0.033809,0.038798,0.02919,0.033601,0.030726,0.035443,0.032415,0.031796,0.052817,0.031189,0.052425,0.036795,0.03666,0.030405,0.033601,0.029198,0.031747,0.032538,0.043312,0.030105,0.029874,0.030303,0.036142,0.03011,0.046024,0.045437
0.028973,0.036723,0.037061,0.046455,0.028583,0.031412,0.032299,0.051323,0.031624,0.058298,0.029221,0.030473,0.054162,0.029881,0.041095,0.03009,0.03023,0.030461,0.054582,0.029827,0.040419,0.029085,0.030703,0.038851,0.042241,0.048559,0.039628,0.031627,0.031741,0.033108,0.034025,0.034728,0.031174,0.032668,0.033413,0.052194,0.031809,0.052088,0.031192,0.039002
0.049008,0.028823,0.035233,0.030084,0.038801,0.029539,0.034499,0.03607,0.028704,0.038293,0.029395,0.036393,0.030116,0.044333,0.040279,0.031131,0.034546,0.052284,0.030712,0.03517,0.033499,0.032464,0.031463,0.03501,0.032372,0.035121,0.029853,0.060982,0.031262,0.03498,0.030248,0.030315,0.030695,0.03864,0.037533,0.035997,0.041223,0.030565,0.037346,0.034402
0.037039,0.030701,0.02988,0.02969,0.035141,0.039002,0.03029,0.032703,0.03022,0.032763,0.035898,0.029383,0.033798,0.040764,0.029164,0.031151,0.03277,0.03266,0.033332,0.041816,0.037409,0.046229,0.039601,0.037033,0.030177,0.039828,0.030517,0.029791,0.038836,0.037545,0.034621,0.029306,0.035307,0.029751,0.031165,0.030968,0.038431,0.028995,0.032159,0.052213
0.049523,0.036048,0.031319,0.031226,0.039267,0.028714,0.031458,0.03478,0.034132,0.036596,0.02873,0.039603,0.029368,0.030788,0.033703,0.033942,0.035609,0.039669,0.029934,0.03737,0.029596,0.036065,0.029934,0.029278,0.03181,0.05952,0.029118,0.036692,0.040924,0.032236,0.043949,0.030996,0.030521,0.029325,0.054008,0.029811,0.037443,0.029795,0.038223,0.030748
0.030396,0.032149,0.03774,0.033729,0.029862,0.031525,0.044076,0.037212,0.035906,0.033663,0.036966,0.030426,0.035584,0.029712,0.040181,0.036938,0.030166,0.030277,0.034713,0.029681,0.031659,0.035714,0.055961,0.029573,0.029864,0.046832,0.039122,0.037236,0.028797,0.030735,0.033713,0.038535,0.029311,0.031674,0.043282,0.031469,0.029579,0.029195,0.043336,0.029637
0.029369,0.030263,0.043374,0.029889,0.030134,0.030429,0.033219,0.036157,0.029912,0.035728,0.031952,0.036805,0.03354,0.030705,0.034654,0.029835,0.033836,0.032137,0.036336,0.030975,0.036421,0.030435,0.034757,0.040614,0.029762,0.03971,0.033937,0.039656,0.032613,0.032738,0.040152,0.031022,0.030435,0.032402,0.034425,0.032077,0.033644,0.038228,0.032179,0.031725
0.036479,0.029443,0.036255,0.037303,0.036097,0.036566,0.036257,0.036345,0.029224,0.034576,0.04062,0.028966,0.029494,0.039132,0.037768,0.030249,0.035463,0.029801,0.028624,0.052694,0.029545,0.032876,0.036486,0.030853,0.039894,0.034558,0.036794,0.042061,0.028454,0.034745,0.051893,0.03494,0.029533,0.032485,0.035963,0.030694,0.039844,0.030817,0.035243,0.029887
0.031909,0.044803,0.042392,0.030784,0.031107,0.043637,0.029867,0.029351,0.029751,0.03825,0.034851,0.028469,0.051957,0.030269,0.034631,0.03129,0.037304,0.0303,0.045631,0.041567,0.028996,0.036374,0.030654,0.032661,0.059756,0.029079,0.037281,0.028514,0.028911,0.044018,0.031533,0.029741,0.037491,0.028974,0.029376,0.039845,0.033989,0.028799,0.029806,0.032574
0.037088,0.033865,0.029053,0.042626,0.02884,0.02835,0.067661,0.034554,0.041371,0.030812,0.028586,0.032489,0.050325,0.038472,0.035177,0.030061,0.029273,0.041551,0.03111,0.029196,0.030283,0.038003,0.032244,0.030202,0.041794,0.032324,0.035257,0.030116,0.037146,0.030771,0.030886,0.035312,0.029448,0.030003,0.038891,0.029948,0.030092,0.040581,0.029285,0.03081
0.039474,0.036308,0.030389,0.032303,0.028705,0.037517,0.030011,0.034392,0.030122,0.0351,0.032294,0.038864,0.029034,0.036189,0.03572,0.037128,0.031174,0.029422,0.029335,0.053226,0.031618,0.030701,0.036718,0.030376,0.040002,0.041891,0.029799,0.03058,0.030441,0.029393,0.034679,0.029867,0.037043,0.038989,0.028205,0.031157,0.031705,0.032988,0.040183,0.036085
0.029953,0.044385,0.053651,0.037922,0.030133,0.029629,0.031632,0.0329,0.037903,0.029475,0.036515,0.030073,0.03425,0.037128,0.028902,0.040206,0.028578,0.038554,0.029313,0.041815,0.046918,0.028346,0.030257,0.041574,0.028384,0.030912,0.034821,0.033216,0.034003,0.030798,0.031618,0.054157,0.029679,0.036135,0.02996,0.037257,0.0433,0.04754,0.046636,0.029182
0.028923,0.038048,0.029636,0.049223,0.050148,0.055953,0.037109,0.029696,0.035382,0.037678,0.046205,0.029873,0.029082,0.043051,0.031554,0.030652,0.0298,0.044,0.037547,0.031444,0.030152,0.039869,0.03066,0.036889,0.030152,0.031983,0.043722,0.029168,0.028638,0.04961,0.038728,0.030011,0.032512,0.039459,0.029202,0.032786,0.030918,0.034313,0.032565,0.037953
0.028876,0.03311,0.039522,0.036867,0.031019,0.042815,0.032222,0.039118,0.029069,0.035325,0.030359,0.049736,0.039541,0.028973,0.04269,0.030834,0.02919,0.029526,0.034516,0.032158,0.037643,0.029006,0.033929,0.032911,0.031424,0.040964,0.030798,0.041853,0.043004,0.028791,0.036789,0.029851,0.043401,0.030527,0.029757,0.029633,0.054531,0.038513,0.030515,0.038362
0.028981,0.030781,0.029466,0.035791,0.041735,0.043756,0.039643,0.029879,0.02954,0.032225,0.032851,0.035721,0.037799,0.029512,0.030208,0.036307,0.030213,0.037544,0.029819,0.039316,0.029524,0.03609,0.037239,0.043334,0.030275,0.029313,0.035432,0.031622,0.057212,0.036876,0.041031,0.031259,0.032084,0.051321,0.03995,0.030007,0.029626,0.054543,0.048363,0.048569
0.04855,0.035043,0.031751,0.051657,0.049899,0.032434,0.03808,0.036546,0.029294,0.029574,0.039312,0.029664,0.029912,0.036469,0.034199,0.029839,0.047079,0.038991,0.038025,0.038065,0.031051,0.02943,0.029625,0.032654,0.031701,0.037454,0.030769,0.032802,0.035193,0.030938,0.033235,0.039887,0.036443,0.030367,0.028714,0.036448,0.038562,0.030064,0.029206,0.035368
0.029588,0.040592,0.029116,0.03146,0.028727,0.038835,0.035759,0.033722,0.033481,0.028817,0.030813,0.036945,0.047016,0.036938,0.041989,0.038663,0.048521,0.039302,0.028136,0.035662,0.029965,0.03216,0.038876,0.03118,0.032667,0.041532,0.039306,0.036943,0.031591,0.032598,0.035574,0.033642,0.030529,0.039272,0.041407,0.047608,0.030059,0.029732,0.030136,0.035718
0.029818,0.035355,0.031346,0.032836,0.057747,0.028254,0.030564,0.039518,0.030069,0.031211,0.031707,0.040934,0.028984,0.034892,0.031519,0.038074,0.035688,0.029335,0.046584,0.053146,0.033414,0.030183,0.033325,0.0322,0.034798,0.032983,0.034839,0.030527,0.04022,0.029163,0.030419,0.03788,0.03089,0.032484,0.031921,0.036331,0.036348,0.029946,0.030258,0.035788
0.030924,0.039519,0.036057,0.029697,0.029744,0.0385,0.029509,0.03115,0.034552,0.031021,0.040056,0.036297,0.029968,0.029643,0.049162,0.036444,0.031437,0.036931,0.029524,0.034856,0.036199,0.02906,0.032721,0.03684,0.028961,0.039184,0.029941,0.029808,0.033057,0.033685,0.038571,0.030711,0.04109,0.030632,0.028495,0.030988,0.032149,0.039612,0.034038,0.028699
0.040247,0.028983,0.032863,0.031115,0.032259,0.034242,0.034949,0.03034,0.034231,0.031846,0.042637,0.029052,0.028999,0.036096,0.031297,0.032376,0.05802,0.028692,0.030036,0.037235,0.039072,0.03,0.029225,0.031533,0.035217,0.031962,0.032168,0.034169,0.032213,0.035572,0.030958,0.035366,0.033624,0.039972,0.030025,0.029277,0.03808,0.030215,0.032229,0.03162
0.040228,0.030596,0.029457,0.039016,0.029588,0.039999,0.029316,0.028061,0.036583,0.030618,0.043033,0.035747,0.044455,0.029107,0.031,0.040768,0.028847,0.02982,0.036718,0.030771,0.031739,0.04084,0.036791,0.029791,0.028444,0.05047,0.04819,0.047674,0.038352,0.036025,0.034399,0.030209,0.038497,0.029571,0.034668,0.041165,0.044997,0.029722,0.030879,0.030565
0.033211,0.051709,0.04599,0.050568,0.05797,0.029342,0.034806,0.029038,0.041437,0.029682,0.038177,0.031034,0.029075,0.030962,0.03735,0.02949,0.042538,0.02959,0.030145,0.040961,0.029648,0.034344,0.035292,0.029626,0.03033,0.035436,0.029671,0.032009,0.054973,0.028404,0.036763,0.053717,0.032458,0.028806,0.032367,0.036657,0.032003,0.030136,0.035015,0.039135
0.037322,0.032121,0.029826,0.028817,0.040122,0.037182,0.03734,0.039477,0.028846,0.031387,0.041643,0.028787,0.029603,0.033725,0.050715,0.044446,0.03109,0.029176,0.038265,0.030014,0.029824,0.041666,0.030433,0.029003,0.029954,0.035443,0.038429,0.030365,0.034377,0.028733,0.031009,0.039323,0.032158,0.02994,0.039808,0.029676,0.030129,0.033479,0.038831,0.036687
0.036098,0.045528,0.029273,0.030183,0.034197,0.040015,0.029608,0.030188,0.035829,0.030368,0.040364,0.028864,0.040902,0.03927,0.03106,0.02916,0.036871,0.036039,0.036575,0.030051,0.030984,0.031298,0.030599,0.030192,0.031484,0.0439,0.036956,0.035357,0.030318,0.033027,0.032331,0.039294,0.033055,0.029713,0.032993,0.039736,0.038029,0.044948,0.035183,0.029745
0.030058,0.030271,0.033541,0.050825,0.056789,0.031084,0.029166,0.033831,0.032219,0.039443,0.029743,0.029371,0.041437,0.031065,0.030637,0.031363,0.033657,0.034239,0.036247,0.028982,0.032444,0.035957,0.031169,0.035825,0.048159,0.036669,0.030161,0.039346,0.029731,0.033704,0.030588,0.036436,0.031272,0.033314,0.036048,0.031538,0.034212,0.030384,0.030732,0.030696
