0.092784,0.078645,0.073917,0.09567,0.071237,0.075799,0.072277,0.074166,0.079836,0.072855,0.087805,0.072628,0.07095,0.081531,0.076664,0.078423,0.073222,0.083357,0.077719,0.079466,0.078239,0.085845,0.073391,0.082057,0.071835,0.089824,0.076126,0.07449,0.084246,0.087015,0.074356,0.084484,0.083059,0.084719,0.082306,0.077844,0.073983,0.084266,0.08051,0.080707
0.041206,0.039624,0.04673,0.047044,0.047647,0.041123,0.043535,0.039816,0.048343,0.04264,0.040543,0.040495,0.046323,0.040127,0.03883,0.040169,0.050459,0.040319,0.039899,0.041324,0.050191,0.055297,0.041616,0.038957,0.040294,0.040575,0.054804,0.054321,0.04094,0.051745,0.041352,0.040327,0.044499,0.042013,0.048842,0.041012,0.040482,0.050466,0.042871,0.057479
0.038315,0.038465,0.045486,0.042859,0.037257,0.039244,0.052725,0.051793,0.049696,0.036733,0.034734,0.039159,0.036065,0.033829,0.056218,0.033456,0.042852,0.033435,0.052106,0.037618,0.034496,0.037378,0.033491,0.043884,0.039118,0.035246,0.034598,0.04112,0.034907,0.04363,0.033518,0.05262,0.034247,0.033214,0.039495,0.039226,0.036642,0.053659,0.034075,0.039295
0.042031,0.038468,0.03272,0.03193,0.033946,0.034322,0.033959,0.036939,0.051575,0.04552,0.034484,0.041902,0.031623,0.036253,0.03109,0.030968,0.031561,0.030132,0.029923,0.036037,0.03937,0.030785,0.03023,0.049407,0.047064,0.035285,0.038325,0.032438,0.050427,0.030466,0.052069,0.050407,0.031528,0.036134,0.03195,0.034609,0.053248,0.036454,0.033135,0.036614
0.0396,0.036134,0.028333,0.031048,0.03136,0.036346,0.034935,0.031362,0.030565,0.03559,0.030643,0.037263,0.0554,0.037474,0.037692,0.034295,0.035929,0.040494,0.03973,0.035782,0.03492,0.035406,0.033563,0.031847,0.050632,0.029762,0.052966,0.032931,0.032166,0.052256,0.030955,0.045522,0.035978,0.039848,0.045737,0.045556,0.04284,0.031239,0.032005,0.034774
0.029864,0.032857,0.044459,0.038184,0.029401,0.035985,0.05353,0.028055,0.035143,0.029826,0.042678,0.035884,0.028829,0.030742,0.052981,0.035564,0.027856,0.029932,0.037084,0.029946,0.035286,0.032136,0.031046,0.042962,0.029323,0.053783,0.028633,0.029805,0.039456,0.035058,0.039775,0.033846,0.03648,0.042584,0.049216,0.03048,0.030069,0.0504,0.049477,0.047507
0.036058,0.047561,0.049558,0.031006,0.037718,0.048094,0.031731,0.037136,0.050403,0.029991,0.038855,0.04477,0.040575,0.027775,0.047633,0.033266,0.037835,0.036975,0.027595,0.047201,0.034445,0.031733,0.037003,0.050322,0.048767,0.030829,0.046875,0.030974,0.029382,0.028717,0.029323,0.035606,0.037,0.052541,0.028699,0.03125,0.038813,0.029579,0.040135,0.030614
0.032197,0.046963,0.0302,0.039572,0.031717,0.038919,0.027931,0.030053,0.038717,0.038896,0.035866,0.029406,0.037832,0.029543,0.02816,0.032455,0.053559,0.038755,0.029919,0.030072,0.02974,0.031415,0.035305,0.053177,0.034136,0.044891,0.04523,0.041231,0.03691,0.031336,0.03388,0.029309,0.047895,0.029828,0.038976,0.049657,0.029898,0.039792,0.037751,0.030464
0.032751,0.027688,0.032477,0.033991,0.032786,0.040191,0.033763,0.02774,0.044527,0.038656,0.047247,0.033303,0.04057,0.04575,0.032465,0.040588,0.048854,0.02912,0.032511,0.030192,0.039129,0.028443,0.032144,0.034771,0.031124,0.040486,0.049489,0.047919,0.04748,0.030362,0.040637,0.0409,0.030622,0.030542,0.031427,0.035135,0.030138,0.034192,0.029719,0.034107
0.036422,0.027052,0.032614,0.043919,0.027237,0.029885,0.037527,0.037147,0.044756,0.046809,0.04393,0.028539,0.045952,0.037239,0.047033,0.037259,0.028852,0.033933,0.034611,0.054444,0.027867,0.033599,0.03021,0.038219,0.051788,0.035628,0.030331,0.027742,0.036786,0.029439,0.029719,0.028785,0.027555,0.034642,0.047326,0.036243,0.047389,0.031977,0.037052,0.038271
0.034324,0.026644,0.035024,0.047623,0.048602,0.035561,0.048569,0.030724,0.038779,0.048323,0.04934,0.048762,0.031612,0.038925,0.028639,0.028694,0.027651,0.028382,0.035378,0.04348,0.042322,0.043731,0.039202,0.026879,0.029655,0.034599,0.028263,0.02758,0.052199,0.028014,0.037699,0.051282,0.037921,0.031154,0.031073,0.028266,0.036217,0.029946,0.037639,0.028767
0.028157,0.026627,0.042661,0.040098,0.047537,0.034857,0.029391,0.028084,0.028171,0.027254,0.041592,0.028497,0.032503,0.037294,0.049098,0.033101,0.036749,0.02689,0.035254,0.05434,0.037466,0.028156,0.049639,0.036704,0.033709,0.027473,0.043861,0.0423,0.027472,0.033917,0.039066,0.026806,0.036544,0.028347,0.02964,0.028703,0.027461,0.039786,0.038132,0.033755
0.027499,0.026525,0.035193,0.039242,0.051257,0.036187,0.035286,0.0291,0.029159,0.026918,0.038679,0.032352,0.029436,0.036383,0.045996,0.038748,0.047257,0.039596,0.026796,0.039426,0.042188,0.035875,0.03442,0.03089,0.030509,0.039108,0.029622,0.035285,0.051662,0.03718,0.030644,0.030432,0.03676,0.03011,0.045158,0.041931,0.027244,0.039046,0.031144,0.032851
0.032407,0.02898,0.045741,0.027513,0.04903,0.048747,0.030853,0.029991,0.026847,0.027966,0.032143,0.033984,0.032205,0.038339,0.031985,0.030228,0.035374,0.047315,0.035121,0.037214,0.029166,0.033164,0.034429,0.030518,0.036068,0.051928,0.047852,0.029787,0.039521,0.027986,0.036039,0.0296,0.039461,0.046126,0.037585,0.032481,0.028178,0.038782,0.046499,0.033343
0.032834,0.035638,0.051879,0.028353,0.037788,0.028686,0.036004,0.037897,0.028556,0.038864,0.02662,0.039627,0.035007,0.033204,0.026595,0.028198,0.041127,0.029554,0.030532,0.038924,0.048214,0.035978,0.029077,0.036748,0.0351,0.027829,0.040467,0.04741,0.047475,0.048778,0.040401,0.036604,0.030713,0.034555,0.03512,0.027364,0.028853,0.038299,0.05635,0.028059
0.029461,0.029392,0.037566,0.03768,0.0285,0.029504,0.038127,0.048095,0.030692,0.028334,0.025979,0.047186,0.036183,0.047705,0.051879,0.038251,0.031599,0.034994,0.027006,0.029326,0.043336,0.033731,0.027193,0.032824,0.035273,0.043399,0.046384,0.028434,0.048404,0.029357,0.038444,0.02929,0.042883,0.026673,0.049083,0.050003,0.030466,0.028414,0.027819,0.040897
0.027832,0.027089,0.03161,0.037437,0.034213,0.030635,0.036517,0.02766,0.037606,0.04173,0.027069,0.03036,0.029164,0.037606,0.029074,0.037956,0.03289,0.034949,0.028359,0.034836,0.038953,0.028321,0.028887,0.041436,0.029001,0.029547,0.029685,0.029078,0.03159,0.028011,0.040623,0.028766,0.030165,0.038385,0.033099,0.029943,0.041456,0.027763,0.029455,0.041841
0.030116,0.029231,0.037415,0.028518,0.037276,0.029972,0.034678,0.036673,0.029995,0.038465,0.038002,0.027716,0.028409,0.034629,0.033213,0.028837,0.042123,0.027569,0.038527,0.027814,0.037939,0.033755,0.035833,0.036263,0.026403,0.02931,0.039764,0.030867,0.029043,0.040251,0.027555,0.031372,0.037116,0.029569,0.037988,0.032727,0.032656,0.034317,0.034752,0.027535
0.039323,0.028325,0.037508,0.02811,0.040184,0.036324,0.03048,0.034376,0.026762,0.034681,0.031065,0.037866,0.035301,0.027141,0.03594,0.034107,0.033509,0.030872,0.035254,0.053205,0.032377,0.028664,0.037934,0.027973,0.038161,0.028823,0.036037,0.035643,0.028974,0.037719,0.028102,0.035416,0.032291,0.02815,0.027617,0.027275,0.028113,0.028228,0.028864,0.033017
0.032398,0.035394,0.028029,0.034103,0.027413,0.026277,0.03424,0.038686,0.027399,0.028934,0.039786,0.027931,0.036208,0.034006,0.03469,0.040829,0.027718,0.037659,0.036704,0.027816,0.028929,0.031713,0.035829,0.031187,0.028407,0.039002,0.028438,0.040561,0.026554,0.04228,0.028191,0.034409,0.029553,0.038989,0.029671,0.03603,0.032943,0.028418,0.032618,0.033845
0.027257,0.027759,0.052191,0.028198,0.035063,0.035996,0.02738,0.043834,0.026579,0.02758,0.040438,0.035498,0.027227,0.035749,0.035493,0.028702,0.033684,0.030135,0.044785,0.026324,0.032471,0.031569,0.036147,0.029107,0.040766,0.028091,0.031398,0.038541,0.029484,0.035162,0.035032,0.034122,0.028905,0.03596,0.029687,0.036732,0.035665,0.028376,0.036983,0.031593
0.029656,0.040071,0.028526,0.039583,0.02674,0.035568,0.033343,0.030725,0.035262,0.036089,0.046982,0.03708,0.02895,0.035286,0.033372,0.030581,0.036514,0.033761,0.028647,0.029217,0.028239,0.028452,0.030437,0.029333,0.026886,0.028339,0.027534,0.027256,0.028465,0.028253,0.02816,0.028454,0.028569,0.027234,0.027698,0.030048,0.02817,0.028812,0.028202,0.033716
0.033569,0.029412,0.027687,0.028733,0.036578,0.029436,0.028504,0.040801,0.028162,0.029669,0.027849,0.02758,0.028141,0.027057,0.027723,0.033568,0.031904,0.037885,0.030867,0.031641,0.037092,0.029981,0.03101,0.028617,0.02648,0.029851,0.034173,0.039006,0.032535,0.028678,0.033545,0.033071,0.028762,0.036338,0.029152,0.026908,0.02812,0.02777,0.02666,0.027074
0.0376,0.030083,0.038102,0.028095,0.037638,0.030004,0.038989,0.028777,0.032579,0.035257,0.027489,0.027837,0.026212,0.028154,0.027434,0.027382,0.039955,0.026359,0.030503,0.04335,0.033324,0.033427,0.029734,0.028403,0.038342,0.048827,0.048525,0.0361,0.02965,0.034061,0.032677,0.036098,0.030447,0.028276,0.028316,0.033146,0.027643,0.036568,0.028699,0.040924
0.034025,0.027208,0.040443,0.027244,0.034848,0.049017,0.035576,0.027565,0.034487,0.033039,0.033159,0.043483,0.02705,0.029184,0.043086,0.027142,0.028547,0.036863,0.030839,0.035479,0.032484,0.032979,0.030569,0.038887,0.036073,0.02816,0.039335,0.028049,0.036092,0.03567,0.027017,0.032667,0.043306,0.027773,0.027994,0.040438,0.032293,0.02766,0.039664,0.02821
0.030061,0.027797,0.027229,0.02856,0.038344,0.030622,0.0367,0.029512,0.03875,0.027774,0.034533,0.033371,0.048181,0.027471,0.02674,0.030124,0.032763,0.034398,0.033549,0.037588,0.031457,0.030647,0.037746,0.027061,0.038627,0.032138,0.034395,0.03003,0.035501,0.035491,0.031183,0.035597,0.028128,0.038014,0.02811,0.035652,0.041093,0.045083,0.029638,0.039063
0.030345,0.034985,0.028853,0.032148,0.038101,0.032225,0.040867,0.032887,0.026387,0.038767,0.026642,0.031324,0.038685,0.027055,0.037682,0.028662,0.039272,0.027058,0.038898,0.028541,0.042122,0.029602,0.027602,0.040109,0.03217,0.034782,0.047928,0.028974,0.041101,0.026505,0.03707,0.038139,0.032944,0.027454,0.033797,0.031566,0.037495,0.034881,0.027341,0.028514
0.027716,0.026311,0.034454,0.037354,0.03498,0.026682,0.038127,0.033165,0.028527,0.037171,0.031662,0.029591,0.040321,0.027835,0.034998,0.029623,0.043148,0.026468,0.03488,0.047343,0.034286,0.034993,0.031349,0.030886,0.037072,0.033783,0.031842,0.032943,0.034383,0.037482,0.026443,0.039289,0.035278,0.028573,0.032264,0.033277,0.034786,0.040585,0.026948,0.041876
0.026461,0.026591,0.038764,0.035879,0.025678,0.041713,0.02735,0.034003,0.034864,0.047345,0.037165,0.041651,0.02743,0.027064,0.031081,0.038289,0.03121,0.037791,0.027118,0.040468,0.032354,0.026751,0.027972,0.027593,0.029032,0.041641,0.027488,0.028997,0.044601,0.02733,0.029809,0.043194,0.028275,0.027739,0.035366,0.028902,0.028409,0.027574,0.033222,0.034317
0.029469,0.034783,0.029867,0.038822,0.028079,0.038335,0.031554,0.041552,0.036157,0.026068,0.035548,0.026653,0.033667,0.035638,0.031145,0.032817,0.034715,0.031424,0.039105,0.037481,0.040182,0.0269,0.026575,0.028937,0.035507,0.032157,0.03476,0.032507,0.035255,0.033175,0.036108,0.027679,0.035761,0.033026,0.031144,0.028457,0.027414,0.029557,0.030335,0.036771
0.033858,0.028711,0.027931,0.033698,0.035754,0.027332,0.03337,0.027705,0.030242,0.039749,0.036103,0.026928,0.033872,0.029741,0.043944,0.026145,0.034478,0.033507,0.029361,0.038966,0.038078,0.034269,0.033593,0.031474,0.027396,0.039522,0.026742,0.035563,0.032539,0.030763,0.034418,0.029742,0.045355,0.026748,0.038565,0.030804,0.028281,0.033713,0.0323,0.033731
0.031737,0.037314,0.0312,0.033622,0.033547,0.030669,0.039057,0.048893,0.029766,0.034013,0.030898,0.045359,0.025747,0.029933,0.035686,0.040811,0.026552,0.036586,0.027929,0.034008,0.033125,0.039151,0.02614,0.034465,0.034216,0.032086,0.027844,0.026011,0.035934,0.033802,0.026437,0.033752,0.036658,0.03321,0.038254,0.035859,0.027736,0.029786,0.030782,0.028243
0.02672,0.029613,0.031181,0.04383,0.027075,0.03086,0.04474,0.026972,0.027833,0.038824,0.027676,0.034931,0.030381,0.037879,0.034114,0.028124,0.036147,0.030013,0.04075,0.041547,0.027394,0.026591,0.037019,0.028839,0.037153,0.028995,0.028849,0.028225,0.027383,0.029112,0.029476,0.026838,0.029129,0.029897,0.0271,0.034607,0.027423,0.029322,0.028918,0.027134
0.028194,0.029141,0.028208,0.030653,0.032876,0.03518,0.027493,0.028143,0.026631,0.028213,0.033497,0.027665,0.03349,0.040108,0.027892,0.026321,0.028687,0.035521,0.030682,0.038278,0.032796,0.03025,0.035489,0.041594,0.037834,0.0277,0.027867,0.031397,0.029798,0.039931,0.027859,0.03597,0.03507,0.028178,0.041462,0.035468,0.026926,0.035253,0.027665,0.039478
0.033357,0.031969,0.038517,0.042093,0.03755,0.035094,0.026886,0.034604,0.031856,0.038882,0.055207,0.026286,0.027215,0.04125,0.028363,0.039446,0.026986,0.033358,0.032306,0.036389,0.030325,0.036678,0.029548,0.036758,0.029193,0.029317,0.027099,0.038928,0.027,0.027949,0.028009,0.02663,0.027644,0.03396,0.027333,0.026787,0.029432,0.027414,0.026443,0.028569
0.039408,0.028471,0.027386,0.033131,0.025735,0.029013,0.041331,0.035133,0.035011,0.036128,0.026606,0.026495,0.040594,0.026749,0.034693,0.035664,0.038012,0.028732,0.033047,0.034505,0.036537,0.027128,0.034657,0.030194,0.028683,0.027561,0.027674,0.039282,0.034962,0.027836,0.03547,0.028957,0.034114,0.038805,0.028038,0.033254,0.034864,0.035852,0.027984,0.039737
0.0331,0.027559,0.040021,0.029159,0.029652,0.039805,0.027704,0.041311,0.051563,0.025853,0.034314,0.035873,0.028264,0.036341,0.028457,0.046037,0.032124,0.026432,0.028973,0.036682,0.036896,0.027212,0.035368,0.033109,0.03343,0.033937,0.033562,0.033589,0.034588,0.029907,0.040468,0.034704,0.025912,0.033047,0.03923,0.028195,0.029594,0.037675,0.032107,0.039615
0.02777,0.033986,0.029087,0.041172,0.034278,0.025883,0.033645,0.041056,0.026755,0.03318,0.030339,0.040022,0.053746,0.026542,0.033976,0.029744,0.028028,0.027287,0.031508,0.034096,0.029739,0.037091,0.051333,0.030006,0.040264,0.026296,0.034522,0.038555,0.035701,0.026878,0.029022,0.039074,0.028584,0.036845,0.033373,0.029013,0.038433,0.031204,0.030903,0.029678
0.027852,0.028412,0.034145,0.027341,0.042469,0.026677,0.036299,0.034138,0.029762,0.036856,0.04543,0.037314,0.031011,0.03495,0.029276,0.035502,0.034489,0.034678,0.038544,0.034341,0.026963,0.028912,0.039627,0.034379,0.03399,0.026686,0.039562,0.042823,0.037746,0.03004,0.036577,0.036086,0.03169,0.030918,0.031722,0.035631,0.031268,0.037151,0.030064,0.035463
0.032945,0.029633,0.034151,0.036738,0.032565,0.032727,0.033813,0.029087,0.040012,0.030882,0.039694,0.03027,0.03487,0.026532,0.036705,0.046669,0.033911,0.042457,0.032592,0.034584,0.027006,0.029127,0.039349,0.02686,0.040202,0.032979,0.03473,0.026362,0.028278,0.028374,0.026467,0.035882,0.029187,0.027077,0.026005,0.034464,0.029566,0.039825,0.040263,0.031203
