0.053075,0.04041,0.034872,0.037113,0.032848,0.032088,0.041413,0.040548,0.03432,0.032864,0.035143,0.032904,0.032181,0.036077,0.034481,0.050213,0.052432,0.047123,0.050276,0.052696,0.034765,0.034591,0.034787,0.039826,0.041014,0.039212,0.034956,0.037975,0.039889,0.045404,0.034347,0.053538,0.039807,0.034413,0.033613,0.034201,0.035364,0.05459,0.046623,0.05389
0.027383,0.040794,0.034168,0.032799,0.032027,0.030599,0.039956,0.046278,0.030267,0.039326,0.029541,0.036168,0.028247,0.037173,0.035577,0.048367,0.048461,0.051264,0.027115,0.03975,0.046078,0.02576,0.023987,0.038585,0.030814,0.026584,0.025758,0.028251,0.024924,0.032149,0.028801,0.034373,0.033404,0.026584,0.023972,0.025044,0.03216,0.024509,0.025808,0.023764
0.022834,0.022142,0.035946,0.035963,0.040907,0.04414,0.029697,0.033052,0.035879,0.031658,0.034602,0.048771,0.034788,0.048685,0.049168,0.034761,0.048775,0.035507,0.041807,0.04171,0.048751,0.048666,0.033847,0.050346,0.034717,0.041636,0.042994,0.025861,0.038976,0.035243,0.026154,0.040839,0.029296,0.038595,0.041923,0.044726,0.022956,0.037882,0.033932,0.036037
0.024612,0.040535,0.046944,0.047431,0.037288,0.0489,0.035226,0.046359,0.035724,0.047871,0.03314,0.040389,0.025022,0.042681,0.021412,0.03891,0.040302,0.037339,0.04624,0.025793,0.032128,0.036631,0.029674,0.030135,0.021273,0.026796,0.020827,0.025248,0.025395,0.032856,0.034609,0.033214,0.036667,0.031676,0.047277,0.029378,0.035219,0.037197,0.033822,0.033377
0.047248,0.034242,0.049447,0.034979,0.045769,0.044473,0.024004,0.033434,0.034643,0.046846,0.037154,0.033762,0.04628,0.036428,0.033633,0.027284,0.036509,0.036294,0.048325,0.034114,0.048853,0.03676,0.030762,0.036274,0.043177,0.03554,0.040896,0.043196,0.035935,0.033826,0.046424,0.020368,0.038367,0.035524,0.021031,0.021161,0.029509,0.02116,0.038242,0.021227
0.035691,0.035853,0.03589,0.0505,0.043172,0.035621,0.037153,0.027191,0.042508,0.024934,0.036218,0.034879,0.051604,0.047257,0.036038,0.045905,0.037558,0.043028,0.037412,0.048406,0.029889,0.040526,0.041366,0.035084,0.034987,0.038921,0.034219,0.040126,0.040607,0.026155,0.019761,0.020234,0.033924,0.026241,0.023893,0.034829,0.030257,0.021381,0.023264,0.039656
0.048801,0.037957,0.043758,0.037562,0.03394,0.035695,0.032887,0.042683,0.034877,0.039216,0.02983,0.029815,0.037787,0.031751,0.047935,0.035847,0.048175,0.051166,0.037243,0.052345,0.039393,0.037138,0.047935,0.023525,0.031366,0.032739,0.032035,0.048032,0.037101,0.048258,0.032352,0.049128,0.03428,0.03621,0.025388,0.038669,0.03543,0.031553,0.049872,0.03149
0.037241,0.041901,0.042609,0.022354,0.034737,0.035171,0.034497,0.036021,0.031967,0.035993,0.048326,0.04912,0.034357,0.048529,0.02879,0.034627,0.035863,0.033896,0.033267,0.030828,0.033691,0.041577,0.041733,0.036112,0.034927,0.047862,0.034614,0.049221,0.031619,0.037448,0.043164,0.024451,0.045324,0.02104,0.033155,0.0305,0.03393,0.034794,0.049018,0.034315
0.048196,0.049143,0.041219,0.020471,0.042166,0.055675,0.021252,0.035106,0.034565,0.034633,0.049737,0.04889,0.035417,0.047977,0.040696,0.019697,0.038765,0.034204,0.034976,0.04833,0.034764,0.048663,0.035631,0.048482,0.048591,0.034411,0.033111,0.030798,0.033328,0.034949,0.028385,0.035427,0.035131,0.034581,0.030956,0.034759,0.032329,0.034327,0.035494,0.025916
0.035801,0.035112,0.035344,0.034505,0.048377,0.035247,0.048377,0.035449,0.041288,0.042884,0.030063,0.031618,0.036364,0.034425,0.047499,0.035756,0.033917,0.044904,0.01969,0.036963,0.045988,0.034671,0.040771,0.044438,0.046807,0.028376,0.035727,0.034466,0.035053,0.034422,0.048993,0.026688,0.04325,0.048352,0.049225,0.048936,0.034111,0.030662,0.033424,0.034933
0.040937,0.020591,0.036697,0.034575,0.033331,0.035997,0.047877,0.033512,0.035617,0.041943,0.04264,0.048615,0.040984,0.035005,0.036778,0.034592,0.035444,0.047288,0.037243,0.047226,0.033878,0.049191,0.034981,0.046046,0.037145,0.050269,0.033464,0.042497,0.035956,0.033833,0.03554,0.036018,0.033462,0.028669,0.040183,0.04169,0.036355,0.035916,0.04672,0.033146
0.030314,0.035038,0.033986,0.035913,0.029455,0.039027,0.041895,0.0359,0.020243,0.029585,0.040535,0.04348,0.039604,0.042236,0.035519,0.035056,0.03477,0.047669,0.035181,0.04898,0.035158,0.028692,0.041213,0.023917,0.038771,0.048116,0.036029,0.048512,0.035178,0.047728,0.033865,0.032692,0.03162,0.034744,0.035945,0.047499,0.03047,0.039567,0.041536,0.036474
0.034686,0.034285,0.04842,0.034545,0.03392,0.032802,0.031908,0.034112,0.034826,0.049001,0.035654,0.047822,0.034521,0.031858,0.031526,0.034845,0.034752,0.048876,0.035868,0.03049,0.027702,0.039137,0.034965,0.048467,0.034484,0.032013,0.030788,0.035395,0.035863,0.047469,0.035113,0.049,0.034903,0.048643,0.034599,0.04859,0.034869,0.049161,0.028817,0.019996
0.035596,0.034872,0.029281,0.033998,0.033074,0.038466,0.04446,0.035415,0.047886,0.020089,0.033174,0.032972,0.034125,0.042121,0.035056,0.042215,0.028715,0.052412,0.042994,0.035855,0.034507,0.033535,0.035948,0.040928,0.03677,0.040761,0.041463,0.042715,0.037044,0.037351,0.025738,0.022788,0.03813,0.034485,0.048474,0.034661,0.049331,0.027248,0.042596,0.028858
0.034244,0.040843,0.04227,0.032532,0.029844,0.036204,0.035143,0.034481,0.034418,0.026074,0.042924,0.047837,0.049122,0.04301,0.036047,0.034464,0.034676,0.040696,0.027309,0.050383,0.048613,0.035984,0.028209,0.040525,0.025647,0.036838,0.048565,0.033091,0.037369,0.040147,0.043765,0.029179,0.033655,0.034758,0.048662,0.035186,0.047934,0.03572,0.048338,0.049123
0.035104,0.04745,0.041777,0.019663,0.037748,0.034651,0.032759,0.034921,0.029877,0.035917,0.035259,0.046949,0.035919,0.047837,0.03519,0.048932,0.034065,0.048974,0.028125,0.035305,0.034699,0.035425,0.03456,0.048663,0.027837,0.035852,0.034505,0.034864,0.034986,0.04791,0.034411,0.049169,0.030221,0.040454,0.040124,0.043858,0.030554,0.0314,0.03496,0.048633
0.03604,0.039655,0.043402,0.033671,0.042416,0.04101,0.041799,0.042114,0.042173,0.043178,0.029047,0.033984,0.032541,0.050197,0.03328,0.035899,0.027561,0.035844,0.035066,0.035918,0.027762,0.038095,0.031216,0.031573,0.037743,0.028366,0.035358,0.035802,0.027734,0.034648,0.033836,0.034173,0.033031,0.029881,0.03497,0.034885,0.033978,0.034682,0.02947,0.035199
0.032969,0.049017,0.035495,0.025473,0.037006,0.042735,0.047765,0.031142,0.031311,0.033944,0.032789,0.037877,0.027447,0.037563,0.034374,0.027789,0.041105,0.021667,0.034198,0.035707,0.035263,0.034423,0.054368,0.041687,0.035787,0.034545,0.034642,0.031756,0.031449,0.035401,0.03362,0.033486,0.029523,0.019368,0.036158,0.033557,0.02776,0.02001,0.029481,0.026227
0.025481,0.034326,0.019737,0.030851,0.033273,0.034298,0.02895,0.03459,0.029739,0.038226,0.035649,0.03483,0.030735,0.032873,0.034038,0.032184,0.031046,0.035374,0.034307,0.033335,0.03401,0.031087,0.034776,0.034338,0.032644,0.029672,0.041695,0.041963,0.04138,0.033601,0.022028,0.036612,0.035278,0.040349,0.02089,0.035606,0.035157,0.040135,0.029376,0.033331
0.030454,0.033657,0.036711,0.030811,0.029436,0.035069,0.04158,0.028878,0.034367,0.02681,0.035484,0.036435,0.047516,0.035642,0.035713,0.034869,0.022705,0.038546,0.036166,0.036558,0.024734,0.034762,0.03672,0.034791,0.029982,0.038153,0.034993,0.023476,0.037301,0.034406,0.031175,0.035352,0.035593,0.031876,0.030465,0.03383,0.033988,0.032352,0.036705,0.030748
0.033613,0.033098,0.033313,0.030617,0.035984,0.03472,0.034653,0.030367,0.032693,0.034234,0.028237,0.034115,0.035819,0.040934,0.025437,0.031558,0.040715,0.02725,0.037347,0.032478,0.030559,0.034845,0.035046,0.034165,0.03265,0.032307,0.031617,0.019601,0.032101,0.032509,0.036302,0.047783,0.034221,0.035093,0.030006,0.033764,0.033624,0.028118,0.035548,0.023915
0.025144,0.040525,0.034473,0.03563,0.022001,0.034314,0.024179,0.028071,0.020143,0.02042,0.024467,0.019593,0.019863,0.019957,0.025753,0.019827,0.020147,0.026773,0.019498,0.020775,0.024354,0.019584,0.020253,0.020208,0.025089,0.020168,0.020824,0.027414,0.020588,0.026023,0.019421,0.020017,0.034331,0.034538,0.025894,0.019199,0.027762,0.025642,0.028333,0.018877
0.01996,0.021015,0.02893,0.020487,0.020121,0.018544,0.019998,0.019919,0.020293,0.022208,0.027831,0.023662,0.01993,0.019704,0.01997,0.021174,0.030243,0.021252,0.019894,0.019549,0.028983,0.019887,0.029437,0.019652,0.020642,0.024172,0.025887,0.026224,0.0397,0.040961,0.03633,0.035926,0.031818,0.034849,0.02925,0.035277,0.034926,0.033208,0.036435,0.041848
0.034629,0.035103,0.034894,0.034729,0.032206,0.031057,0.034914,0.034238,0.033715,0.032605,0.030963,0.035671,0.037034,0.030329,0.037328,0.027391,0.035662,0.032891,0.030371,0.033878,0.035294,0.033193,0.030678,0.019607,0.027504,0.035578,0.034329,0.034686,0.036815,0.031308,0.034297,0.029503,0.037223,0.032912,0.03553,0.031565,0.031172,0.035019,0.048716,0.034039
0.048986,0.02834,0.034685,0.035843,0.034711,0.034119,0.035901,0.03002,0.031241,0.037123,0.033152,0.031434,0.031736,0.035168,0.03465,0.036086,0.031091,0.034417,0.031685,0.048078,0.035348,0.034335,0.031702,0.030339,0.041482,0.021322,0.042782,0.027335,0.029981,0.040909,0.034307,0.028732,0.034945,0.034407,0.033022,0.034961,0.027865,0.039993,0.032804,0.031634
0.019331,0.037382,0.020745,0.022428,0.026326,0.022588,0.020068,0.024897,0.026574,0.027185,0.024415,0.025676,0.021124,0.026304,0.020432,0.020093,0.02063,0.022295,0.018503,0.02533,0.02151,0.018715,0.018573,0.019922,0.02634,0.026584,0.028952,0.028146,0.026346,0.025737,0.019448,0.020022,0.020179,0.032109,0.026485,0.019755,0.028165,0.018743,0.038033,0.048579
0.03267,0.031707,0.034565,0.032485,0.032728,0.031196,0.035683,0.033801,0.035197,0.030663,0.031567,0.036002,0.034062,0.049578,0.049017,0.033591,0.029719,0.034489,0.034986,0.03383,0.028559,0.035378,0.040616,0.029639,0.032938,0.035385,0.035957,0.023498,0.039005,0.032358,0.035335,0.033631,0.030469,0.034095,0.035205,0.03311,0.031573,0.034976,0.027534,0.033458
0.037016,0.032576,0.028657,0.041982,0.029772,0.039113,0.022758,0.041213,0.027707,0.035531,0.020097,0.028708,0.020171,0.026371,0.024298,0.019785,0.02627,0.023093,0.025695,0.019313,0.020415,0.032607,0.020962,0.032146,0.025837,0.019815,0.020131,0.027042,0.024434,0.022046,0.024402,0.020305,0.023413,0.019192,0.0371,0.029234,0.020029,0.027889,0.024822,0.025161
0.034438,0.024523,0.021931,0.018969,0.022232,0.023087,0.019952,0.018859,0.019756,0.020207,0.022303,0.029391,0.024981,0.020175,0.019848,0.019454,0.029994,0.028121,0.020425,0.019575,0.031907,0.027775,0.020143,0.033104,0.033103,0.020345,0.027045,0.032566,0.035636,0.034898,0.032623,0.042863,0.023184,0.040086,0.020639,0.040981,0.036167,0.024636,0.037206,0.033478
0.036787,0.041099,0.037532,0.039827,0.023495,0.039466,0.029504,0.033269,0.041713,0.04251,0.03554,0.026143,0.042881,0.041908,0.034224,0.036047,0.035213,0.033729,0.028255,0.041714,0.032031,0.029958,0.035326,0.032664,0.037083,0.024963,0.038055,0.029381,0.03498,0.034266,0.034573,0.032945,0.035564,0.03089,0.032934,0.036207,0.047744,0.034637,0.028719,0.034727
0.040517,0.042017,0.034872,0.035242,0.048945,0.027632,0.041937,0.029381,0.033589,0.03372,0.029179,0.035223,0.034578,0.033871,0.02932,0.034327,0.035139,0.031541,0.019316,0.03304,0.035084,0.035058,0.03554,0.027823,0.033419,0.018902,0.031256,0.029757,0.025677,0.023313,0.038884,0.035894,0.032682,0.029433,0.034133,0.034683,0.033032,0.034743,0.028771,0.036472
0.041735,0.041902,0.035092,0.033561,0.049595,0.049341,0.048946,0.035057,0.033701,0.03027,0.038983,0.034834,0.022605,0.041301,0.041631,0.035289,0.034027,0.035796,0.034266,0.029691,0.033481,0.03554,0.026935,0.038557,0.034739,0.032834,0.033682,0.034734,0.04843,0.035633,0.034757,0.024014,0.045539,0.029752,0.031341,0.033429,0.03787,0.030043,0.030191,0.037791
0.024405,0.038951,0.034116,0.032682,0.034049,0.034596,0.051663,0.037809,0.039299,0.035392,0.034917,0.049557,0.033852,0.02977,0.03363,0.041231,0.041857,0.028083,0.042051,0.02847,0.035045,0.03946,0.042791,0.033673,0.036789,0.032084,0.031049,0.033949,0.04174,0.029048,0.031639,0.031373,0.034391,0.035303,0.031783,0.031142,0.033891,0.019782,0.030888,0.039113
0.023675,0.031346,0.036782,0.039963,0.027915,0.03716,0.034366,0.030383,0.038458,0.027405,0.027403,0.036894,0.034478,0.035416,0.034245,0.030054,0.032519,0.035899,0.034557,0.03334,0.032774,0.03132,0.035339,0.0331,0.050259,0.028317,0.034894,0.035382,0.033851,0.034094,0.049546,0.035067,0.034356,0.027264,0.04217,0.041555,0.042373,0.026452,0.035548,0.031934
0.034764,0.032244,0.019952,0.027082,0.025291,0.022975,0.043805,0.032979,0.031263,0.028439,0.033523,0.03513,0.03332,0.030955,0.033426,0.03532,0.034242,0.033844,0.042441,0.040943,0.033399,0.030345,0.035269,0.029099,0.033499,0.035642,0.034148,0.033758,0.031997,0.030242,0.036538,0.034757,0.033664,0.031532,0.03975,0.024667,0.040203,0.028443,0.032062,0.035403
0.034099,0.028695,0.041146,0.02865,0.03363,0.038209,0.027267,0.033284,0.04023,0.021424,0.043327,0.029179,0.031365,0.036104,0.0285,0.035278,0.034613,0.034177,0.035432,0.033617,0.049682,0.048155,0.028456,0.041683,0.029925,0.039282,0.042807,0.035348,0.034124,0.029354,0.034413,0.034897,0.035261,0.034913,0.035958,0.024733,0.036737,0.0344,0.036451,0.029259
0.032963,0.034058,0.034416,0.035387,0.02684,0.036092,0.03427,0.026974,0.019161,0.019563,0.019567,0.030631,0.020196,0.028513,0.036213,0.032071,0.032005,0.034726,0.048608,0.028042,0.035646,0.034232,0.040931,0.040789,0.037404,0.034138,0.032667,0.034615,0.032949,0.033697,0.034728,0.031791,0.030794,0.034924,0.03449,0.033431,0.027783,0.031914,0.039708,0.046399
0.035497,0.029456,0.034522,0.040161,0.028003,0.035481,0.029313,0.035071,0.035175,0.036534,0.030299,0.03725,0.027701,0.03499,0.034002,0.049596,0.032977,0.034639,0.031624,0.032622,0.036859,0.047492,0.033858,0.034846,0.04027,0.037428,0.035544,0.035143,0.033217,0.048754,0.036672,0.025883,0.036059,0.034938,0.034629,0.032727,0.029735,0.034606,0.035483,0.03463
0.048445,0.041875,0.01938,0.037595,0.027483,0.03417,0.036737,0.020306,0.033406,0.032417,0.03143,0.018853,0.033206,0.031327,0.019072,0.029869,0.019623,0.019608,0.020464,0.026957,0.021997,0.028794,0.026881,0.025908,0.02761,0.032697,0.036354,0.033391,0.04903,0.035485,0.029403,0.033972,0.034902,0.034354,0.029832,0.032147,0.035597,0.035143,0.033668,0.02082
0.025205,0.019059,0.020827,0.026146,0.020125,0.020543,0.026526,0.019513,0.019553,0.02005,0.02551,0.024566,0.02395,0.018602,0.018733,0.019167,0.020221,0.022511,0.018707,0.019566,0.02156,0.02615,0.020162,0.024077,0.025658,0.020104,0.026377,0.020261,0.021048,0.028839,0.031249,0.031369,0.035294,0.035532,0.028404,0.028709,0.018763,0.034281,0.035764,0.034894
