0.059605,0.042695,0.038285,0.044223,0.051002,0.04869,0.047689,0.0462,0.040687,0.048438,0.044303,0.043119,0.042121,0.037521,0.050692,0.047976,0.051696,0.051194,0.048452,0.051594,0.046191,0.047984,0.036775,0.037854,0.038091,0.042623,0.045877,0.038127,0.048216,0.053933,0.042691,0.043614,0.043338,0.041618,0.046283,0.038371,0.038109,0.040085,0.043009,0.037256
0.03923,0.046139,0.044047,0.043112,0.040244,0.037361,0.031115,0.037766,0.0519,0.025733,0.039372,0.042657,0.041801,0.043,0.033716,0.036057,0.039769,0.043091,0.036735,0.047216,0.036056,0.033639,0.0356,0.022886,0.038638,0.02496,0.0265,0.034283,0.047304,0.024596,0.023648,0.035705,0.033925,0.035599,0.025472,0.038418,0.030722,0.03814,0.027565,0.035876
0.032168,0.032773,0.034376,0.032179,0.035262,0.032834,0.033792,0.034603,0.029765,0.039724,0.020909,0.036689,0.037117,0.037509,0.04175,0.036745,0.0355,0.034624,0.027238,0.020755,0.028862,0.03323,0.036017,0.034589,0.021831,0.022723,0.03831,0.028841,0.04144,0.041448,0.041938,0.040539,0.04005,0.031326,0.029143,0.036514,0.03334,0.033021,0.039266,0.025033
0.033294,0.041255,0.041092,0.032422,0.029774,0.024179,0.033246,0.035146,0.033701,0.030945,0.033282,0.03634,0.035178,0.024946,0.037823,0.039388,0.041982,0.035365,0.035504,0.027356,0.041641,0.047691,0.031068,0.033954,0.037877,0.030944,0.027642,0.043729,0.03968,0.019096,0.035086,0.031428,0.039796,0.020833,0.044155,0.046908,0.037961,0.048707,0.026028,0.033233
0.035727,0.034418,0.028164,0.019068,0.036296,0.032257,0.031654,0.034116,0.040573,0.028902,0.031129,0.032566,0.033774,0.03493,0.029243,0.033769,0.034998,0.04066,0.023927,0.034156,0.035289,0.026585,0.041995,0.031241,0.037363,0.026536,0.036713,0.034035,0.033805,0.029116,0.035564,0.032638,0.036039,0.033331,0.031572,0.035309,0.027751,0.034555,0.035373,0.033941
0.034876,0.034114,0.030002,0.03418,0.036462,0.023612,0.021969,0.035951,0.032261,0.030562,0.033146,0.037063,0.033253,0.0358,0.041527,0.04201,0.028078,0.037818,0.034211,0.028794,0.03148,0.040387,0.026205,0.037511,0.032466,0.028964,0.037428,0.035708,0.0467,0.034071,0.032029,0.03363,0.033535,0.034634,0.035506,0.048454,0.030404,0.032246,0.033529,0.036981
0.0186,0.029195,0.035354,0.03461,0.048091,0.026609,0.035332,0.035671,0.036105,0.03273,0.034318,0.036038,0.026775,0.031319,0.033601,0.035086,0.033933,0.035729,0.033196,0.033389,0.031033,0.034643,0.036099,0.047603,0.035589,0.030537,0.032223,0.0345,0.035414,0.03351,0.032198,0.030609,0.035513,0.035914,0.030623,0.037649,0.030383,0.032863,0.029102,0.034896
0.034306,0.0342,0.035319,0.024726,0.037592,0.041395,0.024909,0.036067,0.018963,0.045069,0.036173,0.032929,0.034179,0.030905,0.034625,0.034919,0.033435,0.028047,0.035426,0.035786,0.032845,0.034011,0.031094,0.034691,0.034654,0.027776,0.034596,0.03448,0.036123,0.034291,0.028368,0.035062,0.034772,0.034481,0.032304,0.030042,0.034967,0.028104,0.034276,0.018442
0.037952,0.037554,0.038543,0.022608,0.034398,0.034286,0.02965,0.034501,0.028316,0.039839,0.026173,0.042456,0.028919,0.034817,0.037089,0.025308,0.035432,0.035152,0.034339,0.02817,0.035791,0.033952,0.035048,0.035139,0.028287,0.034043,0.035213,0.034579,0.03346,0.028802,0.035686,0.020472,0.030994,0.031714,0.034574,0.027824,0.034476,0.03716,0.034068,0.033674
0.032932,0.031859,0.03239,0.03709,0.032807,0.028284,0.037336,0.033461,0.039989,0.022375,0.035612,0.040463,0.029198,0.033231,0.034373,0.029373,0.035556,0.034042,0.035245,0.040184,0.036419,0.041087,0.027664,0.036205,0.027915,0.034457,0.04136,0.030407,0.032573,0.037687,0.038803,0.04247,0.028839,0.041007,0.027421,0.034259,0.029831,0.035612,0.034514,0.033317
0.028251,0.035163,0.034286,0.035414,0.032094,0.036229,0.030522,0.032484,0.03235,0.038053,0.040769,0.036966,0.041073,0.041604,0.041183,0.029484,0.031965,0.036146,0.034621,0.027351,0.038289,0.046744,0.035843,0.032896,0.029026,0.041488,0.025502,0.031561,0.035043,0.040067,0.026226,0.039727,0.024163,0.044223,0.041835,0.018431,0.036603,0.028226,0.019245,0.034927
0.035643,0.026855,0.041949,0.02876,0.02674,0.037409,0.034559,0.033597,0.036251,0.04792,0.027126,0.035469,0.036213,0.034815,0.035837,0.031512,0.03019,0.034963,0.026886,0.041359,0.028153,0.036043,0.03346,0.028892,0.041462,0.034431,0.028942,0.028275,0.035636,0.018162,0.018491,0.026563,0.039022,0.024101,0.032754,0.047931,0.018512,0.027733,0.032795,0.033744
0.028246,0.033966,0.034231,0.035834,0.033606,0.028796,0.035072,0.034016,0.030221,0.031992,0.036432,0.028245,0.021116,0.031098,0.016576,0.03515,0.035129,0.035014,0.034059,0.029116,0.041759,0.028468,0.035067,0.034032,0.032296,0.036827,0.027575,0.034812,0.034893,0.035106,0.031532,0.032172,0.033449,0.036239,0.051729,0.030083,0.030451,0.034062,0.035297,0.034428
0.031235,0.033525,0.033435,0.033276,0.030138,0.034065,0.028483,0.041676,0.033239,0.034894,0.033859,0.028592,0.035162,0.03428,0.027706,0.024706,0.025998,0.036151,0.033894,0.033698,0.03453,0.03572,0.029959,0.033278,0.028032,0.033794,0.03602,0.035419,0.034067,0.033997,0.032832,0.031034,0.034339,0.034065,0.033987,0.02982,0.035651,0.033628,0.034592,0.033469
0.036979,0.040714,0.035667,0.027765,0.034547,0.034605,0.042506,0.028549,0.033747,0.0336,0.029224,0.01845,0.032183,0.033983,0.040993,0.029142,0.028424,0.035642,0.040071,0.025792,0.025901,0.021054,0.039491,0.028254,0.034888,0.034185,0.034949,0.034896,0.026467,0.042342,0.029469,0.03616,0.032656,0.027274,0.035842,0.034677,0.033226,0.035604,0.027483,0.036851
0.033675,0.033915,0.030425,0.018038,0.036741,0.028198,0.04108,0.041805,0.035127,0.036635,0.031201,0.031162,0.035146,0.033686,0.035654,0.040469,0.034196,0.03383,0.017976,0.039506,0.027554,0.034261,0.036837,0.033415,0.034353,0.02965,0.040901,0.029359,0.018775,0.030213,0.023712,0.022377,0.036856,0.018187,0.031254,0.033697,0.035778,0.030606,0.032747,0.034497
0.035141,0.025609,0.034216,0.019245,0.039685,0.040033,0.042505,0.030892,0.038807,0.041809,0.035343,0.034684,0.031486,0.030909,0.036189,0.033181,0.028428,0.035339,0.039716,0.03016,0.034978,0.047952,0.027831,0.035559,0.041114,0.025628,0.038445,0.026084,0.034634,0.042695,0.026703,0.03673,0.03215,0.031055,0.034763,0.03425,0.028309,0.03478,0.035236,0.035083
0.017972,0.043782,0.034791,0.035031,0.035537,0.032289,0.030732,0.040915,0.028019,0.033752,0.030413,0.040025,0.02854,0.035672,0.034036,0.030349,0.03308,0.034635,0.034539,0.035045,0.029058,0.034053,0.035143,0.047588,0.035441,0.031999,0.03079,0.034629,0.033848,0.02951,0.034116,0.035546,0.035179,0.035253,0.047536,0.028195,0.036276,0.039905,0.026958,0.031038
0.030577,0.036266,0.036895,0.017754,0.02955,0.035959,0.035006,0.03448,0.031932,0.018831,0.031471,0.02934,0.035676,0.018112,0.029108,0.035811,0.034815,0.035271,0.033366,0.028167,0.035814,0.034977,0.031159,0.033148,0.034036,0.033965,0.032892,0.029539,0.04197,0.02963,0.032665,0.034028,0.02939,0.035564,0.033842,0.03497,0.028348,0.035982,0.034639,0.034105
0.031473,0.032032,0.034994,0.035396,0.029878,0.038313,0.026419,0.037824,0.027129,0.033446,0.036027,0.035236,0.028019,0.033298,0.043408,0.022509,0.038947,0.01867,0.021082,0.024857,0.040414,0.029006,0.033031,0.035401,0.028805,0.034499,0.033982,0.03593,0.043777,0.038461,0.036429,0.025843,0.036625,0.034933,0.026526,0.036367,0.041198,0.029763,0.026098,0.036016
0.01776,0.03024,0.035551,0.033483,0.036234,0.035036,0.0314,0.035445,0.030495,0.033924,0.036374,0.028377,0.037271,0.031159,0.033874,0.034529,0.030515,0.03405,0.035879,0.047563,0.035199,0.027246,0.042152,0.048231,0.030471,0.032439,0.035439,0.030357,0.031732,0.041974,0.024746,0.029001,0.037269,0.041043,0.028885,0.034924,0.026565,0.035712,0.035884,0.034797
0.034771,0.033647,0.035723,0.04181,0.019947,0.018461,0.03021,0.035947,0.034971,0.031405,0.031747,0.034674,0.030386,0.038399,0.027046,0.018038,0.027952,0.042039,0.033465,0.025382,0.02476,0.032817,0.01801,0.030401,0.034551,0.03502,0.027643,0.018228,0.037758,0.028671,0.034883,0.035018,0.026313,0.035741,0.03453,0.034627,0.035748,0.027402,0.04089,0.02982
0.040768,0.023767,0.039747,0.03769,0.03837,0.04096,0.033454,0.030873,0.027566,0.0412,0.026568,0.037286,0.018178,0.0295,0.017368,0.016947,0.017549,0.017163,0.016836,0.036788,0.022267,0.025275,0.028182,0.032307,0.034705,0.035004,0.024382,0.021413,0.037756,0.024033,0.021553,0.038402,0.018275,0.01814,0.024213,0.017371,0.021784,0.017841,0.018074,0.018299
0.026006,0.023813,0.024705,0.017328,0.020257,0.02203,0.019232,0.021638,0.027198,0.019068,0.022334,0.023675,0.018312,0.025089,0.018309,0.018766,0.018245,0.028874,0.025944,0.023636,0.019912,0.01841,0.018971,0.024067,0.02702,0.024799,0.018352,0.017711,0.017831,0.022121,0.022078,0.023852,0.018142,0.018809,0.022494,0.017898,0.027486,0.021293,0.018924,0.018153
0.017503,0.020812,0.024279,0.02521,0.027984,0.018266,0.018737,0.019044,0.019689,0.021119,0.017858,0.017821,0.023006,0.028372,0.020571,0.01946,0.019061,0.01971,0.018308,0.017042,0.017807,0.018945,0.029247,0.020332,0.017487,0.017742,0.017889,0.018594,0.028722,0.018744,0.019106,0.027997,0.020189,0.022239,0.019141,0.02228,0.018527,0.017456,0.018273,0.024705
0.025319,0.018458,0.021627,0.019306,0.018598,0.027956,0.018101,0.01797,0.017747,0.017073,0.01844,0.018138,0.018959,0.019589,0.019208,0.019596,0.017826,0.018211,0.024083,0.029172,0.018563,0.018777,0.020329,0.021565,0.018022,0.017872,0.018674,0.018146,0.019229,0.019159,0.021847,0.018029,0.017807,0.018412,0.018112,0.018418,0.030033,0.018255,0.019268,0.01951
0.022577,0.019238,0.019035,0.024086,0.01975,0.018796,0.01755,0.018102,0.022113,0.018983,0.022801,0.0259,0.024746,0.018394,0.017374,0.017734,0.028439,0.025664,0.020378,0.027449,0.023867,0.021695,0.017458,0.017507,0.016958,0.018878,0.019209,0.018964,0.019211,0.021389,0.017948,0.017312,0.023367,0.019317,0.032156,0.023829,0.018259,0.018374,0.018727,0.020967
0.019609,0.018351,0.018981,0.019082,0.019265,0.019813,0.019386,0.020187,0.018303,0.023988,0.018283,0.020888,0.021906,0.017648,0.017396,0.023491,0.024396,0.017733,0.018589,0.01902,0.028421,0.024945,0.022028,0.018349,0.017659,0.018278,0.018618,0.018279,0.02814,0.01716,0.018123,0.018285,0.018957,0.018131,0.021558,0.018815,0.02473,0.0205,0.01859,0.016685
0.016818,0.017284,0.028003,0.024325,0.01859,0.018291,0.018878,0.018801,0.018634,0.020014,0.018459,0.020666,0.018653,0.017886,0.018755,0.025436,0.017246,0.01777,0.018393,0.018552,0.01872,0.025281,0.018131,0.018004,0.029748,0.028128,0.018887,0.018408,0.017523,0.017469,0.018086,0.019948,0.024625,0.024244,0.018902,0.030118,0.027383,0.041732,0.0437,0.040175
0.026338,0.037934,0.032442,0.03405,0.028983,0.036604,0.033367,0.034675,0.034716,0.032784,0.032196,0.02402,0.036468,0.036267,0.041185,0.041954,0.035857,0.033981,0.028778,0.040703,0.027293,0.036607,0.033924,0.031573,0.031812,0.034379,0.035387,0.034291,0.032395,0.030621,0.034071,0.028808,0.033894,0.03628,0.034344,0.028563,0.041048,0.028687,0.035108,0.034172
0.034152,0.029224,0.035805,0.033632,0.031286,0.038545,0.023517,0.044735,0.026884,0.035871,0.028645,0.042204,0.025249,0.037793,0.027191,0.029451,0.04016,0.035888,0.032679,0.029559,0.035114,0.034796,0.035503,0.025792,0.043483,0.03094,0.032029,0.032166,0.029941,0.036177,0.039667,0.031851,0.046064,0.017395,0.031682,0.035256,0.034321,0.046854,0.024549,0.02384
0.037521,0.028664,0.040416,0.028988,0.034976,0.032358,0.029716,0.041818,0.041283,0.041772,0.028064,0.034033,0.030002,0.03496,0.034093,0.036879,0.025985,0.035125,0.034606,0.034958,0.028355,0.035108,0.041035,0.028951,0.035016,0.031073,0.026107,0.039656,0.03444,0.03464,0.027282,0.023667,0.03245,0.036017,0.030679,0.032023,0.03409,0.026924,0.034158,0.019577
0.037342,0.033729,0.036579,0.028905,0.024588,0.037841,0.034869,0.034381,0.027636,0.042159,0.03487,0.029357,0.034265,0.034226,0.032434,0.031517,0.033918,0.035282,0.028288,0.034135,0.036184,0.034365,0.031557,0.029978,0.03604,0.03453,0.034313,0.017805,0.031891,0.032781,0.029673,0.039949,0.033554,0.031164,0.025365,0.035894,0.036013,0.034645,0.034246,0.024634
0.038481,0.036123,0.034318,0.031724,0.036194,0.030096,0.034003,0.034124,0.036241,0.028567,0.034041,0.017338,0.03197,0.035525,0.032565,0.03002,0.040289,0.033766,0.024902,0.032954,0.033587,0.024585,0.029736,0.030074,0.035207,0.03526,0.032417,0.034986,0.030238,0.034454,0.035238,0.018252,0.026843,0.018091,0.034576,0.034394,0.028634,0.034937,0.034593,0.033969
0.034754,0.034037,0.034999,0.028652,0.036467,0.047294,0.036341,0.047336,0.035716,0.031121,0.03329,0.032931,0.035584,0.032858,0.029079,0.035729,0.034783,0.025287,0.036639,0.035325,0.035495,0.03452,0.028444,0.034643,0.035168,0.034122,0.028989,0.033416,0.03592,0.034625,0.034498,0.0313,0.031883,0.034702,0.035048,0.034531,0.031947,0.030969,0.035057,0.03472
0.027788,0.033875,0.036464,0.03405,0.027767,0.038791,0.031046,0.034948,0.035399,0.02606,0.030888,0.046295,0.025656,0.03792,0.029412,0.034283,0.034264,0.035348,0.030973,0.031663,0.035548,0.034421,0.034078,0.034247,0.029601,0.032215,0.036719,0.034802,0.030785,0.031784,0.024611,0.025897,0.01882,0.017958,0.018336,0.028396,0.018865,0.02023,0.03004,0.027117
0.038236,0.030897,0.036207,0.033652,0.03462,0.028638,0.035097,0.034313,0.028553,0.035673,0.039704,0.028299,0.020683,0.029492,0.017915,0.031107,0.034262,0.033586,0.030223,0.033397,0.039832,0.031914,0.031351,0.02613,0.038581,0.034917,0.035432,0.04715,0.035683,0.028892,0.034601,0.034382,0.03508,0.033766,0.03437,0.028192,0.042496,0.028867,0.027122,0.036658
0.033713,0.027412,0.034193,0.035201,0.035661,0.034872,0.027709,0.032513,0.017303,0.039895,0.018156,0.031611,0.033036,0.029161,0.036047,0.034871,0.024175,0.025572,0.032768,0.017693,0.018788,0.018365,0.018901,0.023709,0.023776,0.024435,0.017744,0.017813,0.024109,0.025463,0.017442,0.017838,0.034689,0.034095,0.027969,0.018029,0.027527,0.01982,0.040631,0.025582
0.036144,0.035638,0.034501,0.025341,0.036668,0.042434,0.026598,0.037575,0.03106,0.030219,0.035122,0.03484,0.02521,0.044568,0.02884,0.026784,0.041962,0.03376,0.030006,0.033629,0.041132,0.022893,0.034219,0.041321,0.023358,0.039616,0.028544,0.041025,0.026492,0.036409,0.027617,0.042003,0.031378,0.038862,0.021025,0.034873,0.034895,0.03504,0.035052,0.027408
0.035011,0.034946,0.035073,0.033309,0.035332,0.032088,0.031648,0.034632,0.032123,0.031032,0.035018,0.034566,0.034571,0.028138,0.035778,0.033768,0.035197,0.033469,0.029021,0.041497,0.02878,0.034015,0.034648,0.031935,0.038017,0.02552,0.03095,0.039254,0.029128,0.036133,0.033401,0.029071,0.03498,0.035343,0.035159,0.028499,0.033391,0.035781,0.035108,0.027418
