0.1503,0.12667,0.12751,0.14311,0.12174,0.12454,0.11946,0.12783,0.12797,0.12871,0.13139,0.12594,0.12857,0.12636,0.1291,0.15197,0.16667,0.15806,0.13425,0.12901,0.17691,0.12567,0.14893,0.14896,0.13784,0.13801,0.13893,0.14527,0.14179,0.14008,0.13631,0.13626,0.13226,0.14108,0.13528,0.13624,0.13172,0.18506,0.13895,0.13769
0.093949,0.086091,0.086259,0.085787,0.086269,0.084878,0.082318,0.081411,0.087386,0.08228,0.080463,0.084601,0.083364,0.084486,0.082335,0.11449,0.080732,0.085929,0.079653,0.078662,0.078314,0.075037,0.084367,0.079249,0.081711,0.080061,0.075198,0.085352,0.095929,0.087987,0.080783,0.078446,0.11912,0.080691,0.087214,0.08722,0.083474,0.081811,0.095253,0.097697
0.089162,0.11804,0.092774,0.081313,0.083332,0.094407,0.11945,0.085671,0.10051,0.083044,0.13019,0.10044,0.11094,0.11374,0.097269,0.099383,0.098407,0.086949,0.085733,0.10731,0.085756,0.10666,0.083875,0.085991,0.08923,0.09431,0.093027,0.088884,0.12994,0.090758,0.080518,0.081642,0.080637,0.085392,0.091053,0.084414,0.10296,0.1035,0.12927,0.10065
0.080931,0.090589,0.077876,0.080999,0.076751,0.1205,0.075806,0.073484,0.077065,0.082246,0.083771,0.080456,0.078953,0.10652,0.076042,0.074873,0.07617,0.075032,0.076686,0.077957,0.075279,0.099147,0.11111,0.07625,0.07378,0.072842,0.081383,0.078847,0.073555,0.077075,0.077779,0.07842,0.080288,0.10616,0.085058,0.076018,0.075293,0.074922,0.074113,0.075545
0.12723,0.073817,0.067176,0.070748,0.10975,0.10234,0.07882,0.077971,0.086691,0.096071,0.10506,0.10101,0.12642,0.11995,0.125,0.13723,0.13223,0.15853,0.14495,0.13982,0.10719,0.098942,0.11478,0.10856,0.10832,0.095462,0.10195,0.10442,0.14263,0.13531,0.12608,0.116,0.10439,0.11891,0.16958,0.1036,0.080244,0.078612,0.092056,0.10061
0.085307,0.087467,0.079622,0.082392,0.076674,0.080787,0.072331,0.078449,0.074817,0.075355,0.076801,0.11251,0.071309,0.075417,0.068225,0.070211,0.069571,0.071511,0.067683,0.064596,0.071592,0.070908,0.067847,0.06508,0.069252,0.068152,0.068104,0.061933,0.10525,0.063529,0.065289,0.064769,0.068981,0.083628,0.10862,0.10583,0.1118,0.10324,0.10271,0.090234
0.088612,0.087315,0.11029,0.099993,0.091098,0.081153,0.13188,0.083369,0.08028,0.077562,0.079577,0.076028,0.071645,0.073591,0.085639,0.079661,0.083602,0.076485,0.076861,0.075007,0.069038,0.070118,0.11247,0.069471,0.073745,0.072388,0.06928,0.066812,0.068261,0.066727,0.067043,0.073237,0.078158,0.070999,0.065593,0.06892,0.066932,0.081712,0.069103,0.070779
0.10704,0.079952,0.11026,0.09894,0.083471,0.080662,0.082023,0.08482,0.094681,0.079924,0.071996,0.074757,0.090949,0.078026,0.07302,0.073378,0.071503,0.11165,0.090881,0.071849,0.066659,0.068938,0.069053,0.068376,0.06765,0.084836,0.067594,0.066103,0.066993,0.068296,0.09887,0.086087,0.070801,0.064439,0.10793,0.070084,0.068508,0.071188,0.072702,0.078588
0.071613,0.077586,0.076015,0.060773,0.066133,0.065562,0.063205,0.06423,0.061876,0.063173,0.065364,0.10186,0.061053,0.06617,0.067795,0.071683,0.10417,0.074432,0.062004,0.071524,0.070808,0.065186,0.066868,0.067595,0.063582,0.061647,0.062577,0.063261,0.10148,0.066075,0.062927,0.059956,0.065451,0.061131,0.060953,0.060623,0.058634,0.062317,0.063623,0.060326
0.059325,0.059195,0.062324,0.059901,0.061591,0.097589,0.060798,0.060518,0.063562,0.064637,0.06153,0.059603,0.060563,0.064806,0.062421,0.062235,0.061386,0.060692,0.06314,0.063058,0.060877,0.061185,0.10053,0.062291,0.063611,0.059858,0.06229,0.062385,0.061156,0.062899,0.062401,0.061627,0.064825,0.063331,0.061779,0.060956,0.059872,0.064875,0.059694,0.098803
0.06356,0.063314,0.058553,0.059268,0.059597,0.060676,0.065047,0.079644,0.086967,0.080054,0.084626,0.086999,0.10046,0.085816,0.06974,0.072232,0.067011,0.10646,0.067267,0.06992,0.073256,0.067563,0.077046,0.068366,0.069628,0.091457,0.090259,0.10043,0.10991,0.10086,0.099679,0.095366,0.080012,0.080606,0.14967,0.12083,0.10931,0.081259,0.080194,0.080336
0.07517,0.075663,0.075587,0.072668,0.071692,0.072228,0.075409,0.071339,0.071068,0.071404,0.071838,0.066989,0.10913,0.069839,0.065663,0.066458,0.068921,0.068555,0.066342,0.074472,0.092389,0.080583,0.088281,0.08356,0.075922,0.074644,0.070348,0.073851,0.073276,0.11304,0.09698,0.074499,0.073645,0.07194,0.080266,0.077704,0.11006,0.084488,0.077098,0.075043
0.074859,0.076902,0.083521,0.10324,0.086539,0.084463,0.1554,0.088579,0.087027,0.083002,0.0824,0.080477,0.077307,0.083907,0.07998,0.07448,0.074124,0.072922,0.07666,0.079554,0.077177,0.071939,0.074058,0.11603,0.073326,0.071973,0.069741,0.068173,0.067493,0.066353,0.074499,0.070774,0.073242,0.069395,0.069231,0.068028,0.066578,0.071287,0.072179,0.069608
0.10686,0.06446,0.065964,0.064809,0.06552,0.064834,0.06539,0.068524,0.064877,0.065088,0.065151,0.06531,0.065733,0.065441,0.062869,0.069133,0.065884,0.10308,0.067417,0.063511,0.067951,0.0662,0.065719,0.059618,0.063668,0.059457,0.062029,0.061458,0.061618,0.058873,0.063185,0.063068,0.062724,0.063611,0.065959,0.10181,0.064665,0.065337,0.075326,0.066877
0.065652,0.061552,0.061937,0.065703,0.062146,0.062102,0.062679,0.061027,0.059824,0.065927,0.064081,0.065269,0.093394,0.064085,0.061243,0.061359,0.062784,0.060056,0.072386,0.092834,0.07197,0.066756,0.067916,0.066302,0.065069,0.066914,0.077514,0.07362,0.097177,0.11545,0.081276,0.079322,0.069759,0.088911,0.079181,0.086196,0.071349,0.067936,0.069383,0.069938
0.068688,0.067543,0.068792,0.070396,0.072109,0.068083,0.070412,0.10834,0.071081,0.080898,0.087836,0.096516,0.10186,0.079839,0.068701,0.071394,0.071296,0.070458,0.072348,0.070608,0.07007,0.073151,0.06867,0.069073,0.10149,0.066196,0.067155,0.068703,0.064244,0.064129,0.066881,0.070325,0.065609,0.064395,0.064821,0.066486,0.067035,0.066239,0.063484,0.063526
0.063785,0.1151,0.060895,0.0603,0.062228,0.060477,0.061452,0.061481,0.058238,0.061058,0.072333,0.069401,0.065586,0.061433,0.060007,0.058494,0.06014,0.060195,0.093386,0.060461,0.064683,0.064686,0.060743,0.063413,0.060694,0.059562,0.058702,0.059225,0.058646,0.060969,0.060134,0.063048,0.058405,0.064459,0.067297,0.11189,0.098589,0.10116,0.080664,0.071075
0.063134,0.060977,0.064402,0.074431,0.071095,0.079283,0.070426,0.063932,0.060903,0.066918,0.067121,0.062825,0.065163,0.10206,0.061558,0.06477,0.062894,0.060332,0.063013,0.064422,0.058688,0.061818,0.065115,0.058179,0.060682,0.061899,0.060362,0.059913,0.062652,0.059218,0.099528,0.061311,0.06193,0.060934,0.059036,0.062133,0.06048,0.061374,0.062911,0.057222
0.059624,0.061229,0.060165,0.059812,0.061848,0.066532,0.0713,0.10134,0.060271,0.06106,0.065558,0.065009,0.063038,0.06307,0.065541,0.057572,0.059994,0.060705,0.060342,0.059055,0.058287,0.059073,0.058998,0.061151,0.061411,0.095203,0.059873,0.059854,0.058042,0.059626,0.061288,0.059126,0.061736,0.060516,0.059592,0.056495,0.05989,0.057685,0.05605,0.058562
0.075813,0.099316,0.061465,0.055759,0.062423,0.057637,0.058343,0.057085,0.057555,0.059467,0.062947,0.056452,0.059669,0.058846,0.056447,0.05862,0.059586,0.059735,0.056649,0.096098,0.059297,0.059048,0.060858,0.059327,0.059572,0.063187,0.062491,0.061628,0.05997,0.062829,0.057364,0.063956,0.059306,0.063974,0.057934,0.062183,0.092301,0.057366,0.057408,0.056422
0.060731,0.058558,0.058295,0.058401,0.060459,0.056942,0.055806,0.059078,0.057338,0.056698,0.059788,0.056045,0.059571,0.09138,0.056556,0.054788,0.054908,0.056038,0.058184,0.057824,0.05716,0.055595,0.06207,0.057544,0.057261,0.054213,0.058573,0.057355,0.060023,0.057614,0.091518,0.057039,0.057978,0.056049,0.058003,0.057329,0.057546,0.055666,0.057923,0.056157
0.056359,0.059695,0.055824,0.055793,0.058821,0.062633,0.05613,0.057622,0.0923,0.056215,0.057306,0.05808,0.057699,0.06074,0.060703,0.057544,0.059608,0.055402,0.060404,0.057225,0.05781,0.058117,0.060069,0.058319,0.055484,0.095044,0.056594,0.059391,0.058178,0.058869,0.058974,0.054656,0.059759,0.061014,0.06022,0.063906,0.063672,0.059908,0.060054,0.061427
0.062374,0.058533,0.093802,0.061837,0.069022,0.083112,0.067339,0.05945,0.061684,0.064375,0.075231,0.071048,0.06641,0.06558,0.064781,0.063899,0.06119,0.06189,0.061526,0.060724,0.093921,0.067285,0.060511,0.062851,0.062858,0.062646,0.063066,0.059683,0.065228,0.059644,0.059388,0.06456,0.062626,0.059306,0.058758,0.059323,0.093961,0.063355,0.060284,0.061812
0.059456,0.058672,0.063946,0.060282,0.084747,0.062006,0.06045,0.065898,0.060386,0.058325,0.066123,0.064395,0.061366,0.070698,0.10729,0.067579,0.075036,0.083054,0.079758,0.065333,0.07468,0.069325,0.062838,0.062139,0.062953,0.064497,0.070215,0.065317,0.083763,0.085542,0.072178,0.10364,0.095747,0.078847,0.062162,0.064051,0.060186,0.063269,0.06933,0.066471
0.093432,0.10305,0.091426,0.1121,0.1017,0.09059,0.10781,0.11366,0.13333,0.11492,0.1159,0.11508,0.12059,0.12077,0.12165,0.12191,0.12295,0.086468,0.082952,0.081239,0.080439,0.080626,0.080521,0.07596,0.081768,0.12119,0.078669,0.070894,0.076697,0.078934,0.076395,0.074651,0.072185,0.071498,0.070383,0.074154,0.074481,0.072306,0.073885,0.078884
0.077753,0.13931,0.086279,0.15006,0.10836,0.09686,0.094706,0.090094,0.085251,0.081461,0.082115,0.083696,0.10071,0.095731,0.081926,0.082803,0.099059,0.093591,0.087376,0.082245,0.12199,0.080039,0.078429,0.077002,0.077429,0.082432,0.088367,0.086222,0.087199,0.097061,0.11342,0.087097,0.089639,0.099196,0.082541,0.079086,0.12315,0.082444,0.1267,0.076534
0.082484,0.078658,0.087752,0.093547,0.089531,0.10457,0.082671,0.084643,0.083475,0.075951,0.081195,0.098541,0.082457,0.077396,0.076347,0.075876,0.1234,0.074382,0.077965,0.076553,0.073503,0.074635,0.075213,0.074373,0.076614,0.073523,0.069702,0.073211,0.071659,0.074156,0.066153,0.070465,0.066366,0.10763,0.068101,0.069471,0.068026,0.071752,0.071131,0.067671
0.067654,0.070422,0.069179,0.070162,0.070116,0.071613,0.07747,0.090218,0.070138,0.069064,0.11365,0.092224,0.081786,0.069037,0.07039,0.066429,0.06527,0.068431,0.067816,0.064537,0.065479,0.067142,0.066291,0.067575,0.065539,0.067289,0.0637,0.061234,0.10389,0.067937,0.069141,0.063331,0.064147,0.062445,0.061201,0.058828,0.064274,0.062924,0.061447,0.062373
0.062698,0.061447,0.06022,0.061228,0.060331,0.097725,0.05949,0.063101,0.062409,0.061019,0.062784,0.059852,0.060908,0.061187,0.059907,0.068636,0.059706,0.063033,0.060662,0.059774,0.064113,0.059065,0.1029,0.070522,0.06407,0.060939,0.062316,0.059365,0.063598,0.06431,0.062329,0.063543,0.062549,0.061253,0.061391,0.062121,0.061395,0.061837,0.060848,0.062338
0.10595,0.060958,0.061997,0.063099,0.05804,0.060048,0.062539,0.062986,0.058944,0.059029,0.06103,0.061298,0.065333,0.063558,0.060575,0.062008,0.081365,0.063365,0.062838,0.063448,0.062879,0.062997,0.068705,0.06688,0.062395,0.063758,0.065019,0.065344,0.064875,0.06314,0.065162,0.065324,0.064697,0.065136,0.10707,0.066376,0.065962,0.063187,0.064114,0.060045
0.061787,0.060929,0.060075,0.062083,0.059018,0.064694,0.061756,0.059119,0.060755,0.060943,0.0633,0.096733,0.063236,0.063594,0.062977,0.061311,0.060898,0.063525,0.064252,0.064565,0.063441,0.064256,0.065109,0.061137,0.060904,0.063524,0.06321,0.063366,0.099477,0.06174,0.061811,0.08909,0.094007,0.09339,0.065457,0.063825,0.063051,0.060474,0.060958,0.060065
0.061291,0.06025,0.061786,0.066296,0.059343,0.064084,0.10048,0.060757,0.063909,0.058342,0.060241,0.062486,0.06283,0.060057,0.0607,0.060921,0.063616,0.061967,0.061074,0.061578,0.060741,0.060493,0.059615,0.097896,0.064385,0.060838,0.067026,0.062621,0.059868,0.059548,0.068294,0.062281,0.062029,0.065142,0.063003,0.062942,0.061834,0.063198,0.062162,0.062266
0.099102,0.061785,0.062565,0.062321,0.060928,0.061424,0.063931,0.06288,0.062369,0.061406,0.061381,0.059469,0.063011,0.060659,0.062697,0.060559,0.062841,0.10142,0.062643,0.058129,0.058891,0.06057,0.065672,0.061405,0.062395,0.063467,0.066307,0.061411,0.097335,0.074597,0.064754,0.064431,0.064148,0.060125,0.061802,0.10344,0.064042,0.063538,0.06323,0.061899
0.061794,0.061483,0.061643,0.062829,0.060934,0.059431,0.061613,0.060264,0.061213,0.0624,0.062176,0.061673,0.10366,0.061351,0.062368,0.062275,0.061003,0.063172,0.062406,0.063441,0.065297,0.064069,0.065477,0.058901,0.059358,0.059364,0.063317,0.064382,0.062522,0.1042,0.06103,0.064408,0.061082,0.062159,0.063057,0.060111,0.061786,0.061502,0.060533,0.064208
0.064128,0.061972,0.059049,0.063003,0.060777,0.060165,0.10541,0.062834,0.05969,0.06096,0.060854,0.064223,0.060379,0.062279,0.062485,0.063011,0.062397,0.062589,0.06107,0.063746,0.06222,0.063818,0.063702,0.066119,0.10162,0.061003,0.064584,0.062713,0.06217,0.061232,0.062221,0.064271,0.060502,0.063792,0.066998,0.06137,0.061293,0.061567,0.064786,0.062157
0.06012,0.10082,0.064917,0.062889,0.063957,0.064466,0.064366,0.062489,0.062326,0.064242,0.061328,0.063936,0.066704,0.061196,0.060927,0.061145,0.059879,0.0623,0.099308,0.06316,0.061176,0.062559,0.061297,0.058904,0.061437,0.063973,0.065203,0.062512,0.064201,0.066268,0.061025,0.062915,0.062123,0.065124,0.081776,0.12666,0.093687,0.084016,0.081188,0.08437
0.093897,0.087041,0.09098,0.077619,0.067387,0.067522,0.065286,0.073097,0.068647,0.065129,0.06294,0.066012,0.10966,0.064081,0.063548,0.064065,0.06771,0.062156,0.06249,0.062816,0.06334,0.06106,0.061351,0.070119,0.064906,0.060885,0.061689,0.063684,0.06259,0.063635,0.10218,0.061274,0.065801,0.061916,0.063086,0.062624,0.06325,0.064459,0.06569,0.066573
0.063641,0.079546,0.096711,0.093762,0.077542,0.066383,0.061937,0.099903,0.060317,0.062576,0.060192,0.061515,0.062756,0.062651,0.061341,0.063682,0.066046,0.061023,0.063625,0.060883,0.062182,0.062818,0.063476,0.060387,0.10345,0.060679,0.059595,0.059646,0.064008,0.061073,0.061603,0.061123,0.066666,0.064832,0.065168,0.06314,0.064767,0.060843,0.062964,0.061053
0.063177,0.097938,0.059925,0.063811,0.085572,0.063988,0.063332,0.059943,0.06166,0.060095,0.064002,0.063722,0.064725,0.058471,0.068838,0.090316,0.068253,0.064698,0.10535,0.079604,0.071825,0.063061,0.062993,0.062526,0.063159,0.064186,0.060297,0.059623,0.064169,0.061339,0.062069,0.059294,0.060271,0.061932,0.064559,0.062959,0.10117,0.065329,0.063686,0.063848
0.059018,0.061914,0.063227,0.062902,0.065756,0.064875,0.060546,0.062638,0.064051,0.061973,0.060116,0.062391,0.06354,0.099265,0.060924,0.063759,0.062493,0.063424,0.060303,0.060057,0.063237,0.060609,0.059789,0.064691,0.059974,0.060701,0.061508,0.061462,0.060613,0.061112,0.10121,0.069522,0.062881,0.059539,0.063343,0.063004,0.063222,0.061566,0.060614,0.059786
