0.062564,0.052156,0.043168,0.050158,0.04549,0.053362,0.050561,0.044678,0.043921,0.043862,0.051333,0.050406,0.044337,0.04521,0.043552,0.044377,0.055803,0.046288,0.048557,0.04686,0.04838,0.045038,0.045104,0.046101,0.051052,0.047454,0.043958,0.043982,0.053328,0.051812,0.045831,0.054294,0.054666,0.043995,0.044659,0.057047,0.050101,0.045592,0.052142,0.04829
0.036875,0.05285,0.030034,0.05377,0.03791,0.031584,0.03093,0.036195,0.032351,0.03826,0.036564,0.043089,0.034269,0.031718,0.035122,0.044216,0.038415,0.034594,0.043298,0.030645,0.056755,0.031435,0.048208,0.054135,0.031216,0.045953,0.057189,0.032555,0.030359,0.04028,0.03178,0.032141,0.032397,0.032205,0.032744,0.037098,0.036033,0.035737,0.041763,0.033314
0.028692,0.030145,0.030527,0.037224,0.029842,0.039739,0.028649,0.03796,0.028966,0.034653,0.036009,0.028494,0.054863,0.029692,0.033379,0.030956,0.030357,0.029111,0.028713,0.031389,0.031179,0.035473,0.048199,0.035374,0.035002,0.02977,0.052433,0.029757,0.05458,0.029091,0.054177,0.037531,0.027847,0.031025,0.053496,0.029294,0.052093,0.032441,0.032469,0.051449
0.033057,0.053102,0.031471,0.052489,0.029543,0.053469,0.031293,0.041143,0.034535,0.032241,0.030683,0.03459,0.030304,0.036851,0.032831,0.028405,0.037559,0.027925,0.033926,0.047399,0.031331,0.044054,0.031701,0.029823,0.047732,0.045807,0.055183,0.036407,0.029536,0.030841,0.049569,0.035252,0.030733,0.056245,0.028589,0.033889,0.030329,0.029615,0.030267,0.036283
0.026472,0.033072,0.02893,0.053603,0.028701,0.048429,0.055431,0.029343,0.053394,0.030159,0.053878,0.028202,0.051092,0.037105,0.050419,0.028343,0.049273,0.057099,0.02753,0.048354,0.055315,0.029401,0.041396,0.027279,0.048767,0.030898,0.038711,0.029416,0.036103,0.033119,0.054986,0.02787,0.049447,0.033206,0.051469,0.030855,0.036672,0.042064,0.027961,0.028185
0.050146,0.034395,0.030468,0.052622,0.045857,0.030104,0.033202,0.027926,0.027233,0.04491,0.029505,0.033628,0.028637,0.034634,0.029325,0.039416,0.03503,0.028106,0.033168,0.02649,0.040851,0.032539,0.02934,0.046476,0.027231,0.029885,0.037448,0.033671,0.029228,0.031581,0.028099,0.029899,0.03517,0.037925,0.034564,0.034072,0.027856,0.033927,0.038,0.034925
0.054706,0.036204,0.026064,0.033594,0.050153,0.033978,0.028681,0.050336,0.0532,0.050939,0.028069,0.054374,0.049584,0.048122,0.04957,0.049485,0.033209,0.050351,0.050448,0.040339,0.036381,0.030574,0.033279,0.034247,0.028213,0.032561,0.049705,0.02964,0.040122,0.027296,0.034095,0.027475,0.02673,0.026899,0.028965,0.027329,0.02851,0.035575,0.03429,0.030664
0.047606,0.039805,0.038757,0.026193,0.030553,0.053388,0.036728,0.026525,0.04837,0.054899,0.029427,0.035109,0.029494,0.027116,0.025925,0.055117,0.03118,0.036948,0.028061,0.051817,0.039728,0.026251,0.033167,0.029698,0.051442,0.056296,0.026999,0.050515,0.042842,0.026418,0.033192,0.028909,0.049467,0.055848,0.031321,0.032352,0.036216,0.047661,0.048382,0.033341
0.049345,0.04961,0.034209,0.048772,0.049942,0.038404,0.044455,0.039441,0.02833,0.050977,0.049223,0.03465,0.054624,0.027088,0.050829,0.048283,0.056449,0.028188,0.049153,0.036066,0.046513,0.055071,0.030166,0.054364,0.028735,0.047988,0.03487,0.04833,0.056378,0.049214,0.049142,0.035049,0.035779,0.035087,0.028752,0.028487,0.054066,0.04744,0.032469,0.056676
0.026319,0.05256,0.031179,0.056959,0.025648,0.037261,0.030185,0.048738,0.03657,0.045579,0.056972,0.027773,0.048856,0.056083,0.029118,0.053915,0.029291,0.054734,0.028397,0.055308,0.049632,0.048017,0.035258,0.027908,0.054521,0.03748,0.02778,0.030694,0.051544,0.036759,0.034708,0.027353,0.055002,0.036604,0.027341,0.030435,0.04453,0.02606,0.038584,0.026527
0.049256,0.033006,0.043789,0.025547,0.036108,0.027026,0.050098,0.036189,0.035097,0.028503,0.039854,0.026312,0.050749,0.050131,0.036767,0.029159,0.046348,0.040446,0.029201,0.053499,0.036895,0.034412,0.026861,0.04906,0.038573,0.031816,0.036551,0.029398,0.031585,0.029848,0.040115,0.029527,0.052529,0.031306,0.052004,0.03013,0.053078,0.039583,0.0266,0.032876
0.048883,0.05361,0.027819,0.057136,0.035659,0.026614,0.037267,0.028205,0.046663,0.035835,0.048533,0.035967,0.046806,0.056288,0.040086,0.025611,0.028953,0.052845,0.054193,0.027714,0.050367,0.049807,0.03507,0.029648,0.039483,0.027911,0.026712,0.026273,0.033067,0.035896,0.028804,0.044107,0.025597,0.032819,0.033813,0.033737,0.041141,0.027322,0.028546,0.035325
0.030353,0.052741,0.048534,0.048376,0.050179,0.037769,0.029357,0.056913,0.026525,0.056635,0.026684,0.047556,0.039641,0.028839,0.054667,0.02841,0.041217,0.027601,0.048669,0.050343,0.033695,0.049861,0.035578,0.030548,0.037089,0.029812,0.040934,0.025872,0.034552,0.034282,0.032754,0.042771,0.026065,0.028951,0.053087,0.048912,0.048584,0.049155,0.055682,0.027734
0.049228,0.054227,0.036855,0.036012,0.027927,0.029457,0.052462,0.031445,0.052002,0.030082,0.053596,0.029834,0.053395,0.048785,0.039378,0.025977,0.037443,0.043786,0.056862,0.03491,0.025833,0.057325,0.029897,0.033694,0.035628,0.026544,0.036152,0.03085,0.037746,0.028402,0.027556,0.029867,0.034662,0.026779,0.030652,0.026018,0.026393,0.036513,0.028478,0.038984
0.027846,0.054913,0.027166,0.036756,0.047957,0.049193,0.039977,0.027948,0.045945,0.035213,0.039939,0.048268,0.033307,0.038334,0.027215,0.03841,0.026299,0.053103,0.036093,0.027429,0.054906,0.036361,0.025561,0.049623,0.05586,0.028303,0.038472,0.028382,0.036485,0.028777,0.048802,0.042541,0.026361,0.052282,0.045712,0.037231,0.04491,0.038702,0.04436,0.033672
0.034576,0.041251,0.033659,0.027697,0.047872,0.04994,0.054842,0.031155,0.053025,0.028536,0.03714,0.030795,0.05006,0.048606,0.050736,0.035942,0.032197,0.049077,0.035015,0.029033,0.040178,0.02936,0.038055,0.029481,0.048213,0.036999,0.036443,0.02759,0.053644,0.027795,0.038826,0.044655,0.034983,0.034119,0.034386,0.032129,0.034538,0.029456,0.037755,0.031452
0.036816,0.028637,0.041279,0.031531,0.027753,0.033248,0.040863,0.026649,0.036574,0.0274,0.038967,0.028499,0.038757,0.027647,0.038133,0.030592,0.035508,0.028289,0.039522,0.027451,0.0398,0.026277,0.040922,0.027963,0.03982,0.030377,0.035291,0.026398,0.037193,0.02955,0.039685,0.025955,0.050459,0.042747,0.025609,0.041823,0.02593,0.050818,0.030037,0.038948
0.027145,0.03841,0.045017,0.026493,0.025586,0.031627,0.038384,0.03714,0.027861,0.032471,0.034466,0.030605,0.037347,0.04929,0.041635,0.025881,0.035244,0.027967,0.036321,0.028569,0.041572,0.02597,0.051547,0.036247,0.034951,0.034805,0.025363,0.036601,0.041286,0.025373,0.038769,0.028074,0.035021,0.033997,0.027542,0.03633,0.034064,0.028886,0.043204,0.029025
0.031847,0.030134,0.037056,0.030586,0.02684,0.041024,0.032939,0.051151,0.054888,0.025838,0.040837,0.026135,0.034836,0.031354,0.036382,0.03209,0.034288,0.028409,0.039171,0.039733,0.025868,0.035558,0.030776,0.040874,0.031477,0.025693,0.035303,0.029717,0.041016,0.034038,0.026313,0.036898,0.032607,0.031324,0.03941,0.029218,0.035339,0.02656,0.042605,0.035999
0.025559,0.031293,0.026803,0.02596,0.030409,0.027064,0.025299,0.031772,0.03517,0.032855,0.034076,0.029245,0.040332,0.026466,0.036883,0.033075,0.037588,0.027497,0.032681,0.040445,0.027102,0.035238,0.031264,0.035674,0.032173,0.036592,0.028387,0.034428,0.033259,0.032241,0.038823,0.026032,0.040064,0.027124,0.038588,0.03639,0.026785,0.037914,0.027193,0.039321
0.027409,0.036431,0.029627,0.038168,0.029278,0.036614,0.038833,0.031409,0.027584,0.03699,0.027858,0.044117,0.024891,0.032338,0.053077,0.032317,0.031651,0.041053,0.025419,0.038889,0.025642,0.044471,0.035674,0.025541,0.031114,0.032752,0.033348,0.035425,0.032812,0.033707,0.033832,0.029334,0.032931,0.041957,0.02624,0.038509,0.026404,0.03867,0.036295,0.02908
0.028806,0.038967,0.029046,0.035467,0.03137,0.051223,0.048226,0.049935,0.036849,0.028711,0.039178,0.027238,0.040365,0.026941,0.038351,0.032226,0.03128,0.035104,0.032065,0.035161,0.031772,0.035391,0.029128,0.038688,0.027168,0.054657,0.03595,0.03448,0.026826,0.035053,0.032125,0.038995,0.026668,0.033396,0.02626,0.026137,0.034028,0.035499,0.034659,0.033928
0.028659,0.030704,0.036458,0.029583,0.043136,0.02534,0.033201,0.03971,0.025536,0.038688,0.027014,0.03924,0.027286,0.039557,0.031946,0.030119,0.042195,0.025171,0.035446,0.029456,0.037986,0.031457,0.040788,0.025466,0.035634,0.03314,0.038286,0.02551,0.036884,0.027444,0.038838,0.03139,0.035358,0.028774,0.038716,0.027423,0.0344,0.035039,0.0501,0.031324
0.031789,0.039781,0.030567,0.030166,0.040021,0.027103,0.036782,0.032878,0.036128,0.026368,0.037156,0.030116,0.037918,0.03494,0.026041,0.040999,0.026138,0.03884,0.035403,0.025532,0.050833,0.035892,0.040979,0.026094,0.033581,0.030069,0.025704,0.035164,0.026542,0.032588,0.027548,0.026314,0.029711,0.029981,0.040522,0.034995,0.029267,0.036579,0.044472,0.035427
0.028444,0.039284,0.03344,0.028513,0.037941,0.027517,0.03516,0.031207,0.045899,0.025884,0.027954,0.030457,0.026701,0.027478,0.034785,0.027872,0.025906,0.026145,0.039908,0.034474,0.02752,0.038468,0.029043,0.036499,0.027821,0.038158,0.031767,0.032366,0.035206,0.035815,0.028044,0.033934,0.026582,0.027139,0.028643,0.026647,0.026873,0.027402,0.031493,0.024536
0.029304,0.026034,0.03525,0.025557,0.034799,0.0272,0.037532,0.038395,0.032484,0.025883,0.033057,0.041987,0.025974,0.037533,0.031882,0.031236,0.035179,0.032701,0.034441,0.038636,0.026559,0.034055,0.037521,0.025886,0.036715,0.03564,0.02861,0.040479,0.02477,0.038176,0.034873,0.035695,0.028388,0.029547,0.039043,0.02912,0.040067,0.025551,0.037728,0.029058
0.039327,0.048771,0.035796,0.036063,0.025936,0.039797,0.032568,0.026284,0.031166,0.041467,0.026209,0.032589,0.036502,0.033357,0.032529,0.036057,0.032566,0.034331,0.027745,0.0267,0.03162,0.027114,0.030532,0.026672,0.031328,0.034617,0.033426,0.025303,0.037149,0.031421,0.052556,0.032117,0.036427,0.042646,0.05609,0.028103,0.040629,0.024995,0.039178,0.036028
0.033194,0.0304,0.032316,0.031172,0.036237,0.030611,0.036139,0.028924,0.053263,0.032085,0.032969,0.039291,0.025885,0.037644,0.027666,0.036162,0.032088,0.03519,0.039094,0.033792,0.026502,0.041049,0.025579,0.039615,0.039788,0.032089,0.025209,0.029504,0.026859,0.02606,0.035808,0.031598,0.033312,0.04758,0.033985,0.03156,0.037815,0.028546,0.035447,0.034756
0.029595,0.038336,0.028311,0.042131,0.028248,0.034646,0.030448,0.039886,0.025721,0.035102,0.050653,0.029037,0.054677,0.029021,0.039511,0.02941,0.039165,0.026556,0.037417,0.027341,0.040899,0.02672,0.039361,0.033118,0.027609,0.04909,0.037529,0.032816,0.033812,0.031477,0.039718,0.026911,0.033514,0.034788,0.035827,0.033661,0.030137,0.030197,0.040199,0.026072
0.038944,0.027043,0.045677,0.025578,0.032885,0.032003,0.037686,0.040455,0.025911,0.030793,0.034998,0.027267,0.039468,0.030356,0.04801,0.056145,0.026583,0.036596,0.034661,0.034153,0.03119,0.032247,0.031032,0.038186,0.036882,0.026196,0.042462,0.028896,0.038649,0.025105,0.044369,0.025325,0.026989,0.039908,0.028197,0.042779,0.028622,0.029029,0.027009,0.031951
0.03777,0.025442,0.029398,0.038503,0.025876,0.040168,0.028906,0.029421,0.037881,0.032768,0.03431,0.037115,0.026509,0.037574,0.029304,0.040973,0.025298,0.037992,0.034742,0.027571,0.035175,0.029943,0.037675,0.035014,0.027979,0.048627,0.035502,0.040451,0.026904,0.034946,0.051673,0.048621,0.032728,0.031987,0.039568,0.029696,0.046945,0.036544,0.035206,0.028497
0.035361,0.033347,0.030248,0.039908,0.028263,0.034757,0.035222,0.034137,0.03173,0.028077,0.037474,0.030494,0.038257,0.028897,0.035744,0.034005,0.035445,0.027683,0.035361,0.030157,0.038994,0.029185,0.047129,0.02664,0.02495,0.043796,0.031935,0.027048,0.029401,0.039072,0.041193,0.025869,0.031076,0.03222,0.039179,0.027104,0.038149,0.027763,0.040681,0.02536
0.035685,0.031501,0.044124,0.035926,0.025257,0.049925,0.036283,0.025888,0.039325,0.025688,0.040833,0.026249,0.04954,0.044076,0.025594,0.036467,0.034655,0.026575,0.049568,0.035659,0.03255,0.033696,0.036309,0.031567,0.034713,0.03345,0.028856,0.027536,0.026467,0.031837,0.027511,0.025582,0.038612,0.032963,0.030599,0.03073,0.028894,0.039915,0.028391,0.030209
0.042115,0.032132,0.0268,0.035747,0.037524,0.026983,0.039779,0.027292,0.038293,0.027527,0.038262,0.034785,0.029723,0.030675,0.03765,0.029002,0.043037,0.029122,0.027345,0.038725,0.028193,0.037882,0.032435,0.034057,0.037107,0.025385,0.038621,0.039342,0.025784,0.037582,0.027447,0.038447,0.037774,0.02593,0.032921,0.030324,0.037902,0.027406,0.039475,0.030996
0.030784,0.036387,0.028137,0.036413,0.037737,0.028117,0.026127,0.025459,0.032567,0.037394,0.028428,0.036025,0.029552,0.039309,0.028213,0.036448,0.032145,0.03287,0.026356,0.033228,0.024795,0.036589,0.026654,0.044055,0.026172,0.033813,0.032772,0.034965,0.032318,0.028899,0.040628,0.027701,0.037326,0.033111,0.027997,0.03909,0.028405,0.056211,0.029935,0.03443
0.030382,0.032347,0.036787,0.030129,0.038032,0.027469,0.043072,0.027882,0.028219,0.040096,0.028529,0.046267,0.025449,0.030801,0.036318,0.027005,0.036773,0.032206,0.036155,0.048687,0.029662,0.042271,0.025487,0.037837,0.027977,0.037136,0.038985,0.038763,0.041663,0.027375,0.037774,0.028179,0.038616,0.028093,0.026425,0.025159,0.033006,0.034021,0.042887,0.025069
0.031774,0.036011,0.027806,0.039944,0.036759,0.028632,0.030797,0.033175,0.039803,0.025961,0.042768,0.025673,0.050427,0.037708,0.026962,0.037642,0.028117,0.037431,0.032376,0.03411,0.034475,0.03114,0.030948,0.039126,0.027149,0.039592,0.02681,0.039455,0.025907,0.036295,0.036327,0.034285,0.02862,0.034231,0.035002,0.034409,0.037352,0.033178,0.02527,0.049252
0.050402,0.042654,0.026107,0.035793,0.048538,0.036358,0.027548,0.036888,0.032902,0.034203,0.029006,0.042182,0.025307,0.033385,0.050664,0.034024,0.034761,0.03627,0.025436,0.05141,0.053783,0.03084,0.034086,0.04879,0.036028,0.040923,0.025511,0.031218,0.036595,0.03245,0.035522,0.026871,0.035933,0.041251,0.025463,0.050266,0.034513,0.042261,0.031586,0.024777
0.03599,0.034261,0.027569,0.035284,0.039904,0.025722,0.043051,0.025693,0.034006,0.029714,0.052185,0.035343,0.030069,0.038914,0.026514,0.037014,0.029896,0.038084,0.030225,0.033703,0.033031,0.035067,0.02787,0.03746,0.047494,0.037431,0.040859,0.028564,0.027433,0.034622,0.038511,0.032013,0.03455,0.028001,0.034546,0.042859,0.027397,0.033966,0.026503,0.049407
0.039708,0.026331,0.04405,0.0318,0.027896,0.02938,0.038727,0.041006,0.024503,0.031804,0.033317,0.035918,0.050687,0.05366,0.025948,0.036308,0.028567,0.036252,0.034548,0.031324,0.035663,0.03157,0.035097,0.029732,0.052227,0.036114,0.028242,0.03446,0.034313,0.034821,0.032478,0.033363,0.03501,0.031132,0.032275,0.037931,0.034674,0.026582,0.042265,0.027086
