0.11005,0.083131,0.078532,0.098608,0.078218,0.087097,0.087817,0.08166,0.078227,0.082857,0.076122,0.083803,0.079694,0.082638,0.084109,0.083125,0.084735,0.097608,0.091374,0.081438,0.07979,0.084853,0.081356,0.083167,0.081856,0.085173,0.086659,0.084211,0.095287,0.086022,0.087976,0.079173,0.083742,0.080953,0.085733,0.088122,0.085485,0.088895,0.089609,0.084121
0.054886,0.055114,0.054255,0.056659,0.057003,0.055713,0.056146,0.056643,0.072922,0.055104,0.055054,0.054919,0.058272,0.061223,0.054898,0.056495,0.054655,0.054306,0.056431,0.054297,0.057846,0.052804,0.054669,0.055578,0.059071,0.05901,0.054624,0.054479,0.055915,0.054503,0.05704,0.057053,0.056686,0.056119,0.055077,0.054996,0.056422,0.055612,0.05632,0.055478
0.050888,0.050059,0.051382,0.052475,0.049851,0.049447,0.051396,0.051229,0.050656,0.051185,0.049511,0.051239,0.051273,0.051894,0.065852,0.051705,0.051206,0.049192,0.050108,0.049668,0.053517,0.05101,0.050369,0.049307,0.050348,0.052891,0.052198,0.049668,0.051122,0.049386,0.05075,0.052238,0.053118,0.051523,0.050325,0.05069,0.050008,0.051116,0.050946,0.051574
0.050463,0.049901,0.049221,0.051931,0.04894,0.049109,0.051344,0.048694,0.053754,0.048816,0.049935,0.049021,0.048052,0.048955,0.050261,0.050751,0.050678,0.048744,0.049294,0.050612,0.04906,0.067397,0.050438,0.047846,0.047633,0.04949,0.050554,0.049897,0.052557,0.047787,0.049641,0.053541,0.047697,0.046554,0.046285,0.049416,0.047603,0.05107,0.04753,0.047563
0.045234,0.04551,0.045539,0.045187,0.046856,0.047534,0.048347,0.046916,0.046389,0.04518,0.044975,0.047464,0.045555,0.045957,0.044367,0.045046,0.046163,0.046046,0.045663,0.045501,0.045645,0.047552,0.047167,0.046295,0.044234,0.045122,0.045888,0.049117,0.056075,0.049248,0.048196,0.048091,0.047828,0.047839,0.04928,0.0474,0.048587,0.047837,0.049077,0.049496
0.046526,0.046951,0.048389,0.047064,0.047388,0.047256,0.046617,0.047742,0.049393,0.048143,0.048182,0.055827,0.046755,0.04686,0.047906,0.046302,0.049427,0.048228,0.046722,0.047836,0.047665,0.049233,0.058567,0.051107,0.047204,0.047969,0.04902,0.047168,0.051136,0.045303,0.047906,0.048523,0.047409,0.045732,0.049523,0.069026,0.047804,0.047601,0.047749,0.046126
0.048138,0.045978,0.050104,0.046759,0.045954,0.045575,0.047688,0.046395,0.047377,0.04879,0.046842,0.050193,0.045684,0.047538,0.045784,0.045979,0.046853,0.045069,0.044409,0.046728,0.045249,0.049157,0.045033,0.044208,0.044272,0.044924,0.047729,0.046592,0.044544,0.044563,0.044093,0.04752,0.046085,0.046809,0.04439,0.043021,0.044065,0.045911,0.047073,0.043365
0.045072,0.060411,0.044585,0.044416,0.044031,0.044945,0.046195,0.04501,0.046204,0.048065,0.044901,0.043297,0.047237,0.045238,0.044745,0.046688,0.046849,0.046275,0.046597,0.046895,0.048347,0.045831,0.046389,0.046905,0.046875,0.046384,0.046944,0.047149,0.046964,0.047333,0.046081,0.047101,0.046316,0.046909,0.047653,0.04502,0.047926,0.04969,0.045648,0.046411
0.046964,0.046715,0.046928,0.048401,0.046935,0.047661,0.050595,0.046621,0.064824,0.045235,0.046097,0.046261,0.046864,0.046897,0.046256,0.046153,0.046152,0.050716,0.046965,0.04825,0.046531,0.04806,0.04426,0.043231,0.044951,0.044379,0.044478,0.044956,0.045744,0.044536,0.043905,0.045174,0.044249,0.045312,0.044305,0.044813,0.046171,0.046234,0.045294,0.046388
0.043867,0.044405,0.043091,0.044785,0.045277,0.04533,0.046614,0.044638,0.04443,0.044323,0.045629,0.044223,0.045523,0.046564,0.044816,0.062321,0.044971,0.045495,0.044318,0.045605,0.046016,0.046074,0.045022,0.046084,0.048104,0.046522,0.048004,0.046227,0.046266,0.045654,0.046653,0.047202,0.04782,0.049679,0.047758,0.048606,0.049947,0.048437,0.047263,0.04839
0.049378,0.045918,0.050193,0.046941,0.047427,0.049792,0.048418,0.048477,0.047373,0.046425,0.046081,0.046966,0.045552,0.051196,0.046841,0.046501,0.048443,0.04515,0.048885,0.044106,0.045913,0.045193,0.061415,0.044978,0.04804,0.04613,0.044339,0.044805,0.044599,0.044651,0.044534,0.044482,0.044018,0.045727,0.045989,0.043422,0.044894,0.043165,0.044807,0.04482
0.045637,0.044117,0.045069,0.044244,0.043012,0.04512,0.043633,0.044288,0.04369,0.044704,0.043133,0.045206,0.049412,0.046631,0.047303,0.050618,0.048375,0.04903,0.047128,0.048732,0.049253,0.045283,0.045985,0.045505,0.047042,0.048035,0.047976,0.04913,0.063457,0.046701,0.046367,0.045907,0.046916,0.046029,0.04533,0.047983,0.046847,0.044979,0.046408,0.045107
0.045835,0.045606,0.047816,0.046244,0.046272,0.050342,0.046473,0.044762,0.046937,0.046299,0.046138,0.045204,0.046044,0.044288,0.045387,0.046451,0.044216,0.044407,0.044751,0.044244,0.044038,0.04741,0.04555,0.045389,0.043052,0.046179,0.044282,0.045421,0.044581,0.04439,0.045761,0.044263,0.045089,0.042767,0.045857,0.04395,0.061575,0.043586,0.046948,0.047419
0.043806,0.044844,0.044055,0.045104,0.046216,0.04543,0.045526,0.048069,0.045567,0.046969,0.045327,0.046474,0.046831,0.046207,0.045847,0.047058,0.04743,0.045962,0.048188,0.044425,0.047306,0.046498,0.045362,0.045756,0.046092,0.046451,0.04658,0.046599,0.046325,0.047572,0.046438,0.047076,0.047833,0.047954,0.048109,0.049331,0.048689,0.048573,0.045391,0.047288
0.045261,0.046868,0.06583,0.045783,0.047872,0.043228,0.046944,0.043531,0.043425,0.043697,0.046572,0.043347,0.047242,0.04488,0.043234,0.044193,0.0439,0.044435,0.043809,0.044121,0.044539,0.044921,0.043762,0.042745,0.047142,0.043447,0.043493,0.04399,0.045019,0.046699,0.045594,0.044776,0.043854,0.045812,0.044364,0.046114,0.047393,0.044942,0.046142,0.04392
0.045554,0.045891,0.045869,0.045451,0.046017,0.04672,0.047114,0.047418,0.061734,0.048509,0.045931,0.047621,0.047168,0.046523,0.048597,0.051513,0.045181,0.046058,0.044694,0.047262,0.046192,0.04546,0.047635,0.044742,0.048099,0.046889,0.046385,0.04584,0.04665,0.046297,0.047324,0.045731,0.046792,0.046741,0.046567,0.047004,0.045417,0.045535,0.046011,0.042913
0.045423,0.04565,0.043802,0.047689,0.043381,0.043952,0.044687,0.04574,0.042784,0.047315,0.044759,0.044416,0.046544,0.04283,0.053887,0.043012,0.042125,0.043143,0.045079,0.045737,0.045026,0.044677,0.042722,0.044715,0.043526,0.043787,0.044069,0.045194,0.043897,0.045023,0.048436,0.043888,0.042734,0.044621,0.047092,0.045728,0.046088,0.045089,0.047252,0.047
0.048191,0.049398,0.045377,0.045978,0.046582,0.048983,0.045361,0.053201,0.04398,0.046864,0.047684,0.046242,0.046005,0.047455,0.044685,0.045848,0.046255,0.047525,0.045434,0.046246,0.043899,0.045399,0.063959,0.047716,0.045712,0.047747,0.048001,0.046251,0.045221,0.04783,0.045717,0.046085,0.046392,0.046075,0.049797,0.047541,0.046641,0.047119,0.045101,0.044708
0.046519,0.046437,0.049267,0.046969,0.047481,0.044862,0.048712,0.044314,0.04795,0.044509,0.04452,0.044436,0.045888,0.044305,0.043982,0.04461,0.044988,0.043345,0.043123,0.046158,0.046375,0.04571,0.044234,0.044451,0.044063,0.044512,0.04558,0.044425,0.047915,0.063727,0.0467,0.045056,0.048297,0.045536,0.04469,0.048348,0.044163,0.043683,0.045281,0.043154
0.047668,0.046057,0.04393,0.043161,0.043481,0.044886,0.044193,0.044274,0.04699,0.045361,0.045023,0.045127,0.047114,0.046602,0.045881,0.045303,0.04556,0.046886,0.047799,0.047684,0.04787,0.04617,0.048405,0.045337,0.047363,0.04718,0.045981,0.044557,0.045848,0.046905,0.04534,0.045123,0.044705,0.046942,0.047467,0.06447,0.047668,0.046992,0.048871,0.045088
0.046494,0.04586,0.046653,0.045404,0.045757,0.046346,0.046445,0.046456,0.047853,0.048913,0.048903,0.046411,0.046152,0.046394,0.045013,0.047463,0.049892,0.044621,0.043921,0.044232,0.044008,0.045887,0.044628,0.044469,0.043676,0.04274,0.044258,0.044532,0.043488,0.042468,0.045055,0.046522,0.045544,0.045662,0.043656,0.043035,0.045948,0.043625,0.043668,0.044763
0.045294,0.044113,0.044032,0.062856,0.044564,0.045984,0.042911,0.042075,0.044263,0.044024,0.043862,0.044515,0.044182,0.044079,0.046982,0.04711,0.04423,0.045373,0.045353,0.047396,0.049955,0.047378,0.045782,0.04608,0.04552,0.044821,0.047333,0.044279,0.048072,0.045388,0.046864,0.047225,0.046638,0.04494,0.047516,0.047873,0.047576,0.0495,0.046773,0.045474
0.047973,0.045977,0.049868,0.044915,0.044848,0.04382,0.04683,0.04583,0.047167,0.067767,0.046483,0.045689,0.047508,0.04633,0.04564,0.048961,0.046205,0.046701,0.045556,0.045511,0.044925,0.047653,0.047309,0.044035,0.043482,0.044299,0.043485,0.043793,0.043234,0.045477,0.044387,0.044694,0.043524,0.046107,0.047382,0.045367,0.043563,0.043253,0.046706,0.045187
0.042899,0.046224,0.043068,0.044646,0.044191,0.04398,0.043124,0.044259,0.04374,0.044775,0.043969,0.044505,0.045049,0.042946,0.043846,0.044147,0.060802,0.044067,0.045272,0.045509,0.046787,0.050833,0.046924,0.046744,0.046237,0.047225,0.047745,0.049431,0.048883,0.04687,0.046138,0.047821,0.047377,0.051252,0.048917,0.047127,0.047094,0.045855,0.04638,0.044167
0.045909,0.044708,0.04839,0.04713,0.047277,0.044292,0.047065,0.045822,0.047101,0.049739,0.046274,0.047057,0.044237,0.04793,0.05262,0.043202,0.043614,0.043716,0.045746,0.045016,0.044601,0.043756,0.054492,0.045181,0.044098,0.043511,0.044334,0.044285,0.04441,0.044913,0.044197,0.045977,0.043989,0.044646,0.044251,0.045779,0.045359,0.043022,0.04679,0.042732
0.044744,0.044421,0.043689,0.044849,0.045521,0.042577,0.048773,0.044606,0.044018,0.044626,0.042955,0.044769,0.045597,0.045603,0.04609,0.047394,0.046496,0.046041,0.046187,0.046365,0.045855,0.044424,0.046687,0.046447,0.044573,0.045883,0.045193,0.045305,0.045732,0.045124,0.061405,0.045113,0.04514,0.049268,0.045808,0.045457,0.046079,0.047968,0.047141,0.045836
0.048798,0.044829,0.044985,0.047323,0.045372,0.046063,0.04545,0.04498,0.044625,0.04654,0.046595,0.046486,0.04537,0.044186,0.0445,0.045625,0.044297,0.048748,0.047523,0.045771,0.04595,0.047576,0.046769,0.045308,0.045659,0.047532,0.046856,0.045873,0.045127,0.043192,0.044584,0.046945,0.048081,0.045743,0.043749,0.043962,0.047415,0.063164,0.046943,0.045651
0.044465,0.044498,0.048136,0.04445,0.045058,0.045351,0.045487,0.044668,0.045925,0.046475,0.048402,0.046517,0.043714,0.046142,0.044574,0.042629,0.043201,0.042677,0.043604,0.044154,0.045394,0.043129,0.043453,0.043794,0.04471,0.045891,0.046068,0.043725,0.04362,0.044153,0.045524,0.042793,0.044445,0.042685,0.044423,0.043333,0.0449,0.046501,0.045726,0.046366
0.046333,0.047119,0.0482,0.066245,0.046074,0.048192,0.045992,0.048378,0.047341,0.048558,0.047662,0.045316,0.04501,0.046191,0.046202,0.044712,0.047812,0.047184,0.047607,0.047223,0.046137,0.043786,0.046124,0.047144,0.045762,0.046599,0.047508,0.047063,0.045417,0.047819,0.045525,0.046221,0.046502,0.044996,0.046079,0.044561,0.044713,0.047492,0.046018,0.046953
0.044362,0.044449,0.042282,0.044717,0.044217,0.045424,0.043872,0.04323,0.043468,0.042787,0.044937,0.065044,0.046592,0.043477,0.046104,0.044296,0.045242,0.042664,0.045285,0.043066,0.043913,0.045273,0.043771,0.044391,0.044021,0.04451,0.043693,0.045386,0.044241,0.045622,0.043316,0.043826,0.043922,0.044941,0.042791,0.045279,0.043675,0.046836,0.046403,0.046247
0.04436,0.043359,0.047643,0.04443,0.046067,0.04521,0.044708,0.046103,0.048826,0.047514,0.046873,0.04654,0.046988,0.046941,0.045921,0.045527,0.047164,0.066417,0.046225,0.04537,0.046364,0.045335,0.045565,0.046351,0.046434,0.046184,0.046044,0.046572,0.045896,0.045943,0.046016,0.05069,0.046303,0.046305,0.045341,0.045836,0.049336,0.044868,0.045663,0.045253
0.04572,0.047385,0.04516,0.045129,0.04563,0.04564,0.049635,0.046682,0.046341,0.046368,0.047923,0.046366,0.045918,0.047237,0.044965,0.043423,0.045341,0.043057,0.043588,0.045519,0.043814,0.043171,0.042573,0.044579,0.062437,0.043945,0.043541,0.047898,0.043182,0.045213,0.043864,0.044451,0.044897,0.044933,0.046702,0.043774,0.042443,0.04594,0.044648,0.043093
0.048253,0.04529,0.04325,0.044834,0.043435,0.043548,0.043065,0.043619,0.042527,0.044874,0.043674,0.044988,0.042794,0.044302,0.048282,0.048273,0.04719,0.047329,0.04773,0.048813,0.046549,0.04631,0.048409,0.046999,0.04516,0.046787,0.046696,0.046592,0.04511,0.045442,0.064095,0.047967,0.047786,0.045127,0.046369,0.044787,0.046371,0.045709,0.047402,0.045467
0.044913,0.045157,0.047557,0.046248,0.045206,0.045775,0.047176,0.046738,0.043907,0.045233,0.045241,0.043336,0.047476,0.046404,0.044174,0.043926,0.044094,0.043432,0.04523,0.045305,0.044289,0.053311,0.044132,0.045566,0.044404,0.047598,0.044941,0.044635,0.043825,0.044348,0.04495,0.045627,0.04305,0.042717,0.043969,0.045347,0.045085,0.046662,0.060288,0.044037
0.045028,0.046287,0.048634,0.043509,0.043733,0.042498,0.043635,0.048127,0.047485,0.042384,0.045534,0.042177,0.044243,0.045627,0.04552,0.048095,0.046191,0.047596,0.045621,0.047512,0.04486,0.046784,0.047413,0.047131,0.045535,0.046667,0.046507,0.045472,0.046947,0.046671,0.045428,0.046924,0.045055,0.045025,0.048676,0.050776,0.046913,0.046733,0.048401,0.046911
0.046908,0.047637,0.045902,0.046846,0.057291,0.048204,0.047824,0.046005,0.045953,0.04838,0.05097,0.044811,0.046229,0.047864,0.048091,0.043776,0.048405,0.045884,0.043793,0.043332,0.045213,0.045158,0.044218,0.043731,0.043566,0.045312,0.047085,0.045677,0.044304,0.046884,0.044132,0.044684,0.047504,0.044689,0.043536,0.044304,0.043213,0.044559,0.045234,0.043425
0.043804,0.045699,0.044873,0.043354,0.044944,0.042306,0.04545,0.043034,0.043322,0.046317,0.046321,0.065339,0.042774,0.042921,0.043752,0.045019,0.043506,0.045711,0.044534,0.04249,0.044707,0.043967,0.044823,0.045176,0.04669,0.045497,0.046879,0.046432,0.045924,0.046839,0.04469,0.048283,0.04607,0.046396,0.044964,0.045485,0.046422,0.048079,0.045358,0.045011
0.043868,0.047415,0.044398,0.045302,0.045986,0.045435,0.04886,0.045364,0.045016,0.044942,0.046966,0.045577,0.045714,0.0474,0.0457,0.046447,0.045917,0.045583,0.065899,0.044868,0.04624,0.047083,0.046521,0.047026,0.046172,0.046988,0.047065,0.044074,0.045274,0.045107,0.042962,0.05236,0.046785,0.043734,0.043212,0.04463,0.04406,0.043965,0.042386,0.042974
0.046231,0.045627,0.043015,0.044572,0.057538,0.04639,0.045835,0.043438,0.045488,0.044721,0.044915,0.046271,0.04404,0.046381,0.045312,0.047404,0.050197,0.047854,0.046957,0.048547,0.045099,0.045093,0.047116,0.045057,0.046749,0.063718,0.046328,0.04647,0.046755,0.045269,0.047044,0.045722,0.046247,0.045067,0.045834,0.046631,0.047586,0.047146,0.047749,0.046759
0.051038,0.049006,0.049666,0.050565,0.044823,0.046871,0.048052,0.046466,0.047454,0.04868,0.044807,0.045988,0.043471,0.043776,0.043845,0.043935,0.043975,0.044844,0.046152,0.04259,0.046067,0.045042,0.046352,0.046811,0.04312,0.044515,0.045474,0.043636,0.044177,0.044531,0.045763,0.055395,0.043073,0.048076,0.047225,0.045251,0.046463,0.044587,0.045383,0.047795
