0.12432,0.10022,0.099428,0.098078,0.10093,0.092431,0.093904,0.1047,0.11219,0.10706,0.10804,0.10964,0.11491,0.10273,0.14126,0.11801,0.11393,0.1158,0.115,0.10953,0.10772,0.1029,0.10658,0.10366,0.10273,0.10423,0.10341,0.10196,0.10039,0.10958,0.1,0.12767,0.10485,0.10475,0.10806,0.10492,0.10154,0.10759,0.1011,0.10144
0.068877,0.068184,0.06905,0.069163,0.072704,0.070826,0.071334,0.069319,0.071285,0.10527,0.072562,0.071179,0.074956,0.075333,0.075076,0.072955,0.072184,0.074569,0.070579,0.07261,0.07356,0.070987,0.07379,0.073831,0.071547,0.069408,0.068034,0.099885,0.075199,0.071377,0.069138,0.068827,0.068775,0.070412,0.073205,0.070202,0.069741,0.069051,0.091994,0.069943
0.065587,0.066185,0.06348,0.064995,0.063436,0.092194,0.065009,0.068143,0.062705,0.063719,0.063487,0.062767,0.067085,0.064575,0.063002,0.061661,0.066597,0.070463,0.066604,0.062397,0.066513,0.064189,0.064014,0.093137,0.064242,0.062604,0.062894,0.062792,0.063921,0.062912,0.064293,0.065712,0.06652,0.061739,0.062198,0.064334,0.066374,0.062936,0.063472,0.063699
0.089579,0.062927,0.061153,0.062895,0.06227,0.062048,0.061343,0.059776,0.060788,0.060865,0.0621,0.061093,0.062839,0.061156,0.061956,0.064294,0.061762,0.061257,0.088583,0.063116,0.061027,0.062673,0.062227,0.060888,0.06115,0.063658,0.061728,0.059749,0.064354,0.061443,0.061973,0.061819,0.060734,0.062025,0.062014,0.062332,0.086037,0.060549,0.058774,0.064972
0.057839,0.060753,0.060071,0.060179,0.058557,0.058895,0.060858,0.060439,0.059687,0.058664,0.059023,0.060526,0.060248,0.070682,0.06058,0.062288,0.060246,0.059558,0.061291,0.060452,0.062269,0.063131,0.064332,0.060303,0.059546,0.062311,0.060431,0.061376,0.059485,0.059392,0.0589,0.084284,0.061467,0.059737,0.058099,0.059588,0.062288,0.061049,0.060985,0.061463
0.061251,0.059101,0.059513,0.057645,0.058334,0.058326,0.063134,0.05959,0.08727,0.062935,0.062048,0.05863,0.059883,0.057851,0.062578,0.059438,0.060234,0.061886,0.059376,0.05866,0.060032,0.057346,0.058078,0.056813,0.057022,0.060099,0.087287,0.057798,0.05765,0.058677,0.060734,0.059715,0.059135,0.081665,0.05893,0.059238,0.062124,0.062175,0.063778,0.059772
0.062894,0.059064,0.058856,0.05825,0.087402,0.063121,0.05829,0.059603,0.058439,0.058045,0.057118,0.056852,0.058994,0.060147,0.059273,0.057394,0.060593,0.070801,0.057939,0.061422,0.060093,0.082289,0.060072,0.060753,0.058696,0.062827,0.070243,0.063301,0.058998,0.061129,0.059754,0.061013,0.064971,0.060802,0.060326,0.058452,0.057342,0.060857,0.058107,0.087377
0.061355,0.057434,0.058324,0.056863,0.05781,0.060102,0.059307,0.060793,0.058674,0.057692,0.057602,0.057514,0.059516,0.056932,0.062887,0.059288,0.058924,0.088358,0.057485,0.056482,0.057497,0.058331,0.059257,0.05835,0.060059,0.060275,0.058956,0.05896,0.056526,0.079903,0.066131,0.056614,0.059439,0.057392,0.089476,0.065953,0.059092,0.058795,0.06266,0.06018
0.059207,0.060753,0.061922,0.057128,0.057828,0.062637,0.061519,0.058782,0.060379,0.060298,0.06165,0.059172,0.089827,0.063033,0.062213,0.060105,0.057623,0.059373,0.058005,0.059277,0.057197,0.058324,0.063291,0.057369,0.060755,0.058239,0.059406,0.058712,0.059676,0.057849,0.091431,0.062757,0.058236,0.057368,0.063093,0.058933,0.058582,0.058002,0.056745,0.058781
0.058789,0.057945,0.057416,0.061326,0.059423,0.057571,0.057528,0.089911,0.061226,0.06061,0.058976,0.062175,0.059179,0.057794,0.057243,0.062196,0.059771,0.058335,0.059152,0.05979,0.058384,0.060422,0.058294,0.058243,0.058179,0.090588,0.058153,0.074928,0.057842,0.060364,0.06031,0.062392,0.061181,0.058363,0.05916,0.059479,0.059114,0.059907,0.062809,0.062263
0.061687,0.060425,0.058237,0.087636,0.058582,0.06178,0.059203,0.057183,0.05721,0.057898,0.058216,0.055639,0.056991,0.056473,0.0581,0.056398,0.060275,0.059114,0.058689,0.057463,0.090047,0.058125,0.058154,0.056928,0.058239,0.059033,0.056933,0.058313,0.058243,0.058254,0.056612,0.057425,0.059897,0.060627,0.059628,0.056112,0.059926,0.058635,0.089146,0.056367
0.057226,0.058205,0.057415,0.05857,0.056661,0.058443,0.058282,0.055244,0.055604,0.055361,0.057561,0.054224,0.055269,0.054141,0.058709,0.085804,0.055916,0.054935,0.05583,0.057861,0.055732,0.055845,0.055777,0.058042,0.060416,0.054728,0.056343,0.060856,0.057058,0.057169,0.059554,0.061795,0.058308,0.085857,0.054425,0.056144,0.063523,0.059483,0.057709,0.059547
0.058741,0.059636,0.057688,0.056776,0.059343,0.056532,0.058435,0.055365,0.058955,0.057146,0.057537,0.086837,0.057883,0.057755,0.056136,0.057393,0.062467,0.059558,0.059789,0.059894,0.060505,0.056874,0.058599,0.073897,0.060997,0.057876,0.056636,0.059243,0.09003,0.060821,0.058968,0.056443,0.058438,0.060248,0.056766,0.057565,0.060427,0.057568,0.058775,0.057616
0.059833,0.056588,0.059,0.056777,0.056976,0.057154,0.087918,0.05854,0.057446,0.05602,0.060017,0.055603,0.05801,0.057166,0.058587,0.05836,0.060331,0.057066,0.059196,0.058745,0.056112,0.055103,0.055295,0.072224,0.05811,0.055976,0.053688,0.058026,0.057581,0.054655,0.05846,0.055299,0.056786,0.055611,0.059041,0.054051,0.057524,0.056372,0.057852,0.059831
0.059263,0.10494,0.07795,0.07309,0.071641,0.060438,0.058685,0.060698,0.064985,0.060726,0.060906,0.060433,0.063773,0.062058,0.061185,0.068758,0.06332,0.069718,0.073149,0.090575,0.061997,0.059607,0.059608,0.059617,0.063219,0.068799,0.079164,0.091188,0.075204,0.083836,0.085666,0.087953,0.083769,0.069959,0.070564,0.069004,0.070476,0.10329,0.069059,0.066066
0.067373,0.06677,0.067538,0.068613,0.071833,0.07427,0.073105,0.069996,0.066738,0.065103,0.068866,0.063282,0.062401,0.063618,0.095376,0.060806,0.065261,0.064497,0.062017,0.061755,0.059038,0.0608,0.061927,0.060095,0.059203,0.060333,0.062839,0.062125,0.06122,0.063045,0.061161,0.060148,0.095806,0.062064,0.060986,0.060354,0.060698,0.058436,0.05585,0.055492
0.059436,0.056974,0.059872,0.057637,0.060774,0.056983,0.05768,0.058188,0.057834,0.088843,0.059428,0.058287,0.056691,0.057599,0.061397,0.05705,0.058892,0.060375,0.070015,0.071913,0.068747,0.072904,0.067205,0.074245,0.061568,0.066981,0.063567,0.092501,0.059749,0.062022,0.065611,0.064678,0.065449,0.066861,0.063786,0.061523,0.060996,0.062523,0.062783,0.063353
0.060697,0.064439,0.062438,0.06152,0.059858,0.093992,0.061555,0.068804,0.079203,0.077439,0.06858,0.060366,0.060513,0.059665,0.0602,0.059302,0.061311,0.062288,0.059126,0.059352,0.059253,0.063417,0.095193,0.064551,0.063819,0.062192,0.061196,0.065088,0.063297,0.061412,0.063358,0.064787,0.06206,0.064496,0.062365,0.06178,0.059226,0.060218,0.062777,0.057738
0.093678,0.059881,0.060503,0.059971,0.058727,0.058814,0.060788,0.057885,0.059687,0.062111,0.059962,0.059031,0.0585,0.062034,0.060957,0.060821,0.060511,0.067973,0.07329,0.059746,0.063228,0.058544,0.062068,0.06165,0.061431,0.060559,0.059872,0.060137,0.059982,0.058752,0.060922,0.058434,0.062766,0.060282,0.062653,0.093257,0.061228,0.059529,0.074055,0.06289
0.060966,0.05844,0.06409,0.082142,0.074268,0.062928,0.061364,0.083443,0.081601,0.075055,0.0937,0.085031,0.093646,0.1254,0.087015,0.095869,0.0893,0.08822,0.090591,0.098358,0.091061,0.079204,0.069133,0.070212,0.074483,0.071386,0.069402,0.067967,0.074399,0.070881,0.11878,0.07014,0.068266,0.068399,0.068813,0.079157,0.087037,0.0911,0.07282,0.070776
0.068579,0.069822,0.066115,0.065807,0.067981,0.069796,0.069266,0.06823,0.10199,0.065468,0.062598,0.062715,0.065407,0.064958,0.061941,0.064348,0.064542,0.06357,0.060299,0.063002,0.060786,0.06234,0.059409,0.0608,0.062369,0.09465,0.062513,0.061844,0.062441,0.060386,0.060491,0.07438,0.074044,0.077502,0.064877,0.065577,0.067906,0.063653,0.062903,0.062482
0.060165,0.061457,0.061712,0.093737,0.063788,0.063795,0.063685,0.062138,0.063193,0.064647,0.08007,0.074776,0.074951,0.077214,0.082049,0.081906,0.079118,0.086124,0.075747,0.069177,0.069964,0.10821,0.074022,0.090711,0.089081,0.082657,0.082453,0.075103,0.078825,0.071267,0.069438,0.083726,0.073172,0.068436,0.066436,0.064996,0.07119,0.082347,0.099686,0.063783
0.064444,0.068292,0.065626,0.062935,0.062417,0.061163,0.063372,0.061755,0.061887,0.062365,0.062349,0.064809,0.061301,0.063836,0.062527,0.059661,0.093853,0.060364,0.059463,0.059346,0.061894,0.061317,0.061498,0.061361,0.060661,0.058695,0.065974,0.065822,0.059417,0.061807,0.061815,0.059541,0.061309,0.093384,0.061637,0.060236,0.057501,0.058956,0.060861,0.057054
0.056045,0.055707,0.059699,0.060075,0.055478,0.058182,0.057543,0.064672,0.064089,0.060298,0.062736,0.094675,0.07131,0.055403,0.059583,0.056696,0.059217,0.056891,0.056898,0.057881,0.070371,0.071529,0.068168,0.060573,0.060771,0.059517,0.060397,0.060864,0.063663,0.091697,0.062298,0.060513,0.060516,0.059882,0.062516,0.061909,0.060399,0.058381,0.059135,0.062231
0.068513,0.077268,0.07336,0.08048,0.074827,0.086398,0.1208,0.086912,0.086204,0.086735,0.06705,0.070756,0.077691,0.091962,0.085756,0.081057,0.070325,0.069663,0.068372,0.069097,0.06574,0.066198,0.06911,0.068353,0.1019,0.067031,0.087931,0.074019,0.0706,0.065068,0.06093,0.063241,0.073209,0.076438,0.066761,0.064667,0.063922,0.064515,0.063227,0.067198
0.063679,0.066105,0.10178,0.064211,0.067957,0.065648,0.067729,0.068367,0.064038,0.069302,0.063276,0.066898,0.071104,0.081669,0.074564,0.082847,0.078841,0.086256,0.086759,0.08583,0.10369,0.0693,0.064851,0.069005,0.070643,0.066837,0.083064,0.071228,0.071755,0.069706,0.072729,0.073132,0.081762,0.090179,0.084834,0.084923,0.086372,0.1209,0.080174,0.067675
0.068781,0.07035,0.069641,0.071626,0.069563,0.068699,0.069401,0.069925,0.0728,0.067733,0.082837,0.089638,0.081502,0.088819,0.084856,0.12831,0.087963,0.090238,0.096603,0.089383,0.079761,0.08012,0.076328,0.075217,0.076515,0.086402,0.077225,0.073,0.076256,0.076611,0.070414,0.063835,0.067544,0.10237,0.068174,0.06615,0.068546,0.068484,0.064011,0.065454
0.064036,0.062579,0.063034,0.062473,0.060782,0.063632,0.060607,0.060135,0.060284,0.060729,0.091522,0.058668,0.059031,0.060629,0.064106,0.058247,0.059849,0.05942,0.05862,0.059075,0.061411,0.063771,0.058589,0.060061,0.057884,0.056522,0.057168,0.055552,0.08566,0.057643,0.058155,0.056857,0.060029,0.068195,0.058857,0.057975,0.056617,0.056702,0.056693,0.054438
0.055416,0.061648,0.058318,0.05853,0.063839,0.069862,0.060475,0.060789,0.058938,0.060155,0.06153,0.059722,0.05918,0.057797,0.058006,0.06013,0.062933,0.057399,0.058383,0.061294,0.06286,0.057527,0.057681,0.080697,0.059586,0.058529,0.06175,0.057898,0.056971,0.059987,0.059861,0.05684,0.057564,0.061076,0.06534,0.072746,0.070941,0.066628,0.064808,0.066397
0.062978,0.094033,0.063048,0.061806,0.059695,0.060827,0.0632,0.058184,0.058938,0.065306,0.067444,0.06092,0.060961,0.060169,0.059936,0.062316,0.059251,0.062047,0.085812,0.062263,0.064229,0.064849,0.065549,0.065946,0.086912,0.066833,0.066152,0.066744,0.069306,0.063022,0.063994,0.059374,0.063748,0.062882,0.06037,0.070473,0.094562,0.066904,0.06654,0.065456
0.060347,0.065432,0.060096,0.061397,0.063885,0.061368,0.067417,0.061486,0.061906,0.06202,0.061319,0.058762,0.0632,0.064129,0.09336,0.06484,0.05985,0.060719,0.057117,0.06839,0.05783,0.059861,0.060033,0.058721,0.058576,0.065986,0.065836,0.083405,0.070081,0.062488,0.073339,0.086088,0.061655,0.063672,0.062912,0.079813,0.065259,0.064485,0.062321,0.064439
0.065762,0.063604,0.067196,0.071501,0.064952,0.065191,0.06204,0.062677,0.059905,0.098964,0.076628,0.062749,0.070862,0.061618,0.065316,0.063454,0.067699,0.065206,0.075028,0.095543,0.088717,0.078955,0.084021,0.089628,0.081265,0.085362,0.11456,0.15216,0.1236,0.12197,0.13076,0.13111,0.11391,0.10112,0.10133,0.11295,0.10085,0.10369,0.11012,0.11448
0.12228,0.11179,0.12201,0.086741,0.10451,0.14245,0.10641,0.10404,0.090018,0.089157,0.093189,0.091817,0.077266,0.073532,0.072893,0.076022,0.080566,0.096058,0.084964,0.09046,0.10231,0.091253,0.10829,0.086667,0.087224,0.086024,0.086465,0.090279,0.089305,0.097288,0.088373,0.091496,0.07682,0.090997,0.091277,0.091148,0.10485,0.10866,0.097823,0.096593
0.11739,0.093861,0.09542,0.088505,0.090326,0.088267,0.088816,0.081474,0.080283,0.078705,0.086166,0.10329,0.095347,0.10505,0.093419,0.083909,0.078735,0.12819,0.0954,0.09839,0.095211,0.094544,0.10569,0.11441,0.11663,0.10943,0.10046,0.10888,0.11776,0.094046,0.094505,0.098915,0.090016,0.075093,0.073566,0.11311,0.087305,0.085071,0.068344,0.064071
0.078741,0.094917,0.085951,0.066946,0.067287,0.071903,0.074962,0.076239,0.073037,0.073968,0.072613,0.066612,0.095736,0.072363,0.064748,0.071052,0.078858,0.067879,0.064199,0.067297,0.066462,0.067106,0.067935,0.062803,0.064716,0.06418,0.061184,0.061597,0.066008,0.06256,0.093856,0.062464,0.064466,0.063152,0.064944,0.061215,0.064351,0.065184,0.0656,0.068093
0.065113,0.064271,0.06563,0.063259,0.066924,0.068768,0.06364,0.076073,0.064616,0.064414,0.066495,0.060267,0.061533,0.06597,0.065665,0.064846,0.066115,0.064238,0.0652,0.061256,0.066279,0.069912,0.07019,0.07096,0.069637,0.096835,0.077088,0.07978,0.076889,0.069381,0.067306,0.065349,0.065402,0.071007,0.06849,0.085533,0.078064,0.063767,0.063377,0.064812
0.066759,0.064523,0.062449,0.094453,0.062747,0.064478,0.063171,0.075806,0.080116,0.071447,0.070419,0.06645,0.067582,0.06391,0.070816,0.068366,0.064803,0.071558,0.068291,0.06601,0.092964,0.069654,0.067683,0.083466,0.077933,0.070022,0.063323,0.06735,0.080046,0.066602,0.065433,0.064601,0.062887,0.060862,0.060641,0.061191,0.066283,0.070729,0.098287,0.069716
0.06752,0.065533,0.06615,0.066213,0.067097,0.066423,0.063004,0.06835,0.065399,0.065202,0.067444,0.068946,0.064846,0.063937,0.067086,0.085781,0.060528,0.059915,0.066002,0.061627,0.059544,0.062315,0.063644,0.062163,0.060353,0.057932,0.06773,0.064572,0.067209,0.061904,0.065172,0.06193,0.060507,0.094107,0.063953,0.063285,0.064006,0.067317,0.061169,0.060384
0.059937,0.062713,0.061245,0.059127,0.058463,0.064241,0.058913,0.05725,0.063647,0.060516,0.085221,0.058351,0.063194,0.05927,0.060059,0.058998,0.060012,0.058863,0.057907,0.064427,0.062871,0.062172,0.062179,0.061158,0.059697,0.064535,0.061152,0.064313,0.087647,0.063593,0.063533,0.059668,0.061823,0.065482,0.066468,0.067242,0.065326,0.066009,0.063592,0.061431
0.062732,0.064549,0.061795,0.06048,0.063818,0.06061,0.089288,0.061104,0.065076,0.060985,0.06634,0.063018,0.060696,0.05987,0.060556,0.056513,0.059822,0.062625,0.059783,0.056841,0.059107,0.058336,0.059831,0.088673,0.062597,0.057572,0.062135,0.059807,0.057289,0.058829,0.056861,0.056787,0.058095,0.065649,0.060415,0.064071,0.063203,0.060317,0.062281,0.068025
