0.1936,0.16125,0.16698,0.15512,0.15919,0.15991,0.15313,0.15838,0.15398,0.15831,0.15158,0.16406,0.15205,0.15094,0.1512,0.16185,0.15367,0.16366,0.15522,0.15178,0.16704,0.22101,0.1879,0.1813,0.17837,0.21479,0.18324,0.1877,0.19269,0.17826,0.18425,0.18758,0.17329,0.18663,0.18059,0.20878,0.22024,0.1943,0.19407,0.17594
0.1098,0.091735,0.093348,0.093366,0.089502,0.085763,0.085656,0.088256,0.087733,0.0911,0.085883,0.090862,0.11254,0.10781,0.10239,0.086926,0.10599,0.12422,0.11946,0.14432,0.14971,0.13577,0.12958,0.16123,0.1524,0.15918,0.15025,0.15536,0.12357,0.11884,0.11417,0.10988,0.106,0.10685,0.10953,0.10851,0.10014,0.10693,0.1265,0.13303
0.11233,0.11521,0.13723,0.12527,0.10502,0.10447,0.11331,0.10014,0.09696,0.096919,0.1017,0.10775,0.093461,0.090027,0.085735,0.084606,0.087445,0.083517,0.08262,0.086196,0.099349,0.092027,0.084732,0.081,0.082674,0.083686,0.097156,0.084964,0.096853,0.097271,0.081314,0.088106,0.085893,0.096052,0.10865,0.10435,0.11107,0.1172,0.10638,0.094556
0.10502,0.11915,0.11597,0.093385,0.086889,0.098343,0.086723,0.11043,0.10442,0.08084,0.099817,0.09318,0.080337,0.079453,0.12208,0.13284,0.10789,0.11553,0.13461,0.12487,0.13886,0.11454,0.1045,0.10994,0.099824,0.10052,0.11528,0.11643,0.10628,0.088869,0.094049,0.10201,0.099516,0.085155,0.086788,0.082853,0.10997,0.099841,0.084003,0.078898
0.08144,0.088803,0.096948,0.075184,0.090486,0.089831,0.087492,0.077151,0.09051,0.11788,0.11068,0.10186,0.11146,0.090534,0.093589,0.13479,0.096504,0.10851,0.11707,0.11317,0.11781,0.10865,0.095823,0.1,0.090514,0.092573,0.10065,0.087663,0.087057,0.0808,0.080163,0.081917,0.087456,0.086592,0.081291,0.08092,0.077336,0.073953,0.079892,0.076822
0.06986,0.07207,0.071571,0.072193,0.069832,0.076472,0.079705,0.073492,0.071481,0.07251,0.072814,0.086232,0.066391,0.072137,0.068386,0.066699,0.069863,0.071383,0.072954,0.068539,0.084952,0.065773,0.06757,0.067144,0.06709,0.066835,0.071436,0.068063,0.07019,0.071312,0.069238,0.067833,0.066684,0.070645,0.067736,0.067248,0.06471,0.065319,0.073796,0.067706
0.065118,0.064028,0.064953,0.064732,0.062992,0.063185,0.066804,0.063361,0.066105,0.062579,0.064606,0.066,0.063461,0.066586,0.065205,0.064784,0.067133,0.066364,0.064382,0.062965,0.067387,0.065593,0.065135,0.064567,0.064857,0.065763,0.067462,0.088327,0.06599,0.065996,0.064314,0.066989,0.064482,0.065179,0.067882,0.064701,0.065225,0.065144,0.066665,0.063226
0.062855,0.06511,0.062881,0.065501,0.062176,0.063668,0.063263,0.063715,0.070635,0.064793,0.063831,0.063776,0.064242,0.062169,0.066713,0.062976,0.065523,0.065069,0.065674,0.064422,0.063312,0.0635,0.0662,0.065313,0.062464,0.065945,0.061881,0.063615,0.063453,0.065716,0.062185,0.064766,0.064752,0.06466,0.087816,0.065033,0.062248,0.064548,0.064633,0.068218
0.064436,0.063615,0.061606,0.063393,0.064832,0.061515,0.062216,0.063731,0.061513,0.06174,0.062139,0.066718,0.064387,0.067414,0.064452,0.062677,0.059147,0.060174,0.059522,0.062344,0.061793,0.061194,0.061139,0.061685,0.061032,0.059539,0.061185,0.06,0.060922,0.064435,0.05968,0.060762,0.059487,0.063348,0.061081,0.061205,0.063566,0.067082,0.061717,0.063221
0.085742,0.063714,0.06132,0.063123,0.063794,0.0675,0.064407,0.062618,0.063763,0.060916,0.063126,0.064293,0.063651,0.06194,0.063906,0.062774,0.061188,0.062263,0.062355,0.0645,0.063798,0.061633,0.064464,0.065688,0.061914,0.063284,0.062077,0.062825,0.063076,0.063228,0.063747,0.064187,0.063093,0.064164,0.062652,0.064743,0.062558,0.061621,0.061583,0.063597
0.061656,0.062436,0.065466,0.062497,0.064111,0.061584,0.083224,0.062455,0.060885,0.061559,0.062815,0.062972,0.064122,0.062469,0.062621,0.06296,0.059838,0.061077,0.059664,0.059927,0.060701,0.0603,0.058923,0.061372,0.058472,0.058894,0.060962,0.061191,0.061146,0.058779,0.060366,0.062128,0.063012,0.061191,0.062289,0.063186,0.063308,0.062135,0.063147,0.061486
0.06605,0.063667,0.073608,0.064492,0.062483,0.069182,0.061383,0.072446,0.066954,0.072973,0.064472,0.065338,0.065041,0.086357,0.065569,0.065823,0.066319,0.0704,0.066899,0.063744,0.065425,0.063062,0.067677,0.066385,0.062962,0.070111,0.062692,0.063426,0.064152,0.062114,0.063701,0.062665,0.065004,0.065803,0.063441,0.069115,0.061534,0.065605,0.06897,0.067117
0.079548,0.069685,0.066096,0.065325,0.0651,0.068519,0.069471,0.068613,0.065176,0.065135,0.067498,0.07047,0.066676,0.070929,0.066655,0.063978,0.068366,0.090393,0.067003,0.068429,0.064007,0.064958,0.066388,0.06598,0.06672,0.069037,0.068332,0.063765,0.066847,0.068885,0.065099,0.064877,0.061444,0.062302,0.064389,0.069885,0.061854,0.065682,0.066397,0.06614
0.06297,0.067266,0.064738,0.062409,0.068258,0.062592,0.063401,0.073009,0.06785,0.06693,0.064624,0.071453,0.062703,0.062438,0.064048,0.065829,0.061736,0.063959,0.066032,0.0688,0.065648,0.063406,0.061836,0.061663,0.089041,0.064559,0.066605,0.062326,0.064866,0.067249,0.062758,0.062736,0.065083,0.064866,0.063804,0.06542,0.062064,0.062226,0.064704,0.066241
0.067073,0.066475,0.064717,0.064997,0.065259,0.064336,0.064125,0.060767,0.067909,0.062664,0.063031,0.061803,0.067459,0.062139,0.063414,0.061473,0.064147,0.065884,0.063851,0.060853,0.062198,0.060155,0.061207,0.063044,0.064217,0.06183,0.06171,0.063706,0.063015,0.062499,0.081524,0.062062,0.062906,0.062929,0.060877,0.063587,0.064252,0.06127,0.061667,0.062924
0.063615,0.062063,0.062316,0.0616,0.06384,0.061853,0.060281,0.060475,0.060591,0.06252,0.060866,0.066636,0.070048,0.06321,0.063102,0.06255,0.062776,0.063218,0.060195,0.061261,0.064557,0.074004,0.062306,0.061388,0.06397,0.063198,0.060281,0.060538,0.063795,0.062849,0.061077,0.063754,0.063889,0.062335,0.061425,0.064639,0.066727,0.087254,0.062358,0.065743
0.059614,0.061163,0.062031,0.061397,0.062756,0.063396,0.06443,0.063999,0.061635,0.060094,0.061984,0.0638,0.062088,0.065887,0.06345,0.061412,0.061814,0.062324,0.063859,0.060941,0.061682,0.061857,0.065759,0.062642,0.063854,0.061875,0.061183,0.062136,0.063495,0.061797,0.063397,0.072301,0.066201,0.065691,0.061625,0.062419,0.06095,0.061956,0.062433,0.063559
0.061313,0.06053,0.060573,0.083583,0.061021,0.062824,0.064148,0.063717,0.061598,0.067896,0.062286,0.069038,0.061487,0.070086,0.06799,0.063223,0.064357,0.062785,0.06863,0.066334,0.074201,0.084669,0.06778,0.065518,0.07314,0.072683,0.07131,0.071401,0.075986,0.07657,0.071899,0.067312,0.066714,0.066625,0.079532,0.079903,0.070379,0.06774,0.069069,0.062721
0.065219,0.066247,0.082475,0.067582,0.07053,0.068757,0.069279,0.072017,0.064939,0.065648,0.08991,0.064219,0.067607,0.063622,0.066288,0.066452,0.066353,0.064238,0.06513,0.065283,0.064468,0.066215,0.065092,0.065225,0.060885,0.061014,0.064078,0.061935,0.064529,0.061511,0.062856,0.06091,0.061354,0.062038,0.061485,0.07448,0.064283,0.0627,0.062772,0.061789
0.060324,0.063386,0.063747,0.062696,0.062594,0.061413,0.062258,0.063472,0.068506,0.069296,0.068686,0.068428,0.073547,0.068394,0.066667,0.069473,0.094598,0.073823,0.071483,0.065316,0.072612,0.065426,0.070559,0.066349,0.067267,0.06456,0.069871,0.074025,0.068226,0.074612,0.069836,0.06777,0.063966,0.068818,0.067638,0.076937,0.06907,0.070255,0.069282,0.067062
0.064673,0.071414,0.075815,0.072754,0.067541,0.0656,0.065898,0.067889,0.064965,0.063834,0.066631,0.075265,0.066859,0.065719,0.063219,0.063348,0.064277,0.06663,0.075695,0.0735,0.069381,0.075938,0.075109,0.093907,0.066572,0.067401,0.079671,0.077481,0.067544,0.071737,0.070761,0.074114,0.069678,0.067104,0.068687,0.070918,0.070541,0.064046,0.067215,0.068232
0.06721,0.064466,0.063911,0.063014,0.063107,0.064301,0.066048,0.067465,0.083129,0.070519,0.064487,0.067704,0.063617,0.063882,0.065131,0.064276,0.066318,0.064413,0.062672,0.066527,0.063458,0.068136,0.066447,0.067108,0.067796,0.063008,0.065871,0.068644,0.066008,0.087023,0.06468,0.065482,0.063405,0.063843,0.064634,0.065736,0.064559,0.064442,0.065288,0.066697
0.063775,0.064317,0.064987,0.064495,0.064989,0.065482,0.062745,0.065594,0.064784,0.063576,0.061013,0.06444,0.0627,0.061611,0.065885,0.063204,0.062736,0.062035,0.060902,0.063851,0.060906,0.061887,0.062001,0.060985,0.060953,0.061089,0.061167,0.062503,0.062501,0.061906,0.063207,0.061464,0.059447,0.062294,0.061719,0.06356,0.089026,0.062551,0.061737,0.061303
0.060848,0.06376,0.062133,0.062623,0.060569,0.061354,0.071598,0.062547,0.060714,0.059545,0.063093,0.064227,0.060973,0.061882,0.061365,0.062238,0.061204,0.061571,0.061351,0.065252,0.061357,0.063349,0.068198,0.063387,0.062798,0.062286,0.06122,0.079274,0.068744,0.069216,0.081795,0.072476,0.063209,0.063747,0.06871,0.063688,0.0637,0.064733,0.065083,0.065139
0.064183,0.064148,0.087018,0.065063,0.063764,0.064935,0.062659,0.063635,0.062527,0.065686,0.064378,0.063987,0.062873,0.066884,0.065982,0.06231,0.063321,0.061704,0.062822,0.062758,0.066807,0.064943,0.062447,0.066541,0.078704,0.092044,0.077845,0.075116,0.078515,0.068325,0.068719,0.066674,0.069574,0.06715,0.06688,0.067286,0.069563,0.070988,0.069963,0.068472
0.069152,0.067762,0.068935,0.068918,0.092636,0.099904,0.094802,0.098579,0.087093,0.074735,0.098521,0.072435,0.071779,0.071435,0.072765,0.072278,0.073872,0.077263,0.072481,0.071702,0.07113,0.070314,0.068102,0.066171,0.069631,0.075064,0.065882,0.072465,0.071914,0.073137,0.068763,0.067445,0.068068,0.065196,0.067256,0.064176,0.064554,0.081641,0.081823,0.065979
0.062847,0.064933,0.06527,0.083194,0.066297,0.064754,0.068188,0.068149,0.091686,0.095152,0.094586,0.084101,0.079953,0.097217,0.096565,0.081337,0.077927,0.10846,0.083638,0.077858,0.07714,0.10516,0.085101,0.081316,0.077861,0.077075,0.085097,0.085132,0.086319,0.086947,0.077793,0.081897,0.084107,0.079141,0.071906,0.072171,0.069025,0.068232,0.069162,0.068912
0.06865,0.070015,0.081172,0.072685,0.067802,0.067584,0.068767,0.06766,0.066376,0.066076,0.069644,0.082612,0.078125,0.078255,0.10057,0.072929,0.070781,0.068327,0.068685,0.070556,0.068429,0.06794,0.070325,0.067493,0.095727,0.064006,0.066713,0.066572,0.070393,0.079886,0.070936,0.077102,0.070432,0.069192,0.066795,0.066465,0.064181,0.064422,0.068067,0.071034
0.085309,0.065747,0.067983,0.063475,0.066038,0.064335,0.067902,0.066892,0.06681,0.065213,0.07098,0.071416,0.065217,0.068898,0.067235,0.067108,0.092303,0.082783,0.088754,0.070376,0.070537,0.072157,0.091262,0.076443,0.067831,0.068617,0.068652,0.069657,0.071435,0.11112,0.093536,0.067244,0.06874,0.079893,0.087761,0.088761,0.098941,0.10808,0.12347,0.13815
0.11188,0.085993,0.090042,0.12468,0.12401,0.0996,0.097354,0.093317,0.08955,0.1147,0.096896,0.088762,0.080563,0.086505,0.0817,0.082288,0.080307,0.078777,0.072496,0.077643,0.074859,0.074702,0.074032,0.072415,0.070574,0.070168,0.076251,0.070902,0.067823,0.064831,0.067609,0.068758,0.067477,0.067185,0.069082,0.071062,0.099915,0.097828,0.099969,0.101
0.10085,0.085607,0.07982,0.080112,0.075082,0.086517,0.078324,0.078131,0.079202,0.085322,0.069973,0.071449,0.08295,0.078051,0.10119,0.086393,0.077881,0.087587,0.085279,0.078948,0.083301,0.08174,0.088038,0.081474,0.081505,0.088214,0.080505,0.083273,0.08501,0.084788,0.079233,0.090669,0.078032,0.079565,0.095264,0.076771,0.076798,0.069578,0.094268,0.06947
0.065846,0.071008,0.088353,0.096723,0.078346,0.097272,0.06949,0.10132,0.067542,0.080697,0.069372,0.066664,0.065275,0.069095,0.094308,0.081051,0.073242,0.065076,0.070144,0.092204,0.07102,0.069944,0.066724,0.062394,0.070457,0.067672,0.064465,0.066469,0.069168,0.066287,0.067982,0.063681,0.073473,0.088765,0.074386,0.065936,0.065849,0.067396,0.069017,0.09189
0.07106,0.069607,0.064739,0.065986,0.06743,0.066592,0.06643,0.068769,0.08829,0.076584,0.068422,0.065081,0.066754,0.067239,0.069779,0.063821,0.067624,0.068064,0.067543,0.06428,0.066276,0.068686,0.069426,0.091383,0.074087,0.065315,0.066124,0.065072,0.067205,0.070297,0.065094,0.068306,0.065382,0.065594,0.06812,0.06885,0.063867,0.066225,0.073356,0.087313
0.073184,0.066532,0.068179,0.06333,0.068955,0.066194,0.073463,0.087177,0.072626,0.06614,0.068491,0.06832,0.06466,0.070058,0.066803,0.088659,0.07279,0.070847,0.064535,0.068715,0.06572,0.073415,0.090249,0.070696,0.066245,0.065241,0.069973,0.065699,0.070423,0.060043,0.069298,0.066712,0.06746,0.067318,0.068022,0.070174,0.090233,0.073004,0.070486,0.092405
0.071274,0.066485,0.067385,0.065606,0.068338,0.06491,0.07089,0.062871,0.066351,0.06824,0.066087,0.066858,0.068209,0.065531,0.067189,0.06814,0.067202,0.066892,0.063909,0.067841,0.06729,0.066663,0.098239,0.068509,0.071865,0.088273,0.074359,0.065775,0.067074,0.064975,0.070138,0.067498,0.063062,0.067238,0.067839,0.065743,0.065745,0.070574,0.063068,0.065544
0.068028,0.066429,0.069502,0.066114,0.065977,0.069743,0.065389,0.065085,0.068676,0.06715,0.068532,0.063599,0.06693,0.070132,0.061797,0.071684,0.061521,0.070122,0.064182,0.06961,0.067662,0.068066,0.062687,0.070983,0.062781,0.073257,0.093491,0.067317,0.099419,0.068398,0.06986,0.066123,0.066102,0.06713,0.065818,0.067151,0.065689,0.067856,0.065972,0.069879
0.091103,0.070274,0.070496,0.062582,0.068247,0.070226,0.068026,0.067765,0.092966,0.072594,0.061646,0.069496,0.07162,0.099917,0.091016,0.073356,0.066943,0.069617,0.093194,0.074009,0.091504,0.0725,0.073557,0.082976,0.074962,0.071252,0.095496,0.068749,0.071582,0.094016,0.070301,0.095767,0.067579,0.088973,0.08264,0.09546,0.070099,0.067898,0.096157,0.06801
0.069248,0.096548,0.069087,0.066074,0.085603,0.094768,0.075065,0.092062,0.068754,0.07028,0.093572,0.070324,0.070134,0.088952,0.070671,0.06965,0.064151,0.068527,0.068428,0.066006,0.068506,0.068378,0.061751,0.067186,0.065874,0.066794,0.067892,0.070008,0.066854,0.062698,0.068852,0.069744,0.062438,0.069107,0.064599,0.068805,0.069295,0.062657,0.067671,0.068771
0.087933,0.091816,0.068904,0.066864,0.06687,0.069654,0.074485,0.077971,0.092533,0.073231,0.064678,0.068465,0.063397,0.065841,0.071693,0.062755,0.068074,0.069732,0.06249,0.068103,0.068038,0.06431,0.067581,0.068183,0.066696,0.064615,0.06781,0.069104,0.068178,0.090795,0.075364,0.067697,0.063831,0.067952,0.064247,0.068356,0.065724,0.067246,0.068538,0.066591
0.066421,0.065999,0.06679,0.067399,0.067981,0.067445,0.062978,0.088235,0.093741,0.070286,0.069299,0.066875,0.067863,0.091127,0.070977,0.064548,0.071151,0.066099,0.068401,0.068696,0.097506,0.070873,0.090078,0.07438,0.063979,0.072143,0.089146,0.072117,0.064151,0.070879,0.067033,0.072183,0.081364,0.094833,0.071086,0.09172,0.091373,0.12261,0.10364,0.11588
