0.12198,0.10942,0.09284,0.1053,0.097926,0.098821,0.098368,0.09786,0.099203,0.088078,0.093687,0.10173,0.10141,0.09493,0.09693,0.09535,0.096943,0.098584,0.10119,0.098979,0.094696,0.092953,0.09613,0.09875,0.095,0.096434,0.097534,0.09864,0.099619,0.09725,0.10065,0.098519,0.10015,0.097528,0.10354,0.095305,0.098075,0.10007,0.096153,0.097656
0.066188,0.06921,0.063576,0.063052,0.064045,0.094333,0.06649,0.067157,0.063618,0.062866,0.065027,0.068345,0.080572,0.067422,0.066038,0.066466,0.066466,0.064365,0.063576,0.06579,0.06553,0.066426,0.06895,0.063917,0.064153,0.06531,0.067801,0.067117,0.067811,0.065691,0.06903,0.065718,0.070191,0.067736,0.066615,0.068623,0.069513,0.071897,0.073763,0.066839
0.066393,0.064665,0.061684,0.062613,0.059753,0.059371,0.061976,0.058792,0.062053,0.066828,0.06441,0.074432,0.058767,0.059816,0.058177,0.058546,0.05949,0.062321,0.059165,0.059237,0.058769,0.059062,0.060505,0.060537,0.057442,0.060387,0.062959,0.064722,0.059151,0.062256,0.063253,0.060038,0.059177,0.059689,0.062926,0.061537,0.05795,0.060836,0.059829,0.059311
0.057536,0.055698,0.059396,0.057521,0.064965,0.059615,0.061157,0.061613,0.060383,0.062101,0.057532,0.057343,0.072408,0.070279,0.062022,0.058532,0.060955,0.058448,0.092681,0.059215,0.060635,0.058341,0.06097,0.059671,0.058753,0.05923,0.061925,0.060354,0.057621,0.059405,0.05949,0.061053,0.0573,0.061013,0.05876,0.05822,0.057414,0.05841,0.060658,0.062278
0.058058,0.056751,0.055396,0.05626,0.057496,0.056368,0.055334,0.055962,0.057024,0.05566,0.054989,0.055028,0.056751,0.054416,0.057491,0.056604,0.056541,0.05679,0.05945,0.058325,0.056736,0.057596,0.058838,0.05632,0.087761,0.056543,0.058497,0.055858,0.055843,0.057835,0.056396,0.057483,0.060662,0.056955,0.055115,0.05599,0.054944,0.058571,0.059505,0.056113
0.055153,0.056312,0.053635,0.054254,0.05538,0.054297,0.053964,0.053764,0.052826,0.056253,0.055087,0.052413,0.060336,0.054879,0.052521,0.053245,0.057186,0.056325,0.054604,0.051065,0.05342,0.059213,0.057197,0.059649,0.058448,0.058129,0.058204,0.057674,0.057581,0.056996,0.057,0.087942,0.05682,0.068063,0.059314,0.060555,0.058618,0.059984,0.057599,0.057431
0.057734,0.058408,0.059796,0.057201,0.066337,0.057502,0.059547,0.056665,0.055222,0.056521,0.063541,0.056524,0.058793,0.057559,0.054992,0.062719,0.053922,0.053551,0.053651,0.067876,0.057361,0.054233,0.057597,0.057294,0.054121,0.055647,0.054827,0.054375,0.055536,0.054536,0.055041,0.0541,0.054975,0.062727,0.054368,0.054674,0.052385,0.05482,0.053854,0.087583
0.053468,0.056825,0.053346,0.052854,0.055481,0.053605,0.054934,0.057098,0.055199,0.054596,0.054795,0.05435,0.053066,0.053796,0.052915,0.055606,0.055304,0.055592,0.066802,0.083907,0.079613,0.082737,0.077925,0.087505,0.084386,0.075288,0.066643,0.063447,0.062878,0.066785,0.063831,0.061836,0.062403,0.065069,0.078461,0.086913,0.091571,0.08823,0.0863,0.090394
0.083826,0.065436,0.068544,0.071668,0.10059,0.069439,0.066391,0.066817,0.073537,0.089233,0.088545,0.083892,0.078495,0.072308,0.072198,0.077068,0.078841,0.07295,0.073066,0.071677,0.068786,0.07033,0.06789,0.064886,0.064482,0.062264,0.067422,0.064209,0.064988,0.06156,0.070109,0.093257,0.080911,0.081046,0.083432,0.080504,0.079687,0.089177,0.094162,0.08767
0.086642,0.096368,0.09951,0.074042,0.074445,0.072693,0.070845,0.071155,0.079459,0.070705,0.071872,0.087758,0.10924,0.074879,0.072899,0.07102,0.067376,0.06344,0.065404,0.066609,0.06683,0.064794,0.087443,0.069394,0.061481,0.065436,0.06514,0.066049,0.062185,0.060592,0.063537,0.060076,0.056351,0.060863,0.056433,0.068177,0.081358,0.082814,0.073319,0.065935
0.068731,0.073434,0.078383,0.084991,0.0879,0.089491,0.082897,0.084294,0.073906,0.078087,0.07597,0.072621,0.075373,0.076678,0.074003,0.067742,0.06912,0.067607,0.067169,0.10126,0.064165,0.063041,0.063471,0.067751,0.06628,0.067626,0.064969,0.06077,0.060232,0.06183,0.06256,0.060933,0.061088,0.05952,0.066706,0.056948,0.060249,0.055903,0.054728,0.057716
0.057686,0.061552,0.062682,0.058936,0.058797,0.064755,0.064871,0.061553,0.05802,0.059937,0.059267,0.058772,0.062127,0.061753,0.060189,0.059662,0.061533,0.064457,0.057446,0.060479,0.059123,0.058668,0.057613,0.06773,0.058365,0.088311,0.057933,0.062947,0.059078,0.062258,0.060652,0.064046,0.05952,0.061478,0.064039,0.083827,0.064476,0.057616,0.057592,0.057147
0.055536,0.058479,0.055604,0.055517,0.054566,0.057891,0.059282,0.061102,0.058153,0.060993,0.05679,0.055591,0.056285,0.055851,0.055853,0.053315,0.059287,0.056264,0.059149,0.06027,0.056905,0.057638,0.054412,0.056476,0.055674,0.054781,0.056636,0.059679,0.056923,0.056198,0.058362,0.069716,0.090916,0.058699,0.059322,0.05822,0.057662,0.058869,0.064827,0.056899
0.059885,0.058405,0.057177,0.058155,0.059324,0.057144,0.054651,0.056077,0.057062,0.055402,0.054528,0.054984,0.052225,0.056608,0.054045,0.052231,0.0528,0.057156,0.054041,0.052426,0.05413,0.054027,0.054593,0.054509,0.053728,0.05273,0.053652,0.054374,0.053813,0.053759,0.053867,0.058611,0.055245,0.054555,0.054697,0.053745,0.053106,0.055142,0.081427,0.055507
0.054982,0.051787,0.056183,0.052698,0.053337,0.053119,0.054673,0.054752,0.052903,0.053143,0.053858,0.055475,0.053875,0.054143,0.053931,0.053067,0.057147,0.053334,0.053784,0.052217,0.052823,0.053326,0.053995,0.053069,0.054148,0.053337,0.053278,0.053215,0.055246,0.053022,0.053544,0.054893,0.053005,0.05396,0.053644,0.053391,0.056025,0.055372,0.056853,0.054747
0.055775,0.054149,0.053637,0.052652,0.053946,0.05332,0.081971,0.052983,0.052002,0.053454,0.052865,0.053974,0.05237,0.05399,0.055053,0.0548,0.05578,0.055733,0.052521,0.05286,0.053612,0.056518,0.053346,0.05336,0.053593,0.053781,0.05341,0.052151,0.050613,0.050271,0.051379,0.051084,0.053293,0.052468,0.054447,0.056496,0.05441,0.054068,0.057395,0.054924
0.057668,0.063572,0.058329,0.059493,0.055932,0.069241,0.078798,0.064777,0.07804,0.087096,0.067559,0.07049,0.060682,0.098645,0.078315,0.072159,0.076723,0.07326,0.061,0.058336,0.056352,0.069157,0.067316,0.060855,0.064509,0.074032,0.065843,0.070156,0.063729,0.073165,0.082045,0.069955,0.060454,0.068409,0.064496,0.070381,0.063772,0.072446,0.08081,0.08296
0.086747,0.086742,0.082428,0.082517,0.080473,0.076804,0.07286,0.083513,0.093861,0.088595,0.078728,0.076602,0.090049,0.091421,0.073724,0.066374,0.094577,0.07351,0.10346,0.065916,0.070343,0.071504,0.071214,0.069841,0.06693,0.068859,0.066947,0.067138,0.06586,0.065842,0.06626,0.070831,0.065647,0.06724,0.063589,0.066492,0.069763,0.067618,0.070609,0.069571
0.068675,0.06193,0.068083,0.067642,0.066037,0.066715,0.065556,0.065069,0.061048,0.061938,0.066194,0.063311,0.063012,0.063852,0.064384,0.061897,0.065788,0.065104,0.063947,0.062812,0.06287,0.06545,0.067056,0.061226,0.096009,0.064353,0.06329,0.060454,0.063894,0.065752,0.065781,0.068948,0.062216,0.064578,0.065385,0.065824,0.061521,0.069376,0.071009,0.061337
0.066807,0.064308,0.063046,0.066948,0.064132,0.064466,0.071545,0.089371,0.075131,0.069012,0.064971,0.065179,0.065789,0.064361,0.063949,0.064183,0.065367,0.063505,0.06841,0.066049,0.064823,0.067936,0.064921,0.063214,0.066497,0.066821,0.066878,0.070653,0.068053,0.067348,0.069653,0.10787,0.075431,0.070389,0.090635,0.079803,0.084135,0.070517,0.076519,0.070178
0.071978,0.078196,0.07327,0.072452,0.070616,0.065624,0.068426,0.070044,0.077722,0.076265,0.078005,0.073315,0.072461,0.071717,0.070609,0.068926,0.067268,0.067014,0.081292,0.068899,0.083623,0.077665,0.068811,0.067924,0.065774,0.066731,0.070646,0.067539,0.066389,0.076299,0.06801,0.066053,0.067891,0.068269,0.065567,0.070202,0.069458,0.099573,0.067611,0.069821
0.069735,0.068325,0.068011,0.06806,0.063735,0.066086,0.067221,0.068194,0.067619,0.06754,0.066772,0.064743,0.068232,0.065453,0.065359,0.068684,0.07026,0.063601,0.067586,0.064022,0.065824,0.068485,0.066869,0.068823,0.066563,0.071953,0.066927,0.065706,0.068124,0.064913,0.064727,0.065368,0.062744,0.063838,0.067512,0.061313,0.063044,0.067226,0.063164,0.062242
0.063098,0.061592,0.062,0.061591,0.09964,0.063633,0.066981,0.062561,0.063765,0.065926,0.063446,0.061131,0.065655,0.061618,0.064146,0.064712,0.063223,0.061401,0.064379,0.065065,0.064853,0.061116,0.067993,0.068061,0.063951,0.063398,0.060641,0.062354,0.065455,0.065377,0.062515,0.064086,0.065105,0.062235,0.06299,0.064346,0.062291,0.06137,0.066136,0.061848
0.060623,0.065774,0.061615,0.061341,0.063255,0.061259,0.063545,0.066257,0.061922,0.062998,0.094863,0.066341,0.064541,0.067418,0.066957,0.064239,0.065513,0.063055,0.067337,0.065163,0.064882,0.062958,0.063434,0.06138,0.062052,0.060625,0.064711,0.064134,0.062387,0.065269,0.063151,0.061823,0.064477,0.061036,0.080803,0.070767,0.063376,0.063556,0.067668,0.064897
0.061706,0.066325,0.060201,0.060717,0.067175,0.063571,0.063797,0.06158,0.061674,0.060435,0.061952,0.065546,0.064358,0.06673,0.066549,0.065208,0.063498,0.097952,0.06212,0.06324,0.065543,0.063913,0.060955,0.064812,0.063951,0.064981,0.064704,0.066539,0.063613,0.064325,0.063236,0.063298,0.066818,0.064586,0.062056,0.061792,0.059981,0.064333,0.066229,0.061437
0.062661,0.064518,0.065346,0.062231,0.061251,0.063079,0.065317,0.062125,0.063595,0.06094,0.063062,0.066998,0.057279,0.060907,0.060365,0.065401,0.072509,0.063433,0.054734,0.059391,0.057524,0.059247,0.055959,0.084168,0.056137,0.057554,0.057403,0.056799,0.056563,0.056913,0.053985,0.056993,0.056419,0.058411,0.056373,0.05493,0.054646,0.056453,0.057921,0.054535
0.057572,0.056515,0.057618,0.055399,0.057638,0.05312,0.056251,0.06441,0.064632,0.059824,0.061375,0.070644,0.0649,0.0595,0.060601,0.061506,0.064244,0.060036,0.059503,0.05664,0.063187,0.063764,0.069256,0.075802,0.058007,0.062181,0.064372,0.071896,0.068074,0.0633,0.078174,0.067149,0.061311,0.061584,0.056605,0.055686,0.058817,0.060648,0.062165,0.062033
0.060423,0.056704,0.060913,0.059247,0.061588,0.061472,0.060157,0.065134,0.057317,0.059171,0.056378,0.069529,0.07543,0.061404,0.078616,0.084483,0.089245,0.075945,0.071444,0.061735,0.062155,0.060462,0.062276,0.06282,0.05919,0.05918,0.072362,0.065379,0.079264,0.058279,0.066252,0.086662,0.07649,0.082428,0.071245,0.077945,0.072873,0.10421,0.073336,0.078264
0.073935,0.07111,0.073804,0.083764,0.086011,0.12126,0.085604,0.085183,0.08829,0.071307,0.064124,0.066126,0.067416,0.065082,0.091385,0.083068,0.060889,0.063894,0.064115,0.069226,0.081356,0.069931,0.071024,0.070266,0.069061,0.071741,0.066007,0.063582,0.062005,0.062751,0.069148,0.05956,0.064958,0.071742,0.084097,0.066617,0.065123,0.063756,0.059713,0.059216
0.061071,0.064861,0.070235,0.067746,0.075822,0.060174,0.059183,0.059892,0.062453,0.062743,0.065828,0.057404,0.055138,0.056584,0.056801,0.058031,0.057959,0.057431,0.058746,0.058271,0.056867,0.064433,0.062828,0.05873,0.060785,0.058944,0.061292,0.058636,0.061324,0.056245,0.062562,0.056253,0.056656,0.064477,0.055687,0.065073,0.053746,0.061187,0.064203,0.059967
0.055886,0.06184,0.075503,0.076445,0.075879,0.070742,0.061423,0.069579,0.060166,0.071237,0.07223,0.10563,0.073045,0.078112,0.086635,0.071407,0.088776,0.066513,0.063006,0.062439,0.06672,0.078122,0.088483,0.086348,0.11006,0.071291,0.068067,0.06373,0.062402,0.063676,0.062448,0.06757,0.069047,0.064831,0.064891,0.062888,0.061148,0.06302,0.061686,0.061543
0.064672,0.062602,0.062064,0.061705,0.061281,0.062356,0.064035,0.061916,0.061492,0.054824,0.05712,0.0552,0.054749,0.055139,0.056846,0.056386,0.056133,0.05632,0.098298,0.095545,0.063018,0.058946,0.059396,0.059144,0.077244,0.079962,0.081299,0.095622,0.10299,0.10581,0.10414,0.10127,0.13451,0.095568,0.083618,0.10992,0.1704,0.10204,0.097902,0.11424
0.12638,0.10293,0.11042,0.092287,0.11317,0.097112,0.10195,0.092198,0.084115,0.077008,0.10131,0.091719,0.075,0.084205,0.087289,0.069204,0.067543,0.067151,0.065664,0.066058,0.074,0.077514,0.071599,0.078449,0.079104,0.091092,0.074107,0.12536,0.088136,0.1043,0.095963,0.089205,0.077763,0.089239,0.10368,0.10689,0.09838,0.097509,0.099754,0.10503
0.12407,0.12041,0.1047,0.11083,0.12608,0.11899,0.10533,0.10619,0.083058,0.084285,0.085188,0.094713,0.10169,0.09093,0.076829,0.081914,0.079842,0.076686,0.075606,0.08985,0.076631,0.074668,0.077241,0.075096,0.079003,0.075266,0.077688,0.072058,0.081106,0.069902,0.074468,0.070569,0.072667,0.10923,0.073888,0.068254,0.070195,0.071816,0.067762,0.070586
0.0786,0.098398,0.078458,0.072157,0.071203,0.067311,0.075475,0.072441,0.066961,0.071294,0.073086,0.069398,0.071446,0.076104,0.069178,0.07252,0.073825,0.073979,0.070753,0.096619,0.076814,0.074145,0.07324,0.072359,0.0706,0.071839,0.073843,0.072041,0.075094,0.067824,0.072273,0.075051,0.079723,0.075559,0.074625,0.074134,0.074337,0.077275,0.08597,0.074461
0.10898,0.078143,0.073326,0.075946,0.074841,0.07602,0.074639,0.076199,0.071844,0.07565,0.086417,0.075115,0.077222,0.07459,0.076129,0.074361,0.077006,0.071609,0.072817,0.078991,0.076092,0.075663,0.077685,0.076507,0.073235,0.073109,0.077284,0.074973,0.075466,0.076028,0.074718,0.076788,0.077109,0.079124,0.076614,0.077834,0.077083,0.074654,0.071492,0.07677
0.088042,0.071012,0.069003,0.071784,0.07629,0.094295,0.086876,0.090806,0.086728,0.07443,0.07907,0.11699,0.1005,0.086412,0.08636,0.088604,0.088519,0.096944,0.08392,0.087691,0.091492,0.083772,0.084868,0.086467,0.081072,0.082613,0.082099,0.080976,0.083965,0.086706,0.082961,0.093715,0.087794,0.077861,0.083711,0.088832,0.087545,0.089225,0.081214,0.086321
0.093484,0.088373,0.087369,0.08472,0.083907,0.087203,0.084902,0.085724,0.081697,0.079763,0.08312,0.078569,0.089722,0.12734,0.079992,0.08451,0.083137,0.078416,0.084456,0.080143,0.085373,0.082935,0.077638,0.079782,0.085275,0.080869,0.077897,0.081461,0.081279,0.082049,0.08474,0.082734,0.084089,0.079998,0.079052,0.079781,0.079824,0.081555,0.07934,0.081015
0.10356,0.0857,0.078108,0.079632,0.077201,0.080427,0.079807,0.078445,0.076583,0.07995,0.078969,0.080307,0.078062,0.077312,0.074249,0.086263,0.074301,0.077677,0.080596,0.11259,0.076267,0.076267,0.073529,0.077524,0.076837,0.072667,0.072603,0.083441,0.077796,0.073123,0.075052,0.073954,0.077435,0.074144,0.078062,0.074159,0.074639,0.074109,0.07177,0.0757
0.074162,0.077792,0.074083,0.078841,0.076552,0.079181,0.081294,0.081805,0.085251,0.081085,0.081391,0.078371,0.079806,0.079393,0.079929,0.074638,0.083824,0.082925,0.082558,0.077149,0.078693,0.073284,0.072309,0.080945,0.073634,0.07251,0.11987,0.076748,0.071158,0.077192,0.073666,0.076404,0.073012,0.074497,0.074035,0.072689,0.073524,0.078557,0.07937,0.074487
