0.075064,0.055137,0.052097,0.056052,0.056889,0.065402,0.053547,0.056815,0.052923,0.05538,0.054961,0.053195,0.055784,0.053923,0.0523,0.051799,0.053828,0.053206,0.053454,0.063767,0.05999,0.057792,0.059661,0.05819,0.067116,0.054529,0.061202,0.055777,0.052748,0.058028,0.054746,0.059479,0.058695,0.058553,0.058944,0.055997,0.054078,0.054263,0.053744,0.054705
0.035914,0.052733,0.033259,0.034499,0.036163,0.041714,0.043085,0.037047,0.042958,0.043535,0.036238,0.035431,0.037868,0.040412,0.035197,0.034468,0.033651,0.039066,0.037149,0.042848,0.051085,0.038264,0.035143,0.034789,0.034264,0.037214,0.037357,0.037103,0.03663,0.033912,0.042365,0.050933,0.04849,0.03451,0.039633,0.034316,0.038284,0.047738,0.054901,0.03473
0.030459,0.029918,0.039768,0.038511,0.030254,0.043361,0.030864,0.030588,0.030273,0.03141,0.030555,0.031134,0.031247,0.030422,0.031346,0.03033,0.03538,0.034361,0.046591,0.032653,0.036673,0.031898,0.031027,0.033265,0.040081,0.047136,0.031187,0.03257,0.044398,0.031338,0.036176,0.031423,0.031045,0.049902,0.051458,0.030172,0.03025,0.030951,0.032563,0.040114
0.049327,0.055636,0.02884,0.030682,0.047043,0.031829,0.034507,0.036392,0.038135,0.042762,0.048375,0.031517,0.040408,0.034699,0.038079,0.029968,0.02909,0.047972,0.048396,0.04413,0.030693,0.030804,0.035707,0.036512,0.031632,0.031844,0.028909,0.052299,0.028357,0.053816,0.029297,0.036131,0.028947,0.039547,0.028923,0.039478,0.033399,0.03088,0.029023,0.03674
0.027197,0.037879,0.047007,0.033466,0.032313,0.042085,0.048108,0.028007,0.02997,0.038248,0.029254,0.0416,0.052319,0.034206,0.028149,0.029153,0.036529,0.048867,0.049206,0.057878,0.033356,0.031422,0.027336,0.051679,0.049505,0.044695,0.037979,0.050461,0.048312,0.030396,0.038848,0.054936,0.050638,0.028538,0.030504,0.038812,0.036567,0.029921,0.029655,0.029823
0.029197,0.034114,0.029948,0.031152,0.030106,0.0279,0.029802,0.030075,0.032744,0.034327,0.030895,0.03116,0.033504,0.034174,0.036994,0.029115,0.027366,0.030239,0.029118,0.027619,0.036599,0.027392,0.029889,0.028835,0.02783,0.031163,0.033238,0.036659,0.037647,0.026964,0.046474,0.042858,0.036415,0.028714,0.028464,0.0301,0.034138,0.035918,0.028605,0.041117
0.036262,0.026816,0.051004,0.030898,0.038072,0.029006,0.040077,0.030167,0.043482,0.037985,0.047459,0.041986,0.027718,0.028371,0.03697,0.03752,0.043533,0.0361,0.052671,0.038808,0.029857,0.030386,0.038003,0.02842,0.034238,0.030674,0.031658,0.028853,0.028865,0.034577,0.027853,0.051649,0.028487,0.030365,0.046225,0.027366,0.031764,0.040609,0.029507,0.047838
0.033776,0.026981,0.037157,0.047876,0.040702,0.027139,0.032862,0.037745,0.027534,0.031911,0.041383,0.041653,0.037471,0.029808,0.035782,0.039819,0.051413,0.03161,0.05276,0.033564,0.0274,0.028516,0.039228,0.04362,0.035533,0.030445,0.028678,0.027658,0.030704,0.035906,0.042049,0.040911,0.03167,0.031305,0.034992,0.047354,0.032332,0.037598,0.049033,0.048515
0.035461,0.048209,0.033664,0.031611,0.034027,0.034175,0.03067,0.036555,0.050772,0.047364,0.037084,0.047779,0.030087,0.037829,0.051065,0.026944,0.035823,0.032902,0.036061,0.028912,0.026857,0.027463,0.049591,0.048688,0.031173,0.028374,0.034675,0.027218,0.046061,0.036524,0.047094,0.049521,0.030845,0.045322,0.03293,0.026437,0.053746,0.029436,0.0301,0.034105
0.028749,0.041916,0.028224,0.037735,0.047035,0.032451,0.038235,0.028086,0.033504,0.028025,0.027524,0.029455,0.028469,0.02701,0.027285,0.035931,0.048402,0.030406,0.036329,0.030914,0.030233,0.027882,0.027945,0.047816,0.040385,0.030813,0.045565,0.02877,0.042146,0.027069,0.041176,0.036769,0.030472,0.052617,0.027249,0.04974,0.048381,0.03083,0.040558,0.048548
0.027224,0.037574,0.028288,0.038833,0.03037,0.039086,0.027828,0.030277,0.039433,0.047295,0.049034,0.034754,0.054691,0.028165,0.035626,0.02821,0.036046,0.036824,0.046823,0.041044,0.027127,0.030167,0.036898,0.032242,0.028804,0.028259,0.035843,0.031013,0.027178,0.050824,0.029671,0.037452,0.031907,0.032784,0.048593,0.03255,0.033617,0.033424,0.030197,0.040104
0.029162,0.037215,0.028255,0.036575,0.027501,0.042261,0.036227,0.046527,0.027116,0.036863,0.028966,0.040704,0.027289,0.036223,0.048666,0.029611,0.039553,0.034986,0.047956,0.028395,0.038044,0.044768,0.039973,0.044204,0.027442,0.034936,0.026449,0.02897,0.037869,0.046421,0.031336,0.037481,0.050272,0.048913,0.045386,0.040751,0.043522,0.029654,0.027954,0.028386
0.032583,0.034841,0.038437,0.049014,0.035938,0.035435,0.026146,0.029586,0.035639,0.038307,0.027286,0.0314,0.039358,0.026313,0.027698,0.038867,0.02686,0.026955,0.049452,0.030451,0.037448,0.050382,0.031132,0.039484,0.034416,0.027565,0.040428,0.026087,0.051308,0.049485,0.048362,0.035638,0.047815,0.048267,0.035761,0.045814,0.04399,0.028174,0.049305,0.04858
0.048641,0.033988,0.032789,0.038516,0.027937,0.035209,0.034724,0.048418,0.048894,0.040667,0.026735,0.036078,0.027672,0.035663,0.035839,0.047984,0.048698,0.036571,0.047652,0.03202,0.038933,0.027757,0.038693,0.045118,0.033633,0.034401,0.032525,0.028812,0.042857,0.027456,0.03775,0.047358,0.028249,0.042692,0.034997,0.029001,0.046979,0.042339,0.026665,0.048797
0.035957,0.053877,0.044649,0.047177,0.033406,0.034175,0.03552,0.049904,0.053073,0.027529,0.03908,0.0304,0.032601,0.047754,0.041816,0.029968,0.027435,0.040701,0.027478,0.035161,0.048537,0.032644,0.038614,0.02656,0.034969,0.031001,0.038213,0.049614,0.048936,0.037907,0.027251,0.028566,0.026615,0.027541,0.034855,0.032925,0.031793,0.03765,0.04937,0.029
0.039802,0.027149,0.026604,0.028153,0.046143,0.03804,0.030969,0.034637,0.032393,0.037884,0.027884,0.029516,0.040677,0.026465,0.034236,0.036353,0.0291,0.039857,0.048387,0.049611,0.028967,0.044748,0.026561,0.044989,0.042755,0.030714,0.045603,0.03476,0.030417,0.038767,0.029467,0.033736,0.031592,0.028903,0.027866,0.030157,0.029547,0.032356,0.027536,0.03243
0.026572,0.030069,0.049053,0.027152,0.026111,0.033929,0.036343,0.047358,0.045775,0.045629,0.02532,0.056489,0.026676,0.036042,0.029906,0.035527,0.048369,0.034676,0.045126,0.037843,0.036018,0.027069,0.035633,0.034499,0.047583,0.035083,0.036206,0.029577,0.035587,0.051828,0.028713,0.03216,0.044136,0.026191,0.027819,0.044093,0.043206,0.031962,0.037504,0.047152
0.036437,0.028376,0.038297,0.027779,0.037199,0.041684,0.026408,0.037321,0.02636,0.041243,0.026543,0.037281,0.02823,0.030389,0.036711,0.0293,0.028149,0.026527,0.027983,0.027369,0.026737,0.028221,0.034261,0.026143,0.029013,0.032394,0.028843,0.026794,0.027347,0.027452,0.027143,0.031352,0.029474,0.02999,0.027979,0.027191,0.029312,0.026703,0.027413,0.028022
0.026453,0.028079,0.028238,0.02768,0.028039,0.028902,0.026947,0.027999,0.027784,0.035233,0.028201,0.027569,0.028342,0.03549,0.031548,0.034005,0.028754,0.027191,0.027256,0.027921,0.026568,0.030248,0.027104,0.027458,0.02725,0.038562,0.031896,0.030407,0.035334,0.031506,0.033448,0.03401,0.03403,0.035508,0.029341,0.037266,0.029742,0.033117,0.032896,0.04363
0.031103,0.033616,0.033269,0.035063,0.035643,0.026234,0.027419,0.037548,0.034654,0.034814,0.027197,0.036386,0.028425,0.02829,0.034553,0.026084,0.029234,0.032955,0.036025,0.029163,0.040144,0.030413,0.030925,0.03569,0.033404,0.033956,0.031254,0.035822,0.027843,0.040212,0.034907,0.027363,0.042376,0.029638,0.045469,0.036862,0.028174,0.041328,0.026469,0.034631
0.031213,0.038928,0.026717,0.038145,0.046787,0.036349,0.037861,0.032598,0.029876,0.028547,0.027327,0.026612,0.030407,0.03262,0.027327,0.026252,0.040824,0.025817,0.031914,0.034493,0.029935,0.040185,0.033365,0.028591,0.030812,0.038314,0.047684,0.032046,0.039015,0.026722,0.037218,0.034181,0.035756,0.027305,0.034369,0.029209,0.040798,0.036141,0.026861,0.030159
0.045527,0.026917,0.029497,0.036952,0.027575,0.039289,0.035632,0.026182,0.038867,0.033088,0.036012,0.028965,0.040499,0.025851,0.035968,0.035127,0.038793,0.026545,0.027017,0.038182,0.04983,0.036839,0.02841,0.046555,0.03545,0.031801,0.03949,0.027787,0.040546,0.026358,0.036113,0.049663,0.029035,0.040982,0.027586,0.036347,0.02881,0.040145,0.027932,0.041578
0.026062,0.03139,0.036599,0.034662,0.029366,0.031502,0.039353,0.028995,0.037976,0.037835,0.026364,0.02924,0.039635,0.028294,0.038382,0.03701,0.033471,0.026887,0.032254,0.033711,0.034139,0.032719,0.034519,0.033923,0.046954,0.036358,0.032114,0.029424,0.040086,0.028547,0.037633,0.049382,0.029752,0.040823,0.026017,0.034309,0.039611,0.030352,0.027524,0.039964
0.027193,0.027079,0.026304,0.053611,0.027834,0.039863,0.033155,0.026602,0.026554,0.024952,0.032049,0.034623,0.031514,0.035434,0.038316,0.026356,0.035983,0.028305,0.041266,0.02649,0.03794,0.028538,0.039427,0.027118,0.040831,0.028634,0.030895,0.038489,0.028279,0.034552,0.035209,0.029534,0.040161,0.025894,0.036459,0.032569,0.035851,0.050936,0.043693,0.042367
0.026707,0.037032,0.030576,0.036829,0.028569,0.037663,0.032156,0.029278,0.038701,0.028531,0.033255,0.043146,0.035357,0.02544,0.027926,0.040381,0.044438,0.036764,0.039986,0.026288,0.030887,0.035744,0.047952,0.04076,0.030078,0.028771,0.038886,0.02793,0.036654,0.033991,0.048496,0.035595,0.029119,0.036798,0.032194,0.032215,0.036431,0.02854,0.03292,0.039693
0.028037,0.035696,0.031426,0.034423,0.03362,0.028807,0.040238,0.027858,0.034975,0.029637,0.026196,0.030218,0.034619,0.034777,0.027911,0.035157,0.028803,0.039999,0.027452,0.036396,0.029408,0.039166,0.027784,0.041513,0.027672,0.032593,0.03059,0.026164,0.026664,0.027693,0.026879,0.028437,0.036034,0.026983,0.027366,0.02734,0.031865,0.028357,0.026743,0.028959
0.028245,0.026889,0.026337,0.032673,0.026786,0.026668,0.029275,0.028702,0.02626,0.027354,0.027643,0.029421,0.027805,0.029279,0.026791,0.027801,0.027333,0.037526,0.027595,0.02602,0.027413,0.027342,0.027985,0.02863,0.02689,0.027754,0.027525,0.038074,0.026273,0.026215,0.036789,0.027856,0.039094,0.028554,0.038221,0.026701,0.039378,0.028727,0.034828,0.033864
0.033044,0.035061,0.030561,0.028181,0.02644,0.027479,0.028699,0.026331,0.027124,0.026574,0.026396,0.0319,0.036237,0.031389,0.032087,0.026857,0.033109,0.027209,0.05235,0.027485,0.033703,0.028415,0.026515,0.027662,0.038484,0.029527,0.036455,0.029104,0.044441,0.025617,0.031054,0.032628,0.030757,0.04195,0.035162,0.02723,0.030585,0.037776,0.029917,0.038254
0.027919,0.036882,0.04084,0.026893,0.026284,0.039665,0.028823,0.027283,0.025632,0.029416,0.03943,0.026953,0.037295,0.032512,0.034032,0.03704,0.03747,0.026018,0.028292,0.036343,0.033897,0.030454,0.039575,0.028431,0.036785,0.032092,0.031432,0.035932,0.050643,0.048655,0.03476,0.050542,0.028819,0.038975,0.027946,0.034664,0.033635,0.035013,0.034249,0.027382
0.037545,0.031398,0.039909,0.026056,0.038122,0.03392,0.028539,0.038327,0.027789,0.037656,0.034537,0.035568,0.035275,0.030051,0.03103,0.028228,0.040474,0.028506,0.035769,0.035399,0.035616,0.025843,0.035147,0.034883,0.030561,0.034758,0.033222,0.027335,0.026985,0.026831,0.038209,0.028782,0.036167,0.052004,0.048313,0.037063,0.030114,0.027928,0.044877,0.029358
0.034741,0.026071,0.03534,0.029078,0.040299,0.04921,0.036324,0.026857,0.032174,0.037755,0.048523,0.035474,0.028445,0.04067,0.026458,0.036718,0.030152,0.03848,0.050002,0.027515,0.035745,0.030055,0.038233,0.027807,0.036241,0.029258,0.039862,0.028657,0.038623,0.044431,0.035892,0.030159,0.038436,0.029841,0.039385,0.028307,0.033391,0.028844,0.026558,0.031117
0.028876,0.027942,0.025347,0.029667,0.039547,0.028248,0.038589,0.053468,0.029007,0.033997,0.027554,0.03728,0.029393,0.036026,0.031066,0.035692,0.035341,0.029865,0.037192,0.034957,0.027743,0.035202,0.035219,0.033591,0.027892,0.035689,0.030089,0.039634,0.028832,0.03518,0.029286,0.039021,0.035253,0.05035,0.033973,0.034737,0.026212,0.033405,0.026631,0.027415
0.026735,0.039944,0.027767,0.038833,0.030292,0.03099,0.027894,0.026303,0.034729,0.026632,0.034946,0.038064,0.029087,0.038008,0.026647,0.035948,0.037246,0.027205,0.038768,0.026626,0.034738,0.042437,0.036402,0.032623,0.026995,0.034078,0.02754,0.038644,0.040642,0.026804,0.035481,0.033127,0.025762,0.031201,0.039218,0.028395,0.038908,0.029108,0.039755,0.027353
0.035619,0.033191,0.028618,0.035429,0.036159,0.030943,0.03507,0.03191,0.036476,0.028764,0.046427,0.025933,0.033763,0.026298,0.038235,0.028659,0.035994,0.032465,0.035809,0.051438,0.049645,0.035034,0.02741,0.040521,0.02663,0.037633,0.028775,0.037728,0.028269,0.040531,0.028053,0.032167,0.034859,0.035284,0.028319,0.039601,0.027093,0.038118,0.034166,0.028871
0.036747,0.031287,0.033713,0.027613,0.029464,0.034425,0.025163,0.032367,0.033481,0.030031,0.04019,0.035906,0.026496,0.035252,0.029818,0.027619,0.029108,0.028281,0.028243,0.025374,0.034217,0.029278,0.035338,0.028327,0.03755,0.032635,0.037464,0.026683,0.03811,0.027709,0.039386,0.029261,0.031241,0.046384,0.027576,0.026995,0.027666,0.025897,0.051115,0.0329
0.027963,0.042751,0.026868,0.035656,0.050785,0.035669,0.02813,0.032474,0.037468,0.031537,0.029385,0.036693,0.029179,0.039612,0.035515,0.029404,0.032421,0.029015,0.041233,0.02867,0.037856,0.026877,0.04478,0.025728,0.038398,0.025825,0.02759,0.026945,0.031582,0.041716,0.02623,0.037514,0.02616,0.031587,0.038131,0.048122,0.031858,0.035333,0.051673,0.051359
0.046263,0.031367,0.037249,0.03,0.032277,0.041147,0.02776,0.032845,0.033044,0.034028,0.03204,0.035929,0.051127,0.028526,0.037263,0.029004,0.036687,0.033849,0.054528,0.026535,0.036788,0.028558,0.041363,0.025402,0.026559,0.029958,0.026911,0.037099,0.031797,0.038169,0.027089,0.035314,0.05219,0.029081,0.035224,0.031977,0.035985,0.035565,0.048595,0.049949
0.042333,0.040536,0.028662,0.036957,0.034381,0.029499,0.036832,0.03785,0.028772,0.032512,0.035392,0.027466,0.041098,0.027336,0.036687,0.055367,0.049795,0.039613,0.042429,0.026382,0.036714,0.026489,0.042186,0.027779,0.033749,0.036042,0.026334,0.041401,0.028494,0.037879,0.027972,0.039953,0.027827,0.03405,0.037146,0.027754,0.036485,0.047566,0.036679,0.030128
0.037855,0.035356,0.035094,0.026791,0.028777,0.041319,0.027899,0.035605,0.030124,0.038209,0.029004,0.034936,0.031047,0.038156,0.047947,0.032161,0.031321,0.042798,0.031433,0.029465,0.031668,0.035959,0.028829,0.027363,0.026447,0.032437,0.033127,0.03287,0.029933,0.040552,0.028123,0.037395,0.028592,0.041003,0.02651,0.034686,0.043605,0.02649,0.036593,0.029718
0.02938,0.035797,0.051509,0.04862,0.030093,0.032481,0.036555,0.02857,0.039974,0.026648,0.036471,0.035773,0.033521,0.030363,0.037315,0.036759,0.029414,0.028059,0.040348,0.027998,0.034839,0.029578,0.040248,0.036556,0.026417,0.029677,0.038575,0.036527,0.027462,0.03292,0.04094,0.025995,0.026455,0.02728,0.030187,0.027645,0.027234,0.027632,0.037963,0.034476
