0.04893,0.04085,0.036871,0.046377,0.038036,0.043819,0.038332,0.03603,0.034914,0.035923,0.039783,0.046096,0.038885,0.042497,0.037533,0.048318,0.060145,0.037129,0.037375,0.049788,0.047541,0.043112,0.03798,0.04334,0.037774,0.040485,0.047216,0.037592,0.047938,0.051574,0.051274,0.047252,0.052077,0.045734,0.038059,0.046728,0.038508,0.037483,0.043504,0.046369
0.034503,0.03576,0.03566,0.048148,0.037774,0.044736,0.038918,0.038836,0.031677,0.033014,0.023998,0.034133,0.035295,0.037078,0.042035,0.035683,0.04192,0.042072,0.037618,0.046528,0.035248,0.045776,0.025984,0.027071,0.044737,0.040736,0.025465,0.039367,0.045112,0.039165,0.041888,0.038074,0.034087,0.03369,0.029349,0.03314,0.037724,0.025784,0.041457,0.049238
0.029272,0.033045,0.031448,0.040502,0.042678,0.041413,0.041139,0.021394,0.029109,0.02332,0.031779,0.028687,0.036176,0.033275,0.034316,0.033112,0.032178,0.033181,0.034019,0.033758,0.031047,0.033329,0.037654,0.025328,0.037294,0.032445,0.034261,0.03267,0.030398,0.034053,0.041813,0.023829,0.040313,0.047801,0.034531,0.034595,0.029514,0.034665,0.03589,0.048178
0.035464,0.02754,0.032315,0.036396,0.03643,0.028224,0.033241,0.03682,0.032971,0.03638,0.045847,0.035129,0.02775,0.042568,0.042547,0.04013,0.040438,0.027892,0.02567,0.033701,0.039664,0.027142,0.036243,0.048641,0.035028,0.030784,0.033343,0.034155,0.037224,0.046499,0.028821,0.037848,0.031579,0.020094,0.048406,0.029643,0.033445,0.038357,0.031476,0.048322
0.034235,0.031439,0.031701,0.035266,0.034949,0.028404,0.034258,0.036014,0.031145,0.036556,0.033001,0.031376,0.040461,0.048411,0.028371,0.034704,0.028402,0.035839,0.03452,0.034969,0.034474,0.031683,0.030481,0.019541,0.020379,0.044398,0.04182,0.041848,0.036664,0.046815,0.035933,0.025928,0.037242,0.034242,0.034817,0.034063,0.032244,0.030887,0.030544,0.040065
0.026702,0.035044,0.043385,0.026097,0.03758,0.029889,0.030403,0.040728,0.030437,0.046801,0.027372,0.035897,0.034123,0.036408,0.034254,0.034954,0.028165,0.043502,0.026542,0.034606,0.03253,0.029864,0.034847,0.029406,0.033409,0.042271,0.041034,0.042724,0.048559,0.028752,0.034547,0.0352,0.027039,0.034605,0.03571,0.037041,0.032338,0.03412,0.030589,0.032938
0.035517,0.034072,0.032942,0.028621,0.036516,0.033532,0.032887,0.031275,0.033613,0.035609,0.033802,0.027489,0.034027,0.025344,0.023706,0.039139,0.020596,0.03885,0.042629,0.027902,0.035423,0.035219,0.031311,0.038435,0.040647,0.04184,0.029016,0.034686,0.02622,0.035858,0.036234,0.034337,0.029707,0.032856,0.03577,0.039928,0.029395,0.03211,0.031455,0.040674
0.041023,0.041301,0.025817,0.037612,0.026661,0.035599,0.04299,0.040104,0.036622,0.028441,0.034568,0.034818,0.035857,0.034016,0.027407,0.036041,0.03483,0.033461,0.035529,0.027723,0.035577,0.035062,0.03394,0.034386,0.035168,0.041119,0.035939,0.034868,0.034835,0.03485,0.032369,0.026043,0.039136,0.020351,0.031831,0.031821,0.023964,0.021132,0.038889,0.018816
0.049285,0.018357,0.03065,0.034746,0.028542,0.034906,0.032825,0.037389,0.028547,0.040014,0.025742,0.037212,0.032774,0.037812,0.041304,0.042127,0.031004,0.032015,0.031842,0.030012,0.035822,0.035667,0.034617,0.034593,0.028128,0.034922,0.033554,0.028371,0.0353,0.036224,0.033867,0.028598,0.035438,0.032766,0.03604,0.035029,0.031152,0.031788,0.034362,0.032639
0.035575,0.033394,0.035902,0.018703,0.022785,0.037327,0.019129,0.027755,0.03772,0.033368,0.033457,0.02956,0.036172,0.033791,0.03327,0.036895,0.039696,0.04272,0.029332,0.033838,0.036101,0.027372,0.04109,0.023852,0.038217,0.018878,0.031325,0.033463,0.027792,0.036414,0.040545,0.028033,0.035619,0.026775,0.043473,0.04034,0.036333,0.034498,0.037614,0.045691
0.028402,0.032301,0.024857,0.03024,0.038143,0.040483,0.036165,0.031647,0.023585,0.027876,0.042127,0.028794,0.026163,0.040906,0.028975,0.036291,0.033037,0.029814,0.04095,0.042106,0.034756,0.032053,0.03807,0.034336,0.0302,0.039392,0.029474,0.036312,0.026437,0.034175,0.035228,0.035059,0.03126,0.031367,0.035299,0.034543,0.034445,0.026303,0.037917,0.040355
0.023228,0.017332,0.024172,0.027202,0.032708,0.041254,0.023951,0.028268,0.026821,0.018916,0.019398,0.023577,0.017513,0.017974,0.023735,0.024726,0.01857,0.01843,0.018288,0.025181,0.017091,0.023802,0.01958,0.02653,0.018216,0.018312,0.019892,0.025614,0.025408,0.025875,0.017921,0.025727,0.022404,0.01777,0.017698,0.017912,0.018566,0.025798,0.018571,0.026903
0.024111,0.018499,0.018415,0.026245,0.018208,0.02144,0.018164,0.025462,0.017827,0.018179,0.017624,0.025784,0.028062,0.017949,0.028787,0.016933,0.017135,0.031437,0.018082,0.036912,0.033185,0.029314,0.035811,0.033169,0.033314,0.02934,0.036642,0.033905,0.030217,0.033845,0.034825,0.040222,0.042343,0.035286,0.032017,0.03211,0.033288,0.035743,0.01881,0.034256
0.028312,0.03554,0.033228,0.018723,0.030982,0.018514,0.031919,0.023697,0.018175,0.041978,0.034661,0.025862,0.037685,0.03416,0.019015,0.044181,0.018599,0.036319,0.032774,0.030866,0.034716,0.031841,0.029641,0.034584,0.036918,0.018073,0.030654,0.035181,0.034424,0.034617,0.030403,0.033307,0.035014,0.031573,0.034887,0.030196,0.017701,0.030759,0.035625,0.035054
0.027279,0.03454,0.036229,0.034489,0.034543,0.031885,0.030273,0.03534,0.035372,0.027262,0.035255,0.034802,0.035081,0.033931,0.032988,0.030199,0.034834,0.035762,0.033205,0.029304,0.036176,0.033589,0.028236,0.034911,0.03408,0.035839,0.040415,0.041837,0.035587,0.031835,0.031452,0.03451,0.035903,0.031363,0.037398,0.029427,0.040113,0.041904,0.035167,0.03414
0.02898,0.034495,0.040698,0.02946,0.032271,0.035944,0.0487,0.028841,0.03569,0.034361,0.036875,0.031717,0.030651,0.018234,0.033196,0.030276,0.034821,0.028478,0.040892,0.029612,0.03359,0.041075,0.042002,0.035069,0.03421,0.030188,0.034179,0.035173,0.034118,0.030334,0.033965,0.033261,0.034841,0.033589,0.036802,0.040214,0.036613,0.035382,0.02954,0.031829
0.031388,0.02571,0.032529,0.028939,0.034898,0.036009,0.031586,0.0186,0.032248,0.018346,0.031547,0.033927,0.02801,0.042331,0.041709,0.023508,0.029385,0.03097,0.035814,0.033837,0.028157,0.040417,0.024926,0.038769,0.03474,0.033855,0.029503,0.034729,0.035597,0.034469,0.033421,0.028016,0.036471,0.0347,0.027474,0.033565,0.036159,0.035221,0.033785,0.035546
0.03156,0.03136,0.035524,0.034723,0.033468,0.031904,0.031966,0.03617,0.027115,0.035546,0.034042,0.033688,0.025908,0.043563,0.030343,0.033644,0.034788,0.034343,0.026974,0.036267,0.036193,0.032958,0.035311,0.029201,0.035198,0.032581,0.034118,0.030228,0.038797,0.028205,0.035812,0.035441,0.035248,0.028932,0.032742,0.029693,0.040819,0.029128,0.034569,0.035633
0.032513,0.027475,0.036221,0.035059,0.03534,0.029064,0.034145,0.034181,0.033445,0.03115,0.027597,0.040567,0.03525,0.025566,0.036905,0.034899,0.034487,0.027651,0.035781,0.035311,0.034327,0.01846,0.031162,0.033851,0.036,0.048338,0.03427,0.031472,0.03433,0.03208,0.034402,0.033155,0.029126,0.03534,0.035718,0.032988,0.033987,0.028799,0.036223,0.022933
0.020947,0.039851,0.035223,0.035858,0.027241,0.033857,0.035637,0.017555,0.032876,0.034035,0.030157,0.03066,0.036234,0.03416,0.018829,0.030477,0.033557,0.036152,0.030897,0.031567,0.034897,0.026394,0.043544,0.033945,0.026939,0.03642,0.02479,0.019614,0.039846,0.026025,0.041873,0.023737,0.040845,0.027457,0.03483,0.034478,0.03575,0.034709,0.032072,0.03029
0.0331,0.037942,0.032431,0.029138,0.01833,0.030862,0.040641,0.028915,0.035717,0.032634,0.035459,0.027199,0.036302,0.034115,0.034487,0.02907,0.034933,0.034807,0.035197,0.030998,0.031037,0.03475,0.034852,0.028353,0.030425,0.038857,0.017828,0.031475,0.035586,0.035056,0.032672,0.029005,0.035493,0.034749,0.017717,0.037325,0.025845,0.025146,0.027087,0.018385
0.025556,0.038565,0.036387,0.026771,0.041233,0.030472,0.032794,0.03468,0.034976,0.028139,0.035274,0.034707,0.033294,0.029481,0.022878,0.026408,0.04039,0.029447,0.028118,0.022792,0.038511,0.024977,0.037441,0.028905,0.017874,0.031291,0.035819,0.034744,0.034751,0.031373,0.037789,0.029448,0.032455,0.033725,0.029173,0.041351,0.028946,0.036244,0.04682,0.035198
0.033562,0.029588,0.034591,0.035672,0.027527,0.040737,0.023322,0.040521,0.02695,0.041584,0.028743,0.0356,0.033774,0.033585,0.036582,0.025912,0.037772,0.033705,0.034297,0.033179,0.03471,0.029834,0.02833,0.043451,0.03238,0.030676,0.033229,0.028767,0.034779,0.034315,0.03424,0.027755,0.035567,0.042217,0.028914,0.033752,0.035267,0.027707,0.018392,0.030527
0.041034,0.028426,0.035056,0.033488,0.030505,0.039795,0.042216,0.035248,0.035126,0.033283,0.018738,0.030348,0.034728,0.027717,0.035257,0.036095,0.03311,0.034325,0.029428,0.035354,0.034883,0.027653,0.036157,0.034506,0.034555,0.034492,0.032824,0.028995,0.024612,0.026893,0.033384,0.036056,0.033591,0.028494,0.03975,0.035099,0.0276,0.035595,0.034396,0.034932
0.028094,0.036244,0.026744,0.036328,0.040514,0.027506,0.029692,0.041706,0.041043,0.041978,0.028848,0.034445,0.028297,0.040526,0.029858,0.034318,0.033565,0.028574,0.035114,0.033855,0.035868,0.034791,0.025571,0.037439,0.034746,0.035267,0.033674,0.028752,0.034586,0.035344,0.03418,0.025527,0.037726,0.034782,0.033892,0.029423,0.034695,0.03449,0.035326,0.027398
0.041543,0.030443,0.032242,0.027647,0.042569,0.024608,0.03825,0.034883,0.035515,0.040123,0.042004,0.029466,0.034668,0.035341,0.033721,0.033426,0.035741,0.035074,0.024727,0.031366,0.036389,0.033138,0.044898,0.018205,0.03369,0.042258,0.025956,0.037688,0.035805,0.029617,0.038684,0.025392,0.03122,0.042768,0.030504,0.031113,0.034757,0.029224,0.034735,0.040593
0.025792,0.035599,0.030184,0.040544,0.028663,0.034721,0.02886,0.033921,0.0351,0.035243,0.03408,0.032106,0.029622,0.036617,0.034499,0.035337,0.034732,0.041419,0.035377,0.033406,0.037835,0.032974,0.028434,0.041432,0.02862,0.034973,0.032491,0.036537,0.031399,0.030946,0.028547,0.030568,0.026115,0.032849,0.028736,0.034852,0.035463,0.034759,0.028264,0.035137
0.034746,0.03416,0.034806,0.031385,0.031294,0.035224,0.033322,0.03245,0.032834,0.039918,0.025685,0.03179,0.03449,0.034357,0.035819,0.033158,0.033202,0.031019,0.034485,0.034719,0.027543,0.033932,0.042624,0.030163,0.025342,0.033942,0.036854,0.034614,0.034958,0.033397,0.029468,0.032309,0.03689,0.036277,0.030844,0.037421,0.028638,0.033241,0.016737,0.01735
0.030445,0.034047,0.03597,0.0274,0.041945,0.033605,0.026376,0.037968,0.034941,0.025938,0.037432,0.033872,0.033881,0.03424,0.028553,0.041978,0.024083,0.032724,0.03514,0.034793,0.034997,0.034504,0.032036,0.031896,0.033802,0.026827,0.035097,0.022288,0.028523,0.017054,0.017546,0.017088,0.037989,0.028309,0.034408,0.034669,0.035029,0.033936,0.033831,0.029129
0.035853,0.027448,0.033823,0.035926,0.034867,0.035475,0.027413,0.042252,0.03101,0.031437,0.018208,0.031065,0.034264,0.034026,0.033366,0.030261,0.034926,0.03541,0.032488,0.029439,0.041421,0.024898,0.026382,0.023292,0.037343,0.035723,0.022495,0.039912,0.035139,0.017372,0.033042,0.032336,0.034226,0.029368,0.035551,0.030274,0.032337,0.033338,0.042029,0.029024
0.03489,0.035366,0.047922,0.03482,0.032142,0.030547,0.017675,0.038583,0.034185,0.027257,0.028345,0.03614,0.036129,0.033836,0.026443,0.042495,0.030566,0.038681,0.025855,0.038104,0.027853,0.035003,0.034418,0.02697,0.040324,0.030387,0.03482,0.034638,0.034716,0.028136,0.035128,0.034838,0.035152,0.028015,0.034893,0.041474,0.027739,0.036021,0.034694,0.037256
0.019094,0.03909,0.025104,0.019755,0.032253,0.017024,0.03916,0.018401,0.031494,0.033278,0.034623,0.029178,0.019519,0.029657,0.0402,0.029947,0.03479,0.027306,0.033737,0.023909,0.03245,0.03502,0.027134,0.042213,0.02828,0.027681,0.034754,0.035747,0.0337,0.028877,0.035334,0.034024,0.036096,0.033955,0.033545,0.029645,0.034686,0.034477,0.028633,0.031911
0.043084,0.043142,0.035519,0.03569,0.033292,0.032714,0.030984,0.034664,0.03554,0.030782,0.032728,0.033263,0.035308,0.035191,0.027949,0.033965,0.035151,0.034183,0.027197,0.035822,0.035166,0.034606,0.034186,0.030213,0.039717,0.026409,0.037307,0.034504,0.027684,0.035215,0.035511,0.035069,0.047,0.029014,0.034854,0.037034,0.032886,0.028912,0.03418,0.028687
0.041055,0.034755,0.034362,0.033335,0.029331,0.04109,0.025011,0.033785,0.039114,0.026847,0.04804,0.018032,0.040081,0.033882,0.029807,0.032777,0.028853,0.03552,0.036528,0.032033,0.029425,0.035229,0.03458,0.03589,0.027074,0.034958,0.03467,0.034937,0.03514,0.032878,0.029838,0.034644,0.03527,0.034069,0.033181,0.030462,0.034246,0.034607,0.035126,0.027694
0.036027,0.033961,0.028702,0.033978,0.034514,0.041519,0.025614,0.037528,0.02822,0.041039,0.030259,0.031516,0.036642,0.034602,0.02717,0.035543,0.034644,0.029994,0.034215,0.035107,0.032922,0.034299,0.028486,0.037011,0.017319,0.024498,0.040098,0.035722,0.034091,0.028546,0.023363,0.029778,0.027881,0.017608,0.018603,0.017925,0.022922,0.027429,0.037494,0.027582
0.035805,0.026717,0.035555,0.034877,0.036381,0.03348,0.02734,0.032545,0.017263,0.03278,0.035846,0.034819,0.036367,0.026933,0.035394,0.041165,0.025802,0.037337,0.02715,0.035705,0.035391,0.03552,0.027275,0.034774,0.034615,0.034806,0.035256,0.032827,0.029135,0.035946,0.033968,0.033301,0.036117,0.028573,0.035553,0.034383,0.028765,0.033824,0.034823,0.035408
0.02713,0.041379,0.033335,0.028487,0.036248,0.03368,0.034686,0.029343,0.035794,0.047399,0.036729,0.031505,0.031113,0.034606,0.034541,0.035761,0.034243,0.026166,0.03517,0.035027,0.030721,0.032583,0.03558,0.034385,0.027813,0.04244,0.027884,0.035024,0.03607,0.031806,0.034499,0.033461,0.044798,0.03508,0.035149,0.026982,0.040881,0.031332,0.033173,0.03412
0.03141,0.032611,0.034399,0.034507,0.035166,0.028848,0.034339,0.034967,0.027619,0.033795,0.036493,0.035411,0.032962,0.034397,0.029229,0.034889,0.035403,0.034415,0.026438,0.035762,0.03586,0.033507,0.035896,0.031817,0.034117,0.044702,0.040773,0.030956,0.025783,0.035282,0.040735,0.0295,0.035483,0.026091,0.042945,0.029355,0.033423,0.03525,0.035349,0.040402
0.035068,0.03459,0.035396,0.035058,0.032433,0.030235,0.035765,0.034051,0.033685,0.029171,0.035524,0.02763,0.033631,0.035826,0.034863,0.042158,0.023915,0.031716,0.034485,0.041719,0.041801,0.035765,0.033827,0.026565,0.036265,0.035413,0.034871,0.035613,0.034336,0.028707,0.040145,0.035956,0.041579,0.035214,0.032244,0.031404,0.033893,0.03444,0.035003,0.033904
0.025447,0.018733,0.032621,0.036073,0.035595,0.026933,0.034711,0.01799,0.030783,0.041679,0.028803,0.035335,0.026986,0.035308,0.041608,0.048189,0.032002,0.03149,0.03407,0.02816,0.036008,0.033852,0.03618,0.034288,0.026269,0.035498,0.03669,0.034087,0.02788,0.034797,0.040708,0.028882,0.028398,0.033886,0.035197,0.034863,0.03513,0.034522,0.034232,0.028863
