0.064816,0.062295,0.056517,0.063696,0.053331,0.053839,0.051591,0.052863,0.054885,0.057027,0.058119,0.05247,0.054574,0.064135,0.055369,0.05462,0.057213,0.055776,0.060739,0.057189,0.052013,0.062052,0.052762,0.060883,0.054012,0.063828,0.068758,0.053358,0.055339,0.053818,0.061294,0.056578,0.065478,0.055901,0.064037,0.058147,0.067082,0.054799,0.053724,0.058684
0.038501,0.036876,0.056702,0.037486,0.037879,0.056782,0.037586,0.041534,0.036591,0.039238,0.036881,0.050263,0.057573,0.040378,0.047741,0.046357,0.042911,0.036311,0.036347,0.046148,0.038989,0.042131,0.04417,0.037948,0.040652,0.043587,0.037636,0.035633,0.037301,0.039757,0.056007,0.036694,0.042199,0.040369,0.04363,0.036601,0.043224,0.04117,0.044737,0.046006
0.030988,0.051167,0.048788,0.049703,0.056433,0.035841,0.040399,0.056694,0.032269,0.032198,0.032155,0.032532,0.046456,0.054318,0.056328,0.048992,0.033122,0.031977,0.031432,0.031953,0.033598,0.032072,0.034715,0.033041,0.03299,0.033473,0.033689,0.032149,0.033491,0.04156,0.032308,0.032608,0.032104,0.032645,0.032984,0.039856,0.041554,0.03245,0.033338,0.039604
0.038552,0.043176,0.037668,0.039202,0.033132,0.030958,0.051312,0.032138,0.04102,0.037531,0.037015,0.042044,0.031405,0.031361,0.030725,0.052219,0.050609,0.055236,0.037218,0.039397,0.031441,0.050368,0.032742,0.032628,0.056178,0.032286,0.03237,0.033875,0.03189,0.054949,0.033582,0.032544,0.037605,0.037645,0.038124,0.030096,0.05633,0.030227,0.031481,0.03177
0.052898,0.036427,0.04134,0.0381,0.030505,0.051248,0.051882,0.050575,0.049387,0.030881,0.031301,0.055334,0.037117,0.030749,0.029605,0.030788,0.052105,0.031254,0.059713,0.030887,0.030237,0.034937,0.051747,0.029264,0.030477,0.050225,0.059017,0.030272,0.039567,0.039342,0.033166,0.033125,0.03855,0.030533,0.029425,0.034117,0.031459,0.035297,0.032841,0.03378
0.035612,0.033248,0.047488,0.055726,0.048343,0.046248,0.031804,0.059251,0.028678,0.036387,0.029751,0.02909,0.038395,0.035955,0.041494,0.039793,0.035035,0.028663,0.034412,0.050943,0.031401,0.0298,0.051179,0.054879,0.0303,0.031712,0.052352,0.034724,0.038644,0.029985,0.031225,0.040536,0.045362,0.031036,0.035407,0.05008,0.029767,0.030388,0.051131,0.033668
0.04932,0.036144,0.029191,0.053881,0.029505,0.053207,0.030364,0.054629,0.029647,0.041466,0.02924,0.033625,0.028445,0.052919,0.029616,0.054092,0.029693,0.054679,0.030081,0.053357,0.029458,0.054751,0.029163,0.054797,0.028683,0.040023,0.028022,0.029024,0.055371,0.036955,0.040582,0.041742,0.028737,0.033215,0.031507,0.058449,0.028795,0.047434,0.031651,0.049966
0.033785,0.040133,0.028702,0.034133,0.035488,0.029479,0.053099,0.029507,0.037031,0.030501,0.035582,0.048112,0.048763,0.031714,0.035018,0.03197,0.054782,0.02983,0.040214,0.028391,0.035709,0.03046,0.042601,0.033257,0.029958,0.032284,0.035434,0.028587,0.030476,0.032213,0.051505,0.03692,0.037239,0.029507,0.029797,0.041485,0.02881,0.037137,0.0353,0.029411
0.032789,0.029403,0.028912,0.050025,0.056071,0.029484,0.053841,0.037184,0.028623,0.028603,0.053138,0.035629,0.036261,0.03602,0.031321,0.028815,0.034779,0.029425,0.031602,0.048319,0.056867,0.029655,0.032886,0.055254,0.028811,0.030398,0.052265,0.031865,0.052403,0.032287,0.031494,0.054847,0.050416,0.036326,0.030487,0.033456,0.029543,0.050094,0.041903,0.033571
0.029098,0.02802,0.04894,0.055092,0.049371,0.048001,0.042449,0.039856,0.037912,0.041035,0.042541,0.035737,0.036823,0.028913,0.028498,0.038921,0.029165,0.030114,0.056087,0.027514,0.040328,0.028606,0.030774,0.055306,0.050919,0.02862,0.030273,0.051061,0.038655,0.03884,0.029164,0.045759,0.046229,0.066273,0.042864,0.028523,0.030278,0.051543,0.032523,0.057221
0.028123,0.030168,0.054002,0.048667,0.030125,0.036039,0.034341,0.040214,0.03718,0.042388,0.028737,0.031014,0.05495,0.03806,0.030314,0.02871,0.037707,0.029293,0.039932,0.028765,0.030617,0.051017,0.049493,0.034716,0.029162,0.05329,0.031433,0.048031,0.059047,0.029305,0.030483,0.054453,0.038712,0.035543,0.029052,0.027669,0.030665,0.053908,0.035942,0.036973
0.031745,0.028568,0.029296,0.052618,0.031944,0.03875,0.028206,0.035394,0.048422,0.056979,0.028407,0.040495,0.028399,0.027787,0.054361,0.028968,0.035358,0.033731,0.03176,0.051617,0.036771,0.028744,0.031073,0.050652,0.03443,0.049381,0.034076,0.034429,0.037451,0.0352,0.029427,0.03198,0.029855,0.030226,0.029428,0.02901,0.034004,0.029403,0.034986,0.030545
0.037825,0.029996,0.032931,0.031377,0.051877,0.032133,0.051178,0.049812,0.054633,0.038455,0.028841,0.028517,0.031915,0.053731,0.056513,0.028165,0.028712,0.038896,0.028486,0.050271,0.047804,0.056117,0.037254,0.029646,0.038116,0.028969,0.028996,0.048468,0.034073,0.043215,0.03286,0.029538,0.036211,0.029126,0.030034,0.037822,0.035423,0.03106,0.02984,0.029986
0.030148,0.030854,0.028206,0.028966,0.033389,0.03049,0.032567,0.030609,0.034682,0.029018,0.03803,0.029995,0.028682,0.032917,0.030826,0.03173,0.053506,0.049449,0.049389,0.029719,0.056799,0.028062,0.033314,0.037027,0.028952,0.050198,0.043643,0.036855,0.039273,0.035299,0.036246,0.029659,0.034113,0.029472,0.034832,0.031066,0.037581,0.032685,0.030445,0.035433
0.030041,0.03534,0.031263,0.03066,0.04093,0.027382,0.034312,0.034244,0.034472,0.030817,0.03832,0.030145,0.034517,0.050562,0.048195,0.049645,0.030915,0.05879,0.027772,0.03001,0.054289,0.03375,0.028666,0.054927,0.030279,0.034815,0.034691,0.029915,0.03305,0.033448,0.030107,0.029635,0.028864,0.038764,0.031985,0.030184,0.02951,0.029753,0.030806,0.030171
0.027757,0.031305,0.038224,0.03623,0.02783,0.029009,0.039569,0.035752,0.034875,0.028778,0.028482,0.050889,0.031803,0.033918,0.031903,0.037928,0.027232,0.062387,0.028761,0.035777,0.028249,0.030056,0.051105,0.036544,0.029244,0.034322,0.039012,0.036408,0.029698,0.034038,0.035654,0.028908,0.029533,0.032321,0.034202,0.040938,0.028569,0.028754,0.051752,0.037164
0.035459,0.033908,0.051542,0.034363,0.043679,0.036975,0.029506,0.030198,0.050949,0.049052,0.042464,0.027284,0.02802,0.054356,0.02932,0.055607,0.028951,0.036664,0.033546,0.034944,0.02881,0.04009,0.030331,0.030571,0.038908,0.034176,0.029355,0.039235,0.030177,0.029151,0.030353,0.032018,0.040889,0.035499,0.034499,0.02885,0.028492,0.037419,0.02948,0.03498
0.030451,0.052156,0.031883,0.044318,0.029527,0.027658,0.033787,0.031549,0.034969,0.033131,0.036119,0.02911,0.031675,0.028579,0.02914,0.034834,0.029343,0.028002,0.029448,0.028812,0.03797,0.029409,0.035551,0.034788,0.031994,0.030826,0.030362,0.038633,0.039593,0.029108,0.03022,0.029861,0.036529,0.029324,0.030958,0.033695,0.029853,0.030469,0.029257,0.028191
0.029285,0.033951,0.033473,0.034944,0.031435,0.040653,0.028304,0.031244,0.041782,0.029336,0.027708,0.03732,0.030542,0.035674,0.031351,0.037556,0.028196,0.036879,0.029364,0.036648,0.035226,0.029274,0.034452,0.0338,0.031974,0.038324,0.034701,0.027284,0.034934,0.032404,0.031012,0.041617,0.042761,0.038701,0.04991,0.055377,0.028704,0.028315,0.048041,0.05808
0.03543,0.029129,0.037459,0.037029,0.037197,0.051488,0.034592,0.030901,0.033909,0.034653,0.030152,0.037849,0.029235,0.054174,0.049397,0.055215,0.028117,0.03107,0.032202,0.034254,0.031208,0.0529,0.03507,0.028687,0.038899,0.028481,0.035981,0.037041,0.029044,0.041984,0.030049,0.029353,0.036609,0.02816,0.054309,0.036675,0.037017,0.04422,0.028159,0.030437
0.036681,0.03171,0.054517,0.027772,0.036273,0.030243,0.052161,0.053499,0.02891,0.047349,0.058712,0.037507,0.028136,0.028603,0.040257,0.028259,0.03032,0.044145,0.028563,0.027684,0.0309,0.036036,0.03854,0.02922,0.036168,0.03337,0.033527,0.028137,0.03601,0.032377,0.030976,0.036216,0.039435,0.028008,0.029729,0.039213,0.028798,0.040351,0.030677,0.029209
0.042708,0.029092,0.036587,0.02827,0.030061,0.050887,0.050351,0.031071,0.03823,0.028599,0.055228,0.045889,0.040043,0.027996,0.03361,0.03478,0.028042,0.037286,0.028473,0.043792,0.028419,0.038096,0.027384,0.033665,0.054534,0.030287,0.029758,0.032819,0.057928,0.038886,0.039435,0.029406,0.035461,0.036524,0.027772,0.038673,0.027924,0.034539,0.03365,0.044915
0.028499,0.029291,0.045063,0.041537,0.028139,0.032069,0.036034,0.030274,0.036455,0.030479,0.035206,0.031931,0.033748,0.034436,0.031219,0.041145,0.026708,0.034666,0.035147,0.03491,0.028818,0.030251,0.03838,0.028421,0.041651,0.036134,0.027463,0.035086,0.029346,0.034315,0.031307,0.048883,0.055983,0.037459,0.028817,0.028807,0.035095,0.041764,0.033873,0.029178
0.028092,0.031121,0.040615,0.036943,0.028088,0.054845,0.027789,0.029406,0.053725,0.038454,0.027067,0.028524,0.038704,0.0294,0.037648,0.02893,0.032781,0.052547,0.047535,0.050112,0.057045,0.029306,0.03834,0.028191,0.035794,0.030348,0.03678,0.029429,0.031468,0.036229,0.031657,0.035145,0.030105,0.036941,0.030495,0.037639,0.029538,0.033829,0.038552,0.027217
0.034737,0.035093,0.029871,0.041351,0.027827,0.034425,0.029497,0.035777,0.032585,0.034193,0.034571,0.02876,0.039276,0.038052,0.030306,0.04131,0.036448,0.030652,0.054282,0.033316,0.031452,0.033972,0.047684,0.044434,0.027628,0.046687,0.048532,0.047165,0.044273,0.031688,0.028472,0.038293,0.03777,0.034561,0.045312,0.028252,0.030973,0.039256,0.028685,0.036081
0.029281,0.036072,0.033186,0.033006,0.039053,0.028237,0.035791,0.029964,0.030369,0.028173,0.027995,0.031031,0.03061,0.029591,0.029923,0.028914,0.028051,0.03717,0.028384,0.028417,0.029347,0.034925,0.02972,0.028171,0.039289,0.035837,0.027574,0.032205,0.031072,0.039047,0.050534,0.03846,0.030172,0.027703,0.050163,0.032989,0.033756,0.040085,0.028945,0.033006
0.028937,0.038125,0.031488,0.033922,0.031158,0.037874,0.027899,0.029713,0.030346,0.028438,0.027628,0.03684,0.036753,0.027856,0.038848,0.037121,0.028343,0.034398,0.027593,0.048389,0.053223,0.051701,0.047677,0.037762,0.034657,0.027686,0.054771,0.02908,0.034015,0.054962,0.027681,0.03129,0.037437,0.028059,0.045624,0.029337,0.033161,0.029701,0.039182,0.028407
0.031352,0.03153,0.037046,0.029128,0.035592,0.030695,0.040478,0.027786,0.031779,0.041632,0.027817,0.031043,0.037203,0.029209,0.038122,0.029252,0.042415,0.029502,0.027871,0.034606,0.03354,0.034347,0.030341,0.035274,0.034251,0.032386,0.035258,0.030197,0.040543,0.041401,0.041854,0.036754,0.027621,0.03226,0.029544,0.038905,0.034581,0.02729,0.031883,0.040883
0.027991,0.030763,0.050542,0.03674,0.028635,0.04651,0.028503,0.027364,0.030197,0.03888,0.0285,0.04001,0.029109,0.054362,0.031428,0.029787,0.035546,0.030228,0.036101,0.055316,0.030704,0.028291,0.038528,0.028137,0.039105,0.038852,0.029115,0.03547,0.028311,0.038722,0.028192,0.028701,0.054322,0.042636,0.042193,0.028235,0.033946,0.032703,0.039114,0.027634
0.036407,0.029806,0.031829,0.039661,0.029708,0.053987,0.028271,0.037638,0.033059,0.030064,0.039936,0.03211,0.028993,0.04836,0.033017,0.039434,0.035789,0.027752,0.046402,0.040656,0.028251,0.034572,0.032697,0.031006,0.034651,0.04457,0.046605,0.027262,0.030244,0.041227,0.028386,0.053747,0.036975,0.031906,0.049721,0.027583,0.029827,0.038056,0.028093,0.033169
0.039718,0.02798,0.039337,0.027813,0.032091,0.052644,0.034776,0.0303,0.038086,0.030701,0.030431,0.029633,0.028576,0.027964,0.030293,0.029336,0.02875,0.028808,0.033958,0.03328,0.030019,0.02785,0.028323,0.033544,0.027591,0.033956,0.036095,0.028245,0.036302,0.031527,0.04085,0.028943,0.04498,0.037642,0.030413,0.045442,0.028558,0.027507,0.04905,0.031967
0.038606,0.047669,0.03441,0.030114,0.036716,0.031989,0.031516,0.039408,0.034302,0.029431,0.028488,0.039671,0.028694,0.054725,0.048427,0.048154,0.036706,0.041525,0.048749,0.030232,0.035423,0.028043,0.027713,0.037206,0.033402,0.038315,0.036979,0.029308,0.028211,0.030696,0.035586,0.029383,0.029233,0.033733,0.030405,0.028423,0.036389,0.028734,0.031363,0.037382
0.030252,0.034453,0.03089,0.034359,0.03327,0.029395,0.029409,0.028164,0.029347,0.030345,0.028542,0.02715,0.028342,0.041208,0.027222,0.039114,0.02813,0.055243,0.027851,0.054963,0.029563,0.03644,0.033252,0.028114,0.055789,0.027587,0.051238,0.03294,0.03512,0.031153,0.034363,0.034855,0.032213,0.033661,0.035389,0.029195,0.037676,0.028927,0.03497,0.031458
0.037514,0.0297,0.032277,0.052358,0.036453,0.034134,0.028858,0.054068,0.028814,0.035111,0.029686,0.037949,0.029102,0.037356,0.031042,0.038303,0.029486,0.034367,0.032842,0.033155,0.040097,0.027395,0.030006,0.040208,0.031763,0.030075,0.030191,0.034981,0.050847,0.034117,0.031081,0.039608,0.027894,0.040614,0.02811,0.030785,0.035643,0.03379,0.030049,0.035925
0.037068,0.029914,0.033026,0.030048,0.039433,0.036045,0.034578,0.049822,0.028174,0.050378,0.029702,0.031245,0.040108,0.028184,0.037772,0.029087,0.032846,0.037433,0.030307,0.034456,0.041791,0.028279,0.028301,0.034432,0.033542,0.056084,0.02882,0.040567,0.027204,0.029362,0.043307,0.029106,0.027794,0.040431,0.027957,0.030965,0.034727,0.03216,0.040307,0.038471
0.043417,0.028037,0.032355,0.036299,0.031524,0.055869,0.035844,0.028345,0.029821,0.034092,0.054971,0.038879,0.048822,0.029524,0.035711,0.027219,0.031051,0.0336,0.039745,0.028195,0.033092,0.030685,0.047368,0.042559,0.02791,0.034465,0.031462,0.035767,0.036653,0.027583,0.045856,0.029538,0.029333,0.030317,0.031749,0.039601,0.031886,0.032513,0.027129,0.043681
0.027896,0.030718,0.039427,0.030154,0.029082,0.036103,0.030002,0.041732,0.02786,0.035204,0.030083,0.045403,0.038503,0.039424,0.027483,0.055431,0.036918,0.027888,0.028875,0.036874,0.029387,0.040481,0.031617,0.030267,0.032096,0.038019,0.029421,0.032406,0.033997,0.035796,0.030415,0.042583,0.027789,0.036373,0.027407,0.042808,0.028176,0.035082,0.028819,0.030695
0.036764,0.032313,0.043075,0.051071,0.041245,0.041919,0.038502,0.034451,0.029446,0.038808,0.029628,0.030972,0.039598,0.029731,0.031307,0.028819,0.02928,0.028155,0.037086,0.029356,0.040148,0.030705,0.02987,0.030774,0.033608,0.036921,0.029781,0.034664,0.039784,0.027693,0.031002,0.057694,0.028279,0.039953,0.03179,0.02808,0.029937,0.051867,0.033336,0.039027
0.03356,0.030539,0.051034,0.028091,0.036124,0.02968,0.052651,0.031002,0.040833,0.026948,0.034417,0.032026,0.034305,0.034546,0.032913,0.029723,0.038012,0.032054,0.030045,0.037262,0.030411,0.035729,0.030892,0.035143,0.0301,0.028967,0.035713,0.031015,0.029135,0.02922,0.031029,0.029563,0.029325,0.02723,0.031527,0.029945,0.029179,0.037029,0.030133,0.027943
0.027754,0.034868,0.034503,0.036736,0.030908,0.034394,0.029685,0.036531,0.029598,0.029533,0.030173,0.035885,0.035322,0.030277,0.028575,0.028876,0.02995,0.028247,0.02741,0.027173,0.029884,0.02925,0.028388,0.030952,0.036619,0.029916,0.032869,0.029546,0.030268,0.028384,0.032442,0.029229,0.029422,0.029602,0.029225,0.030379,0.035547,0.030329,0.032793,0.044264
