0.063222,0.049678,0.045222,0.044275,0.051903,0.052737,0.054442,0.043681,0.051789,0.048685,0.046152,0.052783,0.044747,0.054975,0.045612,0.057435,0.050458,0.051295,0.047839,0.052682,0.058836,0.048462,0.04827,0.044324,0.062534,0.045529,0.051147,0.049039,0.054446,0.045509,0.060039,0.048584,0.05142,0.044594,0.046008,0.053044,0.045861,0.06076,0.046004,0.050728
0.03168,0.050935,0.029377,0.050504,0.033034,0.03034,0.029431,0.044099,0.028144,0.053462,0.029093,0.034095,0.032829,0.035481,0.052512,0.052943,0.058443,0.029922,0.04257,0.044977,0.034177,0.03298,0.053404,0.046437,0.049499,0.037399,0.050171,0.052449,0.030617,0.044058,0.037107,0.049629,0.053683,0.032773,0.043931,0.037641,0.033372,0.054913,0.049911,0.028978
0.049406,0.029612,0.047564,0.03863,0.032988,0.027372,0.038955,0.028025,0.043228,0.025909,0.051038,0.055786,0.024713,0.03917,0.033064,0.030318,0.046584,0.042772,0.030659,0.033613,0.027083,0.040925,0.02925,0.047513,0.031664,0.037893,0.048454,0.054617,0.026402,0.037289,0.050482,0.035971,0.02529,0.036876,0.03527,0.028913,0.027225,0.035536,0.025833,0.028329
0.034215,0.046999,0.042035,0.024373,0.04279,0.032514,0.027423,0.034308,0.048377,0.041238,0.026585,0.038123,0.027635,0.039221,0.046082,0.052811,0.030203,0.034084,0.047697,0.039812,0.032585,0.036821,0.027089,0.045413,0.038261,0.031925,0.048231,0.054579,0.055993,0.023346,0.047218,0.040431,0.031808,0.032755,0.049166,0.048644,0.048774,0.049314,0.043448,0.028453
0.030417,0.037262,0.024427,0.039229,0.052329,0.029472,0.048632,0.036422,0.035387,0.026766,0.041079,0.025704,0.044031,0.024706,0.052002,0.047701,0.036541,0.035646,0.025135,0.036815,0.054714,0.024939,0.038887,0.033255,0.033307,0.045131,0.041007,0.025943,0.042964,0.024509,0.037951,0.030803,0.047149,0.035617,0.048073,0.040882,0.025972,0.038097,0.031672,0.046222
0.024143,0.033932,0.025534,0.033947,0.031482,0.038365,0.056505,0.034358,0.034692,0.031962,0.033916,0.029685,0.027923,0.035836,0.030114,0.034606,0.035234,0.047344,0.035443,0.033622,0.030728,0.032692,0.054143,0.029929,0.034475,0.048266,0.029384,0.043501,0.045875,0.032707,0.050363,0.036317,0.029179,0.054448,0.037503,0.040379,0.047376,0.039075,0.044302,0.035349
0.054268,0.025841,0.041949,0.043953,0.052518,0.038566,0.030129,0.03132,0.032308,0.045695,0.037128,0.033899,0.048554,0.054348,0.03398,0.051926,0.030328,0.045359,0.034402,0.049408,0.049883,0.040215,0.025878,0.038395,0.03047,0.039521,0.023851,0.042883,0.032378,0.033491,0.025226,0.039241,0.037462,0.031135,0.024703,0.03445,0.023506,0.033843,0.045972,0.031642
0.048422,0.03969,0.027473,0.036697,0.033275,0.045225,0.033808,0.034147,0.040862,0.023212,0.040071,0.030916,0.046885,0.03563,0.047882,0.035209,0.029947,0.039367,0.034058,0.031436,0.050376,0.044434,0.035586,0.034382,0.035598,0.031813,0.051173,0.035555,0.031594,0.03248,0.046897,0.040226,0.028785,0.035545,0.033584,0.031285,0.045886,0.036687,0.034711,0.034516
0.035801,0.027891,0.033978,0.047962,0.036039,0.047786,0.035382,0.048905,0.054477,0.025979,0.03901,0.043518,0.04659,0.02875,0.02498,0.036082,0.035731,0.041034,0.029757,0.02846,0.035479,0.045416,0.042933,0.023774,0.033044,0.038437,0.050647,0.048955,0.037189,0.027156,0.035364,0.031444,0.037753,0.031045,0.044261,0.040826,0.030255,0.037555,0.044482,0.049119
0.035013,0.047878,0.043226,0.029944,0.03347,0.028019,0.030069,0.039638,0.033144,0.036756,0.0237,0.038892,0.033285,0.04893,0.04883,0.049698,0.05488,0.025765,0.037875,0.048742,0.049237,0.034598,0.054263,0.025261,0.038978,0.030024,0.034516,0.033452,0.033234,0.050424,0.048438,0.048484,0.036458,0.04748,0.03579,0.043568,0.03854,0.04907,0.041568,0.03035
0.025688,0.041686,0.029394,0.047958,0.049778,0.034543,0.048393,0.034808,0.04878,0.035204,0.047722,0.035564,0.054201,0.036058,0.024673,0.038601,0.029772,0.046168,0.036751,0.049661,0.035561,0.034609,0.02879,0.023152,0.025362,0.023777,0.026238,0.024549,0.027197,0.024613,0.024225,0.023355,0.033851,0.025554,0.023512,0.029872,0.039992,0.027486,0.048054,0.053443
0.030568,0.047515,0.03552,0.047691,0.036708,0.047515,0.034583,0.048596,0.042352,0.029895,0.034805,0.027977,0.036184,0.04577,0.035168,0.052927,0.051023,0.029573,0.047657,0.040737,0.024729,0.039945,0.026998,0.036963,0.033976,0.047431,0.049497,0.034232,0.04986,0.054151,0.032746,0.03211,0.035597,0.035053,0.025652,0.035712,0.034335,0.035969,0.028244,0.033969
0.047907,0.03594,0.049905,0.031507,0.036126,0.036301,0.030521,0.032564,0.03697,0.032399,0.030574,0.051021,0.024121,0.023036,0.023868,0.024904,0.023707,0.029239,0.024041,0.024719,0.034284,0.029023,0.023411,0.030213,0.034862,0.032527,0.036384,0.042564,0.036141,0.035159,0.047671,0.036107,0.035548,0.03185,0.036401,0.02894,0.049136,0.034007,0.048433,0.048701
0.03602,0.028681,0.040024,0.031925,0.051607,0.0324,0.044631,0.023582,0.029366,0.036841,0.034073,0.031009,0.053784,0.027398,0.042407,0.024182,0.040174,0.024973,0.043195,0.022892,0.038723,0.049863,0.033802,0.032145,0.039833,0.029168,0.027738,0.038493,0.027023,0.037925,0.047962,0.04947,0.034868,0.043801,0.040048,0.035458,0.030591,0.049097,0.034306,0.033223
0.035662,0.030191,0.037385,0.031656,0.04387,0.040378,0.050388,0.03142,0.033069,0.032725,0.050295,0.03572,0.034901,0.028453,0.038611,0.031114,0.031345,0.050532,0.04876,0.04863,0.049496,0.022824,0.028858,0.03418,0.035511,0.046588,0.033786,0.036105,0.030235,0.051594,0.048324,0.036231,0.036301,0.025169,0.036596,0.054509,0.023912,0.041361,0.030587,0.04436
0.035604,0.036366,0.046094,0.042268,0.041869,0.042184,0.024331,0.034236,0.036255,0.044794,0.034439,0.035397,0.047883,0.037234,0.047104,0.036415,0.053333,0.030341,0.034025,0.031034,0.052076,0.031916,0.046077,0.024991,0.025147,0.045945,0.021997,0.034442,0.048259,0.04142,0.024999,0.039148,0.035583,0.024306,0.043314,0.024503,0.037609,0.037376,0.02463,0.037867
0.034325,0.032645,0.032283,0.045668,0.042172,0.024341,0.03771,0.050253,0.048359,0.04908,0.055495,0.027199,0.037197,0.033605,0.03447,0.031049,0.036487,0.026467,0.039128,0.030593,0.046493,0.04134,0.028207,0.035749,0.035211,0.031731,0.037034,0.025341,0.036941,0.035268,0.034201,0.026207,0.033879,0.037494,0.032992,0.045738,0.03951,0.026467,0.037875,0.033638
0.034665,0.029605,0.034998,0.034172,0.032464,0.033036,0.033732,0.036813,0.025619,0.023,0.029266,0.030078,0.029689,0.024559,0.036978,0.028471,0.035403,0.037595,0.02767,0.033966,0.034656,0.037844,0.024105,0.039986,0.030845,0.033417,0.034231,0.031983,0.038538,0.024291,0.0372,0.034357,0.033956,0.033641,0.027714,0.03775,0.036621,0.027513,0.037774,0.030723
0.034115,0.034869,0.027929,0.040563,0.024245,0.039098,0.033641,0.031663,0.037943,0.025035,0.039893,0.034471,0.04194,0.035669,0.04001,0.026519,0.038413,0.029417,0.035581,0.031419,0.036221,0.031118,0.02982,0.035905,0.036654,0.030362,0.034802,0.030638,0.036168,0.032326,0.034655,0.029833,0.034835,0.054482,0.030383,0.032268,0.03554,0.032655,0.031889,0.039823
0.022479,0.041527,0.028357,0.033475,0.036945,0.03081,0.034768,0.037088,0.02404,0.024292,0.02482,0.039509,0.029507,0.038708,0.030403,0.043667,0.022223,0.038853,0.028249,0.037618,0.025316,0.023011,0.032716,0.034202,0.034867,0.028358,0.034489,0.032215,0.050613,0.047489,0.034759,0.038425,0.025113,0.036323,0.03439,0.034128,0.033267,0.033532,0.032967,0.034168
0.034004,0.03044,0.03343,0.032294,0.035363,0.036365,0.03051,0.031528,0.040108,0.030652,0.029717,0.034436,0.039984,0.022097,0.040941,0.03072,0.038649,0.022115,0.040215,0.033257,0.036685,0.024737,0.037999,0.035241,0.035269,0.028641,0.033328,0.042287,0.029047,0.028155,0.046697,0.022901,0.029229,0.035542,0.031014,0.035582,0.035701,0.031975,0.032852,0.032203
0.039393,0.023234,0.040875,0.024972,0.039179,0.035334,0.031528,0.030646,0.032411,0.036206,0.04915,0.04904,0.04091,0.022914,0.03951,0.028752,0.040617,0.031495,0.038624,0.022351,0.035319,0.040821,0.024365,0.032529,0.040975,0.025311,0.023129,0.028736,0.035891,0.030864,0.030712,0.039772,0.029133,0.036612,0.031301,0.05061,0.040568,0.022463,0.035846,0.054234
0.028434,0.035679,0.032782,0.037105,0.027661,0.034475,0.030424,0.039659,0.028711,0.03976,0.033622,0.025497,0.03733,0.033415,0.033467,0.031398,0.036105,0.029374,0.031902,0.022341,0.029749,0.032932,0.035135,0.036032,0.028275,0.033543,0.040933,0.042732,0.035747,0.034777,0.047817,0.035975,0.030583,0.034649,0.030634,0.036781,0.031938,0.031469,0.041307,0.023334
0.03688,0.029458,0.03441,0.049919,0.034799,0.035515,0.035929,0.029229,0.03026,0.037274,0.033872,0.033249,0.030707,0.027542,0.028195,0.02784,0.034595,0.033963,0.036369,0.033606,0.041913,0.04039,0.032483,0.033868,0.027818,0.022243,0.027959,0.028653,0.023048,0.022567,0.024725,0.023422,0.023634,0.022659,0.023624,0.023496,0.029801,0.021948,0.02334,0.024031
0.022548,0.023626,0.023816,0.023273,0.030287,0.027224,0.022643,0.023363,0.030748,0.023643,0.022354,0.024538,0.024285,0.023264,0.023881,0.023908,0.023241,0.023717,0.029348,0.025117,0.031883,0.024495,0.02442,0.02522,0.027388,0.022773,0.022699,0.024395,0.024405,0.024736,0.024211,0.023719,0.023809,0.023481,0.024183,0.023219,0.029152,0.023755,0.025043,0.022997
0.023934,0.022703,0.025834,0.023874,0.023029,0.030782,0.023866,0.023106,0.027977,0.022683,0.024426,0.029586,0.023987,0.023657,0.029735,0.024452,0.022751,0.023659,0.023107,0.023142,0.0294,0.023473,0.031201,0.024138,0.025095,0.024316,0.033285,0.030439,0.031283,0.029918,0.031057,0.027805,0.031709,0.028109,0.024301,0.023796,0.035137,0.024509,0.03142,0.033313
0.02338,0.028538,0.026941,0.022807,0.022234,0.022381,0.023269,0.022961,0.023871,0.023256,0.023241,0.023366,0.022472,0.023704,0.023696,0.022642,0.02281,0.025491,0.023635,0.031417,0.022977,0.029821,0.022925,0.023231,0.028639,0.023458,0.031302,0.029401,0.023771,0.023602,0.023722,0.0236,0.02251,0.02307,0.024354,0.02226,0.023106,0.027584,0.03022,0.023794
0.028333,0.023797,0.024948,0.027486,0.022095,0.023728,0.030755,0.023936,0.022845,0.027575,0.02382,0.024583,0.022229,0.024209,0.027409,0.023431,0.021776,0.026024,0.023283,0.024,0.030813,0.024002,0.022265,0.023893,0.028494,0.023439,0.025812,0.02401,0.024213,0.023767,0.024368,0.022562,0.026893,0.032089,0.022981,0.024361,0.022183,0.023406,0.024145,0.023601
0.023315,0.023378,0.023334,0.022486,0.022634,0.023958,0.032599,0.022746,0.022264,0.029237,0.024885,0.027531,0.028977,0.023963,0.023795,0.022418,0.024532,0.024598,0.024014,0.024044,0.023874,0.02896,0.02449,0.030924,0.027943,0.023424,0.023429,0.023751,0.027216,0.026356,0.021946,0.022912,0.029003,0.03664,0.029828,0.033041,0.036575,0.034781,0.028853,0.036847
0.033597,0.034206,0.030872,0.032981,0.034242,0.046582,0.034786,0.035808,0.032838,0.036973,0.041612,0.03461,0.042092,0.022805,0.039154,0.034482,0.031403,0.030354,0.037917,0.03171,0.027979,0.036357,0.033971,0.030063,0.022843,0.034187,0.026472,0.024804,0.025785,0.023693,0.028304,0.022325,0.035355,0.022493,0.040239,0.034863,0.034002,0.028439,0.036156,0.030049
0.031855,0.040721,0.024552,0.042787,0.022305,0.043709,0.023402,0.040517,0.034322,0.02742,0.041814,0.022368,0.040636,0.031057,0.033585,0.033286,0.022971,0.023119,0.022631,0.0309,0.030562,0.037653,0.034688,0.026933,0.038422,0.032225,0.034594,0.032541,0.034121,0.03728,0.023845,0.039505,0.029348,0.03244,0.035966,0.048898,0.035239,0.034349,0.035347,0.02796
0.034908,0.033816,0.032443,0.035646,0.031765,0.032879,0.035041,0.026175,0.036761,0.034478,0.035911,0.032471,0.028845,0.022726,0.036092,0.024445,0.022789,0.032173,0.033943,0.027663,0.039368,0.029697,0.03364,0.03176,0.036566,0.03413,0.030003,0.03704,0.031595,0.033268,0.030986,0.034741,0.034148,0.035361,0.032665,0.029564,0.036696,0.028448,0.044059,0.03415
0.022232,0.03796,0.033625,0.039153,0.023847,0.033008,0.035971,0.036574,0.028059,0.039259,0.029537,0.033507,0.03695,0.026733,0.034763,0.035572,0.034311,0.028164,0.039504,0.049961,0.0275,0.036739,0.033565,0.032411,0.035566,0.043035,0.035717,0.035376,0.047907,0.03062,0.02397,0.027295,0.037919,0.0538,0.030128,0.031797,0.038736,0.033677,0.025829,0.035575
0.036098,0.034178,0.025175,0.037952,0.034844,0.034222,0.03519,0.025659,0.038017,0.033541,0.032672,0.027874,0.037696,0.048515,0.049087,0.035237,0.035086,0.032796,0.037142,0.024201,0.043951,0.023154,0.033421,0.040494,0.049153,0.027389,0.036445,0.034774,0.031051,0.052695,0.049003,0.03684,0.02445,0.036629,0.033454,0.035818,0.033532,0.037578,0.028135,0.034137
0.039794,0.034377,0.024738,0.043597,0.021275,0.036561,0.032921,0.029893,0.02249,0.02827,0.022813,0.024203,0.023314,0.0324,0.030608,0.031639,0.022591,0.031906,0.030607,0.02211,0.02884,0.0368,0.02746,0.042035,0.024252,0.035783,0.048227,0.035125,0.035375,0.03269,0.037305,0.028103,0.040757,0.024153,0.032028,0.041845,0.029131,0.0348,0.035199,0.027689
0.034857,0.04639,0.03669,0.034528,0.040195,0.02259,0.034566,0.033866,0.048151,0.036501,0.039317,0.024369,0.038011,0.036371,0.024005,0.039803,0.031677,0.032065,0.034486,0.035253,0.035116,0.029595,0.0317,0.035399,0.047646,0.036734,0.034822,0.034322,0.028089,0.034159,0.033702,0.033367,0.031278,0.034322,0.034999,0.037353,0.032944,0.024781,0.0378,0.035679
0.028803,0.036195,0.032809,0.033238,0.035544,0.03197,0.03235,0.030913,0.037476,0.028191,0.039324,0.030779,0.047882,0.054581,0.03632,0.023023,0.040117,0.033504,0.031102,0.032675,0.03411,0.049184,0.035835,0.047961,0.036989,0.033299,0.027932,0.035583,0.033064,0.035548,0.035393,0.024934,0.037316,0.036136,0.027012,0.034722,0.035929,0.031962,0.036338,0.031733
0.033303,0.031256,0.037241,0.034773,0.028663,0.037767,0.049532,0.03168,0.039964,0.02884,0.029862,0.039648,0.0229,0.040092,0.028453,0.032804,0.039315,0.026662,0.033739,0.023282,0.032096,0.038144,0.022989,0.036216,0.047425,0.036304,0.039175,0.031635,0.033144,0.024803,0.037664,0.039864,0.024491,0.033675,0.022142,0.028293,0.034214,0.038279,0.02727,0.034354
0.036043,0.030511,0.034885,0.034541,0.035403,0.024534,0.038848,0.034603,0.030971,0.033683,0.031833,0.036705,0.029448,0.033073,0.034838,0.033651,0.035575,0.032148,0.040637,0.026151,0.038215,0.023535,0.034118,0.035903,0.034015,0.033859,0.028672,0.031885,0.02248,0.031988,0.035849,0.027249,0.039603,0.033663,0.033316,0.026491,0.045074,0.03055,0.025416,0.035661
0.035059,0.040243,0.02987,0.02909,0.033046,0.035368,0.034998,0.035381,0.023189,0.022169,0.023826,0.023365,0.022654,0.026224,0.038973,0.03366,0.02929,0.02189,0.026044,0.036078,0.047816,0.035449,0.035793,0.035327,0.028064,0.034042,0.036173,0.034357,0.02674,0.041424,0.024511,0.040538,0.028744,0.035706,0.031216,0.041286,0.028862,0.032428,0.03619,0.025948
