0.076826,0.063311,0.058084,0.055866,0.052317,0.050963,0.060102,0.055477,0.060152,0.050567,0.051361,0.054039,0.049204,0.057313,0.053841,0.049829,0.056662,0.048429,0.059187,0.050934,0.051364,0.051351,0.061411,0.052274,0.054698,0.052773,0.055981,0.058417,0.052079,0.059346,0.053215,0.051282,0.053578,0.058101,0.054515,0.053036,0.050264,0.054777,0.056472,0.058052
0.04133,0.045949,0.037255,0.035937,0.042116,0.037683,0.037193,0.044607,0.053438,0.046543,0.043514,0.045296,0.042498,0.04056,0.040504,0.036262,0.043055,0.037234,0.037419,0.038779,0.042501,0.037513,0.03899,0.043949,0.038539,0.038757,0.055389,0.039595,0.040869,0.038608,0.040477,0.038541,0.06044,0.040942,0.050528,0.039314,0.038381,0.04053,0.041839,0.037851
0.048131,0.049336,0.044446,0.035641,0.051736,0.037915,0.042833,0.036846,0.034725,0.034331,0.034505,0.037822,0.040583,0.03349,0.039389,0.036525,0.042798,0.03404,0.035496,0.033681,0.036706,0.043975,0.035579,0.03639,0.046138,0.048568,0.03564,0.034999,0.035252,0.048557,0.035579,0.045976,0.036353,0.045573,0.034479,0.043876,0.045411,0.047268,0.05016,0.047302
0.03456,0.051823,0.03819,0.03431,0.033856,0.034408,0.03346,0.033896,0.054064,0.043077,0.033081,0.032396,0.039402,0.033114,0.043311,0.043354,0.039532,0.0429,0.038978,0.04381,0.034167,0.033952,0.033982,0.0485,0.042226,0.038646,0.040584,0.049741,0.041004,0.037438,0.034969,0.037525,0.043706,0.047303,0.039547,0.042921,0.059108,0.042195,0.033534,0.032668
0.049156,0.033544,0.033477,0.033499,0.032906,0.041088,0.039316,0.034106,0.032738,0.042236,0.034238,0.033593,0.034862,0.034432,0.043689,0.04018,0.036102,0.036329,0.035738,0.033817,0.033495,0.034498,0.033942,0.032815,0.033709,0.033441,0.033841,0.033199,0.035691,0.044498,0.033024,0.033458,0.033127,0.033224,0.035596,0.033461,0.0438,0.039738,0.034527,0.033985
0.04641,0.033258,0.032323,0.032301,0.031645,0.034608,0.044831,0.060234,0.040952,0.035348,0.042169,0.044342,0.033359,0.033201,0.03185,0.041535,0.03707,0.03399,0.036672,0.033541,0.036828,0.046696,0.037261,0.034132,0.033648,0.03747,0.040574,0.037683,0.041724,0.037974,0.033667,0.033253,0.033001,0.038234,0.037721,0.041636,0.035311,0.034739,0.033588,0.034554
0.033889,0.046067,0.043491,0.043925,0.041903,0.036111,0.031828,0.031542,0.034053,0.032409,0.049416,0.03255,0.040656,0.033826,0.042825,0.033386,0.042829,0.046418,0.033104,0.032614,0.042235,0.034884,0.034494,0.033557,0.032845,0.039204,0.042196,0.038905,0.03419,0.033495,0.033366,0.032191,0.032013,0.031833,0.033102,0.042891,0.050258,0.047106,0.034659,0.033078
0.034477,0.042828,0.0316,0.047511,0.036307,0.033681,0.032324,0.032522,0.03386,0.036539,0.033981,0.031592,0.032013,0.031043,0.034656,0.033431,0.03353,0.035002,0.032988,0.031749,0.034706,0.032999,0.034279,0.051164,0.032052,0.039537,0.037911,0.043877,0.033788,0.032809,0.032109,0.03719,0.044933,0.04881,0.049816,0.031503,0.032908,0.040587,0.033598,0.033295
0.032346,0.032664,0.032289,0.031909,0.032044,0.043743,0.035269,0.060282,0.031466,0.033145,0.032696,0.032766,0.033662,0.033124,0.032073,0.031011,0.030967,0.038531,0.032161,0.031166,0.032042,0.031993,0.054083,0.058366,0.045968,0.033232,0.033547,0.033918,0.037046,0.044129,0.031754,0.031682,0.032192,0.032316,0.03297,0.033711,0.032679,0.032483,0.040545,0.032348
0.030893,0.033643,0.036342,0.035401,0.042085,0.030506,0.056965,0.033061,0.040722,0.043006,0.033041,0.031454,0.031618,0.03255,0.032072,0.034226,0.034123,0.034397,0.03319,0.041786,0.044704,0.038031,0.04336,0.032505,0.03234,0.033718,0.033829,0.031899,0.032142,0.040554,0.032601,0.031012,0.032119,0.031655,0.052231,0.043709,0.037332,0.038168,0.033244,0.032582
0.031763,0.031967,0.031847,0.032925,0.032814,0.033368,0.052517,0.034383,0.032521,0.032354,0.034226,0.033934,0.037613,0.032267,0.032853,0.033036,0.032106,0.032797,0.031815,0.033134,0.037066,0.034906,0.031683,0.039577,0.0428,0.031345,0.037965,0.040431,0.037836,0.033503,0.038851,0.032694,0.032246,0.032235,0.043148,0.034756,0.034703,0.034206,0.031812,0.033197
0.033481,0.033469,0.04358,0.044342,0.040004,0.042679,0.031627,0.047337,0.033949,0.048949,0.041898,0.040888,0.03271,0.052036,0.031557,0.05265,0.049795,0.034062,0.031586,0.033144,0.033273,0.032342,0.038525,0.034013,0.032764,0.032507,0.054623,0.032196,0.032254,0.031939,0.033123,0.032134,0.03261,0.056037,0.033494,0.031984,0.032659,0.033342,0.032736,0.03206
0.031455,0.031374,0.033021,0.035768,0.031353,0.033922,0.033659,0.05872,0.043571,0.039962,0.046047,0.036163,0.046032,0.047889,0.039219,0.047853,0.033322,0.033365,0.033167,0.032893,0.033976,0.033942,0.031966,0.032595,0.033165,0.034084,0.033547,0.033416,0.033348,0.036087,0.046133,0.033151,0.032893,0.033662,0.032499,0.031873,0.031432,0.038815,0.032151,0.032248
0.031437,0.031475,0.035983,0.033769,0.037145,0.05293,0.043984,0.040008,0.040638,0.033114,0.032281,0.031495,0.038911,0.03637,0.032556,0.034111,0.032377,0.032325,0.032181,0.033349,0.03261,0.037769,0.032572,0.032105,0.032323,0.031951,0.032298,0.049957,0.056272,0.046919,0.031836,0.031747,0.048926,0.032791,0.03232,0.032649,0.033952,0.035212,0.036495,0.044438
0.035029,0.04035,0.032287,0.032168,0.032542,0.032711,0.033845,0.032712,0.032279,0.043599,0.034117,0.040242,0.033154,0.031721,0.032605,0.031924,0.032128,0.033053,0.032789,0.033542,0.034292,0.033598,0.033643,0.034076,0.033246,0.033669,0.041258,0.04676,0.031439,0.031906,0.031181,0.03381,0.033007,0.032489,0.05672,0.031433,0.030976,0.032275,0.032545,0.040897
0.032684,0.032896,0.031849,0.033838,0.031588,0.031944,0.031172,0.032224,0.032281,0.034246,0.032693,0.046825,0.038857,0.032351,0.032002,0.052188,0.054923,0.047197,0.031551,0.030484,0.033513,0.032685,0.033328,0.054805,0.030818,0.032345,0.033659,0.048324,0.057756,0.032912,0.033168,0.031791,0.032011,0.032481,0.031388,0.033582,0.032011,0.034927,0.033307,0.033025
0.033207,0.03463,0.040309,0.032608,0.049216,0.031686,0.031591,0.049141,0.04264,0.046924,0.04906,0.047199,0.032145,0.031595,0.031911,0.032288,0.031717,0.035048,0.033712,0.032447,0.034782,0.03665,0.031687,0.032441,0.042312,0.046325,0.032363,0.031679,0.032021,0.031352,0.03174,0.0322,0.034831,0.034288,0.032425,0.033809,0.034731,0.032004,0.031552,0.054392
0.030441,0.032988,0.032764,0.038115,0.042859,0.040741,0.031639,0.034939,0.031964,0.031649,0.032211,0.032676,0.032699,0.034834,0.032987,0.033503,0.03219,0.034763,0.033395,0.032444,0.033016,0.041677,0.03202,0.03136,0.036251,0.031927,0.031426,0.03225,0.031955,0.038732,0.037039,0.044915,0.03252,0.034421,0.031598,0.031192,0.032709,0.032505,0.032398,0.051635
0.03097,0.039322,0.031705,0.0316,0.042776,0.037931,0.034642,0.039938,0.033053,0.032323,0.032673,0.031949,0.049687,0.032034,0.032793,0.034082,0.031192,0.032861,0.032673,0.039843,0.037167,0.039259,0.044252,0.046055,0.032775,0.032192,0.031776,0.031889,0.03339,0.032806,0.032147,0.034152,0.033759,0.033832,0.034895,0.032338,0.032304,0.036682,0.033671,0.040793
0.032305,0.043233,0.03138,0.0316,0.033069,0.032155,0.035622,0.034197,0.032368,0.033002,0.033641,0.032451,0.031416,0.034139,0.036249,0.039529,0.036927,0.045609,0.039034,0.039784,0.031079,0.031906,0.04507,0.037156,0.033801,0.034513,0.033117,0.03242,0.036519,0.032239,0.032036,0.032837,0.033563,0.046365,0.040931,0.03289,0.031613,0.040349,0.033475,0.033061
0.03231,0.032323,0.031474,0.031125,0.030953,0.03237,0.036837,0.031904,0.032839,0.032472,0.034349,0.031484,0.034151,0.043103,0.051278,0.045509,0.030817,0.030869,0.039561,0.038403,0.039998,0.032154,0.030992,0.034365,0.033207,0.034034,0.033219,0.032306,0.042351,0.032424,0.039787,0.043362,0.033358,0.041572,0.033162,0.034052,0.034439,0.032707,0.03446,0.031977
0.039261,0.031692,0.030806,0.035735,0.037855,0.033861,0.033702,0.048516,0.034863,0.037012,0.040621,0.031956,0.031289,0.033831,0.032213,0.034719,0.031321,0.040439,0.03197,0.030221,0.031991,0.03217,0.033582,0.033715,0.03222,0.039216,0.031467,0.032689,0.031614,0.043072,0.049343,0.041937,0.032656,0.032732,0.032795,0.032823,0.033452,0.047459,0.045264,0.03254
0.032439,0.031954,0.037924,0.03724,0.036759,0.03144,0.051041,0.032823,0.040297,0.031574,0.032355,0.030529,0.03151,0.032699,0.033216,0.033943,0.034449,0.033036,0.047567,0.053425,0.050189,0.042202,0.042572,0.034388,0.031111,0.032925,0.031477,0.03275,0.042079,0.032799,0.032238,0.032286,0.0459,0.031875,0.033639,0.034026,0.033516,0.035555,0.03243,0.033175
0.032965,0.039954,0.037632,0.039842,0.030735,0.033231,0.041614,0.032911,0.03229,0.032554,0.041835,0.040517,0.03029,0.031111,0.033208,0.036934,0.030451,0.033424,0.033795,0.032425,0.03478,0.030927,0.03742,0.03329,0.035415,0.035945,0.034899,0.032211,0.031836,0.032993,0.039818,0.032954,0.037814,0.03393,0.036175,0.036014,0.036783,0.045435,0.037401,0.032882
0.032981,0.031991,0.03262,0.031602,0.032277,0.034772,0.032475,0.036706,0.039179,0.037961,0.031714,0.033268,0.033493,0.033229,0.033023,0.043343,0.045606,0.030682,0.031818,0.03175,0.034641,0.032149,0.034475,0.03383,0.032401,0.033437,0.033843,0.032651,0.031978,0.035028,0.033752,0.031197,0.039748,0.031596,0.031498,0.033615,0.036407,0.03159,0.040035,0.053139
0.04147,0.031271,0.0318,0.032316,0.033589,0.032905,0.04145,0.032655,0.031975,0.03145,0.031778,0.031618,0.03369,0.036831,0.036308,0.036454,0.045476,0.031524,0.053221,0.031701,0.031988,0.036428,0.031791,0.031209,0.03116,0.031569,0.031485,0.054496,0.031197,0.033268,0.033931,0.031368,0.034525,0.033103,0.033905,0.043497,0.044765,0.033895,0.032754,0.031433
0.030797,0.031359,0.039765,0.031843,0.031445,0.032097,0.031951,0.033757,0.036174,0.031134,0.054506,0.031876,0.031791,0.031893,0.033501,0.042601,0.044163,0.032025,0.031419,0.034998,0.042713,0.038187,0.032575,0.040203,0.031073,0.033385,0.030577,0.032502,0.032073,0.03689,0.031122,0.031955,0.034451,0.032458,0.034685,0.03247,0.034127,0.036999,0.03986,0.046334
0.03285,0.032889,0.031378,0.031813,0.031462,0.03594,0.041238,0.039438,0.033065,0.03136,0.051333,0.040492,0.032565,0.031922,0.031808,0.032198,0.030651,0.043814,0.040154,0.043285,0.043488,0.031561,0.032361,0.03106,0.033743,0.054213,0.030895,0.030604,0.032927,0.032821,0.045693,0.046957,0.031631,0.031485,0.030896,0.031202,0.042551,0.031601,0.03172,0.03161
0.032464,0.030829,0.03876,0.036064,0.032193,0.03083,0.030169,0.035478,0.03113,0.032559,0.033356,0.034,0.038118,0.031773,0.038709,0.032193,0.046349,0.0306,0.031582,0.051684,0.031831,0.032131,0.042188,0.032715,0.033475,0.031822,0.036551,0.033237,0.032382,0.032095,0.031915,0.030538,0.032862,0.030541,0.033089,0.035229,0.031674,0.057254,0.031684,0.031024
0.03564,0.031327,0.050968,0.031662,0.031343,0.032068,0.04977,0.04473,0.043677,0.032038,0.039987,0.044097,0.043002,0.035457,0.035967,0.033158,0.032389,0.049501,0.049054,0.044162,0.046982,0.030341,0.030638,0.030747,0.033918,0.035263,0.03629,0.035093,0.033827,0.033116,0.032174,0.034114,0.031831,0.030145,0.030358,0.036747,0.036606,0.036044,0.033313,0.032153
0.031976,0.031806,0.031269,0.032339,0.032752,0.033649,0.03423,0.031833,0.032963,0.038093,0.034636,0.030916,0.030888,0.03203,0.033124,0.032897,0.035077,0.033498,0.034208,0.031434,0.033976,0.034778,0.034493,0.034405,0.033517,0.03378,0.031903,0.03194,0.031084,0.046895,0.040641,0.034256,0.03238,0.031275,0.033792,0.039243,0.032783,0.037133,0.040301,0.036197
0.03026,0.030721,0.042828,0.032704,0.031879,0.032634,0.031453,0.036685,0.035527,0.034816,0.044946,0.034817,0.039274,0.043416,0.040463,0.035446,0.037444,0.036328,0.04626,0.034298,0.039991,0.041681,0.036158,0.033214,0.032767,0.040508,0.046377,0.032271,0.032673,0.032356,0.031644,0.03132,0.031622,0.04136,0.04151,0.034384,0.04018,0.033138,0.032499,0.040201
0.044814,0.031229,0.041816,0.035181,0.034836,0.032246,0.043148,0.037591,0.039518,0.031685,0.032161,0.033745,0.031161,0.045829,0.040902,0.031679,0.032501,0.034385,0.041217,0.031208,0.03103,0.030182,0.03943,0.031796,0.032181,0.032559,0.044912,0.035018,0.041123,0.032292,0.032263,0.032198,0.043002,0.040833,0.030695,0.032413,0.031145,0.033899,0.037881,0.036786
0.032384,0.031333,0.032022,0.038332,0.033001,0.038177,0.039988,0.032859,0.030951,0.035235,0.031627,0.032705,0.033531,0.033438,0.032917,0.037694,0.041028,0.037826,0.044056,0.040642,0.033944,0.034214,0.032624,0.033016,0.032069,0.036725,0.033518,0.031933,0.031968,0.031189,0.040285,0.031018,0.032438,0.032859,0.031049,0.034437,0.042429,0.046658,0.031751,0.03999
0.032482,0.045091,0.032301,0.031722,0.039585,0.04677,0.032155,0.032621,0.031389,0.03101,0.033235,0.032565,0.037692,0.031181,0.032968,0.035553,0.034361,0.031886,0.031294,0.032446,0.034111,0.032784,0.032433,0.035362,0.040449,0.032676,0.033494,0.031728,0.032098,0.03158,0.031047,0.038476,0.036731,0.045834,0.03217,0.038907,0.045073,0.032429,0.031056,0.031309
0.032844,0.033391,0.049547,0.033031,0.03309,0.034643,0.036982,0.031019,0.031591,0.033153,0.033533,0.042615,0.032303,0.03117,0.031053,0.030287,0.031471,0.03957,0.031273,0.03099,0.033344,0.036921,0.032982,0.037112,0.031752,0.043435,0.041148,0.031437,0.035965,0.033153,0.032129,0.032528,0.03197,0.031553,0.030681,0.034655,0.031756,0.043013,0.038977,0.038232
0.037544,0.04275,0.03233,0.033645,0.041869,0.033576,0.031929,0.032261,0.031653,0.030292,0.031516,0.035376,0.032724,0.05427,0.038148,0.046237,0.031235,0.030573,0.031492,0.033461,0.045914,0.044525,0.031684,0.032536,0.033196,0.032941,0.033639,0.040882,0.044334,0.031608,0.039862,0.032975,0.042945,0.036426,0.031379,0.032832,0.035748,0.032672,0.031306,0.038849
0.045468,0.039238,0.045675,0.031971,0.032354,0.035195,0.04132,0.035619,0.059777,0.033795,0.032085,0.032305,0.031789,0.030559,0.030785,0.033146,0.041283,0.032647,0.032985,0.035591,0.032233,0.032555,0.03202,0.033304,0.031646,0.030825,0.032112,0.03393,0.031495,0.035371,0.031789,0.034684,0.044641,0.038488,0.038174,0.032059,0.031069,0.035967,0.039966,0.043724
0.031265,0.032258,0.033475,0.030791,0.039697,0.034844,0.032715,0.034614,0.03389,0.043215,0.048801,0.047969,0.056404,0.038405,0.049409,0.044935,0.03281,0.031119,0.047489,0.056435,0.032117,0.037458,0.033883,0.043363,0.044146,0.034745,0.036009,0.031864,0.033864,0.03338,0.031986,0.034258,0.034037,0.032118,0.034159,0.05102,0.043675,0.040493,0.032354,0.041001
0.045417,0.037607,0.032131,0.031853,0.031452,0.030944,0.032825,0.031949,0.037383,0.030698,0.030482,0.042728,0.035132,0.038838,0.033736,0.034528,0.034564,0.031849,0.037516,0.03213,0.030796,0.033449,0.031232,0.050213,0.055993,0.050458,0.054757,0.046313,0.032933,0.041957,0.034258,0.034834,0.033378,0.056045,0.033186,0.032219,0.030977,0.031593,0.031654,0.042782
