0.1091,0.093562,0.11026,0.10804,0.11678,0.11041,0.11418,0.11431,0.11512,0.11362,0.11553,0.11786,0.1151,0.117,0.11552,0.11521,0.11733,0.11589,0.11833,0.12307,0.1174,0.11911,0.1227,0.1193,0.11372,0.11917,0.12434,0.12163,0.12476,0.11966,0.11775,0.12689,0.12124,0.12591,0.12291,0.11877,0.12048,0.12238,0.12993,0.12609
0.092809,0.089835,0.090207,0.093623,0.088738,0.090641,0.091599,0.092127,0.089882,0.089668,0.093845,0.09391,0.092842,0.089345,0.091421,0.089879,0.089862,0.089667,0.092639,0.093863,0.092333,0.091129,0.092969,0.089355,0.089288,0.098877,0.092104,0.090384,0.093135,0.092274,0.092847,0.088909,0.091506,0.091699,0.093049,0.08818,0.091778,0.092047,0.092417,0.089808
0.085452,0.0867,0.084178,0.086808,0.085934,0.086796,0.083714,0.08697,0.084436,0.086009,0.086325,0.083237,0.087083,0.086281,0.08436,0.083445,0.088803,0.085834,0.085667,0.085717,0.082723,0.084267,0.086262,0.087127,0.084395,0.085577,0.085332,0.084576,0.087546,0.085922,0.087635,0.093956,0.084597,0.085153,0.085609,0.086155,0.085431,0.084187,0.083847,0.085384
0.082703,0.085152,0.084449,0.082674,0.084765,0.0853,0.082094,0.084987,0.085073,0.084725,0.083217,0.083057,0.085476,0.083949,0.085373,0.084148,0.082885,0.084715,0.08221,0.084035,0.085755,0.083354,0.086256,0.0845,0.084532,0.086189,0.085447,0.083941,0.083785,0.084871,0.086157,0.081265,0.087164,0.084731,0.083133,0.0831,0.083279,0.092852,0.085136,0.085042
0.081133,0.083813,0.086206,0.08345,0.082086,0.083224,0.083075,0.083308,0.082501,0.081921,0.082417,0.080506,0.082412,0.084026,0.08424,0.082404,0.085147,0.085146,0.086429,0.085434,0.087934,0.086921,0.086046,0.085562,0.086371,0.085044,0.086366,0.088143,0.086254,0.085603,0.085241,0.083255,0.082694,0.082608,0.083834,0.081886,0.082851,0.081461,0.085911,0.082841
0.082759,0.08596,0.080316,0.081364,0.079299,0.080685,0.081128,0.081905,0.081372,0.082757,0.080643,0.080704,0.083171,0.08062,0.079655,0.08155,0.084032,0.082781,0.083574,0.087084,0.080747,0.082891,0.082733,0.082058,0.083941,0.083029,0.080345,0.081949,0.082325,0.082182,0.083312,0.080865,0.081037,0.084885,0.084301,0.080891,0.082088,0.08035,0.082413,0.082386
0.080872,0.07934,0.080197,0.082195,0.083436,0.080597,0.082402,0.086266,0.081315,0.082531,0.079971,0.082214,0.082991,0.085277,0.079968,0.080624,0.081309,0.080655,0.080646,0.080797,0.079928,0.080392,0.082211,0.081156,0.080042,0.083508,0.08436,0.0848,0.084305,0.086308,0.089315,0.086842,0.087414,0.085569,0.085003,0.084059,0.084254,0.085971,0.083295,0.084867
0.085053,0.087211,0.087131,0.084949,0.082917,0.085713,0.083853,0.082508,0.084312,0.080942,0.080617,0.08151,0.081232,0.079807,0.088222,0.079299,0.082658,0.081164,0.080871,0.081743,0.082221,0.081031,0.082285,0.081053,0.08006,0.082166,0.082284,0.081329,0.081309,0.081925,0.079594,0.080687,0.082802,0.08124,0.0813,0.083168,0.081391,0.081415,0.084089,0.081352
0.082963,0.086336,0.083165,0.080704,0.082025,0.084029,0.080332,0.081328,0.088616,0.080255,0.080922,0.081494,0.080655,0.080617,0.085223,0.090577,0.080597,0.080606,0.081619,0.082379,0.08698,0.0823,0.080669,0.081314,0.080469,0.081264,0.080844,0.080967,0.081688,0.07974,0.08063,0.080462,0.081034,0.080558,0.081158,0.080023,0.081336,0.080221,0.082274,0.080414
0.079713,0.08048,0.082141,0.078942,0.078801,0.081475,0.080835,0.081978,0.082915,0.079119,0.082218,0.080965,0.081275,0.081874,0.080125,0.080528,0.079505,0.081807,0.080497,0.078901,0.080293,0.08467,0.084552,0.084862,0.085655,0.08846,0.086993,0.084597,0.083211,0.084513,0.086168,0.082234,0.085084,0.083835,0.085949,0.084101,0.083193,0.082701,0.0833,0.081365
0.079529,0.080899,0.081586,0.081332,0.080531,0.080433,0.080441,0.080001,0.081018,0.080911,0.081853,0.080703,0.080373,0.079443,0.080746,0.082151,0.079427,0.083109,0.0828,0.081872,0.081927,0.08044,0.081275,0.081611,0.0802,0.082234,0.080791,0.081754,0.08175,0.080165,0.081093,0.083841,0.080118,0.079066,0.080156,0.083421,0.081955,0.081566,0.082189,0.080042
0.079243,0.081648,0.081412,0.081266,0.079822,0.080839,0.081525,0.083349,0.080152,0.078212,0.078807,0.084504,0.079043,0.079064,0.085027,0.080087,0.082278,0.08492,0.080044,0.080313,0.081007,0.079984,0.079265,0.080717,0.078805,0.081407,0.081101,0.081473,0.080805,0.082524,0.08126,0.082609,0.082597,0.080513,0.077832,0.079679,0.081593,0.086126,0.080665,0.082198
0.079774,0.078365,0.08202,0.081777,0.082638,0.080691,0.081485,0.081578,0.080908,0.079636,0.081222,0.082484,0.081394,0.081856,0.079836,0.08157,0.081464,0.081901,0.078588,0.078916,0.083132,0.080489,0.082611,0.084167,0.08058,0.081982,0.081509,0.079176,0.080333,0.082564,0.082374,0.08112,0.079555,0.079959,0.079308,0.079884,0.080232,0.081754,0.079756,0.081058
0.080534,0.081321,0.081228,0.080485,0.086322,0.078812,0.079614,0.079084,0.08308,0.080301,0.08061,0.080083,0.081475,0.079135,0.080365,0.080855,0.079938,0.080946,0.080334,0.081346,0.082379,0.079195,0.082727,0.080547,0.079289,0.079616,0.083172,0.07983,0.080491,0.079721,0.082308,0.078595,0.078165,0.080918,0.079513,0.080412,0.081574,0.079312,0.081251,0.083111
0.081988,0.08184,0.079146,0.079962,0.079035,0.081616,0.078117,0.081891,0.087858,0.080192,0.081813,0.080059,0.079373,0.07979,0.080034,0.080797,0.079428,0.081175,0.081674,0.081473,0.080143,0.080931,0.080556,0.083972,0.079907,0.080644,0.078071,0.080936,0.080967,0.081516,0.082776,0.078849,0.080965,0.080271,0.080493,0.078889,0.080738,0.079456,0.08026,0.080034
0.082469,0.080866,0.080441,0.080594,0.079883,0.078856,0.078633,0.077918,0.081941,0.08031,0.079951,0.078913,0.079532,0.080319,0.079704,0.087474,0.081064,0.078808,0.079681,0.078788,0.080743,0.083316,0.081964,0.080645,0.081005,0.080909,0.081667,0.08145,0.081104,0.079051,0.082059,0.080372,0.079566,0.079588,0.079534,0.080652,0.080795,0.080324,0.08028,0.087121
0.08156,0.081561,0.083378,0.081211,0.081409,0.082123,0.081498,0.080321,0.078711,0.081918,0.079974,0.081036,0.080092,0.077822,0.08044,0.081308,0.079959,0.084521,0.087854,0.081981,0.080459,0.088475,0.079686,0.080135,0.080584,0.082583,0.083823,0.081707,0.080533,0.081071,0.080744,0.081259,0.077943,0.079745,0.081211,0.080349,0.081305,0.081591,0.078355,0.078563
0.078976,0.081458,0.080847,0.07959,0.080722,0.078956,0.080377,0.082426,0.080282,0.080863,0.082445,0.082609,0.079652,0.081724,0.080027,0.083466,0.081771,0.078983,0.077242,0.080246,0.081499,0.079843,0.080924,0.081645,0.082108,0.081863,0.081014,0.090314,0.081161,0.081783,0.081356,0.081249,0.081084,0.086286,0.081814,0.083132,0.080689,0.081193,0.081551,0.082216
0.082332,0.079556,0.080199,0.080326,0.0799,0.080202,0.080471,0.082543,0.080442,0.079094,0.081675,0.083566,0.080042,0.081746,0.081991,0.081468,0.083018,0.079509,0.080864,0.082062,0.082265,0.078322,0.080351,0.082062,0.078119,0.080344,0.079589,0.080532,0.080159,0.080037,0.083503,0.078545,0.086293,0.079412,0.080415,0.080157,0.080557,0.079663,0.079759,0.079515
0.078224,0.080715,0.080955,0.078402,0.084384,0.080455,0.079104,0.080038,0.082541,0.082028,0.084271,0.082882,0.080023,0.081613,0.080489,0.082082,0.083045,0.082373,0.081782,0.079087,0.079106,0.079588,0.080687,0.079639,0.080035,0.079821,0.080078,0.083574,0.077967,0.081059,0.079367,0.092639,0.082399,0.078122,0.080206,0.082974,0.080317,0.080888,0.082994,0.079366
0.081331,0.081147,0.078948,0.07961,0.08166,0.082398,0.082373,0.080754,0.080711,0.080964,0.078991,0.080142,0.080877,0.080728,0.082652,0.081933,0.078468,0.080142,0.081951,0.08098,0.082499,0.079372,0.082134,0.080005,0.081838,0.080074,0.080628,0.080756,0.081837,0.080266,0.080742,0.078216,0.080739,0.081348,0.082,0.082366,0.079303,0.08222,0.080495,0.080409
0.081201,0.080097,0.081117,0.083972,0.079298,0.090328,0.083205,0.080741,0.083027,0.080354,0.080125,0.083335,0.079364,0.081222,0.081395,0.080605,0.082016,0.083786,0.080634,0.080973,0.081776,0.0822,0.080569,0.082351,0.077632,0.076355,0.078635,0.078886,0.079031,0.07969,0.077309,0.076851,0.0797,0.081227,0.076512,0.076181,0.080027,0.0804,0.081426,0.082018
0.082867,0.077968,0.080829,0.07879,0.079262,0.078729,0.082192,0.077772,0.080785,0.082067,0.080708,0.08879,0.081878,0.080062,0.08006,0.080234,0.080533,0.078548,0.081105,0.0853,0.080553,0.083466,0.079054,0.080099,0.083506,0.079523,0.080976,0.081543,0.081265,0.079661,0.081805,0.083034,0.080345,0.080913,0.079729,0.079472,0.082186,0.085399,0.084455,0.079373
0.07854,0.079782,0.079807,0.081534,0.080061,0.082502,0.080225,0.080803,0.079399,0.081175,0.081254,0.07925,0.080142,0.078842,0.079398,0.081115,0.085092,0.080306,0.0816,0.079072,0.079927,0.080626,0.079707,0.079762,0.079858,0.080112,0.07901,0.080777,0.079326,0.078872,0.0806,0.080157,0.080797,0.081705,0.08225,0.079252,0.078371,0.079946,0.079323,0.080443
0.081797,0.081983,0.078602,0.081845,0.079268,0.077868,0.082963,0.078487,0.081048,0.079927,0.082326,0.080085,0.080794,0.082854,0.079489,0.083622,0.079735,0.079752,0.080209,0.081641,0.080304,0.085268,0.079926,0.080548,0.080412,0.081156,0.078031,0.07996,0.080219,0.07971,0.081139,0.085985,0.079981,0.079786,0.080918,0.079228,0.08176,0.080837,0.078081,0.079595
0.08175,0.079041,0.079825,0.080101,0.080575,0.07796,0.078245,0.078962,0.080817,0.07973,0.080872,0.081047,0.080559,0.080905,0.080301,0.082428,0.080462,0.07888,0.080891,0.081204,0.08012,0.080906,0.07844,0.079824,0.081535,0.082601,0.080312,0.078342,0.090368,0.082806,0.080477,0.080906,0.081315,0.081688,0.082551,0.07899,0.080058,0.08209,0.082927,0.080243
0.07898,0.080631,0.079525,0.079987,0.080951,0.080027,0.080684,0.082788,0.080318,0.080526,0.081342,0.080413,0.079355,0.081102,0.081027,0.077259,0.079488,0.079337,0.081009,0.081726,0.080386,0.07918,0.083382,0.081734,0.079747,0.080435,0.081999,0.07849,0.079228,0.090437,0.080749,0.07942,0.078812,0.07834,0.084634,0.083557,0.081535,0.080777,0.083012,0.080583
0.07856,0.080415,0.082045,0.080477,0.079144,0.084174,0.079615,0.081384,0.078545,0.081276,0.080498,0.078763,0.080865,0.079069,0.080752,0.081705,0.077602,0.07992,0.079607,0.080868,0.080065,0.079337,0.079928,0.081677,0.084188,0.080572,0.08026,0.084317,0.079285,0.081962,0.080394,0.079737,0.084627,0.077075,0.078909,0.08079,0.081787,0.081267,0.080814,0.080872
0.080306,0.089843,0.079673,0.07966,0.081919,0.080582,0.080377,0.081843,0.0799,0.08043,0.080583,0.080561,0.079973,0.082384,0.078746,0.080158,0.080539,0.082733,0.080423,0.082312,0.083149,0.079509,0.078314,0.079968,0.078835,0.080353,0.079941,0.07984,0.080772,0.078947,0.079176,0.079017,0.079798,0.078349,0.079868,0.079303,0.08357,0.080734,0.082243,0.080273
0.081361,0.079783,0.084145,0.081609,0.084383,0.085906,0.079632,0.080411,0.080808,0.082096,0.081209,0.081641,0.079771,0.081999,0.081029,0.085262,0.082074,0.086032,0.083555,0.082134,0.079586,0.080252,0.080432,0.080734,0.079726,0.080571,0.080296,0.083093,0.079202,0.083064,0.081806,0.07951,0.08013,0.081976,0.079123,0.08019,0.082454,0.079327,0.08138,0.08231
0.080094,0.081442,0.082438,0.080866,0.080216,0.080706,0.078836,0.081847,0.079654,0.080272,0.08018,0.080288,0.088423,0.080306,0.084192,0.081845,0.079821,0.08242,0.081365,0.081464,0.080728,0.081674,0.081567,0.080531,0.07959,0.07949,0.081525,0.083624,0.081098,0.082683,0.078892,0.080107,0.078362,0.081903,0.080478,0.079764,0.080848,0.080359,0.082577,0.080323
0.082098,0.079912,0.078401,0.080035,0.077411,0.081241,0.079525,0.079337,0.079975,0.080476,0.079089,0.082521,0.082414,0.078708,0.078617,0.079781,0.079111,0.081069,0.085055,0.079059,0.079246,0.081626,0.079132,0.080425,0.080507,0.079814,0.080335,0.081485,0.079875,0.07974,0.08181,0.080578,0.07864,0.079743,0.080329,0.08165,0.07873,0.081524,0.079536,0.079768
0.081455,0.080287,0.080921,0.081574,0.080288,0.079963,0.081524,0.081934,0.082582,0.085033,0.079716,0.081191,0.082979,0.08092,0.078443,0.081566,0.078828,0.081966,0.078906,0.07975,0.080465,0.080838,0.079783,0.079648,0.080161,0.088569,0.081127,0.079414,0.080621,0.079803,0.081285,0.081898,0.080276,0.079141,0.077826,0.080485,0.079455,0.079784,0.081015,0.082678
0.081863,0.079339,0.079944,0.078877,0.081258,0.080717,0.082905,0.081274,0.081727,0.079753,0.079858,0.077991,0.080279,0.078616,0.080329,0.082256,0.080076,0.079323,0.080211,0.081801,0.079132,0.078512,0.079282,0.080494,0.080412,0.084097,0.082329,0.080637,0.081649,0.08077,0.088799,0.078957,0.080186,0.080086,0.079346,0.080154,0.078832,0.080102,0.080032,0.07812
0.081001,0.079102,0.080122,0.082663,0.080139,0.079634,0.079858,0.081511,0.079795,0.07525,0.075882,0.076706,0.076222,0.076023,0.079127,0.077815,0.076803,0.078079,0.076075,0.078734,0.082685,0.08044,0.082024,0.079521,0.082771,0.084323,0.079543,0.079169,0.080138,0.080699,0.080799,0.080489,0.080095,0.081535,0.083982,0.080339,0.089303,0.082362,0.078935,0.080385
0.081842,0.079941,0.08196,0.080682,0.081083,0.081415,0.079545,0.078532,0.081007,0.080205,0.081901,0.081004,0.079978,0.079173,0.080869,0.08143,0.080383,0.079597,0.082201,0.078895,0.079238,0.081388,0.079094,0.078465,0.080109,0.08159,0.080031,0.080111,0.081282,0.078303,0.079317,0.078228,0.080048,0.082551,0.079576,0.080055,0.082959,0.081372,0.081429,0.079842
0.08181,0.080053,0.082361,0.086392,0.081805,0.081701,0.08414,0.08367,0.081909,0.080131,0.079808,0.081785,0.080918,0.078801,0.080973,0.080306,0.081074,0.079623,0.081391,0.079962,0.078303,0.083531,0.079214,0.080836,0.079757,0.081638,0.082134,0.08114,0.079503,0.079608,0.082007,0.082772,0.080078,0.082759,0.080216,0.083035,0.082407,0.08095,0.079008,0.080236
0.077303,0.077393,0.076244,0.080672,0.078329,0.075797,0.077629,0.076718,0.078557,0.084897,0.079424,0.07902,0.080283,0.077892,0.085081,0.083203,0.080068,0.078649,0.07866,0.081901,0.080822,0.079899,0.081622,0.081187,0.080321,0.079641,0.077771,0.077989,0.079923,0.080461,0.079587,0.083738,0.082514,0.081976,0.083552,0.081987,0.080731,0.081078,0.080832,0.080889
0.081711,0.08198,0.081175,0.079542,0.079636,0.078348,0.079681,0.078916,0.078941,0.080606,0.082158,0.085891,0.078991,0.081945,0.088819,0.081813,0.08264,0.088957,0.078901,0.079626,0.080492,0.079985,0.081702,0.081009,0.078763,0.081764,0.079644,0.080309,0.080896,0.082603,0.078716,0.081528,0.079325,0.081427,0.081634,0.082513,0.080679,0.081156,0.081951,0.082433
0.081053,0.078877,0.079287,0.080646,0.079521,0.080433,0.078632,0.07966,0.079999,0.080315,0.080166,0.07937,0.082575,0.079938,0.080802,0.080636,0.080924,0.079877,0.0801,0.085827,0.080875,0.081251,0.082509,0.079739,0.079317,0.078934,0.083518,0.080035,0.081091,0.081043,0.081267,0.080199,0.079517,0.081435,0.082148,0.080024,0.081991,0.085562,0.082667,0.081238
