0.049202,0.03588,0.037028,0.033273,0.032926,0.043091,0.043841,0.034426,0.033701,0.032818,0.038041,0.034019,0.035358,0.03652,0.033546,0.046182,0.033182,0.035405,0.034114,0.034141,0.04277,0.048621,0.03436,0.052868,0.043704,0.032758,0.033875,0.034046,0.033914,0.033677,0.034353,0.050413,0.047844,0.043043,0.045485,0.033765,0.050143,0.04455,0.034133,0.034042
0.033087,0.023668,0.030231,0.036812,0.047969,0.035922,0.035193,0.047854,0.048266,0.033665,0.037187,0.04492,0.02891,0.024594,0.051286,0.025099,0.041841,0.038709,0.031388,0.024427,0.038273,0.047328,0.036265,0.028179,0.038265,0.02616,0.024125,0.02484,0.025066,0.028612,0.025311,0.02762,0.027521,0.029555,0.024751,0.026007,0.031644,0.032451,0.028991,0.031129
0.026476,0.021845,0.0231,0.025691,0.022554,0.024393,0.022889,0.035799,0.0251,0.03223,0.027453,0.022627,0.03634,0.038922,0.045425,0.023001,0.023624,0.040929,0.024904,0.021832,0.033742,0.033164,0.029472,0.035195,0.034818,0.0332,0.034315,0.026704,0.038648,0.034307,0.028013,0.041845,0.02824,0.034602,0.03256,0.035604,0.030814,0.035807,0.032709,0.033393
0.048717,0.050905,0.032719,0.03519,0.033603,0.052648,0.032999,0.027955,0.034479,0.032442,0.030601,0.036838,0.032863,0.034408,0.048684,0.035091,0.050628,0.032576,0.051936,0.046125,0.037158,0.046905,0.035216,0.05071,0.025962,0.033685,0.035152,0.036023,0.034919,0.0267,0.04208,0.027247,0.03655,0.047945,0.022303,0.023566,0.038309,0.039821,0.043496,0.049001
0.035262,0.028314,0.020972,0.034188,0.035017,0.02886,0.040342,0.02948,0.04614,0.035367,0.033525,0.031361,0.031805,0.03686,0.035281,0.048168,0.048306,0.035948,0.047957,0.020538,0.025284,0.039376,0.031643,0.03526,0.036206,0.029199,0.046656,0.035565,0.034827,0.031908,0.038057,0.041934,0.035135,0.04098,0.028495,0.048431,0.034926,0.032646,0.037475,0.023521
0.041489,0.028994,0.040165,0.031137,0.042199,0.042352,0.042219,0.035625,0.040968,0.041952,0.038887,0.048206,0.03308,0.050212,0.034955,0.026158,0.029176,0.019489,0.0381,0.02454,0.032679,0.027901,0.038711,0.040308,0.0412,0.041218,0.036227,0.035898,0.031627,0.021868,0.032248,0.025785,0.023909,0.028932,0.026997,0.028536,0.025642,0.02741,0.020966,0.033461
0.036442,0.040876,0.043852,0.032766,0.033891,0.034654,0.042272,0.041646,0.046975,0.034376,0.032003,0.035923,0.033384,0.046918,0.034744,0.032588,0.034513,0.038922,0.026766,0.034774,0.031972,0.035832,0.045843,0.033755,0.042482,0.039858,0.036356,0.03416,0.03138,0.037711,0.024008,0.038862,0.035799,0.049585,0.032399,0.031782,0.032997,0.035924,0.0299,0.031554
0.034599,0.034989,0.033722,0.031949,0.031783,0.040409,0.042241,0.041933,0.030591,0.046185,0.034821,0.047187,0.020868,0.028162,0.026755,0.021439,0.044182,0.023493,0.039971,0.046767,0.035617,0.030741,0.039975,0.022928,0.040591,0.031563,0.032466,0.034943,0.047086,0.035045,0.035387,0.032758,0.050059,0.048372,0.0354,0.042489,0.036239,0.034498,0.033622,0.03558
0.047711,0.035214,0.033414,0.031246,0.020881,0.028193,0.02035,0.033907,0.025138,0.02251,0.021257,0.029612,0.032839,0.019824,0.028221,0.036245,0.033815,0.043868,0.041195,0.028349,0.034554,0.034236,0.034978,0.034069,0.042265,0.042805,0.025194,0.037704,0.048427,0.034862,0.048673,0.027606,0.041978,0.04145,0.042563,0.026092,0.036836,0.035085,0.048223,0.034313
0.032968,0.03438,0.028808,0.019938,0.030058,0.020648,0.031476,0.039004,0.028533,0.034243,0.032537,0.020474,0.031053,0.047482,0.035268,0.03046,0.020234,0.034603,0.029193,0.03024,0.019696,0.032491,0.035771,0.032876,0.03491,0.03067,0.03215,0.035422,0.035114,0.032804,0.029981,0.040927,0.040054,0.020326,0.036578,0.049588,0.042106,0.038407,0.038343,0.040816
0.037472,0.034224,0.035278,0.047565,0.028949,0.041579,0.041604,0.03397,0.019877,0.035825,0.048756,0.049178,0.03507,0.026074,0.025439,0.03463,0.033197,0.026593,0.019844,0.02098,0.02666,0.036795,0.031508,0.038794,0.036419,0.040412,0.038443,0.028688,0.037719,0.040915,0.043555,0.042352,0.040548,0.029234,0.036995,0.045645,0.036504,0.04756,0.021023,0.024551
0.038496,0.033039,0.034301,0.031111,0.039859,0.041359,0.036633,0.033869,0.049148,0.035588,0.030795,0.036266,0.030942,0.033231,0.033792,0.033204,0.031475,0.020274,0.02437,0.03894,0.034479,0.034666,0.049037,0.049326,0.034946,0.048623,0.035607,0.047903,0.04438,0.040387,0.04875,0.021876,0.022409,0.039445,0.034347,0.028679,0.02378,0.027034,0.028382,0.0196
0.032839,0.023541,0.034007,0.029908,0.03113,0.020075,0.026084,0.03118,0.02205,0.045866,0.023206,0.034134,0.034079,0.03216,0.032357,0.034337,0.034119,0.048885,0.035215,0.04838,0.027448,0.04177,0.041876,0.036478,0.033788,0.035162,0.033727,0.033038,0.035352,0.03354,0.032278,0.034461,0.056319,0.040454,0.034787,0.028379,0.03548,0.034815,0.035657,0.034567
0.034236,0.029399,0.039548,0.034115,0.042506,0.035425,0.048826,0.035619,0.047726,0.035742,0.048106,0.049019,0.035223,0.032602,0.03363,0.032956,0.020575,0.027714,0.033494,0.035131,0.048549,0.036278,0.04735,0.034618,0.048928,0.03688,0.031131,0.028157,0.043086,0.041585,0.036748,0.047926,0.035415,0.048585,0.03407,0.033036,0.030636,0.035884,0.034352,0.047831
0.035708,0.031292,0.037321,0.03947,0.045392,0.024167,0.03872,0.032206,0.037031,0.048212,0.047761,0.019407,0.044545,0.032696,0.038223,0.03704,0.027464,0.033242,0.034528,0.034524,0.032932,0.035931,0.042209,0.042794,0.024476,0.038646,0.032902,0.032463,0.032292,0.033856,0.024287,0.021595,0.037408,0.034934,0.03453,0.043533,0.019034,0.035749,0.032889,0.032378
0.038795,0.041573,0.036179,0.034399,0.026114,0.033927,0.044518,0.029189,0.047806,0.036361,0.032729,0.049793,0.033161,0.032854,0.037119,0.042615,0.036349,0.035551,0.044822,0.037101,0.048413,0.036217,0.032353,0.03328,0.032406,0.034381,0.03238,0.019419,0.029984,0.03489,0.029166,0.041726,0.024021,0.038849,0.049256,0.033767,0.031381,0.032361,0.035437,0.03446
0.048275,0.035842,0.04789,0.035726,0.047476,0.029233,0.034427,0.036046,0.033902,0.027517,0.035684,0.033564,0.039496,0.038982,0.019885,0.036017,0.040515,0.024704,0.038378,0.032884,0.0324,0.039181,0.029732,0.034019,0.033807,0.028371,0.040675,0.02632,0.037098,0.025917,0.037134,0.034535,0.048562,0.030397,0.040317,0.029403,0.033829,0.034392,0.032796,0.030202
0.041422,0.041866,0.035823,0.033557,0.034294,0.034716,0.035903,0.02892,0.034351,0.034722,0.033961,0.028539,0.035309,0.033075,0.035738,0.026293,0.037206,0.035912,0.033084,0.028631,0.040262,0.026509,0.037199,0.031967,0.036823,0.031144,0.052164,0.019639,0.020995,0.042299,0.031481,0.035115,0.033824,0.023085,0.038474,0.032781,0.036871,0.031312,0.03244,0.035768
0.034549,0.034326,0.040089,0.037579,0.03404,0.035621,0.034839,0.028043,0.034793,0.034288,0.034602,0.033718,0.036061,0.029002,0.033715,0.036055,0.028461,0.040018,0.028336,0.0407,0.021688,0.042987,0.028016,0.04084,0.024942,0.037228,0.028661,0.019671,0.030118,0.035148,0.033829,0.034727,0.029652,0.040045,0.028707,0.033689,0.035825,0.029255,0.033589,0.034451
0.033857,0.036296,0.030485,0.032042,0.020187,0.030396,0.038813,0.03624,0.028123,0.025736,0.036547,0.036251,0.047965,0.030652,0.03845,0.029987,0.039074,0.029298,0.033203,0.033306,0.034708,0.031352,0.035112,0.034124,0.030727,0.03195,0.035967,0.035803,0.033473,0.035848,0.02806,0.033144,0.034222,0.029423,0.041381,0.041758,0.034591,0.03523,0.034988,0.028638
0.034747,0.034351,0.034904,0.034603,0.048509,0.030013,0.032869,0.034598,0.035158,0.033528,0.033693,0.030998,0.034356,0.036059,0.031116,0.03556,0.029105,0.036177,0.047392,0.03627,0.048695,0.028144,0.035912,0.033407,0.03588,0.034599,0.047796,0.034682,0.025908,0.037623,0.040804,0.042042,0.034876,0.035562,0.031923,0.030992,0.034589,0.035235,0.034046,0.032758
0.030378,0.030217,0.019771,0.033349,0.020042,0.034116,0.03511,0.030745,0.033472,0.032795,0.035791,0.032534,0.033507,0.028176,0.019544,0.03545,0.03357,0.035419,0.028313,0.034489,0.033295,0.03304,0.032331,0.0355,0.032998,0.029215,0.033902,0.034474,0.034579,0.033836,0.033474,0.029771,0.018794,0.01936,0.032073,0.034173,0.029749,0.03448,0.034434,0.03424
0.033333,0.028986,0.036544,0.034544,0.03401,0.049173,0.035647,0.028614,0.034772,0.034402,0.033142,0.035499,0.028751,0.034374,0.034025,0.036332,0.026834,0.038416,0.037296,0.030897,0.033509,0.034997,0.029972,0.032124,0.027003,0.019388,0.030726,0.042009,0.041438,0.036033,0.035267,0.03277,0.036507,0.032664,0.029847,0.037282,0.0464,0.035218,0.035334,0.028908
0.033095,0.035299,0.035196,0.03834,0.023853,0.035216,0.034512,0.034685,0.033748,0.029386,0.034225,0.034492,0.035738,0.026753,0.03614,0.040581,0.042867,0.035521,0.047422,0.035561,0.048493,0.03583,0.035613,0.034391,0.02845,0.036084,0.032431,0.048165,0.035571,0.026879,0.036216,0.035438,0.048061,0.040978,0.040808,0.037638,0.049588,0.034464,0.047048,0.035962
0.048646,0.034474,0.048489,0.029301,0.040166,0.030122,0.034065,0.03421,0.03387,0.026482,0.031517,0.023374,0.036575,0.031845,0.031706,0.034341,0.031554,0.033199,0.024974,0.022337,0.019733,0.035965,0.034483,0.030336,0.033804,0.036423,0.029905,0.036197,0.028518,0.03592,0.031337,0.019767,0.034537,0.030396,0.031561,0.034438,0.033625,0.033102,0.031408,0.040182
0.023794,0.033713,0.019837,0.03605,0.027759,0.039979,0.030452,0.033936,0.034594,0.048104,0.028609,0.035626,0.040436,0.042315,0.041059,0.02816,0.035874,0.047997,0.035716,0.034811,0.027806,0.035164,0.034187,0.048455,0.033133,0.03236,0.028928,0.039582,0.034234,0.03477,0.031559,0.035876,0.028573,0.035279,0.032445,0.037445,0.030708,0.034539,0.03187,0.031845
0.033351,0.034263,0.034885,0.034892,0.023848,0.038665,0.034292,0.028757,0.035053,0.040367,0.042835,0.019775,0.029125,0.04109,0.029332,0.035338,0.040145,0.043101,0.048036,0.035729,0.035049,0.028016,0.034143,0.035843,0.031971,0.033167,0.038089,0.025638,0.019332,0.022645,0.022136,0.018959,0.019027,0.019746,0.028743,0.020067,0.031915,0.034736,0.030545,0.035308
0.034214,0.031727,0.037406,0.029994,0.034397,0.030899,0.030749,0.041723,0.033218,0.023583,0.031844,0.036608,0.036434,0.035312,0.031539,0.036336,0.028338,0.035476,0.037826,0.026431,0.033544,0.034936,0.03412,0.032136,0.019121,0.027032,0.040618,0.031534,0.031248,0.035922,0.05315,0.030041,0.032765,0.029328,0.040995,0.024413,0.039193,0.028493,0.040725,0.042705
0.034926,0.03476,0.024586,0.019247,0.038827,0.036619,0.048763,0.032584,0.033872,0.031136,0.034834,0.032538,0.03579,0.035532,0.023777,0.044895,0.042683,0.035684,0.034924,0.0313,0.035926,0.030402,0.033508,0.034308,0.028043,0.036008,0.0356,0.048958,0.03426,0.02922,0.034858,0.033474,0.034873,0.033547,0.03572,0.030336,0.033274,0.02094,0.027053,0.036301
0.033936,0.030911,0.031299,0.041511,0.04282,0.035949,0.027377,0.035329,0.035222,0.033149,0.035502,0.034084,0.033874,0.036532,0.029535,0.034062,0.030463,0.032016,0.034213,0.034515,0.035518,0.027006,0.035776,0.035314,0.034403,0.036757,0.027748,0.03347,0.03499,0.034346,0.027739,0.035323,0.020504,0.028094,0.036059,0.033781,0.038047,0.028167,0.032706,0.034241
0.034089,0.048683,0.035546,0.047733,0.035816,0.031232,0.030533,0.042023,0.041466,0.036876,0.047486,0.03477,0.031555,0.031766,0.041043,0.042545,0.041197,0.042938,0.035066,0.036165,0.024806,0.034564,0.019078,0.027076,0.021207,0.039824,0.034562,0.028476,0.035832,0.03849,0.031333,0.0334,0.027367,0.036282,0.047285,0.03543,0.035092,0.03536,0.030168,0.038461
0.024093,0.027141,0.027905,0.038638,0.022427,0.034626,0.03261,0.03766,0.034508,0.031964,0.033098,0.038014,0.042516,0.036093,0.03353,0.035021,0.030939,0.032558,0.042359,0.019306,0.042685,0.026233,0.036727,0.033858,0.032917,0.019905,0.030731,0.030361,0.034643,0.029973,0.019203,0.033839,0.034004,0.03523,0.048102,0.035077,0.033206,0.027793,0.020703,0.030343
0.034344,0.036007,0.035234,0.031386,0.032472,0.038993,0.026194,0.037048,0.028775,0.033369,0.036463,0.034571,0.032583,0.033696,0.030944,0.035738,0.034329,0.032168,0.030227,0.034806,0.035589,0.032763,0.033418,0.034278,0.029197,0.019523,0.032695,0.035415,0.029609,0.030482,0.034075,0.036485,0.035293,0.032391,0.028606,0.036261,0.036034,0.034574,0.030283,0.030862
0.036032,0.049242,0.034593,0.034829,0.028412,0.020091,0.020615,0.026693,0.019956,0.02002,0.025558,0.02405,0.025742,0.019937,0.020028,0.031285,0.030892,0.019899,0.027856,0.036958,0.033518,0.029961,0.033575,0.035477,0.034728,0.034604,0.036028,0.024166,0.037399,0.03458,0.048693,0.028504,0.035053,0.040871,0.029937,0.033228,0.028184,0.027116,0.024992,0.031679
0.035251,0.03658,0.033556,0.034216,0.031163,0.032232,0.034634,0.034799,0.031757,0.038184,0.028064,0.019659,0.02984,0.039841,0.02362,0.039305,0.029058,0.040749,0.025922,0.036635,0.035952,0.028555,0.040629,0.02254,0.034924,0.019969,0.020698,0.028093,0.034783,0.020472,0.025204,0.038146,0.032926,0.030413,0.040967,0.024158,0.038504,0.03067,0.032122,0.041214
0.0214,0.041623,0.028025,0.034721,0.036119,0.033817,0.03573,0.025105,0.037639,0.034254,0.048144,0.034666,0.030261,0.033387,0.034607,0.035714,0.028005,0.040871,0.029107,0.034572,0.035282,0.031211,0.0402,0.023431,0.036892,0.029826,0.020151,0.034266,0.03457,0.02708,0.036221,0.033995,0.034557,0.036225,0.028317,0.037501,0.030972,0.035546,0.031028,0.031901
0.034187,0.026107,0.042407,0.030901,0.03338,0.029173,0.040973,0.028196,0.033779,0.035644,0.033777,0.028234,0.035002,0.035157,0.033617,0.028833,0.035775,0.033825,0.035426,0.035558,0.033143,0.035932,0.029215,0.033063,0.048428,0.041804,0.020582,0.035764,0.035378,0.033969,0.027034,0.036271,0.025302,0.031392,0.027298,0.022961,0.0258,0.030392,0.020151,0.027523
0.020714,0.040918,0.031731,0.03647,0.026085,0.037981,0.028293,0.035211,0.034763,0.033816,0.028771,0.035247,0.034404,0.037827,0.032234,0.03469,0.027303,0.035483,0.034723,0.048342,0.035885,0.031705,0.030226,0.041268,0.024918,0.038255,0.033346,0.031512,0.033488,0.034174,0.033349,0.03324,0.035686,0.028559,0.037273,0.031081,0.030389,0.036534,0.033544,0.028597
0.041034,0.028331,0.035289,0.034189,0.028692,0.035322,0.039998,0.023897,0.033041,0.035197,0.034979,0.035853,0.053259,0.025147,0.039326,0.029939,0.019562,0.032191,0.029246,0.029569,0.020473,0.020174,0.03109,0.026567,0.019636,0.020458,0.020256,0.028262,0.02914,0.021161,0.033708,0.041725,0.029008,0.027175,0.034224,0.035478,0.033979,0.034738,0.04667,0.038396
0.04752,0.034363,0.029905,0.019288,0.028314,0.036302,0.039993,0.042376,0.034916,0.034412,0.033258,0.037149,0.036159,0.028123,0.034435,0.034795,0.030785,0.028423,0.035805,0.028935,0.036191,0.033529,0.035843,0.033945,0.035152,0.0294,0.0343,0.035382,0.047531,0.036399,0.033259,0.030855,0.038331,0.029352,0.028241,0.035613,0.034198,0.033192,0.02934,0.023177
