0.20115,0.12232,0.12925,0.13196,0.11612,0.12602,0.12469,0.12491,0.12441,0.12189,0.12284,0.12749,0.12671,0.12298,0.12943,0.12426,0.12352,0.12457,0.12425,0.126,0.13057,0.12799,0.12502,0.12519,0.12728,0.12727,0.13142,0.12225,0.12758,0.1309,0.13159,0.12446,0.13451,0.12802,0.1235,0.12589,0.12494,0.12597,0.13161,0.12445
0.090705,0.087959,0.092488,0.088836,0.088309,0.090243,0.092102,0.090133,0.087277,0.098034,0.09119,0.088637,0.086592,0.087505,0.088512,0.090785,0.089913,0.090758,0.092556,0.090162,0.08761,0.087494,0.089682,0.092169,0.090845,0.08811,0.098583,0.089683,0.089633,0.088059,0.089531,0.091598,0.090331,0.091191,0.091537,0.089845,0.089605,0.088113,0.087964,0.088073
0.082923,0.082477,0.083342,0.095161,0.082224,0.082771,0.083536,0.080923,0.081898,0.082009,0.08486,0.082822,0.085925,0.083296,0.084122,0.081245,0.08074,0.083377,0.083063,0.080553,0.090051,0.081813,0.084475,0.081809,0.083373,0.08125,0.083835,0.081321,0.080861,0.082986,0.082735,0.086347,0.085557,0.080979,0.08262,0.082333,0.081758,0.089359,0.082931,0.083715
0.078986,0.079479,0.08118,0.07944,0.080861,0.081975,0.079535,0.082211,0.083123,0.080808,0.079905,0.080726,0.081163,0.080758,0.083399,0.091829,0.082778,0.083217,0.079854,0.081406,0.078871,0.080816,0.080658,0.081081,0.079394,0.082884,0.082114,0.084666,0.080976,0.079551,0.082093,0.079794,0.093617,0.081765,0.0817,0.082262,0.082756,0.080261,0.081358,0.079649
0.079734,0.075514,0.07846,0.079311,0.075877,0.079063,0.078852,0.07759,0.079996,0.0903,0.078461,0.078239,0.078701,0.080292,0.078694,0.077009,0.07864,0.076856,0.079493,0.078953,0.080114,0.078357,0.079189,0.079246,0.079661,0.084256,0.091641,0.077227,0.080363,0.073952,0.076087,0.077118,0.0751,0.076028,0.076817,0.076442,0.074221,0.07517,0.077391,0.076245
0.076024,0.075283,0.075192,0.084534,0.075056,0.078204,0.076532,0.077606,0.076312,0.078533,0.078614,0.079552,0.0782,0.077675,0.075994,0.077484,0.079261,0.078339,0.077859,0.078634,0.08591,0.078421,0.079031,0.078485,0.080485,0.078504,0.07823,0.077274,0.078908,0.079165,0.078655,0.078571,0.078793,0.076766,0.077986,0.078426,0.078991,0.088782,0.079074,0.077847
0.078039,0.076609,0.076861,0.077228,0.07811,0.077574,0.078614,0.07366,0.074722,0.073534,0.074426,0.073827,0.074442,0.075612,0.080205,0.074659,0.074907,0.074226,0.075497,0.077053,0.077002,0.078452,0.077188,0.076564,0.07771,0.078745,0.078774,0.076463,0.078975,0.074928,0.075864,0.082163,0.077125,0.077143,0.077677,0.077823,0.077378,0.078595,0.078816,0.077354
0.076124,0.080901,0.080284,0.076886,0.079149,0.078749,0.07614,0.077358,0.085499,0.078428,0.076903,0.075395,0.075146,0.078069,0.07792,0.077105,0.075408,0.075696,0.076019,0.077022,0.077586,0.07918,0.074287,0.074009,0.076117,0.083564,0.074696,0.074405,0.074747,0.07262,0.073827,0.073144,0.075487,0.075861,0.084427,0.075836,0.076261,0.078579,0.077333,0.076796
0.079545,0.074978,0.082321,0.078893,0.076344,0.076421,0.076452,0.076766,0.077367,0.077267,0.079371,0.076951,0.077863,0.077705,0.077628,0.076797,0.077936,0.076027,0.077243,0.077111,0.090453,0.077545,0.077399,0.075922,0.077755,0.075778,0.074586,0.073619,0.074593,0.073119,0.073061,0.074871,0.074586,0.073756,0.073464,0.073897,0.081819,0.072257,0.075725,0.079776
0.07658,0.075682,0.078156,0.076248,0.07756,0.077637,0.079444,0.077587,0.076787,0.077797,0.079113,0.076172,0.078408,0.078169,0.085318,0.07717,0.07766,0.077937,0.079441,0.076072,0.07553,0.076233,0.079799,0.075751,0.074903,0.078966,0.075929,0.076962,0.074927,0.076017,0.083405,0.077702,0.077547,0.075841,0.078003,0.076855,0.075057,0.078079,0.078136,0.078541
0.07698,0.076327,0.076389,0.076388,0.07621,0.072803,0.073753,0.074506,0.084218,0.071573,0.074962,0.073249,0.072621,0.073551,0.074723,0.072131,0.073385,0.071932,0.078206,0.078008,0.07712,0.077664,0.075181,0.076196,0.083224,0.076428,0.076454,0.07652,0.078313,0.077657,0.07904,0.076126,0.077186,0.076805,0.07764,0.077928,0.076281,0.080191,0.077587,0.077656
0.075349,0.076173,0.087478,0.075608,0.07614,0.076559,0.07754,0.077994,0.076284,0.073839,0.077969,0.076738,0.07626,0.078528,0.077009,0.075096,0.076999,0.082082,0.085522,0.076853,0.075997,0.076427,0.078082,0.077676,0.07731,0.075727,0.076371,0.076646,0.076359,0.078507,0.079815,0.07723,0.076887,0.072532,0.072699,0.072742,0.085368,0.073501,0.072867,0.073025
0.075482,0.073381,0.074334,0.077513,0.077158,0.076819,0.077566,0.078168,0.074892,0.078805,0.075347,0.075442,0.075016,0.089575,0.077611,0.076351,0.07906,0.076428,0.083095,0.077857,0.076832,0.074922,0.075984,0.07696,0.077529,0.077882,0.078326,0.077969,0.076246,0.078781,0.086766,0.074816,0.079078,0.07601,0.078597,0.077938,0.077465,0.076022,0.078644,0.0778
0.075727,0.076046,0.077707,0.076141,0.074823,0.076359,0.075372,0.087602,0.075746,0.075854,0.076129,0.07541,0.080468,0.078331,0.07578,0.078121,0.077862,0.077571,0.072901,0.070465,0.075424,0.074251,0.075679,0.072993,0.084305,0.074366,0.073348,0.073569,0.075515,0.073219,0.073138,0.074539,0.076841,0.07711,0.078057,0.078983,0.081638,0.080222,0.076651,0.076511
0.075643,0.088006,0.077482,0.076828,0.074904,0.076283,0.07659,0.073766,0.078407,0.076308,0.076638,0.075742,0.076518,0.076868,0.079698,0.075643,0.076809,0.075514,0.087843,0.075347,0.077048,0.077089,0.076145,0.076245,0.075807,0.075445,0.075307,0.078698,0.075605,0.07517,0.076484,0.078297,0.078301,0.076802,0.079566,0.087265,0.077613,0.077238,0.075742,0.078318
0.079855,0.07493,0.075566,0.077163,0.077114,0.07586,0.075622,0.076463,0.076215,0.07383,0.073319,0.07467,0.089647,0.073965,0.073517,0.072379,0.071476,0.073279,0.074616,0.071843,0.075349,0.07627,0.074788,0.078051,0.074458,0.075284,0.076285,0.076437,0.076465,0.089879,0.075378,0.078244,0.07601,0.075953,0.076025,0.076555,0.078403,0.075686,0.0775,0.07666
0.077291,0.076985,0.0774,0.079365,0.076829,0.077048,0.089743,0.076006,0.075877,0.076378,0.076888,0.081698,0.078371,0.075947,0.075137,0.075846,0.079778,0.077626,0.078936,0.07722,0.076798,0.075315,0.075958,0.085771,0.075931,0.075345,0.074817,0.074263,0.077716,0.078069,0.077636,0.075772,0.079164,0.077073,0.075275,0.077169,0.077475,0.077345,0.079328,0.076209
0.087942,0.075919,0.077408,0.075572,0.074098,0.073801,0.072778,0.072827,0.07286,0.07246,0.075749,0.074548,0.074596,0.072922,0.073848,0.073645,0.074538,0.087081,0.077991,0.07546,0.076374,0.075867,0.076421,0.075037,0.077423,0.076985,0.074934,0.075857,0.077629,0.075718,0.076846,0.0747,0.077266,0.076711,0.08867,0.077749,0.076341,0.075994,0.076518,0.07724
0.077397,0.079577,0.077212,0.077397,0.086157,0.076477,0.076437,0.076878,0.076064,0.075526,0.078725,0.089818,0.078001,0.079874,0.075895,0.076875,0.07507,0.077145,0.076519,0.077883,0.074839,0.076705,0.074925,0.076262,0.078053,0.075615,0.076175,0.076139,0.09112,0.076583,0.07601,0.074074,0.076073,0.076185,0.076616,0.076563,0.078679,0.077823,0.076034,0.075209
0.074711,0.078701,0.078253,0.078614,0.075879,0.082726,0.076091,0.076559,0.078642,0.076025,0.077617,0.077204,0.076351,0.074895,0.074143,0.071608,0.074413,0.074944,0.073112,0.07145,0.074009,0.07264,0.084725,0.072307,0.078307,0.076601,0.077569,0.075413,0.078509,0.07491,0.076249,0.07462,0.077581,0.077485,0.074982,0.076324,0.075113,0.07622,0.07491,0.079293
0.079279,0.076223,0.076946,0.077478,0.075659,0.074785,0.075437,0.07621,0.076234,0.078576,0.076188,0.077441,0.076478,0.078107,0.075686,0.0756,0.090662,0.076308,0.075618,0.077028,0.074394,0.074389,0.075738,0.076237,0.07527,0.076016,0.07745,0.07718,0.079018,0.075938,0.078372,0.076026,0.076796,0.08351,0.076298,0.080252,0.076128,0.077511,0.075332,0.076168
0.073756,0.073617,0.072272,0.072581,0.072739,0.073966,0.07341,0.077955,0.071644,0.074994,0.092681,0.076825,0.076754,0.077909,0.080658,0.078152,0.076929,0.078678,0.077581,0.0812,0.078803,0.075952,0.075684,0.073759,0.076254,0.077515,0.076644,0.082197,0.077231,0.077417,0.076386,0.076573,0.077966,0.078456,0.077515,0.076922,0.076582,0.078166,0.078771,0.075526
0.076023,0.075466,0.076165,0.075096,0.076858,0.091603,0.076701,0.07742,0.075398,0.083672,0.075911,0.077733,0.075827,0.076131,0.075277,0.074584,0.076237,0.075458,0.074107,0.077714,0.077835,0.085142,0.075885,0.077729,0.079027,0.077137,0.076138,0.076719,0.077036,0.078185,0.077721,0.075872,0.079132,0.076331,0.07637,0.073888,0.075094,0.076246,0.077074,0.085257
0.07651,0.076731,0.077011,0.076699,0.074935,0.076398,0.077265,0.076737,0.077047,0.07725,0.07689,0.07687,0.072608,0.072902,0.070966,0.077021,0.07022,0.07432,0.072019,0.072533,0.073597,0.072617,0.074066,0.075309,0.079398,0.078938,0.075616,0.077079,0.076685,0.075968,0.075635,0.078095,0.077936,0.08821,0.078206,0.075096,0.077925,0.074646,0.078101,0.07427
0.076313,0.077167,0.077108,0.076454,0.079321,0.077077,0.07729,0.077091,0.07688,0.083101,0.076846,0.075944,0.077262,0.076443,0.078552,0.074396,0.077378,0.074551,0.075123,0.075442,0.076274,0.077548,0.07735,0.078573,0.079007,0.076382,0.077716,0.086101,0.076255,0.07828,0.075178,0.077198,0.076991,0.074371,0.075281,0.077813,0.077997,0.079099,0.074778,0.076743
0.074221,0.071847,0.073883,0.083467,0.07466,0.072229,0.075656,0.073514,0.076173,0.073633,0.072634,0.073095,0.073973,0.073379,0.075527,0.074522,0.077758,0.076375,0.077524,0.0758,0.076441,0.088174,0.07825,0.07504,0.077504,0.075301,0.075597,0.075934,0.075061,0.077025,0.075448,0.075173,0.076239,0.0784,0.076276,0.077942,0.074401,0.07451,0.087691,0.073944
0.076525,0.075482,0.077341,0.076218,0.074679,0.07375,0.077188,0.076276,0.075859,0.076656,0.074213,0.074552,0.074732,0.075077,0.074493,0.089794,0.077212,0.074752,0.077145,0.07572,0.075123,0.079404,0.076572,0.078293,0.076011,0.077517,0.074989,0.076694,0.077641,0.075964,0.077702,0.075848,0.089455,0.0758,0.07755,0.075997,0.077267,0.077057,0.077156,0.075771
0.077402,0.076784,0.07699,0.076676,0.076886,0.074578,0.077111,0.078546,0.076926,0.082167,0.072983,0.075142,0.07367,0.071314,0.073004,0.071551,0.075981,0.071582,0.075222,0.072787,0.074452,0.076234,0.077646,0.076549,0.07538,0.075191,0.086569,0.075042,0.078379,0.074939,0.075204,0.075207,0.076545,0.076422,0.07733,0.076669,0.075048,0.076749,0.076235,0.076135
0.075909,0.076245,0.084162,0.077582,0.076977,0.076435,0.077194,0.075759,0.076512,0.078574,0.076512,0.076505,0.076476,0.074928,0.078042,0.074651,0.076582,0.078982,0.077911,0.076816,0.089553,0.076025,0.075108,0.076475,0.076407,0.077573,0.077498,0.07651,0.076663,0.075711,0.078006,0.072117,0.072332,0.074589,0.072704,0.072425,0.074248,0.084879,0.072875,0.072019
0.07284,0.071626,0.07669,0.076662,0.077223,0.077083,0.076878,0.075738,0.075998,0.076985,0.077339,0.075004,0.075475,0.076728,0.089539,0.076303,0.076032,0.077331,0.076914,0.076237,0.075521,0.074479,0.07503,0.07408,0.075054,0.077188,0.077505,0.076105,0.076908,0.074753,0.076423,0.089755,0.076385,0.075263,0.07549,0.075008,0.075457,0.074077,0.074876,0.0777
0.077568,0.076118,0.076963,0.076619,0.075667,0.075221,0.076636,0.074091,0.086739,0.076948,0.074704,0.074821,0.076654,0.077075,0.07698,0.074634,0.077862,0.075108,0.078414,0.076884,0.074073,0.077156,0.077751,0.077684,0.07525,0.088831,0.075245,0.077249,0.075566,0.077014,0.075417,0.074223,0.073951,0.072437,0.071354,0.074903,0.0732,0.073336,0.075289,0.072555
0.07169,0.07204,0.088148,0.073634,0.0759,0.078251,0.075333,0.075477,0.076314,0.076491,0.075535,0.078995,0.078209,0.079722,0.078075,0.075145,0.076366,0.076942,0.075462,0.09021,0.076071,0.075384,0.077143,0.075077,0.074364,0.07517,0.075163,0.074659,0.077192,0.076426,0.077194,0.077499,0.078365,0.076539,0.077966,0.075154,0.083937,0.08003,0.078039,0.077273
0.078013,0.076817,0.083619,0.080479,0.078842,0.074978,0.077645,0.075483,0.078423,0.075188,0.078585,0.077145,0.074785,0.091484,0.077385,0.077422,0.077358,0.079833,0.077342,0.075099,0.077089,0.075981,0.07447,0.075346,0.076968,0.076323,0.075526,0.079184,0.075646,0.074994,0.084389,0.075334,0.077059,0.075672,0.077776,0.076409,0.079555,0.076009,0.076146,0.076601
0.075943,0.075986,0.077157,0.077187,0.075923,0.077026,0.076421,0.085709,0.073696,0.07304,0.075271,0.073912,0.072919,0.072425,0.072326,0.076479,0.072392,0.077534,0.077261,0.076639,0.077709,0.077953,0.077644,0.077339,0.084683,0.077367,0.077548,0.077428,0.080343,0.074635,0.076507,0.078638,0.077887,0.076073,0.077456,0.077624,0.07909,0.075159,0.077506,0.077481
0.079001,0.086826,0.076469,0.074679,0.075462,0.07627,0.077243,0.076717,0.076972,0.077991,0.07661,0.077669,0.078125,0.075801,0.077202,0.075908,0.075055,0.0768,0.082573,0.075526,0.076484,0.076871,0.07577,0.075919,0.075648,0.077081,0.075904,0.075717,0.074554,0.075741,0.077219,0.074605,0.076138,0.077479,0.076103,0.087543,0.078005,0.076886,0.077219,0.075744
0.075829,0.076873,0.075757,0.07453,0.075144,0.076405,0.076008,0.075512,0.075471,0.07947,0.075779,0.074742,0.088553,0.077308,0.075118,0.076412,0.076002,0.075394,0.07476,0.075789,0.075047,0.077018,0.076447,0.075389,0.076695,0.075399,0.076711,0.075047,0.076005,0.08252,0.076378,0.075881,0.077558,0.075889,0.076402,0.07792,0.080446,0.076607,0.077834,0.075181
0.07493,0.074866,0.077663,0.075927,0.074988,0.075272,0.085195,0.073851,0.077646,0.075467,0.076879,0.074632,0.076708,0.076141,0.076347,0.075101,0.075192,0.075343,0.075529,0.077222,0.075365,0.077132,0.07588,0.082838,0.074218,0.076536,0.076035,0.075768,0.079165,0.076114,0.078318,0.078653,0.078805,0.076812,0.077476,0.075624,0.076471,0.076509,0.077448,0.077739
0.087995,0.075839,0.076017,0.077388,0.076922,0.076102,0.075999,0.077726,0.076422,0.075838,0.077387,0.078812,0.076397,0.07694,0.075103,0.077059,0.0723,0.080435,0.071686,0.074555,0.074816,0.072392,0.072485,0.072597,0.075276,0.073972,0.083631,0.076823,0.076683,0.074961,0.077292,0.080573,0.079631,0.089626,0.087621,0.075855,0.076135,0.075333,0.076332,0.077307
0.075641,0.076381,0.076091,0.076011,0.075518,0.074443,0.076701,0.074859,0.079219,0.078909,0.078425,0.08396,0.077194,0.07425,0.079092,0.074428,0.077143,0.075655,0.076231,0.079272,0.076139,0.077284,0.077037,0.076491,0.077908,0.078411,0.073975,0.075202,0.082889,0.076196,0.077703,0.074649,0.078151,0.075526,0.077015,0.080519,0.077279,0.075699,0.075581,0.075978
0.077451,0.075329,0.076155,0.076767,0.077169,0.091946,0.079212,0.074964,0.077952,0.077575,0.07854,0.077079,0.075612,0.075926,0.077733,0.075495,0.07831,0.076773,0.077213,0.075653,0.075684,0.07908,0.082868,0.075412,0.076678,0.076497,0.07744,0.076128,0.08184,0.078332,0.07477,0.077051,0.074667,0.077502,0.077818,0.07675,0.076646,0.076507,0.079434,0.086174
