0.051781,0.039874,0.039739,0.035624,0.039563,0.034346,0.035136,0.049756,0.047241,0.04185,0.039878,0.033714,0.034046,0.034369,0.033201,0.03443,0.043654,0.033458,0.034034,0.03296,0.037676,0.036089,0.0534,0.034005,0.034595,0.039854,0.033715,0.033755,0.033845,0.038678,0.051397,0.043072,0.033577,0.034109,0.04651,0.036953,0.03436,0.03554,0.050808,0.035731
0.025334,0.034223,0.023471,0.041561,0.025616,0.033752,0.036455,0.033473,0.047963,0.049761,0.032598,0.030372,0.03565,0.031679,0.037795,0.05404,0.024973,0.032131,0.04259,0.027696,0.034592,0.034401,0.034527,0.042667,0.039468,0.026935,0.038094,0.038871,0.046438,0.046916,0.029838,0.031855,0.043379,0.040937,0.036237,0.037523,0.028514,0.03839,0.048931,0.035202
0.045597,0.032914,0.034695,0.050513,0.041949,0.042983,0.024517,0.037734,0.031628,0.021944,0.044013,0.034299,0.035992,0.03353,0.032953,0.026767,0.025394,0.046806,0.029576,0.033686,0.037485,0.034547,0.033325,0.036521,0.037198,0.026428,0.03263,0.034804,0.042586,0.033992,0.03531,0.035412,0.03521,0.036091,0.029819,0.030937,0.034809,0.036215,0.046617,0.034656
0.033112,0.030783,0.040086,0.041842,0.026131,0.025048,0.033832,0.021348,0.028785,0.031931,0.022547,0.028454,0.024938,0.027394,0.023571,0.030628,0.034605,0.027821,0.040089,0.04075,0.039624,0.044746,0.034366,0.052014,0.035445,0.045614,0.03566,0.046787,0.035848,0.048749,0.048529,0.03836,0.047483,0.037161,0.048516,0.04493,0.037843,0.028709,0.032399,0.041244
0.023709,0.038334,0.048444,0.049067,0.035281,0.041249,0.043057,0.03175,0.030541,0.034605,0.034774,0.047974,0.036153,0.03181,0.034249,0.029306,0.037134,0.033618,0.049004,0.038905,0.023404,0.03671,0.034823,0.031729,0.035894,0.029708,0.02015,0.048992,0.048842,0.035078,0.039221,0.022756,0.035533,0.041771,0.042744,0.03483,0.027144,0.042425,0.028324,0.034019
0.033937,0.049106,0.034757,0.049747,0.045398,0.034831,0.032246,0.035232,0.032489,0.037186,0.046965,0.038737,0.047172,0.037213,0.046813,0.033949,0.050125,0.033677,0.041608,0.041974,0.032845,0.035573,0.024974,0.036701,0.030429,0.033991,0.040216,0.042448,0.039077,0.033446,0.027942,0.039487,0.040771,0.039918,0.034337,0.03317,0.047654,0.035105,0.046533,0.036783
0.048511,0.036874,0.049477,0.035556,0.048448,0.045726,0.02967,0.023221,0.031332,0.028762,0.01975,0.035047,0.032925,0.033538,0.035371,0.03383,0.032486,0.047627,0.037226,0.046997,0.051406,0.033079,0.048413,0.026316,0.046809,0.037805,0.035351,0.042176,0.028717,0.052948,0.045684,0.027904,0.040707,0.027285,0.041843,0.038477,0.03779,0.030355,0.038219,0.035745
0.04891,0.038635,0.023222,0.036663,0.040521,0.04131,0.020507,0.029786,0.035531,0.034482,0.034838,0.048186,0.033183,0.035725,0.041688,0.041308,0.030692,0.034135,0.033702,0.0493,0.035456,0.048955,0.028656,0.033557,0.03791,0.039213,0.022784,0.032479,0.041602,0.047653,0.035403,0.044666,0.033598,0.034812,0.034298,0.049245,0.049131,0.035791,0.032585,0.035348
0.030619,0.033344,0.034469,0.048507,0.028631,0.034644,0.041945,0.02875,0.0476,0.020501,0.030825,0.038408,0.049284,0.048326,0.042525,0.042648,0.028942,0.036712,0.045238,0.034619,0.034803,0.047664,0.019955,0.028488,0.019467,0.037,0.041296,0.037627,0.034425,0.033282,0.029419,0.035834,0.039476,0.04313,0.035277,0.02895,0.034285,0.035088,0.035042,0.033922
0.035499,0.028556,0.033749,0.020146,0.029557,0.020587,0.026352,0.029698,0.024664,0.029522,0.030127,0.020031,0.034001,0.034796,0.035234,0.04786,0.035561,0.031935,0.037503,0.027799,0.034944,0.035881,0.048319,0.035069,0.047624,0.029261,0.035305,0.033638,0.034991,0.03451,0.048579,0.028678,0.037046,0.034385,0.034651,0.033404,0.053388,0.042558,0.025844,0.022576
0.037083,0.034329,0.025758,0.044194,0.042767,0.035131,0.040616,0.0227,0.034786,0.03316,0.041841,0.039419,0.038862,0.034434,0.034933,0.047237,0.035159,0.048594,0.035985,0.025417,0.036181,0.036743,0.029578,0.04004,0.022564,0.039333,0.035234,0.04847,0.036217,0.053689,0.038876,0.039158,0.048386,0.034928,0.033304,0.031273,0.03246,0.036094,0.034668,0.034696
0.026621,0.036618,0.037686,0.031385,0.026644,0.036228,0.03633,0.040393,0.042144,0.027952,0.041089,0.040531,0.036166,0.035368,0.035349,0.027296,0.036688,0.040068,0.025201,0.03751,0.032781,0.030705,0.034886,0.040495,0.042629,0.036049,0.033724,0.030679,0.038811,0.047769,0.035919,0.041221,0.036306,0.034925,0.033231,0.02914,0.035157,0.035895,0.042001,0.04096
0.033902,0.048605,0.048919,0.036229,0.047572,0.035294,0.048042,0.03624,0.047535,0.026197,0.043662,0.029926,0.034044,0.021002,0.023556,0.019012,0.020704,0.020177,0.027365,0.032355,0.021485,0.034113,0.030723,0.028262,0.03488,0.035061,0.034712,0.034071,0.045264,0.032476,0.035164,0.040508,0.029342,0.033713,0.036428,0.030637,0.035915,0.048958,0.043525,0.036727
0.0329,0.034796,0.048796,0.035499,0.047439,0.03596,0.048782,0.042075,0.041888,0.048805,0.033995,0.0491,0.028231,0.034737,0.036425,0.03413,0.033957,0.049134,0.048682,0.035293,0.032822,0.03127,0.039294,0.04881,0.039422,0.044529,0.04177,0.036766,0.041179,0.021354,0.034995,0.034613,0.040927,0.037493,0.039574,0.0349,0.033008,0.036013,0.041914,0.036735
0.040511,0.03078,0.033116,0.032906,0.041888,0.042358,0.041714,0.041783,0.041535,0.036703,0.034481,0.03536,0.047131,0.036095,0.047897,0.028858,0.032597,0.036177,0.041295,0.041783,0.03748,0.032884,0.032985,0.020457,0.031845,0.047619,0.035315,0.047998,0.034168,0.03454,0.033384,0.030067,0.035907,0.034165,0.0325,0.031487,0.020388,0.029095,0.034669,0.020639
0.028366,0.03992,0.03962,0.038298,0.033547,0.03297,0.029959,0.036301,0.03585,0.047197,0.035597,0.047997,0.027894,0.035401,0.035719,0.034,0.033879,0.049134,0.028003,0.035717,0.034854,0.040764,0.042814,0.041322,0.029125,0.047656,0.035461,0.048318,0.034711,0.049191,0.027178,0.032451,0.037384,0.035749,0.034894,0.048543,0.035541,0.04501,0.03886,0.048153
0.032443,0.03435,0.028577,0.038087,0.034873,0.047758,0.034564,0.032119,0.031587,0.035151,0.033052,0.029818,0.040332,0.030063,0.032716,0.029129,0.040968,0.029532,0.034371,0.02905,0.040766,0.027272,0.035253,0.026491,0.03661,0.033943,0.035633,0.034984,0.035529,0.047229,0.034107,0.037284,0.024639,0.03655,0.03552,0.033731,0.034724,0.029954,0.03319,0.020377
0.026437,0.019135,0.020383,0.030937,0.01955,0.028562,0.019205,0.019696,0.025938,0.018968,0.020564,0.038094,0.019652,0.043578,0.026082,0.036743,0.034513,0.048514,0.034483,0.048425,0.029244,0.03351,0.036203,0.034021,0.034361,0.032762,0.034076,0.030868,0.03608,0.033037,0.029691,0.040786,0.025698,0.03721,0.035609,0.027564,0.034522,0.035377,0.034093,0.034271
0.031435,0.040933,0.021235,0.033369,0.035421,0.034037,0.03497,0.025749,0.045634,0.023784,0.037277,0.035139,0.029863,0.039368,0.026822,0.037856,0.025664,0.034958,0.029681,0.0252,0.032663,0.032817,0.034855,0.033124,0.034095,0.03271,0.031128,0.035333,0.04868,0.033782,0.036524,0.047745,0.053509,0.044476,0.034989,0.035928,0.030211,0.032173,0.034919,0.047607
0.035916,0.034243,0.03421,0.032038,0.030743,0.027561,0.032398,0.039458,0.040447,0.034967,0.020911,0.03492,0.019913,0.037015,0.027723,0.035486,0.034214,0.049045,0.040065,0.026259,0.030697,0.035669,0.034533,0.033315,0.049007,0.036224,0.032482,0.034996,0.030601,0.034254,0.032753,0.035611,0.031155,0.032969,0.036024,0.029859,0.033239,0.033605,0.018997,0.030746
0.020384,0.028044,0.01964,0.033737,0.032339,0.019811,0.029777,0.019833,0.030489,0.019844,0.030453,0.020556,0.02857,0.020369,0.030786,0.020428,0.023551,0.019263,0.027955,0.031743,0.021614,0.019198,0.01913,0.030713,0.034413,0.036254,0.048391,0.028326,0.034834,0.040314,0.02767,0.036798,0.047817,0.03513,0.049893,0.027219,0.03381,0.036303,0.034542,0.034614
0.049113,0.035369,0.029403,0.039961,0.035398,0.023565,0.032127,0.034299,0.041803,0.028348,0.027687,0.038219,0.031284,0.019834,0.03322,0.031604,0.040517,0.042552,0.035304,0.033591,0.035889,0.027268,0.035301,0.034528,0.032762,0.029773,0.041884,0.028881,0.033614,0.034454,0.042482,0.042337,0.02873,0.040249,0.027206,0.036999,0.028474,0.034591,0.040665,0.02241
0.040243,0.030995,0.033222,0.034981,0.033803,0.029798,0.036759,0.026927,0.03862,0.049464,0.034907,0.027935,0.034874,0.034386,0.028764,0.041615,0.028574,0.033801,0.01973,0.030336,0.033727,0.034931,0.029587,0.039353,0.041895,0.036293,0.038366,0.04497,0.035273,0.034011,0.033642,0.031964,0.032504,0.034601,0.033898,0.029144,0.040468,0.027014,0.037363,0.048182
0.035763,0.028542,0.034435,0.03314,0.034662,0.02757,0.0369,0.034214,0.035558,0.033188,0.032877,0.026272,0.037822,0.019642,0.031066,0.040562,0.041979,0.034431,0.030388,0.033672,0.035499,0.035152,0.034567,0.034411,0.029311,0.029997,0.019041,0.019035,0.01904,0.030902,0.020271,0.027422,0.024253,0.026002,0.023793,0.029881,0.03052,0.019987,0.020427,0.02545
0.026479,0.021083,0.019534,0.019345,0.028018,0.034668,0.034927,0.019722,0.032026,0.032374,0.019736,0.030103,0.032883,0.019512,0.026058,0.038594,0.034501,0.033162,0.036349,0.028032,0.03581,0.033836,0.035293,0.027895,0.035655,0.034404,0.028372,0.037662,0.029723,0.036963,0.02045,0.029072,0.033442,0.019852,0.028073,0.035754,0.027651,0.042516,0.041138,0.035306
0.030547,0.040664,0.047559,0.040967,0.025523,0.036966,0.030207,0.032249,0.035988,0.03215,0.036626,0.032902,0.031308,0.034404,0.030698,0.019301,0.019813,0.029337,0.033744,0.032576,0.031043,0.034458,0.034295,0.032386,0.035659,0.025269,0.040477,0.034036,0.030608,0.03246,0.034864,0.035313,0.034675,0.031177,0.037373,0.030354,0.034153,0.031831,0.030323,0.040909
0.024314,0.0384,0.028602,0.034246,0.03552,0.0375,0.027732,0.03235,0.038688,0.032358,0.031912,0.030209,0.034873,0.034991,0.03475,0.035106,0.028577,0.03397,0.034019,0.034962,0.029108,0.033834,0.035363,0.034552,0.02833,0.034768,0.040323,0.04274,0.03577,0.033397,0.049676,0.03482,0.035273,0.024067,0.038663,0.033874,0.032789,0.030155,0.035312,0.035341
0.034099,0.049323,0.048215,0.033657,0.034408,0.026907,0.04446,0.030088,0.033257,0.035915,0.028101,0.034471,0.033808,0.034036,0.035698,0.042227,0.034975,0.038958,0.032415,0.026728,0.034883,0.034325,0.035519,0.03492,0.035544,0.028636,0.03346,0.040458,0.042516,0.035694,0.032947,0.030444,0.01977,0.021988,0.028297,0.020885,0.022257,0.020273,0.033114,0.034791
0.035129,0.034526,0.041026,0.042051,0.041843,0.041462,0.029715,0.039951,0.02695,0.034575,0.034155,0.035092,0.03357,0.02558,0.034508,0.034164,0.019444,0.02977,0.034689,0.03479,0.035958,0.027303,0.048642,0.042277,0.034736,0.028864,0.03304,0.033308,0.029688,0.034704,0.019071,0.029482,0.036056,0.034259,0.027975,0.035947,0.034672,0.034546,0.033759,0.028873
0.041529,0.026142,0.036933,0.035283,0.027179,0.019037,0.01941,0.019917,0.025469,0.035724,0.019231,0.039476,0.019209,0.039933,0.035122,0.048441,0.033046,0.030062,0.034301,0.035841,0.033254,0.034714,0.029596,0.034836,0.02904,0.033587,0.041048,0.048285,0.033473,0.036258,0.031209,0.03335,0.035303,0.033567,0.031498,0.034372,0.02618,0.028663,0.020133,0.033081
0.036421,0.034502,0.03361,0.035083,0.032624,0.036488,0.033732,0.031053,0.034525,0.025112,0.043681,0.025498,0.031302,0.035033,0.034093,0.035526,0.028596,0.034626,0.041365,0.047353,0.049189,0.031079,0.033153,0.019515,0.030089,0.020413,0.02878,0.033789,0.020353,0.048497,0.033674,0.029648,0.035292,0.020309,0.024079,0.03916,0.019232,0.035393,0.029963,0.032677
0.034065,0.033154,0.030895,0.019998,0.020105,0.029762,0.019355,0.028036,0.01939,0.031602,0.032775,0.030182,0.034231,0.034246,0.03528,0.034627,0.030953,0.033486,0.045761,0.018866,0.03063,0.043377,0.029206,0.033726,0.040453,0.02042,0.042312,0.030757,0.033179,0.034359,0.031715,0.028809,0.038468,0.034646,0.029674,0.03921,0.033226,0.028148,0.037353,0.028393
0.033428,0.034543,0.034738,0.029134,0.04034,0.030352,0.034584,0.035026,0.025283,0.037467,0.03278,0.034727,0.035671,0.029405,0.034207,0.025654,0.0327,0.038631,0.035382,0.034413,0.033106,0.033206,0.031093,0.03535,0.034527,0.036145,0.028744,0.033016,0.033787,0.035979,0.048476,0.048618,0.035234,0.032296,0.036074,0.030896,0.032765,0.034364,0.028944,0.034797
0.035062,0.034723,0.032622,0.034827,0.03099,0.035373,0.033682,0.047632,0.037349,0.028478,0.039794,0.027354,0.036186,0.034534,0.02967,0.033285,0.034398,0.034377,0.031739,0.039217,0.024568,0.038011,0.047549,0.035741,0.031589,0.031267,0.035102,0.033835,0.027596,0.035504,0.039362,0.033017,0.032827,0.028966,0.034093,0.019809,0.033559,0.029843,0.035087,0.035104
0.048292,0.034377,0.02972,0.040892,0.0245,0.03934,0.029998,0.037451,0.02708,0.037837,0.034766,0.026989,0.019708,0.032943,0.031561,0.034989,0.035097,0.034029,0.0488,0.049073,0.033927,0.02986,0.034277,0.034023,0.035698,0.035255,0.032699,0.035381,0.031816,0.031829,0.035598,0.028216,0.034633,0.033411,0.03415,0.0267,0.037914,0.035296,0.034658,0.04792
0.035077,0.048904,0.024546,0.02122,0.038709,0.048471,0.03436,0.02604,0.044598,0.039532,0.036328,0.035754,0.033988,0.033604,0.035195,0.041735,0.037344,0.035016,0.033873,0.048432,0.034351,0.029058,0.035184,0.038346,0.03058,0.034707,0.034737,0.028431,0.034471,0.034788,0.031692,0.032079,0.034289,0.03358,0.035957,0.032712,0.034501,0.030751,0.035475,0.029559
0.038627,0.028613,0.034813,0.035521,0.047968,0.033991,0.02985,0.033985,0.035636,0.034582,0.048344,0.034705,0.035984,0.029146,0.03102,0.043024,0.032189,0.024601,0.040787,0.042243,0.034285,0.036728,0.034459,0.035112,0.02742,0.019686,0.031907,0.038259,0.027973,0.03545,0.033046,0.03359,0.031776,0.02053,0.027447,0.035574,0.035198,0.031524,0.034839,0.030859
0.035055,0.034513,0.02764,0.035981,0.033774,0.034475,0.027502,0.041911,0.041322,0.03716,0.03459,0.034112,0.035122,0.034955,0.030003,0.03273,0.03515,0.034909,0.030185,0.032886,0.020721,0.029113,0.033304,0.034662,0.028833,0.030338,0.039235,0.03465,0.04894,0.03526,0.044566,0.031774,0.035047,0.040545,0.048874,0.049233,0.049406,0.034532,0.033094,0.028572
0.036779,0.034122,0.031813,0.029772,0.036291,0.034547,0.026677,0.036579,0.035488,0.03428,0.032827,0.036037,0.028289,0.035245,0.037678,0.028417,0.029894,0.042736,0.042231,0.035497,0.034848,0.032927,0.032547,0.038252,0.023811,0.039249,0.032635,0.019703,0.03045,0.020157,0.027923,0.020311,0.027714,0.019841,0.032717,0.03374,0.035118,0.028003,0.035136,0.034954
0.035059,0.048168,0.034626,0.048633,0.034496,0.033733,0.036201,0.028871,0.035651,0.027773,0.033615,0.03461,0.03564,0.035064,0.032945,0.031755,0.032063,0.035928,0.033089,0.033518,0.030333,0.041693,0.040838,0.035981,0.035166,0.048384,0.034119,0.03144,0.03337,0.03525,0.035146,0.029533,0.032619,0.03524,0.033234,0.034092,0.028668,0.035482,0.025961,0.02398
