0.097128,0.083632,0.085644,0.07867,0.081917,0.079375,0.085706,0.080731,0.084176,0.082119,0.088126,0.086749,0.085462,0.085525,0.08964,0.08226,0.083388,0.087243,0.091238,0.088473,0.084646,0.081351,0.084134,0.093984,0.10311,0.084754,0.083162,0.086983,0.085205,0.085992,0.083282,0.093986,0.086701,0.083724,0.094031,0.085493,0.091289,0.092781,0.082119,0.082984
0.055255,0.054334,0.054199,0.057701,0.056488,0.054272,0.058263,0.055811,0.057759,0.057347,0.055275,0.058707,0.055947,0.05654,0.055737,0.05746,0.054569,0.054994,0.055102,0.055796,0.057777,0.056959,0.056762,0.053412,0.057932,0.052903,0.053445,0.054275,0.05394,0.053179,0.070148,0.055982,0.053085,0.053463,0.053542,0.054074,0.051578,0.052095,0.055644,0.055631
0.047148,0.050575,0.049671,0.051283,0.049725,0.04956,0.049894,0.049427,0.050324,0.04967,0.047009,0.049097,0.049303,0.051889,0.05123,0.050001,0.050963,0.048627,0.051676,0.052205,0.054097,0.050402,0.053585,0.049912,0.050892,0.050523,0.051917,0.051335,0.051559,0.050185,0.050341,0.04961,0.05171,0.04942,0.051469,0.051031,0.06205,0.052398,0.050668,0.052235
0.049319,0.048921,0.05337,0.052579,0.051856,0.053175,0.049616,0.05293,0.050081,0.050424,0.049979,0.048333,0.048579,0.047624,0.0464,0.047201,0.047551,0.047044,0.048211,0.047764,0.048551,0.051361,0.046927,0.047512,0.047064,0.048832,0.046791,0.047499,0.049244,0.048837,0.04625,0.048616,0.048485,0.049547,0.046021,0.047076,0.0464,0.048251,0.047698,0.048903
0.048605,0.047874,0.048324,0.047156,0.066583,0.048883,0.049042,0.047196,0.048146,0.048263,0.048802,0.05096,0.048646,0.048011,0.050968,0.049773,0.046792,0.04713,0.049785,0.046933,0.046669,0.04958,0.048821,0.048835,0.048147,0.047595,0.046829,0.047609,0.047339,0.050236,0.048833,0.047708,0.046804,0.048672,0.045744,0.045459,0.047868,0.045634,0.044497,0.045271
0.047822,0.045964,0.045223,0.044591,0.046525,0.049084,0.047561,0.046785,0.045278,0.045232,0.0457,0.064406,0.04497,0.048404,0.047841,0.045575,0.04572,0.045164,0.043377,0.04671,0.048029,0.045424,0.044964,0.04583,0.044919,0.045874,0.048503,0.04443,0.045999,0.047479,0.049669,0.04584,0.049071,0.047546,0.046616,0.048919,0.047747,0.048632,0.047215,0.046459
0.045889,0.045325,0.046919,0.046202,0.048,0.049236,0.04957,0.045541,0.04671,0.045787,0.049899,0.045863,0.046197,0.048903,0.046578,0.045641,0.045128,0.06936,0.048372,0.046122,0.046877,0.049165,0.04548,0.046371,0.049261,0.04577,0.04523,0.046953,0.046938,0.047726,0.047656,0.048448,0.046264,0.047412,0.047736,0.047995,0.046778,0.045535,0.0486,0.04693
0.04661,0.044573,0.047547,0.046916,0.044238,0.045568,0.045664,0.044658,0.044367,0.044611,0.044332,0.044927,0.045348,0.046025,0.043442,0.043818,0.045446,0.044379,0.044841,0.042952,0.048606,0.0484,0.045403,0.064786,0.043711,0.043971,0.045215,0.046573,0.046695,0.044545,0.044198,0.045393,0.04651,0.04483,0.046958,0.045701,0.045484,0.047399,0.046191,0.046614
0.0462,0.043483,0.047253,0.047118,0.045213,0.045401,0.043701,0.04804,0.046715,0.051519,0.046255,0.048074,0.04749,0.046331,0.046837,0.049031,0.049767,0.047872,0.045869,0.048965,0.047421,0.047553,0.045706,0.046043,0.047075,0.047237,0.04667,0.04679,0.048493,0.046212,0.067271,0.047454,0.04855,0.046103,0.048308,0.046455,0.045562,0.047655,0.047298,0.047429
0.048375,0.047021,0.048265,0.045316,0.045692,0.045498,0.047254,0.044791,0.045584,0.046435,0.047093,0.046098,0.046211,0.051622,0.046555,0.05158,0.049775,0.047897,0.046537,0.04729,0.04532,0.046883,0.048787,0.048286,0.051132,0.046428,0.046316,0.049364,0.047456,0.046164,0.045918,0.047946,0.051311,0.048267,0.046978,0.046953,0.049848,0.069918,0.0451,0.046893
0.0458,0.044851,0.046778,0.046709,0.04581,0.045856,0.046874,0.046142,0.048155,0.046579,0.049518,0.048013,0.047272,0.050322,0.047989,0.047307,0.048485,0.046351,0.049202,0.051476,0.045542,0.046368,0.046159,0.048063,0.045237,0.048093,0.04703,0.045054,0.047626,0.044501,0.043712,0.044457,0.044359,0.046028,0.045921,0.044452,0.045988,0.043575,0.046513,0.045754
0.043342,0.043322,0.044269,0.062795,0.043478,0.047336,0.043438,0.043803,0.044167,0.04462,0.043544,0.045606,0.044422,0.043934,0.04306,0.045351,0.048018,0.043293,0.044354,0.046476,0.048054,0.047151,0.048071,0.046281,0.046483,0.046224,0.047861,0.047209,0.047104,0.045608,0.048606,0.048196,0.04654,0.047222,0.046363,0.046663,0.046283,0.05029,0.047645,0.046743
0.044588,0.048112,0.04592,0.049343,0.045626,0.046856,0.046684,0.04622,0.046645,0.047796,0.064166,0.045076,0.044563,0.048109,0.048179,0.046282,0.047292,0.04766,0.046199,0.049092,0.044981,0.047785,0.046028,0.044221,0.043848,0.047084,0.047024,0.045707,0.044845,0.045741,0.044891,0.044348,0.046197,0.045079,0.045764,0.043585,0.044822,0.044455,0.044255,0.044191
0.045585,0.047126,0.045916,0.04438,0.044697,0.043738,0.044591,0.047038,0.044405,0.044687,0.043971,0.043707,0.045457,0.04654,0.043983,0.043899,0.05472,0.04715,0.044099,0.04682,0.043705,0.04354,0.044031,0.047811,0.046619,0.04602,0.045407,0.044874,0.047198,0.049585,0.045422,0.044717,0.046728,0.046081,0.045159,0.048818,0.045952,0.044439,0.045081,0.049226
0.044858,0.045951,0.046823,0.047397,0.046724,0.047081,0.053018,0.049339,0.045937,0.047094,0.045399,0.045253,0.045309,0.043987,0.045835,0.04738,0.045983,0.048202,0.047635,0.04601,0.047815,0.048051,0.046008,0.06628,0.046382,0.047484,0.046268,0.044584,0.046932,0.048122,0.045552,0.047808,0.050073,0.046644,0.049915,0.046191,0.050709,0.047791,0.047916,0.04392
0.045658,0.045147,0.044783,0.043508,0.045823,0.04432,0.045702,0.0449,0.045495,0.043331,0.043496,0.045762,0.044754,0.047751,0.044462,0.045397,0.045923,0.047306,0.044454,0.048499,0.043563,0.042892,0.046437,0.044567,0.04596,0.043132,0.045365,0.046357,0.044466,0.066212,0.043144,0.044102,0.045824,0.044409,0.047956,0.047732,0.043694,0.042869,0.045112,0.045981
0.04666,0.043233,0.044474,0.042765,0.044442,0.042897,0.046181,0.044036,0.043322,0.044111,0.047787,0.048252,0.046832,0.047106,0.045153,0.044703,0.045788,0.046775,0.046903,0.046721,0.047534,0.045155,0.048667,0.045683,0.045505,0.046588,0.045838,0.046702,0.046251,0.046647,0.045235,0.04633,0.047676,0.047558,0.045618,0.045532,0.058957,0.046172,0.054322,0.044467
0.046394,0.044802,0.049128,0.048804,0.046731,0.047462,0.045373,0.044756,0.047167,0.04572,0.044459,0.045834,0.046083,0.046308,0.0471,0.048574,0.04403,0.045722,0.046479,0.046509,0.048056,0.04585,0.044231,0.046437,0.047421,0.046878,0.04727,0.043278,0.045351,0.044543,0.043543,0.044396,0.044124,0.044817,0.046247,0.046196,0.046361,0.044707,0.045614,0.043947
0.044099,0.04923,0.047445,0.06262,0.043688,0.043889,0.045463,0.045938,0.044522,0.048691,0.046902,0.043958,0.044089,0.043343,0.045257,0.04585,0.049403,0.043919,0.045761,0.043478,0.042982,0.044822,0.045085,0.044172,0.04416,0.043414,0.043357,0.042456,0.045592,0.043903,0.044521,0.045356,0.04437,0.043162,0.044288,0.048233,0.04739,0.045296,0.04563,0.047327
0.047025,0.04547,0.045817,0.045541,0.046547,0.045031,0.047397,0.047411,0.046191,0.065232,0.047598,0.046943,0.045755,0.050291,0.046366,0.044397,0.048474,0.045747,0.045772,0.045491,0.048221,0.045945,0.047525,0.048257,0.048473,0.046831,0.047038,0.047996,0.047411,0.049928,0.046198,0.047746,0.048159,0.047647,0.046408,0.047575,0.046431,0.045551,0.043535,0.044071
0.045929,0.043186,0.043322,0.043265,0.045583,0.043595,0.044036,0.044983,0.045461,0.045702,0.043681,0.042777,0.042755,0.043404,0.045527,0.045343,0.06558,0.043655,0.045179,0.044689,0.046498,0.045167,0.045064,0.045048,0.044597,0.047865,0.044483,0.044391,0.04452,0.045597,0.04464,0.044726,0.046213,0.043924,0.045983,0.044227,0.044512,0.04551,0.048861,0.043753
0.042977,0.042783,0.046932,0.04413,0.046298,0.046882,0.045144,0.045035,0.047947,0.047285,0.046564,0.046198,0.046866,0.045407,0.044896,0.047124,0.04653,0.045748,0.047643,0.044724,0.048408,0.045826,0.046177,0.046786,0.065086,0.047746,0.047463,0.04774,0.047478,0.047333,0.0463,0.045585,0.047565,0.046696,0.046933,0.045438,0.044437,0.045823,0.044545,0.050998
0.045157,0.047715,0.04507,0.048066,0.046704,0.047246,0.046985,0.046088,0.048495,0.046493,0.047315,0.04562,0.046846,0.045635,0.047026,0.047154,0.044211,0.042987,0.042264,0.044154,0.042569,0.04369,0.044949,0.043222,0.044019,0.043868,0.047526,0.044039,0.043007,0.045726,0.065538,0.044234,0.048528,0.045125,0.045243,0.045197,0.043912,0.045282,0.047121,0.043962
0.044987,0.044883,0.043853,0.045966,0.043893,0.04554,0.046331,0.043799,0.043567,0.047048,0.044399,0.043473,0.046764,0.046406,0.046429,0.045347,0.04486,0.046509,0.044892,0.046793,0.046183,0.047522,0.048422,0.046519,0.0486,0.048013,0.047963,0.047832,0.048363,0.047151,0.046535,0.04903,0.046633,0.045626,0.046909,0.047631,0.066901,0.044572,0.045947,0.045664
0.048242,0.0478,0.048287,0.049351,0.047592,0.045587,0.045988,0.045941,0.045691,0.046133,0.04666,0.048123,0.047475,0.046257,0.050415,0.049528,0.048503,0.045437,0.044508,0.045494,0.048368,0.048825,0.0486,0.048683,0.046329,0.044833,0.048434,0.045931,0.045494,0.045663,0.045284,0.042307,0.042909,0.044032,0.045964,0.044644,0.045938,0.04317,0.048857,0.043578
0.042461,0.043987,0.043152,0.044485,0.064399,0.044817,0.047526,0.043851,0.044101,0.043688,0.043192,0.043411,0.044424,0.044636,0.043182,0.046204,0.044975,0.04363,0.044721,0.044003,0.044906,0.044472,0.042802,0.044377,0.044691,0.044873,0.045556,0.043193,0.046519,0.054017,0.04556,0.047051,0.046337,0.047971,0.046897,0.045022,0.047079,0.046779,0.045668,0.0591
0.046904,0.049456,0.050599,0.04427,0.045395,0.048487,0.044827,0.043987,0.044762,0.045311,0.065057,0.04653,0.045814,0.046639,0.045949,0.044379,0.04572,0.045681,0.046297,0.046242,0.046921,0.047207,0.045555,0.045293,0.044796,0.04484,0.048174,0.043645,0.044346,0.046765,0.043344,0.043576,0.04332,0.046581,0.043807,0.045952,0.046472,0.043784,0.044171,0.045488
0.046332,0.043908,0.043988,0.046419,0.043163,0.046294,0.044091,0.043836,0.043388,0.043146,0.044541,0.043608,0.043763,0.043454,0.044234,0.044473,0.057092,0.044017,0.044248,0.044717,0.043924,0.044457,0.042805,0.045448,0.044658,0.045762,0.045044,0.042204,0.045669,0.04513,0.045787,0.045719,0.046503,0.044265,0.0453,0.043786,0.047663,0.044636,0.044884,0.04679
0.04774,0.045513,0.045355,0.045413,0.045846,0.045869,0.044915,0.046367,0.04597,0.046466,0.04542,0.047206,0.045109,0.044224,0.046304,0.04855,0.047697,0.047155,0.047252,0.048814,0.048136,0.045934,0.045735,0.065383,0.045644,0.044369,0.046529,0.045678,0.047282,0.045456,0.048579,0.04511,0.04676,0.04609,0.046022,0.046944,0.043934,0.046008,0.046237,0.048189
0.045168,0.045675,0.046666,0.0454,0.044705,0.044254,0.046915,0.043383,0.044595,0.045461,0.046378,0.043985,0.044704,0.045324,0.043503,0.043665,0.043169,0.043387,0.043534,0.043699,0.043051,0.044665,0.043649,0.042814,0.044402,0.044961,0.043262,0.043876,0.042629,0.043293,0.042604,0.06099,0.043534,0.044449,0.045149,0.048159,0.045003,0.044237,0.045972,0.043893
0.044869,0.043101,0.047038,0.044097,0.044426,0.04488,0.043167,0.045605,0.044965,0.045921,0.046921,0.045351,0.046666,0.047005,0.045544,0.04523,0.047173,0.045945,0.049073,0.045701,0.046343,0.048638,0.049109,0.046691,0.045276,0.045646,0.045365,0.04583,0.045531,0.049309,0.045786,0.045378,0.04777,0.046234,0.045949,0.048544,0.046759,0.06498,0.048087,0.047702
0.047981,0.046891,0.045965,0.047185,0.048629,0.047961,0.048034,0.045192,0.04764,0.04967,0.049852,0.048786,0.048135,0.048449,0.04582,0.047568,0.04671,0.046628,0.043046,0.046789,0.046862,0.045621,0.045884,0.044525,0.043335,0.046348,0.045397,0.044691,0.047005,0.045577,0.046978,0.044438,0.046651,0.04519,0.04477,0.043531,0.044176,0.045092,0.043523,0.04814
0.044975,0.0445,0.044508,0.062712,0.044439,0.048207,0.0454,0.048184,0.045039,0.045008,0.045413,0.048494,0.045796,0.045423,0.044736,0.046247,0.04629,0.045021,0.043571,0.043887,0.046375,0.044888,0.043435,0.045464,0.043762,0.043102,0.045229,0.046218,0.046006,0.043353,0.045457,0.043897,0.045234,0.04483,0.044389,0.046111,0.044176,0.044293,0.042309,0.042521
0.044816,0.043899,0.045366,0.047081,0.045529,0.046037,0.04658,0.047012,0.048108,0.049572,0.046518,0.065783,0.048952,0.045353,0.050024,0.046385,0.045451,0.046007,0.04593,0.047738,0.044116,0.046376,0.046335,0.046165,0.047312,0.044324,0.047909,0.047078,0.046947,0.047681,0.046817,0.046089,0.046612,0.045457,0.045845,0.046919,0.045124,0.046793,0.04614,0.048108
0.048357,0.043604,0.043248,0.044156,0.044872,0.046713,0.042601,0.044584,0.045867,0.044654,0.043885,0.044559,0.042503,0.043016,0.043898,0.047237,0.047962,0.064581,0.045386,0.044682,0.042874,0.045781,0.046195,0.042809,0.043017,0.045503,0.045828,0.044472,0.045073,0.042626,0.046318,0.046392,0.045987,0.045915,0.044502,0.044446,0.045576,0.04545,0.042967,0.043341
0.049425,0.044054,0.043907,0.044093,0.046111,0.046372,0.047451,0.046375,0.04802,0.045095,0.048395,0.045539,0.049114,0.045614,0.046614,0.045357,0.045877,0.044865,0.045193,0.047312,0.046048,0.04523,0.045882,0.062592,0.048201,0.047338,0.045805,0.046395,0.047469,0.047288,0.050406,0.046932,0.047463,0.047197,0.047762,0.045238,0.045411,0.045804,0.045657,0.045078
0.04607,0.047305,0.045126,0.048129,0.046436,0.044313,0.044753,0.045965,0.044065,0.043448,0.043208,0.04421,0.043681,0.045455,0.042727,0.043163,0.044768,0.04821,0.04639,0.04784,0.044074,0.043879,0.043713,0.0462,0.045151,0.045705,0.045743,0.044511,0.047653,0.060846,0.044327,0.043229,0.045394,0.045945,0.046021,0.044192,0.044235,0.046751,0.047113,0.04699
0.045469,0.044846,0.046984,0.044747,0.044816,0.046121,0.047468,0.048351,0.045552,0.045587,0.045565,0.045625,0.049242,0.045352,0.046515,0.049079,0.047773,0.048224,0.047807,0.045371,0.04629,0.048604,0.050157,0.048858,0.044841,0.045743,0.048611,0.044734,0.045885,0.048643,0.04784,0.046507,0.056098,0.04615,0.047611,0.047482,0.049728,0.04743,0.046203,0.045196
0.047087,0.044756,0.048773,0.045032,0.045335,0.043691,0.046051,0.048185,0.044238,0.045514,0.044286,0.043096,0.046228,0.044482,0.042944,0.045627,0.043946,0.044093,0.04585,0.045859,0.043837,0.044561,0.044647,0.043913,0.046289,0.046111,0.043949,0.045554,0.04297,0.044712,0.048203,0.045071,0.044331,0.04571,0.044555,0.045418,0.042508,0.045291,0.043024,0.061557
0.047007,0.047039,0.044798,0.047295,0.045863,0.046605,0.046495,0.046399,0.047065,0.050905,0.045591,0.047194,0.046732,0.047096,0.047053,0.044307,0.046271,0.046704,0.048004,0.046145,0.045187,0.049483,0.047822,0.048122,0.045505,0.047484,0.046434,0.047732,0.047397,0.046019,0.046274,0.047796,0.046818,0.046786,0.050162,0.044233,0.046487,0.04769,0.049423,0.043855
