0.16003,0.12167,0.12779,0.13043,0.12096,0.12054,0.11864,0.12257,0.12446,0.13582,0.13167,0.12561,0.13167,0.13775,0.13142,0.12383,0.12606,0.12811,0.12329,0.13126,0.13119,0.12322,0.13433,0.12347,0.12905,0.12781,0.1301,0.1235,0.13359,0.12534,0.1435,0.12815,0.1329,0.12931,0.13449,0.14006,0.12906,0.13101,0.13181,0.12649
0.092888,0.089858,0.086107,0.089166,0.091489,0.086621,0.088465,0.089892,0.091855,0.089051,0.092405,0.087155,0.089156,0.087134,0.090961,0.086265,0.086558,0.090545,0.088416,0.087262,0.088628,0.088925,0.090432,0.08978,0.089544,0.088687,0.094902,0.089056,0.090332,0.088911,0.092324,0.090105,0.088213,0.088868,0.090321,0.091399,0.10278,0.088885,0.091439,0.088804
0.083578,0.079458,0.079954,0.081432,0.081897,0.078396,0.078722,0.082749,0.079088,0.080853,0.078266,0.081064,0.08391,0.082866,0.082866,0.080021,0.082081,0.081506,0.082478,0.081642,0.080926,0.084835,0.083574,0.083455,0.08136,0.080812,0.081532,0.08245,0.084814,0.079486,0.079169,0.082894,0.081598,0.083881,0.080057,0.08402,0.081793,0.079071,0.079654,0.076623
0.072956,0.083116,0.076889,0.075285,0.07513,0.07473,0.075324,0.076449,0.076181,0.072611,0.073752,0.07568,0.074554,0.075145,0.074871,0.074865,0.075355,0.07503,0.078572,0.078406,0.080927,0.083666,0.079833,0.080454,0.080459,0.08081,0.079131,0.083612,0.080437,0.079461,0.079373,0.080796,0.078764,0.081196,0.080081,0.080015,0.079448,0.075827,0.081091,0.081451
0.077146,0.077464,0.075802,0.075802,0.07504,0.07531,0.084025,0.07604,0.076477,0.07687,0.074141,0.076631,0.077737,0.076299,0.074038,0.075426,0.078095,0.076127,0.07882,0.077256,0.074308,0.07194,0.074554,0.0728,0.070181,0.071037,0.072729,0.073467,0.073092,0.0707,0.071452,0.072943,0.073908,0.073772,0.075258,0.073174,0.073179,0.073848,0.073075,0.076102
0.073388,0.074152,0.071464,0.075005,0.073093,0.070774,0.075661,0.074248,0.071247,0.07327,0.070527,0.074835,0.074847,0.086043,0.077186,0.075467,0.078831,0.074726,0.073103,0.077469,0.074121,0.07663,0.078937,0.07849,0.074083,0.075316,0.079781,0.075409,0.076007,0.075538,0.076602,0.075073,0.073603,0.075766,0.07752,0.075814,0.078158,0.07477,0.076746,0.079076
0.074911,0.072595,0.078162,0.075762,0.071361,0.071549,0.073536,0.073712,0.073456,0.072733,0.074749,0.070047,0.073979,0.071494,0.071743,0.072465,0.072386,0.073012,0.070544,0.083107,0.073853,0.071146,0.071017,0.070202,0.071382,0.074025,0.073654,0.076229,0.074773,0.076301,0.075435,0.075681,0.072882,0.078814,0.077087,0.075677,0.078262,0.078585,0.07556,0.076858
0.074681,0.075798,0.074982,0.073398,0.074915,0.07556,0.077202,0.076947,0.074559,0.075503,0.076215,0.073642,0.075035,0.076358,0.075014,0.07567,0.074309,0.076515,0.07592,0.077845,0.079533,0.073271,0.073287,0.07736,0.076513,0.077332,0.072575,0.070324,0.071274,0.069458,0.071802,0.071632,0.072174,0.071898,0.072766,0.071458,0.072896,0.073663,0.070866,0.067808
0.072928,0.072347,0.073125,0.072167,0.071595,0.069685,0.072077,0.071465,0.07292,0.070128,0.070822,0.073338,0.076706,0.073703,0.072332,0.073792,0.07712,0.076387,0.074777,0.07241,0.076709,0.077242,0.073832,0.075373,0.074531,0.072112,0.073959,0.076099,0.077263,0.075263,0.073002,0.077679,0.085581,0.073866,0.082948,0.091188,0.080624,0.076913,0.076355,0.073769
0.073911,0.075149,0.071432,0.075257,0.075581,0.077287,0.074583,0.07275,0.076009,0.073956,0.072732,0.075156,0.07453,0.075653,0.074553,0.076373,0.075728,0.073074,0.075502,0.078592,0.074813,0.074955,0.073885,0.077079,0.073243,0.070587,0.070919,0.070579,0.071103,0.070364,0.071338,0.071137,0.072066,0.071782,0.06888,0.07117,0.071905,0.074033,0.081245,0.073905
0.076451,0.069921,0.071554,0.071731,0.074271,0.072696,0.074262,0.072244,0.077942,0.073989,0.076596,0.075849,0.076004,0.072824,0.073715,0.076551,0.075824,0.074356,0.07421,0.074475,0.077818,0.074684,0.076446,0.084297,0.071113,0.071909,0.072805,0.074606,0.07676,0.075201,0.074658,0.076219,0.072379,0.072768,0.072203,0.075576,0.076046,0.074248,0.076726,0.076126
0.071875,0.075611,0.082982,0.073936,0.072534,0.075937,0.075389,0.072896,0.074312,0.074298,0.074206,0.075534,0.075484,0.07158,0.075291,0.076491,0.072754,0.076066,0.074784,0.07255,0.074589,0.073224,0.071339,0.071492,0.071904,0.068698,0.07036,0.073028,0.068985,0.068015,0.0694,0.071702,0.071777,0.071472,0.07085,0.072691,0.07333,0.07141,0.069546,0.070041
0.072639,0.074436,0.07193,0.069787,0.069738,0.069722,0.071703,0.070602,0.074604,0.083375,0.075973,0.074233,0.073063,0.073954,0.076976,0.072333,0.072334,0.075063,0.074578,0.075326,0.076553,0.077035,0.093918,0.07981,0.077881,0.074949,0.07622,0.07284,0.077191,0.074932,0.07554,0.074437,0.074485,0.072929,0.07299,0.075311,0.072154,0.07402,0.06781,0.069992
0.071127,0.068981,0.07045,0.070094,0.069588,0.069598,0.070249,0.070384,0.071598,0.069227,0.070051,0.070122,0.070977,0.069038,0.0716,0.079877,0.071199,0.069085,0.072013,0.070754,0.070297,0.070967,0.071237,0.070953,0.069081,0.071149,0.071245,0.069627,0.06951,0.070879,0.07163,0.07193,0.0699,0.068521,0.072414,0.068772,0.070125,0.069793,0.07055,0.070082
0.070784,0.067695,0.069695,0.070588,0.071117,0.069765,0.069706,0.070518,0.070644,0.068734,0.069667,0.071557,0.073435,0.069195,0.072638,0.070028,0.070352,0.071002,0.070861,0.071465,0.069597,0.07939,0.070833,0.070551,0.070189,0.073276,0.069134,0.069279,0.07314,0.069653,0.069436,0.070064,0.0701,0.069109,0.070188,0.070827,0.072917,0.069058,0.071592,0.070439
0.069909,0.072635,0.069794,0.071481,0.068877,0.069552,0.071175,0.072861,0.069944,0.068862,0.068763,0.069148,0.069125,0.070324,0.069276,0.06988,0.069107,0.071365,0.070549,0.070359,0.070108,0.069256,0.070024,0.06859,0.069032,0.069363,0.068768,0.069307,0.079632,0.072229,0.068991,0.07085,0.069102,0.070165,0.071131,0.071417,0.070873,0.067741,0.069951,0.070366
0.07086,0.068999,0.07146,0.07013,0.068863,0.070773,0.071057,0.068543,0.069716,0.073404,0.068068,0.067295,0.06863,0.068819,0.073446,0.071533,0.07592,0.074276,0.072421,0.074243,0.071519,0.073004,0.073206,0.073999,0.072423,0.074696,0.071836,0.076225,0.074737,0.068825,0.073872,0.068672,0.07011,0.068715,0.080354,0.069704,0.070568,0.068314,0.070657,0.06887
0.071369,0.070883,0.069773,0.076818,0.068942,0.069838,0.069955,0.072439,0.071014,0.071259,0.07043,0.072229,0.067994,0.068767,0.07135,0.085786,0.070194,0.068408,0.071815,0.069749,0.069297,0.070557,0.068967,0.068871,0.069057,0.070314,0.070454,0.067655,0.069684,0.070725,0.070487,0.069762,0.074499,0.069381,0.068973,0.069428,0.072345,0.069407,0.071801,0.069918
0.079399,0.070537,0.068943,0.07204,0.069451,0.070523,0.069877,0.071862,0.070469,0.072373,0.071654,0.069962,0.070169,0.071431,0.06896,0.068719,0.072084,0.072801,0.072489,0.074777,0.073023,0.072169,0.075845,0.075339,0.074509,0.073131,0.072239,0.074275,0.074172,0.073392,0.072292,0.073598,0.072333,0.070587,0.072854,0.069729,0.068694,0.068906,0.070387,0.068685
0.069347,0.069309,0.069531,0.067313,0.0686,0.071085,0.080029,0.069097,0.070368,0.071444,0.068247,0.068768,0.069531,0.070552,0.070056,0.071192,0.071147,0.069747,0.069412,0.070898,0.071304,0.071145,0.070887,0.070413,0.071258,0.06941,0.069412,0.069676,0.06978,0.06968,0.071633,0.069025,0.069271,0.070634,0.069804,0.068728,0.07245,0.071786,0.070886,0.07048
0.070131,0.069572,0.069257,0.068906,0.069258,0.068879,0.070495,0.06934,0.07135,0.070289,0.067513,0.07216,0.08495,0.072516,0.071746,0.071453,0.071784,0.072808,0.07254,0.072582,0.073497,0.073311,0.074368,0.072437,0.073359,0.074428,0.073963,0.071077,0.075663,0.073594,0.070829,0.070536,0.073495,0.071608,0.072265,0.071946,0.071519,0.067586,0.070775,0.071391
0.068738,0.067864,0.070564,0.06936,0.071464,0.068854,0.071279,0.078569,0.069079,0.070392,0.071858,0.068416,0.071858,0.071017,0.066902,0.068123,0.085348,0.071928,0.069034,0.069069,0.072904,0.070914,0.070692,0.068908,0.069887,0.068044,0.069372,0.068751,0.066927,0.069253,0.07004,0.068442,0.071842,0.069482,0.070344,0.070465,0.069034,0.068589,0.070985,0.069741
0.068645,0.07151,0.07077,0.068449,0.069114,0.072061,0.071556,0.068484,0.06918,0.071621,0.071295,0.068965,0.068318,0.069481,0.068508,0.071162,0.070143,0.069984,0.071032,0.068109,0.07204,0.069142,0.078062,0.069357,0.070295,0.067826,0.072982,0.072885,0.072791,0.07416,0.074777,0.073039,0.071565,0.073209,0.073749,0.072901,0.07223,0.073371,0.071838,0.071704
0.071125,0.073257,0.072421,0.075573,0.075036,0.07194,0.071877,0.069484,0.068959,0.06812,0.068536,0.068634,0.070296,0.069715,0.068664,0.071189,0.071687,0.070381,0.069915,0.070951,0.068104,0.071961,0.071096,0.069713,0.06759,0.071867,0.068999,0.076944,0.0704,0.069027,0.068924,0.070643,0.069473,0.072425,0.068221,0.068971,0.069583,0.0695,0.069454,0.071494
0.069025,0.069168,0.069574,0.070418,0.068037,0.067486,0.072812,0.070558,0.06848,0.06896,0.071878,0.070492,0.069435,0.070295,0.067828,0.069752,0.068946,0.071405,0.071268,0.067156,0.068561,0.069407,0.072529,0.068388,0.068134,0.070966,0.070704,0.070735,0.072263,0.070717,0.069271,0.072451,0.070683,0.069258,0.08243,0.069675,0.072185,0.072409,0.074195,0.07381
0.073761,0.074555,0.072348,0.070963,0.071645,0.074364,0.072979,0.07172,0.075848,0.073453,0.074781,0.072704,0.072505,0.072686,0.071445,0.071911,0.070994,0.069059,0.070535,0.06925,0.069394,0.072662,0.070224,0.068558,0.069455,0.069237,0.070169,0.070517,0.068774,0.07004,0.069723,0.070279,0.070105,0.069196,0.06962,0.067744,0.068018,0.069076,0.072856,0.069377
0.081389,0.068686,0.070596,0.068505,0.069241,0.069548,0.070683,0.070156,0.069566,0.070254,0.07148,0.072856,0.07062,0.070239,0.070419,0.070095,0.068951,0.071575,0.069037,0.07213,0.070759,0.070798,0.07035,0.069367,0.069711,0.070772,0.069161,0.068675,0.068967,0.070296,0.071063,0.070701,0.069359,0.07003,0.069965,0.068326,0.069237,0.067825,0.069726,0.067852
0.070547,0.069081,0.071326,0.072735,0.071589,0.070102,0.076097,0.070256,0.070721,0.072001,0.069995,0.070448,0.068486,0.071423,0.072127,0.072562,0.069791,0.072003,0.071236,0.070694,0.069592,0.068832,0.070498,0.068948,0.068222,0.070667,0.069857,0.070959,0.072127,0.071014,0.070712,0.068604,0.068795,0.070897,0.069156,0.069162,0.070662,0.0698,0.068418,0.087381
0.071137,0.073743,0.073257,0.074487,0.072611,0.076129,0.073111,0.072104,0.071805,0.073943,0.07405,0.072468,0.073992,0.083446,0.073083,0.073447,0.072254,0.072522,0.074877,0.076594,0.071157,0.071456,0.071001,0.069668,0.069799,0.071323,0.068395,0.069306,0.069925,0.070005,0.070112,0.070977,0.06991,0.068288,0.071072,0.06811,0.069981,0.06934,0.070633,0.06948
0.069468,0.069527,0.071544,0.068463,0.069309,0.06986,0.068117,0.071485,0.069702,0.071499,0.068447,0.067891,0.071106,0.070058,0.068303,0.068107,0.069445,0.071202,0.068312,0.081655,0.071072,0.069046,0.068331,0.072336,0.068509,0.070503,0.072301,0.071235,0.069899,0.068469,0.070579,0.070159,0.070223,0.07469,0.079858,0.071083,0.071806,0.073181,0.070778,0.073674
0.072763,0.073236,0.072188,0.072006,0.074699,0.072335,0.071392,0.074286,0.074542,0.070781,0.073884,0.073789,0.070934,0.072189,0.072323,0.06978,0.074788,0.072937,0.070916,0.069733,0.070003,0.07133,0.070766,0.072828,0.06951,0.080543,0.070223,0.070941,0.070331,0.068594,0.06997,0.071931,0.072725,0.06869,0.068901,0.070743,0.069189,0.068025,0.071004,0.071079
0.068544,0.070324,0.068672,0.069583,0.068005,0.067835,0.069715,0.069914,0.070789,0.069373,0.070349,0.069567,0.069417,0.070824,0.071677,0.071309,0.070103,0.068799,0.069642,0.069281,0.069879,0.069925,0.06996,0.068593,0.070134,0.070732,0.068625,0.070672,0.073614,0.072738,0.071455,0.075939,0.069315,0.073793,0.070653,0.070541,0.069499,0.069753,0.070988,0.068546
0.070493,0.068584,0.068476,0.072128,0.067306,0.069304,0.068743,0.072225,0.068949,0.069134,0.069312,0.072768,0.068443,0.070862,0.069245,0.070806,0.068868,0.069688,0.06944,0.072678,0.068173,0.07048,0.069418,0.069538,0.072236,0.069389,0.06964,0.068675,0.068132,0.070627,0.070706,0.071559,0.06932,0.069604,0.06928,0.072589,0.069422,0.068146,0.081479,0.070108
0.069594,0.07063,0.068072,0.069633,0.069569,0.069712,0.070807,0.068248,0.07115,0.068339,0.069016,0.070186,0.070324,0.068302,0.070532,0.069608,0.071675,0.070044,0.070104,0.069543,0.067979,0.068699,0.067807,0.070198,0.068962,0.07063,0.068208,0.072513,0.069433,0.068811,0.073121,0.071908,0.069579,0.074868,0.072251,0.071245,0.069661,0.069524,0.06995,0.067969
0.068577,0.068649,0.071388,0.073355,0.081012,0.068759,0.070061,0.070222,0.071409,0.068,0.0712,0.068842,0.06993,0.070539,0.068339,0.070316,0.068853,0.068807,0.070929,0.073019,0.070245,0.070935,0.06923,0.070439,0.069184,0.070697,0.071536,0.069112,0.068258,0.070069,0.070885,0.069394,0.070507,0.069293,0.068994,0.068785,0.068966,0.072107,0.06846,0.071184
0.069863,0.068997,0.068138,0.069706,0.071225,0.070057,0.069954,0.068861,0.070317,0.069787,0.080628,0.076033,0.070036,0.071931,0.073918,0.073166,0.070787,0.074937,0.073705,0.070596,0.072413,0.076908,0.073802,0.071592,0.073568,0.073896,0.072921,0.071622,0.072771,0.069322,0.068375,0.070961,0.071815,0.07078,0.071127,0.071035,0.069346,0.069646,0.06982,0.071596
0.069164,0.069037,0.06994,0.071207,0.070071,0.070092,0.072614,0.07184,0.069101,0.072588,0.06938,0.069622,0.068635,0.071083,0.071591,0.079684,0.068179,0.07016,0.068487,0.068971,0.07101,0.070477,0.068898,0.068884,0.070241,0.068165,0.070519,0.069179,0.070338,0.070004,0.069423,0.069363,0.078953,0.070531,0.074104,0.071076,0.071762,0.069287,0.071956,0.075269
0.069003,0.069747,0.069974,0.06995,0.069134,0.068405,0.069434,0.071145,0.069942,0.069517,0.070795,0.069098,0.072536,0.070909,0.069439,0.070804,0.074904,0.068209,0.070093,0.069409,0.068502,0.079723,0.069132,0.06956,0.069497,0.070478,0.069721,0.069785,0.067714,0.07111,0.069107,0.068208,0.070726,0.068788,0.070877,0.0708,0.070242,0.071692,0.069292,0.067426
0.070281,0.073102,0.070961,0.068149,0.071553,0.075581,0.071722,0.069539,0.072275,0.069395,0.069673,0.076999,0.070569,0.070547,0.070017,0.070274,0.069794,0.067988,0.07364,0.067879,0.072498,0.071779,0.073639,0.083754,0.07316,0.073034,0.073383,0.077872,0.071784,0.071461,0.074933,0.074196,0.074836,0.073722,0.072054,0.073448,0.074182,0.072509,0.074104,0.072287
0.075854,0.073289,0.074104,0.072977,0.07482,0.071677,0.071636,0.06971,0.068992,0.072182,0.06992,0.069545,0.070246,0.071914,0.069533,0.070352,0.070404,0.071875,0.06957,0.070369,0.074392,0.069928,0.067738,0.07093,0.071286,0.069643,0.070632,0.071165,0.070521,0.069677,0.070317,0.070457,0.070768,0.07472,0.069862,0.069551,0.068675,0.068325,0.073209,0.069967
