0.052594,0.03975,0.036752,0.039503,0.036933,0.034628,0.033933,0.033755,0.032791,0.033914,0.034404,0.039554,0.037863,0.032374,0.041051,0.033494,0.038299,0.035438,0.046327,0.037686,0.032884,0.033124,0.03338,0.040185,0.032566,0.033757,0.041737,0.041297,0.033697,0.039247,0.040128,0.040646,0.035077,0.048424,0.048445,0.052712,0.034863,0.04655,0.034888,0.045651
0.025426,0.031336,0.03494,0.030567,0.036566,0.042059,0.023903,0.033943,0.033123,0.034304,0.033269,0.031337,0.035271,0.033271,0.033005,0.036009,0.047038,0.033479,0.033505,0.03421,0.039643,0.023782,0.025112,0.024587,0.025441,0.029858,0.028256,0.025,0.025193,0.02466,0.027001,0.035837,0.033979,0.058424,0.030255,0.023435,0.0372,0.026142,0.040572,0.048375
0.032069,0.048718,0.042238,0.042477,0.048439,0.033985,0.052317,0.031287,0.036986,0.042247,0.035247,0.034256,0.033911,0.034612,0.048986,0.03398,0.03518,0.042802,0.035201,0.035467,0.030576,0.045332,0.022171,0.033564,0.034307,0.035629,0.047527,0.036567,0.051733,0.038557,0.024815,0.032323,0.034786,0.033492,0.034791,0.04155,0.042393,0.041587,0.04281,0.028036
0.033558,0.038217,0.031431,0.028746,0.037185,0.031431,0.038458,0.034987,0.025036,0.034133,0.040501,0.044223,0.033067,0.035764,0.049166,0.048484,0.051161,0.033062,0.035428,0.037371,0.022784,0.043923,0.040051,0.036762,0.035849,0.029313,0.030603,0.036438,0.03607,0.04685,0.03621,0.048052,0.050879,0.034647,0.033378,0.035632,0.026437,0.03815,0.033914,0.049477
0.032006,0.047825,0.035216,0.035083,0.041449,0.035256,0.041533,0.04128,0.035143,0.03367,0.038012,0.04722,0.027534,0.036922,0.033627,0.034114,0.026407,0.021663,0.046022,0.026667,0.028604,0.03258,0.035002,0.034239,0.049216,0.028607,0.035059,0.040563,0.045976,0.029721,0.037338,0.034915,0.048137,0.048765,0.036779,0.047998,0.048552,0.041089,0.035732,0.040339
0.033804,0.033068,0.030065,0.036874,0.033387,0.033579,0.030064,0.034515,0.036092,0.047396,0.035833,0.032148,0.035121,0.031196,0.042047,0.04049,0.037759,0.034583,0.045821,0.036582,0.028383,0.036224,0.031399,0.03778,0.043406,0.038377,0.048144,0.029322,0.034491,0.039915,0.042146,0.036995,0.033988,0.048079,0.039037,0.024633,0.035225,0.03529,0.039904,0.042195
0.038638,0.033352,0.033618,0.033292,0.043817,0.04,0.042358,0.033802,0.036856,0.03436,0.047898,0.031436,0.029043,0.021113,0.030801,0.042625,0.02625,0.039434,0.032045,0.047961,0.033566,0.038876,0.030236,0.030845,0.034732,0.050077,0.034694,0.045776,0.04513,0.029929,0.037178,0.042565,0.04069,0.0363,0.034221,0.038484,0.033457,0.039162,0.037273,0.035291
0.032972,0.035063,0.034698,0.047806,0.029785,0.034905,0.034555,0.035042,0.047424,0.035481,0.035263,0.033045,0.049656,0.049073,0.048691,0.035669,0.048073,0.03472,0.049258,0.035028,0.049749,0.028866,0.033405,0.033907,0.035318,0.034886,0.048425,0.035783,0.048376,0.044788,0.039317,0.048033,0.035415,0.026122,0.036199,0.041621,0.023382,0.04001,0.039717,0.033892
0.03405,0.039484,0.020695,0.02851,0.033325,0.036142,0.047003,0.035839,0.047877,0.035258,0.031381,0.029962,0.025216,0.023041,0.031884,0.038793,0.025515,0.021636,0.02639,0.02372,0.020538,0.021154,0.026836,0.019679,0.03312,0.035009,0.047391,0.03601,0.048079,0.036268,0.029488,0.033763,0.033538,0.036139,0.033641,0.026011,0.037397,0.034029,0.033651,0.029925
0.034935,0.03448,0.035761,0.031776,0.030516,0.034551,0.036323,0.04695,0.0359,0.047451,0.020849,0.029673,0.030783,0.018719,0.032218,0.035896,0.047344,0.036404,0.036179,0.026197,0.036689,0.032685,0.034346,0.032013,0.028425,0.038405,0.035009,0.046945,0.028817,0.036392,0.034663,0.035054,0.03374,0.034111,0.029369,0.034175,0.036043,0.033369,0.033804,0.032239
0.03823,0.026387,0.034971,0.033735,0.029296,0.037736,0.034307,0.048702,0.03433,0.026571,0.043606,0.042181,0.035262,0.035118,0.03485,0.047755,0.035684,0.048219,0.033253,0.032666,0.038505,0.041466,0.037621,0.04161,0.041426,0.032976,0.033974,0.0319,0.031718,0.035252,0.034549,0.032795,0.034137,0.031612,0.034084,0.034008,0.032939,0.029832,0.037352,0.034732
0.047299,0.035927,0.031903,0.033277,0.032106,0.034712,0.032726,0.030828,0.040825,0.041191,0.0203,0.031449,0.039129,0.048215,0.043003,0.035168,0.040739,0.042862,0.035221,0.035212,0.047424,0.032219,0.037749,0.042822,0.035579,0.041134,0.046895,0.043387,0.034515,0.034629,0.042507,0.024922,0.036573,0.042017,0.041667,0.042105,0.037034,0.033819,0.034618,0.035367
0.048101,0.035589,0.028676,0.034281,0.03435,0.035469,0.047706,0.029405,0.041144,0.04053,0.03697,0.035887,0.034102,0.029827,0.039986,0.040482,0.042665,0.040846,0.03594,0.03412,0.040121,0.042931,0.035335,0.032978,0.020586,0.037468,0.022035,0.032349,0.042761,0.023835,0.039378,0.048384,0.035912,0.048111,0.033677,0.033572,0.029498,0.019884,0.020246,0.029994
0.032883,0.019872,0.03041,0.032878,0.031477,0.034992,0.034898,0.047871,0.036035,0.046962,0.030916,0.040486,0.040377,0.043185,0.04135,0.048871,0.019513,0.036528,0.035108,0.047836,0.019475,0.036901,0.022077,0.040702,0.031679,0.031287,0.019799,0.042757,0.042757,0.027993,0.035983,0.032564,0.028125,0.042619,0.042597,0.04008,0.04824,0.042777,0.035166,0.035376
0.034631,0.034952,0.047949,0.035656,0.04803,0.028379,0.041409,0.029414,0.033696,0.036129,0.031036,0.030713,0.034152,0.035509,0.032729,0.034286,0.031432,0.035727,0.046512,0.042587,0.028428,0.047592,0.035564,0.043947,0.039221,0.054664,0.042526,0.035802,0.048074,0.03591,0.048774,0.048192,0.028135,0.036,0.029964,0.040137,0.034422,0.04814,0.035467,0.047862
0.032392,0.036473,0.032043,0.032838,0.03403,0.03328,0.033396,0.035437,0.030738,0.019584,0.028894,0.034589,0.033856,0.030066,0.034741,0.033586,0.035517,0.033534,0.032245,0.032201,0.034059,0.03547,0.04891,0.048474,0.035619,0.048214,0.036233,0.046883,0.034942,0.049836,0.036704,0.027557,0.032684,0.018511,0.033552,0.031425,0.03517,0.037889,0.044097,0.037018
0.025713,0.038318,0.03507,0.036071,0.027216,0.0335,0.033301,0.035218,0.035702,0.034082,0.028117,0.034783,0.034661,0.032889,0.030151,0.035821,0.040916,0.019851,0.035106,0.042233,0.029038,0.03466,0.049523,0.03449,0.048296,0.035202,0.048351,0.034575,0.036315,0.022322,0.038659,0.019386,0.03553,0.035747,0.021945,0.033934,0.036207,0.035102,0.034848,0.028462
0.033279,0.035954,0.035469,0.034909,0.029485,0.032461,0.041251,0.042412,0.034328,0.035517,0.02773,0.018937,0.041223,0.031818,0.033022,0.028537,0.019564,0.032256,0.032269,0.034801,0.030591,0.031414,0.034819,0.034436,0.034245,0.029425,0.033494,0.019499,0.026144,0.019344,0.019578,0.020395,0.020697,0.029584,0.030167,0.020175,0.032443,0.029707,0.020338,0.031627
0.028376,0.024674,0.027677,0.0392,0.025483,0.018758,0.019019,0.033533,0.029284,0.022117,0.026361,0.019887,0.019536,0.030711,0.020034,0.027145,0.025089,0.026318,0.018364,0.020341,0.037048,0.025361,0.020178,0.020881,0.02465,0.019873,0.020398,0.022802,0.020194,0.018672,0.020163,0.020408,0.025546,0.01982,0.020094,0.025988,0.019242,0.020275,0.02713,0.019811
0.033499,0.032186,0.038551,0.02101,0.042593,0.029426,0.03265,0.041678,0.029815,0.03379,0.032913,0.029249,0.036048,0.048512,0.035221,0.028063,0.029872,0.027053,0.0292,0.032637,0.035049,0.034706,0.031999,0.031172,0.040125,0.02442,0.033801,0.040174,0.042028,0.041022,0.030175,0.032498,0.035649,0.028738,0.040853,0.025854,0.03676,0.033432,0.029908,0.042422
0.040837,0.035138,0.034988,0.033992,0.033332,0.029061,0.036784,0.033175,0.032796,0.031509,0.034279,0.03521,0.035424,0.026415,0.036732,0.033599,0.034184,0.049773,0.036092,0.033173,0.031253,0.038159,0.029403,0.031201,0.036142,0.031058,0.033453,0.027963,0.035285,0.03433,0.035172,0.035688,0.030738,0.030861,0.034767,0.040393,0.034173,0.025331,0.031764,0.019447
0.019237,0.031668,0.036835,0.028206,0.033378,0.019754,0.035118,0.030528,0.033417,0.019845,0.029034,0.034589,0.027339,0.019671,0.036194,0.020179,0.026338,0.019659,0.019964,0.026168,0.023831,0.02803,0.019286,0.03315,0.027413,0.020275,0.01966,0.030253,0.019995,0.03123,0.0329,0.033786,0.033535,0.030354,0.034153,0.035426,0.035003,0.034343,0.029804,0.03343
0.034123,0.03313,0.030912,0.034468,0.035395,0.026118,0.035221,0.034455,0.035768,0.034717,0.035235,0.029849,0.033157,0.034769,0.034922,0.033106,0.032102,0.032012,0.035141,0.033904,0.029378,0.034907,0.034534,0.034071,0.033479,0.030419,0.034622,0.03435,0.049113,0.035459,0.031286,0.031241,0.035235,0.034867,0.047807,0.035208,0.035737,0.028153,0.034272,0.034591
0.033988,0.032635,0.031081,0.034507,0.041058,0.022456,0.035506,0.033833,0.0348,0.041194,0.032148,0.021615,0.043434,0.027726,0.036359,0.030696,0.032703,0.032484,0.037424,0.031655,0.031438,0.028929,0.039863,0.048098,0.035264,0.035568,0.026178,0.035402,0.035452,0.034286,0.048883,0.032809,0.031268,0.034976,0.033837,0.034483,0.030671,0.038874,0.029503,0.033572
0.033778,0.029306,0.034918,0.034921,0.033886,0.032595,0.032049,0.039881,0.042291,0.035479,0.034452,0.026021,0.044114,0.034589,0.028631,0.031249,0.030161,0.035719,0.035294,0.035102,0.047978,0.033883,0.036272,0.029013,0.034187,0.035181,0.04849,0.03451,0.026465,0.035707,0.036267,0.023877,0.021212,0.03876,0.034273,0.028679,0.0398,0.031977,0.032164,0.033908
0.031734,0.037565,0.029962,0.03322,0.031903,0.033036,0.035006,0.03445,0.025851,0.0326,0.049787,0.018463,0.039674,0.033199,0.032799,0.036655,0.030948,0.035002,0.047669,0.033927,0.031409,0.031971,0.03563,0.034267,0.034996,0.031494,0.03641,0.029205,0.034242,0.034681,0.042216,0.042777,0.03072,0.033084,0.0332,0.049498,0.035469,0.028533,0.033409,0.035274
0.034792,0.048995,0.034722,0.049033,0.03376,0.036774,0.027106,0.040181,0.025027,0.040177,0.04806,0.034597,0.027488,0.030422,0.019691,0.03396,0.035432,0.034217,0.028245,0.035496,0.035009,0.034267,0.032603,0.034676,0.029789,0.036418,0.033504,0.033278,0.035885,0.029472,0.033686,0.035524,0.048365,0.034438,0.035985,0.022972,0.039111,0.03498,0.048995,0.032102
0.038568,0.039665,0.036823,0.03534,0.033723,0.028492,0.034592,0.041293,0.042263,0.035223,0.034458,0.034727,0.035573,0.026996,0.036091,0.019935,0.03153,0.033513,0.033802,0.032878,0.033467,0.032024,0.033007,0.049264,0.034828,0.033687,0.029402,0.029969,0.038378,0.036387,0.032954,0.032754,0.037847,0.02902,0.032718,0.034672,0.03304,0.023286,0.028211,0.029771
0.033695,0.034263,0.033612,0.033622,0.031194,0.035295,0.026947,0.036106,0.040679,0.023329,0.04074,0.026144,0.041266,0.033446,0.029506,0.028377,0.019674,0.02172,0.027533,0.025666,0.026205,0.020114,0.026518,0.031396,0.040509,0.034308,0.034307,0.029618,0.033024,0.036287,0.032757,0.034167,0.031412,0.019377,0.032531,0.030836,0.034637,0.053443,0.031591,0.033155
0.029309,0.033128,0.041079,0.023569,0.033206,0.023596,0.032993,0.03028,0.032976,0.034006,0.027682,0.042187,0.025629,0.03058,0.026414,0.02849,0.035246,0.035126,0.027107,0.034638,0.035554,0.035682,0.034237,0.032706,0.032365,0.020772,0.028427,0.019637,0.031971,0.01824,0.029814,0.018664,0.031848,0.034609,0.033295,0.030305,0.035636,0.033638,0.034469,0.035229
0.03101,0.032913,0.03449,0.028701,0.033182,0.042094,0.041969,0.036881,0.03169,0.035079,0.029282,0.033508,0.036312,0.0349,0.029093,0.039307,0.030983,0.033526,0.029351,0.033416,0.035262,0.034411,0.034847,0.031881,0.029458,0.036645,0.034609,0.047622,0.035544,0.048475,0.032424,0.03061,0.042055,0.028754,0.03407,0.029428,0.039451,0.026742,0.036811,0.034698
0.03111,0.031417,0.035802,0.034479,0.034033,0.030263,0.033391,0.034655,0.028141,0.041197,0.029333,0.03365,0.036199,0.048024,0.034545,0.029089,0.040455,0.044805,0.038002,0.046958,0.029961,0.036682,0.035172,0.047849,0.03575,0.028182,0.0295,0.033825,0.040327,0.048054,0.028703,0.035779,0.034433,0.034761,0.034359,0.034808,0.033191,0.031901,0.03919,0.021003
0.035356,0.030546,0.039567,0.034459,0.034357,0.032825,0.029062,0.042689,0.021543,0.033619,0.034672,0.034738,0.036612,0.035575,0.048119,0.035563,0.032153,0.031867,0.033336,0.034507,0.04771,0.036249,0.032663,0.031478,0.033677,0.034488,0.033313,0.027716,0.020135,0.020127,0.028968,0.036537,0.031803,0.03104,0.01948,0.020413,0.036681,0.029672,0.028064,0.020287
0.027647,0.019311,0.01906,0.01921,0.030336,0.02787,0.018899,0.0328,0.034235,0.038584,0.044451,0.035806,0.031618,0.036804,0.039792,0.037983,0.041182,0.042477,0.034776,0.035356,0.029768,0.032003,0.036543,0.034679,0.03368,0.035147,0.029717,0.033617,0.035048,0.034597,0.029571,0.038902,0.026772,0.036703,0.030632,0.033781,0.031444,0.038103,0.02876,0.031797
0.036629,0.035146,0.034068,0.035242,0.028368,0.033708,0.034655,0.035326,0.032881,0.028424,0.036417,0.034982,0.048382,0.029348,0.034307,0.034363,0.036088,0.033688,0.033671,0.033027,0.036574,0.043156,0.041832,0.029621,0.033427,0.035627,0.025646,0.0366,0.034888,0.035353,0.029318,0.038982,0.021558,0.035103,0.05075,0.039958,0.029285,0.034065,0.027252,0.028486
0.026756,0.035982,0.033444,0.029586,0.029303,0.027111,0.02514,0.035924,0.034903,0.035433,0.027436,0.034374,0.035939,0.035527,0.047246,0.034322,0.033927,0.034803,0.033921,0.027676,0.037495,0.033138,0.029142,0.036305,0.034746,0.034417,0.041211,0.035582,0.035743,0.034625,0.034944,0.032095,0.03534,0.029517,0.0356,0.035038,0.026497,0.036376,0.040179,0.042281
0.03609,0.03534,0.03333,0.026335,0.036017,0.036645,0.033322,0.027104,0.03669,0.019279,0.030948,0.034731,0.033507,0.033846,0.035061,0.048733,0.030571,0.034809,0.033778,0.033217,0.028884,0.03466,0.034371,0.041281,0.027915,0.035495,0.030428,0.032906,0.035582,0.037356,0.021014,0.039131,0.034283,0.033279,0.030497,0.04066,0.041903,0.036043,0.03453,0.034375
0.032253,0.029904,0.041668,0.04223,0.03477,0.035487,0.049351,0.028164,0.034257,0.04182,0.027918,0.033985,0.028367,0.035986,0.040365,0.023543,0.038818,0.036159,0.041353,0.041616,0.049159,0.041708,0.042257,0.025427,0.038046,0.04027,0.043001,0.034428,0.035025,0.041091,0.043598,0.027962,0.019622,0.029218,0.034207,0.035019,0.03482,0.033216,0.029764,0.019474
0.0209,0.030051,0.034738,0.028227,0.034139,0.033894,0.041262,0.021497,0.041412,0.025553,0.038615,0.030124,0.03897,0.035034,0.023522,0.039242,0.033821,0.029617,0.021275,0.029432,0.021816,0.020417,0.022026,0.02921,0.023545,0.019775,0.026941,0.020441,0.020476,0.025485,0.038615,0.049325,0.033954,0.032873,0.03726,0.042366,0.035946,0.034736,0.034156,0.048913
0.034957,0.026042,0.03682,0.041118,0.042136,0.035774,0.03407,0.035966,0.023897,0.037597,0.04086,0.020616,0.035462,0.036334,0.035092,0.033286,0.050164,0.028011,0.035107,0.034633,0.040746,0.030343,0.046879,0.035485,0.048818,0.034398,0.048096,0.034531,0.032318,0.032762,0.034382,0.034034,0.034872,0.031013,0.032394,0.035955,0.047005,0.034872,0.036625,0.029588
