0.05713,0.046472,0.048031,0.043361,0.043968,0.058347,0.043097,0.044653,0.063368,0.047657,0.054645,0.051575,0.04551,0.043558,0.052555,0.043988,0.055879,0.045181,0.047544,0.051526,0.049758,0.056424,0.052702,0.049667,0.043473,0.045161,0.052963,0.056579,0.052646,0.055219,0.049418,0.050306,0.045404,0.04412,0.044685,0.054613,0.044469,0.053353,0.047177,0.057446
0.02824,0.03707,0.05141,0.035458,0.032524,0.043025,0.031284,0.039312,0.048199,0.050345,0.034924,0.045327,0.038899,0.048339,0.029757,0.036851,0.056061,0.054873,0.039575,0.029403,0.035412,0.054972,0.046383,0.054613,0.042539,0.034546,0.031647,0.035283,0.051238,0.049034,0.049651,0.048391,0.034444,0.052381,0.054075,0.029371,0.045148,0.040645,0.051686,0.037178
0.027514,0.025127,0.039749,0.028803,0.045122,0.043225,0.03001,0.048001,0.032624,0.049248,0.035092,0.049,0.055981,0.02915,0.047359,0.056201,0.029392,0.043552,0.03959,0.048059,0.041987,0.025419,0.037696,0.028481,0.034801,0.048542,0.034541,0.055268,0.030508,0.029152,0.041612,0.029885,0.046977,0.03277,0.046608,0.040805,0.027458,0.036837,0.036638,0.026744
0.035895,0.04597,0.04218,0.026666,0.03648,0.032976,0.042776,0.042213,0.030368,0.055152,0.040924,0.037066,0.033064,0.050152,0.034716,0.038474,0.032052,0.024715,0.035483,0.045047,0.039237,0.051365,0.031485,0.051397,0.033235,0.051781,0.049346,0.04528,0.034738,0.04862,0.033525,0.037474,0.047857,0.054196,0.044507,0.034653,0.047362,0.043587,0.029128,0.026744
0.035057,0.04665,0.027722,0.025562,0.036672,0.030709,0.047376,0.033635,0.033992,0.03622,0.05385,0.026129,0.036704,0.033886,0.031461,0.033724,0.02503,0.023303,0.035658,0.04162,0.023741,0.046392,0.036102,0.036922,0.046863,0.032734,0.035746,0.048939,0.04886,0.037518,0.046038,0.035638,0.048306,0.037691,0.027522,0.036665,0.051083,0.049433,0.036349,0.024317
0.036903,0.037108,0.051775,0.025704,0.030652,0.041712,0.025917,0.038761,0.03185,0.053535,0.033859,0.031698,0.032515,0.031673,0.04884,0.052697,0.04473,0.043529,0.029995,0.044698,0.033851,0.0369,0.032267,0.033181,0.038158,0.025403,0.041495,0.032216,0.032333,0.04947,0.026961,0.043989,0.023757,0.037787,0.030382,0.033641,0.034753,0.051487,0.04639,0.037816
0.032362,0.030091,0.052423,0.031465,0.052625,0.030969,0.045913,0.032263,0.036277,0.023218,0.025438,0.036302,0.047437,0.036009,0.054349,0.025094,0.039915,0.046867,0.049516,0.04957,0.035198,0.048864,0.048839,0.023517,0.02481,0.038053,0.035274,0.046337,0.057476,0.029474,0.044829,0.037242,0.051998,0.027811,0.037261,0.034346,0.051012,0.027789,0.029853,0.03724
0.048465,0.054857,0.036164,0.024823,0.037495,0.033542,0.052377,0.04686,0.048926,0.055644,0.023893,0.039932,0.034939,0.025911,0.035674,0.048792,0.036362,0.047553,0.036088,0.047581,0.044869,0.040123,0.047289,0.031694,0.038892,0.032699,0.051289,0.03397,0.031143,0.04519,0.042648,0.024071,0.039955,0.029289,0.034529,0.03552,0.029789,0.037037,0.049001,0.032608
0.050704,0.03265,0.033458,0.042363,0.045158,0.028911,0.047433,0.035224,0.049197,0.054424,0.025977,0.038708,0.033155,0.033901,0.030938,0.053529,0.034772,0.02518,0.039411,0.030406,0.036526,0.029047,0.036488,0.04737,0.055817,0.025819,0.037873,0.039467,0.022906,0.036105,0.038305,0.043564,0.037347,0.035812,0.027189,0.035603,0.046578,0.035923,0.03721,0.026071
0.032475,0.036657,0.033896,0.049106,0.048911,0.049176,0.03533,0.046949,0.035569,0.035341,0.049003,0.047925,0.041524,0.023936,0.039047,0.031913,0.051471,0.04985,0.047713,0.049451,0.048396,0.035325,0.04915,0.053119,0.044804,0.040904,0.039226,0.034979,0.037857,0.048536,0.04189,0.029406,0.03229,0.044558,0.039924,0.030951,0.052731,0.029817,0.038324,0.02599
0.037842,0.034046,0.035,0.025498,0.039403,0.029176,0.032513,0.039296,0.044378,0.036617,0.054113,0.024261,0.040129,0.029826,0.046549,0.035777,0.028724,0.047255,0.023117,0.03758,0.031537,0.046334,0.03633,0.044059,0.039553,0.048018,0.040271,0.042926,0.035291,0.054589,0.02976,0.049266,0.035898,0.029737,0.035977,0.033653,0.044713,0.023297,0.030536,0.033873
0.031536,0.023291,0.024418,0.034899,0.050754,0.031938,0.037103,0.047352,0.049414,0.036689,0.032574,0.050176,0.03222,0.0509,0.03436,0.034743,0.028468,0.03587,0.048776,0.048534,0.048019,0.03606,0.04766,0.03611,0.047823,0.042514,0.028514,0.030455,0.035411,0.047059,0.038004,0.026295,0.03932,0.035208,0.025441,0.03748,0.047935,0.035846,0.046665,0.036714
0.039796,0.023143,0.03833,0.033004,0.045359,0.021603,0.032768,0.030323,0.03493,0.039484,0.023242,0.040705,0.030344,0.052645,0.030251,0.047237,0.041763,0.035721,0.02901,0.032809,0.02834,0.041792,0.022944,0.037759,0.034113,0.050884,0.030911,0.046543,0.035627,0.03464,0.048583,0.048268,0.036619,0.053461,0.028004,0.036454,0.036728,0.033406,0.028558,0.047245
0.040926,0.030029,0.034637,0.030375,0.045702,0.040814,0.038961,0.033162,0.022839,0.03646,0.051789,0.029267,0.032959,0.049641,0.034828,0.047992,0.023125,0.034711,0.02472,0.042102,0.02413,0.039278,0.029951,0.035511,0.045324,0.036529,0.048016,0.034958,0.052604,0.029216,0.038118,0.03002,0.052087,0.03976,0.031257,0.022545,0.03949,0.033766,0.031468,0.046285
0.034796,0.035689,0.047406,0.034266,0.036162,0.033547,0.035443,0.034646,0.030478,0.033828,0.032202,0.030847,0.042413,0.024054,0.036338,0.034237,0.049299,0.034324,0.026201,0.039078,0.032876,0.034723,0.035016,0.026581,0.038562,0.031836,0.03243,0.037891,0.040251,0.047466,0.022459,0.037907,0.048576,0.035072,0.027642,0.035822,0.048465,0.040607,0.023305,0.022544
0.038788,0.022432,0.038212,0.050386,0.048273,0.049185,0.049106,0.03073,0.03946,0.029452,0.03751,0.031838,0.047235,0.041486,0.023409,0.038367,0.033404,0.044539,0.036077,0.054118,0.027878,0.037052,0.047984,0.048413,0.03513,0.049036,0.033576,0.036462,0.047599,0.048549,0.036032,0.03635,0.029793,0.038185,0.02377,0.039563,0.033824,0.030486,0.030608,0.03084
0.030363,0.02425,0.041536,0.035457,0.039208,0.036232,0.036499,0.027919,0.035149,0.034094,0.033642,0.032468,0.045946,0.021743,0.035608,0.025319,0.037084,0.051805,0.043972,0.036655,0.035134,0.047617,0.042595,0.031652,0.031147,0.027254,0.030038,0.040589,0.031671,0.033047,0.033821,0.03715,0.031327,0.031061,0.035121,0.029267,0.026457,0.025636,0.034566,0.034662
0.032243,0.036259,0.028963,0.035838,0.030958,0.036915,0.030288,0.03217,0.022738,0.024219,0.027411,0.023372,0.023821,0.029795,0.022882,0.038532,0.025955,0.026568,0.029237,0.028987,0.021942,0.022634,0.03191,0.038639,0.031816,0.033804,0.027791,0.02356,0.031785,0.027567,0.034015,0.041137,0.023994,0.039732,0.04248,0.02281,0.030638,0.035729,0.039905,0.022687
0.034253,0.036952,0.031953,0.033585,0.033055,0.048492,0.02318,0.024212,0.035881,0.034564,0.049688,0.035426,0.039735,0.022439,0.03411,0.035638,0.032453,0.036484,0.032596,0.026009,0.040837,0.034224,0.029535,0.036932,0.026768,0.041387,0.025535,0.035304,0.037799,0.025756,0.039399,0.033159,0.031754,0.033077,0.034271,0.033578,0.036995,0.027306,0.037085,0.032867
0.030065,0.033562,0.047263,0.041931,0.034979,0.029063,0.03201,0.02814,0.037492,0.03429,0.035511,0.029082,0.03667,0.033956,0.031233,0.033329,0.031967,0.034533,0.034431,0.032371,0.050416,0.036444,0.028732,0.039374,0.042122,0.041624,0.024413,0.039608,0.029122,0.035713,0.033494,0.035204,0.028439,0.034434,0.038316,0.024853,0.043151,0.031069,0.028304,0.034749
0.034562,0.031983,0.032643,0.041326,0.021244,0.038812,0.033371,0.030415,0.035882,0.048627,0.036327,0.030395,0.031578,0.034815,0.034923,0.033437,0.036142,0.027803,0.035491,0.037591,0.032467,0.028376,0.034155,0.035759,0.03549,0.033845,0.027323,0.034307,0.035244,0.033979,0.037025,0.025041,0.037626,0.033812,0.032035,0.033589,0.031615,0.03957,0.024485,0.033054
0.035088,0.034179,0.037038,0.032095,0.033436,0.032257,0.035336,0.029184,0.038923,0.031236,0.031049,0.034599,0.032336,0.032373,0.038036,0.031068,0.032647,0.049991,0.042352,0.02156,0.039759,0.043318,0.040201,0.030476,0.031307,0.036542,0.030302,0.037994,0.025998,0.038216,0.030299,0.030409,0.022972,0.033841,0.029422,0.03211,0.028991,0.022177,0.023278,0.027512
0.030123,0.028664,0.02256,0.024275,0.024265,0.027137,0.022917,0.023399,0.029587,0.034209,0.029384,0.036543,0.035191,0.049055,0.035008,0.033739,0.029495,0.033287,0.036282,0.033255,0.029159,0.03369,0.036021,0.035503,0.031028,0.033361,0.032686,0.03416,0.035751,0.027392,0.038441,0.032565,0.031016,0.036764,0.030757,0.032289,0.035934,0.034816,0.029373,0.028707
0.021942,0.031823,0.022123,0.033094,0.023629,0.039124,0.033954,0.0394,0.022574,0.037248,0.035883,0.031216,0.035129,0.035967,0.032938,0.025612,0.039088,0.02935,0.035099,0.030409,0.034737,0.031482,0.024532,0.029922,0.036987,0.034043,0.023653,0.039945,0.028981,0.038211,0.03159,0.033823,0.031883,0.032615,0.034912,0.030816,0.055648,0.03041,0.032975,0.036332
0.026832,0.035985,0.035688,0.030502,0.03793,0.041788,0.035808,0.034223,0.047998,0.035961,0.053565,0.035097,0.030178,0.032731,0.030471,0.039673,0.025209,0.038385,0.031885,0.044991,0.020755,0.037267,0.027703,0.03705,0.030923,0.035655,0.035976,0.02944,0.036988,0.023721,0.041347,0.031579,0.03522,0.028766,0.036122,0.035824,0.034889,0.033087,0.025268,0.038954
0.048529,0.035268,0.03393,0.030012,0.033698,0.032971,0.035231,0.035104,0.030046,0.03162,0.03699,0.029574,0.039086,0.02763,0.0363,0.032452,0.033108,0.033275,0.033982,0.035886,0.033513,0.024345,0.039399,0.035139,0.03041,0.037883,0.026495,0.039894,0.025006,0.035036,0.034178,0.035558,0.035812,0.034025,0.028263,0.05412,0.032686,0.027271,0.04556,0.022132
0.039381,0.030342,0.035209,0.030326,0.051207,0.034963,0.031332,0.034058,0.038762,0.0299,0.0334,0.036154,0.024056,0.044224,0.022978,0.039091,0.029283,0.040204,0.04285,0.035593,0.0408,0.021825,0.034321,0.035843,0.035164,0.03079,0.045432,0.022093,0.034539,0.031744,0.031401,0.033267,0.035496,0.049094,0.034677,0.033135,0.03699,0.028581,0.034044,0.035148
0.03135,0.037808,0.024346,0.038462,0.029471,0.03818,0.031149,0.033951,0.03581,0.034763,0.030404,0.030817,0.022618,0.033145,0.029199,0.032728,0.035736,0.030001,0.034138,0.038776,0.030308,0.034229,0.030764,0.035109,0.033023,0.032074,0.035897,0.031982,0.035231,0.027292,0.038383,0.030174,0.032932,0.046832,0.022795,0.032686,0.031484,0.047552,0.035752,0.048165
0.041141,0.029645,0.040266,0.021734,0.035,0.046236,0.038033,0.041043,0.023367,0.031873,0.022902,0.030279,0.028757,0.026431,0.031517,0.030513,0.034812,0.038552,0.029948,0.029745,0.032317,0.034142,0.035387,0.035767,0.027776,0.038314,0.029031,0.036714,0.039603,0.022858,0.035149,0.034986,0.03532,0.028288,0.039351,0.024549,0.039819,0.032258,0.030518,0.035719
0.032893,0.047704,0.036922,0.036588,0.025514,0.036399,0.035012,0.030253,0.036781,0.042951,0.035969,0.034718,0.040455,0.022885,0.040147,0.030276,0.040011,0.025065,0.037892,0.033335,0.036476,0.023399,0.036999,0.035698,0.031748,0.033484,0.022635,0.023637,0.023153,0.033085,0.031852,0.032006,0.036108,0.030672,0.03462,0.029774,0.037574,0.034971,0.033547,0.02759
0.041897,0.023511,0.033246,0.034614,0.035878,0.04638,0.036514,0.033646,0.033239,0.031695,0.03821,0.030047,0.035191,0.032387,0.034314,0.031946,0.034775,0.035289,0.02888,0.034098,0.05331,0.02482,0.038911,0.035441,0.02926,0.035598,0.030463,0.039905,0.02559,0.034281,0.054241,0.042775,0.047886,0.022872,0.033625,0.033408,0.035908,0.03105,0.037089,0.032086
0.030484,0.031549,0.040992,0.029762,0.033515,0.04606,0.024078,0.02325,0.02337,0.02327,0.029397,0.023824,0.023439,0.025562,0.02641,0.030677,0.023235,0.027796,0.028323,0.022779,0.026779,0.023772,0.02507,0.023351,0.030974,0.023443,0.023221,0.022751,0.026621,0.035318,0.033552,0.035776,0.031807,0.034213,0.028394,0.038678,0.0346,0.031615,0.03359,0.034854
0.029645,0.035894,0.034765,0.029198,0.035568,0.033187,0.034339,0.032886,0.030859,0.039217,0.025563,0.040317,0.026234,0.038111,0.029535,0.022542,0.025599,0.038966,0.032405,0.031765,0.035299,0.040057,0.021999,0.035162,0.039549,0.023725,0.040183,0.03186,0.032513,0.03561,0.032296,0.039604,0.023618,0.036053,0.036112,0.03369,0.035103,0.025605,0.039403,0.032801
0.030322,0.038248,0.024427,0.03831,0.035394,0.030317,0.031306,0.025418,0.021603,0.043559,0.024882,0.038049,0.036862,0.024787,0.036872,0.034111,0.03542,0.034052,0.027891,0.036801,0.034396,0.043634,0.021998,0.033679,0.03346,0.031289,0.031856,0.033965,0.034733,0.054167,0.025681,0.033011,0.039432,0.029347,0.040642,0.022763,0.040581,0.02864,0.034524,0.036675
0.029562,0.035205,0.033617,0.031745,0.034382,0.035403,0.031318,0.030329,0.036224,0.034417,0.032404,0.03043,0.035748,0.035403,0.026726,0.037753,0.039591,0.029216,0.034062,0.029057,0.032156,0.037569,0.033628,0.03164,0.031418,0.034813,0.048101,0.041226,0.023264,0.039706,0.029719,0.034601,0.040513,0.022003,0.039398,0.031516,0.034289,0.033257,0.032409,0.033135
0.036257,0.029606,0.036113,0.036266,0.024532,0.037349,0.027733,0.021982,0.040084,0.0223,0.041189,0.03177,0.031169,0.034966,0.034432,0.030863,0.031275,0.036287,0.048561,0.035,0.034992,0.034165,0.027907,0.041275,0.023858,0.038493,0.032656,0.034108,0.034752,0.029518,0.036877,0.030216,0.033213,0.033858,0.033979,0.027681,0.037729,0.039772,0.02461,0.037891
0.043503,0.035974,0.040458,0.02913,0.04042,0.022767,0.032911,0.035822,0.039764,0.030588,0.028591,0.036149,0.02966,0.037558,0.035306,0.029566,0.035855,0.026561,0.022773,0.03114,0.023846,0.023366,0.023221,0.023965,0.026031,0.028444,0.022655,0.024027,0.02286,0.022607,0.025939,0.037314,0.025485,0.039866,0.029487,0.031275,0.021384,0.029543,0.022391,0.028091
0.022899,0.02759,0.038009,0.025616,0.043561,0.022654,0.0347,0.031043,0.038552,0.036807,0.029497,0.051822,0.034519,0.034921,0.027092,0.034792,0.037368,0.030169,0.03308,0.034383,0.031667,0.036563,0.036093,0.027625,0.035249,0.032443,0.032877,0.034484,0.032909,0.032798,0.034815,0.033278,0.031403,0.033776,0.033735,0.030727,0.038483,0.026486,0.038696,0.035548
0.024062,0.043739,0.023442,0.040234,0.035571,0.033598,0.023864,0.038845,0.035573,0.029083,0.035129,0.032474,0.037039,0.03115,0.031391,0.034598,0.034211,0.035649,0.028414,0.035254,0.032208,0.037002,0.030397,0.037795,0.029691,0.035208,0.031494,0.029188,0.02169,0.031652,0.032784,0.036796,0.027822,0.037208,0.049827,0.039498,0.023762,0.03565,0.04802,0.034855
0.035655,0.027257,0.034362,0.034495,0.048511,0.035926,0.047851,0.035107,0.042274,0.029268,0.024261,0.037482,0.034905,0.033402,0.028049,0.035927,0.022996,0.025402,0.035813,0.035771,0.2342,0.037042,0.027926,0.035791,0.031589,0.028671,0.021837,0.031069,0.038877,0.024609,0.038883,0.033784,0.035479,0.025356,0.036939,0.035047,0.028431,0.039472,0.031189,0.031969
