0.18959,0.17584,0.17053,0.17784,0.17455,0.18299,0.17443,0.17458,0.17638,0.17653,0.17833,0.17206,0.16983,0.17197,0.175,0.18428,0.17487,0.18361,0.1733,0.17489,0.17553,0.17534,0.1813,0.17365,0.18544,0.17565,0.18217,0.17593,0.18655,0.17685,0.17882,0.18001,0.18342,0.17656,0.1767,0.18413,0.1787,0.18001,0.17922,0.19134
0.10168,0.10125,0.10267,0.099289,0.1031,0.097659,0.099145,0.11301,0.095746,0.097246,0.10265,0.10611,0.10437,0.10031,0.098666,0.098046,0.10252,0.099668,0.10403,0.098996,0.099591,0.10076,0.09938,0.11639,0.098716,0.10814,0.10859,0.09933,0.10217,0.098068,0.098785,0.099353,0.099019,0.10092,0.10027,0.10052,0.1076,0.10818,0.10883,0.11694
0.090433,0.082842,0.0855,0.090637,0.090646,0.095788,0.086304,0.086403,0.086291,0.084666,0.090667,0.085648,0.092297,0.094694,0.090796,0.092947,0.088491,0.093355,0.091861,0.082587,0.082901,0.092798,0.087221,0.090993,0.084242,0.085492,0.094344,0.093314,0.088334,0.087442,0.091192,0.085715,0.085884,0.093316,0.095141,0.086583,0.091871,0.087734,0.08586,0.096373
0.078159,0.080363,0.082759,0.086363,0.078635,0.084261,0.082402,0.079202,0.090084,0.084854,0.079105,0.081523,0.080798,0.082891,0.090668,0.082966,0.076887,0.092104,0.090684,0.07956,0.086809,0.078773,0.081616,0.084313,0.083977,0.082738,0.08706,0.080025,0.084601,0.083906,0.093895,0.086676,0.078601,0.08384,0.084669,0.079015,0.084092,0.082683,0.087178,0.081817
0.078301,0.078786,0.07783,0.079774,0.081044,0.075689,0.07652,0.077716,0.076083,0.078813,0.078584,0.076543,0.075802,0.076443,0.076266,0.085092,0.079312,0.088472,0.078725,0.07841,0.076913,0.078564,0.082169,0.077725,0.089128,0.078757,0.076034,0.082566,0.084858,0.080667,0.078606,0.084785,0.078887,0.084025,0.094151,0.088579,0.076773,0.086028,0.078498,0.078202
0.075525,0.079261,0.077296,0.078808,0.075966,0.075962,0.075414,0.076099,0.074945,0.074711,0.074095,0.082864,0.081617,0.084356,0.077721,0.073058,0.078116,0.075318,0.080008,0.075498,0.075373,0.076263,0.077055,0.075334,0.0762,0.092801,0.080953,0.076121,0.076476,0.086151,0.081205,0.078294,0.078786,0.076478,0.081359,0.076806,0.079927,0.074559,0.075965,0.076067
0.074533,0.074925,0.074305,0.073847,0.07458,0.076211,0.072646,0.074589,0.073707,0.076919,0.084309,0.085702,0.078421,0.084538,0.074423,0.074245,0.083715,0.082822,0.07404,0.078366,0.078283,0.080972,0.077644,0.07723,0.074948,0.080597,0.077066,0.073831,0.076668,0.071295,0.073556,0.076364,0.0745,0.074413,0.075852,0.073154,0.075587,0.075933,0.083367,0.077014
0.074415,0.074599,0.076027,0.076424,0.079013,0.074293,0.083006,0.073622,0.078867,0.078268,0.074672,0.078388,0.073321,0.076715,0.073373,0.082291,0.075708,0.083805,0.072981,0.074545,0.081121,0.083193,0.074025,0.081158,0.087421,0.081136,0.076219,0.076586,0.07937,0.075406,0.077409,0.082208,0.073862,0.076696,0.087377,0.081402,0.081089,0.084759,0.08185,0.075517
0.083351,0.074648,0.073458,0.084076,0.079325,0.087147,0.078498,0.072001,0.073976,0.074322,0.075399,0.073135,0.07701,0.073864,0.074054,0.077839,0.074608,0.082662,0.086138,0.080812,0.081916,0.073976,0.077678,0.077572,0.076218,0.084215,0.08112,0.074911,0.075353,0.08418,0.074623,0.084021,0.076673,0.075597,0.091629,0.077549,0.075631,0.075796,0.075732,0.085732
0.072572,0.0739,0.080565,0.080055,0.074427,0.079381,0.074304,0.081321,0.072131,0.076565,0.07325,0.083408,0.078685,0.075153,0.076208,0.078943,0.08073,0.074816,0.0797,0.072001,0.087389,0.076568,0.084902,0.075308,0.07355,0.074958,0.075647,0.073876,0.073601,0.077515,0.079165,0.07292,0.08536,0.088089,0.071127,0.07228,0.073858,0.071803,0.073789,0.072042
0.073469,0.071798,0.073281,0.077266,0.075316,0.076582,0.086937,0.072018,0.071374,0.073119,0.084415,0.080887,0.076888,0.072648,0.078014,0.072858,0.074925,0.074196,0.073058,0.077939,0.082383,0.072344,0.090153,0.074409,0.073147,0.074125,0.072723,0.080695,0.076012,0.074142,0.073768,0.074215,0.084302,0.086223,0.075378,0.077855,0.081149,0.083298,0.081576,0.074045
0.073919,0.077683,0.090444,0.076753,0.077052,0.079908,0.074081,0.073854,0.079304,0.075652,0.077582,0.082666,0.074779,0.084486,0.073546,0.073047,0.073673,0.075626,0.075262,0.083214,0.08257,0.073796,0.074018,0.072164,0.076426,0.072889,0.077865,0.074106,0.076863,0.085022,0.077206,0.089238,0.080008,0.079565,0.078587,0.077514,0.077074,0.074542,0.081368,0.075577
0.074875,0.078203,0.073119,0.073986,0.073365,0.077883,0.07582,0.0728,0.074413,0.084263,0.076364,0.073126,0.071857,0.075196,0.08079,0.071852,0.073134,0.071581,0.083015,0.073643,0.074888,0.077482,0.077837,0.074162,0.073924,0.072701,0.075786,0.082378,0.0815,0.075478,0.084683,0.081725,0.076277,0.073624,0.075171,0.073798,0.073584,0.080451,0.075063,0.090794
0.073521,0.073958,0.072357,0.073876,0.082111,0.085752,0.073003,0.070562,0.075347,0.074889,0.074577,0.07697,0.075502,0.085771,0.077831,0.084086,0.07132,0.071426,0.07438,0.073001,0.076065,0.072196,0.073057,0.070838,0.073123,0.075729,0.074455,0.073896,0.087047,0.080337,0.073954,0.075646,0.076693,0.073276,0.073524,0.087816,0.0739,0.07316,0.075872,0.074252
0.084456,0.077124,0.073573,0.073194,0.071338,0.082716,0.073685,0.072729,0.071139,0.081404,0.075671,0.075642,0.075158,0.075039,0.072322,0.074443,0.07201,0.072844,0.080341,0.073868,0.080969,0.073267,0.073878,0.071918,0.071298,0.073546,0.074565,0.073603,0.072668,0.072307,0.082437,0.082876,0.074642,0.078537,0.083995,0.073352,0.078243,0.074112,0.07196,0.072546
0.072294,0.080513,0.072018,0.071232,0.073856,0.074088,0.072631,0.079721,0.074129,0.071677,0.089087,0.07585,0.083731,0.072264,0.072739,0.07075,0.072013,0.072792,0.080598,0.079608,0.073684,0.072672,0.07212,0.0757,0.071698,0.074084,0.07214,0.07082,0.074848,0.073846,0.074851,0.07209,0.072728,0.072862,0.074097,0.073472,0.07734,0.075049,0.080634,0.074354
0.071768,0.07357,0.079382,0.074089,0.069486,0.080579,0.076906,0.075657,0.07579,0.073624,0.073524,0.075036,0.072572,0.074021,0.079464,0.080756,0.072347,0.076328,0.078375,0.071898,0.072264,0.072771,0.081832,0.072876,0.07263,0.075979,0.079784,0.071969,0.072414,0.07562,0.08044,0.082676,0.074222,0.076292,0.074703,0.074223,0.072659,0.074557,0.082693,0.073844
0.07323,0.072066,0.070363,0.072186,0.073036,0.073529,0.075002,0.075509,0.073635,0.073611,0.086142,0.07519,0.081173,0.072384,0.074353,0.073832,0.072134,0.080914,0.071161,0.075968,0.080273,0.087633,0.073748,0.074166,0.071754,0.077226,0.07476,0.072611,0.073849,0.091845,0.080022,0.080206,0.076472,0.085927,0.086904,0.0742,0.07484,0.074582,0.073906,0.081848
0.073414,0.072368,0.078997,0.072139,0.072459,0.074305,0.074929,0.07241,0.071858,0.079304,0.081685,0.072601,0.071296,0.072305,0.07159,0.07393,0.07845,0.08401,0.073482,0.073094,0.071251,0.08206,0.072675,0.084036,0.08424,0.075718,0.074436,0.072546,0.073309,0.074092,0.073263,0.072878,0.071987,0.071773,0.072625,0.080127,0.07441,0.073597,0.083658,0.073561
0.075148,0.080957,0.077903,0.072973,0.081956,0.075603,0.084566,0.075252,0.076955,0.07169,0.072898,0.073024,0.074003,0.080791,0.072893,0.075236,0.071892,0.083245,0.072532,0.075114,0.077146,0.073597,0.072858,0.071248,0.077293,0.072976,0.072131,0.072146,0.08372,0.073685,0.087619,0.072804,0.076254,0.085553,0.07696,0.074922,0.079615,0.072683,0.073837,0.074661
0.078507,0.073415,0.075238,0.07596,0.072861,0.073302,0.078414,0.091345,0.08,0.07374,0.070997,0.072966,0.073353,0.073422,0.080788,0.073396,0.073872,0.07217,0.072931,0.074937,0.085836,0.0827,0.072524,0.074038,0.072822,0.073369,0.073966,0.081262,0.075535,0.072746,0.070637,0.072765,0.080082,0.073825,0.082228,0.076091,0.073404,0.073427,0.073404,0.073353
0.075028,0.075396,0.071685,0.070792,0.0729,0.074394,0.073995,0.075805,0.073467,0.076557,0.072947,0.07995,0.078329,0.085612,0.074011,0.072991,0.073542,0.073407,0.073043,0.072772,0.072501,0.071683,0.07273,0.074738,0.070078,0.073095,0.072661,0.07907,0.071954,0.081729,0.073097,0.081711,0.079018,0.071816,0.072369,0.074549,0.073072,0.073157,0.071067,0.082797
0.080163,0.071474,0.073996,0.073708,0.072581,0.073568,0.083922,0.073975,0.073702,0.071106,0.070643,0.072165,0.072567,0.070173,0.074282,0.072366,0.071333,0.075142,0.077146,0.071474,0.072341,0.081277,0.076419,0.086271,0.074397,0.074408,0.074572,0.073115,0.072398,0.076375,0.074219,0.080825,0.072459,0.07163,0.070959,0.07366,0.071135,0.074294,0.073088,0.078333
0.074024,0.072674,0.071973,0.072765,0.073666,0.076965,0.074966,0.07242,0.074563,0.072588,0.071666,0.082626,0.073365,0.070703,0.072196,0.073045,0.073954,0.07269,0.073701,0.071933,0.083155,0.084111,0.08249,0.08443,0.074692,0.071134,0.07954,0.07831,0.073338,0.072515,0.078206,0.073998,0.071952,0.072938,0.071854,0.078099,0.071022,0.079125,0.074523,0.074355
0.087471,0.073002,0.072389,0.077646,0.073028,0.071506,0.073165,0.079273,0.083059,0.070943,0.075007,0.072002,0.0739,0.079164,0.072007,0.07285,0.071796,0.092118,0.079549,0.0887,0.083137,0.077465,0.080774,0.07365,0.077642,0.083493,0.081567,0.072094,0.073337,0.073081,0.083489,0.072339,0.081762,0.077269,0.072592,0.078111,0.075399,0.072275,0.074203,0.08004
0.0726,0.080567,0.081167,0.079422,0.072329,0.071495,0.071021,0.079366,0.073073,0.072649,0.07046,0.072788,0.072041,0.089774,0.07483,0.069948,0.074203,0.07139,0.071048,0.07321,0.076775,0.076273,0.079366,0.073154,0.072709,0.088244,0.075622,0.077239,0.073202,0.081014,0.07186,0.074581,0.072456,0.074039,0.076559,0.073459,0.072135,0.070612,0.071543,0.074328
0.080533,0.076623,0.073053,0.072808,0.072243,0.076663,0.072664,0.072326,0.076908,0.079267,0.075754,0.074163,0.078524,0.079783,0.072666,0.070479,0.080656,0.073742,0.070942,0.081861,0.071237,0.083086,0.076518,0.07273,0.07308,0.072535,0.073175,0.072398,0.078816,0.073704,0.07165,0.074525,0.078079,0.072326,0.082875,0.07262,0.073288,0.072433,0.073585,0.074369
0.077506,0.083365,0.074747,0.075068,0.081848,0.073688,0.082325,0.07187,0.07286,0.07157,0.072045,0.071935,0.089306,0.072765,0.073211,0.071807,0.071758,0.080517,0.074364,0.070759,0.078148,0.0859,0.080146,0.071941,0.071632,0.082828,0.073762,0.072136,0.075739,0.072094,0.070206,0.081573,0.073901,0.071668,0.083711,0.072109,0.080792,0.073146,0.075866,0.073398
0.071558,0.076682,0.077575,0.083911,0.081571,0.071307,0.072954,0.080448,0.071341,0.07102,0.077434,0.082438,0.074453,0.074274,0.08596,0.069779,0.076592,0.071019,0.069325,0.071145,0.071684,0.081432,0.074914,0.07512,0.074267,0.076235,0.072651,0.071599,0.074076,0.071454,0.07883,0.07734,0.071659,0.081476,0.071635,0.07495,0.075004,0.078407,0.075758,0.074334
0.070781,0.080356,0.073176,0.072989,0.070687,0.078412,0.07266,0.071153,0.072489,0.072414,0.072329,0.071762,0.077647,0.073375,0.083952,0.071452,0.073452,0.071593,0.070083,0.082399,0.088519,0.072194,0.070687,0.071582,0.073549,0.073939,0.069758,0.074068,0.070406,0.072104,0.076201,0.073863,0.080386,0.074304,0.079129,0.073441,0.07925,0.085669,0.073372,0.071074
0.073106,0.073655,0.071368,0.082504,0.07206,0.077431,0.074454,0.074803,0.080777,0.076437,0.075022,0.073812,0.08007,0.074307,0.073166,0.072162,0.075422,0.073383,0.07211,0.080967,0.072304,0.072088,0.071842,0.072716,0.071973,0.07721,0.071258,0.077279,0.077833,0.072331,0.088689,0.074402,0.09162,0.080701,0.072235,0.071945,0.071847,0.070874,0.072591,0.072878
0.071513,0.074728,0.078299,0.070594,0.072052,0.071162,0.071366,0.086847,0.072801,0.072567,0.072477,0.072065,0.071552,0.07375,0.070916,0.080136,0.077836,0.074914,0.078104,0.071591,0.073438,0.077249,0.0729,0.07324,0.071582,0.075728,0.074736,0.072987,0.071739,0.071837,0.071762,0.074277,0.072636,0.079286,0.07557,0.079335,0.073196,0.074137,0.077942,0.078197
0.078534,0.076989,0.072612,0.074556,0.074648,0.074442,0.073882,0.080772,0.07464,0.07883,0.078013,0.073471,0.072892,0.07352,0.073998,0.072838,0.074699,0.074265,0.088701,0.072627,0.072704,0.073556,0.082796,0.075192,0.083888,0.073155,0.075899,0.073409,0.073713,0.074518,0.075507,0.07401,0.076368,0.072453,0.071867,0.074301,0.074369,0.076465,0.086318,0.071757
0.072669,0.074884,0.074636,0.073637,0.072107,0.075075,0.086065,0.070375,0.075724,0.072131,0.072171,0.075483,0.070666,0.0739,0.073314,0.070704,0.073405,0.078823,0.073277,0.074228,0.07239,0.071318,0.070455,0.070588,0.07321,0.071613,0.081052,0.08158,0.071489,0.071127,0.074813,0.071286,0.072727,0.074502,0.072232,0.081205,0.07224,0.074726,0.07211,0.074535
0.08004,0.071565,0.071863,0.073367,0.073202,0.071444,0.082213,0.072128,0.073243,0.071721,0.072624,0.07207,0.071548,0.076222,0.070965,0.070551,0.075451,0.073163,0.080991,0.072409,0.07436,0.071537,0.07522,0.077611,0.072707,0.072832,0.077283,0.071353,0.07708,0.072581,0.080946,0.084989,0.074648,0.07324,0.071204,0.072414,0.072896,0.073146,0.071633,0.074463
0.071242,0.071805,0.071997,0.079087,0.08893,0.072281,0.077636,0.072628,0.073738,0.073362,0.073155,0.076401,0.07274,0.072927,0.072468,0.079376,0.071274,0.076984,0.070247,0.083182,0.071921,0.073658,0.07207,0.073039,0.072022,0.073416,0.084929,0.079144,0.083739,0.071398,0.073618,0.075918,0.073012,0.079832,0.072941,0.076536,0.081172,0.081443,0.074141,0.079994
0.07381,0.075298,0.071923,0.073072,0.070203,0.072644,0.072964,0.072648,0.070906,0.073166,0.086228,0.07284,0.072342,0.071283,0.076986,0.073406,0.075059,0.071537,0.071662,0.07144,0.073341,0.085326,0.074366,0.07823,0.07322,0.071651,0.072922,0.074838,0.077357,0.072197,0.073273,0.081348,0.076587,0.071704,0.080371,0.072744,0.071165,0.07224,0.083545,0.074806
0.071663,0.081692,0.071926,0.071512,0.071781,0.070841,0.071639,0.0714,0.073309,0.07131,0.07154,0.072519,0.072007,0.071213,0.073676,0.075817,0.073296,0.073616,0.071645,0.073444,0.078514,0.076387,0.072994,0.073018,0.072934,0.0727,0.072201,0.076264,0.072725,0.079144,0.073781,0.071314,0.081809,0.077642,0.073151,0.075215,0.071074,0.080887,0.073632,0.077916
0.082128,0.081213,0.079531,0.070985,0.072354,0.075279,0.081564,0.072291,0.073079,0.087314,0.075759,0.072845,0.075307,0.070363,0.070888,0.073171,0.071285,0.075486,0.080263,0.076279,0.080752,0.072219,0.072728,0.076953,0.072394,0.071143,0.073655,0.071967,0.078316,0.073061,0.081121,0.07347,0.089369,0.07388,0.074446,0.073062,0.075511,0.075323,0.081533,0.074433
0.073108,0.072487,0.073032,0.072913,0.073109,0.072388,0.074011,0.071081,0.071611,0.071899,0.080987,0.081093,0.077617,0.072562,0.073449,0.071703,0.089609,0.076801,0.071989,0.075785,0.071856,0.074501,0.079424,0.073304,0.072744,0.071414,0.077803,0.071669,0.073761,0.076053,0.080849,0.071802,0.072931,0.071506,0.0716,0.07197,0.071287,0.075937,0.073166,0.072386
