0.070831,0.055639,0.052883,0.053295,0.064031,0.053641,0.058373,0.054381,0.057003,0.060101,0.055563,0.056078,0.053391,0.061809,0.052819,0.058182,0.056724,0.058598,0.054373,0.055852,0.059989,0.062796,0.05471,0.059204,0.06567,0.061165,0.061521,0.057516,0.056501,0.057806,0.057773,0.057697,0.054726,0.054656,0.055936,0.055043,0.054512,0.055453,0.05558,0.059192
0.038439,0.036302,0.041749,0.040417,0.035277,0.035715,0.037387,0.036327,0.035479,0.034067,0.034554,0.035628,0.049998,0.036143,0.038881,0.043664,0.035334,0.036171,0.037019,0.036465,0.037722,0.04955,0.054713,0.035716,0.036693,0.035767,0.036147,0.051414,0.036115,0.036024,0.035886,0.036077,0.039189,0.049697,0.053659,0.041477,0.042932,0.036047,0.037909,0.043664
0.035855,0.032119,0.042432,0.052454,0.030837,0.031472,0.042032,0.032064,0.033343,0.035976,0.033133,0.039602,0.036567,0.037415,0.031637,0.033371,0.035696,0.039829,0.031354,0.053989,0.032092,0.044999,0.035142,0.031229,0.033596,0.040843,0.038821,0.041667,0.031488,0.030958,0.036649,0.033654,0.032817,0.052481,0.038069,0.031754,0.03355,0.039984,0.032161,0.038218
0.037641,0.048532,0.048039,0.052831,0.047414,0.047277,0.040682,0.029587,0.031812,0.03963,0.031979,0.033179,0.038967,0.0325,0.032837,0.04313,0.029959,0.032531,0.033564,0.035181,0.038154,0.030679,0.030404,0.031491,0.03234,0.034155,0.031323,0.039933,0.032826,0.052655,0.035214,0.031951,0.030915,0.029933,0.056982,0.050784,0.031494,0.039,0.031529,0.042064
0.028534,0.035027,0.030218,0.035988,0.050082,0.049385,0.031644,0.034293,0.032456,0.035855,0.054546,0.029218,0.054795,0.028815,0.053284,0.051499,0.049282,0.035742,0.029812,0.029467,0.048665,0.032596,0.03471,0.044685,0.038117,0.031084,0.031564,0.038436,0.037453,0.03896,0.040209,0.031014,0.031945,0.035653,0.039813,0.035177,0.030907,0.035087,0.03382,0.030628
0.029575,0.032909,0.033396,0.029707,0.030478,0.031572,0.035552,0.030466,0.028268,0.029055,0.030286,0.029988,0.029285,0.029452,0.028988,0.029726,0.028758,0.029436,0.029589,0.033975,0.036666,0.047762,0.049894,0.048627,0.038301,0.04395,0.0357,0.031072,0.036678,0.050183,0.049586,0.04903,0.046037,0.040702,0.053155,0.030375,0.045598,0.03145,0.042956,0.030046
0.037403,0.028356,0.028537,0.04182,0.02821,0.052913,0.028288,0.033681,0.031777,0.036425,0.050169,0.032583,0.038974,0.028806,0.04651,0.037725,0.031228,0.032962,0.038118,0.050651,0.031159,0.043653,0.039096,0.032353,0.038184,0.032928,0.028145,0.051106,0.029973,0.041341,0.036472,0.035668,0.031114,0.037646,0.032036,0.036115,0.034181,0.036613,0.028313,0.035085
0.02942,0.040536,0.027136,0.037912,0.053149,0.028501,0.053198,0.048496,0.035422,0.032783,0.031221,0.047359,0.033658,0.033303,0.040134,0.037288,0.035216,0.029313,0.031532,0.030276,0.049856,0.032033,0.032811,0.046737,0.03569,0.030379,0.038055,0.050587,0.047003,0.050659,0.031422,0.036217,0.050101,0.029738,0.03719,0.03199,0.043492,0.03931,0.040718,0.028566
0.028261,0.028969,0.028763,0.026252,0.036599,0.046172,0.033419,0.029683,0.02842,0.036606,0.02786,0.028148,0.037361,0.031658,0.029922,0.044824,0.028474,0.048906,0.0292,0.033976,0.035441,0.055504,0.027163,0.030543,0.028821,0.028487,0.027355,0.040414,0.028385,0.04659,0.038412,0.044373,0.037552,0.046915,0.04242,0.027818,0.049276,0.030758,0.032659,0.035284
0.039127,0.02866,0.055438,0.049837,0.028738,0.031415,0.037669,0.029399,0.038184,0.043809,0.034929,0.054847,0.026606,0.033268,0.044198,0.033715,0.028065,0.031902,0.035523,0.040063,0.028544,0.02781,0.046769,0.032879,0.03803,0.028409,0.039243,0.028712,0.034219,0.032682,0.033649,0.034093,0.054729,0.029795,0.046706,0.035503,0.036693,0.030187,0.03561,0.028419
0.031803,0.037395,0.048314,0.049684,0.036435,0.047978,0.047715,0.036067,0.053534,0.034607,0.027975,0.038473,0.035764,0.048564,0.026884,0.030969,0.045237,0.027584,0.029022,0.030553,0.034784,0.035238,0.03192,0.03853,0.027189,0.036457,0.050034,0.048437,0.034863,0.030466,0.040192,0.050852,0.027484,0.033004,0.030584,0.035897,0.033494,0.040671,0.028021,0.04806
0.054547,0.032059,0.027407,0.033948,0.036213,0.05309,0.028341,0.034208,0.03112,0.037371,0.050146,0.030052,0.037683,0.028705,0.037705,0.054637,0.030628,0.035177,0.039345,0.029019,0.028423,0.045669,0.032031,0.04247,0.029144,0.029807,0.036047,0.033536,0.029783,0.037126,0.051404,0.029213,0.035998,0.044655,0.039369,0.04635,0.034829,0.048975,0.034559,0.032034
0.037932,0.032083,0.027567,0.034218,0.038184,0.04805,0.049375,0.049798,0.034698,0.048,0.029451,0.040442,0.029139,0.038753,0.028348,0.038095,0.045311,0.033602,0.034846,0.051175,0.055012,0.036667,0.028295,0.02864,0.030069,0.037889,0.046242,0.036062,0.050205,0.049039,0.055691,0.050523,0.048811,0.02812,0.030145,0.037895,0.030583,0.040327,0.027983,0.029758
0.038493,0.047852,0.049207,0.033707,0.033375,0.034736,0.052248,0.049279,0.043506,0.040697,0.036067,0.027091,0.030907,0.038098,0.04374,0.040636,0.028851,0.037689,0.028649,0.034473,0.035387,0.044028,0.041436,0.036058,0.028117,0.035215,0.06118,0.027993,0.026748,0.040437,0.033879,0.027737,0.029643,0.050093,0.049262,0.030731,0.038128,0.049264,0.048802,0.030155
0.039461,0.028021,0.031427,0.039318,0.048447,0.031694,0.036465,0.049994,0.042617,0.027184,0.027688,0.036291,0.048522,0.051495,0.027833,0.040111,0.027593,0.03632,0.034776,0.028387,0.03729,0.04879,0.032969,0.033852,0.032674,0.030528,0.028444,0.026749,0.029373,0.037359,0.049756,0.029504,0.040812,0.048457,0.028128,0.031188,0.038495,0.043581,0.040148,0.03657
0.027753,0.04629,0.035322,0.030586,0.046812,0.026153,0.05067,0.054146,0.035588,0.026797,0.028033,0.036499,0.04913,0.035214,0.054213,0.027422,0.032518,0.039269,0.035852,0.035685,0.027177,0.027254,0.039286,0.029197,0.03004,0.047346,0.031673,0.034755,0.027903,0.028342,0.03352,0.031218,0.042509,0.049393,0.032018,0.028045,0.037827,0.02876,0.035842,0.046208
0.036104,0.047001,0.038599,0.028066,0.035041,0.034658,0.032331,0.029595,0.038499,0.03037,0.038971,0.027733,0.035636,0.04894,0.031842,0.035698,0.039819,0.028174,0.03154,0.031666,0.027399,0.026655,0.029184,0.035922,0.032687,0.034687,0.03432,0.029056,0.033034,0.029263,0.027532,0.027028,0.029557,0.031836,0.035279,0.028488,0.031397,0.028932,0.032912,0.028674
0.02897,0.034795,0.029029,0.026983,0.028652,0.029847,0.027562,0.028953,0.033773,0.028826,0.029291,0.029262,0.028289,0.028826,0.028233,0.031657,0.035052,0.026805,0.038804,0.027622,0.041467,0.026288,0.039333,0.028122,0.034083,0.030422,0.039358,0.037802,0.027065,0.035695,0.030929,0.036417,0.03204,0.031955,0.029714,0.038798,0.027481,0.033,0.03636,0.045885
0.038802,0.031569,0.031835,0.034949,0.035581,0.028203,0.028641,0.027737,0.033733,0.034433,0.027253,0.030985,0.044898,0.043774,0.032402,0.031082,0.03479,0.029937,0.045845,0.038068,0.028993,0.03338,0.028966,0.026417,0.039496,0.044725,0.030947,0.040235,0.037272,0.027714,0.029914,0.03642,0.032952,0.032018,0.028947,0.029469,0.027546,0.028881,0.036111,0.029345
0.034295,0.037561,0.047891,0.029423,0.040195,0.032663,0.027298,0.027157,0.034798,0.028432,0.033839,0.027994,0.038107,0.033059,0.033977,0.031968,0.027324,0.034655,0.039405,0.046134,0.029835,0.040857,0.028991,0.040566,0.035572,0.026808,0.028553,0.037654,0.045666,0.035775,0.030493,0.042572,0.032602,0.026599,0.040283,0.027525,0.029681,0.040179,0.027254,0.036214
0.029514,0.038939,0.028967,0.036208,0.030481,0.035862,0.031923,0.035378,0.033949,0.034488,0.028372,0.040442,0.026821,0.03516,0.029479,0.03964,0.034124,0.033204,0.027119,0.039438,0.047436,0.03774,0.035481,0.026537,0.041898,0.027476,0.02777,0.034593,0.030911,0.039367,0.03592,0.035443,0.028752,0.028288,0.038639,0.029225,0.041074,0.027705,0.028372,0.045439
0.034632,0.026878,0.027574,0.039751,0.028728,0.034957,0.028481,0.039556,0.030071,0.036249,0.032449,0.038057,0.028669,0.032709,0.039712,0.027735,0.029743,0.038381,0.027981,0.031048,0.047441,0.026397,0.027653,0.036712,0.035529,0.033612,0.039781,0.027374,0.027745,0.037384,0.030816,0.038258,0.037506,0.026423,0.035551,0.028307,0.035083,0.030763,0.035394,0.056994
0.027151,0.035488,0.036718,0.035761,0.025853,0.040791,0.030719,0.02868,0.029036,0.038858,0.027824,0.041264,0.026432,0.034282,0.033511,0.038935,0.027677,0.03326,0.028532,0.027097,0.026207,0.039408,0.034185,0.0349,0.026796,0.032139,0.037605,0.04952,0.048763,0.037489,0.026876,0.034732,0.033673,0.030298,0.03751,0.029615,0.041233,0.027699,0.035685,0.028191
0.041868,0.03075,0.027279,0.028753,0.028212,0.028894,0.033347,0.036438,0.031352,0.029984,0.038318,0.049,0.031334,0.037644,0.030527,0.030471,0.037184,0.034909,0.049069,0.028,0.037079,0.030167,0.035439,0.033234,0.033101,0.034994,0.029641,0.038492,0.048711,0.046374,0.03776,0.049472,0.047617,0.034728,0.028788,0.039106,0.028605,0.028602,0.028386,0.035893
0.027926,0.029134,0.040781,0.036236,0.04802,0.027,0.033017,0.042769,0.02775,0.028892,0.034664,0.029927,0.038744,0.037323,0.028003,0.030091,0.037861,0.036249,0.034787,0.026807,0.036587,0.027499,0.039751,0.02698,0.038799,0.027073,0.041595,0.029913,0.03015,0.028855,0.026843,0.027838,0.038099,0.029221,0.041397,0.035744,0.027533,0.033133,0.03514,0.027646
0.030415,0.038739,0.03703,0.026875,0.032579,0.037837,0.028979,0.035779,0.037495,0.028129,0.031524,0.02931,0.027561,0.030676,0.02876,0.036468,0.028717,0.037249,0.029347,0.040758,0.026636,0.037573,0.029228,0.037845,0.02926,0.03354,0.034331,0.035411,0.030715,0.034145,0.029587,0.043749,0.026969,0.032868,0.03389,0.034283,0.056119,0.02691,0.030217,0.039228
0.027435,0.037762,0.048614,0.034321,0.029797,0.039902,0.026249,0.037982,0.03067,0.03902,0.027376,0.035248,0.034461,0.02806,0.037997,0.038597,0.026498,0.031505,0.039608,0.03518,0.025775,0.036266,0.0298,0.039857,0.029527,0.038091,0.027127,0.035828,0.030623,0.033915,0.049099,0.034974,0.029417,0.041016,0.028606,0.032988,0.034657,0.03374,0.037524,0.030401
0.032976,0.029058,0.039625,0.026555,0.035238,0.032193,0.038306,0.035788,0.029168,0.031951,0.034883,0.028583,0.038658,0.028598,0.038323,0.028398,0.038356,0.027793,0.039717,0.038452,0.026908,0.02958,0.035754,0.029386,0.027942,0.027649,0.028284,0.029491,0.030596,0.027778,0.027778,0.033911,0.028074,0.030928,0.036416,0.027006,0.034218,0.027834,0.028309,0.027146
0.027601,0.040875,0.027593,0.035024,0.047866,0.042527,0.027186,0.027845,0.036568,0.030452,0.03745,0.037588,0.027604,0.032626,0.033318,0.034111,0.033191,0.039754,0.025814,0.043069,0.028157,0.028358,0.036299,0.029059,0.039876,0.027591,0.035407,0.030415,0.039318,0.026417,0.044532,0.035419,0.027384,0.027387,0.037361,0.03648,0.032816,0.032126,0.034512,0.027372
0.031185,0.039122,0.043264,0.046261,0.026293,0.034845,0.027823,0.028484,0.027247,0.032613,0.027816,0.02802,0.027444,0.047174,0.032141,0.036404,0.033657,0.033039,0.036927,0.026797,0.038726,0.048409,0.029036,0.038587,0.038316,0.027489,0.029363,0.040516,0.032387,0.031296,0.029361,0.028305,0.039234,0.033493,0.02844,0.026361,0.027773,0.028313,0.027544,0.026937
0.026948,0.026411,0.028289,0.032365,0.028297,0.027311,0.035752,0.027945,0.027982,0.026131,0.028198,0.027618,0.027286,0.028688,0.03636,0.039013,0.027577,0.035151,0.027909,0.040138,0.038983,0.028882,0.027517,0.033054,0.033487,0.033969,0.037476,0.029675,0.031646,0.034416,0.035334,0.034748,0.029797,0.033031,0.036468,0.051082,0.027136,0.04204,0.028741,0.046199
0.043044,0.030822,0.032721,0.026726,0.038257,0.032876,0.029801,0.036444,0.028559,0.037229,0.037074,0.033621,0.03007,0.029869,0.036585,0.048174,0.035398,0.031179,0.032566,0.036589,0.032812,0.029471,0.047284,0.027495,0.027035,0.036346,0.030359,0.038955,0.027365,0.033591,0.032043,0.037749,0.044215,0.027405,0.026008,0.04312,0.027153,0.036718,0.025907,0.032671
0.037693,0.028436,0.03242,0.036456,0.04956,0.029694,0.039084,0.028647,0.033774,0.036912,0.036338,0.033245,0.026363,0.036731,0.030378,0.045246,0.026841,0.028013,0.036743,0.029505,0.037613,0.03091,0.040828,0.026234,0.033069,0.052554,0.029182,0.040484,0.026757,0.037338,0.029215,0.039978,0.035263,0.029003,0.034167,0.035141,0.027396,0.03155,0.041894,0.026931
0.036016,0.028617,0.035317,0.029475,0.04217,0.027278,0.034365,0.034693,0.030445,0.033208,0.034685,0.033039,0.032077,0.043109,0.027351,0.033344,0.046392,0.033816,0.036619,0.048834,0.030456,0.041078,0.026842,0.034211,0.035214,0.036703,0.03357,0.027414,0.034467,0.035715,0.028389,0.035733,0.032878,0.032829,0.040256,0.034987,0.033578,0.027118,0.029248,0.036938
0.028786,0.035994,0.0391,0.025593,0.039531,0.02727,0.035145,0.031762,0.036795,0.029274,0.035704,0.031175,0.03785,0.036802,0.036294,0.028059,0.027997,0.037353,0.029409,0.035548,0.048007,0.033397,0.042236,0.026872,0.029028,0.043415,0.027474,0.049237,0.035034,0.030768,0.038406,0.029522,0.035141,0.028037,0.045046,0.030011,0.027945,0.029314,0.027811,0.029876
0.026342,0.039484,0.0276,0.035537,0.030133,0.038751,0.028581,0.03898,0.031611,0.034853,0.028837,0.038392,0.031057,0.030364,0.037546,0.033547,0.029299,0.035961,0.054409,0.027517,0.03547,0.030053,0.036793,0.052676,0.028892,0.029666,0.046514,0.02859,0.026907,0.0355,0.032482,0.030937,0.027079,0.026409,0.030177,0.038277,0.050052,0.029523,0.031149,0.035097
0.034068,0.03874,0.036091,0.027224,0.04094,0.026929,0.037111,0.027126,0.033879,0.029273,0.04166,0.026737,0.038673,0.029121,0.033071,0.038713,0.037333,0.02713,0.040991,0.031743,0.032817,0.028158,0.032427,0.030821,0.038629,0.026764,0.036163,0.035123,0.036222,0.02836,0.031081,0.043516,0.030434,0.026835,0.038609,0.027509,0.033907,0.033621,0.034239,0.028806
0.03959,0.055375,0.0312,0.0275,0.032944,0.037503,0.029393,0.035321,0.029009,0.036004,0.029866,0.039959,0.048056,0.049285,0.036425,0.028564,0.03874,0.029257,0.030027,0.038675,0.037077,0.027149,0.036812,0.029181,0.033164,0.034228,0.032648,0.0304,0.044396,0.02947,0.029035,0.033605,0.035718,0.047539,0.037533,0.027945,0.034294,0.033189,0.034008,0.030928
0.037299,0.029983,0.032027,0.037871,0.030731,0.042993,0.027697,0.02895,0.038707,0.028897,0.034064,0.034019,0.03939,0.02698,0.034602,0.030993,0.035893,0.030351,0.039091,0.035507,0.034258,0.02732,0.02969,0.028282,0.027074,0.028316,0.036926,0.029421,0.037621,0.0476,0.033948,0.029826,0.040499,0.029451,0.035526,0.035037,0.035012,0.035059,0.03175,0.036919
0.026798,0.02916,0.037621,0.029135,0.036857,0.028227,0.040378,0.02737,0.036873,0.036024,0.035379,0.028302,0.029358,0.038513,0.034217,0.027145,0.039805,0.026868,0.036754,0.038232,0.035096,0.026427,0.03509,0.028341,0.033375,0.036945,0.040356,0.027209,0.029395,0.03369,0.035266,0.029335,0.041404,0.036568,0.026905,0.035554,0.028361,0.035923,0.029197,0.03647
