0.24889,0.16023,0.17767,0.16216,0.17481,0.17257,0.17922,0.17557,0.18302,0.20151,0.21223,0.18435,0.17415,0.19,0.1827,0.1764,0.19142,0.17379,0.18732,0.18642,0.18164,0.18492,0.18997,0.17055,0.16753,0.16035,0.17576,0.19119,0.17187,0.16533,0.17234,0.19641,0.18375,0.16681,0.17064,0.19471,0.1731,0.19057,0.18335,0.1904
0.10672,0.11654,0.11234,0.098167,0.094568,0.10192,0.097225,0.10282,0.10245,0.093453,0.099932,0.10566,0.11324,0.115,0.11425,0.10474,0.10195,0.096538,0.097967,0.10064,0.099723,0.09756,0.088166,0.10059,0.098244,0.098247,0.086586,0.10993,0.094258,0.096085,0.09821,0.11489,0.11199,0.097965,0.099047,0.099329,0.10409,0.097386,0.098733,0.10729
0.082781,0.080312,0.084264,0.083594,0.082377,0.087362,0.081119,0.082696,0.084403,0.083189,0.085896,0.08109,0.083618,0.082887,0.084783,0.08456,0.073485,0.099556,0.08635,0.099461,0.084575,0.095358,0.099703,0.08567,0.097505,0.10847,0.089887,0.10004,0.096261,0.082557,0.082173,0.097541,0.1049,0.085624,0.086173,0.080537,0.083761,0.083387,0.11279,0.083253
0.079788,0.082555,0.096237,0.080744,0.075189,0.081428,0.095414,0.072121,0.079305,0.074931,0.073976,0.067952,0.10084,0.098007,0.086748,0.099379,0.069124,0.068428,0.10141,0.077341,0.073008,0.080858,0.069039,0.082966,0.08021,0.072607,0.07841,0.098468,0.076139,0.076472,0.071023,0.080153,0.079857,0.072581,0.079326,0.073495,0.078491,0.099729,0.07149,0.080762
0.082984,0.092242,0.067424,0.068086,0.064711,0.073371,0.067083,0.093214,0.067528,0.073117,0.067443,0.091461,0.071338,0.071464,0.09082,0.070245,0.066202,0.069557,0.07061,0.093473,0.08557,0.074916,0.088253,0.070966,0.071615,0.092129,0.068494,0.067077,0.082268,0.08397,0.068041,0.064091,0.068047,0.072773,0.093379,0.083897,0.067621,0.068316,0.072085,0.07728
0.066401,0.067997,0.069427,0.06749,0.06698,0.065076,0.067497,0.07028,0.092492,0.084843,0.082758,0.084184,0.09913,0.07385,0.079089,0.072348,0.079056,0.096111,0.065406,0.071348,0.09625,0.069887,0.073832,0.074636,0.068301,0.066117,0.064847,0.084263,0.066946,0.073642,0.066342,0.064903,0.068749,0.06437,0.06874,0.068178,0.078149,0.073274,0.077855,0.073174
0.082266,0.079184,0.074955,0.073938,0.067316,0.097126,0.085525,0.068622,0.069651,0.067779,0.090612,0.06708,0.072571,0.068549,0.067616,0.091311,0.083572,0.074327,0.064846,0.066578,0.068258,0.068485,0.069947,0.089889,0.086232,0.082543,0.083125,0.08449,0.066425,0.069704,0.068611,0.06971,0.083881,0.089554,0.080832,0.089382,0.066997,0.068701,0.075781,0.081543
0.090477,0.070694,0.084005,0.070085,0.092757,0.067906,0.074846,0.092034,0.072169,0.092988,0.070241,0.072405,0.090309,0.076527,0.084671,0.080965,0.096696,0.082665,0.10261,0.095022,0.071759,0.098829,0.081945,0.072446,0.097093,0.084015,0.093313,0.071191,0.068529,0.093799,0.073549,0.06878,0.079444,0.070395,0.092257,0.086413,0.083004,0.07011,0.07091,0.079349
0.071314,0.077317,0.072499,0.076717,0.084915,0.081906,0.082228,0.08788,0.085302,0.065203,0.063143,0.065084,0.070666,0.06832,0.063991,0.069353,0.065954,0.066369,0.09789,0.10208,0.10307,0.10811,0.10914,0.10983,0.10849,0.11378,0.13605,0.11464,0.11537,0.12053,0.11827,0.11947,0.11959,0.12036,0.12516,0.12133,0.12229,0.12199,0.13002,0.14406
0.13091,0.20541,0.22463,0.15609,0.13489,0.13749,0.1609,0.19766,0.17555,0.14116,0.14511,0.13733,0.16426,0.14429,0.1309,0.1538,0.12904,0.16476,0.13486,0.12865,0.12734,0.14126,0.16494,0.11536,0.11135,0.10012,0.096322,0.10501,0.091138,0.098178,0.09966,0.087202,0.092843,0.09903,0.11232,0.092848,0.10295,0.19509,0.074064,0.073554
0.07334,0.099285,0.11146,0.12237,0.11745,0.11306,0.12201,0.1408,0.1442,0.096555,0.085489,0.074731,0.085863,0.074813,0.087803,0.075509,0.078616,0.07337,0.073012,0.075437,0.072669,0.079369,0.094734,0.084159,0.10778,0.086005,0.087472,0.080484,0.069005,0.072076,0.072383,0.072262,0.074847,0.073838,0.071596,0.082719,0.072999,0.06861,0.089738,0.082202
0.1064,0.082832,0.083802,0.070768,0.067234,0.073135,0.069938,0.067062,0.070788,0.06957,0.068852,0.073541,0.070292,0.089056,0.086097,0.075929,0.075527,0.069068,0.068069,0.071311,0.068913,0.06896,0.06902,0.070209,0.071702,0.079095,0.072175,0.074027,0.069883,0.068608,0.069206,0.068297,0.068571,0.06818,0.067739,0.068419,0.067577,0.068468,0.068127,0.068565
0.068139,0.071117,0.068387,0.071746,0.069162,0.067936,0.078937,0.068997,0.073673,0.068244,0.070681,0.070381,0.066656,0.066539,0.070305,0.070477,0.067892,0.066467,0.072688,0.067035,0.066173,0.063845,0.067947,0.066499,0.067231,0.065685,0.065721,0.064277,0.06414,0.066202,0.06508,0.067645,0.066269,0.063528,0.065185,0.064921,0.067135,0.067723,0.068682,0.064247
0.066287,0.082313,0.064564,0.067571,0.074133,0.083353,0.081575,0.086481,0.092572,0.080543,0.073846,0.076399,0.085907,0.11058,0.079835,0.084161,0.072031,0.078274,0.080209,0.070812,0.078231,0.077139,0.092813,0.096717,0.084507,0.095359,0.080867,0.075417,0.073523,0.078452,0.076435,0.075769,0.075189,0.07494,0.071419,0.074707,0.073245,0.073768,0.071586,0.072401
0.071864,0.077199,0.073648,0.079037,0.082511,0.074438,0.075808,0.075612,0.074208,0.07319,0.069056,0.070338,0.067092,0.071541,0.067371,0.071631,0.07085,0.068214,0.093491,0.069368,0.069042,0.068691,0.072617,0.067208,0.072166,0.067992,0.08143,0.074564,0.090067,0.098115,0.082186,0.078049,0.088856,0.0947,0.085021,0.089744,0.083062,0.083636,0.091511,0.084401
0.087366,0.089863,0.082375,0.085432,0.1024,0.10125,0.095398,0.083442,0.093377,0.09903,0.10154,0.084835,0.078729,0.076492,0.079237,0.076159,0.077686,0.087719,0.09043,0.087276,0.089223,0.087631,0.085799,0.080336,0.1196,0.079652,0.076771,0.076248,0.088469,0.083227,0.086514,0.083292,0.087596,0.090425,0.13686,0.089126,0.085498,0.080436,0.079623,0.081426
0.080266,0.082588,0.098287,0.088963,0.08781,0.075875,0.07765,0.0727,0.071887,0.074407,0.070668,0.074925,0.072776,0.073599,0.071737,0.087764,0.078906,0.083033,0.071181,0.071997,0.071076,0.074144,0.069665,0.070518,0.070756,0.067726,0.070635,0.071248,0.067289,0.071054,0.071809,0.1062,0.080178,0.071531,0.071794,0.071016,0.069386,0.072419,0.072372,0.072353
0.0664,0.072272,0.0734,0.071786,0.06846,0.070172,0.068805,0.069356,0.072901,0.069625,0.068505,0.070236,0.069364,0.070391,0.068784,0.067131,0.072217,0.079849,0.083428,0.092399,0.086722,0.10293,0.098489,0.098615,0.10055,0.095143,0.099751,0.11979,0.12472,0.10662,0.1067,0.1321,0.10102,0.093237,0.088335,0.086683,0.088732,0.11516,0.083639,0.083451
0.082677,0.083333,0.082722,0.09328,0.077655,0.073896,0.073703,0.074732,0.074117,0.075794,0.074828,0.075964,0.071038,0.072611,0.072251,0.073744,0.072738,0.074989,0.072855,0.071934,0.070457,0.069601,0.069241,0.070203,0.067872,0.071913,0.067795,0.076322,0.078001,0.076732,0.082963,0.077603,0.075996,0.077105,0.081129,0.069672,0.071367,0.071955,0.071299,0.068527
0.067663,0.065833,0.07052,0.092515,0.077362,0.068456,0.068897,0.065749,0.069511,0.069049,0.067826,0.090218,0.091014,0.075074,0.072329,0.06994,0.070249,0.067761,0.066262,0.066719,0.065235,0.068184,0.07024,0.068454,0.067932,0.067689,0.070695,0.069536,0.069657,0.071401,0.066979,0.068126,0.069265,0.068521,0.068828,0.067543,0.070561,0.070509,0.071519,0.078893
0.10443,0.10527,0.094163,0.08966,0.091115,0.091292,0.077517,0.072484,0.078841,0.072993,0.10165,0.076637,0.087264,0.10677,0.11344,0.096968,0.10373,0.11137,0.091102,0.084926,0.087614,0.10867,0.11623,0.12277,0.12375,0.11478,0.08199,0.085456,0.08416,0.08731,0.085479,0.088492,0.11087,0.11494,0.12725,0.11757,0.11174,0.11304,0.11315,0.089995
0.088839,0.099149,0.11725,0.10197,0.082666,0.082342,0.08309,0.083123,0.082879,0.079544,0.075782,0.078878,0.077965,0.093857,0.093875,0.086015,0.076645,0.076958,0.077187,0.10114,0.077424,0.078459,0.082317,0.077077,0.075374,0.072338,0.074988,0.075124,0.071162,0.07317,0.071804,0.074823,0.096175,0.088771,0.07508,0.075406,0.072198,0.073816,0.072747,0.073076
0.07312,0.076935,0.071483,0.068447,0.075657,0.080249,0.081911,0.073257,0.070114,0.070754,0.069422,0.069606,0.072714,0.073346,0.072529,0.075706,0.07325,0.070421,0.072976,0.082008,0.071918,0.078806,0.082814,0.085529,0.07814,0.11796,0.070633,0.073931,0.088947,0.082795,0.092995,0.074966,0.074136,0.073891,0.074286,0.071812,0.070771,0.075884,0.074409,0.07066
0.072078,0.069808,0.069233,0.06869,0.069923,0.073961,0.074373,0.071797,0.070906,0.068463,0.067665,0.06687,0.069771,0.068956,0.067142,0.072473,0.067899,0.069786,0.071507,0.073379,0.071882,0.069026,0.069758,0.071928,0.070797,0.068871,0.070381,0.10258,0.091204,0.081757,0.075283,0.082797,0.07038,0.082271,0.089397,0.078378,0.075033,0.074891,0.085249,0.073749
0.075169,0.076927,0.075063,0.076376,0.073653,0.073618,0.074093,0.084852,0.097894,0.10213,0.097308,0.09988,0.080985,0.07769,0.081194,0.078295,0.079531,0.088178,0.10181,0.12631,0.083491,0.076942,0.07483,0.077466,0.075807,0.084366,0.10042,0.10103,0.08829,0.08604,0.085084,0.081025,0.079323,0.082344,0.089381,0.089561,0.081673,0.075129,0.075884,0.10265
0.086572,0.075173,0.072424,0.067624,0.07424,0.068841,0.06863,0.069377,0.076438,0.078424,0.07031,0.068206,0.075288,0.06787,0.069632,0.070104,0.068227,0.070982,0.073142,0.072592,0.074458,0.07939,0.077211,0.071404,0.067524,0.068793,0.06788,0.068807,0.073084,0.07875,0.075162,0.07566,0.070522,0.066271,0.068927,0.071943,0.079117,0.078666,0.073557,0.071076
0.070044,0.073386,0.077234,0.076576,0.072554,0.095867,0.072524,0.073398,0.06709,0.070992,0.07132,0.073986,0.077414,0.073896,0.068004,0.070127,0.080103,0.079834,0.078076,0.083097,0.079136,0.090665,0.093308,0.1139,0.089681,0.084053,0.091408,0.10578,0.088762,0.080595,0.075295,0.075483,0.078147,0.078798,0.078853,0.074,0.077816,0.078169,0.079778,0.076565
0.072808,0.079443,0.078521,0.074957,0.07111,0.071164,0.080338,0.10347,0.092847,0.080988,0.07867,0.07447,0.093736,0.11695,0.083271,0.084679,0.078563,0.079289,0.076452,0.069841,0.071152,0.074379,0.08428,0.10919,0.1067,0.1217,0.11201,0.093847,0.093233,0.082754,0.099014,0.12677,0.089755,0.095188,0.11422,0.11553,0.11627,0.088243,0.083818,0.089488
0.079475,0.079812,0.080567,0.077211,0.080785,0.084319,0.10003,0.10719,0.10817,0.11226,0.11355,0.11203,0.091842,0.082894,0.087562,0.083547,0.081223,0.0829,0.081647,0.099601,0.091263,0.11965,0.10189,0.090992,0.079743,0.08618,0.083472,0.083642,0.084206,0.097442,0.085374,0.07771,0.077308,0.079053,0.074962,0.078362,0.075381,0.070271,0.074102,0.07886
0.093664,0.080369,0.078112,0.074823,0.072764,0.074416,0.075208,0.074285,0.075014,0.075123,0.097432,0.11004,0.091774,0.076384,0.077684,0.078538,0.077939,0.080014,0.074387,0.075689,0.083396,0.077844,0.07405,0.093489,0.082044,0.073545,0.11991,0.10543,0.10045,0.081872,0.086014,0.082101,0.085643,0.08212,0.080387,0.074724,0.073188,0.070135,0.070034,0.083129
0.10509,0.097714,0.10149,0.11035,0.12182,0.11425,0.1032,0.10346,0.10239,0.10559,0.085692,0.083548,0.079585,0.077546,0.088346,0.10605,0.1147,0.10375,0.09926,0.094536,0.10636,0.085405,0.086716,0.084265,0.087694,0.12534,0.11765,0.13762,0.12436,0.11597,0.096724,0.10814,0.091772,0.11225,0.081146,0.081987,0.099061,0.093532,0.09958,0.11575
0.11309,0.10212,0.10718,0.086558,0.087265,0.099413,0.12064,0.11182,0.082785,0.081544,0.080465,0.083219,0.08012,0.073943,0.091312,0.081403,0.081357,0.081866,0.08658,0.085571,0.099451,0.10454,0.087927,0.08722,0.092324,0.10869,0.12088,0.099495,0.086745,0.10078,0.11645,0.11062,0.098117,0.09075,0.080827,0.083127,0.093717,0.079404,0.084604,0.078287
0.10556,0.084063,0.076236,0.075708,0.077028,0.079632,0.099401,0.098936,0.079726,0.079354,0.092395,0.080363,0.079446,0.074151,0.073712,0.078464,0.083932,0.085591,0.074479,0.072454,0.076243,0.080043,0.077717,0.17887,0.081349,0.07599,0.073293,0.086186,0.087967,0.08211,0.091568,0.10141,0.11065,0.09746,0.10222,0.11243,0.091436,0.099105,0.096663,0.11459
0.10916,0.10657,0.10626,0.12963,0.12477,0.11326,0.11081,0.13614,0.10019,0.092041,0.11074,0.10833,0.098858,0.092227,0.084459,0.082975,0.080656,0.08916,0.10067,0.10746,0.094436,0.099019,0.11127,0.1165,0.1131,0.1088,0.10843,0.10405,0.10383,0.099859,0.098276,0.095858,0.093047,0.087274,0.088079,0.086901,0.096304,0.091098,0.086221,0.079503
0.079258,0.081014,0.08265,0.081947,0.078412,0.074357,0.076133,0.073917,0.10071,0.092872,0.11023,0.089034,0.082781,0.081728,0.081778,0.073577,0.104,0.076173,0.075298,0.080065,0.078872,0.080486,0.094255,0.10587,0.085004,0.085221,0.084046,0.11252,0.10335,0.10035,0.096683,0.093153,0.10181,0.094666,0.097607,0.1084,0.094448,0.098616,0.092717,0.085603
0.089478,0.11331,0.12861,0.10989,0.092572,0.095422,0.11063,0.1152,0.10534,0.089737,0.084618,0.084963,0.083297,0.08636,0.10209,0.10818,0.098772,0.088161,0.0906,0.096555,0.1197,0.11462,0.12501,0.11296,0.1507,0.11396,0.10566,0.087888,0.091404,0.089003,0.095321,0.095455,0.084198,0.085802,0.088133,0.088326,0.083383,0.080979,0.078195,0.080727
0.077004,0.075856,0.07248,0.076804,0.077155,0.077721,0.075941,0.078143,0.076508,0.070261,0.072544,0.075286,0.07223,0.071586,0.070841,0.072878,0.071752,0.07276,0.069346,0.066409,0.067025,0.068616,0.068715,0.07234,0.068331,0.067625,0.070546,0.067479,0.071311,0.06666,0.095727,0.073273,0.068105,0.071468,0.067474,0.066493,0.065643,0.071474,0.069667,0.068979
0.066504,0.067961,0.069124,0.06694,0.067142,0.06766,0.070698,0.067128,0.067023,0.067251,0.068906,0.070162,0.080302,0.097889,0.10276,0.10652,0.1014,0.10398,0.11223,0.10508,0.10931,0.11413,0.11382,0.11324,0.11639,0.11216,0.099639,0.098112,0.096464,0.095175,0.096776,0.087559,0.086665,0.1012,0.089174,0.081869,0.083922,0.087254,0.11159,0.081493
0.07592,0.077452,0.097871,0.094181,0.080927,0.077952,0.076145,0.078393,0.084481,0.079514,0.079594,0.074787,0.085101,0.078973,0.073337,0.080266,0.079746,0.079255,0.07861,0.076185,0.08884,0.091373,0.098018,0.085278,0.077297,0.076266,0.078767,0.07773,0.076777,0.07721,0.077735,0.079124,0.080876,0.081854,0.076606,0.078357,0.076963,0.076933,0.076232,0.074584
0.072202,0.072882,0.073309,0.074708,0.097048,0.074079,0.07699,0.073309,0.075554,0.075112,0.073987,0.068184,0.066879,0.068187,0.067587,0.068188,0.066508,0.070486,0.06601,0.066247,0.072814,0.08932,0.073805,0.071769,0.078129,0.086384,0.09587,0.091172,0.074197,0.090027,0.085158,0.078148,0.10149,0.079775,0.081707,0.086092,0.086966,0.078239,0.079639,0.077756
