0.18762,0.16795,0.16891,0.1646,0.1703,0.16624,0.16673,0.1614,0.16386,0.16453,0.1636,0.16805,0.16943,0.16525,0.1662,0.17447,0.1695,0.16736,0.16805,0.16997,0.17558,0.16401,0.17911,0.16452,0.16764,0.17411,0.16739,0.16709,0.16688,0.17411,0.1679,0.17677,0.16465,0.16477,0.17389,0.175,0.17656,0.168,0.17214,0.18029
0.095536,0.099851,0.089849,0.093582,0.098342,0.089339,0.091771,0.088494,0.10025,0.098949,0.09072,0.092397,0.094048,0.097315,0.094595,0.094704,0.10258,0.09742,0.09534,0.10493,0.092278,0.094216,0.098966,0.094073,0.098494,0.09346,0.09875,0.095323,0.095282,0.094721,0.094935,0.098253,0.094075,0.10615,0.094338,0.10012,0.11022,0.10037,0.094342,0.094622
0.078627,0.077775,0.077848,0.078941,0.079841,0.081415,0.088804,0.093198,0.080466,0.079674,0.085051,0.095073,0.082664,0.084915,0.08646,0.089914,0.079032,0.085428,0.07755,0.089216,0.084349,0.086512,0.080023,0.07748,0.083446,0.083948,0.090509,0.078382,0.095849,0.088482,0.084699,0.0817,0.081471,0.081558,0.091426,0.081607,0.090501,0.08001,0.080245,0.086286
0.079298,0.071921,0.075811,0.077156,0.072956,0.071911,0.07689,0.076997,0.073968,0.081006,0.07016,0.072825,0.073846,0.074619,0.076219,0.083238,0.07563,0.079169,0.074938,0.079971,0.074414,0.078366,0.082107,0.073007,0.077352,0.080098,0.075767,0.075277,0.073955,0.073111,0.073807,0.078406,0.073768,0.080173,0.080815,0.081934,0.074951,0.074089,0.07694,0.075001
0.07247,0.070265,0.072907,0.073238,0.074185,0.072194,0.070675,0.074034,0.077067,0.070766,0.074732,0.075027,0.071669,0.070229,0.070645,0.074072,0.069925,0.069556,0.075593,0.070637,0.074606,0.070299,0.081241,0.071057,0.073362,0.071784,0.071294,0.071041,0.076752,0.071984,0.075096,0.075296,0.083028,0.0737,0.069665,0.083878,0.079491,0.075953,0.071693,0.080642
0.07212,0.080241,0.069479,0.06748,0.066864,0.068843,0.066103,0.067466,0.06917,0.072064,0.069742,0.069442,0.07009,0.06791,0.067937,0.070731,0.067673,0.069314,0.069355,0.072218,0.06935,0.069158,0.068937,0.077005,0.068704,0.070803,0.075322,0.067884,0.074931,0.071429,0.069787,0.071676,0.077988,0.073542,0.07023,0.077447,0.077723,0.069809,0.074478,0.072065
0.067668,0.068815,0.070439,0.068423,0.071881,0.07318,0.069312,0.068161,0.068498,0.072318,0.067324,0.074489,0.078508,0.070796,0.069224,0.070594,0.068105,0.069179,0.06777,0.067268,0.068432,0.070514,0.069636,0.068681,0.068069,0.069353,0.067812,0.069102,0.07157,0.066688,0.071085,0.078329,0.075371,0.070793,0.068019,0.071523,0.067904,0.068577,0.068785,0.069961
0.068803,0.077648,0.075554,0.069192,0.073622,0.068723,0.07169,0.075553,0.075145,0.069798,0.068085,0.067889,0.073024,0.070893,0.072478,0.068509,0.066494,0.06914,0.069507,0.074779,0.070066,0.075031,0.069131,0.07352,0.070464,0.067943,0.069354,0.07008,0.069975,0.06766,0.068535,0.074396,0.070413,0.073362,0.067252,0.067786,0.069705,0.068334,0.070641,0.069783
0.067419,0.066961,0.076534,0.070383,0.082023,0.069999,0.067581,0.073462,0.067561,0.069887,0.065944,0.076961,0.068737,0.070569,0.071304,0.074832,0.076429,0.066367,0.070873,0.074262,0.0709,0.072227,0.069957,0.078742,0.068192,0.080366,0.071768,0.067114,0.06916,0.075213,0.066189,0.065977,0.065752,0.074529,0.069517,0.071648,0.073526,0.078274,0.075629,0.071607
0.06759,0.073222,0.06675,0.076434,0.067585,0.067109,0.068304,0.069463,0.067109,0.073181,0.071244,0.067495,0.065987,0.067395,0.072767,0.06575,0.068898,0.068428,0.07955,0.068462,0.071253,0.067634,0.067265,0.068513,0.072587,0.066912,0.068839,0.067854,0.067785,0.068209,0.074186,0.066943,0.078383,0.067508,0.069995,0.067298,0.068826,0.07762,0.074109,0.068651
0.069698,0.069598,0.073904,0.06943,0.074637,0.065892,0.070701,0.068632,0.072213,0.086005,0.070163,0.075902,0.072534,0.079532,0.073782,0.067312,0.067668,0.072629,0.067372,0.071847,0.06566,0.067152,0.06373,0.067622,0.075201,0.071054,0.076638,0.075884,0.066039,0.06742,0.074237,0.067206,0.066883,0.066528,0.068411,0.067378,0.068079,0.074629,0.070924,0.067046
0.067064,0.067709,0.066325,0.065953,0.073787,0.068379,0.066062,0.066406,0.073269,0.073455,0.078972,0.070714,0.064068,0.066027,0.066054,0.074006,0.073467,0.067472,0.068509,0.068746,0.066678,0.067092,0.067086,0.066516,0.066716,0.072796,0.067054,0.074729,0.069378,0.075292,0.073734,0.068862,0.06788,0.066758,0.065923,0.068942,0.066234,0.074773,0.068496,0.075228
0.067862,0.075203,0.075076,0.068674,0.068663,0.074859,0.073343,0.067094,0.0668,0.067299,0.072683,0.075322,0.068074,0.073148,0.069107,0.068122,0.073456,0.065299,0.066507,0.071185,0.068676,0.072984,0.071996,0.067609,0.068,0.067611,0.068637,0.075961,0.079118,0.072028,0.067698,0.066889,0.067257,0.068777,0.073532,0.070265,0.075696,0.070283,0.073725,0.075045
0.064327,0.064229,0.06759,0.067385,0.065549,0.06919,0.071417,0.064492,0.070914,0.06572,0.07449,0.071741,0.066915,0.066832,0.066454,0.067738,0.06545,0.067555,0.075904,0.066776,0.067793,0.070392,0.067525,0.065769,0.06841,0.066567,0.067693,0.068836,0.066586,0.068417,0.068058,0.067348,0.067072,0.067539,0.068088,0.066346,0.068374,0.068099,0.065938,0.066345
0.066537,0.066807,0.064947,0.064857,0.067351,0.069885,0.067847,0.064916,0.065989,0.067335,0.06756,0.066062,0.067545,0.066156,0.065803,0.066247,0.068311,0.068283,0.066681,0.066317,0.071716,0.072495,0.07142,0.069848,0.067472,0.067616,0.065325,0.065489,0.071808,0.071562,0.074518,0.066542,0.073032,0.068044,0.069379,0.068638,0.066857,0.067613,0.068501,0.071778
0.072889,0.06754,0.066252,0.067396,0.066312,0.066175,0.065122,0.064955,0.073442,0.074721,0.06841,0.072365,0.074831,0.067892,0.073518,0.066172,0.066695,0.067281,0.070476,0.06665,0.074626,0.065846,0.075357,0.073793,0.06828,0.065412,0.068,0.06675,0.075867,0.068266,0.065732,0.066155,0.076216,0.074974,0.067839,0.073394,0.068166,0.068478,0.067708,0.0663
0.066427,0.066242,0.066278,0.066347,0.071128,0.067306,0.070715,0.067902,0.073304,0.068201,0.07048,0.064526,0.064012,0.066214,0.067499,0.073977,0.066882,0.07436,0.067222,0.067303,0.068997,0.071261,0.066447,0.072981,0.066843,0.065356,0.065217,0.065919,0.066762,0.068087,0.079509,0.068093,0.070167,0.07363,0.074682,0.067102,0.066943,0.067689,0.073617,0.067174
0.065674,0.072205,0.071502,0.066693,0.066026,0.06432,0.076482,0.066502,0.068895,0.067238,0.068081,0.065838,0.067161,0.078104,0.067391,0.065957,0.07172,0.065922,0.065722,0.066629,0.066186,0.065442,0.075842,0.067299,0.065479,0.067027,0.06563,0.065944,0.075027,0.073229,0.080304,0.073151,0.067162,0.070076,0.065898,0.072819,0.065414,0.064503,0.066294,0.065937
0.065405,0.065844,0.06579,0.065703,0.071415,0.074887,0.065658,0.06528,0.074016,0.065188,0.066744,0.067441,0.067529,0.068621,0.066865,0.071087,0.066821,0.066322,0.071554,0.065744,0.075585,0.066527,0.065754,0.06737,0.066441,0.066044,0.067139,0.066028,0.067493,0.068341,0.072636,0.070423,0.070362,0.068757,0.064687,0.067767,0.06858,0.066736,0.071307,0.066257
0.068076,0.066743,0.06748,0.066461,0.064867,0.067406,0.065199,0.065645,0.06555,0.065399,0.073145,0.068251,0.068461,0.070297,0.072995,0.065845,0.074429,0.06775,0.067626,0.067805,0.067393,0.068538,0.066263,0.073828,0.075925,0.066039,0.066449,0.065854,0.066812,0.065056,0.066219,0.065052,0.064136,0.067218,0.065235,0.067385,0.066273,0.067362,0.067461,0.071107
0.066854,0.064641,0.068715,0.067123,0.067191,0.069482,0.067466,0.066569,0.06676,0.070919,0.068039,0.066426,0.066489,0.067541,0.066329,0.066864,0.072155,0.069063,0.074098,0.074459,0.068987,0.072576,0.068099,0.067319,0.066106,0.06721,0.071236,0.0669,0.066853,0.067442,0.066334,0.066357,0.066838,0.069382,0.066438,0.072599,0.069257,0.066967,0.067601,0.067293
0.065632,0.066745,0.066031,0.065194,0.071041,0.065752,0.072363,0.064677,0.066588,0.070147,0.073364,0.071331,0.065114,0.067456,0.072531,0.073071,0.068449,0.06617,0.067496,0.066318,0.065504,0.06501,0.066078,0.066278,0.06884,0.072694,0.066419,0.075507,0.067863,0.072544,0.068826,0.068095,0.065069,0.072492,0.064931,0.07786,0.066249,0.071102,0.066559,0.06727
0.065564,0.068985,0.064771,0.073658,0.068597,0.066992,0.071625,0.071322,0.066793,0.065883,0.068328,0.074793,0.073527,0.065029,0.065215,0.067447,0.0753,0.066,0.065159,0.066693,0.066905,0.06695,0.074786,0.071849,0.067282,0.066552,0.067026,0.066922,0.067199,0.072169,0.068513,0.070578,0.065965,0.068755,0.066251,0.067166,0.075079,0.065979,0.065007,0.066065
0.070611,0.065676,0.068069,0.067703,0.064506,0.07296,0.067543,0.073062,0.069003,0.067443,0.067364,0.066471,0.067504,0.066082,0.068346,0.072547,0.065612,0.068449,0.073181,0.071625,0.066243,0.068262,0.070691,0.065097,0.064706,0.068928,0.070064,0.068015,0.066801,0.067175,0.066384,0.067993,0.06626,0.068126,0.075237,0.074181,0.083214,0.066951,0.066614,0.072701
0.066456,0.076146,0.066918,0.067688,0.066874,0.065074,0.067067,0.067296,0.066786,0.082953,0.066386,0.070941,0.066361,0.066182,0.066359,0.066943,0.064459,0.06862,0.065896,0.076689,0.066864,0.064197,0.068103,0.06813,0.074417,0.070976,0.066417,0.066188,0.06648,0.067452,0.065864,0.065482,0.069773,0.073942,0.065974,0.066336,0.065932,0.066956,0.06725,0.078039
0.066255,0.065263,0.064273,0.067095,0.066423,0.064814,0.067486,0.075033,0.066207,0.066272,0.072538,0.066966,0.066531,0.065118,0.065754,0.080074,0.06613,0.066115,0.072054,0.068398,0.070199,0.06932,0.073667,0.064699,0.06562,0.064953,0.069791,0.067632,0.072255,0.066518,0.065393,0.065623,0.066564,0.071406,0.066611,0.065458,0.065531,0.069804,0.069474,0.074026
0.06554,0.06822,0.066487,0.084687,0.068371,0.065771,0.072023,0.065215,0.073606,0.074939,0.071859,0.073688,0.071774,0.073613,0.067849,0.065938,0.069723,0.067679,0.066003,0.066202,0.071807,0.069439,0.066925,0.067593,0.074669,0.066246,0.066352,0.066364,0.06826,0.071808,0.066468,0.075517,0.071594,0.071445,0.069247,0.068423,0.067982,0.066918,0.067629,0.06744
0.067153,0.06933,0.070549,0.065288,0.06588,0.065493,0.064423,0.065924,0.075577,0.066318,0.064367,0.065552,0.065931,0.067405,0.067391,0.066375,0.073717,0.066242,0.072803,0.074777,0.071394,0.066627,0.067476,0.065404,0.067273,0.066707,0.067443,0.06834,0.066568,0.072642,0.072647,0.078986,0.065388,0.067766,0.075398,0.067106,0.065775,0.072931,0.067973,0.074182
0.06561,0.064526,0.07323,0.073334,0.0767,0.064501,0.085715,0.073211,0.073004,0.066264,0.064089,0.063738,0.066068,0.065114,0.06588,0.066552,0.068403,0.06715,0.068633,0.079672,0.074984,0.065035,0.066747,0.068415,0.064006,0.063067,0.066166,0.067505,0.066618,0.065424,0.065718,0.072155,0.072361,0.066159,0.06608,0.06781,0.066895,0.077638,0.074957,0.071696
0.072386,0.070473,0.065726,0.067379,0.073424,0.066973,0.066378,0.066302,0.073371,0.075633,0.068212,0.066585,0.066345,0.066981,0.064986,0.068463,0.064722,0.068868,0.064583,0.065186,0.06399,0.064462,0.066199,0.074673,0.069219,0.072821,0.065623,0.066039,0.067085,0.066863,0.065497,0.066982,0.06663,0.067606,0.071082,0.070749,0.066641,0.066267,0.066214,0.067345
0.065382,0.066913,0.066582,0.066073,0.065667,0.067796,0.066422,0.065298,0.065844,0.066168,0.064233,0.06731,0.065926,0.066973,0.06803,0.066268,0.066865,0.071135,0.06793,0.068209,0.068621,0.07877,0.068485,0.06837,0.066302,0.066176,0.078323,0.069036,0.068106,0.066441,0.066564,0.066512,0.067697,0.067039,0.066435,0.069868,0.068155,0.070328,0.072371,0.075534
0.07016,0.067771,0.06528,0.066603,0.071845,0.073839,0.073178,0.07013,0.065755,0.064385,0.073519,0.07266,0.066149,0.065581,0.066174,0.067607,0.067304,0.065692,0.065903,0.067121,0.065526,0.073521,0.067394,0.080178,0.067868,0.068447,0.07129,0.069076,0.066888,0.067167,0.066574,0.065315,0.069134,0.084247,0.073386,0.068049,0.067152,0.070047,0.066393,0.065016
0.071458,0.065034,0.065976,0.066652,0.07227,0.072059,0.064916,0.065134,0.066118,0.072647,0.066478,0.067504,0.066853,0.066847,0.069523,0.07126,0.065342,0.07567,0.071615,0.066983,0.069351,0.064462,0.073563,0.06753,0.066412,0.073758,0.064981,0.067157,0.07695,0.065683,0.065099,0.067124,0.073946,0.071894,0.066089,0.065911,0.073412,0.06686,0.073016,0.065854
0.064509,0.065109,0.065346,0.065705,0.072095,0.068222,0.067577,0.067777,0.07814,0.067022,0.066396,0.066728,0.066555,0.066039,0.066193,0.065745,0.075996,0.06481,0.066778,0.066397,0.07071,0.07202,0.064584,0.06462,0.065902,0.07,0.071158,0.065975,0.068451,0.066015,0.067082,0.064982,0.066235,0.066301,0.067363,0.065917,0.065759,0.065803,0.074334,0.070462
0.070967,0.06553,0.079998,0.070476,0.065304,0.070926,0.064746,0.066378,0.064697,0.066183,0.065149,0.066274,0.064962,0.067046,0.071812,0.072707,0.065021,0.066437,0.066185,0.066619,0.065376,0.064919,0.065118,0.065571,0.065205,0.06649,0.066782,0.068303,0.072787,0.069039,0.064581,0.074238,0.066543,0.066683,0.067042,0.073371,0.068661,0.067668,0.075128,0.072193
0.072687,0.071635,0.067569,0.065318,0.067044,0.065224,0.07224,0.070549,0.066552,0.065208,0.066247,0.066936,0.070182,0.065669,0.066605,0.069042,0.067294,0.068074,0.067042,0.066268,0.07196,0.066914,0.068375,0.07711,0.072471,0.066035,0.078726,0.066187,0.064909,0.073641,0.064345,0.065951,0.067209,0.066878,0.067391,0.078073,0.073856,0.067751,0.075943,0.068
0.064973,0.071668,0.076832,0.065392,0.067024,0.065656,0.066823,0.064928,0.066228,0.065997,0.068375,0.065252,0.065784,0.072457,0.063573,0.066623,0.065825,0.066557,0.066682,0.066376,0.066635,0.066039,0.066727,0.069989,0.072477,0.06655,0.066541,0.070514,0.066513,0.064082,0.065321,0.065942,0.071493,0.066999,0.065716,0.065454,0.064475,0.06525,0.071006,0.069161
0.074914,0.070334,0.066547,0.067946,0.06661,0.07529,0.06541,0.06518,0.071695,0.073035,0.073018,0.06579,0.07495,0.066187,0.06931,0.065698,0.065021,0.068303,0.074796,0.072827,0.078122,0.066979,0.066548,0.066848,0.07133,0.084574,0.067011,0.076244,0.068054,0.072799,0.067677,0.065897,0.07883,0.065355,0.067798,0.076273,0.067807,0.067523,0.066955,0.066671
0.065667,0.066477,0.06728,0.065251,0.066537,0.066199,0.066622,0.06556,0.065267,0.064811,0.067424,0.065704,0.066177,0.066818,0.074017,0.066633,0.065565,0.065943,0.064931,0.063821,0.065854,0.06499,0.085775,0.066996,0.06464,0.065488,0.06737,0.066415,0.065272,0.067269,0.066476,0.071136,0.075448,0.072139,0.069131,0.066086,0.067986,0.070522,0.069917,0.065847
0.064913,0.067441,0.066076,0.065111,0.065727,0.065196,0.0639,0.074449,0.063453,0.065729,0.069674,0.066192,0.064094,0.065792,0.072631,0.071142,0.066927,0.064706,0.064524,0.07568,0.073819,0.07468,0.072288,0.067852,0.06907,0.075626,0.072909,0.075256,0.07109,0.064999,0.067661,0.065663,0.065423,0.066405,0.067454,0.072713,0.064564,0.067462,0.065794,0.066323
