0.057636,0.043703,0.044457,0.038643,0.036865,0.037996,0.040028,0.043808,0.038091,0.048912,0.048748,0.050457,0.050048,0.053134,0.04839,0.049889,0.051645,0.044464,0.040155,0.045825,0.045877,0.041683,0.042525,0.040489,0.040214,0.043711,0.044187,0.045257,0.0397,0.038248,0.038581,0.040381,0.051021,0.046989,0.053359,0.051428,0.045263,0.054093,0.048362,0.049194
0.023888,0.023532,0.041244,0.040963,0.0382,0.028612,0.046049,0.048385,0.023627,0.039076,0.031295,0.027966,0.045575,0.025363,0.04072,0.052282,0.042281,0.047988,0.024731,0.033436,0.02618,0.026367,0.036658,0.027129,0.034416,0.024527,0.025613,0.024465,0.025952,0.035338,0.024467,0.03661,0.047547,0.030925,0.030645,0.037633,0.047328,0.034619,0.033017,0.032405
0.030794,0.034133,0.035259,0.048254,0.040521,0.030304,0.040576,0.042614,0.048205,0.044898,0.039558,0.028534,0.032831,0.042576,0.0455,0.032856,0.035214,0.027484,0.040322,0.042173,0.041931,0.036488,0.041493,0.035024,0.033159,0.031222,0.030447,0.026968,0.03202,0.027346,0.032703,0.036583,0.046157,0.028938,0.037091,0.033765,0.035231,0.038815,0.044608,0.052206
0.032025,0.032738,0.037735,0.03923,0.019655,0.035824,0.027642,0.038986,0.038157,0.040672,0.039203,0.036235,0.044887,0.036783,0.036092,0.038249,0.036408,0.035609,0.034423,0.034028,0.048096,0.038218,0.047251,0.036665,0.048345,0.035316,0.04809,0.03606,0.024991,0.035364,0.035143,0.035259,0.031697,0.029262,0.039822,0.043534,0.038036,0.031821,0.029136,0.040315
0.041608,0.041554,0.041898,0.034901,0.037188,0.046543,0.03572,0.03474,0.047981,0.029439,0.040627,0.02827,0.020257,0.029958,0.02009,0.032605,0.029551,0.020187,0.020892,0.025877,0.020342,0.03119,0.025687,0.020112,0.037482,0.027533,0.036575,0.034003,0.041747,0.047515,0.043131,0.037435,0.032882,0.033454,0.033846,0.031345,0.034461,0.033511,0.035416,0.024023
0.038727,0.020117,0.030752,0.019557,0.04759,0.028892,0.040922,0.042066,0.029039,0.02734,0.047385,0.036233,0.04834,0.027832,0.035918,0.040494,0.042924,0.036605,0.032849,0.030372,0.038341,0.049253,0.051466,0.0462,0.034201,0.02924,0.035054,0.037722,0.035033,0.045704,0.038408,0.033602,0.040438,0.020102,0.034545,0.034284,0.023151,0.028165,0.030619,0.028894
0.020222,0.03558,0.029492,0.019147,0.034308,0.029681,0.035709,0.034942,0.031917,0.036482,0.041301,0.037171,0.034105,0.034277,0.027773,0.036036,0.040633,0.041184,0.037191,0.033866,0.029392,0.03605,0.03295,0.034979,0.033905,0.033179,0.029317,0.041005,0.042623,0.036084,0.03493,0.020883,0.023134,0.040192,0.031344,0.034837,0.03133,0.031186,0.03722,0.031262
0.038265,0.042124,0.035145,0.036033,0.034342,0.034266,0.041147,0.034709,0.035664,0.035267,0.034578,0.028142,0.034736,0.03438,0.035374,0.030854,0.031731,0.035401,0.034573,0.03365,0.019107,0.044242,0.035332,0.035061,0.026089,0.0362,0.035687,0.034926,0.03441,0.033534,0.030022,0.034832,0.035765,0.046582,0.042418,0.021886,0.034092,0.034947,0.035117,0.034961
0.047444,0.028712,0.042265,0.041166,0.034327,0.041557,0.042442,0.035894,0.035531,0.032885,0.033248,0.035173,0.038798,0.03997,0.035327,0.035641,0.034342,0.047811,0.029577,0.03343,0.044446,0.03831,0.036536,0.034294,0.048285,0.034188,0.029822,0.035086,0.040084,0.030296,0.032103,0.030855,0.036126,0.031136,0.034496,0.03605,0.025723,0.037165,0.034635,0.033888
0.035123,0.030554,0.033262,0.019904,0.026432,0.037816,0.020701,0.027006,0.01986,0.027705,0.036229,0.019154,0.030647,0.035795,0.034085,0.027353,0.034049,0.035982,0.034808,0.035479,0.040465,0.020062,0.035815,0.019134,0.051044,0.042044,0.041606,0.041264,0.022948,0.027599,0.034178,0.035684,0.039894,0.042152,0.036211,0.034217,0.033752,0.033605,0.030464,0.034749
0.033414,0.036239,0.029323,0.039235,0.024759,0.032868,0.040519,0.041451,0.018584,0.029971,0.023069,0.033688,0.024604,0.020178,0.040461,0.047396,0.036197,0.036617,0.025829,0.019649,0.032964,0.029549,0.036486,0.033572,0.029069,0.041808,0.028623,0.034402,0.035156,0.021132,0.023114,0.038924,0.048536,0.019425,0.030374,0.033509,0.02027,0.036293,0.021697,0.033608
0.035447,0.034957,0.033582,0.033926,0.031428,0.03294,0.034809,0.029851,0.032687,0.034957,0.034792,0.035689,0.034573,0.040511,0.036411,0.034744,0.034896,0.033997,0.03349,0.029472,0.030662,0.039389,0.034269,0.028863,0.034376,0.036489,0.033577,0.033917,0.032504,0.030428,0.032009,0.018562,0.033653,0.033836,0.036191,0.03536,0.039767,0.04268,0.049133,0.041573
0.042527,0.041518,0.042064,0.041124,0.035992,0.034014,0.029778,0.040999,0.033441,0.031352,0.032322,0.035525,0.049158,0.03327,0.033632,0.028218,0.036113,0.034949,0.03539,0.048216,0.029007,0.038138,0.032185,0.033366,0.026738,0.035989,0.035083,0.035545,0.034612,0.035389,0.033833,0.029203,0.033685,0.03557,0.048739,0.033996,0.03476,0.031828,0.032526,0.034213
0.027253,0.033318,0.031713,0.028045,0.023347,0.025531,0.031173,0.027747,0.037273,0.033697,0.035498,0.048151,0.04925,0.019329,0.043687,0.036302,0.03368,0.033724,0.034492,0.032886,0.037514,0.040302,0.018328,0.039613,0.031494,0.032665,0.026718,0.035451,0.018512,0.037237,0.047739,0.034502,0.029389,0.040437,0.028901,0.033793,0.034089,0.03309,0.031813,0.034179
0.033706,0.030002,0.034779,0.040302,0.042299,0.036042,0.026866,0.036172,0.040274,0.029551,0.027571,0.041165,0.040937,0.036917,0.034673,0.035157,0.034352,0.030163,0.03206,0.037892,0.037945,0.04208,0.036149,0.035067,0.048259,0.027178,0.041446,0.029494,0.04378,0.01962,0.033644,0.036485,0.033942,0.03472,0.03362,0.035367,0.041556,0.042115,0.04828,0.033842
0.033317,0.034394,0.028484,0.037939,0.040849,0.018212,0.045283,0.041335,0.034537,0.029526,0.034677,0.028723,0.040729,0.028157,0.03531,0.034631,0.034419,0.034942,0.049167,0.02714,0.034853,0.036142,0.034634,0.033964,0.033724,0.026752,0.038555,0.035052,0.032115,0.028477,0.043795,0.040347,0.018342,0.02869,0.035008,0.020026,0.038465,0.039644,0.037924,0.040879
0.04093,0.035595,0.035937,0.033725,0.048394,0.030013,0.033072,0.042663,0.03908,0.036215,0.036001,0.035222,0.033707,0.03182,0.031898,0.035416,0.048027,0.034764,0.032767,0.030771,0.041541,0.041828,0.035224,0.034962,0.032686,0.03597,0.042097,0.035706,0.041577,0.035405,0.019361,0.036524,0.04044,0.041532,0.035736,0.035795,0.032738,0.034058,0.031356,0.033204
0.034953,0.027996,0.035392,0.040033,0.027585,0.036127,0.034726,0.030491,0.032571,0.035833,0.048238,0.034487,0.031438,0.032279,0.034949,0.019741,0.031695,0.032349,0.03422,0.019808,0.027126,0.037797,0.031297,0.030934,0.035207,0.034283,0.019591,0.029508,0.019709,0.024105,0.038627,0.036293,0.048131,0.035603,0.028529,0.033982,0.034436,0.034821,0.028952,0.034838
0.034628,0.03396,0.034466,0.033608,0.030419,0.034712,0.034221,0.03376,0.033758,0.028372,0.03797,0.033574,0.027302,0.035435,0.035456,0.033815,0.028512,0.035506,0.034835,0.035343,0.034458,0.02655,0.035366,0.03608,0.034222,0.031923,0.031138,0.03484,0.035055,0.032954,0.030787,0.033879,0.034432,0.027056,0.036244,0.035094,0.034628,0.036369,0.025502,0.03432
0.041961,0.026995,0.036927,0.033048,0.033787,0.035368,0.043719,0.0362,0.033715,0.026794,0.042749,0.03053,0.032551,0.026446,0.035456,0.043257,0.028021,0.033343,0.032884,0.037623,0.028187,0.03505,0.034005,0.03344,0.035105,0.029258,0.035068,0.03634,0.032501,0.038008,0.020769,0.040825,0.028454,0.033982,0.034666,0.0346,0.025817,0.037098,0.035298,0.034913
0.0336,0.03462,0.02875,0.034377,0.035822,0.031769,0.031251,0.03463,0.034848,0.033685,0.035463,0.030985,0.038292,0.027934,0.035821,0.028638,0.033657,0.018582,0.018889,0.026039,0.019061,0.017719,0.02849,0.019966,0.033776,0.035187,0.033791,0.034992,0.034401,0.030531,0.033379,0.040414,0.030364,0.034497,0.028855,0.03257,0.018108,0.037071,0.026481,0.036335
0.032873,0.029549,0.035569,0.034754,0.033775,0.03387,0.028799,0.036867,0.034845,0.030863,0.031436,0.035021,0.034466,0.029285,0.033883,0.040968,0.030975,0.036502,0.03117,0.030369,0.032626,0.035117,0.032275,0.030216,0.041497,0.042025,0.040876,0.027703,0.037079,0.027966,0.033694,0.018628,0.030458,0.035115,0.02745,0.033427,0.036864,0.018702,0.037104,0.033341
0.026235,0.019417,0.032608,0.033891,0.035402,0.029202,0.041615,0.022809,0.038855,0.035866,0.034416,0.029422,0.032127,0.035605,0.026913,0.036181,0.036297,0.033309,0.032221,0.036869,0.031144,0.033272,0.034066,0.027876,0.030135,0.039225,0.041087,0.042709,0.035373,0.033341,0.036312,0.029658,0.03357,0.034259,0.033335,0.029123,0.036214,0.033997,0.034918,0.031849
0.036926,0.027935,0.035446,0.028286,0.034104,0.03529,0.035172,0.034196,0.033659,0.029007,0.019646,0.030228,0.035968,0.036342,0.033107,0.032877,0.028128,0.051345,0.038639,0.035191,0.027811,0.029001,0.033492,0.03512,0.036884,0.035278,0.029691,0.038613,0.031061,0.032095,0.033665,0.029105,0.041421,0.025863,0.038131,0.047516,0.033788,0.035101,0.027692,0.036326
0.033887,0.034182,0.033609,0.030785,0.031681,0.020481,0.031455,0.034477,0.028644,0.01821,0.038281,0.034603,0.026357,0.03124,0.027804,0.025664,0.018534,0.029689,0.017719,0.018927,0.018323,0.018654,0.031593,0.03014,0.032558,0.035131,0.034725,0.025945,0.037125,0.040739,0.026567,0.017912,0.039452,0.029928,0.032607,0.029189,0.035273,0.034389,0.033974,0.028647
0.029381,0.046414,0.026393,0.036932,0.029294,0.033609,0.035663,0.034913,0.032242,0.036522,0.031856,0.031599,0.034008,0.028491,0.041385,0.042205,0.041543,0.029542,0.033456,0.028926,0.035336,0.034393,0.034398,0.033544,0.033697,0.030919,0.03387,0.033859,0.030039,0.034487,0.035412,0.034471,0.032767,0.036578,0.048282,0.031875,0.031281,0.035641,0.033129,0.033941
0.028786,0.036027,0.035617,0.0355,0.026964,0.03534,0.033835,0.02829,0.031657,0.037455,0.039054,0.032654,0.034941,0.030132,0.041313,0.01877,0.023898,0.036676,0.028966,0.028735,0.040773,0.028787,0.034062,0.034835,0.026569,0.036682,0.034812,0.034827,0.034927,0.027804,0.034399,0.035316,0.032577,0.036707,0.030934,0.033687,0.033319,0.034945,0.035415,0.029078
0.032594,0.018058,0.031098,0.035369,0.034811,0.032816,0.028067,0.036835,0.035139,0.025298,0.037355,0.041171,0.042478,0.032157,0.037623,0.03382,0.033959,0.034003,0.030893,0.026922,0.03441,0.036335,0.034179,0.035879,0.03424,0.031544,0.032385,0.035491,0.033019,0.018758,0.028631,0.035455,0.029072,0.034631,0.035129,0.035303,0.032306,0.030428,0.034394,0.023361
0.021575,0.045003,0.035753,0.020697,0.031187,0.039167,0.040824,0.033979,0.024481,0.032962,0.035662,0.033435,0.0185,0.018763,0.026646,0.017609,0.036393,0.027602,0.036222,0.035343,0.02797,0.041418,0.030382,0.032597,0.034999,0.026892,0.018773,0.018359,0.022652,0.028059,0.031954,0.040771,0.026946,0.034961,0.029656,0.035751,0.033893,0.028426,0.033324,0.035911
0.040795,0.041531,0.036191,0.034345,0.029115,0.034043,0.041412,0.028933,0.033324,0.035483,0.029871,0.033493,0.033636,0.036078,0.035446,0.028154,0.035001,0.033856,0.03183,0.030108,0.036396,0.033277,0.036811,0.028876,0.033008,0.034995,0.027412,0.034456,0.041737,0.042237,0.035919,0.034846,0.033079,0.029322,0.034268,0.034707,0.035753,0.03368,0.028773,0.035356
0.034977,0.03439,0.048901,0.032098,0.030979,0.034115,0.035042,0.027084,0.042114,0.02903,0.040177,0.03049,0.033916,0.028668,0.033616,0.017552,0.037622,0.031047,0.032997,0.033284,0.03565,0.041908,0.041114,0.031538,0.038243,0.031178,0.030391,0.039682,0.021637,0.038729,0.034972,0.034191,0.023601,0.040249,0.037761,0.029562,0.033771,0.028865,0.042372,0.021644
0.042798,0.029441,0.039949,0.024364,0.038128,0.034863,0.032257,0.029026,0.037281,0.047703,0.028803,0.034953,0.035106,0.034844,0.03388,0.035376,0.04845,0.028488,0.035068,0.034874,0.034679,0.034642,0.028956,0.017168,0.035258,0.030802,0.034589,0.035294,0.047682,0.036668,0.032779,0.030088,0.034208,0.033596,0.033875,0.035739,0.031707,0.031603,0.018108,0.030668
0.03601,0.033451,0.034954,0.048494,0.034739,0.033173,0.030236,0.033529,0.035507,0.028319,0.042741,0.026341,0.030033,0.041233,0.040397,0.041199,0.028888,0.027381,0.020345,0.025494,0.024053,0.018519,0.038333,0.032587,0.030395,0.018806,0.029562,0.03624,0.018428,0.028811,0.035952,0.035046,0.027588,0.042377,0.025954,0.035796,0.036051,0.031371,0.037514,0.026762
0.036539,0.03335,0.029677,0.040228,0.032329,0.026699,0.033404,0.035923,0.033057,0.034843,0.033679,0.034177,0.027197,0.038515,0.034096,0.027946,0.040265,0.029714,0.034987,0.026451,0.036706,0.034619,0.034829,0.040491,0.020232,0.035282,0.042309,0.041947,0.035523,0.035819,0.03416,0.035743,0.030024,0.032317,0.018772,0.019815,0.028052,0.0364,0.030051,0.034324
0.024874,0.03619,0.036874,0.019348,0.03181,0.032037,0.034469,0.034302,0.026879,0.035695,0.037826,0.026688,0.040801,0.028033,0.034653,0.035976,0.031906,0.026104,0.037378,0.017822,0.017317,0.01809,0.018764,0.027034,0.018488,0.017736,0.033291,0.024118,0.022899,0.025587,0.028619,0.031117,0.035342,0.03506,0.04828,0.027989,0.034221,0.036645,0.034137,0.034102
0.029313,0.034323,0.02939,0.039742,0.029731,0.033055,0.036614,0.034119,0.033488,0.028846,0.035028,0.035622,0.034449,0.03057,0.032742,0.034431,0.035138,0.03403,0.033538,0.035692,0.041861,0.035443,0.035863,0.034672,0.026825,0.042223,0.030645,0.032149,0.032409,0.019111,0.019196,0.02729,0.019299,0.018979,0.01898,0.022014,0.019389,0.019872,0.018421,0.030966
0.034226,0.033408,0.03426,0.030338,0.040953,0.026628,0.035521,0.035633,0.04809,0.029252,0.034614,0.035817,0.033916,0.029004,0.033933,0.034988,0.033527,0.029602,0.033462,0.041526,0.035289,0.026998,0.030882,0.032751,0.036295,0.034243,0.025922,0.038055,0.03327,0.03498,0.035173,0.048792,0.027231,0.035469,0.041188,0.025761,0.03836,0.034062,0.033321,0.029855
0.035155,0.032891,0.029663,0.040544,0.037531,0.044287,0.030985,0.029283,0.033337,0.023353,0.030809,0.03489,0.032334,0.018199,0.028523,0.01868,0.034675,0.019386,0.031452,0.031885,0.029556,0.03577,0.035013,0.027978,0.041704,0.04877,0.03135,0.032168,0.034856,0.032861,0.033704,0.029743,0.037041,0.033499,0.032967,0.031268,0.040751,0.030168,0.033284,0.028266
0.029535,0.028016,0.032767,0.026918,0.018465,0.030224,0.035341,0.035928,0.032391,0.033928,0.030797,0.033963,0.034666,0.019289,0.027376,0.018391,0.029214,0.019482,0.018316,0.028906,0.034773,0.030022,0.039936,0.034033,0.034286,0.033982,0.029751,0.035305,0.026946,0.036643,0.040626,0.048387,0.034883,0.026501,0.032094,0.041037,0.028379,0.033335,0.03475,0.032439
0.031065,0.033984,0.034922,0.032984,0.030712,0.040747,0.029019,0.033338,0.039842,0.020015,0.038215,0.038414,0.035241,0.025013,0.031146,0.023973,0.019267,0.026122,0.018468,0.018252,0.018839,0.028622,0.018343,0.0329,0.018255,0.031673,0.034491,0.0333,0.035426,0.023976,0.039095,0.018309,0.018878,0.026646,0.019088,0.01889,0.019201,0.027645,0.033589,0.034453
