0.07681,0.061669,0.054144,0.056442,0.057089,0.057397,0.059049,0.067686,0.057248,0.0598,0.058798,0.060536,0.056776,0.06075,0.053907,0.059978,0.061839,0.056276,0.053617,0.055312,0.058668,0.060123,0.055103,0.061354,0.065331,0.055664,0.056049,0.053817,0.063792,0.055016,0.058346,0.060158,0.064478,0.052694,0.054528,0.055123,0.058806,0.056305,0.066341,0.061106
0.037122,0.038629,0.037546,0.035224,0.041809,0.039814,0.057528,0.037406,0.036777,0.053071,0.052911,0.042638,0.043149,0.036664,0.040704,0.035056,0.050957,0.036058,0.036554,0.041753,0.049582,0.05432,0.046073,0.036871,0.036118,0.042484,0.037328,0.036845,0.037231,0.037723,0.052815,0.051342,0.051172,0.03688,0.041722,0.036701,0.045159,0.035998,0.035932,0.042438
0.037615,0.032912,0.051064,0.032344,0.051028,0.032711,0.032901,0.033248,0.032208,0.039158,0.0317,0.031561,0.036176,0.050038,0.032172,0.03337,0.031661,0.033809,0.034767,0.032561,0.032266,0.033425,0.040769,0.034347,0.03395,0.033322,0.03453,0.032364,0.033126,0.032367,0.038052,0.032256,0.034388,0.032197,0.035063,0.034082,0.032832,0.034246,0.033141,0.041236
0.032851,0.036836,0.038284,0.033617,0.041741,0.03842,0.033093,0.039392,0.036597,0.032528,0.039967,0.031733,0.037003,0.035831,0.039645,0.038076,0.035471,0.033292,0.034883,0.033633,0.034725,0.040454,0.031493,0.033343,0.031526,0.035026,0.035403,0.036577,0.032743,0.033845,0.032782,0.032626,0.035656,0.032711,0.037427,0.042971,0.037377,0.039505,0.033385,0.039069
0.031456,0.030443,0.037854,0.031207,0.03025,0.040811,0.03106,0.031614,0.030182,0.03028,0.031148,0.044645,0.034592,0.031399,0.031302,0.031803,0.041217,0.029165,0.030196,0.030582,0.032117,0.031038,0.032285,0.032186,0.033211,0.035297,0.031216,0.031442,0.032854,0.031094,0.030771,0.031749,0.0314,0.039157,0.037062,0.033203,0.038552,0.032719,0.030831,0.034898
0.030476,0.034259,0.03735,0.02907,0.034218,0.034536,0.029152,0.031726,0.031433,0.030503,0.036758,0.03027,0.031453,0.040787,0.039086,0.035055,0.02974,0.032272,0.053778,0.02929,0.031222,0.051744,0.030578,0.036226,0.032091,0.034604,0.036587,0.029897,0.039816,0.031621,0.033099,0.033992,0.029216,0.030883,0.056029,0.031279,0.034429,0.040078,0.038222,0.033405
0.051405,0.048735,0.049478,0.046439,0.051037,0.05593,0.029082,0.054449,0.037008,0.035954,0.028199,0.046076,0.03234,0.050544,0.03335,0.032944,0.044972,0.029837,0.032687,0.029519,0.036055,0.028732,0.030741,0.050176,0.036848,0.033905,0.032247,0.030302,0.034883,0.035639,0.043086,0.042974,0.028441,0.041558,0.02967,0.03129,0.030431,0.042711,0.029552,0.028822
0.030788,0.041572,0.0291,0.038579,0.029535,0.032943,0.029471,0.034218,0.034488,0.029448,0.05932,0.028509,0.041766,0.030371,0.036148,0.037982,0.055627,0.029664,0.032016,0.05524,0.038169,0.038289,0.035351,0.04993,0.047503,0.057317,0.031325,0.039422,0.029111,0.028738,0.052731,0.029827,0.035953,0.029839,0.051072,0.056995,0.036389,0.029379,0.032603,0.036219
0.034363,0.028625,0.028358,0.051037,0.032095,0.057751,0.028188,0.029414,0.055005,0.029951,0.035662,0.029746,0.040512,0.027951,0.045627,0.029639,0.03012,0.030567,0.037695,0.037335,0.030486,0.029813,0.036296,0.030278,0.029784,0.031225,0.030401,0.030465,0.029074,0.029554,0.038814,0.02934,0.035315,0.041087,0.038466,0.030575,0.05165,0.046704,0.052971,0.048748
0.050947,0.03312,0.054545,0.028618,0.04781,0.049402,0.055936,0.04856,0.048861,0.047955,0.050562,0.055668,0.049308,0.050059,0.036311,0.034327,0.036169,0.043795,0.036923,0.028169,0.029278,0.053016,0.037081,0.035162,0.02841,0.030875,0.031762,0.036541,0.036901,0.037939,0.029899,0.034963,0.03056,0.029925,0.029883,0.036273,0.029381,0.030252,0.033398,0.030817
0.028767,0.029658,0.032319,0.033493,0.039749,0.028036,0.052174,0.029233,0.057684,0.028056,0.030392,0.043662,0.029255,0.03803,0.028948,0.027452,0.052478,0.038347,0.029403,0.051721,0.029351,0.034538,0.031644,0.049383,0.049569,0.049314,0.059577,0.030245,0.03804,0.030285,0.03291,0.027693,0.031239,0.035614,0.048987,0.045,0.031244,0.029327,0.029114,0.040197
0.028091,0.028675,0.040472,0.030741,0.030001,0.050051,0.04917,0.049613,0.055961,0.029576,0.035123,0.031888,0.032185,0.051613,0.034228,0.049688,0.03694,0.02887,0.030897,0.052397,0.035122,0.033449,0.028616,0.052736,0.050188,0.049269,0.056126,0.029738,0.033299,0.048259,0.047066,0.04975,0.055901,0.048024,0.03154,0.033725,0.030839,0.036908,0.032602,0.040498
0.02886,0.030183,0.031581,0.042602,0.036855,0.031016,0.037845,0.029594,0.029199,0.036697,0.028648,0.027671,0.035127,0.031311,0.029422,0.029049,0.028598,0.030212,0.030285,0.03116,0.029563,0.033707,0.029828,0.029408,0.034483,0.030469,0.029079,0.029038,0.029198,0.031669,0.033294,0.033894,0.030804,0.030118,0.029545,0.028968,0.03585,0.02901,0.030462,0.040204
0.027661,0.034776,0.049999,0.05003,0.048232,0.050587,0.033062,0.049937,0.049663,0.047361,0.057048,0.028764,0.054422,0.030062,0.031026,0.036976,0.03086,0.035473,0.039232,0.035379,0.027983,0.029169,0.029501,0.029402,0.028903,0.028765,0.033205,0.030756,0.03342,0.038777,0.028134,0.039853,0.028426,0.038893,0.030659,0.031276,0.031966,0.035194,0.030952,0.055389
0.03039,0.029679,0.050535,0.050171,0.036983,0.031509,0.032434,0.052444,0.03046,0.053154,0.031511,0.049547,0.039828,0.027805,0.051637,0.032048,0.044342,0.045256,0.028069,0.03089,0.034851,0.029472,0.029215,0.029692,0.028779,0.033913,0.031511,0.032198,0.030247,0.029801,0.029976,0.035965,0.029352,0.028366,0.050822,0.033095,0.054831,0.029521,0.055988,0.029188
0.029085,0.053142,0.029481,0.05525,0.035323,0.032223,0.028115,0.050096,0.049704,0.055774,0.030157,0.034715,0.028624,0.047926,0.060487,0.028041,0.031421,0.049452,0.035358,0.040076,0.028345,0.028543,0.052288,0.047142,0.057461,0.030783,0.030174,0.050074,0.049965,0.062561,0.041974,0.028954,0.035177,0.031071,0.033693,0.034449,0.039879,0.037083,0.030442,0.029715
0.029274,0.03419,0.036798,0.034156,0.028043,0.03154,0.039105,0.028802,0.037955,0.030093,0.040403,0.031358,0.028582,0.038311,0.034647,0.028773,0.039172,0.035041,0.029197,0.027864,0.03397,0.028807,0.054223,0.030872,0.038606,0.029116,0.035282,0.030754,0.037212,0.029467,0.038701,0.029443,0.03717,0.028595,0.038464,0.037412,0.028245,0.041579,0.041092,0.031843
0.039601,0.027674,0.033364,0.029548,0.045394,0.03046,0.02754,0.029803,0.059855,0.026769,0.029962,0.039985,0.027599,0.032717,0.042647,0.028176,0.029116,0.032715,0.038029,0.029217,0.041191,0.031499,0.035293,0.040321,0.042553,0.028402,0.031346,0.035051,0.030306,0.03725,0.030238,0.035197,0.041997,0.030419,0.028456,0.04174,0.02913,0.027967,0.031705,0.039013
0.036328,0.029582,0.028258,0.035527,0.034933,0.029812,0.033381,0.039539,0.038769,0.032466,0.027819,0.027908,0.036651,0.029655,0.039535,0.029593,0.030563,0.035247,0.042889,0.029465,0.027916,0.03129,0.041166,0.036157,0.037161,0.039051,0.032072,0.032198,0.036127,0.028301,0.041514,0.028457,0.035778,0.029179,0.042946,0.028535,0.030912,0.030053,0.041613,0.029144
0.029274,0.042281,0.035237,0.028891,0.028144,0.031299,0.040531,0.027455,0.031985,0.043802,0.027879,0.028526,0.036461,0.032099,0.033736,0.035626,0.029877,0.036492,0.029717,0.052504,0.045371,0.053128,0.048833,0.038676,0.033413,0.03036,0.031835,0.035289,0.040004,0.026692,0.031206,0.054212,0.028176,0.039321,0.038222,0.031814,0.036611,0.028843,0.028315,0.029559
0.036515,0.038116,0.027253,0.035024,0.030844,0.046797,0.041386,0.034181,0.027943,0.038657,0.028458,0.037936,0.028384,0.035757,0.032987,0.034892,0.029203,0.036858,0.030084,0.032362,0.042173,0.034554,0.028696,0.044406,0.041023,0.027609,0.038689,0.039216,0.043386,0.02744,0.039092,0.02864,0.032974,0.034346,0.039802,0.028112,0.046521,0.050241,0.055786,0.036887
0.029491,0.028122,0.038437,0.036327,0.027648,0.046703,0.041881,0.027966,0.035881,0.028636,0.045409,0.028621,0.038741,0.029864,0.043069,0.04918,0.03256,0.039062,0.035661,0.029101,0.029576,0.031994,0.039366,0.028795,0.031764,0.036064,0.030076,0.037981,0.029814,0.050031,0.033329,0.036377,0.029475,0.042816,0.027723,0.031643,0.031235,0.054646,0.03002,0.051702
0.048366,0.048728,0.049296,0.044588,0.02895,0.027439,0.040667,0.027864,0.047827,0.04772,0.043812,0.029733,0.030265,0.03634,0.036511,0.027707,0.030054,0.03865,0.035633,0.027781,0.040164,0.02869,0.036901,0.028101,0.038706,0.03044,0.02948,0.041719,0.028054,0.053022,0.028576,0.036047,0.033419,0.03029,0.033082,0.041807,0.030866,0.052494,0.036929,0.038909
0.031983,0.0344,0.034248,0.03431,0.04495,0.057399,0.029062,0.036799,0.03952,0.027571,0.027712,0.037567,0.038813,0.027539,0.037869,0.027471,0.05406,0.027674,0.047403,0.049986,0.041977,0.028031,0.030786,0.038987,0.028464,0.055123,0.029301,0.034449,0.034322,0.041394,0.027876,0.028013,0.036257,0.034403,0.040625,0.030682,0.028014,0.029439,0.029509,0.028738
0.031521,0.028909,0.032727,0.030075,0.028866,0.028306,0.031569,0.034549,0.034514,0.02959,0.043739,0.036118,0.034785,0.03597,0.035429,0.030368,0.036541,0.030752,0.03607,0.031163,0.037642,0.029994,0.030543,0.029895,0.031739,0.029074,0.028802,0.031214,0.038904,0.030367,0.030138,0.035908,0.031673,0.030586,0.029152,0.039253,0.030659,0.030763,0.037487,0.038462
0.03263,0.030483,0.033178,0.029875,0.028875,0.029958,0.031676,0.035673,0.035255,0.02738,0.028678,0.038026,0.029796,0.030487,0.029661,0.028042,0.037564,0.0299,0.033605,0.028814,0.030857,0.029827,0.040741,0.035863,0.027887,0.03048,0.028821,0.028347,0.02829,0.028607,0.029146,0.028694,0.03003,0.029968,0.029114,0.028061,0.031287,0.0314,0.029304,0.029179
0.039798,0.030418,0.035383,0.029234,0.029836,0.029833,0.031495,0.03094,0.03818,0.029444,0.034174,0.035205,0.030245,0.034637,0.03005,0.035019,0.035894,0.032292,0.029929,0.030771,0.039158,0.02828,0.029318,0.030673,0.030836,0.029314,0.030328,0.028076,0.029039,0.029588,0.030401,0.029671,0.029583,0.030125,0.03075,0.030237,0.02998,0.038444,0.031295,0.0326
0.037026,0.034692,0.02916,0.03975,0.029372,0.031177,0.03091,0.030798,0.037676,0.028905,0.030107,0.031672,0.030399,0.028207,0.032887,0.030639,0.030502,0.031773,0.03147,0.031629,0.031921,0.037992,0.030647,0.029973,0.03513,0.029251,0.030263,0.030801,0.044586,0.029493,0.030091,0.0302,0.038766,0.031743,0.039487,0.031366,0.032918,0.0293,0.030469,0.029872
0.037951,0.03041,0.033466,0.029559,0.030708,0.030874,0.037732,0.031707,0.03198,0.036722,0.035594,0.030293,0.030036,0.032293,0.029416,0.028086,0.032344,0.032859,0.029999,0.038374,0.030111,0.030115,0.032633,0.02938,0.036311,0.029988,0.029459,0.029386,0.029794,0.029472,0.033216,0.030006,0.037566,0.030953,0.027865,0.032573,0.030361,0.031461,0.028981,0.029803
0.029609,0.03069,0.033412,0.029126,0.028829,0.028894,0.029265,0.031736,0.029389,0.033859,0.02827,0.027154,0.033882,0.04154,0.027302,0.047425,0.034522,0.029169,0.037435,0.030277,0.035861,0.036287,0.034101,0.02808,0.033934,0.030828,0.037641,0.029645,0.037944,0.02853,0.035803,0.034178,0.032046,0.032932,0.033525,0.03326,0.040146,0.028096,0.046069,0.044529
0.027063,0.028936,0.032995,0.039636,0.028983,0.031087,0.027856,0.026983,0.03679,0.028891,0.030949,0.035385,0.044688,0.036516,0.031993,0.043276,0.027601,0.046275,0.039404,0.026501,0.042188,0.031679,0.027586,0.035924,0.03865,0.032584,0.034303,0.034714,0.028455,0.027797,0.040052,0.027686,0.033798,0.038127,0.028276,0.037335,0.035242,0.030267,0.029246,0.036453
0.03015,0.039366,0.029243,0.032166,0.035278,0.030563,0.046871,0.041537,0.032057,0.047972,0.032088,0.038024,0.027887,0.034894,0.049259,0.052864,0.050892,0.0289,0.041415,0.028473,0.033248,0.030706,0.035046,0.034389,0.040105,0.028377,0.033579,0.02902,0.034937,0.035898,0.046398,0.033583,0.033977,0.034174,0.032038,0.03295,0.036275,0.029926,0.038542,0.028095
0.033161,0.038288,0.028861,0.036372,0.027466,0.059564,0.027907,0.03018,0.042294,0.027092,0.033123,0.030576,0.040505,0.026691,0.036302,0.029727,0.03966,0.02936,0.040504,0.029699,0.027786,0.036405,0.030367,0.055911,0.027861,0.03916,0.029139,0.035878,0.027245,0.034381,0.038678,0.028625,0.02799,0.028708,0.028217,0.036605,0.033674,0.027628,0.034211,0.028186
0.027374,0.02782,0.038849,0.028508,0.03309,0.035678,0.028879,0.03811,0.029345,0.037039,0.029418,0.042543,0.027855,0.033501,0.030938,0.038808,0.028703,0.03383,0.04159,0.033154,0.027351,0.038475,0.029122,0.033708,0.029743,0.033339,0.035125,0.029514,0.036307,0.031752,0.036189,0.028729,0.035157,0.037635,0.028627,0.035384,0.033342,0.041618,0.028497,0.028396
0.033058,0.034367,0.043554,0.029758,0.028294,0.029435,0.03855,0.029715,0.034104,0.030596,0.039189,0.028705,0.034533,0.033733,0.031004,0.035005,0.035155,0.051136,0.029146,0.038533,0.032327,0.038837,0.03914,0.028742,0.029197,0.027841,0.038015,0.027528,0.034815,0.033263,0.030318,0.037037,0.029603,0.038288,0.029748,0.035778,0.031159,0.036175,0.029123,0.03675
0.029254,0.041693,0.032809,0.032539,0.029003,0.033762,0.031013,0.032786,0.037746,0.0378,0.034839,0.028375,0.032781,0.030579,0.034127,0.03446,0.030889,0.034443,0.050883,0.049078,0.03359,0.033316,0.031513,0.036624,0.030643,0.035792,0.036873,0.035174,0.028861,0.028627,0.053679,0.030725,0.040083,0.035122,0.028754,0.045486,0.058722,0.029528,0.038085,0.028323
0.027625,0.037284,0.030732,0.032406,0.039498,0.029082,0.037116,0.02964,0.031518,0.040639,0.031285,0.030382,0.055468,0.028141,0.030256,0.037568,0.030395,0.034342,0.036356,0.02795,0.037107,0.039428,0.029149,0.028839,0.035281,0.030103,0.037754,0.039902,0.028253,0.029359,0.053348,0.028902,0.036619,0.03015,0.039699,0.034418,0.028655,0.032285,0.032802,0.031229
0.041024,0.026707,0.031303,0.044632,0.036604,0.02893,0.027454,0.030598,0.039257,0.028326,0.03941,0.032485,0.039715,0.033289,0.028601,0.027845,0.031801,0.033487,0.037739,0.030195,0.030539,0.047721,0.032317,0.031134,0.034491,0.029167,0.027171,0.034092,0.034085,0.030842,0.034711,0.03792,0.027659,0.041484,0.028197,0.032935,0.0377,0.035256,0.028293,0.047139
0.056071,0.028797,0.034887,0.039029,0.029414,0.027905,0.033155,0.044092,0.029203,0.027997,0.033924,0.030439,0.034679,0.036032,0.029341,0.036961,0.040454,0.029656,0.027673,0.035042,0.031586,0.03757,0.029284,0.039544,0.027047,0.032356,0.052646,0.03725,0.034779,0.02788,0.033194,0.029637,0.044521,0.028134,0.037782,0.028609,0.029555,0.033664,0.037909,0.029181
0.031804,0.046881,0.053756,0.03344,0.049481,0.049452,0.036171,0.035767,0.036131,0.028335,0.051206,0.036233,0.036473,0.037972,0.03717,0.047384,0.0494,0.049994,0.054851,0.028744,0.04088,0.02779,0.037839,0.033303,0.035218,0.028818,0.037655,0.028272,0.03881,0.027857,0.030361,0.057993,0.027894,0.031007,0.052106,0.038234,0.035345,0.028476,0.029366,0.036952
