0.042106,0.040099,0.035471,0.039605,0.040845,0.03436,0.033376,0.033901,0.046909,0.034413,0.034806,0.033415,0.034579,0.050289,0.05013,0.034431,0.035935,0.035764,0.034357,0.03728,0.033841,0.041775,0.037907,0.042897,0.03593,0.048761,0.038731,0.034956,0.043363,0.042193,0.034234,0.038933,0.034808,0.042498,0.038361,0.052308,0.049365,0.049512,0.051193,0.048158
0.040406,0.026719,0.028731,0.024739,0.030457,0.028337,0.024545,0.033951,0.033117,0.04005,0.0273,0.031505,0.032583,0.033591,0.040735,0.030679,0.026162,0.036013,0.034617,0.03354,0.032999,0.040452,0.047051,0.044053,0.039191,0.041913,0.035969,0.035079,0.038897,0.041856,0.037048,0.048946,0.037729,0.030003,0.031648,0.027289,0.02405,0.02571,0.02439,0.026677
0.022975,0.028011,0.022822,0.02741,0.022356,0.023326,0.023142,0.023378,0.022899,0.022571,0.049637,0.032976,0.047924,0.032495,0.026625,0.025967,0.031422,0.037955,0.034637,0.023984,0.038945,0.034181,0.029304,0.039931,0.0422,0.036047,0.034692,0.035022,0.047976,0.033064,0.03676,0.040906,0.022394,0.034025,0.031964,0.037898,0.046208,0.032987,0.030391,0.037682
0.035855,0.029799,0.030518,0.034883,0.038666,0.045572,0.037917,0.049815,0.03072,0.051641,0.048949,0.045246,0.036184,0.047345,0.038777,0.046064,0.036559,0.030677,0.03449,0.034535,0.037027,0.024691,0.03713,0.043247,0.042713,0.027401,0.035076,0.048407,0.03809,0.040088,0.044572,0.047557,0.033821,0.029775,0.031427,0.035157,0.043588,0.022191,0.03728,0.042802
0.04218,0.024478,0.044259,0.022815,0.033934,0.035698,0.034012,0.035149,0.048469,0.034768,0.047505,0.035467,0.031768,0.037719,0.049079,0.029378,0.035268,0.04743,0.036311,0.033748,0.047812,0.035767,0.048798,0.048695,0.035638,0.047559,0.035825,0.048693,0.04851,0.035602,0.048187,0.034418,0.042404,0.043217,0.047019,0.03127,0.030391,0.036718,0.03563,0.048147
0.034315,0.036677,0.032775,0.044041,0.034352,0.034992,0.035475,0.052621,0.045375,0.035602,0.0314,0.035843,0.034638,0.028907,0.033795,0.034636,0.048719,0.03485,0.048325,0.034843,0.048476,0.039928,0.031649,0.041525,0.021331,0.034482,0.032396,0.030838,0.034182,0.041345,0.026198,0.036987,0.034817,0.048693,0.031832,0.034523,0.035326,0.033555,0.02408,0.042358
0.024102,0.032833,0.042216,0.041422,0.041512,0.024904,0.039145,0.047594,0.034184,0.048951,0.035413,0.04837,0.035007,0.049475,0.048941,0.035194,0.04823,0.024394,0.026068,0.033757,0.034574,0.048012,0.031211,0.036496,0.039813,0.028464,0.044892,0.036595,0.034499,0.047933,0.037116,0.03062,0.030526,0.035357,0.028258,0.035431,0.033765,0.04124,0.026563,0.035979
0.04855,0.032358,0.028269,0.044782,0.042045,0.035618,0.034216,0.04858,0.034257,0.035597,0.030416,0.038028,0.024211,0.039866,0.048536,0.033335,0.033141,0.031552,0.020644,0.035621,0.02777,0.03418,0.036277,0.026941,0.041436,0.029508,0.035545,0.031766,0.050076,0.047851,0.033234,0.035273,0.031421,0.039685,0.042264,0.035442,0.048933,0.035308,0.02842,0.033332
0.035149,0.034972,0.033932,0.0361,0.026985,0.03487,0.035963,0.046065,0.03738,0.027974,0.040816,0.041564,0.036239,0.035579,0.034941,0.047745,0.03598,0.047419,0.034664,0.035665,0.033145,0.032561,0.030789,0.036564,0.032188,0.028546,0.023825,0.027642,0.024247,0.024862,0.038968,0.049223,0.042022,0.03988,0.033127,0.031302,0.036417,0.047295,0.035059,0.032424
0.03572,0.044282,0.024369,0.025439,0.033909,0.040739,0.026377,0.03718,0.036159,0.027824,0.034019,0.033969,0.049569,0.034042,0.048665,0.035808,0.048778,0.020933,0.029363,0.032956,0.033461,0.029512,0.041762,0.028996,0.027157,0.03631,0.034474,0.034272,0.035737,0.047731,0.034396,0.049261,0.033827,0.033734,0.033888,0.026485,0.021662,0.030684,0.036572,0.029632
0.040642,0.033325,0.027343,0.042337,0.02977,0.038198,0.020671,0.037344,0.035568,0.03461,0.026276,0.037654,0.038685,0.043051,0.034912,0.050024,0.03458,0.047749,0.03572,0.047879,0.036492,0.030484,0.031861,0.035407,0.034484,0.048935,0.033842,0.032355,0.033941,0.032463,0.027826,0.035427,0.034219,0.035093,0.034423,0.048805,0.035103,0.036274,0.032377,0.041184
0.036066,0.036239,0.028047,0.041008,0.04805,0.048819,0.035341,0.036007,0.029262,0.032431,0.034911,0.048531,0.035019,0.048467,0.036475,0.030385,0.036559,0.04964,0.042196,0.035756,0.035106,0.030291,0.037973,0.049801,0.028328,0.042403,0.040782,0.041901,0.040791,0.042483,0.029983,0.033894,0.035227,0.034466,0.030433,0.031411,0.040961,0.042527,0.035385,0.037697
0.026348,0.033948,0.034646,0.047988,0.040986,0.042769,0.035609,0.048447,0.035603,0.048262,0.025238,0.022605,0.03594,0.026894,0.042927,0.028925,0.032345,0.035872,0.049197,0.032624,0.031168,0.034503,0.034409,0.035568,0.04793,0.035481,0.047816,0.036015,0.025455,0.042176,0.04317,0.030515,0.027836,0.032684,0.024413,0.038294,0.049043,0.034697,0.034447,0.032914
0.043076,0.03683,0.034315,0.035729,0.035164,0.039024,0.043597,0.032716,0.043465,0.035502,0.033922,0.035855,0.033735,0.034452,0.042105,0.041532,0.043072,0.035544,0.040618,0.023986,0.034861,0.033305,0.03398,0.036319,0.053167,0.031164,0.032925,0.048608,0.048724,0.036029,0.047706,0.036045,0.031856,0.020922,0.031277,0.032356,0.03339,0.044094,0.04186,0.024602
0.031938,0.034751,0.0346,0.034082,0.036158,0.03343,0.030167,0.033539,0.035201,0.034221,0.034947,0.042333,0.034742,0.035166,0.029209,0.034105,0.04138,0.035856,0.027194,0.034241,0.027843,0.035421,0.035801,0.03465,0.033566,0.033829,0.029802,0.039413,0.030523,0.03268,0.050258,0.048745,0.03543,0.033208,0.04882,0.043383,0.020703,0.035386,0.036028,0.047309
0.035403,0.048041,0.035848,0.032352,0.050168,0.049024,0.04876,0.035017,0.033794,0.035987,0.025022,0.038612,0.033384,0.049597,0.026308,0.03698,0.03559,0.034014,0.034381,0.04857,0.035629,0.026692,0.035964,0.034989,0.034874,0.032364,0.033131,0.031925,0.035596,0.04636,0.019726,0.034296,0.032225,0.035322,0.030635,0.035795,0.031491,0.033206,0.034682,0.048555
0.036258,0.031403,0.03315,0.032878,0.047892,0.036136,0.027875,0.041329,0.040872,0.035899,0.034796,0.024699,0.024903,0.034563,0.034427,0.048081,0.036718,0.0478,0.034167,0.027276,0.036395,0.037191,0.032184,0.028501,0.034125,0.04169,0.023892,0.040035,0.047733,0.034455,0.041254,0.035471,0.036252,0.035117,0.034715,0.03436,0.040287,0.020377,0.036992,0.035482
0.036967,0.045537,0.036531,0.028246,0.039165,0.028078,0.039626,0.023845,0.033477,0.03631,0.034488,0.034036,0.026401,0.043929,0.025286,0.038312,0.048777,0.035664,0.03261,0.028322,0.036551,0.0346,0.026585,0.034277,0.042673,0.025916,0.037163,0.032361,0.029873,0.035522,0.038335,0.029769,0.029883,0.041607,0.027611,0.03644,0.033948,0.024492,0.040296,0.033361
0.032047,0.033975,0.03142,0.034675,0.033928,0.032737,0.029692,0.020395,0.033273,0.030769,0.035687,0.030606,0.038831,0.035655,0.021806,0.030978,0.036915,0.036348,0.040526,0.042195,0.035653,0.035921,0.031647,0.035064,0.048775,0.030939,0.0401,0.025479,0.037661,0.032112,0.032843,0.037645,0.03068,0.036275,0.032621,0.023604,0.044784,0.04291,0.034854,0.033987
0.031728,0.037922,0.030108,0.032897,0.03477,0.042123,0.043554,0.026287,0.035799,0.035248,0.048066,0.034861,0.039501,0.020989,0.037387,0.034687,0.033234,0.029883,0.034688,0.035138,0.034318,0.03546,0.026769,0.024686,0.031609,0.028438,0.030852,0.039801,0.047413,0.035179,0.030393,0.033212,0.034093,0.034328,0.035062,0.027558,0.035586,0.034701,0.035776,0.031929
0.033539,0.028897,0.037917,0.034059,0.035109,0.024108,0.039943,0.039362,0.021372,0.035454,0.041675,0.024882,0.038573,0.027383,0.041887,0.022847,0.040584,0.034676,0.029515,0.039779,0.027455,0.035198,0.049136,0.048736,0.035188,0.032488,0.033427,0.027833,0.019694,0.040378,0.026137,0.036577,0.035764,0.030598,0.036839,0.03006,0.028399,0.032752,0.035631,0.040799
0.027251,0.036673,0.029288,0.039491,0.02953,0.034506,0.030701,0.032258,0.034754,0.040125,0.021859,0.03556,0.040916,0.023576,0.039686,0.03309,0.029666,0.035335,0.034088,0.033452,0.036429,0.0291,0.034111,0.035241,0.033836,0.024566,0.039194,0.03517,0.03312,0.030609,0.034227,0.028158,0.039711,0.036501,0.026124,0.04218,0.030058,0.032207,0.031514,0.033794
0.039805,0.023493,0.03929,0.030554,0.038921,0.024024,0.032906,0.035288,0.03425,0.035081,0.034461,0.035895,0.023777,0.038753,0.035272,0.034019,0.030454,0.031731,0.036593,0.047898,0.035057,0.033956,0.031665,0.02014,0.029969,0.021361,0.026171,0.020364,0.032157,0.01991,0.029701,0.033954,0.033787,0.030226,0.033533,0.034984,0.03423,0.036895,0.035005,0.02338
0.039004,0.032384,0.031294,0.032979,0.035347,0.034119,0.053522,0.022983,0.042462,0.029357,0.033761,0.035575,0.03278,0.032303,0.031534,0.035192,0.030272,0.03831,0.03293,0.035744,0.029205,0.032511,0.035597,0.032627,0.031918,0.033508,0.030586,0.029926,0.039221,0.03553,0.034587,0.030537,0.03178,0.041131,0.042359,0.036109,0.03468,0.032216,0.031867,0.032746
0.034178,0.036375,0.029255,0.038941,0.031052,0.035902,0.027173,0.020307,0.03153,0.029759,0.035002,0.035387,0.047334,0.035607,0.0349,0.033962,0.035116,0.029995,0.033957,0.03436,0.02786,0.040324,0.02229,0.034845,0.019604,0.035873,0.030875,0.032753,0.034541,0.035437,0.026624,0.035581,0.035222,0.035504,0.033133,0.035804,0.028089,0.03456,0.034296,0.030132
0.029711,0.038185,0.029364,0.040711,0.048612,0.034689,0.031885,0.030012,0.041528,0.021861,0.04275,0.032354,0.034984,0.034772,0.021953,0.021572,0.034682,0.029583,0.034712,0.040221,0.04233,0.035898,0.034292,0.03426,0.033044,0.031256,0.034638,0.034593,0.033761,0.029583,0.034408,0.034667,0.04836,0.035029,0.035316,0.027797,0.034853,0.035207,0.034457,0.035457
0.028856,0.037726,0.032706,0.030562,0.027814,0.026025,0.027991,0.032558,0.033285,0.0359,0.034571,0.03193,0.033079,0.032622,0.034936,0.031988,0.035046,0.020419,0.027192,0.032107,0.035226,0.035839,0.033845,0.02936,0.033403,0.03498,0.035689,0.034913,0.027406,0.032245,0.030568,0.019209,0.035935,0.034024,0.035888,0.028117,0.040756,0.028946,0.033801,0.049228
0.03567,0.026521,0.04205,0.0241,0.039543,0.028965,0.034649,0.038638,0.026784,0.03698,0.037144,0.026897,0.035287,0.034191,0.033004,0.032996,0.036413,0.043703,0.020494,0.029549,0.033848,0.040895,0.022224,0.042569,0.028184,0.01945,0.03131,0.032393,0.034927,0.034814,0.033709,0.029708,0.03353,0.035518,0.033287,0.034845,0.03053,0.039206,0.030382,0.040863
0.028443,0.023413,0.040864,0.032785,0.029255,0.040014,0.029741,0.032846,0.028794,0.033553,0.036059,0.034897,0.035181,0.030903,0.03078,0.035638,0.035172,0.04779,0.035982,0.032359,0.03255,0.027237,0.040001,0.027555,0.028875,0.022172,0.020544,0.020504,0.028536,0.033254,0.035288,0.034463,0.027955,0.035113,0.040071,0.048485,0.031108,0.034624,0.035194,0.028672
0.03404,0.032257,0.037077,0.03214,0.03008,0.040521,0.030281,0.029024,0.032701,0.034602,0.034946,0.029073,0.033613,0.033736,0.035817,0.034206,0.055087,0.030736,0.032109,0.049537,0.048886,0.051701,0.03361,0.034652,0.027882,0.03484,0.040223,0.021609,0.042708,0.025536,0.036687,0.048565,0.035586,0.03459,0.02912,0.033411,0.035756,0.042503,0.027453,0.025362
0.04275,0.029884,0.033544,0.028406,0.035313,0.034087,0.03419,0.033672,0.032837,0.030807,0.035562,0.027534,0.042511,0.041396,0.034596,0.035946,0.034519,0.035527,0.047592,0.034552,0.032673,0.029876,0.035894,0.034787,0.028871,0.0408,0.029994,0.033545,0.03563,0.028227,0.033397,0.040908,0.030366,0.031511,0.035215,0.029688,0.035043,0.034387,0.033081,0.031887
0.033214,0.035262,0.034344,0.035277,0.024338,0.038257,0.034482,0.048522,0.034637,0.04125,0.021683,0.035621,0.035156,0.031781,0.032807,0.038328,0.02914,0.035022,0.035157,0.032823,0.027241,0.037455,0.030866,0.03815,0.030397,0.033816,0.034272,0.031302,0.030215,0.031713,0.019773,0.033754,0.033492,0.034291,0.03156,0.033613,0.024943,0.021367,0.026376,0.025465
0.019953,0.020807,0.024433,0.026193,0.025918,0.020533,0.030486,0.036113,0.035135,0.031879,0.034139,0.031442,0.030475,0.019128,0.024669,0.02133,0.020486,0.032968,0.03339,0.036118,0.032761,0.030263,0.035963,0.034232,0.029282,0.034369,0.034293,0.049015,0.039287,0.028412,0.028845,0.035473,0.031297,0.037791,0.049287,0.048922,0.034628,0.034765,0.029725,0.03264
0.035737,0.049076,0.035967,0.034638,0.033278,0.029032,0.033812,0.035047,0.049432,0.048267,0.035532,0.046683,0.037183,0.03362,0.033018,0.031315,0.034698,0.034427,0.028654,0.033895,0.03591,0.034364,0.048598,0.03549,0.034233,0.030781,0.032592,0.03415,0.026327,0.036695,0.020807,0.031617,0.036189,0.031097,0.036295,0.029739,0.030335,0.036203,0.034906,0.032756
0.035665,0.031139,0.03186,0.035026,0.033984,0.029734,0.033595,0.03452,0.035433,0.032979,0.034825,0.032865,0.032051,0.035019,0.029364,0.034305,0.033501,0.034644,0.033153,0.036302,0.026161,0.036762,0.034628,0.031529,0.030736,0.036215,0.031582,0.031662,0.03519,0.033848,0.036037,0.033415,0.029318,0.034491,0.035478,0.033319,0.026767,0.031048,0.039729,0.036642
0.036765,0.026131,0.033645,0.04093,0.041515,0.036535,0.034708,0.032863,0.030806,0.035172,0.034099,0.035735,0.02785,0.039405,0.026982,0.029934,0.041795,0.028442,0.040286,0.023149,0.039883,0.03035,0.039185,0.024025,0.031739,0.03577,0.040993,0.042432,0.041974,0.023391,0.040014,0.032244,0.020889,0.02578,0.025097,0.022105,0.020112,0.034844,0.03452,0.029832
0.034307,0.040026,0.036967,0.040557,0.035273,0.048377,0.035831,0.029396,0.033181,0.03388,0.035289,0.034439,0.035997,0.026589,0.03586,0.034261,0.028268,0.040727,0.031646,0.031859,0.034398,0.034593,0.03634,0.024172,0.038649,0.032748,0.032663,0.032144,0.034691,0.048543,0.035777,0.027846,0.034783,0.034351,0.035918,0.047147,0.036068,0.020613,0.024146,0.038489
0.047769,0.031887,0.037329,0.030741,0.033813,0.034467,0.034011,0.032364,0.029953,0.03671,0.033679,0.033102,0.034678,0.029209,0.036163,0.029095,0.034672,0.033971,0.024702,0.022434,0.036838,0.035152,0.035418,0.033705,0.031146,0.038256,0.022767,0.033271,0.042607,0.041569,0.035716,0.039895,0.035575,0.029022,0.038836,0.020128,0.037822,0.041915,0.021993,0.032281
0.037545,0.033754,0.034338,0.03467,0.041009,0.043148,0.030022,0.032269,0.036047,0.048238,0.034973,0.026611,0.037118,0.034556,0.034637,0.031965,0.036695,0.030504,0.034069,0.03354,0.028508,0.023054,0.030146,0.021139,0.021072,0.024753,0.020253,0.027763,0.03442,0.034083,0.03373,0.030553,0.034357,0.036121,0.033717,0.047887,0.030332,0.032639,0.042001,0.023453
0.040148,0.033035,0.029257,0.034569,0.034934,0.03361,0.036587,0.028775,0.033653,0.035557,0.047355,0.03535,0.035281,0.03142,0.030737,0.035045,0.048726,0.036801,0.033619,0.043222,0.04003,0.030605,0.033545,0.033236,0.034118,0.029062,0.034285,0.036583,0.034153,0.034486,0.035516,0.027209,0.035279,0.047572,0.040256,0.027217,0.038494,0.023316,0.039958,0.035365
