0.14034,0.12057,0.12791,0.13214,0.12207,0.12985,0.12682,0.12812,0.13664,0.13477,0.12811,0.12842,0.13039,0.12894,0.12834,0.13626,0.13559,0.12462,0.12986,0.13269,0.13796,0.12503,0.14435,0.13083,0.13571,0.1375,0.13136,0.13728,0.14203,0.13908,0.13344,0.1331,0.13403,0.13426,0.13243,0.14767,0.13165,0.12695,0.13606,0.12268
0.089091,0.087968,0.082336,0.090013,0.080674,0.081205,0.090334,0.083508,0.083055,0.084815,0.084952,0.08108,0.083788,0.084142,0.08668,0.082454,0.088608,0.086969,0.087979,0.081816,0.084032,0.084643,0.082858,0.088545,0.08216,0.082094,0.082773,0.093426,0.08736,0.0884,0.081685,0.087583,0.085279,0.084393,0.084026,0.087233,0.086307,0.082885,0.082891,0.083023
0.078996,0.075976,0.075076,0.076365,0.074279,0.080821,0.074442,0.07435,0.070874,0.072387,0.072159,0.073193,0.074947,0.072199,0.0708,0.074372,0.072209,0.07338,0.076534,0.074714,0.074046,0.074403,0.071706,0.072122,0.071063,0.072031,0.07557,0.070209,0.071133,0.072757,0.072973,0.069701,0.077473,0.090002,0.075416,0.078794,0.07429,0.076139,0.078467,0.076403
0.073178,0.073363,0.072472,0.073348,0.076661,0.076824,0.075246,0.077206,0.077045,0.074661,0.076849,0.072615,0.076194,0.077085,0.072759,0.076556,0.07274,0.074196,0.073021,0.072931,0.074158,0.073508,0.071016,0.070125,0.069938,0.070082,0.075026,0.069631,0.072751,0.070878,0.071122,0.069517,0.069395,0.070315,0.070143,0.06923,0.070097,0.070329,0.069264,0.085477
0.07073,0.067883,0.066675,0.06922,0.066665,0.068606,0.071929,0.069934,0.069187,0.068287,0.071191,0.067487,0.065923,0.06723,0.067599,0.06764,0.068351,0.069398,0.067389,0.069862,0.069473,0.073532,0.073905,0.06942,0.070762,0.071588,0.070391,0.070491,0.071327,0.073372,0.072947,0.072189,0.070477,0.071619,0.070743,0.073769,0.070273,0.07168,0.071779,0.071077
0.070931,0.070675,0.070348,0.069117,0.070252,0.086629,0.071888,0.076434,0.071401,0.074275,0.070026,0.071293,0.070337,0.071634,0.069878,0.071209,0.070161,0.071285,0.071031,0.070308,0.073523,0.06861,0.07106,0.069406,0.068593,0.070281,0.069211,0.068587,0.069693,0.067416,0.066096,0.070069,0.06672,0.066338,0.068414,0.066958,0.066261,0.068686,0.067597,0.067715
0.065956,0.06422,0.066527,0.065146,0.065915,0.065535,0.066554,0.066468,0.067437,0.064877,0.065529,0.078905,0.07002,0.069863,0.066477,0.065512,0.06947,0.071745,0.067953,0.072465,0.070624,0.072083,0.070406,0.068757,0.069696,0.068783,0.06861,0.068952,0.06957,0.06937,0.068776,0.067859,0.070817,0.071123,0.069977,0.074816,0.071184,0.070032,0.068182,0.06959
0.069235,0.06848,0.066987,0.07202,0.066524,0.069709,0.066194,0.066911,0.066544,0.065293,0.064389,0.066669,0.067046,0.069531,0.065976,0.066176,0.069308,0.07497,0.067174,0.066177,0.065099,0.065589,0.065886,0.067563,0.067647,0.068727,0.065468,0.064323,0.069826,0.066611,0.065479,0.067107,0.067502,0.066784,0.064226,0.06527,0.06803,0.064732,0.067691,0.066942
0.065158,0.065357,0.068038,0.06857,0.06947,0.06824,0.069021,0.068649,0.06918,0.072429,0.070612,0.069831,0.068538,0.066343,0.066962,0.068876,0.068233,0.06644,0.068639,0.066288,0.070986,0.070668,0.072356,0.068633,0.082031,0.071331,0.067289,0.06854,0.069425,0.06859,0.068331,0.066198,0.068937,0.064469,0.063855,0.067687,0.066003,0.065593,0.065139,0.064764
0.065126,0.063727,0.066559,0.065694,0.065235,0.066257,0.065153,0.067579,0.065639,0.066402,0.067927,0.063004,0.064054,0.065509,0.066028,0.066698,0.066072,0.067205,0.066177,0.066479,0.067038,0.066493,0.065628,0.064453,0.064758,0.066545,0.065947,0.06427,0.065464,0.067569,0.082873,0.066983,0.066498,0.068169,0.069865,0.067928,0.06788,0.066042,0.068972,0.068682
0.069566,0.068153,0.067217,0.06929,0.068274,0.068916,0.066052,0.074644,0.072023,0.070747,0.067281,0.066839,0.068002,0.068783,0.06945,0.10121,0.097773,0.096087,0.088369,0.067238,0.069376,0.073227,0.071129,0.070133,0.065088,0.068482,0.067919,0.067338,0.068554,0.067296,0.067486,0.067669,0.068406,0.070579,0.067295,0.068614,0.083586,0.07011,0.067311,0.069783
0.068292,0.067837,0.067241,0.068194,0.066545,0.066865,0.068305,0.069101,0.066556,0.070099,0.069854,0.070968,0.067553,0.068864,0.068487,0.069059,0.068549,0.069321,0.067267,0.067953,0.06817,0.06849,0.068812,0.069566,0.071506,0.069792,0.066567,0.067971,0.065696,0.068219,0.0676,0.068528,0.064647,0.068604,0.065188,0.063153,0.065954,0.06769,0.064545,0.064829
0.066041,0.063592,0.076099,0.067448,0.065932,0.066607,0.068555,0.064228,0.066265,0.063716,0.067306,0.064787,0.066725,0.065123,0.066495,0.065374,0.064857,0.06282,0.066101,0.065811,0.064558,0.067045,0.065623,0.064643,0.064713,0.065622,0.062771,0.068981,0.066314,0.068511,0.06717,0.071028,0.068426,0.069365,0.069639,0.066948,0.071783,0.070879,0.069571,0.066953
0.067844,0.068709,0.069239,0.068963,0.066253,0.066518,0.070863,0.070237,0.084032,0.066942,0.067366,0.06918,0.070157,0.067274,0.066965,0.065206,0.065392,0.063194,0.065277,0.067481,0.065876,0.066212,0.064884,0.063058,0.063534,0.068215,0.065786,0.064075,0.064459,0.064088,0.064027,0.063986,0.065989,0.065111,0.06481,0.065456,0.064528,0.065187,0.064269,0.066623
0.064031,0.067057,0.065347,0.066155,0.064214,0.064183,0.065597,0.064387,0.063495,0.065501,0.066678,0.069819,0.067007,0.06572,0.080502,0.069507,0.072459,0.067156,0.068551,0.069575,0.066566,0.069295,0.068807,0.066054,0.070223,0.067766,0.068395,0.067593,0.067937,0.070025,0.067552,0.068168,0.06667,0.067434,0.067861,0.069055,0.068619,0.068264,0.068524,0.066156
0.069011,0.064741,0.06547,0.064655,0.062398,0.063812,0.064582,0.063595,0.066178,0.067216,0.063862,0.065489,0.063711,0.062516,0.063252,0.064531,0.064237,0.06528,0.064375,0.063651,0.077942,0.064355,0.065176,0.064693,0.064042,0.064569,0.063671,0.065352,0.064971,0.063566,0.068928,0.070671,0.070282,0.067955,0.065908,0.067818,0.069072,0.069074,0.068984,0.067174
0.067247,0.070721,0.068147,0.065177,0.067497,0.066798,0.069942,0.069674,0.066237,0.069379,0.06828,0.076374,0.086568,0.069443,0.075848,0.075087,0.075418,0.071198,0.066253,0.069242,0.069873,0.068493,0.069219,0.067959,0.070373,0.068727,0.081375,0.066972,0.069551,0.06617,0.066651,0.064147,0.074042,0.063483,0.064001,0.062688,0.064013,0.063901,0.066038,0.065055
0.06882,0.065457,0.063983,0.063372,0.064824,0.064635,0.065223,0.064163,0.06518,0.067947,0.0645,0.068303,0.065385,0.065086,0.070505,0.064537,0.063737,0.065655,0.064224,0.067002,0.067367,0.06718,0.067093,0.065009,0.068359,0.067984,0.067,0.067214,0.070228,0.069226,0.066472,0.067756,0.084043,0.066496,0.066102,0.065784,0.070233,0.069174,0.069146,0.068756
0.068317,0.069058,0.06449,0.066937,0.067625,0.067326,0.06617,0.069728,0.066414,0.067517,0.066969,0.068454,0.064877,0.063766,0.06446,0.064925,0.066261,0.064975,0.065566,0.064418,0.067174,0.063792,0.064475,0.065585,0.063581,0.066926,0.068034,0.06601,0.065646,0.068592,0.067975,0.064258,0.066238,0.064111,0.065039,0.064234,0.063691,0.064946,0.07721,0.064358
0.064182,0.062893,0.066654,0.067038,0.066187,0.065736,0.063284,0.064579,0.062542,0.06532,0.064984,0.064706,0.066441,0.066468,0.06599,0.068356,0.067512,0.06953,0.067125,0.070248,0.069201,0.068066,0.070087,0.066699,0.066222,0.065999,0.066647,0.066462,0.068371,0.06608,0.0696,0.068605,0.06896,0.067647,0.069587,0.067056,0.066839,0.068152,0.068163,0.06987
0.063916,0.063337,0.064818,0.066003,0.083026,0.064877,0.064455,0.065663,0.064274,0.065358,0.064213,0.063539,0.064182,0.06756,0.065436,0.065527,0.065887,0.063277,0.067946,0.064747,0.067654,0.063199,0.065106,0.064039,0.06589,0.06791,0.064238,0.062791,0.06396,0.065737,0.067408,0.066553,0.06635,0.066277,0.068684,0.066652,0.067257,0.070356,0.066102,0.070972
0.067212,0.067363,0.065695,0.068031,0.069124,0.067148,0.066015,0.066085,0.070235,0.065005,0.083567,0.067437,0.068762,0.065969,0.067829,0.06724,0.067586,0.067703,0.069028,0.069434,0.069607,0.06414,0.066194,0.065627,0.064712,0.063232,0.066119,0.06686,0.062276,0.068383,0.064825,0.065108,0.064776,0.064483,0.064864,0.067198,0.067599,0.06649,0.069275,0.064491
0.066019,0.067299,0.064466,0.065172,0.066577,0.063613,0.066773,0.065947,0.06402,0.066027,0.06372,0.066227,0.063789,0.066869,0.064766,0.063713,0.081702,0.064717,0.063873,0.063456,0.064595,0.065192,0.065359,0.067101,0.063436,0.0704,0.067138,0.06622,0.068099,0.070846,0.068176,0.068698,0.069351,0.066293,0.069808,0.069282,0.069981,0.068988,0.069069,0.070801
0.066441,0.068048,0.067656,0.06759,0.066329,0.06747,0.069359,0.065212,0.065862,0.065491,0.066728,0.064599,0.067022,0.065219,0.064237,0.062418,0.064856,0.064664,0.063909,0.063718,0.064091,0.064362,0.079966,0.065591,0.064772,0.06449,0.06653,0.063216,0.064924,0.065026,0.066292,0.063453,0.066111,0.063966,0.064346,0.065743,0.065003,0.064485,0.064986,0.06382
0.063877,0.063316,0.064407,0.064134,0.066303,0.068652,0.064159,0.063933,0.068728,0.067065,0.068007,0.067841,0.069019,0.068354,0.067862,0.06818,0.067463,0.067869,0.065607,0.069651,0.068882,0.067098,0.066991,0.070414,0.068975,0.066137,0.065948,0.067968,0.081082,0.068442,0.067735,0.069616,0.067046,0.069147,0.064576,0.067178,0.064431,0.065291,0.065832,0.065467
0.066627,0.068346,0.065735,0.064842,0.066765,0.065891,0.064942,0.064355,0.064677,0.064398,0.068041,0.062426,0.063432,0.063799,0.065046,0.064835,0.063614,0.065737,0.06404,0.06563,0.064766,0.063499,0.063906,0.063934,0.066297,0.068402,0.063914,0.062912,0.065909,0.064409,0.064794,0.063961,0.06367,0.073969,0.066398,0.067106,0.067394,0.069066,0.068435,0.067136
0.067885,0.067275,0.066436,0.067336,0.06679,0.066474,0.066314,0.067552,0.068307,0.065952,0.067981,0.068442,0.06749,0.066736,0.067859,0.069148,0.064209,0.064922,0.065203,0.068125,0.064215,0.063042,0.062692,0.066127,0.064305,0.06495,0.066426,0.064644,0.063616,0.064037,0.067448,0.068856,0.063952,0.062971,0.063971,0.067116,0.064082,0.065323,0.06361,0.098558
0.085807,0.14508,0.068243,0.068511,0.068314,0.066872,0.068043,0.068974,0.070106,0.06664,0.067391,0.068692,0.067358,0.069613,0.069926,0.069449,0.068777,0.06736,0.072614,0.069375,0.068039,0.070857,0.077699,0.066887,0.067174,0.075368,0.072308,0.069952,0.069076,0.067234,0.067602,0.06944,0.065274,0.065218,0.064465,0.067644,0.065464,0.069313,0.065339,0.065781
0.062558,0.078977,0.063709,0.062508,0.064856,0.064492,0.062623,0.06429,0.065329,0.065194,0.063905,0.063749,0.065733,0.064505,0.064994,0.062747,0.065811,0.06369,0.063655,0.064721,0.065878,0.064418,0.063903,0.068349,0.063992,0.062041,0.066682,0.065102,0.063918,0.062444,0.06582,0.06244,0.065897,0.064426,0.065452,0.065786,0.063493,0.065374,0.064995,0.065956
0.065582,0.062106,0.063816,0.062012,0.068203,0.06505,0.064853,0.074534,0.06636,0.064076,0.064045,0.066612,0.06433,0.064726,0.065347,0.064,0.063722,0.064192,0.066785,0.065409,0.063653,0.062691,0.064641,0.063972,0.066489,0.064333,0.064116,0.0666,0.064209,0.066823,0.064998,0.069486,0.065124,0.066127,0.065029,0.063904,0.065992,0.064038,0.065952,0.064019
0.067739,0.063949,0.064106,0.064034,0.063613,0.064396,0.065301,0.064132,0.067208,0.062718,0.064469,0.065171,0.064966,0.074562,0.064418,0.064618,0.064977,0.064267,0.063218,0.064253,0.068196,0.072517,0.068402,0.067301,0.069169,0.067012,0.065615,0.065204,0.066393,0.066662,0.067123,0.068025,0.068382,0.068671,0.067982,0.070118,0.070602,0.066709,0.069894,0.065751
0.063415,0.064738,0.063242,0.065738,0.065221,0.06346,0.061475,0.063338,0.066974,0.064804,0.067542,0.0661,0.062337,0.063973,0.063271,0.065058,0.063544,0.064397,0.073636,0.065266,0.066594,0.06416,0.063703,0.064216,0.063745,0.067217,0.065486,0.064714,0.062526,0.063414,0.064087,0.064693,0.065952,0.065107,0.064142,0.066626,0.064151,0.063778,0.064017,0.066466
0.065417,0.067763,0.068193,0.064143,0.069279,0.066911,0.064266,0.068365,0.068976,0.065368,0.064783,0.066399,0.063199,0.06464,0.065636,0.065045,0.066084,0.064059,0.065991,0.065373,0.064525,0.065404,0.063291,0.064416,0.082058,0.064566,0.064944,0.064935,0.064257,0.064157,0.065831,0.065676,0.064695,0.064245,0.065594,0.063825,0.066536,0.065277,0.062939,0.064743
0.064555,0.068949,0.064385,0.063979,0.066506,0.069247,0.072668,0.067443,0.067926,0.067375,0.069537,0.067093,0.068364,0.069786,0.069856,0.067929,0.067056,0.070685,0.067223,0.068272,0.066879,0.068156,0.065775,0.066628,0.064573,0.066534,0.065834,0.068168,0.065332,0.064603,0.066235,0.078492,0.064329,0.065684,0.065374,0.066063,0.063592,0.066451,0.064264,0.065791
0.066147,0.06397,0.065534,0.065026,0.064961,0.065197,0.063604,0.066502,0.063841,0.065321,0.066083,0.070495,0.066857,0.065497,0.06455,0.066236,0.067675,0.067729,0.065351,0.064305,0.063848,0.065121,0.066419,0.064262,0.065363,0.068659,0.06461,0.064511,0.064913,0.065837,0.064934,0.070433,0.065547,0.065655,0.064979,0.065656,0.069508,0.077033,0.063655,0.06411
0.064865,0.065656,0.065604,0.065479,0.06467,0.064267,0.06653,0.07001,0.067514,0.065516,0.066892,0.066828,0.069792,0.067902,0.067905,0.066597,0.070591,0.071251,0.068673,0.072684,0.067167,0.067443,0.067915,0.066688,0.066587,0.068924,0.065612,0.06381,0.063019,0.064647,0.067061,0.066694,0.063768,0.063874,0.065574,0.064802,0.063919,0.064471,0.064696,0.067904
0.06357,0.066181,0.06568,0.063365,0.077276,0.0658,0.065838,0.066951,0.064921,0.064465,0.063279,0.064952,0.063181,0.065184,0.064662,0.064595,0.06393,0.06433,0.06364,0.062831,0.065587,0.067846,0.064922,0.064391,0.066215,0.064985,0.06468,0.062927,0.064235,0.063981,0.063348,0.065506,0.067742,0.066152,0.06665,0.066802,0.065904,0.065114,0.063938,0.064418
0.066293,0.064688,0.064913,0.064292,0.065887,0.064876,0.066424,0.064924,0.070378,0.066021,0.081605,0.067715,0.070017,0.066403,0.068123,0.069562,0.067637,0.067783,0.068966,0.06829,0.066942,0.066622,0.069831,0.066057,0.06806,0.065989,0.06711,0.068399,0.068919,0.066933,0.069205,0.064292,0.068306,0.064245,0.064593,0.066474,0.065274,0.064754,0.065107,0.063917
0.063892,0.063354,0.065116,0.066545,0.064068,0.065102,0.064079,0.064239,0.063625,0.06668,0.064474,0.066869,0.063684,0.0652,0.065878,0.063764,0.07725,0.063969,0.062983,0.064156,0.065416,0.063947,0.064931,0.064202,0.066012,0.065021,0.066811,0.064698,0.06599,0.066564,0.065093,0.062949,0.064744,0.06496,0.065055,0.065024,0.066856,0.065453,0.064788,0.065892
0.067863,0.064021,0.074796,0.067,0.063122,0.064299,0.065057,0.063912,0.066565,0.064167,0.064115,0.064449,0.062571,0.064492,0.063517,0.065068,0.072392,0.066849,0.06638,0.067576,0.067439,0.065001,0.080873,0.067192,0.065494,0.066563,0.068923,0.068386,0.06814,0.0675,0.06784,0.06831,0.0705,0.06796,0.065633,0.063431,0.065341,0.064412,0.064462,0.065777
