0.055535,0.044022,0.038488,0.044533,0.039248,0.039004,0.047062,0.039663,0.051034,0.049436,0.053347,0.038454,0.045188,0.04415,0.038938,0.051532,0.042598,0.043297,0.038596,0.040041,0.053161,0.052741,0.039083,0.05802,0.0444,0.05392,0.047451,0.05294,0.038597,0.03896,0.041942,0.039676,0.039849,0.043341,0.039154,0.047996,0.049468,0.053903,0.047416,0.049975
0.043666,0.030769,0.029671,0.033671,0.050977,0.054547,0.034142,0.027937,0.055619,0.028196,0.054268,0.050877,0.026751,0.033829,0.053656,0.027688,0.037826,0.049289,0.033533,0.028508,0.039578,0.027255,0.043214,0.031556,0.045665,0.048079,0.048795,0.033313,0.048276,0.031501,0.041256,0.03552,0.035742,0.032917,0.04268,0.029807,0.03961,0.053994,0.049552,0.049505
0.02423,0.035896,0.057394,0.034935,0.024855,0.049638,0.049205,0.054855,0.030473,0.046117,0.036747,0.047457,0.036835,0.047081,0.050325,0.054253,0.025296,0.04506,0.048734,0.025289,0.036708,0.03452,0.027947,0.034018,0.036753,0.031129,0.034049,0.053249,0.026989,0.041907,0.030967,0.026662,0.035304,0.037309,0.045318,0.037424,0.047283,0.053899,0.027421,0.037698
0.047955,0.037105,0.04613,0.034339,0.033699,0.048281,0.050003,0.057988,0.03565,0.023233,0.053814,0.027418,0.038558,0.031967,0.032652,0.048277,0.037893,0.032889,0.036771,0.025957,0.047053,0.040723,0.026283,0.041903,0.026671,0.036626,0.031056,0.047824,0.043613,0.023726,0.031917,0.038651,0.028083,0.043507,0.036355,0.027931,0.028912,0.036373,0.047821,0.049597
0.031667,0.047269,0.035607,0.035207,0.034243,0.032007,0.035377,0.025704,0.023668,0.033155,0.027996,0.039908,0.025806,0.025101,0.026369,0.036333,0.052057,0.030882,0.033956,0.030895,0.037047,0.034089,0.029705,0.038048,0.025504,0.041784,0.025056,0.036891,0.048686,0.039343,0.027707,0.035536,0.033202,0.031695,0.035925,0.031435,0.050108,0.049626,0.048632,0.031618
0.039757,0.048178,0.046791,0.025339,0.035964,0.039071,0.026886,0.027085,0.028177,0.030826,0.024732,0.024284,0.023734,0.033279,0.03065,0.022351,0.029297,0.03114,0.038441,0.039264,0.0255,0.035107,0.031914,0.035145,0.031357,0.029855,0.039627,0.050988,0.030677,0.04639,0.043237,0.032203,0.033964,0.024774,0.032142,0.023795,0.023765,0.022763,0.035643,0.032432
0.049122,0.02941,0.038074,0.033308,0.036766,0.031846,0.034455,0.035842,0.02321,0.035261,0.0322,0.036137,0.032413,0.028669,0.023481,0.031827,0.031154,0.038636,0.025053,0.037227,0.033295,0.036216,0.029242,0.046877,0.042789,0.024383,0.03794,0.035664,0.025529,0.041905,0.025376,0.039934,0.025977,0.038658,0.04567,0.023196,0.02869,0.034955,0.052671,0.028988
0.034079,0.053157,0.038317,0.02308,0.037872,0.030356,0.053853,0.026344,0.036749,0.047942,0.036467,0.042089,0.041866,0.031364,0.051037,0.049192,0.055674,0.0246,0.039831,0.033224,0.028492,0.033284,0.037045,0.036068,0.024847,0.032925,0.038033,0.04912,0.048178,0.033782,0.036264,0.036671,0.025489,0.035983,0.034999,0.053852,0.026226,0.037968,0.032327,0.045883
0.03792,0.032067,0.033379,0.032845,0.049834,0.035181,0.031152,0.045879,0.023073,0.034242,0.030778,0.051167,0.035156,0.028686,0.032533,0.037047,0.048065,0.049647,0.047868,0.036124,0.048212,0.045891,0.038751,0.047662,0.039685,0.026925,0.038913,0.029736,0.033354,0.031478,0.036833,0.048785,0.048945,0.035941,0.036035,0.029332,0.038127,0.03562,0.024386,0.036227
0.035165,0.029896,0.034245,0.047642,0.03686,0.038668,0.031292,0.028258,0.034568,0.038237,0.031588,0.033018,0.029426,0.034862,0.046716,0.02265,0.028323,0.037642,0.045394,0.040768,0.022887,0.034004,0.041785,0.040768,0.035934,0.033039,0.037638,0.031581,0.050309,0.037938,0.029095,0.051712,0.029464,0.047795,0.036573,0.047227,0.023926,0.030024,0.028715,0.03394
0.023778,0.026142,0.023954,0.024178,0.023072,0.03105,0.023237,0.029374,0.030308,0.022584,0.029532,0.02747,0.037302,0.053756,0.035963,0.029596,0.033757,0.033132,0.035367,0.02452,0.022468,0.029743,0.03684,0.053408,0.029691,0.053863,0.024918,0.040156,0.028801,0.035648,0.045649,0.03629,0.034134,0.034131,0.048716,0.049166,0.049245,0.048525,0.035764,0.041147
0.023631,0.037148,0.032628,0.045319,0.035975,0.055124,0.025078,0.022614,0.034192,0.030243,0.048323,0.036059,0.047161,0.041092,0.024317,0.039562,0.030011,0.047158,0.038361,0.045143,0.036316,0.047333,0.042284,0.02363,0.038575,0.033482,0.050182,0.032759,0.045204,0.022912,0.029835,0.03662,0.030996,0.045809,0.035541,0.048551,0.036373,0.048065,0.025651,0.023717
0.038575,0.032183,0.046578,0.0343,0.036373,0.03181,0.050763,0.049046,0.033954,0.050443,0.033505,0.030691,0.032671,0.024021,0.024796,0.034852,0.022774,0.027191,0.034744,0.047496,0.035648,0.038414,0.02487,0.040498,0.034636,0.024901,0.048099,0.024937,0.029619,0.032834,0.036929,0.032697,0.04989,0.049261,0.043224,0.041644,0.035183,0.029618,0.03418,0.033388
0.032556,0.048962,0.048645,0.050331,0.032479,0.03691,0.034034,0.031992,0.045187,0.035327,0.037674,0.045535,0.035308,0.048667,0.048804,0.041833,0.035314,0.022064,0.039301,0.029476,0.034603,0.04894,0.054358,0.029741,0.03387,0.049848,0.048318,0.041491,0.023278,0.036283,0.035388,0.043931,0.042127,0.027198,0.037289,0.028211,0.03856,0.030641,0.037878,0.024336
0.041851,0.027985,0.035334,0.047548,0.040328,0.024703,0.039931,0.03221,0.044298,0.035658,0.036052,0.04736,0.04218,0.034064,0.021082,0.034061,0.035811,0.04245,0.021574,0.039065,0.031371,0.046337,0.036216,0.034888,0.034972,0.032283,0.043181,0.036882,0.031436,0.036395,0.055651,0.024809,0.038985,0.031695,0.042407,0.038786,0.038121,0.02703,0.038207,0.048607
0.048456,0.048691,0.04185,0.023789,0.033127,0.040669,0.041698,0.036024,0.034756,0.047513,0.035302,0.034956,0.049525,0.03267,0.02174,0.024854,0.022697,0.029545,0.021754,0.028063,0.04169,0.032068,0.022519,0.036024,0.041268,0.029864,0.035639,0.034948,0.024846,0.037268,0.032946,0.033435,0.023164,0.02467,0.022734,0.031567,0.029699,0.05103,0.036948,0.029316
0.046236,0.040217,0.030392,0.032074,0.023358,0.040931,0.02301,0.030041,0.030262,0.035778,0.035267,0.047695,0.055136,0.027048,0.036742,0.03558,0.033598,0.030233,0.046564,0.034813,0.035543,0.04848,0.048701,0.034061,0.036427,0.04879,0.048357,0.055039,0.029544,0.033379,0.049905,0.048623,0.048466,0.023326,0.028711,0.032342,0.03516,0.036936,0.046056,0.049703
0.034419,0.048509,0.036024,0.03273,0.049536,0.037474,0.024909,0.034984,0.041532,0.023191,0.032041,0.036751,0.03456,0.034937,0.029033,0.034297,0.03322,0.036579,0.047462,0.035706,0.036169,0.028915,0.035124,0.028775,0.038166,0.035218,0.026435,0.036162,0.03531,0.032464,0.050743,0.030082,0.037135,0.034068,0.038052,0.022994,0.039957,0.047679,0.0466,0.038092
0.031933,0.033044,0.032118,0.036359,0.031259,0.031782,0.038184,0.025655,0.039956,0.031115,0.035615,0.028196,0.038425,0.028995,0.03384,0.039147,0.035744,0.030126,0.033697,0.024688,0.025401,0.024988,0.022444,0.034929,0.029467,0.036998,0.027691,0.030757,0.036011,0.055058,0.029129,0.033088,0.036148,0.047622,0.037025,0.030351,0.032967,0.032603,0.035312,0.048632
0.036044,0.031949,0.035437,0.030138,0.03315,0.036152,0.034478,0.033317,0.027913,0.036398,0.040835,0.029714,0.024719,0.038122,0.031167,0.038649,0.028458,0.04484,0.031857,0.022056,0.037836,0.030171,0.033529,0.041498,0.04386,0.035641,0.033818,0.028816,0.035055,0.034485,0.031416,0.037731,0.024143,0.043887,0.023464,0.033718,0.035357,0.033265,0.050067,0.053786
0.031567,0.032981,0.034528,0.031805,0.037619,0.0293,0.037065,0.032293,0.028879,0.04008,0.023907,0.03839,0.034023,0.030418,0.034716,0.034184,0.036116,0.02945,0.033052,0.041055,0.023256,0.041053,0.024635,0.035576,0.035512,0.036334,0.032897,0.025816,0.040896,0.033851,0.028227,0.032091,0.02188,0.034128,0.026759,0.023516,0.025773,0.022881,0.030857,0.024955
0.028538,0.024805,0.023011,0.030373,0.022465,0.025697,0.037757,0.035467,0.035452,0.024699,0.038714,0.030796,0.034783,0.032619,0.036968,0.033541,0.027573,0.032891,0.035577,0.03543,0.031607,0.033474,0.031958,0.034301,0.032963,0.034454,0.026213,0.045575,0.022113,0.035412,0.034621,0.040597,0.029541,0.032703,0.029258,0.032799,0.036907,0.034065,0.048694,0.049108
0.048939,0.035214,0.035219,0.032579,0.033637,0.033851,0.036296,0.032132,0.028971,0.032467,0.041727,0.023282,0.039069,0.035261,0.02752,0.03456,0.036069,0.031682,0.031114,0.04081,0.023326,0.039324,0.033536,0.031701,0.031504,0.037063,0.030342,0.035683,0.031871,0.029804,0.038619,0.030458,0.03169,0.021867,0.029715,0.038306,0.02581,0.038877,0.03095,0.03295
0.039062,0.023692,0.03967,0.031848,0.029835,0.038383,0.032728,0.036058,0.024753,0.038599,0.038871,0.02955,0.029205,0.03412,0.039496,0.031244,0.025527,0.022125,0.033149,0.034997,0.033238,0.028414,0.031386,0.041198,0.030154,0.032662,0.034482,0.033238,0.031921,0.033467,0.033771,0.033302,0.035514,0.030222,0.040513,0.030226,0.028439,0.032134,0.033971,0.021759
0.030443,0.032425,0.036159,0.034597,0.029011,0.033822,0.035559,0.035148,0.031441,0.030117,0.033465,0.036343,0.032859,0.029903,0.035777,0.033998,0.039712,0.032631,0.028154,0.039602,0.028596,0.030622,0.037195,0.035598,0.023411,0.039455,0.031836,0.060717,0.022361,0.038827,0.029114,0.03749,0.025121,0.037278,0.026813,0.039384,0.027584,0.042489,0.028467,0.034561
0.022374,0.024037,0.03628,0.04052,0.025545,0.038939,0.02896,0.034547,0.028503,0.038745,0.025855,0.022166,0.027523,0.043397,0.028005,0.037752,0.024158,0.036781,0.034971,0.034194,0.050255,0.03516,0.034151,0.027876,0.035094,0.035195,0.032881,0.02979,0.034833,0.034699,0.040369,0.023048,0.034527,0.034933,0.038297,0.023025,0.035545,0.041369,0.029766,0.035225
0.034454,0.02597,0.035019,0.035935,0.031534,0.031434,0.035512,0.033871,0.035496,0.034433,0.027738,0.030203,0.038484,0.04222,0.022264,0.038963,0.025344,0.032505,0.04127,0.029762,0.031559,0.036317,0.048602,0.036603,0.035602,0.023899,0.037017,0.035374,0.048353,0.035745,0.038927,0.022744,0.040962,0.025174,0.039203,0.030514,0.035017,0.038307,0.023952,0.037763
0.031303,0.031291,0.036897,0.035678,0.030345,0.035433,0.026955,0.03887,0.029962,0.021488,0.030397,0.035539,0.030568,0.039147,0.026698,0.036226,0.030524,0.03253,0.038332,0.046165,0.042151,0.023164,0.038782,0.025673,0.042917,0.029657,0.035067,0.030085,0.035595,0.029682,0.035928,0.036192,0.025381,0.042988,0.023959,0.037969,0.030152,0.034775,0.035929,0.03351
0.03311,0.029318,0.03074,0.040022,0.033,0.031362,0.033017,0.034733,0.034435,0.031876,0.032695,0.032518,0.055424,0.029537,0.035885,0.029156,0.022946,0.023887,0.030314,0.026565,0.046172,0.049009,0.035669,0.040171,0.023661,0.033771,0.040814,0.03,0.037651,0.023234,0.036032,0.034532,0.0351,0.034786,0.025728,0.036058,0.035428,0.035558,0.028668,0.040463
0.022792,0.036789,0.03834,0.030395,0.036496,0.031814,0.033247,0.033215,0.030247,0.035281,0.032956,0.034048,0.036382,0.02544,0.041464,0.025316,0.040052,0.027949,0.041973,0.022781,0.041406,0.028672,0.033937,0.035968,0.03091,0.038714,0.028241,0.03319,0.039999,0.030785,0.028091,0.03431,0.033615,0.034361,0.030447,0.033805,0.035056,0.036274,0.026083,0.035711
0.040123,0.042889,0.034866,0.048114,0.036912,0.033101,0.035632,0.028374,0.033806,0.049155,0.038164,0.026326,0.039236,0.035723,0.027109,0.035627,0.036372,0.030233,0.033775,0.037598,0.024098,0.039533,0.031875,0.032069,0.034484,0.035218,0.028645,0.033093,0.041351,0.03382,0.021776,0.035291,0.035762,0.035625,0.034094,0.03399,0.0309,0.029741,0.023111,0.036582
0.022617,0.040017,0.0354,0.024534,0.042846,0.023881,0.02281,0.034622,0.028747,0.030787,0.041172,0.043588,0.029702,0.021978,0.037713,0.028066,0.035702,0.035568,0.032904,0.030861,0.038769,0.022583,0.040459,0.032213,0.032491,0.034204,0.03471,0.034804,0.032584,0.024994,0.039593,0.033085,0.036418,0.024935,0.039038,0.048449,0.04041,0.022289,0.040816,0.030606
0.034251,0.032558,0.037022,0.033881,0.027002,0.036511,0.036678,0.024647,0.034703,0.035946,0.047693,0.035905,0.035455,0.033188,0.029418,0.03469,0.040822,0.023771,0.037321,0.031216,0.029003,0.040915,0.030708,0.030656,0.026098,0.034476,0.025779,0.022457,0.030896,0.024174,0.042304,0.024606,0.035025,0.040854,0.046176,0.036724,0.025487,0.039181,0.03544,0.02985
0.03584,0.031763,0.035952,0.025507,0.034872,0.03602,0.053763,0.024592,0.039155,0.031563,0.031126,0.036008,0.034836,0.033042,0.031251,0.036935,0.032551,0.032345,0.035333,0.030295,0.035595,0.032464,0.033061,0.035453,0.027429,0.036501,0.034453,0.03002,0.035672,0.034267,0.030968,0.040236,0.023867,0.031715,0.039194,0.03302,0.035911,0.030522,0.033232,0.033703
0.048466,0.049186,0.035726,0.034865,0.033408,0.035741,0.023628,0.039224,0.032751,0.029478,0.036091,0.034697,0.032975,0.034454,0.031208,0.031242,0.037203,0.032097,0.037051,0.024271,0.039502,0.035284,0.03385,0.032166,0.029905,0.036329,0.035269,0.029416,0.034543,0.031497,0.036919,0.037944,0.023785,0.02269,0.028819,0.035236,0.030732,0.036895,0.031607,0.033211
0.033672,0.036956,0.0322,0.028043,0.039791,0.026618,0.037551,0.049,0.035614,0.03057,0.032473,0.047203,0.034753,0.035502,0.034338,0.030179,0.038824,0.029582,0.035737,0.037729,0.03201,0.024602,0.036916,0.03971,0.030346,0.028267,0.033829,0.048753,0.034366,0.03543,0.029763,0.039311,0.025568,0.038356,0.033381,0.034991,0.039645,0.025661,0.032776,0.03673
0.027631,0.033882,0.034967,0.048354,0.042375,0.026102,0.032016,0.042098,0.024982,0.033689,0.035402,0.042852,0.02193,0.037302,0.02544,0.040508,0.02959,0.030035,0.038136,0.048352,0.030445,0.038571,0.030293,0.035156,0.040676,0.023182,0.038378,0.029888,0.040995,0.022832,0.039783,0.028948,0.034823,0.044302,0.022753,0.037565,0.024117,0.044306,0.029625,0.030851
0.035296,0.035435,0.034043,0.032123,0.034043,0.034398,0.024044,0.038598,0.033981,0.032568,0.027795,0.022726,0.03076,0.035244,0.032146,0.049007,0.043596,0.04116,0.036396,0.03026,0.031928,0.04022,0.023823,0.022257,0.028778,0.038189,0.031938,0.030652,0.034206,0.035975,0.03058,0.035365,0.026671,0.039187,0.034569,0.033797,0.029767,0.032091,0.036291,0.035751
0.029794,0.031513,0.036344,0.03625,0.02772,0.038929,0.02661,0.037336,0.035888,0.03074,0.032363,0.033763,0.036615,0.028975,0.035285,0.03248,0.034454,0.03388,0.035178,0.029262,0.032434,0.036384,0.03411,0.02622,0.03797,0.048579,0.035086,0.034056,0.029613,0.039696,0.030459,0.034135,0.03222,0.037844,0.027882,0.038176,0.030176,0.035329,0.028624,0.038637
0.025529,0.032879,0.022696,0.034081,0.03447,0.034895,0.023774,0.047839,0.023311,0.035391,0.029895,0.033574,0.028966,0.040899,0.030058,0.031778,0.036082,0.033565,0.037309,0.023886,0.036911,0.049635,0.035305,0.035386,0.030424,0.034863,0.032179,0.040737,0.022468,0.039401,0.02885,0.036183,0.035447,0.030178,0.034848,0.051896,0.048772,0.04905,0.035181,0.032305
