0.15026,0.11749,0.12134,0.11689,0.10998,0.13545,0.15238,0.15728,0.15052,0.14141,0.12276,0.12467,0.12761,0.12233,0.12304,0.12364,0.12765,0.12572,0.12372,0.12342,0.12433,0.12305,0.12494,0.12592,0.12682,0.12482,0.12346,0.1243,0.12814,0.12663,0.12474,0.1246,0.12445,0.12076,0.12286,0.12111,0.12059,0.11817,0.11614,0.12327
0.084365,0.085375,0.080963,0.084202,0.083109,0.081762,0.083905,0.088337,0.083693,0.084432,0.082856,0.079757,0.082228,0.088656,0.082572,0.082954,0.082808,0.083022,0.084095,0.085758,0.081976,0.083992,0.084557,0.083613,0.085356,0.085351,0.086246,0.083581,0.082306,0.082938,0.083624,0.082375,0.080827,0.082324,0.082514,0.083081,0.08333,0.085756,0.082579,0.080758
0.076038,0.077815,0.076597,0.075045,0.077513,0.07645,0.074496,0.073615,0.077203,0.078734,0.076665,0.07476,0.077839,0.076545,0.075585,0.076603,0.076524,0.075577,0.082442,0.077669,0.075343,0.076948,0.076561,0.076015,0.075861,0.078066,0.076127,0.075199,0.075573,0.077258,0.080256,0.078661,0.075869,0.076119,0.077885,0.079767,0.079036,0.07641,0.076277,0.077126
0.07332,0.073614,0.075541,0.075842,0.074475,0.076128,0.075439,0.076042,0.074618,0.073889,0.074484,0.073398,0.074581,0.072613,0.07441,0.074009,0.073533,0.071905,0.073842,0.073657,0.072435,0.075015,0.074878,0.076216,0.079198,0.074577,0.076495,0.076772,0.074445,0.076401,0.075117,0.073732,0.074196,0.074037,0.077065,0.075543,0.075177,0.075218,0.074922,0.077401
0.071512,0.070364,0.073069,0.072364,0.071929,0.072697,0.072155,0.072126,0.071932,0.074324,0.073509,0.071128,0.072738,0.072014,0.072184,0.072059,0.074047,0.074067,0.072342,0.071252,0.07385,0.072695,0.074557,0.073129,0.074884,0.073074,0.07272,0.071457,0.071606,0.073025,0.074468,0.082089,0.072042,0.07397,0.073612,0.074661,0.074129,0.07271,0.071391,0.073339
0.071216,0.071512,0.070502,0.073949,0.072435,0.072712,0.071415,0.069492,0.073491,0.071027,0.070746,0.071807,0.072146,0.070881,0.071249,0.073388,0.071304,0.070195,0.071446,0.070338,0.070645,0.071484,0.070804,0.073281,0.072135,0.071182,0.070896,0.071613,0.068993,0.069961,0.072423,0.070074,0.072857,0.071238,0.071146,0.07221,0.073527,0.080569,0.075039,0.074293
0.071588,0.074103,0.071172,0.070307,0.069952,0.07098,0.072455,0.071952,0.071343,0.070702,0.072563,0.071604,0.07046,0.071352,0.071567,0.071004,0.070892,0.070168,0.070187,0.074769,0.072553,0.070747,0.07197,0.070176,0.070845,0.073152,0.071634,0.072897,0.06899,0.073234,0.071359,0.071914,0.072555,0.07088,0.072766,0.070854,0.073193,0.072279,0.070805,0.072407
0.072918,0.070364,0.069453,0.082203,0.069655,0.071831,0.07231,0.072598,0.069694,0.069741,0.071647,0.069636,0.071454,0.072716,0.071299,0.07147,0.069367,0.070788,0.070228,0.070403,0.070028,0.071238,0.071413,0.069968,0.070574,0.069185,0.072682,0.069852,0.07269,0.072035,0.069905,0.070122,0.071794,0.072262,0.071361,0.071268,0.072242,0.071484,0.06955,0.071462
0.070835,0.072204,0.072609,0.070808,0.069511,0.071495,0.06951,0.075573,0.075736,0.077758,0.0721,0.068844,0.073184,0.070573,0.071123,0.072733,0.071241,0.07156,0.0705,0.070602,0.069391,0.069047,0.069628,0.073623,0.069764,0.069873,0.070313,0.071906,0.069209,0.071343,0.072178,0.072196,0.070709,0.070056,0.070809,0.069233,0.071545,0.070685,0.071949,0.071409
0.06976,0.070653,0.071462,0.070619,0.070991,0.070544,0.071392,0.072402,0.069606,0.072215,0.071949,0.071028,0.070917,0.071941,0.071067,0.074094,0.069061,0.070977,0.072106,0.070599,0.070411,0.070042,0.070406,0.070122,0.07223,0.070271,0.071833,0.072805,0.071008,0.072248,0.070235,0.072366,0.069485,0.069641,0.07117,0.067962,0.069717,0.069512,0.070948,0.069123
0.07065,0.069554,0.06801,0.068632,0.07169,0.071273,0.070806,0.072968,0.072475,0.069635,0.071938,0.070748,0.070793,0.069478,0.070048,0.072178,0.070774,0.069897,0.069273,0.071578,0.070206,0.076579,0.069439,0.072339,0.070746,0.068126,0.07185,0.068667,0.070212,0.070134,0.069332,0.070275,0.070727,0.06975,0.075146,0.070655,0.071292,0.069776,0.069695,0.070487
0.070157,0.068359,0.072322,0.070429,0.069279,0.069517,0.069107,0.070638,0.071062,0.072798,0.073826,0.073831,0.070784,0.070182,0.069367,0.071503,0.070681,0.069923,0.07028,0.069834,0.068533,0.069607,0.07128,0.069794,0.072205,0.071022,0.06982,0.068858,0.078961,0.070977,0.072697,0.069094,0.071765,0.068959,0.070757,0.071063,0.070359,0.07066,0.069827,0.070527
0.070588,0.071677,0.068841,0.070182,0.068948,0.068679,0.071094,0.069468,0.070683,0.068889,0.071389,0.073015,0.070101,0.06978,0.070332,0.070458,0.069721,0.070774,0.071357,0.069196,0.072027,0.069183,0.071089,0.069959,0.07017,0.070876,0.071051,0.070713,0.070604,0.069589,0.070242,0.070569,0.069721,0.075127,0.069279,0.071158,0.070975,0.070144,0.06868,0.07173
0.069346,0.069185,0.071633,0.069853,0.068961,0.069814,0.071355,0.071177,0.069059,0.068923,0.072222,0.070645,0.06986,0.070095,0.073326,0.06993,0.07107,0.068947,0.06959,0.070088,0.070055,0.070255,0.071155,0.068639,0.070568,0.0704,0.070348,0.070254,0.069535,0.069393,0.069582,0.069226,0.070064,0.071012,0.068064,0.070806,0.073056,0.070849,0.071934,0.079837
0.068498,0.071509,0.070747,0.071727,0.069642,0.070805,0.069754,0.069349,0.072163,0.068178,0.070639,0.069892,0.07129,0.06864,0.069701,0.0695,0.07143,0.070399,0.068233,0.067787,0.069003,0.067934,0.069611,0.072207,0.070058,0.070713,0.06851,0.069247,0.068906,0.068882,0.070752,0.070501,0.068948,0.068596,0.070451,0.069885,0.070188,0.069524,0.068135,0.069264
0.068279,0.070137,0.071174,0.068805,0.069964,0.077023,0.068802,0.071167,0.072151,0.06963,0.069964,0.07023,0.073881,0.069971,0.069446,0.070295,0.071946,0.069708,0.070692,0.072692,0.069607,0.071087,0.071589,0.070568,0.070032,0.070961,0.070719,0.070424,0.077696,0.070632,0.06912,0.069201,0.071905,0.072942,0.071555,0.071768,0.072943,0.071158,0.068987,0.070526
0.071064,0.070778,0.075244,0.070257,0.068538,0.069987,0.06953,0.072133,0.069979,0.067449,0.069213,0.077003,0.068293,0.069967,0.072904,0.068951,0.069743,0.073132,0.069511,0.06806,0.068806,0.069765,0.069972,0.069343,0.06923,0.070612,0.070372,0.073007,0.072245,0.069014,0.069096,0.071363,0.069706,0.06936,0.068615,0.069482,0.069719,0.070323,0.070645,0.073416
0.069913,0.072161,0.068874,0.069612,0.068568,0.06846,0.070577,0.069895,0.069868,0.069914,0.073168,0.069995,0.07078,0.071514,0.070095,0.069325,0.069583,0.075759,0.069182,0.068267,0.070454,0.069567,0.069269,0.069672,0.073558,0.071275,0.072028,0.069857,0.071861,0.071969,0.070342,0.072074,0.072079,0.070565,0.07293,0.072977,0.067971,0.069635,0.07176,0.068823
0.07116,0.070981,0.068849,0.069299,0.069413,0.070634,0.070909,0.070227,0.069903,0.069578,0.06923,0.069654,0.074358,0.070776,0.069046,0.068459,0.071918,0.07587,0.076108,0.073871,0.073944,0.074953,0.074357,0.072304,0.080244,0.074417,0.078758,0.071997,0.071309,0.071764,0.071465,0.073386,0.073602,0.072627,0.075274,0.079563,0.074927,0.073115,0.070413,0.07103
0.073244,0.069593,0.068402,0.069408,0.070761,0.068057,0.070341,0.076458,0.066995,0.068649,0.068515,0.070868,0.069709,0.069028,0.071305,0.070125,0.071299,0.068108,0.070502,0.07027,0.068122,0.069138,0.068702,0.068641,0.070566,0.069284,0.068949,0.068493,0.071792,0.069853,0.078277,0.069631,0.070119,0.070293,0.071064,0.068737,0.071547,0.073066,0.070973,0.072739
0.070574,0.069599,0.071966,0.070943,0.069703,0.072178,0.070924,0.070436,0.067888,0.068382,0.074094,0.06982,0.069167,0.070173,0.067607,0.069456,0.069656,0.069945,0.069215,0.067952,0.070895,0.069591,0.067973,0.068074,0.071435,0.070619,0.06946,0.069929,0.071053,0.072318,0.068201,0.072757,0.070853,0.06988,0.067498,0.070022,0.079958,0.069053,0.071659,0.071124
0.07046,0.069265,0.070782,0.06776,0.067496,0.07052,0.070785,0.067514,0.068849,0.069973,0.068247,0.068646,0.07047,0.073973,0.068318,0.070882,0.070028,0.069821,0.070114,0.067547,0.069916,0.067893,0.068062,0.068529,0.069217,0.070172,0.070373,0.068267,0.067924,0.068887,0.070784,0.070715,0.06904,0.070223,0.07267,0.069264,0.070787,0.073314,0.069478,0.067995
0.072297,0.068872,0.079618,0.070749,0.069672,0.06882,0.069163,0.069381,0.070094,0.071196,0.070144,0.070292,0.070304,0.067572,0.070099,0.069674,0.071907,0.071022,0.068509,0.068357,0.069982,0.069062,0.07061,0.071879,0.070674,0.0703,0.070897,0.071004,0.07023,0.068679,0.071008,0.069417,0.070674,0.06822,0.069578,0.071253,0.070012,0.073168,0.071917,0.06875
0.068542,0.071103,0.067994,0.070166,0.067828,0.069635,0.068442,0.070209,0.077438,0.071638,0.071512,0.070944,0.069967,0.06867,0.069955,0.070508,0.069916,0.069194,0.069864,0.07131,0.072175,0.069533,0.070239,0.068659,0.069554,0.067942,0.071056,0.068246,0.071105,0.072916,0.073648,0.073974,0.072519,0.076863,0.072861,0.071073,0.070759,0.072861,0.072902,0.074506
0.074339,0.072536,0.072862,0.073117,0.072317,0.073396,0.074914,0.070143,0.068896,0.070413,0.071347,0.070946,0.070182,0.067786,0.078481,0.070088,0.068052,0.071571,0.068562,0.06776,0.072365,0.070699,0.067653,0.069284,0.069812,0.070641,0.071613,0.069472,0.068699,0.070313,0.068056,0.070927,0.069945,0.068721,0.069372,0.073361,0.072093,0.068747,0.069858,0.069603
0.068637,0.072081,0.071308,0.069013,0.070593,0.069678,0.071867,0.070729,0.071687,0.072422,0.070267,0.069828,0.071501,0.07091,0.068579,0.06888,0.071137,0.071215,0.070133,0.068832,0.078994,0.069772,0.069577,0.073594,0.069943,0.068801,0.069361,0.070207,0.068457,0.070422,0.071211,0.068587,0.070641,0.06903,0.069033,0.071955,0.068507,0.070731,0.073442,0.074291
0.072969,0.075058,0.073335,0.073051,0.075041,0.073967,0.074911,0.0713,0.07278,0.074575,0.073228,0.073434,0.075677,0.074169,0.073043,0.074689,0.069328,0.070896,0.072153,0.072278,0.071254,0.071522,0.071131,0.070694,0.072809,0.079113,0.072219,0.069278,0.071115,0.071021,0.07049,0.069157,0.070615,0.071421,0.068748,0.071963,0.070159,0.068607,0.06939,0.071411
0.068618,0.070248,0.068643,0.068409,0.069772,0.071285,0.070276,0.070639,0.07081,0.069309,0.068765,0.071182,0.068787,0.070477,0.072334,0.069959,0.067845,0.069674,0.070962,0.069231,0.070522,0.071793,0.068562,0.069228,0.070012,0.069264,0.069272,0.070259,0.073953,0.069286,0.070336,0.079704,0.071027,0.072518,0.068053,0.071768,0.071985,0.069321,0.068686,0.069208
0.070327,0.070356,0.069066,0.06958,0.068653,0.067718,0.068724,0.072245,0.073646,0.073786,0.072848,0.073417,0.071102,0.073852,0.072332,0.070121,0.07255,0.074424,0.0725,0.073811,0.072492,0.0707,0.070734,0.072428,0.072772,0.072734,0.071265,0.072801,0.070364,0.072805,0.069547,0.070177,0.070699,0.069131,0.073387,0.070576,0.069495,0.076406,0.071435,0.06899
0.069783,0.069175,0.069454,0.069521,0.069041,0.069385,0.067562,0.068045,0.06891,0.070255,0.071789,0.068413,0.068829,0.068595,0.069009,0.069383,0.071042,0.070658,0.070026,0.069325,0.071068,0.083393,0.069122,0.071002,0.068865,0.073076,0.071873,0.069537,0.069224,0.06915,0.067523,0.069302,0.06845,0.073165,0.071359,0.069764,0.070662,0.070398,0.069375,0.068448
0.071059,0.072936,0.072471,0.078382,0.072725,0.072006,0.07147,0.072784,0.07382,0.072662,0.07123,0.071734,0.074788,0.072675,0.071078,0.073284,0.074434,0.074733,0.076792,0.07354,0.071447,0.072239,0.070781,0.070248,0.068641,0.069553,0.070849,0.069928,0.068096,0.069429,0.068732,0.06878,0.0695,0.067591,0.072661,0.06975,0.069963,0.069804,0.069656,0.068829
0.069298,0.069786,0.069929,0.069286,0.070717,0.069135,0.070102,0.069816,0.06944,0.068861,0.077017,0.067466,0.068459,0.068102,0.069844,0.074278,0.069185,0.06963,0.068382,0.069741,0.070143,0.071246,0.069493,0.070099,0.069953,0.068283,0.069205,0.070308,0.069933,0.06964,0.070382,0.068108,0.068914,0.069459,0.069911,0.072885,0.07376,0.077825,0.073653,0.07236
0.072916,0.071983,0.071951,0.073451,0.072834,0.073581,0.072141,0.073869,0.073443,0.072994,0.071758,0.074307,0.074972,0.072716,0.072965,0.068074,0.077596,0.072809,0.06928,0.069931,0.069413,0.068164,0.068206,0.070081,0.068887,0.070667,0.068613,0.070153,0.068337,0.067427,0.069739,0.069715,0.070988,0.070532,0.069044,0.070769,0.0704,0.069697,0.06976,0.074364
0.069341,0.071303,0.068615,0.070727,0.068747,0.07204,0.068276,0.07023,0.069465,0.068195,0.069645,0.069719,0.069223,0.070214,0.073264,0.070124,0.070107,0.068985,0.070311,0.06991,0.073529,0.069682,0.081402,0.074115,0.074134,0.073439,0.075726,0.073166,0.070739,0.075375,0.072172,0.073429,0.074195,0.074814,0.072509,0.071689,0.074149,0.072545,0.074552,0.071466
0.070869,0.070837,0.070798,0.072688,0.068528,0.070508,0.069716,0.07112,0.068219,0.07075,0.068687,0.070818,0.069574,0.069292,0.068737,0.070386,0.071835,0.068927,0.071099,0.068321,0.069118,0.072037,0.07088,0.069703,0.070776,0.07132,0.068313,0.070597,0.078347,0.07085,0.070929,0.070245,0.069541,0.070148,0.069588,0.070549,0.066722,0.069009,0.069318,0.068616
0.070356,0.068937,0.069178,0.074204,0.073676,0.073143,0.072758,0.072667,0.072951,0.073651,0.073602,0.072912,0.071021,0.072169,0.070339,0.073793,0.075141,0.073509,0.074402,0.07204,0.072781,0.068935,0.07065,0.074042,0.069389,0.071011,0.070403,0.070032,0.069515,0.069966,0.070456,0.07188,0.071294,0.071744,0.080168,0.069265,0.068215,0.068018,0.072095,0.067704
0.06995,0.068412,0.068543,0.070046,0.071887,0.069722,0.071438,0.073616,0.070768,0.069738,0.071283,0.068783,0.072224,0.070894,0.071475,0.070783,0.069961,0.068458,0.068407,0.069753,0.070811,0.069076,0.068638,0.069675,0.068128,0.06946,0.070848,0.070304,0.069911,0.06906,0.068801,0.069107,0.070421,0.071138,0.069356,0.07088,0.079035,0.06945,0.069766,0.067517
0.082483,0.072618,0.075619,0.088083,0.072837,0.072201,0.072837,0.072426,0.073564,0.072698,0.074366,0.073087,0.073744,0.0749,0.073057,0.07352,0.074608,0.073211,0.071891,0.074447,0.073775,0.075341,0.073858,0.072989,0.073083,0.072915,0.070835,0.075421,0.072095,0.072427,0.071479,0.075405,0.071992,0.071971,0.069373,0.069549,0.069566,0.069657,0.070187,0.067611
0.069015,0.069898,0.069354,0.072374,0.067846,0.07095,0.077224,0.071693,0.070488,0.073283,0.071775,0.068761,0.070207,0.067454,0.068199,0.071446,0.070537,0.070806,0.069469,0.069132,0.068733,0.070899,0.069492,0.071628,0.068265,0.070466,0.070174,0.068662,0.07066,0.0715,0.070647,0.070764,0.069126,0.069355,0.068991,0.072653,0.073079,0.071825,0.071009,0.072423
0.069282,0.069496,0.069263,0.070646,0.069827,0.071026,0.069623,0.069149,0.069235,0.073807,0.069696,0.076916,0.069346,0.073405,0.072022,0.07171,0.072465,0.071412,0.071899,0.071522,0.071898,0.07336,0.07299,0.071379,0.071343,0.072181,0.071822,0.075466,0.075351,0.071354,0.071713,0.071821,0.074794,0.072957,0.071118,0.074467,0.072874,0.071726,0.068683,0.073618
