0.05955,0.047314,0.049901,0.054465,0.046671,0.053328,0.045752,0.043515,0.043753,0.055687,0.047904,0.04816,0.046242,0.050184,0.0447,0.04467,0.044947,0.056318,0.052526,0.04408,0.050898,0.049961,0.053133,0.044364,0.058377,0.043679,0.050238,0.04541,0.043757,0.047029,0.044733,0.045555,0.043944,0.044011,0.049302,0.05019,0.048323,0.044229,0.04578,0.049901
0.03619,0.031099,0.038924,0.045157,0.040617,0.031801,0.032385,0.031031,0.031357,0.031888,0.032822,0.031552,0.031306,0.031997,0.036746,0.032124,0.031677,0.031541,0.032421,0.032293,0.03243,0.031651,0.030712,0.032026,0.032751,0.031355,0.04082,0.030574,0.035554,0.03968,0.031794,0.03204,0.031956,0.030804,0.0308,0.032238,0.056741,0.031809,0.031192,0.033699
0.026954,0.052024,0.037212,0.028779,0.046836,0.034761,0.030965,0.038175,0.029112,0.054548,0.029952,0.038169,0.029609,0.054818,0.030693,0.02911,0.059263,0.03125,0.035605,0.02864,0.031805,0.053867,0.027824,0.049157,0.036497,0.029392,0.053508,0.048812,0.057098,0.03749,0.036923,0.034548,0.05036,0.045182,0.040418,0.028956,0.052548,0.034584,0.04893,0.030307
0.051803,0.048811,0.054767,0.027198,0.051303,0.055171,0.027385,0.052336,0.053008,0.028632,0.047395,0.062568,0.032213,0.028867,0.027279,0.052359,0.050613,0.04757,0.038024,0.048349,0.036406,0.029573,0.049015,0.051569,0.044036,0.043368,0.032442,0.048939,0.029717,0.037199,0.029773,0.052871,0.028933,0.055595,0.035897,0.038673,0.036662,0.036578,0.036897,0.031721
0.03418,0.026967,0.048874,0.055436,0.028165,0.048666,0.039183,0.030004,0.035722,0.032488,0.050786,0.032597,0.052507,0.028998,0.053726,0.030622,0.050974,0.051097,0.037093,0.033973,0.025829,0.034325,0.032331,0.036246,0.032715,0.04722,0.041176,0.026634,0.055721,0.026983,0.046791,0.040443,0.028312,0.054347,0.047919,0.050847,0.030513,0.060326,0.030614,0.036174
0.029201,0.032193,0.050302,0.027029,0.037254,0.031767,0.053729,0.029995,0.047571,0.053273,0.043256,0.028467,0.030573,0.033827,0.031927,0.030265,0.052802,0.030644,0.053041,0.035496,0.026436,0.050127,0.040243,0.030799,0.049218,0.047251,0.032663,0.044008,0.026957,0.033142,0.030894,0.047931,0.056654,0.032865,0.044655,0.038977,0.050822,0.027583,0.035182,0.031117
0.05187,0.035981,0.027682,0.037798,0.02933,0.051328,0.030893,0.051782,0.035527,0.054245,0.025846,0.051938,0.035266,0.033866,0.028806,0.039418,0.025959,0.038937,0.028061,0.055819,0.028758,0.054086,0.029184,0.036101,0.030581,0.051973,0.032257,0.04478,0.026617,0.027599,0.045873,0.025896,0.02918,0.0373,0.031154,0.048513,0.030077,0.039444,0.031285,0.051579
0.028952,0.054262,0.036878,0.027216,0.047526,0.054648,0.031036,0.053512,0.029724,0.047495,0.035119,0.055941,0.031186,0.029619,0.042717,0.026534,0.051226,0.028878,0.054277,0.030722,0.053325,0.028434,0.048525,0.05578,0.048737,0.043442,0.025651,0.027895,0.035685,0.033267,0.036915,0.02724,0.038722,0.031465,0.030469,0.040396,0.026252,0.038907,0.027274,0.041104
0.037417,0.026062,0.031577,0.05418,0.025088,0.053872,0.037792,0.026234,0.05388,0.050123,0.041853,0.02522,0.027915,0.051422,0.049663,0.054293,0.048879,0.029611,0.053612,0.036189,0.026866,0.039444,0.026413,0.052087,0.032968,0.057651,0.0291,0.028198,0.038977,0.028354,0.051412,0.034878,0.048006,0.049326,0.055664,0.027144,0.027902,0.025257,0.032278,0.033997
0.047953,0.051888,0.045955,0.055515,0.037072,0.026553,0.055032,0.029795,0.047731,0.048813,0.055003,0.032535,0.032837,0.047192,0.03991,0.029611,0.036538,0.027759,0.038754,0.028101,0.050689,0.034587,0.048979,0.034991,0.029622,0.02729,0.026477,0.035042,0.039908,0.032409,0.033169,0.026689,0.031471,0.039326,0.026715,0.036047,0.037244,0.031225,0.036065,0.027095
0.031757,0.051828,0.035754,0.035708,0.026623,0.054743,0.028431,0.037799,0.028931,0.051981,0.048637,0.048782,0.0476,0.042408,0.026001,0.051402,0.054845,0.030654,0.053637,0.033289,0.0305,0.054532,0.029893,0.030162,0.051487,0.044638,0.04032,0.029254,0.054236,0.049782,0.055044,0.042691,0.049013,0.048266,0.054127,0.050678,0.04842,0.038212,0.028172,0.038566
0.026475,0.056218,0.043744,0.043613,0.039727,0.047968,0.055159,0.049188,0.048797,0.04858,0.048635,0.056017,0.04876,0.049725,0.04855,0.047077,0.050427,0.05603,0.048711,0.054926,0.043358,0.049329,0.047357,0.049368,0.055174,0.050027,0.046546,0.043125,0.037834,0.026369,0.030655,0.029733,0.040318,0.025874,0.03594,0.02997,0.043041,0.026203,0.031705,0.040424
0.035047,0.025622,0.033448,0.032296,0.053215,0.03069,0.053051,0.027739,0.055636,0.027478,0.050567,0.054998,0.027219,0.042407,0.025028,0.052599,0.043845,0.040621,0.030286,0.052593,0.0332,0.031617,0.04742,0.039016,0.028619,0.050991,0.040031,0.027278,0.056763,0.030506,0.026709,0.03616,0.047699,0.036654,0.046682,0.054805,0.029375,0.048539,0.055786,0.029077
0.054122,0.048684,0.04001,0.025762,0.032642,0.035569,0.028209,0.042714,0.026881,0.03503,0.034601,0.028368,0.054197,0.028752,0.043274,0.02508,0.050071,0.048854,0.061002,0.025927,0.033742,0.033426,0.034505,0.028404,0.054139,0.031351,0.046395,0.055199,0.037068,0.024958,0.055207,0.050475,0.049148,0.035535,0.025652,0.039357,0.051463,0.029468,0.052712,0.027115
0.03863,0.030878,0.051491,0.049958,0.031834,0.050726,0.036829,0.026202,0.04843,0.04263,0.027017,0.056703,0.026208,0.050294,0.049401,0.048773,0.036682,0.053555,0.036087,0.025795,0.050198,0.049032,0.053418,0.050797,0.049623,0.047132,0.055872,0.028855,0.048479,0.035732,0.048929,0.032301,0.04469,0.025091,0.028819,0.049619,0.04958,0.055706,0.036012,0.026285
0.047956,0.036387,0.04619,0.043187,0.025101,0.052381,0.048398,0.049132,0.043102,0.024664,0.051212,0.054175,0.043433,0.056449,0.026803,0.039759,0.028169,0.049987,0.056012,0.027197,0.056153,0.027302,0.050831,0.048444,0.032895,0.03783,0.047498,0.049172,0.049237,0.041184,0.03651,0.030193,0.025497,0.054365,0.03386,0.033928,0.044121,0.037703,0.029923,0.051454
0.05434,0.029866,0.035265,0.029644,0.053294,0.048622,0.049381,0.051611,0.035494,0.044301,0.048235,0.041814,0.027986,0.049639,0.0549,0.027736,0.050187,0.048194,0.055799,0.049039,0.035851,0.026417,0.057173,0.02928,0.049618,0.032781,0.054259,0.027491,0.051271,0.047234,0.048819,0.025418,0.038067,0.024875,0.033716,0.030105,0.035815,0.03409,0.037427,0.028191
0.029989,0.038844,0.028997,0.034909,0.042236,0.028814,0.028638,0.037932,0.028094,0.038841,0.027638,0.038691,0.030998,0.030724,0.036884,0.034451,0.028871,0.03265,0.037614,0.037744,0.031682,0.033785,0.025125,0.03795,0.034224,0.028032,0.038264,0.028387,0.038195,0.03658,0.025994,0.036603,0.028473,0.039618,0.030546,0.03404,0.03233,0.032247,0.03624,0.028739
0.04196,0.025384,0.037949,0.028546,0.03825,0.027938,0.038183,0.030522,0.03423,0.03236,0.041924,0.024352,0.036726,0.030988,0.033888,0.036233,0.036846,0.032857,0.025144,0.054124,0.03135,0.041637,0.023759,0.036707,0.032123,0.029279,0.046447,0.024806,0.03721,0.025155,0.039042,0.026726,0.042774,0.029182,0.028129,0.03946,0.047907,0.03086,0.034255,0.038568
0.028923,0.035433,0.035786,0.035223,0.028053,0.053158,0.025405,0.045565,0.024707,0.034113,0.034945,0.030113,0.03485,0.035237,0.037049,0.026566,0.03309,0.035473,0.03757,0.026081,0.038495,0.038209,0.026021,0.02675,0.02559,0.027031,0.027081,0.026084,0.031118,0.02669,0.025491,0.030033,0.026711,0.032425,0.032825,0.026484,0.026148,0.025325,0.03078,0.037826
0.029515,0.025854,0.035149,0.026389,0.027577,0.025555,0.026179,0.026239,0.024622,0.030884,0.027967,0.025531,0.030373,0.027192,0.032068,0.027653,0.03149,0.025542,0.03055,0.026063,0.025701,0.026193,0.032802,0.034608,0.035655,0.028713,0.036021,0.033493,0.027974,0.040604,0.028878,0.033484,0.026602,0.03029,0.025948,0.026826,0.027814,0.027654,0.026603,0.026301
0.026827,0.025574,0.02745,0.029231,0.032474,0.026437,0.027034,0.027165,0.026087,0.030238,0.026995,0.026087,0.027831,0.025336,0.031458,0.026576,0.025439,0.03325,0.034628,0.030247,0.026641,0.027721,0.026472,0.026214,0.025786,0.031531,0.026853,0.026295,0.030642,0.027593,0.02553,0.027411,0.027052,0.027037,0.027055,0.027891,0.025546,0.027001,0.026715,0.032233
0.027361,0.025803,0.025632,0.02571,0.028812,0.026186,0.024946,0.03281,0.028388,0.026607,0.031863,0.032404,0.033195,0.03449,0.03058,0.032675,0.034825,0.026442,0.025123,0.035125,0.027917,0.031655,0.027286,0.026042,0.027213,0.02668,0.03015,0.027301,0.027003,0.030981,0.036211,0.032012,0.028355,0.031071,0.027295,0.026687,0.02842,0.027335,0.035999,0.032636
0.034921,0.026949,0.0287,0.030876,0.031636,0.029819,0.027872,0.031636,0.026976,0.033063,0.027366,0.028187,0.028345,0.0349,0.027086,0.027062,0.027659,0.030609,0.026161,0.027012,0.033455,0.029613,0.025178,0.032509,0.036323,0.034907,0.026242,0.028392,0.027299,0.029337,0.027688,0.026938,0.027458,0.032623,0.040631,0.026631,0.026243,0.035999,0.026421,0.029456
0.031689,0.026922,0.026913,0.027725,0.030221,0.03532,0.028494,0.029032,0.036866,0.026715,0.026701,0.027974,0.027336,0.027222,0.042139,0.033892,0.027894,0.039668,0.033548,0.026741,0.025674,0.032674,0.026577,0.027101,0.029952,0.02929,0.042629,0.037782,0.034604,0.027218,0.027209,0.027352,0.034363,0.035706,0.035863,0.036249,0.036044,0.027467,0.028929,0.028142
0.027666,0.028095,0.027426,0.026645,0.027573,0.026612,0.026745,0.027384,0.027722,0.03104,0.033971,0.035175,0.028492,0.028522,0.028058,0.027916,0.026063,0.032546,0.039258,0.031758,0.026518,0.02664,0.032357,0.02871,0.037745,0.037028,0.02831,0.036332,0.034224,0.030724,0.028166,0.03446,0.036894,0.034956,0.030401,0.026765,0.027955,0.027623,0.034946,0.02764
0.028389,0.028163,0.028019,0.026762,0.026662,0.037654,0.034923,0.027842,0.031821,0.027836,0.02648,0.029047,0.027671,0.02758,0.031892,0.033444,0.027231,0.027621,0.027921,0.02767,0.027304,0.033388,0.029294,0.036452,0.026269,0.027669,0.026567,0.033214,0.027668,0.033235,0.028469,0.028117,0.03977,0.035429,0.03419,0.027491,0.03379,0.028179,0.027561,0.027514
0.033239,0.027297,0.027078,0.027685,0.031368,0.02769,0.027345,0.026605,0.02722,0.037987,0.026018,0.02611,0.030493,0.032082,0.036127,0.032747,0.029074,0.027083,0.027697,0.035606,0.028305,0.027721,0.02564,0.027631,0.030677,0.026912,0.026751,0.027597,0.026836,0.027649,0.029726,0.026841,0.028566,0.037033,0.028529,0.02712,0.02768,0.028195,0.026823,0.032355
0.028621,0.026851,0.027134,0.027455,0.026996,0.027794,0.028727,0.026713,0.028142,0.027003,0.026573,0.028645,0.034341,0.028611,0.028856,0.032862,0.028562,0.043582,0.028527,0.027152,0.028461,0.02779,0.026426,0.02623,0.027888,0.028396,0.035748,0.033281,0.031679,0.024665,0.05624,0.026389,0.038459,0.027716,0.039895,0.030821,0.034807,0.029375,0.058078,0.024189
0.036002,0.035654,0.031839,0.032403,0.033943,0.034785,0.035966,0.03088,0.030273,0.038431,0.034973,0.026862,0.045856,0.040029,0.03077,0.037169,0.027226,0.03942,0.028517,0.037045,0.030994,0.030797,0.036494,0.035132,0.027561,0.039891,0.037083,0.028545,0.028978,0.040881,0.025478,0.03771,0.02926,0.038815,0.02819,0.0419,0.025459,0.038788,0.026483,0.038842
0.037581,0.02608,0.038223,0.026886,0.036422,0.031016,0.03653,0.032422,0.037852,0.035135,0.029944,0.027343,0.040877,0.026292,0.035372,0.032631,0.044816,0.03071,0.038837,0.035912,0.033559,0.033755,0.038378,0.028239,0.033507,0.038756,0.0265,0.031778,0.055101,0.028573,0.037985,0.028089,0.038147,0.030231,0.031724,0.03451,0.042451,0.024923,0.037482,0.027017
0.046389,0.024915,0.027956,0.036089,0.047012,0.042789,0.035393,0.026501,0.032421,0.033834,0.029261,0.039142,0.03877,0.024273,0.033364,0.034208,0.034401,0.033847,0.032321,0.032395,0.0363,0.027421,0.037576,0.031647,0.035121,0.031931,0.043613,0.025519,0.031307,0.035457,0.030179,0.036665,0.050704,0.028756,0.038024,0.028114,0.038361,0.034345,0.02764,0.037837
0.028243,0.05319,0.047813,0.0356,0.035695,0.034808,0.038489,0.025844,0.028418,0.039695,0.027475,0.034338,0.043294,0.024137,0.035686,0.030574,0.032483,0.03862,0.033148,0.028935,0.034829,0.029021,0.04309,0.032469,0.026062,0.038444,0.028061,0.03399,0.03381,0.034917,0.033562,0.032693,0.035161,0.030842,0.040027,0.028575,0.032312,0.035279,0.034093,0.026952
0.039142,0.030737,0.033791,0.033372,0.030324,0.05427,0.053572,0.02598,0.037954,0.028783,0.037072,0.029256,0.037287,0.030676,0.037538,0.026573,0.038606,0.028813,0.037533,0.031201,0.031562,0.044006,0.024589,0.039058,0.025774,0.037381,0.02962,0.038364,0.027179,0.037689,0.034203,0.034579,0.026471,0.039639,0.027186,0.039053,0.031018,0.037012,0.027749,0.037357
0.028877,0.040825,0.029843,0.031629,0.034808,0.033628,0.037659,0.027343,0.02696,0.026474,0.027286,0.039986,0.026697,0.026681,0.025053,0.025374,0.02425,0.025868,0.025836,0.03289,0.042835,0.024322,0.030896,0.036743,0.029573,0.049496,0.038577,0.028445,0.035562,0.035492,0.029466,0.037217,0.03284,0.032798,0.035287,0.027172,0.041955,0.025005,0.03588,0.0366
0.027627,0.036858,0.028739,0.038785,0.027755,0.038986,0.029935,0.035829,0.031058,0.039306,0.035719,0.025101,0.049665,0.041934,0.024405,0.039231,0.026122,0.038829,0.027866,0.039608,0.026125,0.040437,0.02836,0.037179,0.028957,0.033314,0.03718,0.028051,0.039493,0.03104,0.033674,0.034655,0.03265,0.032288,0.032932,0.033455,0.033398,0.037213,0.026064,0.038059
0.028916,0.038659,0.035316,0.025957,0.0388,0.039421,0.024617,0.034414,0.035005,0.027068,0.037507,0.035785,0.033931,0.02785,0.028018,0.025986,0.027849,0.02506,0.026369,0.038485,0.027448,0.025161,0.034813,0.031337,0.02704,0.027885,0.026673,0.027222,0.026921,0.026308,0.027142,0.026711,0.026408,0.029818,0.026569,0.028155,0.036694,0.031752,0.032928,0.033278
0.035092,0.033128,0.029079,0.038884,0.028497,0.033501,0.037906,0.034672,0.028347,0.026832,0.026113,0.028152,0.025992,0.02539,0.035531,0.03247,0.030952,0.026754,0.025739,0.026747,0.026398,0.028227,0.026261,0.026591,0.027187,0.026024,0.026359,0.029541,0.025742,0.031251,0.026829,0.025171,0.0282,0.025475,0.025666,0.036679,0.029216,0.026506,0.026193,0.035317
0.02689,0.041865,0.02576,0.036281,0.03848,0.026031,0.038409,0.027591,0.037715,0.031816,0.034527,0.030255,0.040178,0.026585,0.039329,0.028284,0.035747,0.041851,0.025547,0.027416,0.040113,0.027464,0.027189,0.026431,0.035627,0.03048,0.03048,0.027294,0.026854,0.029068,0.02907,0.025406,0.031459,0.032256,0.026086,0.033074,0.025788,0.027187,0.025928,0.029016
0.02716,0.026059,0.03251,0.027307,0.028533,0.026539,0.026096,0.026004,0.034013,0.026923,0.025675,0.025906,0.029634,0.026411,0.031622,0.026395,0.025363,0.027095,0.027766,0.041461,0.026935,0.025913,0.027067,0.026008,0.025208,0.026534,0.033169,0.027176,0.027824,0.026873,0.025844,0.025689,0.024809,0.026725,0.025722,0.02789,0.029314,0.026,0.02659,0.027123
