0.071542,0.060129,0.050111,0.057519,0.053663,0.058423,0.049078,0.057716,0.05098,0.049126,0.050076,0.05221,0.052021,0.057934,0.050613,0.070683,0.056237,0.055529,0.053383,0.058958,0.051082,0.052222,0.055145,0.05746,0.05573,0.050417,0.049919,0.048998,0.051009,0.052275,0.056082,0.056377,0.050583,0.052054,0.052075,0.053273,0.052733,0.052326,0.051625,0.05696
0.0357,0.06069,0.048087,0.038779,0.056613,0.041043,0.041356,0.041877,0.03758,0.038149,0.038144,0.040623,0.03614,0.046133,0.039186,0.039023,0.038976,0.058503,0.04835,0.037211,0.049113,0.047405,0.042056,0.03752,0.039447,0.044434,0.038687,0.045188,0.04089,0.046398,0.038398,0.037806,0.037398,0.039239,0.039552,0.036617,0.038599,0.043798,0.054689,0.040702
0.033532,0.035611,0.034494,0.034305,0.034969,0.034078,0.034098,0.045056,0.033995,0.034049,0.03347,0.034693,0.03479,0.035237,0.0442,0.046844,0.036225,0.05229,0.036481,0.046521,0.034426,0.035309,0.048114,0.036193,0.047806,0.036323,0.042038,0.034642,0.035238,0.034857,0.03931,0.034945,0.036106,0.037638,0.034898,0.034115,0.048448,0.03603,0.046818,0.039114
0.038846,0.042021,0.048485,0.040459,0.033243,0.032622,0.052947,0.032451,0.032332,0.033603,0.041782,0.034993,0.04617,0.0337,0.037498,0.035699,0.04686,0.048465,0.03659,0.041267,0.04153,0.04232,0.056457,0.044847,0.038857,0.049964,0.044585,0.035169,0.033852,0.033678,0.033747,0.034368,0.048108,0.035831,0.049952,0.037467,0.036231,0.0451,0.047571,0.044682
0.045286,0.034031,0.032555,0.035652,0.036341,0.038859,0.041653,0.036747,0.033605,0.034205,0.041256,0.038958,0.034281,0.039533,0.035045,0.034813,0.043754,0.035711,0.034417,0.035411,0.036595,0.033979,0.033322,0.033847,0.033723,0.033701,0.041045,0.05314,0.036505,0.039258,0.034982,0.033649,0.034557,0.03467,0.043,0.032848,0.05222,0.03317,0.032925,0.052966
0.032109,0.03318,0.032431,0.036373,0.034012,0.046434,0.032263,0.031671,0.033237,0.038094,0.035979,0.037074,0.041598,0.052731,0.033133,0.033153,0.03304,0.033834,0.033054,0.032551,0.036835,0.035096,0.039805,0.034593,0.032312,0.041029,0.047983,0.033254,0.034186,0.033177,0.033468,0.042512,0.040295,0.034447,0.033269,0.04497,0.032804,0.032731,0.034819,0.036972
0.032704,0.040048,0.041359,0.046519,0.031896,0.033875,0.034036,0.032517,0.034399,0.031863,0.032593,0.052192,0.051681,0.03222,0.050016,0.056552,0.044769,0.03282,0.032717,0.042333,0.042813,0.044293,0.046229,0.038626,0.04594,0.036161,0.046325,0.039657,0.032982,0.031275,0.033081,0.033032,0.036479,0.033819,0.03345,0.036088,0.033594,0.032957,0.032367,0.032275
0.032053,0.031075,0.032046,0.055433,0.033282,0.033742,0.03238,0.036495,0.033246,0.032142,0.03222,0.031936,0.032743,0.053064,0.033746,0.032406,0.031842,0.031246,0.034256,0.032703,0.033664,0.032912,0.034099,0.032168,0.034002,0.034682,0.033393,0.033808,0.033437,0.032184,0.030928,0.031757,0.034794,0.033646,0.037411,0.033124,0.0383,0.033555,0.033375,0.044008
0.040003,0.039831,0.03344,0.031101,0.052398,0.032991,0.038449,0.031688,0.0312,0.032052,0.033151,0.044879,0.04292,0.034339,0.039511,0.040425,0.033798,0.032442,0.037672,0.032755,0.03931,0.041922,0.033719,0.041036,0.037955,0.033355,0.04046,0.033118,0.032397,0.03179,0.032215,0.03227,0.031209,0.03258,0.044434,0.040035,0.03334,0.040139,0.032992,0.032995
0.032825,0.032764,0.032803,0.032529,0.032863,0.053313,0.031888,0.032037,0.03591,0.031172,0.030918,0.031134,0.032167,0.042119,0.033111,0.033124,0.040612,0.037302,0.031095,0.0424,0.032071,0.033058,0.032629,0.03184,0.032515,0.032872,0.036487,0.035805,0.040334,0.034574,0.033173,0.033747,0.036256,0.032497,0.031957,0.031925,0.048207,0.034446,0.034076,0.034301
0.033089,0.04168,0.046225,0.032218,0.032406,0.046215,0.038181,0.032995,0.049097,0.053361,0.03214,0.032011,0.033035,0.040146,0.045576,0.034317,0.032734,0.03264,0.031554,0.039746,0.044756,0.031941,0.031871,0.03188,0.051896,0.03547,0.035669,0.032552,0.032351,0.032771,0.033196,0.031755,0.031715,0.031252,0.032737,0.035913,0.032427,0.034442,0.032573,0.03214
0.033067,0.045947,0.038153,0.031074,0.049864,0.033749,0.03927,0.04337,0.035203,0.032524,0.031888,0.055841,0.031138,0.031957,0.03392,0.032147,0.033472,0.037389,0.040548,0.045996,0.03152,0.031612,0.043078,0.042331,0.03263,0.037868,0.048753,0.032057,0.032582,0.032109,0.032143,0.031964,0.032767,0.037955,0.03241,0.032525,0.032501,0.032074,0.03193,0.032457
0.041184,0.032139,0.033071,0.031551,0.031166,0.031911,0.031848,0.0334,0.031528,0.03776,0.040328,0.045402,0.032261,0.041835,0.035853,0.035765,0.033078,0.032163,0.036931,0.031713,0.033598,0.03309,0.033495,0.031864,0.036403,0.033059,0.032368,0.033041,0.043407,0.038846,0.046297,0.039298,0.036698,0.032895,0.032406,0.032461,0.031997,0.031953,0.039809,0.036955
0.038358,0.033764,0.057488,0.038964,0.033714,0.035862,0.034096,0.031017,0.054912,0.035934,0.032632,0.031929,0.032753,0.033203,0.032844,0.031903,0.032523,0.034183,0.031982,0.033846,0.03281,0.034197,0.03735,0.039788,0.036914,0.03358,0.033916,0.033472,0.04011,0.033067,0.033996,0.033489,0.032789,0.033436,0.038542,0.032681,0.033499,0.033581,0.032608,0.033233
0.044104,0.036523,0.033915,0.032577,0.031731,0.032028,0.032455,0.035804,0.03506,0.035829,0.044958,0.031854,0.031284,0.037103,0.03158,0.031406,0.03437,0.032236,0.033471,0.032576,0.032946,0.054807,0.051052,0.031658,0.039273,0.043167,0.031636,0.031311,0.049622,0.033226,0.03336,0.054624,0.048536,0.031272,0.031872,0.03426,0.037129,0.032702,0.032316,0.036498
0.031959,0.032678,0.031363,0.033532,0.032336,0.031087,0.052465,0.032315,0.033489,0.033706,0.031335,0.033124,0.058169,0.031539,0.041194,0.040843,0.031056,0.038367,0.032762,0.032224,0.031113,0.030892,0.052904,0.031836,0.031681,0.035926,0.047366,0.034528,0.038684,0.032643,0.031699,0.039462,0.048032,0.033502,0.038556,0.039891,0.036285,0.032676,0.032093,0.03076
0.031284,0.041857,0.03275,0.032194,0.032455,0.041036,0.038554,0.031992,0.037784,0.032068,0.03331,0.030729,0.031434,0.033239,0.035465,0.034039,0.032544,0.034431,0.039128,0.032435,0.033354,0.031672,0.037823,0.051197,0.042013,0.034474,0.031694,0.031893,0.033014,0.033248,0.045434,0.042032,0.032669,0.031992,0.040239,0.038975,0.04897,0.058671,0.032539,0.031752
0.031208,0.042088,0.046131,0.032134,0.031016,0.030799,0.03503,0.029924,0.033519,0.035643,0.032129,0.033578,0.039478,0.032657,0.032315,0.031627,0.036134,0.032591,0.031635,0.040047,0.047683,0.033476,0.032496,0.052809,0.048645,0.041223,0.031119,0.033786,0.033885,0.034547,0.032255,0.03728,0.030807,0.033379,0.040679,0.032674,0.032654,0.033382,0.032682,0.031367
0.031295,0.031233,0.032533,0.033209,0.056495,0.035112,0.033374,0.032795,0.032235,0.031061,0.030873,0.031218,0.03931,0.03096,0.038403,0.032179,0.034402,0.032018,0.031161,0.030662,0.036001,0.036464,0.042404,0.033999,0.033296,0.032357,0.032982,0.039626,0.0331,0.032036,0.040566,0.041113,0.031111,0.044896,0.033837,0.034173,0.034821,0.034814,0.033302,0.033811
0.034054,0.032042,0.033893,0.035912,0.029885,0.033798,0.043867,0.046806,0.031712,0.03209,0.031138,0.038571,0.033169,0.031875,0.040797,0.03643,0.038699,0.039668,0.041372,0.056838,0.043201,0.036585,0.031531,0.03955,0.049248,0.03463,0.045456,0.033159,0.032362,0.031788,0.037226,0.04052,0.034751,0.033229,0.037234,0.031272,0.033062,0.033363,0.042767,0.032251
0.046817,0.032379,0.031308,0.030252,0.041126,0.031964,0.038612,0.039371,0.036714,0.032432,0.031629,0.0325,0.03399,0.04323,0.043248,0.031486,0.038937,0.046477,0.038546,0.046536,0.032284,0.032622,0.030685,0.049641,0.04853,0.032685,0.032201,0.034539,0.033196,0.03237,0.036896,0.032014,0.057532,0.043825,0.031964,0.038756,0.033339,0.039003,0.041178,0.039631
0.046413,0.030919,0.035759,0.030654,0.030824,0.036748,0.038547,0.042192,0.031822,0.031534,0.033117,0.038353,0.034906,0.03211,0.037812,0.037118,0.03607,0.034252,0.033474,0.042333,0.03613,0.043984,0.032463,0.031757,0.035237,0.03354,0.057004,0.042287,0.045565,0.03367,0.032895,0.032937,0.034602,0.032897,0.032858,0.050835,0.033395,0.032912,0.04018,0.031996
0.031046,0.030985,0.038544,0.031889,0.031877,0.031014,0.030346,0.033118,0.033341,0.037914,0.031632,0.038542,0.033284,0.030758,0.030344,0.050332,0.049128,0.04906,0.034743,0.050589,0.034732,0.032573,0.032109,0.032333,0.037206,0.032165,0.031542,0.03289,0.03188,0.036739,0.035514,0.036157,0.031844,0.038887,0.042965,0.032371,0.031092,0.031393,0.03198,0.05748
0.032035,0.030942,0.042685,0.04073,0.031919,0.032118,0.042576,0.032738,0.032471,0.031964,0.041833,0.03603,0.033707,0.033758,0.041827,0.040877,0.036339,0.03669,0.035598,0.033075,0.033047,0.032289,0.031402,0.031212,0.031043,0.032666,0.036612,0.031298,0.031691,0.036528,0.032386,0.035757,0.0316,0.031338,0.035694,0.035617,0.031366,0.031485,0.031776,0.044551
0.039708,0.032017,0.0338,0.044311,0.042915,0.038561,0.046908,0.031611,0.035817,0.039111,0.039131,0.032732,0.042224,0.051631,0.042428,0.031858,0.030124,0.055667,0.030347,0.039534,0.033466,0.03579,0.045553,0.032672,0.03337,0.037332,0.045816,0.031231,0.044694,0.038524,0.031535,0.031954,0.033061,0.033295,0.043289,0.039696,0.033815,0.031994,0.033237,0.036201
0.0315,0.033556,0.040607,0.03196,0.031768,0.031685,0.030869,0.040548,0.045431,0.030496,0.037765,0.038173,0.035941,0.041454,0.041868,0.040038,0.03186,0.032183,0.038222,0.031799,0.042479,0.036668,0.052488,0.032836,0.033298,0.031914,0.033259,0.045528,0.038191,0.033333,0.0339,0.034822,0.032258,0.03091,0.039261,0.03697,0.032089,0.031909,0.032755,0.031824
0.031256,0.035603,0.032562,0.035542,0.031012,0.040193,0.045834,0.031285,0.05295,0.030968,0.054313,0.032146,0.031139,0.030758,0.050606,0.056823,0.039634,0.035762,0.034475,0.032501,0.03197,0.032555,0.057379,0.031889,0.030422,0.031619,0.032083,0.042049,0.032592,0.031105,0.039264,0.042363,0.031158,0.030997,0.033818,0.034095,0.032133,0.04272,0.03216,0.04917
0.032241,0.0331,0.032382,0.032019,0.030299,0.049176,0.034535,0.032063,0.040742,0.042551,0.039779,0.030596,0.031669,0.034178,0.030199,0.033963,0.032328,0.033625,0.033567,0.033814,0.03272,0.035776,0.033025,0.032518,0.039223,0.031261,0.038523,0.040804,0.033388,0.032469,0.034761,0.035225,0.033549,0.035431,0.042231,0.034512,0.03572,0.037204,0.038592,0.045855
0.031492,0.031535,0.032643,0.032916,0.032162,0.037135,0.030779,0.031646,0.033941,0.033072,0.03375,0.034952,0.032442,0.032789,0.033283,0.03245,0.040464,0.032048,0.032506,0.032279,0.03296,0.031186,0.039999,0.033359,0.032874,0.03065,0.046575,0.038887,0.030697,0.0383,0.042747,0.032636,0.030224,0.034299,0.034419,0.032946,0.043967,0.042183,0.047897,0.031651
0.033022,0.034763,0.042777,0.033456,0.045384,0.030352,0.035455,0.031343,0.031194,0.033548,0.036407,0.032489,0.031466,0.034244,0.030922,0.037695,0.030951,0.031622,0.054311,0.031121,0.042838,0.044238,0.030774,0.032288,0.033401,0.032816,0.031891,0.04269,0.04675,0.03893,0.048415,0.049908,0.047155,0.038268,0.043766,0.031628,0.03119,0.031156,0.033205,0.04639
0.044986,0.032648,0.031566,0.031301,0.031057,0.03883,0.033393,0.031744,0.030566,0.030704,0.033018,0.050522,0.034392,0.036067,0.031044,0.039986,0.035771,0.047136,0.032311,0.030842,0.042732,0.035157,0.060619,0.03307,0.044445,0.031287,0.032061,0.040043,0.031932,0.03949,0.050904,0.044163,0.032356,0.039913,0.036858,0.043281,0.032305,0.032405,0.032427,0.03262
0.036306,0.033269,0.031882,0.032114,0.031342,0.030737,0.032523,0.032175,0.032532,0.039015,0.03664,0.032199,0.032061,0.031129,0.044389,0.047589,0.041118,0.032242,0.032416,0.054872,0.038575,0.042547,0.031142,0.031531,0.034186,0.03389,0.035966,0.031821,0.030944,0.032631,0.034041,0.033305,0.033286,0.034028,0.037505,0.032475,0.040744,0.047497,0.033227,0.031929
0.032984,0.032148,0.039855,0.043005,0.032034,0.032407,0.030764,0.033599,0.032216,0.043983,0.046484,0.031434,0.032555,0.032161,0.032529,0.032528,0.033486,0.038624,0.031072,0.029841,0.030437,0.033114,0.047159,0.049699,0.045765,0.032022,0.032502,0.0313,0.032699,0.033787,0.042544,0.032954,0.033426,0.041441,0.033111,0.031852,0.039925,0.037461,0.043142,0.033201
0.031925,0.032121,0.030451,0.039393,0.038283,0.037795,0.038945,0.031289,0.03144,0.034158,0.053737,0.03145,0.053328,0.032222,0.031571,0.030476,0.043082,0.049523,0.040772,0.033569,0.032419,0.036694,0.032678,0.030878,0.040096,0.03837,0.042565,0.032826,0.031449,0.033193,0.033231,0.040612,0.032485,0.032444,0.031868,0.03197,0.039167,0.045948,0.032053,0.03125
0.041321,0.041502,0.031458,0.033322,0.04127,0.032581,0.032523,0.031012,0.030999,0.032568,0.055073,0.031545,0.040322,0.043096,0.033089,0.031005,0.035866,0.039496,0.047325,0.031977,0.031926,0.031584,0.029889,0.031956,0.035334,0.032645,0.033698,0.039807,0.032487,0.032771,0.030783,0.032291,0.035184,0.031489,0.031067,0.031734,0.038711,0.033838,0.039698,0.043802
0.040329,0.043632,0.030406,0.031173,0.046701,0.038367,0.032128,0.0313,0.050558,0.057062,0.031403,0.040684,0.04474,0.030418,0.035252,0.035275,0.031981,0.03155,0.030675,0.031029,0.041453,0.03162,0.03108,0.030699,0.032511,0.034518,0.034508,0.03477,0.031485,0.031236,0.043134,0.033825,0.033028,0.033153,0.034112,0.034779,0.032379,0.033348,0.042225,0.034115
0.042705,0.03209,0.038146,0.033842,0.038232,0.033572,0.032244,0.031897,0.032106,0.036901,0.033139,0.031626,0.031792,0.035302,0.036039,0.031078,0.032738,0.041747,0.034614,0.034444,0.035478,0.034775,0.04094,0.035858,0.032806,0.033721,0.03412,0.037835,0.040491,0.034428,0.039457,0.035136,0.03297,0.034247,0.034196,0.042666,0.035233,0.033711,0.033646,0.033912
0.035697,0.037112,0.034329,0.032573,0.03299,0.033261,0.033779,0.033229,0.034997,0.034732,0.049602,0.032777,0.0412,0.03453,0.033464,0.039636,0.035501,0.035575,0.033852,0.034242,0.03415,0.039563,0.038684,0.038284,0.034137,0.033089,0.032517,0.043854,0.030916,0.037908,0.031341,0.031301,0.03178,0.037296,0.031537,0.036201,0.030639,0.042042,0.037878,0.032289
0.034453,0.033331,0.032233,0.033466,0.033611,0.042393,0.03614,0.041486,0.031774,0.031888,0.039341,0.037907,0.043739,0.032751,0.032194,0.03256,0.031337,0.041195,0.032332,0.031569,0.031322,0.037257,0.032092,0.032505,0.05286,0.032482,0.031853,0.035212,0.032609,0.031596,0.031846,0.031644,0.032625,0.032557,0.041836,0.032213,0.033004,0.031984,0.03203,0.040724
0.041398,0.030963,0.032322,0.032212,0.036348,0.030906,0.033133,0.042052,0.034092,0.037851,0.042708,0.03779,0.043914,0.038952,0.039859,0.044412,0.041656,0.032594,0.030959,0.032247,0.038245,0.039044,0.032308,0.031772,0.031103,0.034393,0.034811,0.03328,0.031974,0.033303,0.031905,0.031794,0.032177,0.040564,0.032605,0.032968,0.032625,0.032672,0.041388,0.034255
