0.095512,0.064396,0.052296,0.058394,0.055485,0.051346,0.059784,0.058297,0.057954,0.051788,0.056728,0.053309,0.053786,0.06683,0.049352,0.058599,0.052093,0.050921,0.055807,0.067463,0.052484,0.065314,0.06198,0.06199,0.050402,0.051116,0.052196,0.062908,0.055962,0.056396,0.056223,0.049913,0.053028,0.051215,0.051285,0.059386,0.068207,0.052004,0.056924,0.059583
0.046535,0.046694,0.038835,0.039308,0.042819,0.039107,0.039339,0.038237,0.038568,0.049752,0.049291,0.041699,0.039933,0.041889,0.039239,0.039754,0.037913,0.038966,0.040744,0.038704,0.038551,0.037393,0.036716,0.038404,0.04665,0.048613,0.038656,0.04756,0.038549,0.046872,0.04053,0.041181,0.046268,0.04725,0.041316,0.041765,0.0415,0.043442,0.044678,0.048355
0.054065,0.038571,0.045073,0.04025,0.043591,0.04169,0.038155,0.043298,0.035481,0.035154,0.035531,0.038787,0.035409,0.043927,0.04445,0.036772,0.041115,0.036154,0.03672,0.044972,0.036332,0.036128,0.034732,0.037603,0.037267,0.035699,0.035619,0.036262,0.036213,0.036723,0.03775,0.036391,0.043636,0.045749,0.040251,0.035438,0.036438,0.038197,0.037557,0.035369
0.035195,0.043355,0.036182,0.033528,0.033357,0.04088,0.035521,0.04461,0.035759,0.036509,0.037522,0.0346,0.034808,0.032955,0.045451,0.040169,0.038674,0.048217,0.046816,0.036148,0.049166,0.040531,0.040519,0.037884,0.034956,0.037081,0.052401,0.051593,0.047361,0.049828,0.035489,0.041299,0.04138,0.035706,0.043516,0.033754,0.053109,0.033225,0.038297,0.038808
0.043569,0.033237,0.034074,0.034039,0.041204,0.035467,0.034069,0.031828,0.054138,0.032589,0.032865,0.032869,0.032539,0.050509,0.050093,0.032844,0.034525,0.033149,0.033015,0.033981,0.032112,0.03245,0.033194,0.034287,0.03363,0.038834,0.045084,0.033117,0.033691,0.034418,0.037808,0.035433,0.046463,0.034108,0.03779,0.042663,0.039247,0.046985,0.039681,0.038556
0.032925,0.03272,0.032342,0.033314,0.052689,0.049672,0.042745,0.038034,0.032699,0.032676,0.033392,0.033456,0.042612,0.033058,0.046212,0.034369,0.032846,0.034143,0.032479,0.031971,0.039557,0.046482,0.032563,0.033158,0.035784,0.035572,0.049558,0.044154,0.034732,0.033721,0.032288,0.034239,0.033481,0.033469,0.032478,0.03375,0.032653,0.032516,0.03287,0.032924
0.033791,0.033417,0.032523,0.040405,0.043465,0.039677,0.045835,0.032656,0.03323,0.041696,0.039207,0.037863,0.04109,0.041034,0.034189,0.034069,0.032344,0.033219,0.034443,0.034419,0.044353,0.032681,0.032055,0.032368,0.032614,0.040908,0.032233,0.032084,0.032723,0.033144,0.03367,0.032655,0.033449,0.042785,0.035598,0.052685,0.032953,0.044686,0.042807,0.043456
0.037656,0.031693,0.040744,0.032895,0.046634,0.032362,0.035856,0.034609,0.032762,0.031947,0.032694,0.032544,0.032663,0.032589,0.041221,0.041972,0.033223,0.035615,0.032889,0.033209,0.032127,0.035405,0.034377,0.03362,0.033626,0.033409,0.032389,0.037798,0.045475,0.037723,0.045909,0.032804,0.032827,0.031722,0.042981,0.034981,0.034331,0.032237,0.034513,0.033853
0.032997,0.032838,0.034872,0.032675,0.038147,0.031823,0.032597,0.040579,0.045412,0.032708,0.032829,0.0315,0.039674,0.046625,0.032693,0.031889,0.034983,0.032308,0.032093,0.030827,0.034047,0.037776,0.03247,0.031658,0.032729,0.032228,0.032919,0.034514,0.031247,0.033081,0.033016,0.033086,0.034703,0.033879,0.031874,0.051201,0.033767,0.033349,0.03452,0.045279
0.034253,0.033721,0.03409,0.042116,0.033188,0.047952,0.033698,0.032605,0.030926,0.037351,0.031964,0.032366,0.031966,0.030628,0.051173,0.036717,0.032807,0.032984,0.032197,0.032744,0.036761,0.032392,0.032834,0.033027,0.033637,0.033702,0.033658,0.039423,0.033549,0.034975,0.034876,0.03557,0.034157,0.034092,0.03208,0.033428,0.03261,0.034647,0.032638,0.036128
0.031758,0.031005,0.030709,0.0343,0.032954,0.043774,0.03746,0.040565,0.031659,0.055493,0.032842,0.040116,0.033434,0.052727,0.032045,0.035634,0.032675,0.032893,0.043129,0.046429,0.031903,0.041369,0.039266,0.042049,0.040859,0.033498,0.049611,0.031706,0.032984,0.034226,0.032306,0.033995,0.032644,0.032867,0.033049,0.035132,0.033002,0.032527,0.033732,0.037097
0.031589,0.032408,0.052312,0.042625,0.042028,0.032603,0.040325,0.046409,0.042826,0.033201,0.032641,0.037966,0.031643,0.051474,0.033216,0.040608,0.044673,0.032511,0.0418,0.049394,0.040087,0.040688,0.032776,0.039786,0.03407,0.034646,0.031854,0.04017,0.033803,0.03377,0.040939,0.033632,0.034255,0.033892,0.034296,0.033835,0.033592,0.042922,0.037544,0.04176
0.034455,0.040555,0.041991,0.033893,0.03334,0.034134,0.033893,0.033371,0.039009,0.036411,0.037239,0.031068,0.03423,0.032214,0.03577,0.035851,0.033382,0.039013,0.033323,0.033758,0.035407,0.033724,0.032769,0.032535,0.032433,0.034489,0.042159,0.03477,0.035651,0.03866,0.03347,0.037251,0.031774,0.03103,0.032331,0.032536,0.033119,0.035082,0.053031,0.033726
0.039796,0.044669,0.039057,0.049362,0.046032,0.033226,0.032032,0.031843,0.054902,0.048765,0.032483,0.031063,0.031409,0.032481,0.042709,0.042849,0.034984,0.032158,0.033158,0.051272,0.032276,0.039223,0.046945,0.032485,0.032282,0.032991,0.032296,0.040056,0.045846,0.032674,0.030833,0.03747,0.039357,0.035162,0.041388,0.032419,0.032875,0.040228,0.037388,0.033493
0.032803,0.040526,0.030896,0.030709,0.031409,0.032573,0.033689,0.050854,0.034868,0.032461,0.031784,0.03382,0.033967,0.031962,0.050718,0.034165,0.032796,0.034592,0.03246,0.031534,0.038618,0.03276,0.031803,0.033957,0.031172,0.031776,0.035901,0.033861,0.041809,0.045879,0.032505,0.032654,0.032118,0.040639,0.044445,0.032002,0.032758,0.034955,0.031274,0.043776
0.038366,0.032904,0.033421,0.03167,0.033406,0.032804,0.032698,0.05591,0.039213,0.045783,0.039194,0.042799,0.031666,0.031438,0.031875,0.041203,0.032625,0.040313,0.038066,0.055739,0.032416,0.032381,0.030545,0.03809,0.032459,0.038227,0.044922,0.031142,0.03131,0.031284,0.032261,0.054513,0.031283,0.033624,0.036939,0.032326,0.031261,0.032368,0.033265,0.033574
0.043258,0.042663,0.030845,0.030453,0.033883,0.036389,0.03226,0.032443,0.031586,0.032222,0.052045,0.031727,0.034537,0.032338,0.05571,0.043418,0.041937,0.031519,0.03072,0.034404,0.042865,0.037725,0.05185,0.032839,0.033017,0.032357,0.03311,0.032651,0.060835,0.033113,0.044566,0.032687,0.0314,0.032044,0.033309,0.032444,0.033857,0.03172,0.03581,0.032664
0.032432,0.033756,0.033226,0.043355,0.041472,0.031123,0.032598,0.03636,0.031961,0.032219,0.042665,0.032948,0.031661,0.032331,0.031694,0.030934,0.031986,0.031925,0.035152,0.031711,0.033361,0.03453,0.032459,0.033427,0.032781,0.033192,0.034132,0.039446,0.033123,0.03136,0.031285,0.039825,0.031816,0.037086,0.045408,0.032028,0.032213,0.032831,0.040221,0.038494
0.04546,0.038908,0.034506,0.033336,0.032314,0.034345,0.032774,0.044919,0.03267,0.042781,0.032548,0.052117,0.03153,0.032016,0.030505,0.034475,0.03136,0.055374,0.031694,0.052948,0.03085,0.03016,0.032667,0.033165,0.035752,0.032847,0.035794,0.030802,0.037516,0.030968,0.03097,0.03302,0.032487,0.040772,0.035199,0.031608,0.031664,0.041283,0.047145,0.050369
0.044811,0.030676,0.032009,0.033231,0.03334,0.032477,0.033096,0.03338,0.033428,0.033363,0.0326,0.033993,0.034098,0.040111,0.033382,0.032076,0.031629,0.031937,0.041429,0.033458,0.039218,0.03237,0.034582,0.032558,0.032925,0.033399,0.036426,0.032224,0.032288,0.031266,0.044514,0.048805,0.031858,0.032523,0.032324,0.031714,0.042112,0.044219,0.032071,0.032257
0.033049,0.04066,0.041705,0.030861,0.041908,0.046818,0.031296,0.035962,0.031896,0.030546,0.033996,0.04307,0.043139,0.031697,0.031267,0.030919,0.032582,0.033485,0.039892,0.03143,0.031397,0.030856,0.036384,0.034189,0.031364,0.033275,0.034804,0.032201,0.031047,0.032864,0.034243,0.032061,0.032917,0.040983,0.031416,0.031461,0.050283,0.036107,0.035712,0.032024
0.031046,0.039995,0.041589,0.034991,0.041507,0.039108,0.038869,0.036507,0.046882,0.031889,0.032492,0.030632,0.031593,0.031787,0.033433,0.038727,0.041712,0.037191,0.033319,0.036269,0.032419,0.030728,0.058722,0.0322,0.032024,0.032786,0.031152,0.053776,0.032014,0.030833,0.030801,0.032752,0.033284,0.033237,0.033409,0.033008,0.041574,0.038123,0.041394,0.051466
0.031596,0.05283,0.031836,0.030917,0.034777,0.030516,0.031419,0.032537,0.037544,0.030802,0.031518,0.055603,0.030665,0.039472,0.031322,0.031276,0.031207,0.030902,0.034607,0.044134,0.041671,0.032367,0.038456,0.030611,0.030137,0.032069,0.032597,0.041727,0.034323,0.034876,0.044872,0.034488,0.030906,0.030703,0.032172,0.034462,0.033152,0.031449,0.034529,0.032365
0.033729,0.05849,0.037824,0.041578,0.032324,0.049959,0.031835,0.038155,0.031185,0.029613,0.031659,0.051648,0.032349,0.038055,0.030889,0.040458,0.03725,0.044949,0.031594,0.031311,0.031745,0.040629,0.046009,0.031878,0.039436,0.041027,0.055815,0.033408,0.032317,0.032241,0.031865,0.031852,0.03147,0.035325,0.032455,0.032337,0.033182,0.032265,0.033429,0.032995
0.033623,0.033459,0.032925,0.034347,0.033481,0.033722,0.032695,0.033436,0.034073,0.039432,0.032152,0.032351,0.031162,0.031474,0.03266,0.032857,0.033537,0.032956,0.033603,0.038346,0.033224,0.033092,0.039875,0.045892,0.031976,0.040576,0.040702,0.031751,0.033336,0.033422,0.031776,0.03373,0.037008,0.030926,0.033429,0.054048,0.032136,0.030624,0.032874,0.032815
0.032631,0.040723,0.031702,0.036209,0.032431,0.046039,0.030895,0.031957,0.031572,0.033535,0.033171,0.041017,0.044045,0.047683,0.048405,0.041184,0.032673,0.031453,0.031712,0.033046,0.032267,0.033219,0.032969,0.03613,0.032443,0.03146,0.039561,0.040315,0.041109,0.030501,0.032536,0.04126,0.032004,0.032129,0.030879,0.031725,0.032984,0.03399,0.036186,0.032938
0.038406,0.032841,0.039771,0.036065,0.032073,0.034653,0.031209,0.031285,0.033996,0.038067,0.035813,0.032745,0.032632,0.031494,0.034648,0.032602,0.033624,0.041158,0.038859,0.033805,0.038663,0.042238,0.03588,0.036899,0.031792,0.034747,0.031595,0.034368,0.032519,0.032702,0.033246,0.033064,0.033207,0.033382,0.033064,0.0343,0.033968,0.032566,0.052832,0.033208
0.03377,0.03341,0.032292,0.032345,0.032971,0.032097,0.033903,0.034459,0.036389,0.032148,0.032992,0.035952,0.042798,0.033494,0.040625,0.033096,0.03899,0.036676,0.034715,0.031363,0.040363,0.031438,0.041108,0.032972,0.033084,0.033367,0.033571,0.033652,0.039933,0.031057,0.038152,0.032051,0.053691,0.032911,0.031382,0.045076,0.056866,0.031219,0.031924,0.03222
0.033457,0.035359,0.031298,0.032916,0.031347,0.033963,0.03312,0.037188,0.035539,0.030457,0.029975,0.037169,0.035878,0.030881,0.047708,0.049728,0.046136,0.052919,0.034369,0.031906,0.03484,0.039495,0.031615,0.032816,0.031588,0.032423,0.032662,0.042156,0.047238,0.032597,0.031942,0.032279,0.030596,0.034381,0.0344,0.046607,0.047804,0.057698,0.031294,0.030968
0.032043,0.03154,0.035461,0.041874,0.032373,0.031187,0.031047,0.030439,0.031086,0.033138,0.033612,0.033585,0.03638,0.031906,0.033922,0.031432,0.03547,0.033709,0.033189,0.033187,0.031366,0.033067,0.033634,0.034191,0.032563,0.047485,0.039883,0.030621,0.032533,0.033309,0.034165,0.036687,0.031798,0.042384,0.03847,0.03332,0.039352,0.032399,0.034279,0.034449
0.032015,0.03292,0.032905,0.032371,0.033338,0.033674,0.031709,0.032426,0.036576,0.036456,0.042433,0.03869,0.033006,0.044734,0.034541,0.032202,0.034199,0.033282,0.032103,0.033378,0.036703,0.031703,0.031499,0.031428,0.037221,0.031127,0.033711,0.033781,0.03513,0.035281,0.03165,0.031276,0.032928,0.031414,0.050288,0.043854,0.053445,0.04339,0.038308,0.045498
0.032528,0.040682,0.040774,0.045919,0.043878,0.039961,0.034406,0.032636,0.038216,0.031723,0.039559,0.039779,0.031882,0.035844,0.056274,0.032643,0.03274,0.032322,0.037811,0.045595,0.049877,0.032512,0.040808,0.036647,0.050852,0.032912,0.035107,0.03255,0.042744,0.05777,0.037398,0.036652,0.033081,0.032479,0.032015,0.032039,0.031841,0.030388,0.032721,0.03804
0.031247,0.031503,0.031888,0.050527,0.032892,0.038816,0.03086,0.032458,0.054577,0.044284,0.047543,0.035297,0.043101,0.031997,0.039419,0.039266,0.04137,0.045892,0.03227,0.032411,0.031696,0.032198,0.046713,0.033649,0.049811,0.051182,0.031992,0.032777,0.035662,0.032058,0.040717,0.03203,0.032845,0.032707,0.03211,0.030487,0.032438,0.03326,0.059291,0.031855
0.032527,0.03214,0.030665,0.037725,0.031805,0.03198,0.031348,0.032117,0.031001,0.045781,0.043698,0.031641,0.040223,0.047047,0.037444,0.042705,0.032286,0.032405,0.031635,0.032037,0.036552,0.03156,0.057271,0.033252,0.031547,0.032728,0.032332,0.031594,0.041954,0.042752,0.031998,0.031516,0.032515,0.042272,0.031822,0.039436,0.03997,0.055515,0.031934,0.031142
0.031666,0.030967,0.033769,0.033888,0.031845,0.042027,0.039223,0.041826,0.039467,0.033669,0.03199,0.032808,0.034052,0.03419,0.033724,0.034299,0.041945,0.031913,0.031451,0.032325,0.031852,0.034745,0.034153,0.04625,0.034331,0.031648,0.033806,0.04439,0.049303,0.03251,0.032757,0.049074,0.033407,0.031344,0.03052,0.039143,0.032659,0.038088,0.045586,0.031643
0.040315,0.039348,0.036804,0.031554,0.033011,0.032023,0.031397,0.031452,0.033194,0.03409,0.039504,0.032821,0.032839,0.039488,0.046248,0.031372,0.031557,0.029965,0.032884,0.03278,0.034333,0.033481,0.033044,0.032911,0.035726,0.032852,0.033931,0.032183,0.032544,0.033695,0.033182,0.033321,0.031713,0.036708,0.032104,0.031625,0.033106,0.033364,0.033045,0.045928
0.038858,0.032424,0.03282,0.032034,0.036815,0.032582,0.035352,0.057735,0.04459,0.032123,0.039036,0.044728,0.055868,0.045063,0.031485,0.029862,0.034046,0.03363,0.032391,0.032197,0.034308,0.03674,0.041158,0.045244,0.031374,0.030428,0.032165,0.032151,0.03346,0.034758,0.03151,0.034907,0.054741,0.039766,0.042918,0.039307,0.04529,0.034093,0.030894,0.031982
0.056538,0.032701,0.043902,0.046583,0.049534,0.044345,0.031952,0.03294,0.031839,0.031484,0.03444,0.030658,0.030942,0.035141,0.031988,0.048737,0.032589,0.036538,0.038333,0.031797,0.039214,0.042834,0.031223,0.031464,0.033034,0.033729,0.035896,0.030493,0.032811,0.03216,0.042716,0.037824,0.036202,0.037603,0.042007,0.040938,0.032155,0.036216,0.030237,0.031795
0.033105,0.033191,0.034205,0.034505,0.038163,0.030938,0.031634,0.053379,0.031573,0.031472,0.031307,0.037661,0.030282,0.029847,0.04441,0.039078,0.032941,0.034127,0.040077,0.031511,0.033603,0.030672,0.032081,0.038685,0.038596,0.04645,0.044159,0.032593,0.035084,0.031427,0.039001,0.032052,0.031168,0.031149,0.033516,0.039611,0.032015,0.032319,0.031552,0.032289
0.033111,0.039761,0.034459,0.032098,0.033059,0.032442,0.032776,0.032615,0.031404,0.039184,0.03246,0.032921,0.032408,0.032303,0.03245,0.031292,0.032153,0.03358,0.032077,0.032609,0.031494,0.035346,0.039088,0.030532,0.031524,0.031367,0.033584,0.032826,0.042418,0.034732,0.046047,0.029974,0.031984,0.04131,0.035751,0.044872,0.032066,0.030833,0.047323,0.0502
