0.42283,0.34396,0.35967,0.34755,0.35759,0.35631,0.37026,0.36288,0.37126,0.36027,0.34771,0.34971,0.35166,0.35423,0.35186,0.38243,0.34826,0.35768,0.37018,0.37653,0.35528,0.384,0.38581,0.37102,0.36994,0.36064,0.3902,0.34342,0.36976,0.36891,0.36293,0.38379,0.37585,0.36399,0.38344,0.37228,0.37478,0.39338,0.39833,0.37724
0.23601,0.23678,0.24988,0.24411,0.21505,0.2182,0.21355,0.21267,0.21483,0.23066,0.2323,0.20829,0.21208,0.21337,0.20665,0.23155,0.23403,0.23271,0.23338,0.24141,0.22246,0.21246,0.21555,0.2218,0.21452,0.22298,0.2194,0.21365,0.22696,0.22476,0.21962,0.25044,0.25991,0.2329,0.23958,0.25276,0.27732,0.26167,0.26839,0.24028
0.21646,0.20735,0.22787,0.21331,0.20664,0.20696,0.22778,0.2027,0.22895,0.19411,0.21411,0.22157,0.20401,0.19843,0.21689,0.21739,0.20658,0.21033,0.21649,0.20958,0.24453,0.20759,0.24057,0.20927,0.2147,0.25018,0.24189,0.22263,0.22226,0.2448,0.21522,0.20913,0.23052,0.20621,0.22226,0.22162,0.21017,0.21378,0.21872,0.22973
0.20085,0.20402,0.23265,0.22197,0.24138,0.24971,0.21614,0.20496,0.23324,0.23278,0.19543,0.20419,0.2016,0.19893,0.235,0.19871,0.21673,0.20022,0.23645,0.19782,0.2104,0.2104,0.22587,0.22153,0.21924,0.28192,0.20691,0.23311,0.21037,0.19833,0.22206,0.22919,0.21973,0.1999,0.20563,0.21194,0.21186,0.21375,0.25436,0.21463
0.21207,0.23063,0.35119,0.28443,0.30018,0.23269,0.23145,0.22332,0.24072,0.22282,0.21753,0.2155,0.20824,0.23785,0.22153,0.21282,0.21214,0.22601,0.20426,0.20224,0.20142,0.20414,0.21358,0.2209,0.24036,0.20642,0.22952,0.20986,0.22244,0.19485,0.22934,0.24041,0.22326,0.21491,0.2206,0.21829,0.2242,0.23544,0.20909,0.21
0.22348,0.22425,0.22615,0.21453,0.21996,0.20961,0.20754,0.19873,0.21221,0.20966,0.23665,0.22548,0.21726,0.22135,0.23857,0.22011,0.25891,0.25233,0.26259,0.21389,0.2142,0.23212,0.25883,0.25454,0.2314,0.22425,0.21282,0.2558,0.21189,0.24392,0.20813,0.23259,0.24708,0.20957,0.23947,0.25045,0.24099,0.25319,0.22986,0.24598
0.23448,0.21951,0.23518,0.23271,0.2119,0.2068,0.24263,0.20891,0.27638,0.22876,0.26901,0.29627,0.29745,0.25332,0.34217,0.30653,0.31248,0.32552,0.3184,0.32193,0.33477,0.30968,0.30844,0.34871,0.3298,0.27067,0.33338,0.3246,0.29424,0.34084,0.34074,0.31931,0.34524,0.33928,0.32494,0.33473,0.32808,0.3374,0.33244,0.30788
0.38973,0.35254,0.30174,0.29301,0.29313,0.28899,0.2699,0.28187,0.29535,0.25016,0.22009,0.21749,0.20575,0.21679,0.23331,0.22513,0.21816,0.21866,0.22257,0.23234,0.19881,0.19454,0.20152,0.20518,0.20065,0.19859,0.1958,0.20555,0.20904,0.23576,0.29229,0.24423,0.24501,0.22717,0.23586,0.21638,0.2056,0.21003,0.23029,0.23086
0.21656,0.21897,0.22301,0.21018,0.20871,0.20608,0.23582,0.22206,0.24418,0.215,0.22381,0.20259,0.2007,0.19971,0.22067,0.19707,0.19883,0.19796,0.20532,0.20077,0.1984,0.19859,0.20192,0.20392,0.19681,0.20442,0.19587,0.21162,0.22587,0.20287,0.19335,0.20498,0.19739,0.20287,0.19949,0.20238,0.21515,0.19634,0.20448,0.19856
0.21019,0.22738,0.19874,0.22223,0.19227,0.20195,0.204,0.20158,0.19996,0.20788,0.22172,0.20995,0.2191,0.21966,0.21614,0.21815,0.21542,0.22374,0.19888,0.20095,0.20417,0.20007,0.22961,0.20182,0.19895,0.21027,0.22325,0.20977,0.2355,0.23301,0.21566,0.20181,0.22871,0.19799,0.19954,0.21233,0.22079,0.19962,0.21118,0.23688
0.21087,0.19954,0.19559,0.20224,0.20894,0.21966,0.22079,0.20725,0.20021,0.19272,0.20635,0.19987,0.20745,0.21468,0.22273,0.21451,0.21038,0.18863,0.21125,0.18402,0.18875,0.21602,0.20642,0.19098,0.18243,0.18225,0.18109,0.18148,0.1792,0.18736,0.19504,0.17614,0.18035,0.19522,0.20508,0.19741,0.2008,0.1997,0.19434,0.17067
0.16371,0.17016,0.16672,0.17473,0.22018,0.18549,0.19345,0.20566,0.18548,0.18241,0.18553,0.18237,0.1837,0.18528,0.17349,0.19642,0.1754,0.178,0.16361,0.16989,0.16332,0.17523,0.19783,0.19578,0.17512,0.1967,0.19894,0.17002,0.1963,0.17137,0.19518,0.16774,0.16901,0.20149,0.19881,0.16785,0.19976,0.1678,0.19932,0.17067
0.19714,0.17148,0.19417,0.17747,0.18002,0.19796,0.19619,0.17447,0.17736,0.16893,0.20003,0.21033,0.17501,0.20541,0.19233,0.17874,0.18527,0.17528,0.2033,0.18671,0.19122,0.21313,0.18703,0.18258,0.18726,0.19263,0.18672,0.21718,0.17996,0.18251,0.1831,0.18966,0.17964,0.18048,0.18295,0.17662,0.17291,0.197,0.20404,0.21634
0.20316,0.2003,0.20544,0.20364,0.19614,0.19595,0.19502,0.20735,0.19405,0.20742,0.18629,0.18718,0.21396,0.1812,0.18158,0.18671,0.17937,0.20268,0.18586,0.18682,0.18457,0.18805,0.21334,0.21296,0.1875,0.18351,0.18326,0.17561,0.18614,0.18146,0.19353,0.17279,0.203,0.17859,0.19278,0.1716,0.1677,0.16755,0.17333,0.18917
0.18967,0.19931,0.17123,0.20029,0.19559,0.17697,0.18393,0.18669,0.1821,0.18885,0.18473,0.18381,0.18275,0.18474,0.18338,0.18907,0.19972,0.20598,0.18693,0.18037,0.17889,0.20777,0.17106,0.17402,0.18273,0.18456,0.20171,0.18167,0.20277,0.19879,0.19635,0.21428,0.18433,0.17978,0.17995,0.18829,0.18908,0.21267,0.18192,0.1831
0.19762,0.1982,0.19178,0.18187,0.18551,0.19318,0.19153,0.18917,0.19123,0.18386,0.18723,0.17888,0.18628,0.18668,0.17815,0.18262,0.1871,0.18243,0.19501,0.19416,0.18372,0.1803,0.18438,0.18313,0.1837,0.17824,0.18226,0.18834,0.18954,0.18577,0.20927,0.18374,0.19003,0.19929,0.17377,0.20251,0.19309,0.20875,0.19916,0.21726
0.20312,0.2253,0.23922,0.26383,0.24665,0.24332,0.19749,0.21205,0.22568,0.20965,0.21898,0.20854,0.19093,0.18681,0.18317,0.18739,0.19256,0.24598,0.24151,0.21694,0.2126,0.1895,0.1948,0.18831,0.20541,0.18503,0.19412,0.21404,0.23827,0.20642,0.19823,0.19109,0.19323,0.18946,0.19038,0.19859,0.20463,0.19355,0.20882,0.18556
0.18574,0.18098,0.17664,0.19608,0.16897,0.19982,0.17185,0.19639,0.20043,0.19035,0.17284,0.16783,0.17225,0.19573,0.17682,0.17534,0.17191,0.19595,0.1695,0.19395,0.17833,0.18241,0.17557,0.16894,0.16231,0.17019,0.1718,0.19875,0.19917,0.16959,0.19061,0.17271,0.16783,0.16754,0.16523,0.17007,0.1963,0.17588,0.18342,0.19507
0.17102,0.19308,0.17428,0.19118,0.17166,0.16528,0.16731,0.16669,0.16895,0.16397,0.17413,0.1946,0.17132,0.19689,0.17493,0.18059,0.18974,0.17026,0.17422,0.19113,0.17204,0.16679,0.16589,0.16796,0.16728,0.16961,0.19675,0.17523,0.18124,0.21385,0.17129,0.19768,0.2002,0.19528,0.16832,0.17019,0.19292,0.1705,0.16833,0.16764
0.16662,0.16642,0.16463,0.17354,0.18107,0.1912,0.18432,0.17658,0.16684,0.16961,0.19834,0.19676,0.17541,0.18574,0.17353,0.16548,0.17108,0.16303,0.1738,0.19092,0.17159,0.16655,0.16707,0.16992,0.16802,0.19789,0.17337,0.21896,0.17991,0.19607,0.17081,0.19075,0.17139,0.16729,0.16902,0.16718,0.16767,0.16469,0.16749,0.17529
0.1859,0.18119,0.1937,0.17406,0.18394,0.17755,0.16507,0.1686,0.16549,0.17039,0.19743,0.17423,0.19153,0.17377,0.19253,0.16223,0.17233,0.16929,0.16663,0.16557,0.17101,0.1984,0.17164,0.20362,0.18189,0.19525,0.16999,0.1972,0.17215,0.18819,0.17298,0.16739,0.16465,0.16916,0.16739,0.16477,0.16918,0.16951,0.21194,0.1798
0.18015,0.18439,0.18241,0.21302,0.19352,0.20715,0.18208,0.18545,0.18106,0.18251,0.19961,0.20595,0.21939,0.20984,0.18682,0.18909,0.24907,0.21374,0.18014,0.18276,0.18695,0.21538,0.21272,0.19118,0.20709,0.22044,0.21771,0.26102,0.2943,0.27672,0.30928,0.27554,0.29768,0.31833,0.31196,0.30993,0.32579,0.33182,0.33733,0.33448
0.34903,0.32095,0.35866,0.34792,0.3477,0.32632,0.33887,0.3205,0.32432,0.33411,0.33116,0.33791,0.34595,0.36322,0.34261,0.34687,0.35916,0.38695,0.40272,0.37787,0.37426,0.36505,0.38775,0.47166,0.40732,0.36656,0.27028,0.30498,0.24946,0.27127,0.24352,0.2294,0.22728,0.2122,0.23624,0.24229,0.2203,0.20242,0.20965,0.2017
0.21463,0.20665,0.20214,0.22234,0.23379,0.19392,0.21885,0.23149,0.22607,0.1969,0.25374,0.2627,0.25072,0.23132,0.24812,0.2144,0.23623,0.29861,0.25338,0.26487,0.28635,0.27467,0.28156,0.27227,0.3665,0.38576,0.37739,0.40367,0.39968,0.40906,0.39766,0.43772,0.41778,0.42242,0.42144,0.39876,0.42002,0.42247,0.43211,0.44399
0.44682,0.34933,0.31023,0.32638,0.32485,0.35965,0.36694,0.33859,0.41144,0.36475,0.28887,0.26128,0.27323,0.25781,0.24768,0.22238,0.30028,0.23002,0.21802,0.19903,0.85471,0.21235,0.21716,0.19517,0.18191,0.18145,0.19783,0.30558,0.31512,0.21873,0.26078,0.2297,0.23397,0.22232,0.20258,0.22656,0.20484,0.19641,0.23511,0.2494
0.19731,0.20155,0.21555,0.2412,0.22379,0.22915,0.21269,0.23964,0.24473,0.22298,0.23644,0.23994,0.26448,0.21716,0.24165,0.24214,0.24646,0.21388,0.21303,0.21698,0.22895,0.21807,0.25966,0.23087,0.21261,0.23324,0.22651,0.21261,0.20635,0.22255,0.21984,0.19637,0.26248,0.22791,0.22416,0.21485,0.21217,0.21416,0.20401,0.20548
0.20337,0.20173,0.18947,0.22931,0.24495,0.20438,0.21931,0.31428,0.35159,0.32876,0.28342,0.26836,0.32109,0.24716,0.22791,0.21892,0.2181,0.21022,0.19743,0.21073,0.19733,0.19556,0.25118,0.25679,0.21307,0.22744,0.25812,0.21192,0.2407,0.26695,0.2163,0.24351,0.24097,0.21182,0.21729,0.20294,0.19656,0.19089,0.19212,0.19327
0.18956,0.21303,0.19276,0.19227,0.19038,0.25753,0.23657,0.2025,0.26908,0.21994,0.26459,0.28438,0.23477,0.29288,0.22582,0.22304,0.2109,0.22336,0.27639,0.26725,0.24635,0.24099,0.27593,0.22279,0.22487,0.25446,0.26356,0.28511,0.21543,0.25489,0.25919,0.25846,0.22241,0.225,0.23967,0.21567,0.20381,0.20055,0.19141,0.19521
0.25794,0.2053,0.22168,0.2183,0.23738,0.19287,0.192,0.24066,0.28543,0.28631,0.25707,0.27865,0.32067,0.26994,0.2409,0.26945,0.25379,0.22343,0.24536,0.20906,0.26917,0.21848,0.25091,0.21086,0.23188,0.26275,0.26983,0.22575,0.30379,0.31642,0.3312,0.25919,0.2857,0.2383,0.2216,0.23267,0.29892,0.29446,0.23467,0.22497
0.2389,0.29798,0.30742,0.24186,0.23862,0.2667,0.26296,0.23403,0.25618,0.23296,0.2341,0.22895,0.21148,0.23932,0.23457,0.20076,0.22299,0.20811,0.24803,0.21026,0.23749,0.2749,0.28244,0.24589,0.21371,0.20902,0.19832,0.1966,0.18986,0.19403,0.19322,0.23775,0.24009,0.20298,0.20845,0.20401,0.2129,0.20618,0.23809,0.21814
0.20188,0.19463,0.21036,0.20941,0.19163,0.19086,0.20991,0.1931,0.19235,0.21913,0.18671,0.23489,0.23999,0.19655,0.19327,0.18953,0.19203,0.20285,0.1853,0.1869,0.18458,0.1936,0.19962,0.20559,0.20835,0.19776,0.18206,0.19004,0.21256,0.25132,0.21207,0.20731,0.1986,0.2228,0.19717,0.26096,0.2127,0.20235,0.19265,0.202
0.19374,0.19067,0.19113,0.18218,0.18111,0.18996,0.19844,0.18264,0.18881,0.18738,0.19025,0.18535,0.2038,0.18175,0.20919,0.18801,0.20053,0.19488,0.20246,0.18768,0.1906,0.19314,0.19055,0.19743,0.21151,0.2073,0.19476,0.22939,0.20484,0.2157,0.20526,0.20113,0.19432,0.18585,0.2063,0.19451,0.18164,0.21435,0.20281,0.18628
0.1869,0.19277,0.18701,0.18861,0.1884,0.19022,0.18212,0.18157,0.18343,0.18722,0.18652,0.1856,0.1894,0.18633,0.21304,0.19622,0.19528,0.19373,0.1786,0.18074,0.18143,0.17636,0.17615,0.18723,0.17217,0.17865,0.17379,0.18027,0.18302,0.17775,0.19737,0.17682,0.17344,0.17741,0.21941,0.18212,0.17898,0.20717,0.19667,0.18982
0.20852,0.18402,0.24898,0.23241,0.19632,0.19017,0.18787,0.18227,0.18381,0.17615,0.1927,0.17481,0.17455,0.17627,0.17349,0.17212,0.17849,0.17085,0.17878,0.17614,0.18026,0.17494,0.17304,0.17736,0.1923,0.16796,0.17058,0.16708,0.16712,0.16712,0.16946,0.1676,0.16576,0.16921,0.16404,0.16655,0.16833,0.1656,0.16389,0.16366
0.16672,0.16821,0.16576,0.1689,0.16532,0.16715,0.16639,0.19067,0.18471,0.20562,0.20962,0.2213,0.18901,0.18632,0.18726,0.19081,0.19792,0.18199,0.17816,0.17595,0.19737,0.18677,0.19409,0.18325,0.25786,0.26803,0.21121,0.20339,0.21298,0.19014,0.1861,0.17916,0.18534,0.17578,0.17191,0.17304,0.17377,0.17511,0.17746,0.17299
0.17448,0.16975,0.16436,0.16561,0.16701,0.16873,0.16611,0.1709,0.16497,0.16821,0.16752,0.16672,0.1655,0.16685,0.16534,0.16198,0.16777,0.16632,0.16716,0.16707,0.16771,0.1668,0.16755,0.16848,0.16822,0.17274,0.16629,0.16803,0.16681,0.16597,0.16467,0.1626,0.16462,0.16581,0.16834,0.16931,0.16708,0.17155,0.16762,0.17669
0.21518,0.17716,0.17696,0.17791,0.23897,0.19345,0.17993,0.21714,0.18704,0.18136,0.17781,0.17284,0.17617,0.17459,0.17139,0.17115,0.21162,0.16452,0.16489,0.16733,0.18984,0.16889,0.18509,0.17273,0.17081,0.1737,0.17401,0.17714,0.17627,0.181,0.16998,0.16684,0.16636,0.16622,0.16676,0.16665,0.16628,0.1664,0.1662,0.17252
0.17114,0.16862,0.16625,0.16697,0.16392,0.16903,0.19271,0.16618,0.16641,0.16569,0.16332,0.16843,0.17533,0.17166,0.17382,0.17172,0.16699,0.16962,0.18961,0.18112,0.18927,0.17839,0.18083,0.17528,0.17346,0.16986,0.17086,0.17479,0.17413,0.17512,0.17306,0.17421,0.17017,0.16741,0.16605,0.16558,0.19604,0.16717,0.16812,0.16638
0.17973,0.2084,0.17159,0.19014,0.17704,0.18222,0.17062,0.17024,0.17131,0.18992,0.17475,0.17369,0.17999,0.17307,0.17593,0.17426,0.1671,0.1684,0.16813,0.16632,0.16335,0.16827,0.15923,0.1599,0.1574,0.18569,0.16757,0.17933,0.17857,0.1739,0.17509,0.17169,0.17729,0.17258,0.1807,0.17574,0.17226,0.17406,0.17981,0.16226
0.16621,0.16946,0.16486,0.17275,0.16767,0.16672,0.16608,0.16714,0.18923,0.17967,0.18353,0.17255,0.17485,0.19482,0.17785,0.17376,0.17495,0.17125,0.17494,0.17213,0.17149,0.17191,0.16852,0.17093,0.18929,0.1671,0.16558,0.16895,0.16642,0.1683,0.16859,0.173,0.17568,0.17385,0.17574,0.1709,0.17377,0.17366,0.16493,0.16331
