0.06812,0.056587,0.060515,0.053383,0.051204,0.055072,0.058864,0.058105,0.051566,0.050377,0.055518,0.051273,0.051138,0.051069,0.051047,0.052802,0.055208,0.053467,0.058527,0.049828,0.050196,0.051887,0.059733,0.059128,0.050078,0.050404,0.049742,0.050221,0.050132,0.053205,0.051621,0.051076,0.052321,0.054121,0.050083,0.051358,0.051036,0.057022,0.053336,0.056298
0.038018,0.051815,0.036991,0.04839,0.03811,0.038033,0.044353,0.039831,0.044594,0.038939,0.038249,0.042196,0.049449,0.044324,0.04428,0.037588,0.040399,0.040931,0.039419,0.03873,0.052645,0.042154,0.039522,0.037794,0.044447,0.048224,0.038714,0.038853,0.052544,0.039037,0.058792,0.043948,0.052256,0.039372,0.038311,0.055107,0.040041,0.038709,0.0531,0.056152
0.039407,0.036375,0.047316,0.034503,0.033802,0.03449,0.035409,0.035545,0.049225,0.034982,0.044659,0.035001,0.037166,0.043621,0.035849,0.03525,0.035745,0.044555,0.035279,0.035199,0.04685,0.03929,0.042432,0.035322,0.044786,0.035433,0.036373,0.035685,0.047095,0.035685,0.039588,0.03433,0.058594,0.036103,0.047004,0.036417,0.043661,0.038686,0.043939,0.039358
0.036542,0.038135,0.036429,0.038285,0.048738,0.038616,0.035929,0.048113,0.054415,0.051936,0.048057,0.033734,0.036833,0.036892,0.04815,0.03665,0.042184,0.035752,0.03525,0.042109,0.038633,0.035797,0.036096,0.042506,0.033599,0.035575,0.034546,0.032968,0.04287,0.035859,0.04084,0.035757,0.047413,0.041641,0.044874,0.038267,0.038078,0.037718,0.038608,0.045206
0.045951,0.034321,0.033029,0.033953,0.033194,0.033625,0.033722,0.045653,0.041052,0.042227,0.032824,0.033523,0.033157,0.032421,0.042866,0.041945,0.03465,0.041657,0.038272,0.032713,0.035404,0.034595,0.03399,0.033472,0.033278,0.033482,0.033792,0.034658,0.034752,0.03475,0.042891,0.03386,0.045707,0.04147,0.035984,0.045445,0.033292,0.033215,0.042037,0.036472
0.036926,0.033421,0.034044,0.033089,0.036371,0.042319,0.047385,0.036046,0.038691,0.034732,0.033811,0.034493,0.036323,0.040412,0.035473,0.039745,0.044867,0.033541,0.034175,0.0328,0.033575,0.03443,0.038689,0.044384,0.03656,0.038182,0.039507,0.033495,0.032949,0.045597,0.034082,0.033827,0.053445,0.04623,0.041163,0.04377,0.037075,0.044261,0.043483,0.037554
0.034533,0.033687,0.034307,0.037947,0.033182,0.031676,0.032752,0.04275,0.039838,0.033116,0.032476,0.040365,0.034441,0.046609,0.035322,0.033504,0.034408,0.052899,0.049009,0.043407,0.0326,0.032588,0.033471,0.041021,0.043435,0.039921,0.043138,0.033899,0.033373,0.034177,0.033341,0.033125,0.033831,0.033578,0.033875,0.04316,0.040715,0.042872,0.032982,0.041088
0.033014,0.033518,0.036234,0.044507,0.031487,0.032583,0.041723,0.04347,0.03153,0.032132,0.033383,0.033054,0.036975,0.033119,0.032557,0.049505,0.035648,0.035583,0.034383,0.048101,0.033149,0.040283,0.03929,0.031888,0.03245,0.040463,0.033077,0.043679,0.041718,0.047627,0.033896,0.033255,0.040653,0.039101,0.043993,0.034622,0.034772,0.033767,0.035007,0.033548
0.042001,0.033947,0.039889,0.031763,0.054605,0.03492,0.033267,0.033092,0.03769,0.041665,0.041617,0.045841,0.034018,0.036,0.032911,0.041543,0.032618,0.044957,0.040419,0.034107,0.033049,0.03385,0.032169,0.032759,0.0377,0.035216,0.043224,0.039563,0.035303,0.046218,0.034214,0.033437,0.035112,0.042335,0.032596,0.031364,0.038293,0.043655,0.045072,0.048596
0.03497,0.048192,0.033083,0.033361,0.033738,0.033546,0.037646,0.042828,0.053318,0.032807,0.033213,0.032922,0.032944,0.032804,0.034679,0.03297,0.033043,0.034449,0.032753,0.033287,0.033504,0.035951,0.049119,0.047626,0.033643,0.033239,0.035959,0.045846,0.033743,0.032788,0.033025,0.034072,0.033051,0.033245,0.040171,0.03807,0.033787,0.034374,0.054862,0.032868
0.033155,0.032533,0.032041,0.033189,0.036615,0.03371,0.03855,0.03739,0.033632,0.032895,0.031107,0.034049,0.03519,0.0335,0.050992,0.037319,0.037005,0.051929,0.039913,0.0329,0.032355,0.055418,0.032931,0.033108,0.031598,0.043347,0.040964,0.032621,0.033811,0.037911,0.038713,0.040804,0.04126,0.040256,0.032685,0.031826,0.034278,0.032752,0.03266,0.033722
0.050998,0.049237,0.033705,0.034626,0.031087,0.042155,0.047467,0.032197,0.03245,0.032585,0.031908,0.033689,0.032796,0.032329,0.034584,0.045148,0.033699,0.035459,0.033817,0.033257,0.032737,0.052029,0.038906,0.033124,0.033784,0.032693,0.032398,0.033534,0.032551,0.032256,0.03315,0.032708,0.039413,0.046237,0.032244,0.032269,0.032148,0.033135,0.032128,0.035259
0.031956,0.031245,0.039934,0.037495,0.047958,0.052882,0.042438,0.034607,0.031229,0.030829,0.036872,0.03244,0.03222,0.032428,0.031066,0.033841,0.03924,0.031966,0.031457,0.033358,0.031948,0.036145,0.032745,0.041594,0.04414,0.034907,0.033673,0.033351,0.042553,0.032714,0.033233,0.048585,0.058048,0.032383,0.032727,0.035751,0.031934,0.032679,0.032937,0.032335
0.046204,0.055915,0.032065,0.040979,0.046587,0.033806,0.043105,0.043964,0.047971,0.042425,0.032345,0.031415,0.03258,0.05527,0.032361,0.031816,0.032088,0.037303,0.032515,0.038637,0.048362,0.034967,0.047265,0.032767,0.032772,0.032459,0.032041,0.032166,0.040383,0.044727,0.040841,0.040821,0.032574,0.031811,0.049175,0.044496,0.041661,0.031556,0.032693,0.043506
0.048431,0.033768,0.038518,0.033877,0.052569,0.033918,0.032753,0.033951,0.031966,0.033781,0.032271,0.032496,0.033932,0.043452,0.046367,0.040446,0.040904,0.031065,0.03203,0.033183,0.031325,0.034748,0.033351,0.033601,0.032911,0.034104,0.048165,0.056262,0.032783,0.032397,0.036344,0.034456,0.0327,0.033019,0.03285,0.040102,0.037598,0.03398,0.043318,0.044534
0.032511,0.033985,0.033098,0.033507,0.031535,0.03795,0.033106,0.034082,0.033127,0.033626,0.035257,0.043831,0.038816,0.046457,0.033964,0.032855,0.033179,0.03303,0.032752,0.03365,0.040088,0.037082,0.033838,0.032296,0.032622,0.035564,0.043526,0.042762,0.039832,0.041549,0.041461,0.046204,0.032473,0.033008,0.03211,0.031911,0.03179,0.03295,0.032491,0.043569
0.033216,0.033417,0.033434,0.033328,0.035711,0.034725,0.037707,0.03519,0.038609,0.042995,0.033334,0.033199,0.034416,0.03497,0.046835,0.034265,0.034182,0.035463,0.033989,0.041215,0.034508,0.039445,0.035317,0.038736,0.033801,0.034174,0.039938,0.038136,0.03612,0.035203,0.034782,0.034917,0.044566,0.03653,0.035377,0.035891,0.03523,0.033868,0.035025,0.034117
0.041959,0.033969,0.035959,0.034889,0.033393,0.032115,0.032364,0.03264,0.032924,0.033995,0.034148,0.033213,0.034277,0.034454,0.036423,0.031792,0.032099,0.032792,0.032979,0.032335,0.032754,0.032553,0.032137,0.038346,0.035766,0.033796,0.032384,0.048009,0.044319,0.037442,0.040994,0.047244,0.032579,0.032993,0.032713,0.03299,0.033501,0.032106,0.032806,0.036557
0.033254,0.043424,0.032043,0.03478,0.032803,0.032117,0.034066,0.042497,0.032585,0.032976,0.032541,0.032893,0.031265,0.033157,0.032935,0.031333,0.032599,0.0314,0.034927,0.042334,0.050834,0.044794,0.03239,0.03203,0.032106,0.031833,0.037892,0.033656,0.044877,0.032047,0.034118,0.034824,0.037138,0.032497,0.048981,0.031713,0.032314,0.033643,0.033012,0.031714
0.033682,0.035849,0.031034,0.033366,0.033692,0.041475,0.033076,0.032487,0.031741,0.031592,0.039619,0.046562,0.032831,0.033144,0.03233,0.032617,0.038732,0.046913,0.032478,0.032803,0.032266,0.032853,0.031242,0.034944,0.032459,0.031065,0.03317,0.032155,0.038002,0.031493,0.033278,0.03676,0.033412,0.041135,0.041348,0.032121,0.031973,0.032773,0.041398,0.048726
0.032482,0.032136,0.03243,0.031972,0.032568,0.031301,0.034469,0.044267,0.032582,0.044325,0.032587,0.031954,0.042337,0.040778,0.035197,0.032263,0.032141,0.032816,0.032279,0.033157,0.031931,0.031897,0.037665,0.037201,0.032958,0.036946,0.042992,0.030709,0.031976,0.038825,0.031463,0.031713,0.03387,0.03168,0.039033,0.041773,0.037034,0.033618,0.033228,0.040497
0.045623,0.031913,0.031513,0.031826,0.033067,0.056128,0.031824,0.041044,0.033034,0.041242,0.030563,0.033371,0.033853,0.032568,0.033957,0.032516,0.052485,0.03224,0.033259,0.047721,0.034192,0.036319,0.031462,0.039234,0.035472,0.033299,0.033772,0.047538,0.032074,0.031734,0.031731,0.032458,0.033415,0.031315,0.033738,0.033881,0.031278,0.034581,0.039723,0.031776
0.032146,0.031416,0.037193,0.032774,0.03163,0.032518,0.03292,0.032719,0.032292,0.031784,0.034322,0.032024,0.042756,0.032586,0.032794,0.032156,0.031127,0.043514,0.037671,0.030582,0.036689,0.03274,0.03259,0.032656,0.033831,0.033684,0.033059,0.038168,0.033899,0.032571,0.041593,0.034845,0.035333,0.039525,0.032715,0.032448,0.0319,0.040455,0.050519,0.042559
0.054704,0.032876,0.031635,0.03232,0.032676,0.031,0.031447,0.032195,0.033456,0.041862,0.032111,0.035492,0.043,0.057633,0.048132,0.033764,0.032562,0.033772,0.032212,0.031693,0.032335,0.03159,0.031948,0.031902,0.032939,0.037586,0.038332,0.032117,0.032277,0.031944,0.032342,0.030663,0.031516,0.043173,0.04787,0.033451,0.03393,0.03344,0.032212,0.032228
0.039193,0.044564,0.031334,0.036905,0.033827,0.032427,0.031994,0.032709,0.032084,0.039529,0.046814,0.030857,0.031396,0.032338,0.033155,0.040609,0.032949,0.041396,0.035874,0.03176,0.03151,0.041856,0.032799,0.032274,0.040494,0.034881,0.036007,0.032163,0.033562,0.033314,0.034213,0.033121,0.032223,0.035752,0.037959,0.03305,0.031801,0.031649,0.032418,0.036685
0.032001,0.031895,0.032245,0.035472,0.037365,0.04584,0.03169,0.04052,0.033179,0.047846,0.031877,0.033315,0.031874,0.031591,0.040419,0.048259,0.032724,0.032187,0.032906,0.033562,0.032453,0.032465,0.032717,0.0308,0.034001,0.032115,0.032471,0.033778,0.046855,0.038489,0.039738,0.033338,0.039029,0.038222,0.041439,0.033254,0.033562,0.032895,0.033578,0.045048
0.032229,0.030974,0.031867,0.040309,0.036738,0.045842,0.039599,0.039501,0.055109,0.032555,0.03222,0.031662,0.030853,0.031834,0.035581,0.03366,0.030634,0.033514,0.043277,0.031732,0.032784,0.032658,0.032123,0.031119,0.031764,0.034207,0.032706,0.040451,0.047411,0.032816,0.03199,0.032371,0.032851,0.031559,0.041089,0.033856,0.043508,0.035691,0.040624,0.041692
0.031539,0.032189,0.033497,0.037155,0.042512,0.034214,0.033175,0.033766,0.033006,0.04329,0.042287,0.034847,0.032879,0.032788,0.033663,0.032417,0.031839,0.052697,0.045803,0.0403,0.032345,0.032871,0.032459,0.032394,0.03151,0.040569,0.031616,0.032158,0.032647,0.037567,0.032847,0.033164,0.031976,0.031938,0.03225,0.039028,0.047847,0.033906,0.032575,0.032478
0.032065,0.031751,0.053946,0.032521,0.031883,0.032373,0.031303,0.03137,0.035683,0.031305,0.032161,0.034361,0.032237,0.033735,0.037027,0.03061,0.03208,0.037973,0.034621,0.031642,0.032893,0.031801,0.03342,0.037987,0.033614,0.032547,0.033576,0.032677,0.032671,0.032845,0.0315,0.031131,0.033337,0.038521,0.033056,0.031602,0.030367,0.049978,0.033174,0.03312
0.033971,0.030964,0.03699,0.032355,0.03941,0.03179,0.031172,0.032321,0.031767,0.031494,0.05477,0.032335,0.040452,0.046988,0.03326,0.034083,0.032811,0.032485,0.033196,0.032179,0.031946,0.050719,0.036292,0.033867,0.032184,0.031501,0.032831,0.032721,0.033033,0.030884,0.035125,0.03943,0.032765,0.031756,0.031572,0.032543,0.031469,0.053266,0.032377,0.031941
0.031126,0.032758,0.031473,0.041722,0.031689,0.031434,0.057081,0.046572,0.03733,0.044644,0.030732,0.031304,0.03239,0.042708,0.045895,0.031801,0.031687,0.031673,0.032563,0.033428,0.043157,0.032937,0.032882,0.034373,0.04441,0.03159,0.040552,0.045406,0.038802,0.04407,0.03225,0.032122,0.031597,0.031367,0.042452,0.038386,0.037908,0.055609,0.032212,0.032463
0.032212,0.044067,0.036244,0.032009,0.034925,0.032425,0.033116,0.033197,0.032636,0.034638,0.032373,0.041517,0.033612,0.033025,0.032945,0.0326,0.032112,0.031334,0.032956,0.034894,0.042911,0.037404,0.039907,0.03333,0.032509,0.032628,0.031287,0.031784,0.031105,0.03305,0.04503,0.04002,0.036472,0.04517,0.038018,0.032697,0.032014,0.031663,0.038416,0.032283
0.032822,0.031679,0.032691,0.05746,0.044786,0.034052,0.030483,0.032071,0.033449,0.031961,0.033226,0.03336,0.040915,0.032398,0.033157,0.039654,0.037226,0.04918,0.049415,0.050222,0.047519,0.039571,0.041179,0.045185,0.031618,0.03342,0.031225,0.050297,0.03242,0.032419,0.031933,0.033668,0.045301,0.039215,0.038005,0.031788,0.043062,0.03778,0.032153,0.033203
0.037534,0.037946,0.045837,0.032441,0.032254,0.031753,0.037453,0.032147,0.0385,0.045844,0.032257,0.040658,0.039896,0.033826,0.031869,0.033472,0.032224,0.034047,0.033423,0.032612,0.032771,0.0332,0.033975,0.034236,0.033912,0.031833,0.035105,0.031243,0.034077,0.032315,0.056071,0.031847,0.030499,0.037052,0.031567,0.03253,0.045084,0.039279,0.031475,0.035505
0.03373,0.033208,0.031371,0.031305,0.03227,0.034291,0.033417,0.037091,0.031787,0.032056,0.032401,0.054856,0.043137,0.035547,0.033602,0.033921,0.036163,0.042077,0.036451,0.05226,0.031731,0.034773,0.032307,0.033985,0.033249,0.031662,0.040809,0.037983,0.045784,0.032765,0.032203,0.031712,0.04256,0.041207,0.032035,0.040261,0.031472,0.047902,0.032564,0.031867
0.031765,0.039626,0.033062,0.032259,0.032602,0.034974,0.033196,0.033295,0.0348,0.047221,0.032194,0.031889,0.031417,0.032117,0.037929,0.031255,0.03287,0.03121,0.035748,0.030485,0.03364,0.0323,0.04223,0.032477,0.032376,0.033318,0.032254,0.031588,0.032612,0.031179,0.033009,0.033583,0.036318,0.036954,0.032656,0.04438,0.036568,0.032786,0.032741,0.036265
0.0325,0.03156,0.03053,0.049797,0.033244,0.032444,0.053246,0.032436,0.032305,0.031614,0.034712,0.032111,0.035549,0.041503,0.051006,0.045491,0.03271,0.034009,0.032439,0.032245,0.03779,0.03619,0.044779,0.033037,0.03189,0.031456,0.031116,0.043943,0.044445,0.032054,0.031375,0.032215,0.03397,0.039948,0.043532,0.031021,0.033412,0.032871,0.039845,0.047468
0.03643,0.031989,0.03258,0.038812,0.04851,0.033136,0.042718,0.031222,0.035681,0.034101,0.03146,0.039438,0.030996,0.044149,0.04015,0.032802,0.032805,0.031765,0.032262,0.032319,0.033035,0.034493,0.036887,0.031905,0.032107,0.033604,0.031816,0.048948,0.032256,0.034796,0.034372,0.032634,0.033136,0.032242,0.034619,0.032822,0.032649,0.039116,0.031646,0.030957
0.032445,0.033107,0.036827,0.036011,0.033526,0.039255,0.045339,0.03263,0.032185,0.033188,0.031442,0.039976,0.045796,0.031798,0.032241,0.035635,0.043438,0.034607,0.03283,0.034081,0.030521,0.03546,0.032273,0.044632,0.047446,0.03753,0.040797,0.032223,0.032407,0.032007,0.032876,0.045946,0.042257,0.032228,0.033683,0.031048,0.04365,0.043971,0.032549,0.044971
0.040581,0.033107,0.033076,0.039158,0.037458,0.056453,0.033633,0.031005,0.044302,0.03467,0.034038,0.042232,0.032108,0.031813,0.033259,0.03635,0.046389,0.034002,0.032181,0.032386,0.03129,0.031908,0.042409,0.047098,0.032681,0.034002,0.032394,0.031121,0.040616,0.045551,0.032073,0.032288,0.032709,0.031594,0.034399,0.032787,0.036233,0.031541,0.032117,0.031685
