0.051916,0.049483,0.033688,0.034685,0.034157,0.033088,0.035172,0.034684,0.032977,0.034535,0.033852,0.032821,0.043265,0.049443,0.048777,0.048383,0.032181,0.035061,0.034051,0.033926,0.04651,0.032989,0.038225,0.037364,0.034134,0.035796,0.032764,0.033609,0.033892,0.032524,0.04458,0.048176,0.055714,0.046008,0.050821,0.034772,0.03904,0.033607,0.034497,0.035078
0.023446,0.035048,0.032571,0.034869,0.031109,0.0377,0.024727,0.029511,0.028397,0.044949,0.036753,0.0353,0.047758,0.033581,0.034697,0.026159,0.036622,0.037592,0.048707,0.030164,0.037799,0.027788,0.040652,0.044783,0.038355,0.024095,0.040079,0.049629,0.049188,0.032588,0.034694,0.036419,0.048913,0.025149,0.038347,0.032087,0.034402,0.035334,0.026499,0.039866
0.028408,0.032573,0.02197,0.033422,0.035028,0.030453,0.036153,0.042698,0.036452,0.034573,0.048751,0.039297,0.024042,0.03503,0.034955,0.032594,0.032559,0.032383,0.034106,0.035116,0.034435,0.044959,0.040387,0.029838,0.032607,0.03486,0.034763,0.048402,0.035527,0.048468,0.033825,0.042284,0.043335,0.033867,0.047933,0.041592,0.036282,0.04124,0.047927,0.049623
0.042869,0.042768,0.029566,0.034037,0.032363,0.046273,0.037558,0.02959,0.03201,0.039302,0.034882,0.046891,0.032578,0.048971,0.034632,0.044142,0.040507,0.048124,0.037686,0.046027,0.035251,0.027715,0.035071,0.035325,0.03261,0.033064,0.035867,0.029139,0.037074,0.0349,0.029761,0.02618,0.020971,0.021664,0.033281,0.031329,0.022021,0.024866,0.035204,0.042518
0.044501,0.042055,0.036116,0.033641,0.036692,0.047906,0.035917,0.047679,0.034644,0.048734,0.036298,0.047923,0.035668,0.032343,0.030648,0.040569,0.041764,0.036462,0.033693,0.048364,0.037412,0.032972,0.028947,0.033351,0.02943,0.03547,0.029068,0.045215,0.042194,0.036319,0.034971,0.047991,0.035517,0.050682,0.033039,0.024983,0.043995,0.029427,0.034317,0.047942
0.035292,0.047876,0.034958,0.048779,0.034063,0.027543,0.0384,0.033988,0.034014,0.047949,0.036966,0.049485,0.032941,0.048662,0.048686,0.035359,0.048584,0.028822,0.034492,0.040527,0.042025,0.041384,0.042198,0.042096,0.041633,0.036884,0.033735,0.036115,0.048485,0.031658,0.030235,0.041148,0.031319,0.045346,0.034874,0.048795,0.020674,0.025173,0.037861,0.019942
0.049438,0.041845,0.036954,0.038481,0.049947,0.039174,0.038749,0.037633,0.034968,0.051752,0.042404,0.035039,0.034632,0.034476,0.044192,0.03466,0.034751,0.043665,0.041402,0.027558,0.040652,0.033001,0.029423,0.03381,0.035414,0.028775,0.036956,0.039495,0.02362,0.039634,0.035877,0.039896,0.036061,0.039999,0.040611,0.036562,0.035015,0.037673,0.031962,0.04221
0.042216,0.026258,0.036169,0.036246,0.046607,0.035147,0.048699,0.035921,0.047965,0.035765,0.048011,0.034024,0.029907,0.035592,0.034006,0.034817,0.03468,0.041614,0.03628,0.040073,0.032046,0.050933,0.043056,0.041276,0.041709,0.035532,0.035232,0.04833,0.041533,0.041753,0.035289,0.048819,0.035221,0.04907,0.033139,0.029663,0.041553,0.024131,0.039156,0.047698
0.035886,0.047858,0.03573,0.047825,0.035449,0.042602,0.047462,0.019719,0.041201,0.043166,0.04261,0.041293,0.035914,0.027125,0.042744,0.040211,0.043384,0.034088,0.041847,0.041766,0.042259,0.035543,0.034922,0.02634,0.043203,0.0286,0.035065,0.035819,0.032397,0.037845,0.022544,0.037115,0.034907,0.048469,0.027394,0.036834,0.034674,0.035041,0.042774,0.041484
0.047516,0.035855,0.031846,0.034016,0.037369,0.04167,0.035944,0.040241,0.042333,0.035336,0.036083,0.048245,0.048356,0.033148,0.036502,0.041282,0.036107,0.035403,0.03376,0.034871,0.033798,0.041888,0.036207,0.036255,0.033985,0.034597,0.048773,0.035834,0.034339,0.042263,0.040668,0.04048,0.037563,0.040755,0.062682,0.029147,0.029724,0.03947,0.040353,0.042375
0.035363,0.048638,0.035281,0.032712,0.04579,0.040095,0.041158,0.035669,0.040884,0.042369,0.035198,0.034668,0.034124,0.049373,0.049411,0.028584,0.040919,0.041673,0.036338,0.033921,0.034234,0.035602,0.034498,0.04408,0.041848,0.027999,0.036873,0.043899,0.041448,0.041965,0.036072,0.033877,0.04939,0.035626,0.048342,0.035838,0.034027,0.041478,0.035261,0.019587
0.033214,0.03012,0.035989,0.034435,0.03473,0.048459,0.029187,0.034333,0.040809,0.041668,0.036204,0.035535,0.033444,0.048987,0.048909,0.036218,0.047055,0.035616,0.048413,0.029302,0.034382,0.030005,0.039756,0.034871,0.047247,0.036275,0.047553,0.035608,0.048708,0.048253,0.036486,0.047718,0.034953,0.048897,0.036011,0.047581,0.034015,0.032062,0.038625,0.041947
0.035542,0.03436,0.033615,0.031405,0.03259,0.019816,0.028878,0.041185,0.022696,0.038767,0.019686,0.036203,0.043283,0.034658,0.02653,0.037511,0.032878,0.036708,0.034065,0.032679,0.030116,0.035904,0.03401,0.026806,0.042988,0.048722,0.04101,0.037711,0.033405,0.034987,0.035129,0.032724,0.029669,0.035183,0.035458,0.033835,0.031946,0.035816,0.029934,0.035347
0.027902,0.028723,0.01947,0.036468,0.040199,0.047997,0.040503,0.044376,0.048121,0.049477,0.048485,0.035277,0.048474,0.035532,0.048119,0.032815,0.036082,0.05036,0.026975,0.032532,0.038789,0.032204,0.031527,0.033671,0.034224,0.034321,0.04924,0.035222,0.047776,0.034359,0.032595,0.030831,0.035532,0.034837,0.049295,0.035264,0.047971,0.029334,0.033369,0.035387
0.034609,0.034218,0.032373,0.030044,0.035935,0.035183,0.034615,0.048765,0.03279,0.026783,0.039287,0.034183,0.033297,0.031821,0.032362,0.035091,0.034219,0.029235,0.04046,0.027485,0.035273,0.034331,0.049012,0.035757,0.029636,0.033871,0.034053,0.033272,0.029759,0.035746,0.035575,0.032849,0.034264,0.048905,0.035393,0.029785,0.039602,0.0418,0.035359,0.035557
0.048597,0.035189,0.034769,0.041802,0.041007,0.039217,0.044649,0.04861,0.048422,0.034901,0.047897,0.029341,0.036017,0.033485,0.020169,0.043231,0.034105,0.036617,0.033379,0.034858,0.034802,0.049282,0.048406,0.036356,0.026247,0.035708,0.035713,0.033918,0.031997,0.031676,0.034477,0.034922,0.048315,0.037487,0.033049,0.047307,0.035889,0.041744,0.036907,0.039128
0.042245,0.035723,0.035239,0.025976,0.032861,0.037667,0.035365,0.034779,0.048372,0.035318,0.034242,0.047581,0.029875,0.035142,0.040793,0.036684,0.04089,0.034694,0.035282,0.038138,0.02537,0.033843,0.033524,0.026218,0.036495,0.03571,0.036956,0.04652,0.035646,0.033516,0.031409,0.033528,0.033876,0.032927,0.02693,0.039288,0.034057,0.027731,0.034216,0.035134
0.036395,0.034513,0.047288,0.035075,0.048652,0.035109,0.049054,0.028859,0.034134,0.034174,0.035615,0.034208,0.028597,0.041038,0.041264,0.036293,0.037487,0.037512,0.021297,0.036843,0.032364,0.037482,0.033038,0.033342,0.033935,0.031596,0.034586,0.048554,0.034764,0.03337,0.030386,0.034169,0.0292,0.041108,0.029223,0.033684,0.034998,0.034138,0.033281,0.030433
0.033346,0.036164,0.033356,0.033154,0.031211,0.034723,0.033666,0.028471,0.034698,0.034775,0.035077,0.035444,0.030576,0.031241,0.035849,0.034271,0.034046,0.030055,0.033839,0.034901,0.033692,0.031591,0.038705,0.02622,0.036082,0.032546,0.031602,0.036072,0.032992,0.027967,0.037259,0.032878,0.040878,0.030403,0.033645,0.030331,0.033646,0.033486,0.034289,0.036294
0.027108,0.035471,0.035916,0.033929,0.03217,0.02995,0.034475,0.034939,0.028565,0.03449,0.035014,0.02991,0.0319,0.019676,0.032059,0.020566,0.033412,0.033278,0.029077,0.041158,0.042082,0.040568,0.033739,0.028367,0.0302,0.03553,0.034238,0.035369,0.027961,0.041546,0.032825,0.028216,0.037108,0.048139,0.033763,0.034646,0.031752,0.033368,0.033773,0.032676
0.036761,0.024587,0.032547,0.03465,0.021851,0.029457,0.036641,0.027971,0.034396,0.038103,0.027551,0.033372,0.021616,0.029493,0.032888,0.035061,0.037195,0.033476,0.028043,0.035383,0.035362,0.03615,0.030999,0.030843,0.03488,0.039398,0.0426,0.035646,0.034374,0.035404,0.028296,0.034232,0.034237,0.036152,0.029721,0.033355,0.033509,0.033864,0.050301,0.028273
0.034279,0.040938,0.02869,0.034122,0.029473,0.034348,0.034424,0.036363,0.034468,0.029369,0.033132,0.044305,0.026441,0.033778,0.027351,0.035956,0.033508,0.032164,0.036889,0.029767,0.040229,0.022663,0.033931,0.035758,0.035282,0.034884,0.034335,0.03519,0.024355,0.037772,0.034591,0.048807,0.035782,0.03106,0.031286,0.040401,0.026309,0.037127,0.032513,0.030294
0.018403,0.031444,0.03453,0.034962,0.033178,0.033584,0.031262,0.034784,0.033814,0.032709,0.031229,0.020157,0.028863,0.034482,0.035564,0.034318,0.047951,0.036378,0.034464,0.02679,0.0354,0.034697,0.028345,0.036502,0.03217,0.036712,0.03481,0.034096,0.029557,0.032831,0.035206,0.034261,0.03228,0.031865,0.034033,0.034304,0.04857,0.03651,0.030001,0.032601
0.034336,0.035147,0.035374,0.027912,0.033755,0.035012,0.030372,0.018395,0.019521,0.026516,0.018272,0.018279,0.019684,0.019719,0.028933,0.019728,0.023534,0.019335,0.018722,0.019414,0.020699,0.025354,0.018889,0.020528,0.020062,0.024186,0.019697,0.01999,0.020397,0.022122,0.027431,0.025781,0.018789,0.019709,0.02913,0.020654,0.020799,0.022636,0.019089,0.020249
0.020124,0.022085,0.018815,0.019479,0.024615,0.020272,0.027323,0.024478,0.01881,0.020859,0.02072,0.024321,0.019872,0.020209,0.028021,0.020248,0.024862,0.026224,0.020561,0.027999,0.026856,0.030811,0.019872,0.020213,0.031107,0.0211,0.021715,0.021036,0.020287,0.027879,0.022302,0.021523,0.020706,0.021097,0.020254,0.022132,0.021781,0.020772,0.025178,0.022286
0.020564,0.020473,0.02314,0.020743,0.019651,0.025259,0.025973,0.023555,0.023353,0.020117,0.020944,0.028126,0.026475,0.021561,0.027235,0.025508,0.02146,0.021392,0.020943,0.020999,0.021734,0.020469,0.020861,0.022684,0.021534,0.023556,0.030273,0.019951,0.021192,0.025256,0.019796,0.020678,0.020255,0.026496,0.022352,0.021283,0.019214,0.018923,0.024827,0.021517
0.019238,0.019291,0.019668,0.020583,0.02568,0.019262,0.023498,0.021421,0.029517,0.020199,0.019626,0.029541,0.019892,0.033338,0.026496,0.020875,0.019388,0.020627,0.021631,0.021665,0.026562,0.023796,0.019704,0.030452,0.030522,0.026987,0.020708,0.021022,0.019177,0.019697,0.020329,0.021063,0.020654,0.020322,0.020344,0.020728,0.021466,0.020156,0.029308,0.026225
0.02428,0.026227,0.028716,0.028208,0.021118,0.021548,0.021741,0.02034,0.01997,0.021454,0.033459,0.023011,0.020553,0.027319,0.022197,0.030537,0.029788,0.021575,0.025628,0.020359,0.019886,0.020502,0.021116,0.020643,0.027197,0.02107,0.021934,0.020521,0.030934,0.020487,0.020783,0.024962,0.02972,0.019778,0.019931,0.0211,0.021297,0.020657,0.023605,0.021062
0.020953,0.020705,0.02316,0.02335,0.019551,0.025636,0.024974,0.020142,0.021067,0.020539,0.023297,0.02117,0.025561,0.01988,0.019961,0.022743,0.023071,0.02049,0.021152,0.020445,0.019214,0.019445,0.020559,0.022726,0.020673,0.020042,0.020351,0.021751,0.028946,0.023064,0.025273,0.025025,0.021452,0.019826,0.027302,0.021535,0.027718,0.020172,0.032476,0.031527
0.032623,0.020291,0.034883,0.024178,0.037825,0.035163,0.032923,0.032619,0.032393,0.034226,0.035609,0.04673,0.034964,0.032237,0.037743,0.048494,0.044769,0.033709,0.03388,0.035942,0.033578,0.037522,0.025491,0.033056,0.036846,0.032099,0.031569,0.035844,0.034073,0.032791,0.03565,0.031411,0.033028,0.034601,0.048963,0.035447,0.031463,0.036487,0.026159,0.037746
0.029154,0.034214,0.034279,0.035557,0.036662,0.026928,0.034625,0.033827,0.033746,0.033452,0.028956,0.035131,0.042338,0.031784,0.029082,0.030114,0.034487,0.035622,0.047923,0.034811,0.028697,0.03442,0.0369,0.032858,0.03495,0.031252,0.03266,0.033986,0.030481,0.032338,0.03522,0.034001,0.035466,0.032831,0.036341,0.041808,0.035311,0.034973,0.035478,0.02861
0.032922,0.035156,0.029078,0.042042,0.033603,0.029047,0.03411,0.03574,0.033721,0.030171,0.038914,0.030218,0.033129,0.0336,0.035842,0.028665,0.035314,0.032933,0.031172,0.032947,0.034579,0.038532,0.027474,0.038875,0.038103,0.020726,0.038135,0.032621,0.037376,0.026101,0.03776,0.026381,0.033735,0.018951,0.030666,0.035772,0.035832,0.034454,0.034237,0.032966
0.029867,0.021063,0.030538,0.03252,0.034759,0.035875,0.031389,0.033073,0.038512,0.041782,0.03575,0.034775,0.048868,0.034573,0.048616,0.04976,0.036025,0.032303,0.029542,0.034708,0.035783,0.033211,0.027708,0.036172,0.034886,0.034429,0.032991,0.035528,0.030847,0.032723,0.034659,0.035293,0.025901,0.03795,0.034474,0.048331,0.035671,0.030975,0.035622,0.039892
0.032108,0.021206,0.035088,0.033924,0.035766,0.034389,0.032485,0.034067,0.031237,0.034213,0.034289,0.029035,0.035457,0.034601,0.034494,0.032788,0.019335,0.028535,0.036928,0.03106,0.033116,0.034888,0.032975,0.028652,0.037507,0.033625,0.02832,0.035013,0.04002,0.042274,0.036852,0.033936,0.034737,0.028501,0.034466,0.034724,0.034345,0.02913,0.03457,0.035234
0.033947,0.035501,0.027175,0.035014,0.035132,0.033822,0.034374,0.028948,0.036342,0.034003,0.04821,0.036101,0.04714,0.041039,0.022845,0.04086,0.0294,0.033794,0.035024,0.033545,0.049831,0.036465,0.025897,0.036444,0.033357,0.032962,0.030601,0.034373,0.035318,0.048754,0.035569,0.048271,0.027118,0.035061,0.042347,0.033694,0.03012,0.033363,0.030908,0.038672
0.028197,0.034258,0.035127,0.042208,0.042613,0.040909,0.035086,0.036202,0.031975,0.03748,0.032239,0.029886,0.034122,0.028894,0.043054,0.028858,0.034006,0.033144,0.037998,0.033576,0.02804,0.032889,0.035201,0.035156,0.04855,0.048744,0.035122,0.054224,0.04351,0.033538,0.036216,0.028297,0.035708,0.034018,0.034039,0.031565,0.03096,0.035355,0.035321,0.0368
0.025883,0.041002,0.048527,0.028435,0.034478,0.03477,0.032055,0.030786,0.042007,0.025205,0.030398,0.042406,0.028346,0.034906,0.034398,0.048979,0.034898,0.035802,0.028114,0.033234,0.034966,0.02973,0.034275,0.033049,0.036297,0.035011,0.048315,0.044206,0.038538,0.04996,0.034585,0.032786,0.026105,0.030669,0.020696,0.046199,0.032035,0.022291,0.033635,0.035415
0.034983,0.033876,0.035142,0.027259,0.035915,0.03449,0.035182,0.035428,0.027503,0.033884,0.034806,0.026949,0.043117,0.034753,0.024523,0.026205,0.027673,0.033862,0.034312,0.048628,0.028122,0.033766,0.042827,0.02893,0.033992,0.028626,0.033766,0.031541,0.040127,0.032977,0.049948,0.047855,0.031474,0.038654,0.035514,0.023492,0.038943,0.033148,0.030343,0.034211
0.035077,0.034322,0.035309,0.028696,0.033844,0.034921,0.033197,0.034898,0.033482,0.031705,0.019347,0.030514,0.032923,0.034054,0.033251,0.029907,0.036683,0.034545,0.033373,0.029622,0.033579,0.036489,0.051689,0.038848,0.020328,0.035334,0.020126,0.03141,0.032136,0.034737,0.033919,0.034347,0.03571,0.048841,0.032557,0.03035,0.035206,0.040805,0.029081,0.028525
0.03939,0.028043,0.03117,0.018211,0.035123,0.033142,0.029407,0.018594,0.03221,0.033849,0.038993,0.028653,0.035276,0.032531,0.032559,0.034009,0.03586,0.04768,0.034992,0.031878,0.03634,0.025496,0.038975,0.029768,0.038465,0.030473,0.034179,0.035589,0.02978,0.032798,0.034109,0.034811,0.04759,0.036797,0.031405,0.030803,0.041524,0.042274,0.03481,0.035206
