0.065921,0.056744,0.046394,0.046426,0.045267,0.046695,0.047451,0.043711,0.04863,0.045835,0.04601,0.044937,0.045462,0.04544,0.044773,0.044336,0.053561,0.05055,0.048938,0.049275,0.044548,0.05561,0.046362,0.044742,0.046424,0.04514,0.047744,0.048736,0.044857,0.05123,0.052057,0.044869,0.050079,0.046115,0.049071,0.048841,0.045721,0.052161,0.045222,0.044522
0.030345,0.029207,0.027925,0.027779,0.04459,0.030326,0.033143,0.033674,0.029385,0.029806,0.039761,0.029983,0.033671,0.030096,0.039438,0.031161,0.031634,0.030231,0.037594,0.039625,0.034187,0.038137,0.031264,0.031576,0.044866,0.02801,0.037377,0.040688,0.029719,0.03053,0.031924,0.029396,0.035979,0.029571,0.037344,0.030758,0.033179,0.040612,0.030234,0.033258
0.028651,0.037347,0.027066,0.037782,0.025062,0.038361,0.040368,0.026711,0.034638,0.029414,0.027322,0.033135,0.025611,0.03305,0.033997,0.031523,0.039871,0.036719,0.046201,0.035448,0.027412,0.028058,0.042394,0.030497,0.029058,0.040031,0.028823,0.0292,0.044529,0.026673,0.033152,0.033841,0.028933,0.042857,0.035677,0.047502,0.034871,0.033137,0.031086,0.027108
0.026587,0.027644,0.028058,0.027842,0.029792,0.030748,0.024281,0.026118,0.027517,0.034266,0.032915,0.034833,0.035774,0.037734,0.032802,0.024039,0.045442,0.029714,0.028409,0.030818,0.034098,0.034611,0.037877,0.037358,0.038405,0.041712,0.02495,0.040862,0.026362,0.037423,0.026798,0.03993,0.036941,0.028837,0.037093,0.024159,0.025169,0.032561,0.029186,0.033871
0.033123,0.034662,0.02744,0.041648,0.032912,0.028575,0.033109,0.032244,0.039207,0.032008,0.032201,0.031745,0.029771,0.042859,0.035182,0.032602,0.025254,0.037181,0.031286,0.03297,0.034274,0.040047,0.042014,0.037612,0.032482,0.02585,0.041964,0.036584,0.027726,0.036302,0.024465,0.045237,0.024455,0.036421,0.030997,0.032909,0.036084,0.033092,0.02893,0.040666
0.023692,0.041523,0.026139,0.034778,0.030946,0.033896,0.039385,0.038632,0.031259,0.033646,0.033422,0.026683,0.040649,0.045932,0.028329,0.036601,0.036705,0.029655,0.035989,0.031369,0.032313,0.033664,0.039058,0.026555,0.032942,0.038061,0.026338,0.043511,0.044861,0.030448,0.037176,0.032049,0.025085,0.031873,0.041267,0.035127,0.041919,0.024898,0.038633,0.023127
0.036221,0.03341,0.035624,0.029285,0.03434,0.04062,0.032454,0.049103,0.025673,0.038587,0.025667,0.039568,0.036276,0.033996,0.026431,0.034958,0.035541,0.033077,0.034786,0.026736,0.041446,0.031735,0.02908,0.04341,0.028839,0.034659,0.034662,0.02571,0.034479,0.034288,0.032779,0.035542,0.028253,0.036459,0.032642,0.037113,0.027849,0.037516,0.03154,0.034905
0.030518,0.03526,0.039973,0.028555,0.047414,0.040865,0.022117,0.041058,0.026032,0.03763,0.03445,0.029505,0.034438,0.040476,0.024913,0.039678,0.027431,0.030617,0.022108,0.03014,0.023995,0.024403,0.037413,0.035249,0.033956,0.030796,0.033811,0.025724,0.039636,0.032299,0.034529,0.029223,0.02743,0.026347,0.027968,0.026255,0.030677,0.031412,0.033606,0.035738
0.028346,0.033571,0.041127,0.023707,0.034154,0.041022,0.041446,0.035717,0.040898,0.023443,0.039163,0.029834,0.036218,0.029049,0.039404,0.033414,0.024194,0.045451,0.022774,0.033374,0.041899,0.023332,0.03355,0.041445,0.047906,0.038445,0.023682,0.042137,0.026181,0.037651,0.034612,0.024036,0.038864,0.035328,0.03306,0.033459,0.02616,0.040306,0.031875,0.035534
0.032254,0.03227,0.034564,0.03156,0.031025,0.034872,0.034144,0.034878,0.031668,0.033219,0.034827,0.030608,0.037979,0.027631,0.035066,0.034933,0.035876,0.028458,0.034121,0.039949,0.023622,0.039235,0.032324,0.029899,0.037299,0.032224,0.034885,0.030344,0.033692,0.037532,0.026365,0.03476,0.041328,0.035587,0.029291,0.033737,0.025405,0.026971,0.030469,0.025421
0.04347,0.041449,0.04212,0.047862,0.023664,0.035156,0.040885,0.046001,0.037792,0.040846,0.042157,0.02375,0.039933,0.034612,0.028644,0.034554,0.034112,0.03282,0.0385,0.025511,0.036099,0.035637,0.02426,0.02246,0.035916,0.035615,0.028376,0.033224,0.036047,0.034502,0.029634,0.030308,0.037582,0.034157,0.035642,0.029655,0.036299,0.030674,0.035449,0.031831
0.031208,0.033227,0.036749,0.031685,0.029724,0.036431,0.034447,0.033462,0.031809,0.038478,0.028977,0.034143,0.035437,0.027417,0.041287,0.034677,0.023104,0.03494,0.034339,0.035023,0.0328,0.036239,0.02868,0.035149,0.034611,0.034908,0.029139,0.033164,0.032809,0.03615,0.033747,0.032251,0.037654,0.025013,0.039092,0.024195,0.023896,0.026629,0.022125,0.026631
0.030899,0.047367,0.024202,0.045514,0.022128,0.041344,0.028504,0.023165,0.022737,0.037457,0.041235,0.029484,0.031683,0.031488,0.032,0.036074,0.035895,0.030252,0.034172,0.033857,0.033391,0.035825,0.023876,0.044077,0.02334,0.039852,0.031205,0.035394,0.037907,0.022855,0.021083,0.022947,0.023234,0.036791,0.035075,0.033713,0.028725,0.040219,0.025082,0.038129
0.026515,0.037689,0.033935,0.03269,0.023076,0.047728,0.027795,0.037339,0.030622,0.037487,0.030822,0.030626,0.036968,0.037813,0.023742,0.036161,0.035198,0.032456,0.033489,0.03174,0.03415,0.0342,0.028386,0.038957,0.032193,0.034539,0.033449,0.031674,0.032673,0.033711,0.035616,0.035106,0.030623,0.034369,0.031598,0.03494,0.032016,0.031895,0.033901,0.035317
0.034311,0.030579,0.035707,0.031083,0.037436,0.024684,0.043159,0.040699,0.043333,0.038839,0.03805,0.034517,0.044914,0.022089,0.030849,0.040657,0.022449,0.040587,0.03032,0.032498,0.035902,0.035112,0.03549,0.028539,0.033314,0.034223,0.031966,0.035806,0.027289,0.03865,0.031772,0.035465,0.032457,0.033019,0.022974,0.028415,0.029641,0.022958,0.026998,0.038062
0.027518,0.033433,0.03497,0.034995,0.032849,0.03617,0.032984,0.02589,0.038608,0.041983,0.041506,0.033839,0.03472,0.028572,0.02598,0.025028,0.032092,0.036904,0.033414,0.035006,0.030058,0.036907,0.032876,0.033899,0.028329,0.034649,0.034927,0.034891,0.027879,0.034236,0.036773,0.033641,0.032771,0.036085,0.02723,0.036284,0.035312,0.028882,0.03972,0.033355
0.023025,0.040619,0.035528,0.02354,0.045704,0.02253,0.039921,0.02859,0.034148,0.03318,0.036159,0.027843,0.037566,0.033807,0.034935,0.030609,0.033187,0.041378,0.027992,0.032525,0.027916,0.036863,0.034807,0.03238,0.034485,0.032494,0.034517,0.030109,0.036217,0.031461,0.033871,0.034273,0.033857,0.033825,0.029814,0.034941,0.035349,0.035096,0.033985,0.023731
0.044324,0.022516,0.037769,0.030783,0.036418,0.035322,0.03808,0.026565,0.030476,0.022945,0.023444,0.033679,0.028572,0.02224,0.038217,0.035406,0.035454,0.028109,0.038942,0.026682,0.038519,0.031201,0.03193,0.040973,0.023351,0.039934,0.028747,0.032912,0.022675,0.027169,0.034748,0.034712,0.022452,0.022272,0.039535,0.027434,0.022625,0.023724,0.024823,0.033626
0.032806,0.037333,0.027952,0.034447,0.026251,0.022374,0.022954,0.027205,0.028002,0.028562,0.0238,0.037266,0.03463,0.034895,0.030691,0.023838,0.024898,0.035526,0.031426,0.035548,0.037965,0.023824,0.035942,0.034462,0.034391,0.035483,0.029176,0.033463,0.034462,0.03338,0.035322,0.035895,0.028638,0.023356,0.023852,0.038316,0.032024,0.026919,0.037084,0.03474
0.03464,0.028574,0.040071,0.025174,0.038679,0.035634,0.025217,0.036355,0.034129,0.035621,0.033045,0.03376,0.030561,0.036342,0.022336,0.023226,0.043226,0.022819,0.03967,0.029718,0.033475,0.036598,0.026625,0.042412,0.028762,0.0333,0.034893,0.031491,0.030733,0.035874,0.035155,0.034446,0.031986,0.031738,0.034253,0.032595,0.0359,0.030259,0.03419,0.034301
0.035467,0.027648,0.034827,0.035227,0.031826,0.030307,0.034982,0.035499,0.03215,0.036187,0.035396,0.023842,0.039776,0.034163,0.031136,0.036504,0.025842,0.022412,0.031811,0.033571,0.035051,0.031014,0.03232,0.035157,0.033575,0.037049,0.023695,0.044008,0.041593,0.041544,0.023036,0.041176,0.030469,0.034618,0.033143,0.033645,0.035438,0.028813,0.040357,0.029071
0.031643,0.038875,0.022152,0.039031,0.035324,0.03129,0.033352,0.030248,0.046042,0.032393,0.022844,0.033401,0.035432,0.035046,0.028197,0.041813,0.025425,0.036842,0.032765,0.035223,0.025175,0.039018,0.03546,0.028673,0.034257,0.035885,0.034964,0.030352,0.034907,0.022417,0.030585,0.024805,0.02208,0.031822,0.032809,0.033042,0.035252,0.033089,0.033787,0.035751
0.025352,0.040322,0.031452,0.02894,0.036566,0.034443,0.034426,0.032332,0.035879,0.024648,0.040831,0.030413,0.032042,0.035041,0.040568,0.021986,0.041495,0.025397,0.036643,0.036698,0.031663,0.03515,0.02559,0.039919,0.032728,0.034829,0.031628,0.039052,0.024999,0.032347,0.036423,0.033647,0.032723,0.035318,0.032442,0.031814,0.02101,0.023931,0.039302,0.023206
0.024339,0.033053,0.02254,0.02815,0.041368,0.022216,0.035858,0.031872,0.035877,0.035212,0.034425,0.032055,0.031216,0.029946,0.039393,0.031766,0.028556,0.038106,0.034248,0.033478,0.034598,0.027952,0.032842,0.022429,0.029633,0.022831,0.024426,0.022348,0.023275,0.022014,0.039745,0.029094,0.033833,0.034091,0.034887,0.032008,0.037375,0.024455,0.039213,0.03363
0.0332,0.031011,0.034843,0.032934,0.022085,0.026969,0.035403,0.022205,0.021048,0.040035,0.030206,0.034064,0.033708,0.035438,0.034828,0.031937,0.028034,0.038063,0.034894,0.030634,0.03206,0.033472,0.035879,0.035292,0.030933,0.032338,0.032609,0.035569,0.033574,0.031064,0.036984,0.03103,0.033995,0.033091,0.033596,0.022073,0.023309,0.036579,0.034888,0.028538
0.040245,0.023794,0.040024,0.033923,0.034248,0.029287,0.041608,0.024882,0.038844,0.027826,0.032672,0.030419,0.040626,0.034813,0.027182,0.036317,0.033615,0.035569,0.032366,0.031474,0.033888,0.038494,0.031934,0.033645,0.026768,0.035987,0.035611,0.027945,0.034919,0.03504,0.033739,0.031571,0.034594,0.035404,0.033106,0.033398,0.030907,0.037661,0.029646,0.032212
0.035595,0.029452,0.035308,0.032915,0.036347,0.029037,0.039901,0.034227,0.030017,0.038356,0.024574,0.034651,0.03476,0.037249,0.023982,0.035565,0.035006,0.035018,0.031526,0.031983,0.039585,0.029587,0.03457,0.029029,0.03474,0.03512,0.030249,0.033003,0.033312,0.044053,0.021679,0.039833,0.028664,0.032689,0.036135,0.034747,0.03376,0.02879,0.034418,0.034885
0.034702,0.029388,0.034008,0.040835,0.024078,0.037415,0.031404,0.033757,0.035314,0.028761,0.022627,0.027075,0.038662,0.030658,0.037084,0.030492,0.033376,0.032627,0.034136,0.032769,0.033716,0.034285,0.032621,0.035274,0.027989,0.036825,0.034223,0.036987,0.022569,0.040424,0.034704,0.035127,0.023016,0.038882,0.034276,0.034279,0.025912,0.039965,0.031715,0.036122
0.028754,0.040281,0.023254,0.041969,0.046585,0.03697,0.027058,0.041249,0.029443,0.030888,0.036458,0.029255,0.036032,0.033293,0.022493,0.027673,0.033428,0.032391,0.037325,0.027675,0.038954,0.032295,0.027985,0.035477,0.032054,0.036657,0.031928,0.036504,0.024709,0.046451,0.022728,0.038924,0.029431,0.033209,0.035025,0.027353,0.036988,0.034252,0.031359,0.038673
0.0353,0.026111,0.037363,0.031594,0.036587,0.034305,0.025916,0.044425,0.023111,0.039353,0.024594,0.044822,0.021787,0.041975,0.029882,0.038215,0.02487,0.040241,0.032393,0.032442,0.03552,0.03237,0.029501,0.03741,0.025075,0.040371,0.033605,0.031431,0.034146,0.031539,0.035011,0.03201,0.038221,0.027954,0.03146,0.038128,0.034508,0.029082,0.034532,0.041101
0.028949,0.030172,0.034691,0.033009,0.034579,0.030136,0.033288,0.034469,0.034528,0.030527,0.032672,0.03461,0.035474,0.033938,0.033598,0.026771,0.021646,0.030774,0.022411,0.032855,0.028112,0.040692,0.024983,0.03802,0.034483,0.02701,0.035623,0.036021,0.028342,0.034959,0.034599,0.040826,0.034071,0.022458,0.034483,0.025452,0.022476,0.021891,0.030797,0.035575
0.03202,0.034544,0.026698,0.035804,0.034952,0.03369,0.035384,0.033585,0.03202,0.033365,0.034607,0.034487,0.02876,0.040806,0.023867,0.039314,0.030547,0.035417,0.037199,0.029355,0.031935,0.034644,0.031564,0.040267,0.032162,0.024352,0.035041,0.041167,0.023451,0.039358,0.031272,0.041421,0.032564,0.028453,0.028281,0.03665,0.033575,0.032846,0.034049,0.022578
0.024086,0.037392,0.032027,0.028696,0.022474,0.030408,0.032615,0.037728,0.033164,0.029334,0.041446,0.022405,0.042424,0.024397,0.042849,0.028787,0.034393,0.033807,0.032606,0.032628,0.032591,0.03482,0.032235,0.044803,0.021596,0.034414,0.035763,0.034123,0.023838,0.038634,0.034208,0.033431,0.031844,0.039893,0.028719,0.03288,0.031222,0.031999,0.036081,0.03536
0.02577,0.036872,0.035244,0.03404,0.03528,0.030008,0.033166,0.04027,0.023081,0.040488,0.026741,0.037144,0.033217,0.034099,0.034477,0.025553,0.033918,0.039964,0.028607,0.035048,0.033186,0.03557,0.022531,0.021786,0.03997,0.031631,0.022817,0.023664,0.039229,0.029467,0.040634,0.02505,0.037981,0.029118,0.034335,0.035192,0.034231,0.030817,0.034464,0.030337
0.022619,0.026739,0.031861,0.027229,0.023485,0.040539,0.024968,0.035498,0.040623,0.025425,0.038091,0.03505,0.03072,0.033221,0.033564,0.033426,0.033442,0.031811,0.033706,0.030387,0.038473,0.031435,0.038393,0.028883,0.034651,0.031617,0.031959,0.040186,0.029572,0.028307,0.040191,0.02474,0.03841,0.03476,0.035145,0.030106,0.032218,0.035565,0.033889,0.028697
0.035723,0.034718,0.037256,0.022418,0.037752,0.034166,0.035481,0.031969,0.030799,0.022454,0.023224,0.022927,0.023274,0.022464,0.022266,0.023384,0.023006,0.022986,0.030104,0.027051,0.022305,0.023326,0.031728,0.023829,0.024255,0.027816,0.022337,0.023756,0.022765,0.036246,0.02963,0.039903,0.029907,0.032276,0.030907,0.033946,0.042519,0.02187,0.039393,0.035235
0.023754,0.039014,0.032325,0.03138,0.033961,0.035476,0.032053,0.034656,0.033146,0.02879,0.039536,0.037435,0.022724,0.021721,0.02267,0.028307,0.022004,0.026623,0.022293,0.026781,0.043074,0.022549,0.037258,0.029002,0.040623,0.022839,0.043892,0.023142,0.042623,0.029462,0.034906,0.031988,0.032053,0.033601,0.033989,0.034306,0.035828,0.029356,0.03621,0.032474
0.033789,0.028279,0.035237,0.034796,0.035183,0.027954,0.035006,0.034531,0.034278,0.035715,0.028703,0.038555,0.023995,0.040371,0.030129,0.033778,0.03415,0.034781,0.035075,0.028734,0.039725,0.02253,0.041074,0.03027,0.039273,0.024576,0.038818,0.02242,0.023829,0.037497,0.031753,0.031198,0.035672,0.034328,0.028177,0.033048,0.036443,0.036019,0.032908,0.031838
0.032759,0.030264,0.023072,0.024398,0.039514,0.033673,0.033911,0.030541,0.03472,0.033739,0.035493,0.02973,0.033446,0.035373,0.032407,0.035222,0.031393,0.031201,0.043299,0.022605,0.039278,0.02816,0.035699,0.035509,0.0341,0.034231,0.024959,0.038642,0.022888,0.022517,0.038074,0.024037,0.026488,0.023269,0.022839,0.031818,0.022277,0.023901,0.021641,0.022212
0.023146,0.021978,0.023031,0.023001,0.027254,0.024659,0.022231,0.032569,0.028533,0.037259,0.03427,0.028264,0.034617,0.035203,0.040854,0.021757,0.021663,0.034005,0.034061,0.032696,0.031748,0.033798,0.035199,0.027742,0.041533,0.022395,0.041463,0.0342,0.034599,0.02849,0.034484,0.035079,0.034843,0.031589,0.030901,0.035318,0.032677,0.035605,0.029803,0.034474
