0.09564,0.070529,0.076084,0.080528,0.084014,0.070739,0.07221,0.07482,0.076171,0.078953,0.073679,0.078824,0.071936,0.07181,0.078184,0.075315,0.077061,0.078647,0.07721,0.076037,0.071647,0.080099,0.083337,0.074173,0.077657,0.080547,0.074458,0.081501,0.082627,0.084836,0.080142,0.10178,0.085223,0.081517,0.088913,0.083508,0.077227,0.073319,0.071393,0.07425
0.03792,0.0388,0.03864,0.044248,0.046702,0.040498,0.037284,0.053702,0.038704,0.054093,0.043923,0.040011,0.039456,0.051239,0.044544,0.038367,0.044745,0.038543,0.039084,0.040282,0.054894,0.043331,0.04357,0.039644,0.043515,0.040097,0.039998,0.041559,0.038964,0.052111,0.045087,0.04122,0.040375,0.039961,0.047454,0.040914,0.039619,0.054858,0.040559,0.044253
0.033273,0.037286,0.032779,0.033158,0.033363,0.033274,0.035227,0.032921,0.054584,0.036115,0.036688,0.038626,0.040755,0.033089,0.033202,0.037532,0.034818,0.036775,0.032782,0.03302,0.040835,0.035094,0.03889,0.036547,0.035738,0.038447,0.051876,0.033297,0.033894,0.041815,0.0342,0.061734,0.033169,0.035332,0.033271,0.036597,0.036098,0.053968,0.033969,0.038549
0.033754,0.039109,0.047915,0.030543,0.040242,0.031112,0.03048,0.04772,0.047717,0.035224,0.035019,0.035814,0.037595,0.032099,0.030317,0.045294,0.052005,0.03264,0.046231,0.037451,0.046387,0.035517,0.03704,0.030388,0.050186,0.050859,0.048793,0.04781,0.032391,0.038308,0.041917,0.034599,0.035285,0.036498,0.031893,0.032879,0.036164,0.034903,0.05208,0.049008
0.031831,0.053592,0.031111,0.052044,0.034756,0.035502,0.03057,0.028829,0.030261,0.031646,0.033618,0.034807,0.030557,0.037144,0.046336,0.036872,0.046027,0.03056,0.029847,0.03209,0.03084,0.037523,0.028161,0.036691,0.036023,0.03097,0.040913,0.032721,0.031482,0.031099,0.03009,0.030187,0.036164,0.049158,0.035269,0.045392,0.037067,0.03656,0.042422,0.02863
0.032112,0.03991,0.030242,0.032405,0.03387,0.035403,0.046425,0.036299,0.029531,0.037396,0.052296,0.037541,0.028086,0.028463,0.045319,0.038042,0.029353,0.044176,0.033585,0.028164,0.030389,0.041733,0.028691,0.05006,0.029219,0.037101,0.035577,0.036083,0.029567,0.054561,0.028342,0.045541,0.034676,0.033597,0.030487,0.040162,0.029575,0.031166,0.038405,0.048907
0.054893,0.02818,0.04785,0.031699,0.03809,0.049966,0.045953,0.028929,0.029821,0.027897,0.048305,0.031547,0.036717,0.050393,0.048437,0.034983,0.048782,0.049579,0.048312,0.042101,0.028068,0.050107,0.029538,0.029668,0.028687,0.030524,0.047615,0.04874,0.032924,0.030585,0.03778,0.050714,0.038322,0.036667,0.029198,0.030671,0.046961,0.050098,0.048026,0.031974
0.044795,0.028093,0.049408,0.036548,0.027675,0.047021,0.040508,0.029703,0.055111,0.027522,0.032473,0.031653,0.041183,0.041837,0.043045,0.02724,0.04696,0.036556,0.046366,0.046844,0.032011,0.028234,0.038351,0.029423,0.026893,0.028881,0.038747,0.046927,0.037712,0.045962,0.041819,0.029566,0.04803,0.033587,0.036071,0.035186,0.028246,0.050247,0.033994,0.031278
0.036641,0.031038,0.036561,0.04593,0.032679,0.031327,0.038518,0.048682,0.049221,0.029406,0.039955,0.030791,0.039449,0.029419,0.03784,0.02787,0.042002,0.029546,0.026985,0.029587,0.041788,0.027546,0.031241,0.038292,0.04845,0.05027,0.030096,0.038273,0.029263,0.036541,0.049754,0.050931,0.029267,0.03919,0.043727,0.037081,0.036522,0.049744,0.045817,0.047948
0.033633,0.036886,0.048149,0.035055,0.056714,0.040076,0.034115,0.03749,0.035885,0.035628,0.03143,0.028456,0.029097,0.02896,0.027309,0.028679,0.028736,0.027978,0.028948,0.028165,0.036044,0.029087,0.028089,0.027194,0.0357,0.02867,0.038163,0.046251,0.0343,0.031167,0.035015,0.034957,0.034919,0.029195,0.034601,0.036658,0.029278,0.030345,0.035649,0.032451
0.03752,0.050777,0.047797,0.060468,0.027796,0.027205,0.034933,0.028634,0.036155,0.032432,0.037712,0.035655,0.027438,0.036089,0.047953,0.031128,0.040673,0.026712,0.036369,0.046303,0.036463,0.046441,0.044598,0.026853,0.047999,0.029638,0.040705,0.028511,0.033683,0.037003,0.053238,0.031077,0.028532,0.038139,0.050352,0.029068,0.032637,0.036416,0.030453,0.034494
0.028975,0.04315,0.032512,0.027877,0.031295,0.033995,0.028991,0.043811,0.030067,0.031378,0.030021,0.04028,0.042154,0.040774,0.037444,0.032721,0.029959,0.027023,0.039911,0.035846,0.027944,0.03103,0.037167,0.034055,0.028352,0.037004,0.047897,0.027622,0.0308,0.027118,0.05337,0.026985,0.034523,0.033175,0.039374,0.030074,0.03086,0.035179,0.036481,0.032001
0.04976,0.035969,0.02699,0.030212,0.038852,0.03095,0.03257,0.032532,0.035153,0.032954,0.039744,0.03544,0.026988,0.055603,0.027201,0.043557,0.031933,0.030536,0.031616,0.031494,0.02751,0.041709,0.028025,0.034876,0.049489,0.054262,0.026981,0.035266,0.049187,0.02964,0.040673,0.049956,0.027691,0.033958,0.039972,0.027166,0.032392,0.033849,0.035876,0.047656
0.03013,0.039713,0.02715,0.037388,0.034088,0.0298,0.036298,0.027998,0.039868,0.045022,0.039054,0.027372,0.038707,0.028322,0.03827,0.029102,0.028031,0.026696,0.028277,0.039163,0.027464,0.035358,0.030242,0.03876,0.034962,0.026748,0.057623,0.036044,0.035793,0.027583,0.02891,0.033429,0.033329,0.041509,0.031336,0.034024,0.027209,0.048013,0.034682,0.029982
0.027112,0.027764,0.028223,0.029054,0.027054,0.028599,0.039481,0.028102,0.034845,0.030253,0.038619,0.027869,0.040958,0.033995,0.027547,0.032171,0.039472,0.028958,0.030898,0.035171,0.038054,0.047391,0.048784,0.048147,0.036828,0.048474,0.029659,0.040248,0.026436,0.036165,0.03182,0.034684,0.032914,0.033382,0.030653,0.038676,0.055024,0.02687,0.050435,0.031593
0.034829,0.051506,0.036989,0.026346,0.031218,0.037697,0.049803,0.044782,0.039929,0.052315,0.026314,0.035831,0.028835,0.039603,0.045751,0.032975,0.037072,0.048572,0.049559,0.031139,0.037602,0.049083,0.049108,0.030575,0.039728,0.048538,0.037449,0.03218,0.027034,0.03784,0.046306,0.047219,0.039028,0.047948,0.030185,0.038837,0.028858,0.041844,0.028162,0.05369
0.027757,0.028762,0.039729,0.050235,0.037297,0.033664,0.029802,0.049093,0.032557,0.034156,0.036827,0.027124,0.034165,0.031551,0.035634,0.050604,0.049678,0.036393,0.034394,0.027514,0.033014,0.037278,0.027961,0.027853,0.026761,0.028287,0.028603,0.027176,0.029652,0.033936,0.029314,0.041307,0.044788,0.027573,0.028951,0.02682,0.03666,0.028506,0.038447,0.032119
0.030057,0.037834,0.037708,0.026798,0.030284,0.037228,0.030796,0.027917,0.026963,0.027384,0.036982,0.029999,0.043945,0.026461,0.034139,0.031771,0.034268,0.030514,0.038539,0.030859,0.045599,0.038242,0.029339,0.041639,0.03326,0.027472,0.030381,0.039371,0.033684,0.028569,0.034888,0.029202,0.038734,0.030135,0.037955,0.028445,0.028531,0.032894,0.026834,0.036918
0.030057,0.026577,0.034109,0.038536,0.02804,0.032756,0.033501,0.040872,0.02826,0.030107,0.0397,0.027579,0.037809,0.029122,0.042161,0.026002,0.033055,0.03289,0.039349,0.028133,0.038711,0.028073,0.03832,0.034693,0.028646,0.029588,0.042506,0.041399,0.027314,0.02801,0.033347,0.028638,0.040193,0.035565,0.027608,0.034125,0.036212,0.035159,0.036641,0.0276
0.027245,0.035291,0.040804,0.027634,0.026631,0.040533,0.028598,0.032392,0.034995,0.03802,0.047875,0.029807,0.041022,0.026239,0.035821,0.049268,0.040581,0.03633,0.027441,0.035927,0.025611,0.035814,0.02885,0.038048,0.03072,0.034955,0.027755,0.040989,0.030511,0.029053,0.037947,0.038412,0.027125,0.031821,0.034133,0.028946,0.033365,0.029748,0.028769,0.026887
0.036344,0.028119,0.026317,0.025533,0.042404,0.027068,0.034786,0.034657,0.027446,0.039142,0.05469,0.030954,0.027363,0.037063,0.028396,0.044514,0.027228,0.04973,0.028617,0.040716,0.027613,0.029285,0.027664,0.027975,0.02857,0.028182,0.026222,0.029912,0.039578,0.027398,0.03673,0.028501,0.039368,0.030045,0.035065,0.03198,0.033908,0.03942,0.028575,0.031114
0.036556,0.029548,0.039981,0.036132,0.029118,0.027469,0.039516,0.031033,0.029548,0.038231,0.027217,0.041477,0.028747,0.030001,0.038158,0.042725,0.027414,0.026813,0.034842,0.031978,0.039482,0.049293,0.035655,0.029222,0.030243,0.037272,0.027894,0.03966,0.028236,0.041854,0.029361,0.029686,0.033944,0.034837,0.047584,0.036231,0.028239,0.038362,0.028164,0.038347
0.040061,0.031499,0.027286,0.032358,0.030061,0.045853,0.026132,0.028745,0.042766,0.02796,0.03064,0.036726,0.032407,0.040352,0.026523,0.028463,0.038981,0.031932,0.029621,0.039909,0.035425,0.026585,0.034686,0.037259,0.027691,0.037377,0.028868,0.037823,0.027946,0.038016,0.029335,0.037065,0.030741,0.03972,0.028584,0.040358,0.027189,0.029136,0.038075,0.038465
0.027036,0.029996,0.03393,0.028119,0.036659,0.035975,0.035287,0.028706,0.036842,0.035736,0.035172,0.027831,0.035978,0.028351,0.039427,0.028109,0.032387,0.027303,0.025986,0.032535,0.030272,0.039562,0.040881,0.032201,0.027218,0.052363,0.027674,0.032842,0.039631,0.026065,0.03779,0.028493,0.037433,0.040966,0.033063,0.027081,0.027865,0.039397,0.029469,0.03413
0.0334,0.029775,0.044034,0.027112,0.029618,0.038513,0.02777,0.04008,0.036518,0.026476,0.031334,0.043254,0.034381,0.025868,0.030497,0.033872,0.033447,0.040206,0.035531,0.02674,0.027261,0.037415,0.033824,0.041737,0.032557,0.027819,0.052025,0.027982,0.033801,0.028956,0.027757,0.027363,0.030306,0.037533,0.030749,0.040648,0.026613,0.029086,0.041648,0.026761
0.035684,0.033558,0.032461,0.033363,0.037701,0.035006,0.027189,0.037999,0.047902,0.037098,0.027698,0.030894,0.037637,0.046575,0.027482,0.042839,0.028504,0.038324,0.037571,0.025916,0.042858,0.025815,0.046954,0.03696,0.031276,0.035503,0.035892,0.037912,0.026584,0.029975,0.035214,0.032626,0.033083,0.033431,0.032219,0.027173,0.026723,0.040296,0.026284,0.031212
0.028861,0.027505,0.026084,0.035414,0.029842,0.039504,0.027226,0.036218,0.030741,0.038635,0.034767,0.026597,0.03636,0.028254,0.039411,0.031414,0.034549,0.029908,0.035802,0.033796,0.033203,0.033135,0.031414,0.038277,0.026695,0.036959,0.028264,0.040845,0.028001,0.041315,0.036697,0.032564,0.026886,0.028057,0.040636,0.027464,0.040062,0.027934,0.034323,0.028922
0.038562,0.038095,0.035227,0.034247,0.026173,0.036275,0.026301,0.034117,0.037512,0.0274,0.038456,0.028901,0.038393,0.03951,0.02675,0.039522,0.033797,0.026425,0.028993,0.039112,0.027256,0.037453,0.036292,0.02655,0.039737,0.02851,0.032457,0.03603,0.048655,0.032064,0.036094,0.032162,0.031312,0.037534,0.028878,0.028336,0.037214,0.028563,0.026926,0.029224
0.027225,0.027249,0.027854,0.038523,0.027458,0.0391,0.028169,0.037914,0.036528,0.027952,0.033347,0.03073,0.039543,0.028089,0.036146,0.032793,0.031715,0.03858,0.035018,0.026621,0.036003,0.028057,0.042616,0.02659,0.032845,0.03674,0.030403,0.032404,0.035594,0.032592,0.037375,0.028096,0.036841,0.045916,0.033826,0.035775,0.035725,0.035452,0.035478,0.027069
0.028625,0.039604,0.029329,0.032457,0.035765,0.034339,0.036349,0.027385,0.032734,0.035102,0.034036,0.039452,0.033567,0.026127,0.03652,0.028328,0.04507,0.026486,0.043505,0.037986,0.029715,0.039337,0.036114,0.026696,0.034375,0.028393,0.026745,0.036663,0.027849,0.028908,0.034079,0.029765,0.039786,0.029965,0.035698,0.030014,0.04075,0.027522,0.031225,0.034194
0.03448,0.031771,0.039131,0.048648,0.048944,0.03098,0.034374,0.032683,0.03551,0.047806,0.03398,0.031986,0.038544,0.034694,0.035603,0.031258,0.045991,0.034088,0.028799,0.038271,0.028397,0.036595,0.03167,0.035432,0.032418,0.029579,0.028779,0.02681,0.030704,0.031978,0.033751,0.039311,0.028136,0.032287,0.036781,0.02861,0.034238,0.040112,0.033123,0.027123
0.041156,0.026096,0.043127,0.026912,0.035483,0.028683,0.029776,0.026958,0.027091,0.030844,0.03535,0.050574,0.030821,0.044768,0.034962,0.028313,0.025874,0.0388,0.03655,0.025833,0.030723,0.03826,0.029904,0.032628,0.036841,0.035651,0.03368,0.026767,0.035741,0.03061,0.036916,0.031511,0.038342,0.02797,0.033595,0.035205,0.031781,0.030438,0.045858,0.026516
0.035952,0.028444,0.033654,0.037593,0.028123,0.033382,0.030545,0.045622,0.027775,0.028276,0.028845,0.027408,0.026795,0.034055,0.043135,0.032255,0.037277,0.028395,0.026425,0.028329,0.027308,0.026706,0.026913,0.027106,0.028649,0.02851,0.027959,0.026972,0.030559,0.027727,0.027319,0.028336,0.028266,0.037578,0.027424,0.033897,0.026656,0.035931,0.02884,0.041864
0.026715,0.028084,0.02795,0.027176,0.028796,0.027815,0.025896,0.036017,0.03634,0.035933,0.028068,0.030952,0.034296,0.037811,0.027989,0.030496,0.042445,0.034277,0.025516,0.034233,0.036369,0.027965,0.042012,0.035072,0.026587,0.029409,0.038559,0.037934,0.034899,0.025905,0.048327,0.040248,0.027291,0.037256,0.027142,0.037874,0.028685,0.038174,0.028939,0.035586
0.030889,0.03551,0.039419,0.026813,0.029903,0.038183,0.038196,0.026405,0.030071,0.039227,0.027986,0.039107,0.028724,0.040275,0.027919,0.038258,0.036404,0.026267,0.030557,0.038049,0.028136,0.035531,0.031062,0.04041,0.034838,0.028927,0.035666,0.029118,0.033967,0.032615,0.033785,0.030461,0.03882,0.028315,0.040891,0.033659,0.026712,0.035161,0.0429,0.026153
0.038158,0.026228,0.030577,0.03715,0.037352,0.032548,0.02712,0.027595,0.029938,0.026576,0.029609,0.03998,0.029318,0.027873,0.026339,0.028543,0.038959,0.028727,0.04058,0.029412,0.028002,0.040354,0.027,0.036722,0.037299,0.028084,0.032845,0.034044,0.031235,0.030174,0.027494,0.030492,0.027949,0.035628,0.035029,0.029134,0.045371,0.026496,0.029056,0.03529
0.035029,0.031706,0.038428,0.035191,0.029715,0.03074,0.03603,0.035573,0.025894,0.03565,0.039676,0.027142,0.032976,0.03047,0.027298,0.026379,0.03721,0.027016,0.038642,0.049134,0.035069,0.026541,0.03686,0.041124,0.031007,0.027003,0.028397,0.038858,0.030652,0.036487,0.032144,0.031896,0.032638,0.035818,0.050855,0.037793,0.025937,0.030679,0.039499,0.035174
0.027716,0.033919,0.031348,0.037673,0.036547,0.036246,0.026609,0.044476,0.037961,0.031463,0.03854,0.027463,0.040766,0.027667,0.04415,0.026016,0.028827,0.035973,0.028888,0.026684,0.026246,0.034125,0.031779,0.039404,0.027006,0.03445,0.035652,0.028828,0.035889,0.03041,0.037258,0.029952,0.038598,0.026623,0.045156,0.025334,0.031034,0.034573,0.027334,0.026425
0.030825,0.031862,0.039685,0.027423,0.032954,0.030837,0.038375,0.037118,0.025611,0.041723,0.030286,0.027752,0.038224,0.031138,0.039993,0.025235,0.039019,0.048723,0.028123,0.041176,0.029968,0.028719,0.037454,0.028102,0.036523,0.02978,0.039306,0.036974,0.032602,0.027499,0.040624,0.027524,0.032726,0.029519,0.03905,0.031851,0.031628,0.034089,0.033377,0.0369
0.028125,0.037539,0.028944,0.037283,0.0282,0.041586,0.054181,0.031247,0.026422,0.030564,0.043694,0.026491,0.032375,0.029421,0.038314,0.03326,0.030166,0.034822,0.031074,0.037051,0.051014,0.029844,0.036673,0.051299,0.035217,0.028275,0.030453,0.03865,0.027377,0.040346,0.028048,0.03708,0.034466,0.027948,0.035866,0.031888,0.038367,0.028219,0.036331,0.029366
