0.37367,0.29585,0.29909,0.29992,0.31098,0.32777,0.39028,0.35697,0.33349,0.33535,0.32895,0.38285,0.35103,0.3595,0.36802,0.34432,0.35374,0.34484,0.33129,0.35027,0.33891,0.34717,0.35054,0.33395,0.33104,0.3386,0.36712,0.35406,0.35538,0.40328,0.35048,0.34783,0.35954,0.33636,0.3368,0.33154,0.35104,0.33915,0.35264,0.34725
0.21195,0.19608,0.19525,0.192,0.20115,0.20307,0.20231,0.22246,0.21792,0.23037,0.22359,0.22154,0.22214,0.20834,0.20622,0.214,0.21712,0.23747,0.20062,0.22216,0.20061,0.20297,0.1986,0.20124,0.20362,0.20819,0.20751,0.20665,0.19339,0.19554,0.21487,0.22265,0.20897,0.20731,0.25445,0.22015,0.22473,0.21545,0.2092,0.20673
0.17934,0.17856,0.18159,0.17059,0.16851,0.17187,0.16936,0.17078,0.17,0.16951,0.17266,0.17956,0.17945,0.17782,0.17902,0.17838,0.17662,0.17847,0.17968,0.18012,0.17077,0.17287,0.19275,0.17398,0.17802,0.17803,0.18174,0.17893,0.1817,0.18112,0.18042,0.18173,0.18148,0.17391,0.17171,0.17341,0.1729,0.17162,0.17075,0.17195
0.16386,0.16722,0.17137,0.16719,0.17237,0.17151,0.17379,0.17119,0.17187,0.16085,0.17511,0.1732,0.17443,0.19849,0.17375,0.17214,0.17688,0.17323,0.17071,0.16828,0.17306,0.17105,0.17234,0.16992,0.17183,0.16946,0.16415,0.16381,0.16532,0.16673,0.1717,0.16742,0.17266,0.17162,0.1733,0.17034,0.17459,0.17216,0.17332,0.17092
0.16429,0.15677,0.16215,0.16035,0.1597,0.16131,0.15739,0.15679,0.15833,0.16484,0.16614,0.16776,0.16636,0.16818,0.16665,0.169,0.165,0.16409,0.16647,0.16465,0.16564,0.16096,0.159,0.15798,0.15963,0.16362,0.16062,0.16897,0.16739,0.16797,0.16869,0.1845,0.16943,0.16743,0.171,0.16942,0.16768,0.16938,0.16432,0.16595
0.15847,0.15808,0.15885,0.16043,0.15554,0.15757,0.15645,0.15796,0.15863,0.17003,0.16439,0.16457,0.16335,0.16373,0.16624,0.16414,0.16734,0.16413,0.16756,0.16464,0.1606,0.16223,0.16291,0.15975,0.16733,0.16447,0.17072,0.16917,0.17016,0.16523,0.16753,0.16325,0.16541,0.16589,0.16523,0.16681,0.16638,0.16465,0.15967,0.15922
0.15486,0.15949,0.1579,0.15592,0.15511,0.15808,0.16731,0.16008,0.16623,0.16193,0.16456,0.17867,0.1648,0.16461,0.16822,0.16388,0.16514,0.1646,0.16548,0.16308,0.16404,0.163,0.16008,0.15767,0.15819,0.15924,0.15699,0.15907,0.15659,0.1554,0.15842,0.16355,0.16594,0.16669,0.16596,0.16649,0.1634,0.169,0.16622,0.16021
0.16052,0.15389,0.15644,0.15817,0.15327,0.15739,0.15587,0.16577,0.16355,0.16288,0.16524,0.16098,0.16627,0.16314,0.21104,0.17403,0.17423,0.18866,0.17539,0.18816,0.17587,0.16817,0.1685,0.16836,0.17218,0.17237,0.16625,0.16589,0.18948,0.16212,0.16169,0.16468,0.16504,0.16449,0.16268,0.18365,0.16584,0.17087,0.16317,0.16335
0.16322,0.1564,0.1561,0.15389,0.15942,0.15734,0.16493,0.16941,0.16764,0.16317,0.16401,0.16416,0.1621,0.16449,0.1631,0.19358,0.17881,0.17585,0.1697,0.17143,0.16585,0.1654,0.16171,0.16045,0.15713,0.16226,0.15763,0.1545,0.1555,0.16008,0.15719,0.16332,0.16307,0.16784,0.17089,0.16316,0.16156,0.16303,0.16132,0.16534
0.17858,0.16296,0.16673,0.16723,0.16165,0.16864,0.16208,0.16254,0.16244,0.16572,0.16348,0.16191,0.16572,0.15973,0.16719,0.21377,0.1795,0.19994,0.17963,0.17311,0.1775,0.17808,0.1724,0.16333,0.16443,0.16398,0.16319,0.16189,0.15695,0.15568,0.16189,0.15497,0.16398,0.16805,0.16378,0.16279,0.16574,0.16137,0.16425,0.16594
0.16088,0.15965,0.1636,0.16123,0.1617,0.16885,0.16339,0.16096,0.16509,0.16085,0.16686,0.16219,0.16192,0.16198,0.16253,0.16328,0.16086,0.16159,0.16361,0.15634,0.15636,0.15729,0.15598,0.15505,0.1573,0.1574,0.15389,0.16221,0.16077,0.1607,0.17447,0.16301,0.15924,0.16292,0.16112,0.17891,0.16642,0.16189,0.16363,0.16499
0.16146,0.1637,0.16357,0.16154,0.15772,0.16413,0.15949,0.16443,0.16352,0.16246,0.16108,0.1621,0.16126,0.16035,0.16267,0.16212,0.17055,0.17166,0.15823,0.17988,0.16102,0.16105,0.15979,0.16026,0.16012,0.16273,0.16686,0.1614,0.15971,0.16014,0.16171,0.1619,0.16188,0.16389,0.16048,0.15972,0.16077,0.16203,0.16445,0.1623
0.16358,0.15662,0.1568,0.15238,0.16086,0.15585,0.15301,0.15365,0.15985,0.16193,0.16287,0.1604,0.16041,0.16267,0.16261,0.15995,0.16101,0.16253,0.16526,0.15782,0.16047,0.16447,0.15917,0.16082,0.16332,0.16116,0.16136,0.15386,0.15732,0.15636,0.15271,0.15752,0.15995,0.16043,0.16272,0.16406,0.15837,0.16261,0.16007,0.16178
0.16255,0.16101,0.16145,0.1595,0.15862,0.16034,0.1583,0.16137,0.15976,0.16174,0.16377,0.15928,0.16063,0.15805,0.15992,0.1916,0.18763,0.16972,0.1737,0.18443,0.22384,0.17575,0.17363,0.17542,0.17314,0.21207,0.1886,0.18008,0.17508,0.18072,0.18748,0.2143,0.19417,0.17844,0.17978,0.17157,0.17428,0.19644,0.1667,0.16645
0.16761,0.18493,0.16325,0.16484,0.15952,0.1608,0.1808,0.16161,0.16028,0.15848,0.19538,0.17989,0.20485,0.17715,0.17299,0.16573,0.15987,0.20561,0.16744,0.16801,0.17051,0.17685,0.1894,0.16808,0.17099,0.17765,0.16163,0.16315,0.15841,0.1636,0.16018,0.16602,0.16871,0.17739,0.17158,0.16912,0.16902,0.16155,0.16328,0.16193
0.16066,0.17621,0.17179,0.16849,0.16545,0.16609,0.16713,0.16659,0.20932,0.16835,0.16818,0.16701,0.1668,0.15866,0.16266,0.1612,0.16424,0.17213,0.17936,0.17031,0.19287,0.19042,0.21449,0.17806,0.21375,0.20548,0.21353,0.19295,0.19153,0.19508,0.19352,0.21361,0.20153,0.22235,0.24575,0.2182,0.21481,0.20896,0.2214,0.1988
0.19106,0.18232,0.1905,0.18032,0.18442,0.18812,0.21933,0.19167,0.18928,0.20969,0.17696,0.18678,0.18438,0.17907,0.20204,0.18559,0.18321,0.19261,0.21612,0.18576,0.18632,0.21287,0.21093,0.19976,0.18467,0.18169,0.18121,0.18685,0.18319,0.20829,0.1929,0.20775,0.21043,0.20111,0.20369,0.18353,0.1928,0.20502,0.18716,0.18892
0.18423,0.1825,0.18744,0.19049,0.19286,0.20854,0.1937,0.21092,0.20138,0.18832,0.20946,0.18999,0.20388,0.18135,0.22092,0.18568,0.18456,0.18268,0.18888,0.18724,0.21602,0.21803,0.18015,0.1829,0.18144,0.19095,0.20382,0.18661,0.20359,0.18438,0.18418,0.18741,0.17913,0.20021,0.18617,0.19133,0.21217,0.20575,0.21829,0.20978
0.18426,0.18172,0.18315,0.17558,0.18581,0.20633,0.18305,0.18425,0.18438,0.18658,0.18793,0.20993,0.18115,0.18251,0.1829,0.18296,0.18249,0.18489,0.18528,0.18962,0.18178,0.18642,0.18822,0.21357,0.18578,0.17794,0.18854,0.20467,0.20238,0.19984,0.18566,0.19687,0.18603,0.18804,0.193,0.19592,0.19869,0.18849,0.20574,0.18402
0.20011,0.19683,0.19181,0.18428,0.18072,0.18129,0.1863,0.18444,0.18535,0.19102,0.21461,0.19288,0.18521,0.18817,0.20411,0.22219,0.204,0.19704,0.18994,0.19904,0.21752,0.19949,0.20388,0.19263,0.18951,0.18245,0.18485,0.1892,0.23619,0.20612,0.18904,0.19407,0.19688,0.20663,0.1887,0.18481,0.17742,0.17548,0.18997,0.18922
0.17933,0.18242,0.18192,0.17889,0.19013,0.199,0.19609,0.1888,0.18092,0.1856,0.18178,0.20337,0.18257,0.19893,0.18239,0.18397,0.18215,0.20292,0.20166,0.1824,0.18375,0.18227,0.18936,0.1971,0.20294,0.18338,0.19922,0.18288,0.18118,0.19558,0.21625,0.18696,0.21234,0.19369,0.18323,0.19956,0.19051,0.17495,0.1946,0.17433
0.2001,0.21763,0.20827,0.19689,0.18877,0.18092,0.18435,0.17699,0.20231,0.18271,0.17973,0.17336,0.18109,0.20002,0.20223,0.18031,0.20664,0.18089,0.18151,0.186,0.17744,0.17459,0.18087,0.18323,0.18416,0.20546,0.18492,0.18174,0.19895,0.18573,0.20227,0.19632,0.20586,0.19068,0.21175,0.18265,0.18334,0.17169,0.17643,0.1788
0.18161,0.19907,0.18373,0.18494,0.20055,0.20349,0.18302,0.17386,0.17411,0.18117,0.17979,0.17428,0.18434,0.18227,0.2043,0.18602,0.17836,0.20312,0.18886,0.17943,0.18148,0.18603,0.18316,0.18505,0.19173,0.18582,0.18046,0.19224,0.19287,0.20869,0.18451,0.19074,0.21049,0.18917,0.17129,0.20534,0.17983,0.20268,0.1981,0.20413
0.19016,0.18022,0.19079,0.17753,0.1879,0.18441,0.17629,0.1919,0.1797,0.18141,0.18772,0.17499,0.20202,0.18554,0.18677,0.17838,0.20267,0.18675,0.18274,0.201,0.18661,0.18696,0.18662,0.21633,0.20705,0.18727,0.18135,0.18225,0.1829,0.19726,0.18837,0.1804,0.19577,0.19505,0.1682,0.17444,0.18709,0.1834,0.18094,0.19553
0.20332,0.20104,0.18156,0.17241,0.18417,0.17982,0.20245,0.18497,0.19712,0.18966,0.1812,0.17897,0.17525,0.17751,0.20146,0.20048,0.18752,0.17767,0.20111,0.1829,0.20636,0.18098,0.18377,0.18064,0.19217,0.17977,0.18366,0.18384,0.18355,0.18197,0.18714,0.1964,0.20451,0.18424,0.18084,0.21406,0.18677,0.19532,0.17426,0.18574
0.1873,0.17359,0.19894,0.20212,0.18708,0.19628,0.18793,0.17654,0.17114,0.19156,0.1693,0.17058,0.17652,0.17577,0.1812,0.17516,0.17987,0.20997,0.1832,0.18803,0.18122,0.18818,0.20083,0.20175,0.18492,0.18035,0.18176,0.17808,0.17981,0.18521,0.18266,0.19588,0.18847,0.18308,0.18561,0.18339,0.18357,0.18265,0.1843,0.17891
0.2027,0.17979,0.21624,0.17235,0.1803,0.19921,0.19968,0.17264,0.20002,0.18102,0.19906,0.20066,0.20089,0.18358,0.1969,0.16852,0.16958,0.18088,0.17325,0.17899,0.20233,0.20245,0.18292,0.18214,0.20143,0.18623,0.17946,0.20625,0.19479,0.18485,0.18484,0.18858,0.18838,0.18029,0.18503,0.1798,0.18868,0.17451,0.18535,0.19695
0.20795,0.17521,0.17562,0.18029,0.1816,0.18336,0.20016,0.18115,0.17314,0.19792,0.19971,0.18133,0.19926,0.17445,0.17794,0.20401,0.19984,0.18307,0.19397,0.17194,0.19026,0.17296,0.17082,0.19726,0.17473,0.18975,0.19145,0.20464,0.19234,0.22008,0.18128,0.19642,0.17665,0.17339,0.17592,0.18523,0.18119,0.20261,0.19889,0.1807
0.17636,0.18512,0.17463,0.20375,0.18414,0.18283,0.18037,0.20005,0.20535,0.1955,0.18654,0.19736,0.19577,0.16871,0.16973,0.18218,0.17687,0.17932,0.18158,0.21914,0.20002,0.18964,0.1775,0.18398,0.18425,0.19853,0.18619,0.18468,0.18018,0.18542,0.1867,0.18498,0.18562,0.19305,0.21113,0.18,0.18382,0.18497,0.17701,0.18131
0.18978,0.18343,0.18063,0.20368,0.19046,0.17486,0.19262,0.16611,0.17662,0.18139,0.18098,0.19844,0.1869,0.20112,0.19903,0.20181,0.19926,0.20672,0.17278,0.17038,0.19804,0.16926,0.19323,0.17317,0.17817,0.17992,0.1867,0.18665,0.18712,0.18451,0.20868,0.19019,0.19743,0.18796,0.17452,0.18066,0.18302,0.22038,0.18242,0.18251
0.18816,0.18413,0.182,0.18552,0.17646,0.20117,0.18471,0.19859,0.2031,0.1805,0.19765,0.17827,0.17896,0.19625,0.20224,0.20062,0.19471,0.17993,0.16994,0.1819,0.1756,0.20444,0.17989,0.19053,0.18394,0.18555,0.18315,0.18358,0.18189,0.18706,0.21091,0.18825,0.18727,0.20701,0.18644,0.1876,0.18144,0.18191,0.1878,0.17893
0.18588,0.18835,0.1842,0.19169,0.20538,0.18468,0.17995,0.18011,0.20241,0.20487,0.17784,0.2198,0.20005,0.18653,0.18045,0.18424,0.19925,0.20417,0.18751,0.18235,0.18408,0.18491,0.18376,0.18322,0.18569,0.18277,0.18793,0.2091,0.17789,0.18398,0.1843,0.18168,0.19101,0.19122,0.18382,0.1954,0.18411,0.19284,0.19185,0.18335
0.19435,0.19311,0.20227,0.22248,0.20419,0.21762,0.19615,0.2072,0.19483,0.1986,0.19223,0.18522,0.17998,0.18863,0.18188,0.18311,0.18027,0.18713,0.18997,0.20857,0.19494,0.1879,0.18955,0.18525,0.20744,0.19074,0.18168,0.18105,0.18309,0.195,0.19039,0.18501,0.18895,0.21081,0.18775,0.18665,0.20585,0.19064,0.18625,0.18812
0.19222,0.18552,0.19769,0.18889,0.18021,0.1841,0.19088,0.22505,0.18728,0.18695,0.19969,0.24075,0.19955,0.20982,0.20145,0.21386,0.19005,0.21351,0.20706,0.18873,0.17988,0.18303,0.18697,0.18538,0.18095,0.18295,0.18922,0.18147,0.1839,0.18332,0.19704,0.18424,0.1809,0.19081,0.19242,0.18838,0.18256,0.19053,0.18801,0.20666
0.18953,0.18233,0.19116,0.19179,0.18033,0.1936,0.20964,0.18298,0.17554,0.20056,0.20495,0.18139,0.1958,0.17358,0.1867,0.18384,0.18182,0.18473,0.18509,0.18889,0.18151,0.18422,0.18502,0.18306,0.18474,0.18083,0.20579,0.21191,0.18552,0.18879,0.20462,0.18314,0.18641,0.19206,0.21694,0.19871,0.1728,0.17886,0.20356,0.20366
0.18369,0.19329,0.17302,0.20222,0.18115,0.18196,0.19848,0.20237,0.1968,0.17855,0.17841,0.19757,0.20034,0.18269,0.20064,0.18488,0.20112,0.19505,0.17694,0.18154,0.20215,0.18045,0.18517,0.19199,0.18271,0.19598,0.18687,0.18264,0.18585,0.17948,0.18548,0.1831,0.18753,0.18385,0.18508,0.18348,0.18668,0.21443,0.18653,0.20198
0.18824,0.20138,0.18711,0.17688,0.20104,0.20023,0.19914,0.20178,0.19653,0.20373,0.19351,0.16617,0.17467,0.19841,0.2048,0.18341,0.19668,0.18702,0.20173,0.20995,0.19433,0.18935,0.18387,0.20591,0.19763,0.20277,0.20051,0.18409,0.18409,0.18027,0.20364,0.18615,0.18128,0.20152,0.1805,0.20201,0.18519,0.17993,0.18935,0.18187
0.18078,0.1852,0.18378,0.18386,0.18359,0.18068,0.18602,0.20711,0.1908,0.23534,0.201,0.22547,0.2019,0.18052,0.20207,0.20224,0.19035,0.22152,0.19324,0.22016,0.22392,0.19033,0.18413,0.18035,0.20531,0.21025,0.20328,0.18877,0.23205,0.18802,0.1896,0.18416,0.19064,0.21713,0.19625,0.18952,0.20521,0.19305,0.2118,0.18498
0.18793,0.19506,0.19577,0.19679,0.2165,0.19965,0.21867,0.21942,0.19824,0.21091,0.19795,0.191,0.21429,0.2137,0.19249,0.19279,0.19774,0.19387,0.2112,0.18972,0.21338,0.20956,0.18415,0.18398,0.18439,0.18759,0.1857,0.20914,0.18396,0.19581,0.20912,0.21408,0.17971,0.18144,0.18411,0.18616,0.19439,0.20933,0.19907,0.20128
0.20478,0.18373,0.18871,0.20697,0.19924,0.20011,0.20502,0.18829,0.18257,0.18586,0.21395,0.2105,0.19887,0.20483,0.19529,0.21699,0.19804,0.21255,0.20992,0.19,0.18306,0.18317,0.18716,0.18051,0.18312,0.18101,0.18428,0.18289,0.18414,0.18695,0.18988,0.1851,0.18554,0.1815,0.182,0.20253,0.18472,0.18279,0.1863,0.17803
