0.1955,0.16989,0.15975,0.16573,0.16093,0.16738,0.1616,0.16079,0.16789,0.1718,0.16668,0.1647,0.17307,0.17048,0.1687,0.16186,0.16523,0.16394,0.17458,0.16999,0.16767,0.16255,0.16279,0.16781,0.17301,0.17183,0.1695,0.16873,0.17316,0.17302,0.17271,0.16385,0.16914,0.17055,0.17673,0.16886,0.16822,0.17137,0.16619,0.16796
0.090245,0.093443,0.092778,0.090202,0.093044,0.095842,0.097527,0.10477,0.087784,0.092011,0.094754,0.092651,0.089008,0.094783,0.10627,0.093764,0.09291,0.097186,0.092766,0.092398,0.093442,0.095539,0.097868,0.10006,0.096788,0.097003,0.093129,0.098902,0.094031,0.093944,0.099907,0.091514,0.095211,0.095979,0.096651,0.097388,0.09502,0.098912,0.098697,0.096316
0.074542,0.08182,0.093483,0.088639,0.084808,0.077273,0.087477,0.079497,0.0841,0.082543,0.076223,0.083642,0.080038,0.084158,0.077143,0.084011,0.077735,0.089468,0.084744,0.080542,0.08694,0.089991,0.09459,0.07884,0.088749,0.081324,0.084316,0.07959,0.081904,0.080715,0.084143,0.084003,0.078027,0.079075,0.080778,0.096484,0.079179,0.078675,0.084623,0.083352
0.07284,0.084464,0.073776,0.072196,0.082568,0.083557,0.076459,0.07207,0.074482,0.078398,0.076556,0.079761,0.07356,0.070502,0.079007,0.079278,0.08294,0.073848,0.074389,0.073007,0.074976,0.077835,0.090732,0.090026,0.074745,0.07374,0.075084,0.07441,0.087598,0.078528,0.086126,0.078119,0.073636,0.084489,0.075532,0.080686,0.074626,0.081189,0.074597,0.075508
0.070647,0.070265,0.072018,0.069489,0.0701,0.070256,0.071315,0.07483,0.070745,0.072832,0.073871,0.074248,0.078286,0.074149,0.076439,0.078363,0.06832,0.069562,0.076869,0.07481,0.073568,0.072282,0.070308,0.075378,0.073349,0.079912,0.076034,0.07243,0.071727,0.074671,0.07728,0.0731,0.074604,0.069021,0.074407,0.070143,0.070317,0.071065,0.074361,0.070125
0.072054,0.074598,0.070878,0.06681,0.067438,0.068296,0.078669,0.070188,0.067872,0.067425,0.0667,0.076478,0.06911,0.068857,0.071513,0.073737,0.069821,0.069986,0.075409,0.078146,0.075738,0.069485,0.070539,0.07084,0.0689,0.075367,0.071855,0.069418,0.069074,0.070323,0.07427,0.069616,0.069867,0.069379,0.068145,0.069422,0.080887,0.069696,0.071635,0.069828
0.074745,0.066414,0.067385,0.069466,0.068077,0.067979,0.068824,0.067974,0.068725,0.068452,0.073019,0.070061,0.080945,0.075746,0.069407,0.069957,0.068049,0.081626,0.068737,0.069382,0.06649,0.067482,0.069662,0.068627,0.073539,0.068065,0.072976,0.067107,0.069129,0.072951,0.069798,0.070773,0.071116,0.0805,0.074287,0.066861,0.078133,0.071429,0.070059,0.06959
0.067829,0.069065,0.067459,0.068659,0.078095,0.069565,0.07301,0.075288,0.077793,0.072306,0.073383,0.068511,0.075025,0.071005,0.073201,0.068152,0.067805,0.067604,0.068324,0.069102,0.071915,0.076322,0.079222,0.069164,0.06899,0.068811,0.069451,0.068272,0.068076,0.067626,0.081581,0.080166,0.068754,0.068382,0.068925,0.067898,0.070674,0.069739,0.06955,0.068958
0.068111,0.070591,0.085087,0.072446,0.072099,0.069155,0.072539,0.073899,0.06682,0.06743,0.067114,0.069094,0.067606,0.075607,0.070323,0.075986,0.067942,0.067955,0.07552,0.070518,0.078818,0.068724,0.078444,0.077747,0.067532,0.068494,0.082154,0.077356,0.076774,0.072483,0.082835,0.073946,0.075637,0.070708,0.078707,0.06976,0.072054,0.074974,0.079594,0.072905
0.068745,0.079053,0.069262,0.069678,0.069574,0.077766,0.069989,0.069751,0.070547,0.069005,0.070095,0.068792,0.077922,0.067867,0.075358,0.070272,0.067863,0.066849,0.066514,0.078441,0.070248,0.073863,0.071867,0.065503,0.069918,0.066324,0.067501,0.070989,0.077063,0.073828,0.068527,0.066652,0.065696,0.066089,0.065675,0.06699,0.068553,0.067173,0.075444,0.079825
0.075115,0.065919,0.070108,0.072888,0.070735,0.073371,0.076692,0.074697,0.071021,0.06684,0.0679,0.067149,0.073648,0.065546,0.067838,0.072952,0.074035,0.072583,0.07063,0.073302,0.077433,0.066297,0.070179,0.072108,0.068015,0.067544,0.067784,0.067686,0.067389,0.067966,0.06954,0.065923,0.066679,0.06783,0.07579,0.067049,0.066595,0.071201,0.067913,0.073248
0.067845,0.066313,0.06781,0.068989,0.065249,0.073089,0.068831,0.067356,0.068841,0.069951,0.071201,0.077055,0.064626,0.06803,0.065695,0.075249,0.067756,0.068448,0.066634,0.06728,0.065965,0.067136,0.067434,0.066786,0.065712,0.06735,0.069918,0.077034,0.069825,0.068014,0.069325,0.068006,0.066472,0.06528,0.073222,0.067396,0.068109,0.067511,0.074701,0.067634
0.065117,0.065165,0.069625,0.075387,0.072818,0.077746,0.080304,0.075404,0.083308,0.068661,0.069897,0.075436,0.067879,0.075813,0.073053,0.075897,0.072584,0.070211,0.071603,0.065941,0.066885,0.0677,0.074066,0.072483,0.07168,0.071486,0.067948,0.065201,0.066756,0.068936,0.068295,0.080573,0.074235,0.067425,0.08864,0.0723,0.074004,0.072751,0.074953,0.07843
0.071877,0.072253,0.066833,0.067105,0.06636,0.066588,0.064769,0.065385,0.070447,0.06993,0.066951,0.067564,0.067576,0.066627,0.065478,0.06627,0.068442,0.066277,0.069825,0.068065,0.072487,0.070526,0.065604,0.066678,0.067015,0.066808,0.067706,0.067297,0.064656,0.075087,0.069058,0.074619,0.069764,0.067521,0.066836,0.067071,0.068971,0.071733,0.065798,0.067504
0.071062,0.065251,0.066595,0.06643,0.065774,0.076448,0.068146,0.066808,0.074175,0.073244,0.066181,0.067033,0.067202,0.074432,0.077618,0.066291,0.066434,0.072898,0.069598,0.066048,0.066743,0.073802,0.068593,0.069934,0.069389,0.068706,0.067527,0.067521,0.067222,0.068674,0.066369,0.070587,0.076186,0.070965,0.0687,0.073404,0.066158,0.06591,0.067618,0.066228
0.066039,0.066443,0.065535,0.067464,0.064379,0.063911,0.073375,0.066313,0.06736,0.066953,0.067569,0.06653,0.072983,0.071744,0.065437,0.06614,0.066179,0.079461,0.069231,0.073604,0.071029,0.066354,0.066453,0.073122,0.067494,0.074152,0.072395,0.066112,0.069559,0.073175,0.071038,0.069343,0.066009,0.066489,0.065281,0.066688,0.066164,0.065005,0.067691,0.066556
0.066547,0.065356,0.071742,0.065424,0.065465,0.071123,0.067109,0.066664,0.06652,0.073928,0.066001,0.063939,0.07463,0.073951,0.073505,0.066908,0.073496,0.07288,0.072065,0.066,0.068123,0.067727,0.067506,0.065693,0.067018,0.070887,0.080745,0.072147,0.068516,0.074768,0.066372,0.081192,0.06785,0.065871,0.068013,0.067567,0.073351,0.06873,0.066934,0.066926
0.068187,0.068453,0.064815,0.070365,0.069209,0.06788,0.067084,0.068027,0.065721,0.065839,0.067741,0.067714,0.06608,0.068235,0.071321,0.068447,0.065462,0.075707,0.072321,0.073216,0.067181,0.065854,0.067037,0.066965,0.064976,0.06749,0.075238,0.07116,0.068229,0.070337,0.071252,0.066113,0.066102,0.067131,0.075488,0.072044,0.071794,0.065128,0.065505,0.064954
0.075881,0.066963,0.067592,0.068439,0.06742,0.072594,0.066544,0.0667,0.067439,0.065732,0.07216,0.071284,0.068502,0.08062,0.068867,0.068013,0.072166,0.065895,0.069954,0.066859,0.067625,0.075908,0.081092,0.075536,0.06669,0.068035,0.072006,0.067807,0.072983,0.090357,0.067652,0.067416,0.067159,0.071607,0.068376,0.071939,0.067608,0.068092,0.067417,0.067632
0.079151,0.078039,0.065429,0.066469,0.075705,0.066174,0.066305,0.07248,0.066379,0.065142,0.07223,0.066871,0.073422,0.080149,0.067028,0.066578,0.073237,0.073814,0.067876,0.066143,0.066087,0.067406,0.067048,0.067613,0.066285,0.066781,0.066741,0.066825,0.068999,0.070522,0.069022,0.064386,0.066999,0.065659,0.065221,0.066543,0.065575,0.066991,0.075452,0.066639
0.068998,0.065674,0.065663,0.065532,0.066431,0.065836,0.069183,0.081052,0.073702,0.06779,0.073213,0.067904,0.069489,0.077,0.066459,0.078981,0.068255,0.06993,0.071842,0.071485,0.071279,0.066829,0.069021,0.065042,0.064216,0.067487,0.06611,0.065318,0.068424,0.076183,0.073398,0.067035,0.064844,0.068074,0.067243,0.077491,0.068256,0.068211,0.066369,0.066322
0.068046,0.070733,0.073052,0.080349,0.078461,0.071274,0.072198,0.071074,0.071517,0.065046,0.066962,0.065637,0.065696,0.069816,0.069582,0.065307,0.063023,0.066563,0.067057,0.070657,0.068021,0.065841,0.065978,0.066897,0.065261,0.065581,0.069486,0.072213,0.063842,0.06628,0.065955,0.066725,0.067684,0.065673,0.065625,0.084841,0.06792,0.070625,0.06718,0.066267
0.066344,0.072621,0.064476,0.064993,0.064521,0.064283,0.064992,0.065343,0.066085,0.067016,0.069518,0.0762,0.073467,0.065057,0.066439,0.072391,0.066428,0.065483,0.064809,0.065194,0.069035,0.066864,0.072348,0.066239,0.065279,0.065387,0.069392,0.066971,0.067669,0.063088,0.089546,0.066879,0.066638,0.072534,0.065388,0.066005,0.081698,0.067196,0.067681,0.066071
0.074471,0.066008,0.07618,0.064379,0.065832,0.068194,0.06677,0.072601,0.069488,0.066783,0.069869,0.065212,0.065764,0.06558,0.066238,0.067426,0.066218,0.067096,0.066763,0.065982,0.066336,0.073179,0.068436,0.071762,0.06723,0.074923,0.066292,0.070308,0.065825,0.072567,0.067136,0.064896,0.066163,0.069988,0.065589,0.065946,0.065268,0.075891,0.065094,0.065939
0.065817,0.065283,0.066559,0.066972,0.06535,0.067384,0.065976,0.064672,0.063712,0.065453,0.065135,0.066445,0.073384,0.067888,0.065368,0.067162,0.066746,0.066773,0.066165,0.067233,0.065941,0.064881,0.066364,0.065916,0.066288,0.067288,0.074559,0.066998,0.069048,0.067595,0.068317,0.064411,0.071501,0.07192,0.066325,0.066783,0.069811,0.064986,0.065922,0.06643
0.066008,0.066814,0.065444,0.066506,0.065619,0.064706,0.065244,0.064916,0.065778,0.065987,0.066957,0.067704,0.066565,0.073767,0.066355,0.06921,0.076124,0.067547,0.065888,0.06692,0.069764,0.069035,0.067155,0.066402,0.069343,0.064982,0.064269,0.064744,0.065743,0.069002,0.064511,0.068657,0.06669,0.066623,0.068734,0.066521,0.067846,0.067314,0.072221,0.065571
0.069306,0.066159,0.065792,0.065909,0.066974,0.066288,0.065364,0.062791,0.064545,0.065258,0.064964,0.067161,0.064907,0.065967,0.066143,0.073443,0.074501,0.070542,0.067192,0.066811,0.070165,0.066024,0.065944,0.067051,0.067857,0.066334,0.072901,0.066806,0.067296,0.066007,0.067901,0.065758,0.070293,0.070534,0.078901,0.066847,0.064798,0.067943,0.066828,0.071614
0.070446,0.071986,0.066092,0.064885,0.063213,0.065126,0.065972,0.0644,0.06579,0.065413,0.066539,0.066529,0.071254,0.076882,0.077653,0.064983,0.06737,0.067522,0.065989,0.068813,0.064088,0.063953,0.067296,0.069345,0.066649,0.073099,0.066178,0.065787,0.066085,0.067384,0.06557,0.066523,0.066626,0.066124,0.069945,0.066788,0.069558,0.06591,0.073747,0.066709
0.07685,0.068111,0.065997,0.072598,0.066642,0.067785,0.067574,0.064934,0.070122,0.064428,0.065757,0.065961,0.066207,0.065908,0.066484,0.067899,0.072871,0.069824,0.068293,0.066548,0.073911,0.066433,0.068941,0.066426,0.067453,0.067249,0.066311,0.066226,0.067653,0.067675,0.077317,0.073538,0.066217,0.06959,0.068245,0.065306,0.078107,0.066808,0.067607,0.078289
0.065315,0.06455,0.066517,0.06809,0.065924,0.065736,0.0659,0.066155,0.066409,0.065055,0.064729,0.066899,0.07426,0.072374,0.066863,0.067311,0.066358,0.069868,0.068784,0.074336,0.068579,0.073907,0.068086,0.07545,0.072925,0.067528,0.066351,0.065312,0.06481,0.077704,0.065062,0.072175,0.070372,0.063841,0.082286,0.0674,0.066151,0.067699,0.067254,0.067236
0.073975,0.07165,0.066642,0.073736,0.066245,0.066169,0.06548,0.066392,0.066096,0.070283,0.06604,0.064867,0.063986,0.065696,0.072317,0.063298,0.064723,0.066466,0.072476,0.070704,0.066429,0.067202,0.066815,0.068169,0.067607,0.078501,0.065344,0.06572,0.066117,0.065872,0.065632,0.066488,0.065438,0.070476,0.068941,0.074274,0.066052,0.068788,0.067572,0.067374
0.066889,0.067674,0.065885,0.064883,0.06866,0.071837,0.065777,0.064772,0.065538,0.064159,0.065562,0.065613,0.073753,0.066481,0.067928,0.065597,0.067049,0.067951,0.06839,0.064887,0.07207,0.067925,0.072488,0.075601,0.064738,0.06654,0.079234,0.067644,0.066573,0.066636,0.076843,0.06576,0.066221,0.065853,0.066739,0.067404,0.066949,0.066565,0.067186,0.064547
0.065069,0.066215,0.066033,0.067265,0.065467,0.065677,0.067142,0.066521,0.075354,0.074951,0.069606,0.067555,0.068256,0.065193,0.065513,0.065732,0.06747,0.066481,0.068997,0.068403,0.066918,0.066836,0.067478,0.067203,0.067225,0.069195,0.066902,0.068002,0.065532,0.074488,0.074048,0.068211,0.067146,0.067878,0.066896,0.068315,0.06743,0.066148,0.067858,0.072827
0.06709,0.073211,0.066089,0.068152,0.064983,0.075034,0.06673,0.077566,0.075158,0.071265,0.072747,0.066177,0.065397,0.068309,0.074662,0.064815,0.073036,0.067464,0.065692,0.078541,0.072935,0.07295,0.067046,0.066229,0.066303,0.067133,0.067603,0.06881,0.076074,0.073963,0.072199,0.068807,0.067743,0.075057,0.068417,0.066959,0.073531,0.076053,0.074245,0.074385
0.072918,0.072167,0.068251,0.06737,0.065891,0.065274,0.068544,0.07303,0.074522,0.065638,0.087201,0.066362,0.067426,0.071448,0.06592,0.066636,0.066716,0.072204,0.072684,0.067577,0.065676,0.066358,0.065672,0.071226,0.065507,0.070151,0.067799,0.074502,0.078664,0.07406,0.066775,0.066853,0.066536,0.066663,0.065933,0.066094,0.070904,0.066089,0.066269,0.072355
0.064174,0.063289,0.068326,0.064588,0.06444,0.071212,0.064995,0.067399,0.06449,0.068529,0.066118,0.066512,0.066189,0.071199,0.066666,0.067156,0.0646,0.066372,0.066328,0.079789,0.065297,0.06544,0.066906,0.070854,0.065563,0.065849,0.066019,0.066846,0.06813,0.074387,0.065575,0.065979,0.068191,0.066229,0.069699,0.064124,0.068551,0.069911,0.067548,0.068823
0.070571,0.06743,0.067777,0.065053,0.064438,0.064356,0.069176,0.064132,0.071214,0.07435,0.066354,0.069207,0.070533,0.063483,0.064965,0.071776,0.064526,0.065551,0.065088,0.066617,0.066948,0.078623,0.075177,0.066913,0.066465,0.064947,0.067582,0.066,0.07529,0.072713,0.0642,0.066827,0.072674,0.071978,0.065685,0.069925,0.06642,0.065012,0.076226,0.067597
0.066912,0.066309,0.070059,0.066289,0.073805,0.065659,0.070022,0.066651,0.065579,0.071801,0.070612,0.067348,0.065928,0.063516,0.064508,0.066298,0.064474,0.066583,0.065352,0.064208,0.066032,0.066256,0.072182,0.072955,0.066558,0.064077,0.063854,0.070507,0.066053,0.07513,0.067454,0.065646,0.066816,0.069377,0.075921,0.074305,0.072447,0.066528,0.067183,0.065783
0.064763,0.064914,0.066635,0.065596,0.066432,0.0724,0.069095,0.064133,0.06401,0.065492,0.072774,0.065801,0.0659,0.072414,0.073312,0.073384,0.067366,0.066704,0.066518,0.068184,0.063178,0.065702,0.065884,0.065759,0.066011,0.065523,0.070429,0.068598,0.065266,0.065577,0.072061,0.065707,0.065778,0.075619,0.06867,0.072602,0.07445,0.072708,0.071885,0.070922
0.066898,0.066754,0.06524,0.067401,0.069776,0.066899,0.068635,0.06587,0.067866,0.065238,0.066814,0.069748,0.064057,0.065848,0.065135,0.064635,0.072608,0.066502,0.064675,0.066033,0.069476,0.066853,0.065623,0.065138,0.073015,0.066785,0.065787,0.066082,0.070687,0.063993,0.077008,0.06681,0.067355,0.069693,0.072801,0.074006,0.065657,0.066701,0.065985,0.070737
