0.06485,0.046249,0.04548,0.044173,0.051221,0.04426,0.054338,0.046003,0.050668,0.057731,0.050575,0.051314,0.044772,0.052555,0.051674,0.047011,0.044825,0.048512,0.053176,0.045753,0.052674,0.049659,0.060169,0.048776,0.044086,0.051379,0.05474,0.049938,0.055707,0.045441,0.044901,0.044877,0.062596,0.044489,0.050828,0.04582,0.049301,0.045123,0.04632,0.044363
0.028575,0.041871,0.032082,0.044826,0.05512,0.034555,0.046004,0.052951,0.05016,0.044021,0.051741,0.049597,0.031388,0.028898,0.038861,0.046958,0.048168,0.041181,0.028767,0.030331,0.040182,0.052855,0.045568,0.030596,0.056169,0.052665,0.042078,0.046984,0.034592,0.036218,0.034774,0.02999,0.053073,0.028626,0.032573,0.04081,0.029271,0.051801,0.047569,0.050283
0.044643,0.034562,0.048793,0.037829,0.045497,0.034877,0.041733,0.037496,0.024865,0.026514,0.044177,0.025213,0.040982,0.03255,0.024871,0.037213,0.048721,0.048485,0.035659,0.047995,0.035036,0.049262,0.048952,0.04298,0.036477,0.025392,0.035054,0.025884,0.040619,0.046889,0.029306,0.041792,0.026101,0.03576,0.027796,0.025954,0.027151,0.03626,0.050369,0.046674
0.046078,0.03969,0.053991,0.029346,0.053232,0.031854,0.04702,0.033571,0.044379,0.038795,0.03365,0.05154,0.048203,0.032718,0.051073,0.049135,0.036325,0.043104,0.036608,0.051351,0.049414,0.033531,0.047159,0.03512,0.048022,0.038138,0.046702,0.034043,0.051978,0.048853,0.037353,0.044563,0.051529,0.045874,0.038174,0.042194,0.041867,0.044278,0.039631,0.048774
0.025534,0.040235,0.031948,0.050133,0.034824,0.049297,0.034736,0.029714,0.035058,0.046788,0.033791,0.037805,0.047436,0.048836,0.048965,0.03974,0.026863,0.042468,0.025783,0.032406,0.034979,0.04866,0.048788,0.04174,0.024678,0.036887,0.042504,0.039467,0.051871,0.048718,0.049198,0.054453,0.03318,0.050957,0.036173,0.024807,0.02386,0.025506,0.038063,0.02677
0.036744,0.032935,0.053996,0.025353,0.042671,0.030919,0.043763,0.033357,0.036242,0.04057,0.025679,0.039754,0.028038,0.035277,0.047942,0.039207,0.042561,0.035778,0.036548,0.048878,0.040056,0.029912,0.022564,0.039144,0.030892,0.023306,0.024653,0.023194,0.02939,0.03721,0.047781,0.032906,0.053667,0.027125,0.036786,0.034099,0.027434,0.037473,0.051367,0.037122
0.024985,0.035853,0.046621,0.042947,0.026574,0.046939,0.038544,0.045696,0.043031,0.025052,0.036487,0.033414,0.032822,0.044917,0.038739,0.045764,0.03537,0.049087,0.042253,0.027385,0.033837,0.035844,0.041268,0.040558,0.042102,0.023853,0.031666,0.032233,0.036406,0.030626,0.036721,0.029081,0.031928,0.033854,0.036712,0.046414,0.038382,0.047706,0.037798,0.0246
0.035082,0.023824,0.023496,0.023003,0.032784,0.03489,0.026261,0.041753,0.031001,0.032225,0.029736,0.034989,0.043955,0.04026,0.0474,0.036488,0.052377,0.026937,0.038037,0.033757,0.034004,0.026521,0.023701,0.030381,0.046965,0.041124,0.029071,0.048284,0.037043,0.034514,0.030766,0.044322,0.042391,0.029129,0.046609,0.036358,0.032623,0.037235,0.029712,0.045963
0.040529,0.028987,0.021965,0.02802,0.039548,0.043145,0.036284,0.047254,0.035184,0.05069,0.046538,0.03552,0.054383,0.024975,0.039121,0.034724,0.030104,0.031813,0.023336,0.030708,0.030941,0.03477,0.037769,0.023026,0.036836,0.035386,0.048227,0.054979,0.026337,0.038406,0.040371,0.022358,0.034021,0.040727,0.02296,0.034972,0.039342,0.030474,0.043607,0.041138
0.045816,0.035806,0.048661,0.048587,0.040922,0.02374,0.038324,0.035763,0.029165,0.033584,0.049388,0.036271,0.033321,0.049075,0.049377,0.048886,0.0353,0.047898,0.049408,0.035168,0.047391,0.035797,0.048059,0.036078,0.043241,0.028512,0.022491,0.038142,0.048502,0.029475,0.041136,0.048193,0.048437,0.052274,0.031807,0.03523,0.032336,0.036142,0.027098,0.0373
0.034959,0.029487,0.035568,0.051909,0.029705,0.03349,0.048919,0.054769,0.049717,0.028614,0.033077,0.036446,0.048159,0.049467,0.049101,0.033797,0.035348,0.04374,0.034927,0.039791,0.031049,0.046962,0.021941,0.029341,0.032128,0.034822,0.035493,0.0488,0.048032,0.042678,0.027635,0.047849,0.034538,0.05339,0.045061,0.034805,0.047471,0.036782,0.035191,0.031361
0.033186,0.030703,0.023165,0.025499,0.032027,0.02267,0.036957,0.022533,0.022041,0.052411,0.03104,0.046742,0.035231,0.032816,0.036031,0.03551,0.028771,0.03276,0.035511,0.054853,0.02544,0.0392,0.048128,0.0329,0.050948,0.033813,0.029052,0.035624,0.035752,0.032292,0.049793,0.036384,0.02566,0.035491,0.051196,0.033905,0.053058,0.043042,0.042244,0.030346
0.045491,0.036011,0.053205,0.040201,0.022745,0.032102,0.044301,0.04421,0.027891,0.034535,0.048072,0.036104,0.047629,0.050283,0.054386,0.049507,0.032393,0.043908,0.022676,0.031698,0.051024,0.049017,0.052822,0.051424,0.025418,0.038034,0.048768,0.048318,0.036478,0.046868,0.034443,0.035942,0.032376,0.045354,0.039727,0.026905,0.037909,0.047796,0.049396,0.033639
0.035613,0.04884,0.048967,0.035207,0.048414,0.048042,0.036361,0.043825,0.039873,0.044055,0.039171,0.043145,0.041316,0.047772,0.049186,0.034758,0.048677,0.035732,0.033857,0.041784,0.023456,0.052729,0.027297,0.03747,0.047421,0.035633,0.051863,0.035671,0.043958,0.049261,0.036984,0.031685,0.049803,0.049225,0.053906,0.049887,0.029846,0.034611,0.048117,0.040942
0.024088,0.036942,0.044681,0.041867,0.041445,0.041146,0.026175,0.037662,0.047618,0.048929,0.032795,0.038012,0.048908,0.048654,0.045804,0.021868,0.050291,0.048667,0.036551,0.034118,0.028708,0.035225,0.047314,0.041516,0.02916,0.036111,0.026287,0.034766,0.035676,0.048427,0.048451,0.035267,0.047901,0.036517,0.048157,0.048789,0.034695,0.033917,0.055047,0.025585
0.038221,0.03091,0.033426,0.047592,0.034943,0.034249,0.043539,0.04083,0.048916,0.034207,0.048621,0.049409,0.055441,0.035839,0.033509,0.029647,0.028703,0.032402,0.036344,0.053671,0.03597,0.023196,0.038511,0.031257,0.032987,0.055216,0.027003,0.035942,0.049316,0.048,0.050145,0.035541,0.055425,0.040392,0.0359,0.048614,0.035488,0.041684,0.029753,0.025144
0.035138,0.035032,0.054921,0.030377,0.03137,0.036296,0.029794,0.033938,0.03584,0.030061,0.0293,0.043498,0.047587,0.026288,0.038592,0.035568,0.030319,0.032669,0.047845,0.035096,0.035634,0.035206,0.034126,0.024398,0.038552,0.047737,0.034766,0.036202,0.02896,0.038203,0.025868,0.038187,0.033758,0.034663,0.036145,0.024131,0.037722,0.034808,0.031058,0.033407
0.036362,0.030955,0.030536,0.03447,0.034424,0.036433,0.034023,0.027972,0.034602,0.048231,0.035919,0.037616,0.023839,0.035416,0.035487,0.041058,0.022134,0.034161,0.037468,0.033142,0.042553,0.023149,0.038935,0.024241,0.037742,0.033441,0.034967,0.032334,0.035348,0.028391,0.035653,0.034142,0.028669,0.037613,0.032263,0.034562,0.026314,0.039907,0.034571,0.029643
0.032275,0.035167,0.034485,0.035841,0.029573,0.035636,0.032752,0.032181,0.035753,0.031279,0.034251,0.032814,0.036931,0.023941,0.037842,0.035918,0.034359,0.030087,0.033635,0.034716,0.03343,0.03479,0.024939,0.037731,0.034396,0.048345,0.034807,0.049135,0.048358,0.034821,0.042415,0.020565,0.042802,0.024901,0.043011,0.022798,0.04032,0.032616,0.029663,0.022524
0.028581,0.035202,0.037415,0.023807,0.036035,0.035277,0.040587,0.022929,0.033966,0.03952,0.035679,0.02149,0.034721,0.041942,0.026202,0.036049,0.034077,0.033336,0.031339,0.034005,0.035791,0.028035,0.033861,0.03634,0.02945,0.03383,0.039761,0.026102,0.038296,0.03279,0.036069,0.032041,0.028505,0.037201,0.0334,0.035054,0.030439,0.033981,0.033627,0.036148
0.02784,0.03813,0.027276,0.038416,0.030848,0.036016,0.028015,0.036974,0.035325,0.029076,0.039872,0.03044,0.034137,0.033689,0.024887,0.039616,0.034405,0.032046,0.03191,0.023377,0.02269,0.04227,0.024593,0.039529,0.047935,0.036595,0.033877,0.029789,0.029644,0.022934,0.029178,0.032402,0.036689,0.035511,0.031016,0.027944,0.038488,0.035906,0.047073,0.028765
0.040145,0.030331,0.03426,0.03524,0.030099,0.039548,0.024368,0.037507,0.034093,0.033839,0.030227,0.034712,0.033339,0.035627,0.048704,0.04939,0.035933,0.028068,0.03385,0.034851,0.042287,0.02187,0.033818,0.035073,0.047711,0.041084,0.023874,0.040436,0.032132,0.034478,0.026075,0.04088,0.031309,0.030546,0.035417,0.038069,0.024192,0.04075,0.031747,0.033396
0.034368,0.031278,0.03146,0.033838,0.054448,0.031713,0.031206,0.03459,0.030725,0.02221,0.024535,0.041948,0.026184,0.037225,0.034719,0.032911,0.043471,0.022219,0.032105,0.034303,0.034179,0.032385,0.03582,0.029807,0.032955,0.037244,0.025215,0.040274,0.032216,0.037463,0.032236,0.026051,0.043283,0.022562,0.042393,0.024683,0.02247,0.036831,0.022737,0.021288
0.030512,0.02232,0.030127,0.03742,0.024798,0.034539,0.035445,0.033699,0.035869,0.029051,0.034729,0.034469,0.040125,0.023957,0.039605,0.0296,0.03484,0.032925,0.03607,0.028357,0.033939,0.034835,0.035733,0.031916,0.032119,0.033456,0.03447,0.032384,0.02827,0.037292,0.039424,0.025717,0.023072,0.02556,0.038748,0.049242,0.030067,0.037696,0.029653,0.037836
0.033353,0.033532,0.029443,0.031697,0.036795,0.032804,0.032586,0.034472,0.031081,0.037796,0.029489,0.035849,0.031798,0.033245,0.036116,0.030113,0.035605,0.034857,0.024771,0.037622,0.034561,0.036039,0.027358,0.037244,0.030321,0.038519,0.036242,0.023055,0.042795,0.024075,0.037515,0.048726,0.029205,0.039935,0.03534,0.027809,0.038837,0.024517,0.039771,0.033074
0.030772,0.034951,0.034684,0.03145,0.033178,0.033697,0.033942,0.034476,0.029375,0.033398,0.035076,0.036615,0.034246,0.029796,0.034771,0.031575,0.035485,0.031867,0.032341,0.039271,0.02249,0.042015,0.030773,0.0351,0.028858,0.037183,0.032432,0.031741,0.055039,0.023309,0.039131,0.035215,0.031353,0.03291,0.030843,0.03756,0.030205,0.037142,0.025377,0.039909
0.035309,0.034166,0.027618,0.043698,0.021777,0.035733,0.036319,0.028958,0.042686,0.028427,0.030084,0.039048,0.02479,0.043932,0.029598,0.047957,0.035221,0.025865,0.038086,0.033412,0.03604,0.030421,0.03262,0.02917,0.040194,0.048014,0.035368,0.03485,0.029975,0.029324,0.038882,0.032182,0.038704,0.026056,0.040684,0.023167,0.034033,0.041802,0.02331,0.038723
0.036575,0.033873,0.027605,0.03514,0.033067,0.033332,0.033485,0.028081,0.022475,0.031696,0.035326,0.034003,0.030686,0.031174,0.035266,0.03546,0.031421,0.033951,0.034883,0.034944,0.025058,0.027554,0.022805,0.040194,0.032746,0.029896,0.035375,0.035832,0.030773,0.029738,0.036433,0.034886,0.035201,0.03511,0.028078,0.04068,0.02864,0.030886,0.033416,0.034442
0.032477,0.033894,0.035026,0.028565,0.035969,0.03527,0.03185,0.031015,0.040065,0.023151,0.040106,0.034431,0.027847,0.036013,0.038939,0.024528,0.032257,0.022129,0.027918,0.021749,0.034416,0.032346,0.027519,0.022661,0.031261,0.036418,0.044838,0.036221,0.035472,0.033541,0.029338,0.0392,0.029968,0.032669,0.036733,0.027925,0.042224,0.027947,0.031414,0.037356
0.028377,0.034111,0.03558,0.029371,0.037747,0.028357,0.036633,0.035553,0.02953,0.034468,0.031279,0.037737,0.033899,0.031207,0.032069,0.035108,0.034544,0.030263,0.033324,0.031657,0.022491,0.02935,0.048202,0.035726,0.036927,0.024656,0.041507,0.028232,0.035467,0.034882,0.030498,0.03887,0.028885,0.035115,0.027303,0.039222,0.031538,0.032591,0.035777,0.032281
0.049398,0.049802,0.036962,0.032366,0.029194,0.035198,0.033345,0.035426,0.029472,0.030362,0.032233,0.040662,0.048964,0.031088,0.034364,0.035538,0.029895,0.036492,0.031846,0.032852,0.036991,0.032645,0.029523,0.022471,0.023742,0.02179,0.023324,0.023661,0.023841,0.024537,0.022774,0.022725,0.026754,0.023375,0.022597,0.022819,0.022949,0.02195,0.029379,0.022446
0.021779,0.035965,0.026486,0.035562,0.029515,0.034434,0.033367,0.033533,0.04727,0.036221,0.036445,0.027265,0.040854,0.030029,0.029867,0.035554,0.031549,0.034641,0.041116,0.022027,0.033567,0.035743,0.048685,0.048336,0.035627,0.03395,0.042757,0.021149,0.034686,0.034116,0.036873,0.031446,0.034413,0.03316,0.030706,0.03688,0.030445,0.031548,0.040604,0.037366
0.046538,0.029834,0.034647,0.028942,0.030165,0.023131,0.035861,0.023587,0.039187,0.033333,0.031918,0.035611,0.030037,0.036235,0.0349,0.031318,0.032485,0.047732,0.034767,0.036586,0.030115,0.031131,0.041624,0.032676,0.030603,0.035481,0.024802,0.037754,0.03512,0.029241,0.037658,0.027652,0.037692,0.034179,0.03269,0.032121,0.034377,0.034126,0.034653,0.028191
0.033401,0.036384,0.035293,0.034358,0.027741,0.034953,0.034791,0.032006,0.037878,0.025051,0.037414,0.035992,0.028561,0.033276,0.034987,0.048881,0.034544,0.035078,0.031409,0.031866,0.040627,0.021841,0.041455,0.031063,0.034149,0.035692,0.028892,0.035351,0.034099,0.030118,0.036202,0.033758,0.030823,0.032007,0.04099,0.036476,0.022596,0.038869,0.024796,0.038918
0.033826,0.033067,0.036881,0.025513,0.038004,0.032652,0.033006,0.031967,0.035516,0.033676,0.030168,0.033742,0.035409,0.033526,0.033458,0.030481,0.039531,0.024606,0.038585,0.032099,0.036207,0.031633,0.028491,0.040519,0.041645,0.035544,0.042021,0.023383,0.039701,0.030898,0.033145,0.033198,0.041869,0.022115,0.039102,0.031059,0.031744,0.03572,0.032909,0.031274
0.034658,0.03302,0.035319,0.035715,0.024717,0.037839,0.036227,0.030896,0.037577,0.028969,0.033816,0.03536,0.028083,0.034025,0.043182,0.022241,0.039304,0.027956,0.035221,0.033699,0.028153,0.042337,0.027548,0.035497,0.037496,0.025189,0.040467,0.041493,0.042506,0.026036,0.037016,0.042784,0.022096,0.036853,0.031848,0.031732,0.03593,0.031518,0.034097,0.033938
0.035365,0.028628,0.033368,0.036978,0.02896,0.039981,0.024486,0.036308,0.043024,0.021072,0.034018,0.03525,0.037944,0.027979,0.038065,0.034617,0.04827,0.028404,0.035474,0.049936,0.035441,0.034778,0.028638,0.033621,0.048285,0.040694,0.025925,0.03776,0.032548,0.031206,0.034686,0.042077,0.028635,0.032331,0.028756,0.038705,0.026301,0.038993,0.032081,0.029546
0.036958,0.032105,0.033456,0.035626,0.031032,0.035656,0.031065,0.03161,0.034904,0.03589,0.032227,0.030585,0.030082,0.022482,0.031974,0.036324,0.033987,0.027902,0.036597,0.029909,0.035897,0.047811,0.043369,0.022261,0.032691,0.039975,0.049074,0.042062,0.042015,0.028449,0.035822,0.035654,0.034281,0.028989,0.037802,0.024887,0.021815,0.035149,0.046243,0.022278
0.028548,0.035695,0.030044,0.040847,0.024223,0.035846,0.039021,0.042292,0.036007,0.034685,0.031381,0.038574,0.028549,0.037917,0.024331,0.037251,0.032297,0.034766,0.03399,0.035653,0.029252,0.035231,0.031822,0.022168,0.024135,0.028025,0.02229,0.02181,0.029674,0.022265,0.029861,0.037093,0.031852,0.031379,0.034091,0.032708,0.033866,0.036731,0.033035,0.029071
0.035077,0.029146,0.037748,0.03334,0.03008,0.032923,0.022236,0.029592,0.028726,0.033889,0.022161,0.033285,0.039956,0.034367,0.02966,0.032339,0.024403,0.039228,0.034165,0.030179,0.039802,0.028005,0.035239,0.030746,0.031463,0.0362,0.049074,0.035653,0.034435,0.028543,0.029944,0.039296,0.046435,0.022608,0.028862,0.032978,0.036667,0.032708,0.031322,0.028828
