0.1401,0.12214,0.13875,0.13333,0.12197,0.12913,0.13485,0.13897,0.13384,0.12992,0.12201,0.12653,0.13726,0.12049,0.1239,0.12904,0.12979,0.13312,0.12991,0.13125,0.12532,0.131,0.13287,0.14305,0.12859,0.12729,0.13343,0.13226,0.13571,0.13909,0.13948,0.1434,0.13642,0.1298,0.13433,0.12892,0.12922,0.1278,0.13462,0.12145
0.087584,0.08401,0.084065,0.085815,0.081746,0.085382,0.081838,0.083503,0.084865,0.088209,0.084455,0.082572,0.097897,0.082085,0.082096,0.088504,0.090067,0.08279,0.083207,0.083008,0.080633,0.084259,0.085952,0.084665,0.080882,0.083927,0.088798,0.088121,0.090684,0.081875,0.086643,0.084157,0.081384,0.08533,0.084978,0.08859,0.082383,0.084048,0.083317,0.088567
0.079809,0.077869,0.077444,0.074988,0.077314,0.078548,0.074691,0.074047,0.072356,0.075894,0.072405,0.071081,0.072991,0.073719,0.071131,0.069763,0.075673,0.075025,0.079093,0.070642,0.07311,0.071482,0.071254,0.071005,0.074234,0.07289,0.072671,0.073987,0.072228,0.072992,0.072371,0.071092,0.072001,0.071757,0.073526,0.073863,0.075579,0.077057,0.077168,0.0766
0.074898,0.076278,0.073415,0.074958,0.072318,0.076956,0.07487,0.073409,0.073121,0.073464,0.076077,0.072649,0.073361,0.074268,0.075218,0.072623,0.072919,0.071215,0.071724,0.071939,0.072353,0.072399,0.071432,0.072062,0.086113,0.070953,0.073445,0.069962,0.068838,0.06891,0.071362,0.069122,0.070333,0.072411,0.071815,0.07078,0.070828,0.071608,0.06922,0.071018
0.069981,0.067242,0.068269,0.067311,0.066113,0.06968,0.067013,0.072947,0.068067,0.067234,0.067131,0.07014,0.069364,0.069661,0.066317,0.071081,0.098545,0.091388,0.079115,0.069695,0.071531,0.070494,0.071854,0.070556,0.070937,0.074605,0.07539,0.07024,0.071998,0.08114,0.088269,0.071186,0.074001,0.070705,0.069503,0.071263,0.071808,0.072197,0.072152,0.071837
0.07273,0.069478,0.069415,0.071486,0.067829,0.07591,0.06955,0.071756,0.074261,0.069014,0.070161,0.067884,0.072457,0.082838,0.070376,0.069964,0.06894,0.071642,0.067381,0.066796,0.068837,0.066639,0.067066,0.068983,0.067872,0.066164,0.068595,0.066338,0.068536,0.069079,0.066021,0.068412,0.067545,0.067958,0.070482,0.068569,0.075919,0.067128,0.069862,0.069258
0.064928,0.065671,0.065852,0.065566,0.066235,0.067124,0.066047,0.066733,0.067818,0.065523,0.068512,0.069837,0.067299,0.06752,0.068676,0.066176,0.065622,0.067842,0.068784,0.066439,0.066302,0.066025,0.064062,0.067214,0.066434,0.066097,0.065013,0.06568,0.066544,0.065951,0.06556,0.066528,0.067111,0.068175,0.066624,0.066513,0.066868,0.067938,0.064829,0.065576
0.066128,0.065972,0.064517,0.077346,0.065866,0.065038,0.06333,0.065421,0.066134,0.068324,0.065666,0.070228,0.067816,0.076291,0.067917,0.070281,0.071626,0.068789,0.068691,0.06812,0.068678,0.068625,0.068288,0.068374,0.067134,0.070255,0.070965,0.068821,0.068913,0.069825,0.06616,0.066545,0.064752,0.067017,0.064851,0.064598,0.067062,0.067783,0.067102,0.066913
0.064659,0.064854,0.065363,0.067039,0.063941,0.066713,0.064721,0.065325,0.064635,0.077596,0.065943,0.069477,0.068145,0.065011,0.066079,0.066619,0.065622,0.066024,0.066006,0.063916,0.06612,0.065513,0.063641,0.064141,0.06587,0.066512,0.067428,0.067036,0.065532,0.06608,0.063832,0.068576,0.063896,0.067065,0.067126,0.066595,0.064143,0.064742,0.063525,0.066412
0.065783,0.06844,0.065082,0.067568,0.064711,0.064713,0.066905,0.067256,0.066985,0.067694,0.066641,0.068931,0.067517,0.069329,0.071698,0.074877,0.064579,0.06627,0.065398,0.066524,0.063601,0.06507,0.064057,0.065262,0.065468,0.06446,0.070141,0.064102,0.064031,0.065261,0.065066,0.064174,0.064166,0.066246,0.063289,0.066149,0.065712,0.067373,0.065359,0.065472
0.065461,0.066894,0.064368,0.064206,0.065281,0.066704,0.069922,0.068104,0.07122,0.06651,0.068015,0.070211,0.068424,0.069716,0.06843,0.068647,0.070535,0.069105,0.06658,0.067981,0.067201,0.083385,0.06877,0.069946,0.067595,0.066888,0.070095,0.067542,0.065507,0.065832,0.066663,0.068515,0.064588,0.063746,0.065225,0.066096,0.066154,0.06747,0.065441,0.064649
0.063159,0.064407,0.065607,0.066032,0.065861,0.064219,0.064844,0.064037,0.065788,0.066117,0.064439,0.063721,0.067049,0.066811,0.063891,0.066651,0.065068,0.06804,0.062521,0.067586,0.069267,0.065444,0.067502,0.066347,0.067185,0.064633,0.065927,0.064767,0.078113,0.064447,0.064335,0.064345,0.064714,0.065989,0.068921,0.066458,0.069608,0.06368,0.06474,0.064863
0.063986,0.066817,0.064057,0.06488,0.064122,0.064363,0.063698,0.066085,0.0634,0.063145,0.065714,0.064232,0.064395,0.064513,0.065257,0.064442,0.064802,0.067207,0.0683,0.068551,0.066312,0.067929,0.063503,0.064775,0.065541,0.06575,0.06549,0.066804,0.066713,0.06547,0.067138,0.063634,0.064733,0.067028,0.077036,0.063765,0.066931,0.067717,0.070349,0.06665
0.066017,0.070086,0.069853,0.068079,0.066169,0.067718,0.068123,0.067796,0.070413,0.068185,0.068512,0.067408,0.067577,0.067063,0.06443,0.064768,0.065206,0.063584,0.063707,0.065574,0.066074,0.065489,0.064682,0.06564,0.064785,0.06387,0.06453,0.0641,0.065224,0.064931,0.065869,0.065173,0.063259,0.064483,0.064255,0.065958,0.066064,0.064435,0.065117,0.069369
0.072035,0.065957,0.066017,0.065491,0.064854,0.063164,0.063913,0.069741,0.064894,0.067645,0.06399,0.066516,0.063283,0.065599,0.064871,0.066028,0.063058,0.064387,0.066931,0.066768,0.065716,0.065012,0.064982,0.065003,0.064512,0.063101,0.066737,0.063822,0.064536,0.065928,0.066989,0.064715,0.066087,0.067054,0.06748,0.065321,0.067624,0.068778,0.06699,0.065706
0.065785,0.064936,0.066249,0.068026,0.066302,0.065911,0.071044,0.062851,0.063964,0.067301,0.06397,0.065047,0.064175,0.06824,0.063219,0.064131,0.065791,0.065772,0.062476,0.066134,0.064238,0.063527,0.063531,0.064837,0.064116,0.064806,0.064886,0.065582,0.064423,0.063542,0.064016,0.064351,0.064431,0.067331,0.068978,0.070062,0.069234,0.06642,0.069337,0.069015
0.067013,0.068072,0.069469,0.066233,0.069833,0.069046,0.067702,0.067704,0.066251,0.068619,0.071379,0.063826,0.064173,0.074798,0.064018,0.064682,0.064002,0.063984,0.070661,0.063425,0.062468,0.064167,0.065775,0.065189,0.063364,0.066199,0.064547,0.064175,0.064874,0.064296,0.069574,0.062892,0.065754,0.067969,0.065154,0.065986,0.066047,0.065844,0.065729,0.066199
0.068463,0.063843,0.063687,0.063798,0.063067,0.069045,0.065605,0.065795,0.063086,0.063543,0.063292,0.06694,0.06365,0.06513,0.06338,0.067233,0.064266,0.066974,0.070791,0.075075,0.072419,0.066838,0.069168,0.066664,0.070979,0.068005,0.068117,0.068605,0.067942,0.065049,0.068315,0.068449,0.067336,0.069208,0.06821,0.068085,0.069078,0.067664,0.068076,0.066584
0.066442,0.067903,0.071242,0.066218,0.064499,0.070214,0.06605,0.063165,0.067157,0.064909,0.064864,0.065283,0.064734,0.06552,0.065897,0.064928,0.065972,0.064305,0.067744,0.065883,0.064421,0.063264,0.065041,0.062515,0.064425,0.065293,0.076273,0.063201,0.063424,0.067759,0.062761,0.063779,0.063331,0.065867,0.06447,0.064733,0.064864,0.064417,0.065411,0.063603
0.063715,0.06556,0.064634,0.063968,0.066161,0.063339,0.064816,0.063697,0.065506,0.068987,0.068703,0.067622,0.067467,0.066329,0.062356,0.06326,0.065226,0.062651,0.063744,0.06401,0.070013,0.068089,0.066662,0.067299,0.068894,0.067721,0.068848,0.067301,0.0684,0.067075,0.068695,0.069457,0.074512,0.066414,0.069357,0.068163,0.068244,0.067235,0.066903,0.068036
0.067972,0.066707,0.06816,0.066103,0.068411,0.068536,0.0663,0.066779,0.068007,0.062721,0.065564,0.065261,0.065003,0.063783,0.06617,0.062973,0.067706,0.062186,0.065021,0.064106,0.064837,0.064018,0.066326,0.066432,0.063889,0.064596,0.063918,0.063868,0.064627,0.066603,0.064253,0.063963,0.068209,0.064763,0.06463,0.062886,0.062852,0.065603,0.070504,0.063909
0.068462,0.065922,0.067064,0.06506,0.063595,0.070378,0.067122,0.067896,0.065343,0.063813,0.066948,0.069232,0.069287,0.067904,0.066547,0.067324,0.067634,0.069077,0.065731,0.070728,0.067745,0.067917,0.065829,0.067315,0.06748,0.066109,0.067473,0.068142,0.065939,0.070236,0.065565,0.069442,0.068867,0.067935,0.067793,0.067891,0.069639,0.063483,0.073478,0.06333
0.062637,0.064894,0.063871,0.064499,0.071507,0.062723,0.065269,0.063627,0.063003,0.063476,0.066819,0.064851,0.065567,0.064984,0.067598,0.065853,0.065262,0.064693,0.064342,0.066148,0.065057,0.064739,0.067381,0.067283,0.067532,0.067611,0.068803,0.068267,0.067778,0.067597,0.072355,0.071829,0.068945,0.067487,0.068904,0.067667,0.068297,0.068804,0.067665,0.069168
0.065758,0.067882,0.066042,0.068478,0.066957,0.067084,0.067908,0.066586,0.067605,0.075493,0.06914,0.069375,0.067645,0.067536,0.06529,0.066752,0.063754,0.065207,0.064134,0.064443,0.064766,0.064811,0.06432,0.065045,0.06563,0.062847,0.068046,0.063381,0.064078,0.063569,0.064981,0.065941,0.063736,0.063502,0.067257,0.066987,0.066042,0.066282,0.064499,0.064197
0.064086,0.062899,0.063021,0.064797,0.063924,0.064552,0.065025,0.063864,0.066777,0.064968,0.063167,0.066957,0.067869,0.068256,0.06941,0.082935,0.067264,0.069796,0.067218,0.067684,0.068716,0.068376,0.066444,0.065628,0.066748,0.066142,0.067616,0.067369,0.068526,0.070349,0.066952,0.066317,0.068824,0.063362,0.064257,0.064085,0.066849,0.06476,0.066403,0.065323
0.063498,0.064263,0.065248,0.065202,0.063058,0.063944,0.064579,0.064089,0.064369,0.064771,0.064969,0.068765,0.063349,0.065544,0.066981,0.06606,0.064809,0.064175,0.064834,0.064599,0.068597,0.063302,0.078446,0.066426,0.063342,0.062495,0.06379,0.064326,0.063994,0.064231,0.065295,0.063896,0.068193,0.066079,0.066809,0.068019,0.068294,0.066689,0.066831,0.066413
0.06947,0.068697,0.068949,0.069999,0.069539,0.067185,0.067037,0.065612,0.070388,0.065056,0.066538,0.067675,0.068159,0.068705,0.06656,0.064623,0.065168,0.067276,0.063633,0.062477,0.06693,0.062833,0.063991,0.064349,0.066221,0.066555,0.062591,0.064182,0.077492,0.063769,0.063214,0.066257,0.064169,0.065776,0.064974,0.066552,0.066702,0.064019,0.064406,0.065816
0.064513,0.063507,0.065104,0.064344,0.063123,0.06296,0.063351,0.067648,0.064971,0.064173,0.064054,0.067879,0.067841,0.066242,0.066429,0.067355,0.064424,0.06741,0.067711,0.067685,0.065685,0.064298,0.069543,0.065995,0.068675,0.066942,0.071271,0.066027,0.071039,0.066918,0.068738,0.067968,0.065894,0.067568,0.080478,0.066876,0.068246,0.067991,0.066724,0.067934
0.071601,0.069131,0.070073,0.066681,0.072406,0.066902,0.069409,0.068433,0.067309,0.068908,0.063135,0.066219,0.065839,0.06331,0.065778,0.068516,0.065487,0.065124,0.063976,0.065054,0.06529,0.065856,0.065015,0.067585,0.06442,0.067749,0.063167,0.065177,0.064513,0.066521,0.066678,0.068096,0.06624,0.068156,0.065109,0.066082,0.066394,0.067195,0.065108,0.067983
0.072691,0.064199,0.064383,0.062781,0.066246,0.066891,0.065149,0.064862,0.066418,0.064361,0.064257,0.066931,0.064228,0.063524,0.064844,0.06408,0.064813,0.071721,0.06922,0.071026,0.066462,0.067135,0.068209,0.067988,0.066024,0.070166,0.065785,0.066374,0.06951,0.067151,0.06763,0.066661,0.067068,0.06943,0.068055,0.067872,0.066848,0.070241,0.068916,0.06905
0.072361,0.064705,0.063489,0.063636,0.066063,0.063592,0.064347,0.079265,0.064929,0.062793,0.066835,0.064751,0.065453,0.065775,0.065077,0.063886,0.064893,0.064465,0.065951,0.063823,0.06366,0.063961,0.066752,0.063383,0.067325,0.064265,0.06704,0.066058,0.064832,0.063303,0.067996,0.064999,0.06563,0.067541,0.069115,0.066431,0.067451,0.069134,0.066669,0.068718
0.067418,0.06602,0.066292,0.069383,0.065668,0.067299,0.068748,0.067561,0.066257,0.066916,0.066298,0.068187,0.065776,0.076204,0.064607,0.065421,0.063785,0.064413,0.065627,0.063706,0.064703,0.064596,0.064415,0.064139,0.06475,0.06519,0.06507,0.067153,0.066548,0.064588,0.065157,0.062748,0.064761,0.066184,0.064928,0.063381,0.063712,0.068073,0.064209,0.069008
0.066262,0.063134,0.066928,0.067229,0.064094,0.063985,0.06357,0.06407,0.065624,0.064045,0.069568,0.072251,0.067953,0.066352,0.066251,0.065894,0.065845,0.068083,0.066955,0.07971,0.066008,0.066013,0.068782,0.066863,0.066365,0.069672,0.067552,0.06913,0.069346,0.066022,0.067942,0.065695,0.067249,0.067448,0.065778,0.067864,0.068224,0.066767,0.067672,0.067089
0.068075,0.066496,0.065648,0.066571,0.069782,0.066641,0.064184,0.063429,0.065091,0.063912,0.063321,0.068582,0.071939,0.065824,0.063615,0.06364,0.068253,0.064905,0.066234,0.066152,0.063516,0.062826,0.06749,0.066324,0.064334,0.072932,0.064374,0.065317,0.063949,0.064047,0.064883,0.068749,0.069078,0.066464,0.067544,0.068681,0.068202,0.067731,0.069064,0.066183
0.069026,0.066094,0.066633,0.069193,0.069506,0.069947,0.067874,0.067728,0.069475,0.067017,0.065084,0.067421,0.069108,0.068213,0.067449,0.065325,0.066187,0.068574,0.063254,0.065648,0.065688,0.064647,0.066463,0.064079,0.063865,0.066408,0.06362,0.065504,0.064471,0.062591,0.06377,0.063495,0.076471,0.066294,0.064155,0.063957,0.065923,0.063078,0.06512,0.065655
0.065481,0.064558,0.068084,0.067831,0.069307,0.06677,0.067217,0.06798,0.06755,0.067215,0.069416,0.069683,0.065766,0.065572,0.065923,0.069222,0.067566,0.070833,0.069723,0.066493,0.066886,0.06779,0.066933,0.069806,0.068187,0.067596,0.069325,0.068208,0.06638,0.068193,0.066505,0.068566,0.070451,0.068589,0.067768,0.068118,0.06414,0.065385,0.077902,0.066156
0.066178,0.064871,0.064683,0.064024,0.063406,0.064723,0.065041,0.070078,0.062539,0.066994,0.065741,0.062911,0.066258,0.066885,0.064444,0.065007,0.06488,0.06192,0.062985,0.065084,0.065206,0.064001,0.069081,0.064618,0.063991,0.063369,0.064803,0.06421,0.064472,0.062554,0.06656,0.067565,0.06695,0.066926,0.067842,0.067063,0.068979,0.065065,0.067252,0.068931
0.065701,0.067002,0.065081,0.067256,0.08078,0.070854,0.066771,0.067597,0.067644,0.066631,0.068504,0.067629,0.068653,0.067449,0.066545,0.069288,0.06852,0.067645,0.068666,0.066512,0.06983,0.070127,0.067121,0.063462,0.063456,0.064819,0.06541,0.066679,0.066062,0.065034,0.063698,0.062715,0.067858,0.064059,0.064958,0.06552,0.06451,0.065849,0.064761,0.06421
0.065327,0.066536,0.065258,0.065497,0.066416,0.063511,0.063932,0.064364,0.064846,0.072492,0.064145,0.063191,0.063156,0.062785,0.06665,0.066474,0.066393,0.065663,0.069741,0.068351,0.066596,0.069171,0.066961,0.066685,0.068243,0.066268,0.067663,0.069189,0.066884,0.070869,0.067042,0.068169,0.06829,0.066784,0.066992,0.067004,0.065077,0.065545,0.070044,0.066012
0.0687,0.067779,0.071276,0.065951,0.067185,0.066855,0.0672,0.067643,0.064953,0.066322,0.06415,0.063902,0.065739,0.064981,0.066272,0.062381,0.079172,0.065799,0.064255,0.063911,0.063894,0.065357,0.067024,0.067556,0.065691,0.065765,0.06288,0.063679,0.064854,0.063709,0.065083,0.064947,0.062713,0.065114,0.064462,0.067549,0.066839,0.068449,0.068588,0.066598
