0.11939,0.081154,0.076391,0.089624,0.1019,0.085339,0.081599,0.085955,0.087568,0.083669,0.085055,0.084934,0.084151,0.10742,0.093199,0.088231,0.089459,0.092251,0.099866,0.087454,0.086397,0.092021,0.088427,0.089572,0.090095,0.097113,0.090965,0.089256,0.090145,0.092013,0.09699,0.096986,0.089284,0.092519,0.088307,0.087651,0.091297,0.090056,0.094498,0.088768
0.053468,0.051185,0.050412,0.053464,0.052546,0.053879,0.053472,0.050452,0.054932,0.049138,0.051615,0.050572,0.053583,0.051249,0.05198,0.056133,0.051142,0.054187,0.066551,0.053129,0.056307,0.055304,0.050828,0.051439,0.057288,0.052716,0.051167,0.053506,0.04951,0.053519,0.051514,0.052952,0.050934,0.052872,0.052245,0.052299,0.054107,0.051154,0.055076,0.054944
0.047117,0.045338,0.048945,0.0459,0.046083,0.048873,0.046234,0.045759,0.0463,0.048669,0.048574,0.046631,0.045904,0.045545,0.044612,0.048902,0.045651,0.047329,0.045922,0.045821,0.047079,0.047862,0.047744,0.048039,0.046028,0.056044,0.046093,0.04751,0.046542,0.045652,0.045563,0.045991,0.046876,0.048534,0.047839,0.045241,0.050118,0.04651,0.047104,0.04594
0.047399,0.044409,0.045847,0.04562,0.04371,0.044723,0.047655,0.0447,0.047017,0.044882,0.043627,0.043805,0.045423,0.045148,0.044049,0.043534,0.044206,0.04737,0.046412,0.043627,0.046679,0.044642,0.043452,0.044829,0.046425,0.046773,0.044578,0.048297,0.045837,0.045081,0.045592,0.046094,0.060195,0.043803,0.046988,0.044919,0.049527,0.043553,0.045558,0.044673
0.044119,0.042288,0.042558,0.043906,0.042326,0.045778,0.044428,0.041811,0.041761,0.042196,0.044757,0.043801,0.042636,0.043318,0.042849,0.043678,0.044657,0.044988,0.044588,0.042399,0.046438,0.043155,0.047241,0.043391,0.044864,0.0456,0.042919,0.043583,0.043582,0.043081,0.04335,0.045086,0.045446,0.044614,0.04325,0.042734,0.04742,0.04497,0.057742,0.044644
0.044557,0.042686,0.042782,0.042126,0.042551,0.042976,0.041801,0.040836,0.040447,0.040012,0.04203,0.042165,0.041227,0.042933,0.042507,0.04584,0.042717,0.04435,0.040956,0.04097,0.042232,0.044255,0.043336,0.043921,0.041413,0.043601,0.041967,0.0415,0.04227,0.042406,0.04352,0.042475,0.044127,0.041389,0.041802,0.042009,0.043376,0.041143,0.042769,0.041893
0.042512,0.04255,0.041955,0.041605,0.044707,0.041814,0.054261,0.042543,0.04155,0.040642,0.041534,0.044131,0.041984,0.042388,0.040556,0.040265,0.040426,0.042222,0.041906,0.042175,0.045303,0.04274,0.040035,0.041735,0.041979,0.044277,0.040961,0.042732,0.042688,0.041825,0.044333,0.043046,0.041421,0.040584,0.041829,0.04366,0.042862,0.042197,0.041058,0.040332
0.041794,0.041909,0.044063,0.04183,0.040247,0.044888,0.042042,0.040962,0.043046,0.041157,0.042489,0.043164,0.049252,0.04083,0.041203,0.042293,0.041936,0.041359,0.04288,0.042018,0.040822,0.042494,0.042942,0.042689,0.041927,0.041915,0.042577,0.043443,0.040758,0.042505,0.042877,0.042537,0.0408,0.040106,0.039987,0.041716,0.042751,0.043625,0.041904,0.039013
0.042982,0.040863,0.042972,0.042038,0.04154,0.039208,0.039196,0.038728,0.041814,0.040117,0.039832,0.040255,0.040956,0.040306,0.039385,0.039744,0.041301,0.039129,0.039885,0.057622,0.038861,0.041352,0.042881,0.041951,0.04106,0.040611,0.04335,0.041233,0.042372,0.039595,0.040032,0.041299,0.040915,0.044674,0.040558,0.042814,0.041808,0.045133,0.042853,0.043055
0.041099,0.040998,0.04059,0.04156,0.043335,0.041038,0.040353,0.040736,0.044958,0.040584,0.040353,0.041713,0.042058,0.042197,0.045853,0.0421,0.042884,0.040588,0.044189,0.041754,0.04089,0.040989,0.045258,0.039845,0.040636,0.043936,0.03991,0.05573,0.043554,0.03992,0.041656,0.045536,0.041034,0.043042,0.044967,0.040995,0.043236,0.040327,0.041343,0.041393
0.039733,0.040753,0.044292,0.040205,0.044038,0.039763,0.042933,0.042873,0.042584,0.040575,0.04344,0.04146,0.041938,0.044566,0.041589,0.041544,0.03952,0.042801,0.039659,0.057799,0.039775,0.042996,0.044223,0.040048,0.040618,0.038577,0.040997,0.040944,0.043516,0.038677,0.039339,0.039429,0.04063,0.058492,0.0402,0.041315,0.04025,0.041036,0.041948,0.040908
0.044223,0.041242,0.0426,0.041477,0.038953,0.043323,0.040743,0.039912,0.041574,0.040228,0.040661,0.040903,0.041504,0.041693,0.040279,0.04154,0.041341,0.041296,0.040712,0.043613,0.040657,0.041024,0.040553,0.04238,0.039908,0.039931,0.04149,0.040736,0.042514,0.040011,0.040346,0.039562,0.041031,0.040554,0.042063,0.042733,0.040209,0.039675,0.041233,0.056936
0.043538,0.039624,0.04116,0.041935,0.039977,0.041139,0.040369,0.041035,0.04071,0.040675,0.043743,0.040101,0.042479,0.040589,0.039467,0.040798,0.041229,0.043263,0.041439,0.039901,0.044045,0.042731,0.042451,0.041423,0.040952,0.040796,0.042124,0.040053,0.041647,0.040277,0.040863,0.042528,0.039721,0.040578,0.042603,0.040578,0.044942,0.040413,0.042044,0.041466
0.039676,0.039844,0.039823,0.041687,0.043571,0.042049,0.042641,0.05506,0.041526,0.042259,0.040934,0.040941,0.041701,0.039228,0.040369,0.038548,0.040708,0.042187,0.041017,0.041611,0.041372,0.039699,0.040217,0.042634,0.040028,0.042117,0.038775,0.038563,0.039236,0.039094,0.038232,0.039204,0.040585,0.038127,0.038623,0.038504,0.038208,0.04116,0.039348,0.038469
0.039354,0.042114,0.03807,0.041798,0.040725,0.039956,0.041171,0.039754,0.038078,0.038505,0.042124,0.038607,0.039886,0.048148,0.04006,0.039897,0.03937,0.039179,0.040589,0.040199,0.03973,0.039868,0.03954,0.041017,0.043337,0.041047,0.040329,0.041516,0.040415,0.040426,0.041657,0.044099,0.04055,0.040372,0.041994,0.04179,0.040746,0.041331,0.041841,0.042929
0.040381,0.040672,0.040781,0.040901,0.040137,0.040034,0.044741,0.04138,0.039928,0.040688,0.040523,0.043463,0.040734,0.03996,0.038807,0.042414,0.03918,0.043796,0.039631,0.042529,0.059981,0.039565,0.042587,0.039811,0.040391,0.040394,0.045098,0.039969,0.041661,0.041146,0.04182,0.039256,0.041885,0.042605,0.040199,0.04091,0.040093,0.040021,0.040101,0.040843
0.042851,0.040444,0.041357,0.041762,0.042464,0.041339,0.045007,0.042023,0.040509,0.041436,0.042959,0.044843,0.039683,0.04026,0.042747,0.038752,0.042719,0.038647,0.039692,0.041423,0.037984,0.038786,0.038976,0.038341,0.039194,0.039786,0.038985,0.038062,0.053198,0.041029,0.041921,0.040178,0.04015,0.038474,0.038512,0.040476,0.044412,0.038335,0.042095,0.039243
0.038128,0.038484,0.04154,0.039007,0.043672,0.041937,0.041306,0.041322,0.042101,0.038956,0.040736,0.040022,0.040292,0.042544,0.041729,0.040982,0.039481,0.040988,0.041283,0.041513,0.042193,0.041863,0.040574,0.04037,0.042023,0.04022,0.04188,0.04181,0.041565,0.039979,0.040419,0.039699,0.044496,0.04103,0.039663,0.056326,0.039706,0.040633,0.04469,0.045532
0.043262,0.039784,0.040514,0.039197,0.043217,0.040326,0.040655,0.041757,0.039903,0.041439,0.040893,0.039936,0.042313,0.041681,0.041101,0.040218,0.040391,0.041282,0.039616,0.040412,0.041068,0.039605,0.041858,0.040763,0.041149,0.040777,0.039797,0.04272,0.042452,0.04034,0.040153,0.039672,0.040958,0.042511,0.040627,0.040499,0.040118,0.042277,0.039773,0.04233
0.044204,0.040974,0.0565,0.040828,0.04095,0.04022,0.042553,0.041951,0.040887,0.041394,0.042192,0.042415,0.04082,0.044096,0.041769,0.040129,0.040381,0.040966,0.039453,0.039761,0.039557,0.038934,0.038205,0.038987,0.037891,0.038243,0.039443,0.039276,0.038615,0.038219,0.039268,0.039185,0.042332,0.039134,0.038418,0.038393,0.039246,0.038851,0.041682,0.038504
0.040038,0.039037,0.039674,0.038847,0.038004,0.038747,0.037924,0.039042,0.039571,0.037928,0.053311,0.039107,0.042503,0.03964,0.040181,0.042927,0.041574,0.042443,0.041288,0.041423,0.040385,0.039629,0.040645,0.046823,0.039873,0.040784,0.039314,0.040718,0.04209,0.040702,0.039558,0.042471,0.041353,0.042944,0.040942,0.040759,0.039494,0.040446,0.043133,0.040651
0.042906,0.040607,0.041377,0.04005,0.039867,0.041825,0.040116,0.042273,0.041993,0.040404,0.042634,0.040007,0.039846,0.040601,0.040977,0.041215,0.041032,0.055293,0.040058,0.040694,0.03954,0.04088,0.039588,0.039476,0.043539,0.041475,0.04091,0.041488,0.041858,0.041149,0.040553,0.041626,0.041051,0.041481,0.040527,0.040118,0.039401,0.038866,0.040066,0.043164
0.040737,0.040791,0.041737,0.0412,0.040661,0.041376,0.040061,0.039046,0.041585,0.040423,0.039974,0.042247,0.044109,0.041763,0.043566,0.039768,0.040366,0.040002,0.042722,0.041032,0.038918,0.041091,0.043543,0.041113,0.051184,0.041619,0.040824,0.041077,0.039756,0.038629,0.039081,0.038364,0.03922,0.039987,0.042243,0.040535,0.042958,0.040878,0.038878,0.040777
0.041662,0.039679,0.039415,0.041314,0.040691,0.040517,0.04261,0.040963,0.04032,0.040894,0.039796,0.042446,0.040232,0.038745,0.040581,0.038285,0.039034,0.038782,0.038179,0.042852,0.03909,0.037901,0.039416,0.040667,0.038746,0.041491,0.040417,0.040574,0.040523,0.040163,0.039736,0.05665,0.043226,0.041082,0.040365,0.039353,0.039989,0.041181,0.040458,0.040452
0.041693,0.039905,0.040861,0.045119,0.041174,0.041136,0.040466,0.038966,0.040137,0.042211,0.041559,0.044428,0.040494,0.040276,0.04178,0.040215,0.041293,0.042851,0.040521,0.047418,0.039667,0.040211,0.040995,0.040188,0.041143,0.04021,0.040647,0.042152,0.041788,0.041769,0.043782,0.049055,0.048603,0.0434,0.042448,0.041111,0.042015,0.049842,0.04076,0.041935
0.041068,0.039394,0.03841,0.04295,0.039619,0.040217,0.041565,0.039795,0.044635,0.039286,0.039154,0.04436,0.03977,0.040409,0.040994,0.039547,0.041563,0.041024,0.043357,0.040645,0.039407,0.040628,0.040232,0.040295,0.039756,0.038837,0.042756,0.039234,0.040444,0.040865,0.041976,0.043236,0.041066,0.040083,0.04305,0.040062,0.04155,0.044209,0.042076,0.040502
0.040282,0.039424,0.041776,0.041427,0.041189,0.039992,0.05858,0.042292,0.040318,0.040551,0.042068,0.040392,0.040139,0.03947,0.041629,0.041273,0.041044,0.039168,0.04211,0.04265,0.040919,0.041393,0.041007,0.037386,0.041588,0.039765,0.039363,0.04163,0.038986,0.038896,0.041254,0.039929,0.037662,0.04029,0.03919,0.038898,0.038267,0.03896,0.04214,0.040411
0.03882,0.038174,0.040287,0.038519,0.039599,0.040421,0.039253,0.03906,0.038304,0.040298,0.038229,0.038826,0.04874,0.039046,0.039229,0.03916,0.039349,0.043842,0.041791,0.043374,0.039736,0.041503,0.041408,0.03954,0.040422,0.038996,0.039844,0.039972,0.041956,0.041099,0.040672,0.043232,0.040613,0.038967,0.042344,0.041279,0.043149,0.040891,0.042867,0.039518
0.03918,0.040995,0.040877,0.044153,0.040427,0.041216,0.041537,0.039474,0.039179,0.041086,0.039526,0.041372,0.039388,0.039921,0.03952,0.041056,0.040336,0.039507,0.040013,0.049355,0.039145,0.040405,0.0412,0.040677,0.042091,0.041605,0.042926,0.041971,0.041934,0.040396,0.041185,0.039737,0.041079,0.040463,0.039951,0.039732,0.043705,0.040638,0.044271,0.040353
0.039959,0.042281,0.039634,0.042024,0.042913,0.042955,0.041178,0.040086,0.041076,0.039667,0.041191,0.042173,0.04089,0.040524,0.0403,0.040257,0.041767,0.040818,0.039272,0.039162,0.040585,0.043035,0.043651,0.038756,0.042581,0.04101,0.040223,0.046985,0.038332,0.039241,0.041846,0.040683,0.038875,0.039429,0.04049,0.040053,0.043077,0.041732,0.038924,0.040561
0.038973,0.040178,0.041889,0.038125,0.039928,0.03821,0.038672,0.041097,0.038959,0.039069,0.039761,0.038368,0.042167,0.040434,0.03869,0.039234,0.040185,0.039863,0.039806,0.039243,0.041298,0.043028,0.041255,0.040384,0.039501,0.039989,0.040474,0.041005,0.039498,0.043438,0.041318,0.041176,0.041583,0.041116,0.050838,0.042329,0.041727,0.039728,0.041109,0.044205
0.043709,0.042946,0.039956,0.040116,0.041051,0.042694,0.043168,0.041926,0.040155,0.040666,0.040957,0.040577,0.040494,0.043912,0.039508,0.04152,0.042261,0.041815,0.04075,0.040304,0.043714,0.041443,0.040059,0.043123,0.040952,0.042329,0.043375,0.040605,0.040164,0.04453,0.041044,0.041684,0.04034,0.040005,0.039509,0.039496,0.039947,0.043053,0.041719,0.039615
0.040007,0.061226,0.03979,0.042012,0.039355,0.03813,0.041432,0.038864,0.039526,0.039595,0.038334,0.038224,0.037152,0.040841,0.039015,0.039086,0.039761,0.037394,0.039811,0.037049,0.039597,0.040039,0.040748,0.039566,0.039041,0.042161,0.039483,0.040719,0.041282,0.041502,0.03823,0.03831,0.03993,0.039236,0.040077,0.042424,0.038825,0.038807,0.041598,0.044403
0.043677,0.040275,0.040382,0.043357,0.039814,0.040512,0.040255,0.041832,0.039876,0.058917,0.043171,0.041757,0.041047,0.042423,0.041905,0.043188,0.042423,0.042367,0.040701,0.041062,0.042944,0.040926,0.043716,0.043261,0.042852,0.045239,0.04178,0.039895,0.042723,0.043037,0.041503,0.040335,0.042369,0.041907,0.040331,0.042276,0.04182,0.040749,0.039548,0.041763
0.04314,0.040809,0.043788,0.040415,0.039373,0.042345,0.039539,0.040395,0.041281,0.039008,0.040115,0.040125,0.040246,0.044682,0.040002,0.039323,0.056799,0.040428,0.040367,0.04136,0.043504,0.042182,0.040789,0.040125,0.040007,0.044205,0.040961,0.039461,0.038583,0.038958,0.039524,0.039474,0.038038,0.038645,0.041746,0.040235,0.038546,0.038722,0.040015,0.04128
0.037862,0.040504,0.039188,0.039257,0.038692,0.03896,0.037573,0.038217,0.04337,0.037445,0.038608,0.039601,0.0387,0.038913,0.037988,0.038617,0.04028,0.039897,0.041151,0.040397,0.040229,0.041462,0.047319,0.057435,0.041257,0.040348,0.041739,0.042283,0.040338,0.040451,0.040049,0.040444,0.040037,0.040848,0.040421,0.042718,0.042529,0.03932,0.042031,0.039678
0.040666,0.041191,0.04242,0.041332,0.040469,0.039868,0.041179,0.040902,0.042734,0.040702,0.045092,0.040145,0.04271,0.044787,0.039477,0.040982,0.042499,0.045121,0.040836,0.043618,0.041349,0.041821,0.040239,0.04126,0.039147,0.041416,0.040444,0.043465,0.040334,0.039924,0.041111,0.059318,0.040628,0.042137,0.040458,0.04058,0.040635,0.041778,0.041236,0.040274
0.040886,0.040625,0.042346,0.043309,0.040761,0.039709,0.039088,0.04234,0.043702,0.041123,0.042169,0.041493,0.041119,0.040601,0.041096,0.041699,0.039364,0.04162,0.041956,0.040115,0.040571,0.041018,0.040701,0.041737,0.039699,0.038508,0.038055,0.04191,0.038749,0.039828,0.041664,0.039164,0.039109,0.038913,0.040288,0.038238,0.038412,0.053308,0.038585,0.041931
0.038808,0.038245,0.039649,0.043241,0.040185,0.039111,0.039157,0.038051,0.040696,0.040623,0.042933,0.040291,0.041059,0.041413,0.042351,0.042088,0.038238,0.040388,0.045082,0.038943,0.039643,0.040257,0.041176,0.037973,0.039956,0.041509,0.04058,0.040703,0.043871,0.042619,0.040188,0.042027,0.042388,0.039556,0.040749,0.04002,0.040133,0.042571,0.043457,0.041011
0.041128,0.042019,0.04076,0.040611,0.056163,0.040372,0.040608,0.041931,0.039926,0.043795,0.042642,0.042725,0.041269,0.039319,0.042408,0.041906,0.041706,0.040359,0.040157,0.04392,0.040009,0.041153,0.041962,0.040437,0.03963,0.038527,0.040318,0.044335,0.039402,0.039375,0.044351,0.039897,0.044409,0.040673,0.041072,0.040871,0.042098,0.041974,0.042916,0.04262
