0.13269,0.094887,0.099916,0.098221,0.096625,0.097101,0.1003,0.099205,0.099917,0.099549,0.096219,0.095474,0.09495,0.098425,0.09676,0.099152,0.094673,0.096663,0.095543,0.095197,0.10077,0.093832,0.0958,0.091388,0.097112,0.097656,0.096954,0.095902,0.096904,0.096,0.098281,0.094891,0.099477,0.091703,0.0932,0.10007,0.097895,0.097156,0.10072,0.13112
0.069257,0.070466,0.070339,0.06845,0.06859,0.070894,0.06939,0.069267,0.069279,0.068528,0.068365,0.070612,0.069173,0.06842,0.069585,0.066762,0.072222,0.068297,0.071917,0.067784,0.068802,0.067142,0.075347,0.068794,0.068511,0.070663,0.069965,0.069649,0.069832,0.067369,0.069386,0.072067,0.072473,0.067808,0.07047,0.069546,0.069575,0.069852,0.073484,0.068057
0.063196,0.064042,0.063856,0.063018,0.063168,0.098659,0.062633,0.083368,0.077008,0.065257,0.064977,0.062777,0.064643,0.062466,0.064393,0.062103,0.063727,0.062989,0.064937,0.064381,0.062853,0.073966,0.085231,0.064259,0.06615,0.066572,0.06421,0.071637,0.0679,0.065383,0.06684,0.066148,0.068238,0.068909,0.065286,0.064944,0.064036,0.061807,0.061737,0.062141
0.063681,0.064048,0.059823,0.065877,0.060216,0.061189,0.061943,0.062853,0.060094,0.062235,0.061044,0.0948,0.063691,0.059305,0.062232,0.066069,0.06183,0.061002,0.062639,0.060015,0.064752,0.058797,0.064466,0.064367,0.062209,0.061489,0.063114,0.059108,0.067224,0.06628,0.063744,0.0628,0.064958,0.065642,0.061264,0.06077,0.06333,0.060298,0.064412,0.060228
0.058067,0.063057,0.058849,0.059392,0.0644,0.090458,0.087371,0.090676,0.09329,0.08249,0.065966,0.064001,0.06292,0.065761,0.065161,0.066622,0.062643,0.10074,0.062781,0.061998,0.065919,0.062111,0.065453,0.064753,0.063135,0.066722,0.06224,0.060472,0.059388,0.059028,0.062826,0.064201,0.05927,0.059349,0.063029,0.061533,0.060927,0.060358,0.061131,0.060404
0.060556,0.058615,0.062078,0.058125,0.060078,0.063244,0.063116,0.059316,0.057295,0.059069,0.061699,0.058943,0.058613,0.069606,0.058503,0.05862,0.060078,0.057862,0.060587,0.056859,0.058795,0.060278,0.059434,0.092297,0.058629,0.061182,0.058275,0.061244,0.058138,0.060496,0.06109,0.06228,0.062897,0.058623,0.060477,0.057578,0.062688,0.059203,0.073275,0.072988
0.059515,0.060875,0.06535,0.063405,0.059048,0.059943,0.057593,0.060074,0.060977,0.05891,0.060693,0.059564,0.058314,0.059875,0.059707,0.058743,0.061959,0.058085,0.059866,0.057783,0.062274,0.057374,0.061006,0.057107,0.05856,0.061899,0.056219,0.061901,0.059811,0.060859,0.095879,0.059735,0.057929,0.058352,0.058586,0.061411,0.05919,0.05848,0.057852,0.057923
0.05965,0.05715,0.058543,0.059621,0.06009,0.061908,0.057117,0.067455,0.056235,0.059164,0.06005,0.059998,0.062415,0.0599,0.056395,0.060164,0.061692,0.066827,0.059656,0.059007,0.060359,0.060529,0.060479,0.060638,0.062532,0.05855,0.058034,0.057022,0.059672,0.057319,0.062212,0.05999,0.060708,0.056222,0.058457,0.060395,0.096525,0.059297,0.057481,0.059639
0.057434,0.060799,0.06001,0.059026,0.059567,0.085135,0.06478,0.056865,0.056372,0.060837,0.058577,0.059738,0.057798,0.058917,0.06058,0.057861,0.057539,0.059195,0.058594,0.057471,0.057885,0.061496,0.061237,0.056879,0.060738,0.058044,0.058534,0.055882,0.056353,0.060374,0.057814,0.060223,0.081473,0.058154,0.06043,0.060646,0.059486,0.057843,0.059342,0.059627
0.057262,0.057736,0.092882,0.059229,0.061199,0.06064,0.05629,0.060747,0.059474,0.059272,0.060567,0.065615,0.059841,0.059031,0.060181,0.05749,0.059734,0.0577,0.058662,0.056265,0.056952,0.059842,0.060216,0.059659,0.061253,0.056875,0.058865,0.060711,0.061506,0.058655,0.059686,0.063003,0.060504,0.055722,0.057814,0.055957,0.053253,0.05426,0.05807,0.056675
0.056376,0.05735,0.059769,0.058021,0.057208,0.057544,0.057321,0.056348,0.085088,0.057498,0.055689,0.052903,0.054814,0.058607,0.057793,0.059575,0.059486,0.056306,0.061257,0.058078,0.058612,0.059977,0.058521,0.06111,0.056669,0.060304,0.057419,0.058491,0.058261,0.058803,0.058556,0.058377,0.057774,0.058975,0.059556,0.059319,0.059212,0.05857,0.060847,0.058595
0.059408,0.059184,0.062279,0.058196,0.060775,0.056178,0.057455,0.060984,0.057482,0.056643,0.059052,0.0581,0.060975,0.05591,0.057328,0.095949,0.056263,0.059145,0.056752,0.058474,0.058757,0.056274,0.057614,0.057409,0.05815,0.062596,0.057048,0.056864,0.058606,0.058671,0.059942,0.055547,0.061099,0.060523,0.056588,0.061842,0.068455,0.062965,0.059478,0.060569
0.055975,0.060697,0.059119,0.059686,0.057519,0.058174,0.06159,0.060261,0.059739,0.055716,0.056259,0.052642,0.056301,0.062187,0.056266,0.053057,0.058443,0.054646,0.055532,0.055449,0.053214,0.090125,0.056532,0.054011,0.05623,0.054668,0.057882,0.055705,0.05988,0.064755,0.076267,0.068513,0.085096,0.085539,0.10813,0.065455,0.071797,0.063565,0.06138,0.062529
0.064036,0.062047,0.064779,0.061942,0.063284,0.06544,0.061026,0.06379,0.058813,0.060553,0.058713,0.059957,0.059369,0.056992,0.057212,0.060411,0.058135,0.059468,0.057938,0.059292,0.058803,0.058813,0.060175,0.05708,0.056225,0.058562,0.058345,0.090333,0.057141,0.060616,0.057167,0.060849,0.056267,0.061311,0.057203,0.058589,0.05984,0.059578,0.064013,0.059085
0.059421,0.056757,0.056647,0.06104,0.059595,0.061835,0.05844,0.058152,0.057427,0.055619,0.066046,0.079716,0.060311,0.062307,0.059296,0.059003,0.057125,0.056846,0.059801,0.058979,0.060284,0.058451,0.058627,0.060906,0.060464,0.06136,0.060102,0.058349,0.060186,0.060737,0.060112,0.059721,0.057147,0.092484,0.058835,0.059387,0.061074,0.059521,0.062422,0.058473
0.058225,0.060986,0.059344,0.063111,0.058975,0.062631,0.057836,0.06205,0.056884,0.060595,0.055544,0.056784,0.062038,0.061241,0.058617,0.057298,0.057066,0.058008,0.064754,0.060376,0.058484,0.058696,0.060007,0.055998,0.059102,0.05925,0.060353,0.058323,0.060187,0.055928,0.061942,0.057061,0.05614,0.057918,0.05672,0.060652,0.060833,0.0573,0.059451,0.056236
0.062081,0.0863,0.059111,0.062454,0.056201,0.056449,0.057494,0.058891,0.059039,0.059438,0.060492,0.058153,0.057126,0.058333,0.055791,0.058324,0.05612,0.057863,0.058226,0.055652,0.064693,0.05615,0.058361,0.058117,0.054513,0.054539,0.057899,0.057846,0.057107,0.056249,0.056074,0.055937,0.055311,0.055855,0.055202,0.054137,0.058608,0.057501,0.057534,0.058373
0.055405,0.055514,0.054715,0.057123,0.054782,0.060649,0.057336,0.09321,0.057639,0.058078,0.060164,0.061212,0.05862,0.056699,0.059956,0.058427,0.056825,0.05823,0.057795,0.059398,0.05684,0.058068,0.058571,0.060549,0.059443,0.060132,0.057325,0.061282,0.05815,0.05519,0.056627,0.05985,0.058064,0.059256,0.055346,0.068098,0.059252,0.057326,0.058968,0.058558
0.057659,0.057053,0.058706,0.058222,0.059156,0.059652,0.056996,0.057235,0.058301,0.060662,0.058691,0.058537,0.090558,0.059293,0.094941,0.057796,0.059631,0.064302,0.059898,0.057565,0.057117,0.059786,0.060041,0.05901,0.059135,0.059227,0.056777,0.062325,0.058263,0.061567,0.057281,0.059198,0.05906,0.059031,0.059477,0.059933,0.058085,0.060216,0.05649,0.056362
0.05743,0.057634,0.059515,0.057999,0.062358,0.056195,0.058608,0.055652,0.055253,0.057823,0.057604,0.064507,0.058446,0.054917,0.056024,0.055631,0.057686,0.057173,0.055732,0.057339,0.09241,0.053033,0.059124,0.056919,0.056421,0.055579,0.055945,0.057858,0.058756,0.056482,0.055231,0.056696,0.058127,0.055811,0.056476,0.054601,0.058678,0.057882,0.053019,0.056202
0.059741,0.059448,0.054956,0.058288,0.057574,0.059155,0.064373,0.073329,0.069725,0.092293,0.086902,0.085534,0.078535,0.064384,0.061893,0.062252,0.059695,0.064158,0.060739,0.058793,0.062384,0.090296,0.063495,0.062009,0.060901,0.062581,0.079732,0.065115,0.06182,0.064638,0.062032,0.060733,0.06339,0.058319,0.059786,0.059843,0.059555,0.060801,0.056789,0.060876
0.06038,0.057019,0.059734,0.059486,0.059325,0.057482,0.059394,0.060801,0.059256,0.059813,0.060833,0.059177,0.058116,0.055662,0.058706,0.057634,0.058011,0.058098,0.06131,0.058547,0.058843,0.058338,0.060211,0.062401,0.057639,0.058869,0.0578,0.057137,0.062041,0.058047,0.057557,0.060351,0.060609,0.094418,0.057098,0.058001,0.06083,0.057091,0.060176,0.057432
0.056185,0.057895,0.055159,0.05844,0.056814,0.057554,0.054912,0.054852,0.053431,0.055628,0.059647,0.054562,0.054819,0.053274,0.055649,0.056786,0.054003,0.055743,0.056523,0.058064,0.054598,0.056049,0.056752,0.055933,0.057039,0.054516,0.055,0.055056,0.055583,0.055512,0.055435,0.056811,0.053755,0.057448,0.055549,0.059882,0.060405,0.059129,0.059738,0.094723
0.058051,0.058674,0.058421,0.0573,0.058508,0.060495,0.057916,0.058023,0.060173,0.058821,0.065326,0.078281,0.063712,0.058447,0.059131,0.058004,0.059139,0.060143,0.060105,0.058243,0.05472,0.060785,0.060284,0.058411,0.059959,0.057338,0.057541,0.05722,0.058948,0.055704,0.060217,0.058561,0.056059,0.068793,0.056359,0.060512,0.058346,0.057524,0.060137,0.056421
0.059641,0.057731,0.058721,0.058468,0.057732,0.074306,0.060874,0.05893,0.058512,0.058889,0.05997,0.060107,0.060419,0.056119,0.059782,0.059218,0.057475,0.056149,0.058583,0.057208,0.060023,0.059351,0.058252,0.059362,0.05668,0.054692,0.058779,0.057132,0.059884,0.057018,0.059738,0.056885,0.061195,0.062688,0.055298,0.058518,0.056543,0.0619,0.05588,0.056762
0.061227,0.06022,0.058006,0.055336,0.060282,0.053287,0.057085,0.057024,0.055239,0.056942,0.054485,0.054046,0.08371,0.057609,0.05899,0.053635,0.055718,0.058407,0.05548,0.057685,0.053247,0.054181,0.055426,0.060155,0.05771,0.057526,0.057796,0.055906,0.058238,0.055417,0.060484,0.061209,0.061507,0.059466,0.058733,0.059628,0.057997,0.057764,0.056464,0.057911
0.059596,0.05828,0.057462,0.058204,0.062398,0.057295,0.056911,0.059149,0.056666,0.059965,0.057715,0.055364,0.057834,0.05753,0.059072,0.057784,0.055871,0.058075,0.091343,0.05734,0.058989,0.05426,0.058593,0.057491,0.058751,0.060007,0.05918,0.059261,0.056587,0.058875,0.058738,0.055441,0.060163,0.058571,0.074241,0.075452,0.059395,0.059337,0.058641,0.055806
0.059222,0.059303,0.060612,0.059991,0.057975,0.060664,0.059412,0.061465,0.056919,0.056758,0.057282,0.062827,0.0573,0.056845,0.063949,0.06062,0.059673,0.057997,0.059543,0.058308,0.062192,0.062856,0.059286,0.059506,0.059653,0.094506,0.058887,0.061192,0.057505,0.069448,0.059921,0.058974,0.059037,0.058179,0.060254,0.059493,0.058739,0.056155,0.058593,0.058124
0.058527,0.056512,0.059856,0.057326,0.060906,0.058129,0.056644,0.057063,0.057567,0.055333,0.058862,0.058089,0.060238,0.059479,0.059774,0.056647,0.056246,0.061111,0.058302,0.059623,0.061812,0.089956,0.057376,0.058142,0.067703,0.059416,0.058608,0.05943,0.058115,0.061127,0.05704,0.086502,0.059302,0.056468,0.055728,0.05685,0.059211,0.058436,0.060213,0.057104
0.060753,0.058459,0.059477,0.057406,0.054751,0.058746,0.061367,0.057663,0.058666,0.058022,0.059202,0.055254,0.059847,0.059268,0.062552,0.057838,0.061653,0.062167,0.057705,0.056751,0.056637,0.058205,0.060347,0.056667,0.058386,0.057746,0.058037,0.058848,0.057602,0.057886,0.064074,0.058823,0.059626,0.059327,0.062156,0.059357,0.060158,0.057558,0.096484,0.057665
0.059065,0.059762,0.058458,0.058088,0.057982,0.055371,0.059856,0.062574,0.058277,0.060134,0.055449,0.057049,0.057736,0.056288,0.058905,0.055275,0.059181,0.062474,0.056402,0.063639,0.062899,0.05842,0.05737,0.05738,0.058664,0.059692,0.057447,0.058337,0.05594,0.059854,0.058763,0.058537,0.059004,0.056539,0.060178,0.058176,0.058032,0.05684,0.059151,0.055598
0.059146,0.061413,0.059142,0.058388,0.061203,0.094696,0.059981,0.057762,0.057025,0.057109,0.055682,0.057089,0.057572,0.056343,0.058903,0.060344,0.058231,0.059191,0.059236,0.060303,0.059037,0.057421,0.060743,0.057837,0.060162,0.058907,0.062036,0.06497,0.058473,0.060591,0.059204,0.062147,0.061393,0.057439,0.06127,0.060045,0.062255,0.063605,0.055883,0.059819
0.057584,0.056121,0.059,0.054743,0.059432,0.060997,0.056563,0.058495,0.058912,0.057598,0.090311,0.059561,0.094521,0.062112,0.060751,0.058691,0.057182,0.060593,0.061983,0.060904,0.058937,0.059137,0.058893,0.059361,0.060479,0.058333,0.05675,0.062152,0.057559,0.056978,0.057149,0.055539,0.061144,0.055535,0.056634,0.056065,0.059687,0.060655,0.060903,0.058422
0.058792,0.058049,0.058114,0.057127,0.072069,0.069478,0.076076,0.09042,0.089299,0.093837,0.093261,0.069305,0.066611,0.065032,0.065239,0.06793,0.066322,0.065832,0.09731,0.065222,0.067857,0.064642,0.062745,0.060571,0.060784,0.060313,0.061892,0.061595,0.061313,0.060179,0.060665,0.060067,0.060999,0.063341,0.062205,0.06077,0.059956,0.059693,0.058837,0.061274
0.058899,0.060923,0.063648,0.060567,0.061171,0.055962,0.059486,0.060486,0.05728,0.059938,0.05676,0.059915,0.056773,0.062934,0.055887,0.055767,0.062459,0.058498,0.057788,0.060563,0.058435,0.05932,0.055368,0.060854,0.058738,0.092904,0.058548,0.058322,0.059595,0.056324,0.059333,0.06135,0.058439,0.057248,0.058092,0.056073,0.059452,0.058675,0.058859,0.059131
0.057734,0.061249,0.056037,0.056845,0.05846,0.05619,0.05706,0.057066,0.058549,0.057371,0.0596,0.059566,0.058865,0.059408,0.058215,0.058949,0.057132,0.058783,0.057714,0.058378,0.055985,0.057899,0.058027,0.060216,0.057687,0.058757,0.056456,0.061025,0.061024,0.061838,0.060829,0.09693,0.059302,0.061475,0.063191,0.060769,0.064402,0.061231,0.061667,0.061268
0.06309,0.059257,0.061935,0.059628,0.060604,0.063328,0.059614,0.062136,0.060163,0.059766,0.060452,0.060194,0.059586,0.059251,0.061766,0.062941,0.057121,0.059243,0.059816,0.061446,0.057961,0.05734,0.06157,0.060386,0.059047,0.058621,0.057996,0.059041,0.059616,0.058944,0.083504,0.058311,0.059229,0.066006,0.056063,0.06062,0.056816,0.058468,0.094717,0.058607
0.058466,0.054697,0.059778,0.06951,0.062916,0.059664,0.060086,0.06073,0.062875,0.062532,0.062206,0.062148,0.062003,0.060987,0.060401,0.061639,0.062733,0.060065,0.059541,0.060109,0.060096,0.062037,0.063515,0.063349,0.060895,0.056982,0.057316,0.058935,0.062607,0.058482,0.062313,0.063085,0.06129,0.058895,0.05923,0.060384,0.060441,0.05772,0.060011,0.062897
0.058052,0.058946,0.057396,0.056955,0.089209,0.055246,0.056591,0.057249,0.057628,0.05643,0.057526,0.058562,0.056625,0.057155,0.057704,0.059063,0.058262,0.058255,0.058723,0.062561,0.058405,0.06044,0.059696,0.056438,0.057144,0.058699,0.060188,0.055938,0.059806,0.057065,0.062442,0.058796,0.057568,0.060213,0.058111,0.059481,0.055997,0.060001,0.060064,0.055808
0.062064,0.058272,0.059838,0.059548,0.058974,0.062948,0.07841,0.064532,0.062121,0.059664,0.062183,0.09931,0.062782,0.062904,0.061976,0.06544,0.063081,0.061514,0.063473,0.061847,0.058928,0.059757,0.060721,0.062907,0.059841,0.060378,0.059674,0.062219,0.060585,0.061236,0.06061,0.064086,0.062171,0.060975,0.060436,0.062273,0.059386,0.060133,0.059949,0.059
