0.0097002,0.01128,0.023417,0.04364,0.067656,0.093371,0.11821,0.14187,0.163,0.18308,0.2005,0.21744,0.2319,0.24639,0.2586,0.27117,0.28163,0.29267,0.30174,0.31148,0.31941,0.32806,0.33503,0.34274,0.34891,0.35583,0.36228,0.36759,0.37345,0.37824,0.3836,0.38796,0.39291,0.3969,0.40152,0.4052,0.40952,0.41295,0.41702,0.42023
0.022547,0.032796,0.088912,0.14169,0.18178,0.21566,0.24434,0.26952,0.29075,0.30999,0.32603,0.34109,0.35355,0.36574,0.37575,0.38597,0.3943,0.40312,0.41024,0.41804,0.42428,0.4313,0.43686,0.44325,0.44827,0.45414,0.45966,0.46415,0.46927,0.47341,0.47818,0.48201,0.48649,0.49006,0.49427,0.49762,0.5016,0.50475,0.50852,0.5115
0.049039,0.067791,0.15065,0.213,0.25578,0.28999,0.31771,0.34119,0.36038,0.37753,0.39166,0.4051,0.41621,0.4274,0.43661,0.44628,0.45418,0.46273,0.46964,0.4773,0.48344,0.49038,0.4959,0.50224,0.50725,0.51307,0.51853,0.52302,0.52805,0.53217,0.53682,0.54059,0.54488,0.54835,0.5523,0.55547,0.5591,0.562,0.56533,0.56798
0.080986,0.10673,0.20689,0.27268,0.31413,0.34537,0.36974,0.39013,0.40679,0.42198,0.43464,0.44696,0.45722,0.46767,0.47632,0.48544,0.49292,0.50103,0.50762,0.51492,0.52081,0.52742,0.53271,0.53869,0.54344,0.54884,0.55384,0.55794,0.56242,0.56607,0.57007,0.57331,0.57687,0.57972,0.58289,0.58541,0.58822,0.59043,0.59291,0.59485
0.11266,0.13787,0.23311,0.29487,0.33395,0.3638,0.38773,0.40852,0.42595,0.44215,0.45573,0.46889,0.47985,0.49086,0.49996,0.50939,0.51713,0.52531,0.53196,0.53908,0.54482,0.55099,0.55591,0.56124,0.56544,0.57002,0.57417,0.57753,0.58109,0.58394,0.58699,0.58941,0.59199,0.59402,0.59618,0.59787,0.5996,0.60096,0.60227,0.60331
0.15952,0.18701,0.28399,0.34259,0.37955,0.40773,0.42998,0.44893,0.46461,0.47912,0.49133,0.50328,0.51333,0.52353,0.53204,0.54085,0.5481,0.55566,0.5618,0.56823,0.57337,0.57879,0.58306,0.5876,0.59113,0.59491,0.59825,0.60093,0.60363,0.60578,0.60787,0.60952,0.61099,0.61215,0.61298,0.61365,0.6138,0.61397,0.61342,0.61308
0.19059,0.21664,0.31215,0.36985,0.40467,0.43111,0.45236,0.47074,0.48614,0.50043,0.51253,0.5243,0.5342,0.54406,0.5522,0.56038,0.567,0.57369,0.57901,0.58442,0.58866,0.59303,0.59638,0.59984,0.60246,0.6051,0.60722,0.60887,0.61016,0.61116,0.61157,0.61189,0.61139,0.61102,0.60957,0.60849,0.60609,0.6043,0.60098,0.59848
0.19712,0.22665,0.32563,0.37936,0.41155,0.43655,0.45692,0.47463,0.48947,0.50309,0.51454,0.52542,0.53446,0.54319,0.55031,0.55728,0.56286,0.56841,0.57278,0.57719,0.58059,0.584,0.58658,0.589,0.59079,0.59215,0.59284,0.59334,0.59285,0.59243,0.59071,0.58934,0.58639,0.58407,0.57992,0.57667,0.5714,0.56726,0.56095,0.55598
0.22715,0.25538,0.35263,0.40715,0.4404,0.46659,0.48827,0.50739,0.52361,0.5385,0.55102,0.56265,0.57219,0.58103,0.58811,0.59469,0.59986,0.60468,0.6084,0.61179,0.61434,0.61638,0.61787,0.61853,0.61894,0.61812,0.61647,0.61503,0.61186,0.60923,0.60455,0.60072,0.5946,0.58963,0.58216,0.5761,0.5674,0.56033,0.55052,0.5425
0.24579,0.27032,0.35249,0.40024,0.43167,0.457,0.4779,0.4961,0.51135,0.52505,0.53634,0.54654,0.55473,0.56223,0.56813,0.57363,0.57787,0.58177,0.5847,0.58708,0.58877,0.58946,0.58983,0.58867,0.58763,0.58453,0.58047,0.57699,0.57113,0.5662,0.55868,0.5524,0.54342,0.53593,0.52568,0.51712,0.5058,0.4963,0.48409,0.47377
0.26615,0.2954,0.39081,0.44172,0.47264,0.49678,0.51662,0.53391,0.5484,0.5613,0.57183,0.58115,0.58854,0.59507,0.60011,0.60445,0.60769,0.61006,0.61169,0.61201,0.61199,0.61012,0.60839,0.60425,0.60077,0.59438,0.58704,0.58069,0.5714,0.56346,0.55241,0.54301,0.5304,0.51966,0.50568,0.49373,0.47853,0.46548,0.44924,0.43518
0.28292,0.31137,0.40379,0.45444,0.48646,0.51199,0.53304,0.55125,0.56638,0.57965,0.59037,0.59975,0.60711,0.61351,0.61838,0.62227,0.62503,0.6264,0.6271,0.62579,0.62434,0.62025,0.61663,0.60982,0.60407,0.59475,0.58447,0.57543,0.56308,0.5523,0.53815,0.52579,0.51007,0.4963,0.47923,0.4642,0.44601,0.42987,0.41082,0.39373
0.27443,0.3005,0.38813,0.43721,0.4675,0.49061,0.50907,0.52456,0.53709,0.54788,0.55646,0.56409,0.57006,0.57537,0.57932,0.58227,0.58418,0.58433,0.58391,0.58096,0.57804,0.57199,0.56663,0.5578,0.55023,0.53907,0.52723,0.51664,0.50324,0.49129,0.47675,0.46372,0.44839,0.43454,0.41875,0.4043,0.38835,0.3735,0.35766,0.34261
0.2824,0.3098,0.39324,0.43759,0.4667,0.49029,0.50964,0.5258,0.53862,0.54934,0.55764,0.56472,0.57004,0.57424,0.57708,0.57814,0.57831,0.57584,0.57312,0.56708,0.56152,0.55226,0.54415,0.53224,0.52198,0.50803,0.49365,0.48062,0.46506,0.45092,0.43466,0.41973,0.40323,0.38785,0.37155,0.35602,0.3403,0.32492,0.31014,0.29517
0.31141,0.34001,0.43206,0.48339,0.51649,0.54256,0.56354,0.58077,0.59429,0.60537,0.61385,0.62077,0.62586,0.62937,0.63153,0.63146,0.63056,0.62657,0.62245,0.61448,0.60717,0.59549,0.58519,0.5702,0.55717,0.53927,0.5204,0.50319,0.48184,0.46234,0.43869,0.417,0.39126,0.36746,0.33987,0.31407,0.28491,0.25726,0.22679,0.19746
0.29473,0.32787,0.42919,0.48024,0.51013,0.5323,0.54948,0.56313,0.57362,0.58193,0.58811,0.59256,0.59542,0.596,0.59546,0.59167,0.58745,0.57918,0.57133,0.55903,0.54794,0.53233,0.51852,0.50037,0.48435,0.4643,0.44401,0.42517,0.40387,0.38395,0.36223,0.34161,0.32002,0.2991,0.27811,0.25725,0.23717,0.21663,0.19764,0.17761
0.3216,0.35109,0.44471,0.49691,0.52999,0.55483,0.57363,0.58793,0.59852,0.60639,0.61195,0.61515,0.61668,0.61513,0.61251,0.60588,0.59902,0.58747,0.57663,0.56074,0.54636,0.52682,0.50937,0.4868,0.46671,0.44168,0.41622,0.39244,0.36551,0.34018,0.31247,0.28608,0.25824,0.23125,0.20376,0.17657,0.14974,0.12258,0.096559,0.069562
0.35541,0.38087,0.46243,0.5098,0.54106,0.56464,0.58226,0.5955,0.60522,0.61239,0.61733,0.61979,0.62055,0.61788,0.61415,0.60596,0.59763,0.58413,0.57149,0.55332,0.53683,0.51468,0.49477,0.46918,0.44618,0.41767,0.38853,0.36094,0.32973,0.29991,0.2672,0.23553,0.20184,0.16869,0.13445,0.10014,0.065676,0.030426,-0.0040027,-0.040041
0.33135,0.35814,0.44079,0.48765,0.51901,0.54278,0.56041,0.57361,0.58331,0.59057,0.59552,0.59773,0.59798,0.59425,0.58925,0.57939,0.56935,0.55416,0.53986,0.52052,0.50279,0.48022,0.45968,0.43454,0.41159,0.38443,0.35703,0.33067,0.30199,0.27407,0.24452,0.21533,0.18528,0.15511,0.12489,0.093966,0.063859,0.032423,0.002655,-0.029097
0.33982,0.36663,0.45035,0.49662,0.52623,0.54814,0.56407,0.57581,0.58437,0.59055,0.59448,0.59535,0.59423,0.58878,0.58216,0.57056,0.55896,0.54237,0.52676,0.50648,0.48778,0.46478,0.44365,0.41874,0.39567,0.36954,0.3436,0.31826,0.29198,0.26587,0.23961,0.21305,0.18707,0.16027,0.13473,0.10782,0.082774,0.055806,0.031255,0.0042364
0.32146,0.35082,0.44242,0.49431,0.52803,0.55312,0.57179,0.5861,0.59677,0.60448,0.60936,0.61042,0.60913,0.603,0.59563,0.58323,0.57084,0.55374,0.53758,0.51711,0.49808,0.47514,0.45381,0.42908,0.40584,0.37988,0.35402,0.32839,0.30196,0.27537,0.24877,0.22151,0.19507,0.16745,0.14143,0.11369,0.088279,0.060632,0.035949,0.0085889
0.33921,0.36789,0.44926,0.48646,0.50825,0.5245,0.5372,0.54754,0.55537,0.56023,0.56222,0.55972,0.55486,0.54494,0.53402,0.51858,0.5034,0.48478,0.46707,0.44707,0.42806,0.40796,0.38851,0.36923,0.34997,0.33212,0.31532,0.29743,0.28223,0.26548,0.25186,0.23633,0.22412,0.20977,0.19873,0.18543,0.17524,0.16279,0.15309,0.14126
0.35115,0.37902,0.46753,0.52112,0.55831,0.58636,0.60694,0.62218,0.63283,0.63921,0.64193,0.63943,0.63433,0.62345,0.6115,0.59385,0.57645,0.55348,0.53156,0.50406,0.47802,0.44643,0.41643,0.38122,0.34745,0.30923,0.27049,0.23148,0.19083,0.14933,0.10764,0.064374,0.022532,-0.02167,-0.06277,-0.10703,-0.14657,-0.18999,-0.22722,-0.26894
0.36016,0.38764,0.4692,0.51165,0.53846,0.55824,0.57314,0.58431,0.59177,0.59456,0.59361,0.58647,0.57677,0.56059,0.54362,0.52071,0.49833,0.47069,0.44426,0.41332,0.38376,0.35071,0.31881,0.28473,0.25121,0.2169,0.18318,0.14832,0.11496,0.079719,0.046904,0.011434,-0.020766,-0.056421,-0.088019,-0.12384,-0.15483,-0.19075,-0.22097,-0.25676
0.34792,0.37485,0.45749,0.50188,0.52976,0.5499,0.56489,0.57591,0.58298,0.58479,0.58265,0.57373,0.56229,0.54411,0.52531,0.50067,0.47675,0.44815,0.42086,0.39035,0.36107,0.33031,0.30019,0.27033,0.24023,0.21182,0.18449,0.15544,0.12962,0.10133,0.076909,0.049317,0.026093,-0.0009522,-0.02324,-0.049923,-0.071496,-0.097964,-0.11894,-0.14522
0.34679,0.37247,0.45607,0.50199,0.53103,0.55303,0.56987,0.58239,0.59025,0.59229,0.58978,0.58046,0.56842,0.55013,0.53114,0.50679,0.48292,0.45435,0.42674,0.39512,0.36448,0.33086,0.29787,0.2632,0.22855,0.19367,0.15948,0.12366,0.090108,0.054264,0.021744,-0.013679,-0.04493,-0.079566,-0.10938,-0.1429,-0.17114,-0.20326,-0.22982,-0.2603
0.37832,0.40664,0.48995,0.53587,0.56466,0.58443,0.59747,0.60421,0.60542,0.59898,0.58811,0.56913,0.54798,0.51917,0.49004,0.4536,0.41787,0.3753,0.33384,0.28662,0.24037,0.19008,0.14009,0.088048,0.035244,-0.017429,-0.069326,-0.12472,-0.17609,-0.2324,-0.28251,-0.33906,-0.38701,-0.44279,-0.48739,-0.54089,-0.58074,-0.63002,-0.66386,-0.707
0.40263,0.42229,0.48969,0.5281,0.55136,0.56736,0.57784,0.58227,0.58108,0.57211,0.55892,0.53852,0.51638,0.48883,0.46126,0.43046,0.40034,0.36971,0.33953,0.31181,0.2836,0.26025,0.23526,0.21666,0.19544,0.18148,0.16929,0.15469,0.14667,0.13632,0.13231,0.12656,0.12646,0.12575,0.12949,0.13438,0.14177,0.15269,0.16325,0.18018
0.36632,0.39597,0.48694,0.5314,0.55504,0.57001,0.5789,0.58131,0.57803,0.56696,0.55186,0.52968,0.50592,0.47694,0.44807,0.41641,0.38548,0.35482,0.32458,0.29783,0.27046,0.24901,0.22576,0.20973,0.19098,0.17994,0.17059,0.15908,0.15379,0.14662,0.14494,0.14218,0.14382,0.14564,0.15038,0.15703,0.16453,0.17609,0.18571,0.2017
0.40554,0.43507,0.52783,0.57559,0.60285,0.62188,0.63499,0.64201,0.64327,0.63663,0.62531,0.60589,0.584,0.5544,0.52381,0.48551,0.44681,0.40044,0.35361,0.2999,0.24519,0.18536,0.1236,0.059736,-0.0073412,-0.072421,-0.13606,-0.20518,-0.26549,-0.33202,-0.38615,-0.44692,-0.4929,-0.54554,-0.5827,-0.62606,-0.65501,-0.68926,-0.71153,-0.73787
0.3979,0.42962,0.50979,0.54546,0.56494,0.57664,0.58174,0.5789,0.56956,0.55144,0.52925,0.49977,0.46902,0.43322,0.39776,0.35984,0.32258,0.28563,0.24869,0.21436,0.17888,0.14758,0.11383,0.085237,0.052933,0.026409,0.00036627,-0.030184,-0.055329,-0.085796,-0.11051,-0.14124,-0.16568,-0.19659,-0.22058,-0.25117,-0.27446,-0.30407,-0.32658,-0.35479
0.3979,0.42962,0.50979,0.54546,0.56494,0.57664,0.58174,0.5789,0.56956,0.55144,0.52925,0.49977,0.46902,0.43322,0.39776,0.35984,0.32258,0.28563,0.24869,0.21436,0.17888,0.14758,0.11383,0.085237,0.052933,0.026409,0.00036627,-0.030184,-0.055329,-0.085796,-0.11051,-0.14124,-0.16568,-0.19659,-0.22058,-0.25117,-0.27446,-0.30407,-0.32658,-0.35479
0.39208,0.42395,0.52277,0.57761,0.61024,0.63261,0.64691,0.65279,0.65145,0.6418,0.62778,0.60733,0.58504,0.55741,0.52893,0.49557,0.46149,0.42341,0.38431,0.34288,0.29986,0.25694,0.21167,0.1692,0.12359,0.083243,0.044358,0.001944,-0.033682,-0.072977,-0.10523,-0.14115,-0.17049,-0.20341,-0.23062,-0.26134,-0.28714,-0.31661,-0.34142,-0.37044
0.39208,0.42395,0.52277,0.57761,0.61024,0.63261,0.64691,0.65279,0.65145,0.6418,0.62778,0.60733,0.58504,0.55741,0.52893,0.49557,0.46149,0.42341,0.38431,0.34288,0.29986,0.25694,0.21167,0.1692,0.12359,0.083243,0.044358,0.001944,-0.033682,-0.072977,-0.10523,-0.14115,-0.17049,-0.20341,-0.23062,-0.26134,-0.28714,-0.31661,-0.34142,-0.37044
0.47049,0.49489,0.57107,0.6075,0.62531,0.63337,0.63271,0.62138,0.6021,0.57191,0.53674,0.49149,0.44329,0.38593,0.32653,0.26009,0.19181,0.11976,0.045274,-0.029078,-0.10737,-0.1812,-0.26125,-0.33219,-0.41192,-0.47748,-0.53967,-0.61104,-0.66386,-0.72555,-0.7666,-0.81514,-0.84408,-0.87848,-0.89749,-0.9195,-0.93159,-0.94415,-0.95211,-0.9579
0.47049,0.49489,0.57107,0.6075,0.62531,0.63337,0.63271,0.62138,0.6021,0.57191,0.53674,0.49149,0.44329,0.38593,0.32653,0.26009,0.19181,0.11976,0.045274,-0.029078,-0.10737,-0.1812,-0.26125,-0.33219,-0.41192,-0.47748,-0.53967,-0.61104,-0.66386,-0.72555,-0.7666,-0.81514,-0.84408,-0.87848,-0.89749,-0.9195,-0.93159,-0.94415,-0.95211,-0.9579
0.45994,0.48183,0.5577,0.59368,0.61098,0.61907,0.6179,0.60495,0.58332,0.5506,0.51306,0.46677,0.41825,0.36374,0.30792,0.24976,0.18975,0.13091,0.068484,0.010318,-0.054157,-0.11136,-0.17842,-0.23483,-0.30536,-0.36073,-0.416,-0.48717,-0.53905,-0.60741,-0.65242,-0.71107,-0.74699,-0.7904,-0.81812,-0.84523,-0.86777,-0.88112,-0.90146,-0.90454
0.56844,0.51865,0.53274,0.56175,0.58506,0.60305,0.61363,0.61565,0.61075,0.60096,0.58918,0.57803,0.56703,0.55976,0.55209,0.54925,0.5449,0.54488,0.54273,0.54335,0.54185,0.54099,0.53845,0.5344,0.52924,0.52087,0.51032,0.49859,0.48353,0.46661,0.44724,0.4246,0.40151,0.37283,0.34684,0.31203,0.28419,0.24354,0.21494,0.16916
0.44011,0.4771,0.54474,0.595,0.63592,0.66858,0.69075,0.70272,0.70661,0.70588,0.70271,0.69921,0.6951,0.69199,0.68829,0.68591,0.6826,0.68049,0.67725,0.67479,0.67117,0.66779,0.66331,0.65858,0.65283,0.64654,0.63955,0.6314,0.623,0.61311,0.60349,0.59181,0.58125,0.56782,0.55664,0.54157,0.53017,0.51369,0.50251,0.48501
0.44011,0.4771,0.54474,0.595,0.63592,0.66858,0.69075,0.70272,0.70661,0.70588,0.70271,0.69921,0.6951,0.69199,0.68829,0.68591,0.6826,0.68049,0.67725,0.67479,0.67117,0.66779,0.66331,0.65858,0.65283,0.64654,0.63955,0.6314,0.623,0.61311,0.60349,0.59181,0.58125,0.56782,0.55664,0.54157,0.53017,0.51369,0.50251,0.48501
