-0.00056294,0.0040472,0.02076,0.029196,0.031649,0.032103,0.032224,0.032675,0.033548,0.034629,0.035817,0.037014,0.038209,0.03958,0.040956,0.04291,0.044839,0.047849,0.050685,0.055047,0.058966,0.064689,0.069657,0.076518,0.082344,0.089997,0.097723,0.10449,0.11246,0.11938,0.12729,0.13413,0.14176,0.14835,0.15553,0.16176,0.1684,0.17418,0.18023,0.18553
-0.0018835,0.001509,0.014499,0.024397,0.031289,0.035974,0.039466,0.043472,0.048625,0.056776,0.066366,0.079304,0.092472,0.10797,0.12244,0.13794,0.15173,0.16556,0.17758,0.18906,0.19895,0.20805,0.2159,0.22294,0.22906,0.23451,0.23931,0.24359,0.24747,0.25094,0.25421,0.25714,0.26001,0.26258,0.26519,0.26751,0.26991,0.27205,0.27424,0.27622
-0.0041601,-0.0017336,0.0059739,0.013026,0.022938,0.037386,0.056587,0.080653,0.10617,0.13249,0.15655,0.17871,0.19765,0.21402,0.22766,0.239,0.24841,0.25615,0.26265,0.26814,0.27282,0.27701,0.28064,0.28405,0.28704,0.28987,0.29236,0.29466,0.29659,0.29845,0.2998,0.30122,0.30199,0.30296,0.30315,0.30367,0.30327,0.30332,0.3023,0.30186
0.039999,0.040752,0.037227,0.032512,0.038177,0.056623,0.083378,0.11371,0.14263,0.16875,0.19073,0.20895,0.22374,0.23589,0.24586,0.25457,0.26193,0.26882,0.27476,0.28039,0.28532,0.28974,0.29372,0.29693,0.29999,0.302,0.30335,0.30496,0.30514,0.30577,0.30474,0.30434,0.30196,0.3004,0.29651,0.29365,0.28806,0.28373,0.2763,0.27035
-0.011662,-0.0064239,0.024115,0.063761,0.11088,0.16028,0.20368,0.23756,0.26265,0.28035,0.29333,0.30284,0.31039,0.31656,0.32183,0.32615,0.32998,0.33252,0.33492,0.33563,0.33657,0.33547,0.33494,0.33201,0.32993,0.32501,0.31907,0.31399,0.3056,0.29831,0.28723,0.27746,0.26352,0.25103,0.23412,0.21876,0.19896,0.18065,0.15804,0.13678
0.071892,0.067803,0.080616,0.11802,0.15735,0.19468,0.22509,0.24693,0.26214,0.27276,0.28094,0.28797,0.29427,0.29999,0.30528,0.30943,0.31333,0.31547,0.31762,0.31741,0.31748,0.31449,0.31205,0.30566,0.30016,0.28978,0.27759,0.26607,0.24961,0.23395,0.21323,0.19326,0.1684,0.1441,0.11537,0.086818,0.054795,0.022329,-0.012443,-0.048335
-0.019684,-0.010971,0.037726,0.094494,0.14906,0.19725,0.23462,0.26112,0.27984,0.29368,0.3046,0.31357,0.32118,0.32675,0.3315,0.33358,0.33531,0.33372,0.33215,0.32648,0.32115,0.3107,0.30095,0.28527,0.27054,0.24935,0.22603,0.20264,0.1741,0.1452,0.11202,0.077936,0.040929,0.002317,-0.037417,-0.079548,-0.12073,-0.16513,-0.2064,-0.25167
0.056971,0.050982,0.046647,0.085548,0.13738,0.18279,0.21817,0.24546,0.26664,0.28337,0.29651,0.30599,0.31341,0.3174,0.32038,0.31954,0.31819,0.31186,0.3053,0.29241,0.27953,0.25922,0.23909,0.21113,0.18319,0.14783,0.11015,0.070228,0.026861,-0.019631,-0.067048,-0.11861,-0.16814,-0.22283,-0.2723,-0.32791,-0.37542,-0.42972,-0.47345,-0.52435
0.052981,0.058745,0.12308,0.20256,0.25059,0.27548,0.28772,0.29459,0.29963,0.30395,0.3081,0.31116,0.31397,0.31422,0.31384,0.30873,0.30282,0.29022,0.27692,0.25575,0.23398,0.20414,0.17351,0.13586,0.096753,0.052528,0.0067631,-0.042944,-0.092489,-0.14694,-0.19822,-0.25533,-0.3062,-0.36364,-0.41209,-0.46747,-0.51187,-0.56311,-0.60203,-0.64748
0.0051063,0.0085018,0.065199,0.1569,0.22479,0.26659,0.29385,0.31388,0.32927,0.33957,0.34677,0.34869,0.3486,0.34224,0.33425,0.31826,0.30084,0.27412,0.24605,0.20855,0.16937,0.12217,0.072496,0.017626,-0.040802,-0.10017,-0.15964,-0.22474,-0.28372,-0.34881,-0.40386,-0.46522,-0.51401,-0.56875,-0.60987,-0.65633,-0.68926,-0.72689,-0.75268,-0.78208
0.036999,0.065142,0.21619,0.32625,0.3731,0.39603,0.41025,0.42073,0.42935,0.43518,0.4394,0.4396,0.43778,0.42991,0.41966,0.40173,0.38127,0.35283,0.32157,0.28362,0.24216,0.19676,0.14682,0.096708,0.040734,-0.011367,-0.063399,-0.12244,-0.17347,-0.23194,-0.28078,-0.33681,-0.3822,-0.43411,-0.47559,-0.52214,-0.55986,-0.60037,-0.63484,-0.66918
0.05214,0.063207,0.11583,0.16162,0.19154,0.21215,0.22858,0.2423,0.25354,0.26004,0.26329,0.25991,0.25287,0.23721,0.21766,0.18848,0.15521,0.11307,0.066388,0.014022,-0.043505,-0.10154,-0.16535,-0.22378,-0.28859,-0.3431,-0.39483,-0.45206,-0.49745,-0.5476,-0.58607,-0.62846,-0.6611,-0.69597,-0.72417,-0.75211,-0.77764,-0.79952,-0.82218,-0.83824
0.015976,0.044586,0.17299,0.25748,0.29599,0.31309,0.31909,0.31679,0.30966,0.29556,0.2775,0.2509,0.21973,0.17813,0.13135,0.074547,0.012046,-0.056504,-0.13094,-0.20444,-0.28349,-0.35424,-0.42979,-0.49209,-0.55812,-0.60985,-0.65755,-0.7049,-0.74274,-0.77857,-0.80905,-0.83531,-0.85968,-0.87809,-0.89739,-0.90925,-0.92551,-0.93261,-0.94763,-0.95254
0.057695,0.090876,0.22645,0.2933,0.30632,0.31152,0.3188,0.3253,0.32914,0.32624,0.31782,0.29946,0.27479,0.23996,0.19873,0.15048,0.095915,0.039959,-0.02222,-0.079725,-0.14376,-0.19879,-0.26078,-0.31302,-0.372,-0.42172,-0.47289,-0.52639,-0.57777,-0.62763,-0.67712,-0.72009,-0.76843,-0.80296,-0.84455,-0.86891,-0.90281,-0.91796,-0.94193,-0.94895
-0.075494,-0.017877,0.18321,0.27399,0.31508,0.34503,0.36801,0.3839,0.39357,0.39267,0.38405,0.36226,0.33323,0.29237,0.24528,0.19016,0.1292,0.064883,-0.0058543,-0.075014,-0.15195,-0.22245,-0.30211,-0.37097,-0.44962,-0.51376,-0.5768,-0.64278,-0.69877,-0.75117,-0.79817,-0.83404,-0.87328,-0.89439,-0.92592,-0.93661,-0.95776,-0.96048,-0.97716,-0.97536
0.18558,0.20586,0.29568,0.34856,0.3716,0.38608,0.39431,0.39424,0.38637,0.36539,0.33456,0.28799,0.23127,0.16099,0.081128,-0.0054708,-0.10049,-0.19262,-0.29152,-0.37806,-0.46918,-0.54209,-0.61718,-0.6727,-0.72854,-0.76879,-0.80576,-0.83685,-0.86421,-0.88405,-0.90579,-0.91861,-0.93613,-0.94546,-0.95429,-0.95901,-0.95976,-0.95633,-0.95405,-0.93885
0.067218,0.084692,0.1732,0.23184,0.258,0.27776,0.29729,0.31309,0.32189,0.31663,0.29938,0.26641,0.22099,0.16488,0.096325,0.025837,-0.057786,-0.13389,-0.22421,-0.29964,-0.389,-0.45938,-0.54029,-0.60294,-0.66869,-0.72208,-0.7744,-0.81371,-0.85544,-0.88134,-0.91008,-0.92615,-0.93793,-0.94167,-0.93925,-0.92305,-0.92069,-0.88037,-0.91841,-0.8747
0.067218,0.084692,0.1732,0.23184,0.258,0.27776,0.29729,0.31309,0.32189,0.31663,0.29938,0.26641,0.22099,0.16488,0.096325,0.025837,-0.057786,-0.13389,-0.22421,-0.29964,-0.389,-0.45938,-0.54029,-0.60294,-0.66869,-0.72208,-0.7744,-0.81371,-0.85544,-0.88134,-0.91008,-0.92615,-0.93793,-0.94167,-0.93925,-0.92305,-0.92069,-0.88037,-0.91841,-0.8747
0.09244,0.10707,0.19286,0.26342,0.29538,0.31149,0.32026,0.31966,0.30897,0.28315,0.2453,0.19338,0.13069,0.06117,-0.01654,-0.091223,-0.17202,-0.2438,-0.32063,-0.38839,-0.45929,-0.524,-0.58747,-0.64866,-0.70198,-0.75528,-0.80088,-0.83637,-0.86753,-0.8903,-0.90248,-0.9072,-0.90545,-0.88312,-0.90646,-0.8716,-0.92243,-0.89329,-0.88515,-0.8177
0.1776,0.1993,0.30447,0.38693,0.42948,0.45187,0.46057,0.45156,0.42558,0.37923,0.3171,0.23975,0.14879,0.050314,-0.06115,-0.17014,-0.29123,-0.39748,-0.51188,-0.60116,-0.69137,-0.7563,-0.8139,-0.85908,-0.88889,-0.92198,-0.94768,-0.95833,-0.97214,-0.97478,-0.97675,-0.96759,-0.9615,-0.93141,-0.94899,-0.90775,-0.95952,-0.92749,-0.92673,-0.86284
0.12528,0.15412,0.28616,0.38999,0.4393,0.4511,0.43722,0.40107,0.34673,0.27413,0.18515,0.086627,-0.024125,-0.12953,-0.24074,-0.33385,-0.42725,-0.4995,-0.56885,-0.62356,-0.67328,-0.71564,-0.75134,-0.78674,-0.81443,-0.84078,-0.85566,-0.86863,-0.87347,-0.86496,-0.88439,-0.86287,-0.90229,-0.88179,-0.85742,-0.7801,-0.76878,-0.6205,-0.7018,-0.53192
0.12528,0.15412,0.28616,0.38999,0.4393,0.4511,0.43722,0.40107,0.34673,0.27413,0.18515,0.086627,-0.024125,-0.12953,-0.24074,-0.33385,-0.42725,-0.4995,-0.56885,-0.62356,-0.67328,-0.71564,-0.75134,-0.78674,-0.81443,-0.84078,-0.85566,-0.86863,-0.87347,-0.86496,-0.88439,-0.86287,-0.90229,-0.88179,-0.85742,-0.7801,-0.76878,-0.6205,-0.7018,-0.53192
0.35918,0.34009,0.30464,0.32366,0.3422,0.34371,0.3223,0.27561,0.20634,0.11992,0.017766,-0.086529,-0.19995,-0.30311,-0.41138,-0.50569,-0.5994,-0.68339,-0.75501,-0.82568,-0.87114,-0.92083,-0.94317,-0.96705,-0.96835,-0.95477,-0.96844,-0.93609,-0.98367,-0.96638,-0.91245,-0.81084,-0.78085,-0.59288,-0.70218,-0.51328,-0.72266,-0.59251,-0.50041,-0.34424
0.35918,0.34009,0.30464,0.32366,0.3422,0.34371,0.3223,0.27561,0.20634,0.11992,0.017766,-0.086529,-0.19995,-0.30311,-0.41138,-0.50569,-0.5994,-0.68339,-0.75501,-0.82568,-0.87114,-0.92083,-0.94317,-0.96705,-0.96835,-0.95477,-0.96844,-0.93609,-0.98367,-0.96638,-0.91245,-0.81084,-0.78085,-0.59288,-0.70218,-0.51328,-0.72266,-0.59251,-0.50041,-0.34424
0.35918,0.34009,0.30464,0.32366,0.3422,0.34371,0.3223,0.27561,0.20634,0.11992,0.017766,-0.086529,-0.19995,-0.30311,-0.41138,-0.50569,-0.5994,-0.68339,-0.75501,-0.82568,-0.87114,-0.92083,-0.94317,-0.96705,-0.96835,-0.95477,-0.96844,-0.93609,-0.98367,-0.96638,-0.91245,-0.81084,-0.78085,-0.59288,-0.70218,-0.51328,-0.72266,-0.59251,-0.50041,-0.34424
0.17206,0.18465,0.23377,0.25294,0.25104,0.23728,0.20814,0.16224,0.10177,0.036163,-0.032189,-0.090456,-0.14371,-0.18743,-0.22471,-0.2623,-0.29114,-0.32745,-0.35127,-0.38302,-0.39936,-0.41121,-0.39294,-0.40718,-0.35112,-0.43084,-0.39197,-0.32536,-0.27051,-0.15291,-0.27609,-0.20955,-0.12832,-0.02965,0.27731,0.35236,0.25852,0.27375,-0.26827,-0.29833
0.12231,0.1298,0.16238,0.20571,0.25101,0.28645,0.3021,0.29094,0.25337,0.20442,0.14556,0.099982,0.053819,0.023275,-0.0070637,-0.035027,-0.062331,-0.10517,-0.14525,-0.21881,-0.28097,-0.27083,-0.17334,-0.2218,-0.096911,-0.26959,-0.17478,-0.030911,-0.056031,0.056565,-0.05541,0.042864,-0.0088333,0.067938,0.29888,0.37547,0.38296,0.44039,-0.047468,-0.037846
0.12231,0.1298,0.16238,0.20571,0.25101,0.28645,0.3021,0.29094,0.25337,0.20442,0.14556,0.099982,0.053819,0.023275,-0.0070637,-0.035027,-0.062331,-0.10517,-0.14525,-0.21881,-0.28097,-0.27083,-0.17334,-0.2218,-0.096911,-0.26959,-0.17478,-0.030911,-0.056031,0.056565,-0.05541,0.042864,-0.0088333,0.067938,0.29888,0.37547,0.38296,0.44039,-0.047468,-0.037846
0.12231,0.1298,0.16238,0.20571,0.25101,0.28645,0.3021,0.29094,0.25337,0.20442,0.14556,0.099982,0.053819,0.023275,-0.0070637,-0.035027,-0.062331,-0.10517,-0.14525,-0.21881,-0.28097,-0.27083,-0.17334,-0.2218,-0.096911,-0.26959,-0.17478,-0.030911,-0.056031,0.056565,-0.05541,0.042864,-0.0088333,0.067938,0.29888,0.37547,0.38296,0.44039,-0.047468,-0.037846
0.12231,0.1298,0.16238,0.20571,0.25101,0.28645,0.3021,0.29094,0.25337,0.20442,0.14556,0.099982,0.053819,0.023275,-0.0070637,-0.035027,-0.062331,-0.10517,-0.14525,-0.21881,-0.28097,-0.27083,-0.17334,-0.2218,-0.096911,-0.26959,-0.17478,-0.030911,-0.056031,0.056565,-0.05541,0.042864,-0.0088333,0.067938,0.29888,0.37547,0.38296,0.44039,-0.047468,-0.037846
0.017878,0.056551,0.17017,0.21108,0.19972,0.14443,0.047924,-0.083726,-0.24332,-0.39461,-0.52772,-0.62191,-0.69019,-0.74214,-0.78028,-0.81339,-0.839,-0.86109,-0.87492,-0.88107,-0.85876,-0.90567,-0.88761,-0.83852,-0.68884,-0.72242,-0.87231,-0.75578,-0.57389,-0.36164,-0.39448,-0.17963,-0.29364,-0.19455,0.5483,0.57587,0.36667,0.31366,-0.19466,-0.2055
0.017878,0.056551,0.17017,0.21108,0.19972,0.14443,0.047924,-0.083726,-0.24332,-0.39461,-0.52772,-0.62191,-0.69019,-0.74214,-0.78028,-0.81339,-0.839,-0.86109,-0.87492,-0.88107,-0.85876,-0.90567,-0.88761,-0.83852,-0.68884,-0.72242,-0.87231,-0.75578,-0.57389,-0.36164,-0.39448,-0.17963,-0.29364,-0.19455,0.5483,0.57587,0.36667,0.31366,-0.19466,-0.2055
0.017878,0.056551,0.17017,0.21108,0.19972,0.14443,0.047924,-0.083726,-0.24332,-0.39461,-0.52772,-0.62191,-0.69019,-0.74214,-0.78028,-0.81339,-0.839,-0.86109,-0.87492,-0.88107,-0.85876,-0.90567,-0.88761,-0.83852,-0.68884,-0.72242,-0.87231,-0.75578,-0.57389,-0.36164,-0.39448,-0.17963,-0.29364,-0.19455,0.5483,0.57587,0.36667,0.31366,-0.19466,-0.2055
0.40395,0.35564,0.22406,0.18198,0.12771,0.02497,-0.11337,-0.26289,-0.41317,-0.54157,-0.65536,-0.73806,-0.80682,-0.85802,-0.89721,-0.92851,-0.94716,-0.96187,-0.96023,-0.96789,-0.93812,-0.98429,-0.96434,-0.93293,-0.81037,-0.84414,-0.89379,-0.78188,-0.66867,-0.42859,-0.4449,-0.28414,-0.56658,-0.52114,0.42628,0.45726,0.30467,0.24985,-0.39556,-0.40751
0.40395,0.35564,0.22406,0.18198,0.12771,0.02497,-0.11337,-0.26289,-0.41317,-0.54157,-0.65536,-0.73806,-0.80682,-0.85802,-0.89721,-0.92851,-0.94716,-0.96187,-0.96023,-0.96789,-0.93812,-0.98429,-0.96434,-0.93293,-0.81037,-0.84414,-0.89379,-0.78188,-0.66867,-0.42859,-0.4449,-0.28414,-0.56658,-0.52114,0.42628,0.45726,0.30467,0.24985,-0.39556,-0.40751
0.40395,0.35564,0.22406,0.18198,0.12771,0.02497,-0.11337,-0.26289,-0.41317,-0.54157,-0.65536,-0.73806,-0.80682,-0.85802,-0.89721,-0.92851,-0.94716,-0.96187,-0.96023,-0.96789,-0.93812,-0.98429,-0.96434,-0.93293,-0.81037,-0.84414,-0.89379,-0.78188,-0.66867,-0.42859,-0.4449,-0.28414,-0.56658,-0.52114,0.42628,0.45726,0.30467,0.24985,-0.39556,-0.40751
0.28177,0.27793,0.30165,0.33255,0.30901,0.23005,0.11365,-0.0088722,-0.11977,-0.20131,-0.24598,-0.27488,-0.25929,-0.24333,-0.18613,-0.1391,-0.071905,-0.04009,-0.0555,0.10835,0.14373,0.27826,0.27186,0.29794,0.29112,0.2448,-0.11553,-0.16368,0.75538,0.75726,-0.2339,-0.24889,0.22362,0.2233,0.2497,0.24932,0.26093,0.26847,0.45349,0.44585
0.28177,0.27793,0.30165,0.33255,0.30901,0.23005,0.11365,-0.0088722,-0.11977,-0.20131,-0.24598,-0.27488,-0.25929,-0.24333,-0.18613,-0.1391,-0.071905,-0.04009,-0.0555,0.10835,0.14373,0.27826,0.27186,0.29794,0.29112,0.2448,-0.11553,-0.16368,0.75538,0.75726,-0.2339,-0.24889,0.22362,0.2233,0.2497,0.24932,0.26093,0.26847,0.45349,0.44585
0.28177,0.27793,0.30165,0.33255,0.30901,0.23005,0.11365,-0.0088722,-0.11977,-0.20131,-0.24598,-0.27488,-0.25929,-0.24333,-0.18613,-0.1391,-0.071905,-0.04009,-0.0555,0.10835,0.14373,0.27826,0.27186,0.29794,0.29112,0.2448,-0.11553,-0.16368,0.75538,0.75726,-0.2339,-0.24889,0.22362,0.2233,0.2497,0.24932,0.26093,0.26847,0.45349,0.44585
0.28177,0.27793,0.30165,0.33255,0.30901,0.23005,0.11365,-0.0088722,-0.11977,-0.20131,-0.24598,-0.27488,-0.25929,-0.24333,-0.18613,-0.1391,-0.071905,-0.04009,-0.0555,0.10835,0.14373,0.27826,0.27186,0.29794,0.29112,0.2448,-0.11553,-0.16368,0.75538,0.75726,-0.2339,-0.24889,0.22362,0.2233,0.2497,0.24932,0.26093,0.26847,0.45349,0.44585
