-0.00035087,-0.00048574,-0.001402,-0.0027164,-0.0042114,-0.0059673,-0.0079509,-0.010228,-0.012653,-0.015416,-0.018215,-0.021418,-0.024538,-0.028159,-0.031586,-0.035635,-0.039382,-0.043888,-0.047976,-0.052961,-0.057403,-0.062866,-0.067658,-0.073573,-0.078684,-0.084992,-0.091357,-0.096984,-0.10359,-0.10936,-0.1161,-0.1219,-0.12863,-0.13435,-0.14095,-0.1465,-0.15284,-0.15811,-0.1641,-0.16904
-0.001406,-0.0019308,-0.0054018,-0.010224,-0.015601,-0.021791,-0.028635,-0.036387,-0.04462,-0.05408,-0.063764,-0.074932,-0.085862,-0.098316,-0.10995,-0.12296,-0.13458,-0.14728,-0.15816,-0.16979,-0.17938,-0.18951,-0.1976,-0.20611,-0.21271,-0.21975,-0.22602,-0.23086,-0.23606,-0.23996,-0.24432,-0.24751,-0.25128,-0.25395,-0.25728,-0.25958,-0.2626,-0.26463,-0.26741,-0.26924
-0.0028312,-0.0039224,-0.011048,-0.020459,-0.030753,-0.042838,-0.056612,-0.072425,-0.089057,-0.10721,-0.12474,-0.1431,-0.1595,-0.17605,-0.18985,-0.20344,-0.21418,-0.22478,-0.23281,-0.241,-0.24699,-0.25351,-0.25814,-0.26359,-0.26737,-0.27216,-0.27656,-0.27971,-0.28369,-0.28649,-0.29009,-0.29259,-0.29585,-0.29808,-0.30102,-0.30299,-0.30562,-0.30736,-0.3097,-0.31122
-0.0050571,-0.0070104,-0.019632,-0.036128,-0.054184,-0.074888,-0.097129,-0.12056,-0.14312,-0.16545,-0.18484,-0.20291,-0.21726,-0.23044,-0.24036,-0.2499,-0.25685,-0.26416,-0.26932,-0.27522,-0.27923,-0.28405,-0.28715,-0.29102,-0.29332,-0.29633,-0.29882,-0.30013,-0.3019,-0.30259,-0.30367,-0.30378,-0.30421,-0.30376,-0.30354,-0.30253,-0.30155,-0.29992,-0.29821,-0.29592
-0.0076837,-0.01036,-0.026667,-0.048344,-0.073578,-0.10356,-0.13585,-0.16764,-0.1945,-0.21626,-0.2318,-0.24429,-0.2529,-0.26111,-0.26687,-0.2733,-0.27777,-0.28305,-0.28657,-0.29081,-0.29345,-0.29673,-0.29857,-0.30101,-0.30217,-0.30386,-0.30514,-0.30543,-0.306,-0.30567,-0.30548,-0.30449,-0.30354,-0.30189,-0.30025,-0.29797,-0.29575,-0.29294,-0.2903,-0.28708
-0.011863,-0.016068,-0.041584,-0.073174,-0.10466,-0.13626,-0.16515,-0.19016,-0.20934,-0.22454,-0.23513,-0.24406,-0.25012,-0.25615,-0.26004,-0.26432,-0.26669,-0.26944,-0.27043,-0.27169,-0.27135,-0.27117,-0.26951,-0.26792,-0.26498,-0.26198,-0.25835,-0.25365,-0.24905,-0.24351,-0.23832,-0.23228,-0.22675,-0.22044,-0.2147,-0.2082,-0.20227,-0.19556,-0.1894,-0.18239
-0.015108,-0.020736,-0.056212,-0.10067,-0.14343,-0.18279,-0.2146,-0.23908,-0.25654,-0.27107,-0.28191,-0.29286,-0.30136,-0.31089,-0.31834,-0.32724,-0.33439,-0.34329,-0.3508,-0.36005,-0.36811,-0.37728,-0.38531,-0.39355,-0.40067,-0.40757,-0.41374,-0.41895,-0.42394,-0.42806,-0.43217,-0.43549,-0.43891,-0.44163,-0.44439,-0.44658,-0.44884,-0.45061,-0.45236,-0.45376
-0.019079,-0.025658,-0.065355,-0.11477,-0.16139,-0.20075,-0.22939,-0.25022,-0.26477,-0.27722,-0.28652,-0.29547,-0.30195,-0.30819,-0.31231,-0.31601,-0.31788,-0.3188,-0.31814,-0.3158,-0.31214,-0.30657,-0.29991,-0.29191,-0.28297,-0.2735,-0.26362,-0.25267,-0.24214,-0.23024,-0.21909,-0.20614,-0.19448,-0.18031,-0.1685,-0.15299,-0.1412,-0.12425,-0.11339,-0.095372
-0.024775,-0.033403,-0.086405,-0.14855,-0.19219,-0.21714,-0.23115,-0.24186,-0.25072,-0.26037,-0.26912,-0.27871,-0.28751,-0.29713,-0.3063,-0.3157,-0.32468,-0.33235,-0.33939,-0.34413,-0.34828,-0.35061,-0.35256,-0.35357,-0.35435,-0.35495,-0.3555,-0.35576,-0.35612,-0.3563,-0.35642,-0.35651,-0.35659,-0.35662,-0.3563,-0.35598,-0.35635,-0.35602,-0.3561,-0.3555
-0.027777,-0.037275,-0.095592,-0.15383,-0.18316,-0.19873,-0.21043,-0.22254,-0.23445,-0.24774,-0.26066,-0.27461,-0.28808,-0.30159,-0.31429,-0.32502,-0.33448,-0.34075,-0.34589,-0.34872,-0.35088,-0.35206,-0.35285,-0.35354,-0.35388,-0.35433,-0.3546,-0.35476,-0.35492,-0.35505,-0.35479,-0.35461,-0.35456,-0.35405,-0.35454,-0.35394,-0.35467,-0.35405,-0.35513,-0.3547
-0.030196,-0.041265,-0.10976,-0.18511,-0.23297,-0.26108,-0.27976,-0.29508,-0.30739,-0.3186,-0.32811,-0.33775,-0.34706,-0.35625,-0.36501,-0.37169,-0.37729,-0.38056,-0.38297,-0.38433,-0.38518,-0.38595,-0.38629,-0.38679,-0.38696,-0.38719,-0.38724,-0.3872,-0.38695,-0.38637,-0.38685,-0.38598,-0.38727,-0.38661,-0.38746,-0.38658,-0.38408,-0.38055,-0.3811,-0.37678
-0.036416,-0.048913,-0.12166,-0.19486,-0.23752,-0.2623,-0.27948,-0.29378,-0.30493,-0.31407,-0.32031,-0.32387,-0.32432,-0.32033,-0.31275,-0.30039,-0.28468,-0.2663,-0.24468,-0.22287,-0.19685,-0.17285,-0.14255,-0.11747,-0.082738,-0.058287,-0.034984,0.00041389,0.020875,0.053578,0.068704,0.091562,0.10449,0.11112,0.11651,0.093678,0.10205,0.044669,0.079599,0.002369
-0.049034,-0.061951,-0.12627,-0.18892,-0.23498,-0.26931,-0.29616,-0.3197,-0.33922,-0.35785,-0.37389,-0.38958,-0.40277,-0.4143,-0.42315,-0.43052,-0.43602,-0.44098,-0.44476,-0.44819,-0.45086,-0.45312,-0.4549,-0.45618,-0.45717,-0.45804,-0.45859,-0.45876,-0.45943,-0.45928,-0.4597,-0.45919,-0.45992,-0.45969,-0.4584,-0.4567,-0.4576,-0.45515,-0.45545,-0.45421
-0.050884,-0.066464,-0.14565,-0.20834,-0.23775,-0.25323,-0.2641,-0.27488,-0.28447,-0.2952,-0.30424,-0.31306,-0.31945,-0.32531,-0.3296,-0.33358,-0.33685,-0.33946,-0.34181,-0.34326,-0.34463,-0.34572,-0.34675,-0.34708,-0.34762,-0.3475,-0.34878,-0.35,-0.34921,-0.35063,-0.34949,-0.35074,-0.34674,-0.34576,-0.36889,-0.38486,-0.36098,-0.36927,-0.30566,-0.28593
-0.050884,-0.066464,-0.14565,-0.20834,-0.23775,-0.25323,-0.2641,-0.27488,-0.28447,-0.2952,-0.30424,-0.31306,-0.31945,-0.32531,-0.3296,-0.33358,-0.33685,-0.33946,-0.34181,-0.34326,-0.34463,-0.34572,-0.34675,-0.34708,-0.34762,-0.3475,-0.34878,-0.35,-0.34921,-0.35063,-0.34949,-0.35074,-0.34674,-0.34576,-0.36889,-0.38486,-0.36098,-0.36927,-0.30566,-0.28593
-0.064453,-0.081717,-0.16187,-0.21969,-0.24621,-0.2587,-0.2641,-0.26477,-0.25812,-0.24395,-0.22013,-0.19117,-0.15526,-0.12009,-0.079999,-0.042152,0.0019454,0.042064,0.09234,0.13097,0.18558,0.21473,0.25992,0.28032,0.29717,0.32451,0.34509,0.30217,0.33924,0.2403,0.39173,0.29575,0.52405,0.43555,0.21484,0.077323,0.095028,-0.035884,-0.15193,-0.32545
-0.071996,-0.091986,-0.18564,-0.26072,-0.3105,-0.35059,-0.38884,-0.43055,-0.47563,-0.51779,-0.55347,-0.57747,-0.59289,-0.60371,-0.60972,-0.61533,-0.61838,-0.62038,-0.62092,-0.62184,-0.61958,-0.62389,-0.62306,-0.61771,-0.60376,-0.60676,-0.62252,-0.61839,-0.58468,-0.55554,-0.54222,-0.50858,-0.53842,-0.4777,-0.60352,-0.63329,-0.4752,-0.46899,-0.51808,-0.52391
-0.071996,-0.091986,-0.18564,-0.26072,-0.3105,-0.35059,-0.38884,-0.43055,-0.47563,-0.51779,-0.55347,-0.57747,-0.59289,-0.60371,-0.60972,-0.61533,-0.61838,-0.62038,-0.62092,-0.62184,-0.61958,-0.62389,-0.62306,-0.61771,-0.60376,-0.60676,-0.62252,-0.61839,-0.58468,-0.55554,-0.54222,-0.50858,-0.53842,-0.4777,-0.60352,-0.63329,-0.4752,-0.46899,-0.51808,-0.52391
-0.073378,-0.096162,-0.20812,-0.29298,-0.34544,-0.38548,-0.41738,-0.44245,-0.46152,-0.47348,-0.47857,-0.47704,-0.4686,-0.45969,-0.4459,-0.43686,-0.42406,-0.41796,-0.40778,-0.4017,-0.3818,-0.40236,-0.39324,-0.36809,-0.3403,-0.31296,-0.40457,-0.34823,-0.21837,-0.21944,-0.24914,-0.28961,-0.22601,-0.27249,-0.62708,-0.65377,-0.4703,-0.43198,0.0089831,-0.0093006
-0.086794,-0.1072,-0.11084,-0.063983,-0.036476,-0.014734,0.013404,0.0464,0.078432,0.10345,0.12063,0.13357,0.14136,0.14753,0.15104,0.15299,0.15285,0.15517,0.15444,0.15098,0.13676,0.15113,0.14114,0.12675,0.088341,0.039349,0.072528,-0.030135,-0.49239,-0.51871,-0.061366,-0.016814,-0.098497,-0.088078,-0.18945,-0.18549,-0.40091,-0.4131,-0.36693,-0.35423
-0.086794,-0.1072,-0.11084,-0.063983,-0.036476,-0.014734,0.013404,0.0464,0.078432,0.10345,0.12063,0.13357,0.14136,0.14753,0.15104,0.15299,0.15285,0.15517,0.15444,0.15098,0.13676,0.15113,0.14114,0.12675,0.088341,0.039349,0.072528,-0.030135,-0.49239,-0.51871,-0.061366,-0.016814,-0.098497,-0.088078,-0.18945,-0.18549,-0.40091,-0.4131,-0.36693,-0.35423
-0.086794,-0.1072,-0.11084,-0.063983,-0.036476,-0.014734,0.013404,0.0464,0.078432,0.10345,0.12063,0.13357,0.14136,0.14753,0.15104,0.15299,0.15285,0.15517,0.15444,0.15098,0.13676,0.15113,0.14114,0.12675,0.088341,0.039349,0.072528,-0.030135,-0.49239,-0.51871,-0.061366,-0.016814,-0.098497,-0.088078,-0.18945,-0.18549,-0.40091,-0.4131,-0.36693,-0.35423
-0.12288,-0.14704,-0.20766,-0.22274,-0.20585,-0.16038,-0.086903,0.0071717,0.11445,0.21988,0.32806,0.42321,0.523,0.59815,0.67705,0.72442,0.75841,0.80189,0.79013,0.83045,0.73178,0.91441,0.86718,0.81724,0.59754,0.3762,0.28992,-0.13467,-0.86808,-0.91843,-0.33813,-0.21433,-0.2741,-0.24686,-0.35838,-0.34698,-0.50078,-0.54096,-0.72026,-0.70179
-0.12288,-0.14704,-0.20766,-0.22274,-0.20585,-0.16038,-0.086903,0.0071717,0.11445,0.21988,0.32806,0.42321,0.523,0.59815,0.67705,0.72442,0.75841,0.80189,0.79013,0.83045,0.73178,0.91441,0.86718,0.81724,0.59754,0.3762,0.28992,-0.13467,-0.86808,-0.91843,-0.33813,-0.21433,-0.2741,-0.24686,-0.35838,-0.34698,-0.50078,-0.54096,-0.72026,-0.70179
-0.17195,-0.20321,-0.30155,-0.37353,-0.43254,-0.48378,-0.52334,-0.54974,-0.56606,-0.57715,-0.58431,-0.58878,-0.59145,-0.59302,-0.5937,-0.59391,-0.5926,-0.59406,-0.59236,-0.58624,-0.58313,-0.56937,-0.56682,-0.87894,-0.7673,-0.58581,-0.624,-0.61911,-0.69268,-0.7111,-0.68319,-0.67345,-0.58683,-0.58721,-0.61656,-0.6168,-0.76377,-0.77212,-0.64944,-0.64468
-0.17195,-0.20321,-0.30155,-0.37353,-0.43254,-0.48378,-0.52334,-0.54974,-0.56606,-0.57715,-0.58431,-0.58878,-0.59145,-0.59302,-0.5937,-0.59391,-0.5926,-0.59406,-0.59236,-0.58624,-0.58313,-0.56937,-0.56682,-0.87894,-0.7673,-0.58581,-0.624,-0.61911,-0.69268,-0.7111,-0.68319,-0.67345,-0.58683,-0.58721,-0.61656,-0.6168,-0.76377,-0.77212,-0.64944,-0.64468
-0.17195,-0.20321,-0.30155,-0.37353,-0.43254,-0.48378,-0.52334,-0.54974,-0.56606,-0.57715,-0.58431,-0.58878,-0.59145,-0.59302,-0.5937,-0.59391,-0.5926,-0.59406,-0.59236,-0.58624,-0.58313,-0.56937,-0.56682,-0.87894,-0.7673,-0.58581,-0.624,-0.61911,-0.69268,-0.7111,-0.68319,-0.67345,-0.58683,-0.58721,-0.61656,-0.6168,-0.76377,-0.77212,-0.64944,-0.64468
-0.17195,-0.20321,-0.30155,-0.37353,-0.43254,-0.48378,-0.52334,-0.54974,-0.56606,-0.57715,-0.58431,-0.58878,-0.59145,-0.59302,-0.5937,-0.59391,-0.5926,-0.59406,-0.59236,-0.58624,-0.58313,-0.56937,-0.56682,-0.87894,-0.7673,-0.58581,-0.624,-0.61911,-0.69268,-0.7111,-0.68319,-0.67345,-0.58683,-0.58721,-0.61656,-0.6168,-0.76377,-0.77212,-0.64944,-0.64468
-0.17195,-0.20321,-0.30155,-0.37353,-0.43254,-0.48378,-0.52334,-0.54974,-0.56606,-0.57715,-0.58431,-0.58878,-0.59145,-0.59302,-0.5937,-0.59391,-0.5926,-0.59406,-0.59236,-0.58624,-0.58313,-0.56937,-0.56682,-0.87894,-0.7673,-0.58581,-0.624,-0.61911,-0.69268,-0.7111,-0.68319,-0.67345,-0.58683,-0.58721,-0.61656,-0.6168,-0.76377,-0.77212,-0.64944,-0.64468
-0.17195,-0.20321,-0.30155,-0.37353,-0.43254,-0.48378,-0.52334,-0.54974,-0.56606,-0.57715,-0.58431,-0.58878,-0.59145,-0.59302,-0.5937,-0.59391,-0.5926,-0.59406,-0.59236,-0.58624,-0.58313,-0.56937,-0.56682,-0.87894,-0.7673,-0.58581,-0.624,-0.61911,-0.69268,-0.7111,-0.68319,-0.67345,-0.58683,-0.58721,-0.61656,-0.6168,-0.76377,-0.77212,-0.64944,-0.64468
-0.18276,-0.21938,-0.31616,-0.36218,-0.3794,-0.36645,-0.32074,-0.25266,-0.16511,-0.073524,0.031485,0.12838,0.20639,0.3273,0.30729,0.50742,0.28806,0.6489,0.21077,-0.040992,-0.25058,-0.14812,-0.37434,-0.86619,-0.77866,-0.45007,-0.42682,-0.41245,-0.88714,-0.89477,-0.64173,-0.62341,-0.20018,-0.20287,-0.59107,-0.59747,-0.84211,-0.84443,-0.45512,-0.44455
-0.18276,-0.21938,-0.31616,-0.36218,-0.3794,-0.36645,-0.32074,-0.25266,-0.16511,-0.073524,0.031485,0.12838,0.20639,0.3273,0.30729,0.50742,0.28806,0.6489,0.21077,-0.040992,-0.25058,-0.14812,-0.37434,-0.86619,-0.77866,-0.45007,-0.42682,-0.41245,-0.88714,-0.89477,-0.64173,-0.62341,-0.20018,-0.20287,-0.59107,-0.59747,-0.84211,-0.84443,-0.45512,-0.44455
-0.19395,-0.2402,-0.38979,-0.52961,-0.65565,-0.72829,-0.75657,-0.76833,-0.77373,-0.77644,-0.7771,-0.77813,-0.77719,-0.76414,-0.70833,-0.68918,-0.65191,-0.67118,-0.72652,-0.6441,-0.64044,-0.99879,-0.99295,-0.75358,-0.75796,-0.63965,-0.96922,-0.94795,-0.76227,-0.76464,-0.64053,-0.64094,-0.89605,-0.87725,-0.76852,-0.76972,-0.64216,-0.64267,-0.84053,-0.82775
-0.19395,-0.2402,-0.38979,-0.52961,-0.65565,-0.72829,-0.75657,-0.76833,-0.77373,-0.77644,-0.7771,-0.77813,-0.77719,-0.76414,-0.70833,-0.68918,-0.65191,-0.67118,-0.72652,-0.6441,-0.64044,-0.99879,-0.99295,-0.75358,-0.75796,-0.63965,-0.96922,-0.94795,-0.76227,-0.76464,-0.64053,-0.64094,-0.89605,-0.87725,-0.76852,-0.76972,-0.64216,-0.64267,-0.84053,-0.82775
-0.19395,-0.2402,-0.38979,-0.52961,-0.65565,-0.72829,-0.75657,-0.76833,-0.77373,-0.77644,-0.7771,-0.77813,-0.77719,-0.76414,-0.70833,-0.68918,-0.65191,-0.67118,-0.72652,-0.6441,-0.64044,-0.99879,-0.99295,-0.75358,-0.75796,-0.63965,-0.96922,-0.94795,-0.76227,-0.76464,-0.64053,-0.64094,-0.89605,-0.87725,-0.76852,-0.76972,-0.64216,-0.64267,-0.84053,-0.82775
-0.19395,-0.2402,-0.38979,-0.52961,-0.65565,-0.72829,-0.75657,-0.76833,-0.77373,-0.77644,-0.7771,-0.77813,-0.77719,-0.76414,-0.70833,-0.68918,-0.65191,-0.67118,-0.72652,-0.6441,-0.64044,-0.99879,-0.99295,-0.75358,-0.75796,-0.63965,-0.96922,-0.94795,-0.76227,-0.76464,-0.64053,-0.64094,-0.89605,-0.87725,-0.76852,-0.76972,-0.64216,-0.64267,-0.84053,-0.82775
-0.19395,-0.2402,-0.38979,-0.52961,-0.65565,-0.72829,-0.75657,-0.76833,-0.77373,-0.77644,-0.7771,-0.77813,-0.77719,-0.76414,-0.70833,-0.68918,-0.65191,-0.67118,-0.72652,-0.6441,-0.64044,-0.99879,-0.99295,-0.75358,-0.75796,-0.63965,-0.96922,-0.94795,-0.76227,-0.76464,-0.64053,-0.64094,-0.89605,-0.87725,-0.76852,-0.76972,-0.64216,-0.64267,-0.84053,-0.82775
-0.19395,-0.2402,-0.38979,-0.52961,-0.65565,-0.72829,-0.75657,-0.76833,-0.77373,-0.77644,-0.7771,-0.77813,-0.77719,-0.76414,-0.70833,-0.68918,-0.65191,-0.67118,-0.72652,-0.6441,-0.64044,-0.99879,-0.99295,-0.75358,-0.75796,-0.63965,-0.96922,-0.94795,-0.76227,-0.76464,-0.64053,-0.64094,-0.89605,-0.87725,-0.76852,-0.76972,-0.64216,-0.64267,-0.84053,-0.82775
-0.19395,-0.2402,-0.38979,-0.52961,-0.65565,-0.72829,-0.75657,-0.76833,-0.77373,-0.77644,-0.7771,-0.77813,-0.77719,-0.76414,-0.70833,-0.68918,-0.65191,-0.67118,-0.72652,-0.6441,-0.64044,-0.99879,-0.99295,-0.75358,-0.75796,-0.63965,-0.96922,-0.94795,-0.76227,-0.76464,-0.64053,-0.64094,-0.89605,-0.87725,-0.76852,-0.76972,-0.64216,-0.64267,-0.84053,-0.82775
-0.19395,-0.2402,-0.38979,-0.52961,-0.65565,-0.72829,-0.75657,-0.76833,-0.77373,-0.77644,-0.7771,-0.77813,-0.77719,-0.76414,-0.70833,-0.68918,-0.65191,-0.67118,-0.72652,-0.6441,-0.64044,-0.99879,-0.99295,-0.75358,-0.75796,-0.63965,-0.96922,-0.94795,-0.76227,-0.76464,-0.64053,-0.64094,-0.89605,-0.87725,-0.76852,-0.76972,-0.64216,-0.64267,-0.84053,-0.82775
