-0.00038779,-0.00053917,-0.0015834,-0.0031119,-0.0049069,-0.0070998,-0.0096726,-0.012721,-0.016043,-0.019675,-0.023106,-0.026092,-0.028346,-0.029425,-0.029683,-0.028409,-0.026559,-0.023,-0.019217,-0.013518,-0.0079885,-0.00030279,0.0067871,0.016216,0.024621,0.035429,0.04656,0.056564,0.068348,0.078759,0.090727,0.10117,0.11294,0.12312,0.13436,0.14404,0.15455,0.16358,0.17326,0.18156
-0.0015439,-0.002149,-0.0063488,-0.012573,-0.019824,-0.027325,-0.032845,-0.034102,-0.031023,-0.022626,-0.010929,0.0057979,0.023889,0.046051,0.067439,0.091315,0.11285,0.13535,0.15486,0.17437,0.19094,0.20725,0.22098,0.23463,0.24609,0.25782,0.26867,0.27806,0.28785,0.29631,0.30532,0.31314,0.32158,0.32891,0.33694,0.34389,0.35161,0.35827,0.36581,0.37227
-0.0034628,-0.0048289,-0.01429,-0.025032,-0.026611,-0.016505,0.0028943,0.030087,0.061224,0.09579,0.12894,0.16112,0.1891,0.2144,0.23554,0.2546,0.2705,0.28554,0.29821,0.31087,0.32164,0.33283,0.34241,0.35269,0.3615,0.37142,0.38119,0.3898,0.39973,0.40837,0.41862,0.42741,0.43803,0.44701,0.45794,0.46712,0.47824,0.48757,0.4988,0.50823
-0.0061376,-0.0085364,-0.018519,-0.013005,0.0039047,0.027311,0.057647,0.093915,0.13031,0.16471,0.19415,0.22012,0.24189,0.26219,0.27974,0.29725,0.31277,0.32892,0.34336,0.35896,0.37285,0.3883,0.40187,0.41732,0.43066,0.44602,0.46096,0.47423,0.48887,0.50181,0.51612,0.52874,0.54275,0.55508,0.56879,0.58086,0.5942,0.60602,0.61892,0.63047
-0.0096789,-0.013415,-0.026682,-0.002394,0.055372,0.12299,0.18474,0.23345,0.26911,0.29512,0.31475,0.33128,0.34526,0.3588,0.37102,0.38418,0.39633,0.4105,0.42339,0.43888,0.45265,0.46926,0.4838,0.50108,0.51614,0.53382,0.5512,0.56699,0.58432,0.60009,0.61697,0.63248,0.64861,0.66362,0.67875,0.69306,0.70703,0.72051,0.73323,0.74578
-0.013645,-0.018666,-0.03712,-0.013097,0.049538,0.11692,0.17341,0.21867,0.25469,0.28551,0.31115,0.33406,0.35376,0.37318,0.39056,0.40984,0.42719,0.44734,0.46526,0.48606,0.50435,0.52528,0.5436,0.5642,0.58223,0.60202,0.62076,0.63803,0.65544,0.67169,0.68762,0.70275,0.71716,0.73112,0.74407,0.7569,0.76856,0.78034,0.79078,0.80158
-0.018603,-0.023923,-0.010248,0.050302,0.11555,0.17067,0.21394,0.25013,0.28197,0.31328,0.34287,0.37326,0.40173,0.43137,0.45855,0.48722,0.5131,0.54058,0.56521,0.59124,0.61458,0.6387,0.66049,0.6821,0.70196,0.72075,0.73779,0.75436,0.76885,0.78327,0.79539,0.80782,0.81804,0.82875,0.83744,0.8467,0.85423,0.86236,0.8689,0.87614
-0.02355,-0.013318,0.10116,0.24046,0.33111,0.38599,0.42045,0.44651,0.46897,0.49159,0.51352,0.53771,0.56076,0.58623,0.60956,0.63494,0.65773,0.68226,0.70413,0.72706,0.74759,0.76822,0.78693,0.80478,0.82134,0.83637,0.84981,0.86301,0.87402,0.88511,0.89407,0.90331,0.91056,0.91823,0.92411,0.93053,0.93533,0.94075,0.94472,0.94937
-0.031083,-0.028703,0.0089162,0.089143,0.17104,0.23634,0.28718,0.32912,0.36485,0.3987,0.43035,0.46438,0.49656,0.53127,0.56323,0.5966,0.62685,0.65727,0.68484,0.7114,0.7358,0.75837,0.77958,0.79839,0.81664,0.83223,0.84645,0.86079,0.87249,0.88465,0.89443,0.90484,0.91285,0.92177,0.92827,0.93588,0.94147,0.94804,0.95255,0.95812
-0.038998,-0.014972,0.1398,0.27471,0.33671,0.3701,0.39444,0.41909,0.44553,0.47623,0.50696,0.54016,0.57143,0.60437,0.63474,0.66581,0.69436,0.72204,0.74774,0.77126,0.79353,0.81275,0.8315,0.84684,0.86229,0.87452,0.8855,0.89694,0.90568,0.91518,0.92239,0.93044,0.93643,0.94332,0.94833,0.95423,0.95833,0.96327,0.96658,0.97063
-0.04382,-0.0058542,0.18685,0.32906,0.39301,0.43044,0.46073,0.49183,0.52421,0.5603,0.59549,0.63183,0.66502,0.69729,0.72609,0.75274,0.77659,0.79774,0.81712,0.83376,0.84955,0.86287,0.87595,0.88685,0.89792,0.90706,0.91538,0.9243,0.93123,0.93903,0.94492,0.95176,0.95646,0.96226,0.96597,0.97072,0.97371,0.97752,0.97952,0.98236
-0.056079,-0.044097,0.073561,0.17679,0.23524,0.27853,0.31338,0.34573,0.37788,0.41317,0.4488,0.48719,0.52426,0.5621,0.59782,0.63232,0.665,0.69515,0.72434,0.75029,0.77608,0.79816,0.82081,0.83942,0.85929,0.87447,0.88832,0.90385,0.91487,0.92778,0.93622,0.9465,0.95284,0.96069,0.96509,0.97072,0.97357,0.9772,0.97865,0.98022
-0.055341,-0.044464,0.061262,0.15448,0.21111,0.25851,0.3008,0.34085,0.37974,0.42051,0.46093,0.5033,0.544,0.58381,0.62117,0.65512,0.68712,0.71475,0.74136,0.76375,0.78594,0.80435,0.82334,0.83865,0.85533,0.86847,0.88062,0.89445,0.90452,0.91657,0.92481,0.93505,0.94136,0.94972,0.95367,0.95972,0.96191,0.96528,0.96667,0.96712
0.085877,0.1152,0.26856,0.37793,0.44826,0.5147,0.57867,0.63855,0.69112,0.73798,0.77821,0.81309,0.84292,0.86753,0.88889,0.90579,0.9209,0.93247,0.94314,0.95111,0.95876,0.9642,0.96978,0.97372,0.97793,0.98076,0.98336,0.98601,0.98803,0.99001,0.99127,0.99257,0.9931,0.99354,0.99431,0.99415,0.99426,0.99296,0.99373,0.99128
-0.078823,-0.038981,0.1365,0.25672,0.32429,0.38118,0.43931,0.50135,0.56234,0.62132,0.67486,0.72141,0.76214,0.79438,0.8226,0.8435,0.86236,0.87607,0.8891,0.8988,0.90868,0.91651,0.92493,0.93144,0.93888,0.94455,0.94967,0.95576,0.95956,0.96451,0.96681,0.96998,0.97095,0.9713,0.97378,0.97212,0.97658,0.97413,0.97247,0.96336
-0.083807,-0.014629,0.22117,0.33151,0.38755,0.43577,0.48692,0.54187,0.59535,0.6469,0.69356,0.73514,0.77216,0.8031,0.83123,0.8537,0.87496,0.8914,0.90785,0.92001,0.93303,0.94229,0.95267,0.95938,0.96723,0.97207,0.97627,0.98073,0.98317,0.98554,0.98721,0.98772,0.9886,0.98667,0.98968,0.9864,0.99212,0.98925,0.99227,0.98749
-0.0024814,0.039399,0.23945,0.38785,0.47854,0.54911,0.61128,0.66907,0.72073,0.76579,0.80389,0.83383,0.85873,0.87696,0.89265,0.90413,0.91475,0.92291,0.9312,0.9379,0.94522,0.95084,0.95742,0.96203,0.96778,0.97101,0.97366,0.97697,0.97863,0.97977,0.98171,0.98088,0.98363,0.98107,0.98249,0.97571,0.98036,0.96921,0.97781,0.96313
-0.11359,-0.071204,0.14014,0.30021,0.39749,0.47517,0.54591,0.61193,0.67093,0.72352,0.76957,0.80922,0.84429,0.87313,0.899,0.91875,0.937,0.94958,0.9618,0.96952,0.97732,0.98185,0.98643,0.98912,0.99156,0.9929,0.99424,0.9945,0.99552,0.99454,0.99607,0.99413,0.99796,0.99694,0.9967,0.9931,0.99155,0.98194,0.97954,0.96036
-0.12133,-0.080258,0.14927,0.33342,0.42944,0.50101,0.57097,0.64121,0.70646,0.7625,0.8098,0.84652,0.87703,0.89951,0.91873,0.93258,0.94521,0.95427,0.96308,0.96923,0.97546,0.97952,0.98379,0.9857,0.9877,0.98848,0.98993,0.98871,0.99174,0.98943,0.99157,0.98635,0.98827,0.97704,0.9871,0.9746,0.9847,0.97086,0.94834,0.91323
-0.12133,-0.080258,0.14927,0.33342,0.42944,0.50101,0.57097,0.64121,0.70646,0.7625,0.8098,0.84652,0.87703,0.89951,0.91873,0.93258,0.94521,0.95427,0.96308,0.96923,0.97546,0.97952,0.98379,0.9857,0.9877,0.98848,0.98993,0.98871,0.99174,0.98943,0.99157,0.98635,0.98827,0.97704,0.9871,0.9746,0.9847,0.97086,0.94834,0.91323
-0.0061432,0.042661,0.2332,0.37803,0.4742,0.54904,0.61494,0.67331,0.72249,0.75984,0.78902,0.81025,0.82786,0.84206,0.85551,0.86725,0.8797,0.88989,0.90194,0.90983,0.92039,0.9264,0.93455,0.93722,0.93958,0.9431,0.94782,0.94228,0.94678,0.92919,0.95348,0.93768,0.95372,0.93015,0.95054,0.91871,0.8501,0.77143,0.69235,0.55954
0.18716,0.21164,0.33719,0.47601,0.59233,0.67956,0.74297,0.79004,0.82615,0.85302,0.87493,0.89201,0.90771,0.92057,0.93395,0.94434,0.95577,0.96354,0.97211,0.97661,0.98113,0.98411,0.9849,0.98671,0.98239,0.98903,0.9944,0.99106,0.99183,0.97997,0.99208,0.97997,0.95683,0.91838,0.92475,0.87974,0.868,0.80608,0.75934,0.66396
0.18716,0.21164,0.33719,0.47601,0.59233,0.67956,0.74297,0.79004,0.82615,0.85302,0.87493,0.89201,0.90771,0.92057,0.93395,0.94434,0.95577,0.96354,0.97211,0.97661,0.98113,0.98411,0.9849,0.98671,0.98239,0.98903,0.9944,0.99106,0.99183,0.97997,0.99208,0.97997,0.95683,0.91838,0.92475,0.87974,0.868,0.80608,0.75934,0.66396
0.18716,0.21164,0.33719,0.47601,0.59233,0.67956,0.74297,0.79004,0.82615,0.85302,0.87493,0.89201,0.90771,0.92057,0.93395,0.94434,0.95577,0.96354,0.97211,0.97661,0.98113,0.98411,0.9849,0.98671,0.98239,0.98903,0.9944,0.99106,0.99183,0.97997,0.99208,0.97997,0.95683,0.91838,0.92475,0.87974,0.868,0.80608,0.75934,0.66396
0.25598,0.28275,0.43084,0.58629,0.69906,0.77786,0.83263,0.86916,0.89337,0.90841,0.91876,0.92616,0.93244,0.93795,0.9438,0.94866,0.9546,0.9586,0.9637,0.96606,0.96759,0.97089,0.96826,0.97177,0.96181,0.96641,0.98356,0.97531,0.98059,0.9596,0.93383,0.8816,0.80271,0.7265,0.51505,0.48545,0.40183,0.49915,0.75887,0.77496
0.25598,0.28275,0.43084,0.58629,0.69906,0.77786,0.83263,0.86916,0.89337,0.90841,0.91876,0.92616,0.93244,0.93795,0.9438,0.94866,0.9546,0.9586,0.9637,0.96606,0.96759,0.97089,0.96826,0.97177,0.96181,0.96641,0.98356,0.97531,0.98059,0.9596,0.93383,0.8816,0.80271,0.7265,0.51505,0.48545,0.40183,0.49915,0.75887,0.77496
0.37128,0.37161,0.43695,0.55358,0.65605,0.73377,0.79185,0.83672,0.87332,0.90272,0.92807,0.9467,0.96307,0.9734,0.98234,0.98736,0.9911,0.99362,0.99423,0.99604,0.99417,0.99819,0.99656,0.9979,0.99263,0.98718,0.99141,0.9782,0.98879,0.97613,0.92941,0.87426,0.77502,0.64557,0.31442,0.2199,0.46804,0.57441,0.76416,0.77852
0.37128,0.37161,0.43695,0.55358,0.65605,0.73377,0.79185,0.83672,0.87332,0.90272,0.92807,0.9467,0.96307,0.9734,0.98234,0.98736,0.9911,0.99362,0.99423,0.99604,0.99417,0.99819,0.99656,0.9979,0.99263,0.98718,0.99141,0.9782,0.98879,0.97613,0.92941,0.87426,0.77502,0.64557,0.31442,0.2199,0.46804,0.57441,0.76416,0.77852
-0.040415,0.036688,0.27064,0.40092,0.50769,0.59715,0.66372,0.71018,0.74597,0.77526,0.80436,0.82983,0.85827,0.87918,0.90246,0.91675,0.92779,0.94007,0.93637,0.95278,0.93126,0.97887,0.97323,0.97182,0.9201,0.82609,0.77574,0.58271,-0.49158,-0.63598,0.57028,0.63358,0.52585,0.54229,0.43956,0.4472,0.077798,0.029875,0.067467,0.097056
-0.040415,0.036688,0.27064,0.40092,0.50769,0.59715,0.66372,0.71018,0.74597,0.77526,0.80436,0.82983,0.85827,0.87918,0.90246,0.91675,0.92779,0.94007,0.93637,0.95278,0.93126,0.97887,0.97323,0.97182,0.9201,0.82609,0.77574,0.58271,-0.49158,-0.63598,0.57028,0.63358,0.52585,0.54229,0.43956,0.4472,0.077798,0.029875,0.067467,0.097056
-0.040415,0.036688,0.27064,0.40092,0.50769,0.59715,0.66372,0.71018,0.74597,0.77526,0.80436,0.82983,0.85827,0.87918,0.90246,0.91675,0.92779,0.94007,0.93637,0.95278,0.93126,0.97887,0.97323,0.97182,0.9201,0.82609,0.77574,0.58271,-0.49158,-0.63598,0.57028,0.63358,0.52585,0.54229,0.43956,0.4472,0.077798,0.029875,0.067467,0.097056
-0.040415,0.036688,0.27064,0.40092,0.50769,0.59715,0.66372,0.71018,0.74597,0.77526,0.80436,0.82983,0.85827,0.87918,0.90246,0.91675,0.92779,0.94007,0.93637,0.95278,0.93126,0.97887,0.97323,0.97182,0.9201,0.82609,0.77574,0.58271,-0.49158,-0.63598,0.57028,0.63358,0.52585,0.54229,0.43956,0.4472,0.077798,0.029875,0.067467,0.097056
-0.040415,0.036688,0.27064,0.40092,0.50769,0.59715,0.66372,0.71018,0.74597,0.77526,0.80436,0.82983,0.85827,0.87918,0.90246,0.91675,0.92779,0.94007,0.93637,0.95278,0.93126,0.97887,0.97323,0.97182,0.9201,0.82609,0.77574,0.58271,-0.49158,-0.63598,0.57028,0.63358,0.52585,0.54229,0.43956,0.4472,0.077798,0.029875,0.067467,0.097056
-0.040415,0.036688,0.27064,0.40092,0.50769,0.59715,0.66372,0.71018,0.74597,0.77526,0.80436,0.82983,0.85827,0.87918,0.90246,0.91675,0.92779,0.94007,0.93637,0.95278,0.93126,0.97887,0.97323,0.97182,0.9201,0.82609,0.77574,0.58271,-0.49158,-0.63598,0.57028,0.63358,0.52585,0.54229,0.43956,0.4472,0.077798,0.029875,0.067467,0.097056
-0.040415,0.036688,0.27064,0.40092,0.50769,0.59715,0.66372,0.71018,0.74597,0.77526,0.80436,0.82983,0.85827,0.87918,0.90246,0.91675,0.92779,0.94007,0.93637,0.95278,0.93126,0.97887,0.97323,0.97182,0.9201,0.82609,0.77574,0.58271,-0.49158,-0.63598,0.57028,0.63358,0.52585,0.54229,0.43956,0.4472,0.077798,0.029875,0.067467,0.097056
0.089651,0.13354,0.35456,0.56184,0.7075,0.80928,0.8823,0.93117,0.96315,0.98049,0.99009,0.99517,0.99732,0.99884,0.99886,0.99951,0.99833,0.99969,0.99836,0.99499,0.98088,0.99444,0.98332,0.97543,0.94046,0.86649,0.88429,0.72635,-0.55312,-0.71146,0.53654,0.63591,0.65139,0.67253,0.56854,0.57508,-0.18142,-0.21602,-0.062708,-0.016159
-0.063067,-0.018514,0.25486,0.55172,0.7518,0.86669,0.92773,0.95839,0.97449,0.9838,0.98955,0.9929,0.99416,0.9965,0.99493,0.9968,0.98701,0.99672,0.98428,0.92175,0.79216,0.74698,0.35436,-0.43569,-0.0022492,0.66856,0.35981,0.39107,-0.5144,-0.56895,0.24204,0.28548,0.77839,0.77912,0.42909,0.42409,-0.66014,-0.67506,0.44296,0.46506
-0.063067,-0.018514,0.25486,0.55172,0.7518,0.86669,0.92773,0.95839,0.97449,0.9838,0.98955,0.9929,0.99416,0.9965,0.99493,0.9968,0.98701,0.99672,0.98428,0.92175,0.79216,0.74698,0.35436,-0.43569,-0.0022492,0.66856,0.35981,0.39107,-0.5144,-0.56895,0.24204,0.28548,0.77839,0.77912,0.42909,0.42409,-0.66014,-0.67506,0.44296,0.46506
-0.063067,-0.018514,0.25486,0.55172,0.7518,0.86669,0.92773,0.95839,0.97449,0.9838,0.98955,0.9929,0.99416,0.9965,0.99493,0.9968,0.98701,0.99672,0.98428,0.92175,0.79216,0.74698,0.35436,-0.43569,-0.0022492,0.66856,0.35981,0.39107,-0.5144,-0.56895,0.24204,0.28548,0.77839,0.77912,0.42909,0.42409,-0.66014,-0.67506,0.44296,0.46506
-0.063067,-0.018514,0.25486,0.55172,0.7518,0.86669,0.92773,0.95839,0.97449,0.9838,0.98955,0.9929,0.99416,0.9965,0.99493,0.9968,0.98701,0.99672,0.98428,0.92175,0.79216,0.74698,0.35436,-0.43569,-0.0022492,0.66856,0.35981,0.39107,-0.5144,-0.56895,0.24204,0.28548,0.77839,0.77912,0.42909,0.42409,-0.66014,-0.67506,0.44296,0.46506
