-0.00064497,-0.00022484,0.0040161,0.014341,0.030326,0.04949,0.068627,0.086243,0.10138,0.11453,0.12558,0.1356,0.14428,0.15294,0.16069,0.1691,0.17668,0.18527,0.19292,0.20171,0.2094,0.21825,0.22586,0.23459,0.24198,0.25045,0.25861,0.26569,0.27351,0.28023,0.28771,0.2941,0.30128,0.30738,0.3143,0.32014,0.32686,0.3325,0.33905,0.34452
0.0084334,0.016709,0.063397,0.10439,0.12881,0.14668,0.16204,0.17729,0.19251,0.20884,0.22461,0.24111,0.25617,0.27162,0.28529,0.29942,0.31175,0.32485,0.3362,0.34863,0.35933,0.37135,0.38162,0.39334,0.40327,0.41472,0.4258,0.43543,0.44616,0.45539,0.46568,0.47446,0.48426,0.49253,0.50179,0.50955,0.51826,0.52549,0.53366,0.54039
0.021938,0.02953,0.069992,0.10918,0.14103,0.17152,0.20084,0.22912,0.25479,0.27918,0.30078,0.32198,0.34081,0.36016,0.37734,0.39556,0.41156,0.42876,0.44363,0.45965,0.47327,0.48796,0.50025,0.51353,0.5245,0.53647,0.54761,0.55701,0.5671,0.57552,0.58473,0.59234,0.6008,0.60774,0.61559,0.62198,0.62928,0.63518,0.64199,0.64747
0.099873,0.10712,0.14028,0.17299,0.20471,0.23704,0.26763,0.29623,0.32198,0.34683,0.36941,0.39224,0.41286,0.43414,0.45296,0.47248,0.48931,0.50681,0.52156,0.53702,0.54982,0.56348,0.57463,0.5868,0.59661,0.60759,0.61782,0.62632,0.63562,0.6433,0.65177,0.65873,0.66641,0.67271,0.67968,0.68538,0.69164,0.69678,0.70243,0.70705
0.073185,0.085813,0.14019,0.18922,0.23153,0.27024,0.305,0.33758,0.36757,0.39712,0.42406,0.45077,0.4743,0.4975,0.51727,0.53686,0.55319,0.56975,0.58336,0.59763,0.60925,0.62182,0.63196,0.64315,0.65212,0.6621,0.67128,0.67894,0.68706,0.69383,0.70101,0.70698,0.71332,0.71857,0.72418,0.72881,0.73379,0.73788,0.74233,0.74595
0.061118,0.075364,0.15293,0.2249,0.27696,0.32074,0.35978,0.39653,0.43,0.46177,0.48957,0.51566,0.53771,0.55869,0.57613,0.59336,0.60761,0.62225,0.63429,0.64696,0.65732,0.66829,0.67723,0.68668,0.69437,0.70247,0.70981,0.71602,0.72233,0.72766,0.73313,0.73773,0.74252,0.74651,0.75074,0.75423,0.75798,0.76106,0.76441,0.76716
0.14928,0.15689,0.20979,0.2693,0.31564,0.35597,0.39296,0.42851,0.46128,0.4927,0.52027,0.54655,0.56879,0.59044,0.60845,0.62649,0.64135,0.65648,0.66883,0.68143,0.69166,0.70205,0.71047,0.71903,0.72595,0.73303,0.73935,0.74466,0.74998,0.75443,0.75898,0.76275,0.76668,0.76993,0.77337,0.77619,0.77924,0.78173,0.78441,0.78661
0.095834,0.11106,0.19599,0.27245,0.32856,0.37857,0.42416,0.46597,0.50216,0.5345,0.56148,0.58627,0.60691,0.62688,0.6435,0.6601,0.67381,0.68764,0.69896,0.71042,0.71974,0.72925,0.73693,0.74493,0.75133,0.75813,0.76431,0.76941,0.77477,0.77917,0.78386,0.78769,0.79183,0.7952,0.7988,0.80176,0.80487,0.80745,0.81012,0.81235
0.1336,0.14564,0.22118,0.29617,0.35319,0.40431,0.45008,0.49037,0.52403,0.55355,0.57812,0.60095,0.62013,0.63857,0.65397,0.6688,0.68109,0.69286,0.70258,0.71192,0.71961,0.72712,0.73327,0.73941,0.74441,0.74953,0.75409,0.75795,0.76178,0.76502,0.76818,0.77089,0.77346,0.77569,0.77773,0.77953,0.78106,0.78246,0.78352,0.78455
0.122,0.14111,0.23153,0.30835,0.36875,0.42372,0.47257,0.51551,0.55147,0.58341,0.61002,0.63479,0.65537,0.67491,0.69098,0.70641,0.71899,0.73131,0.74127,0.75133,0.75938,0.76777,0.77443,0.78156,0.78717,0.79326,0.7987,0.8032,0.80774,0.81153,0.8153,0.81847,0.82152,0.82412,0.82654,0.82865,0.8305,0.83215,0.83344,0.83467
0.10679,0.13539,0.2623,0.36249,0.43222,0.488,0.53231,0.56805,0.59658,0.62136,0.64188,0.66054,0.67602,0.69017,0.70185,0.71264,0.72152,0.72998,0.73689,0.74374,0.74929,0.75501,0.7596,0.76448,0.76837,0.77246,0.77608,0.77913,0.78204,0.78453,0.78675,0.7887,0.79023,0.79165,0.7925,0.7934,0.79356,0.79393,0.79349,0.79336
0.080362,0.1063,0.23784,0.35091,0.42994,0.49073,0.53709,0.57406,0.60389,0.63025,0.65225,0.67206,0.68841,0.70311,0.71518,0.72625,0.73533,0.74384,0.7508,0.75737,0.76276,0.76783,0.772,0.77576,0.77892,0.78163,0.78374,0.78568,0.78691,0.78813,0.7885,0.78903,0.78856,0.78843,0.78721,0.78643,0.78455,0.78321,0.78084,0.77905
0.19433,0.21781,0.32235,0.409,0.47355,0.52535,0.56642,0.60106,0.63013,0.65698,0.67973,0.70138,0.71933,0.73656,0.7505,0.76404,0.77479,0.78554,0.79397,0.80274,0.80956,0.81679,0.8224,0.82839,0.83303,0.83793,0.84216,0.84565,0.84892,0.85166,0.85403,0.85605,0.85763,0.85901,0.8599,0.86072,0.86106,0.86143,0.86132,0.86132
0.13074,0.17062,0.32599,0.43517,0.50997,0.56775,0.61306,0.65067,0.68122,0.7075,0.72868,0.747,0.76168,0.77483,0.78541,0.79538,0.80338,0.81122,0.81748,0.82364,0.82855,0.83336,0.83718,0.84082,0.84373,0.84642,0.84854,0.85036,0.85164,0.85279,0.85336,0.8539,0.8539,0.85397,0.85355,0.85327,0.85255,0.85203,0.8513,0.8507
0.17064,0.19492,0.30737,0.40179,0.47068,0.5262,0.57142,0.60974,0.6413,0.66827,0.69013,0.709,0.72428,0.73785,0.74887,0.75908,0.76736,0.77525,0.78165,0.78774,0.79269,0.79724,0.80101,0.80419,0.8069,0.80863,0.80956,0.81057,0.81018,0.81011,0.80858,0.80752,0.80501,0.80311,0.79989,0.79732,0.79385,0.79086,0.78735,0.78417
0.14247,0.16873,0.29457,0.40312,0.48035,0.53957,0.5862,0.62484,0.65618,0.68287,0.70449,0.72368,0.73936,0.75407,0.76612,0.77777,0.78727,0.79636,0.80376,0.81063,0.81626,0.82119,0.82532,0.82859,0.83143,0.83322,0.83438,0.8355,0.83566,0.83592,0.83537,0.83505,0.83413,0.83346,0.83263,0.8319,0.83133,0.83076,0.83052,0.8302
0.20144,0.22183,0.32892,0.42328,0.48762,0.53655,0.57621,0.6103,0.63906,0.66415,0.6849,0.70309,0.71783,0.731,0.74159,0.7513,0.75909,0.76612,0.77178,0.77653,0.78041,0.78312,0.78543,0.78626,0.7871,0.78636,0.78503,0.78401,0.78176,0.77997,0.77731,0.77514,0.77273,0.77062,0.76878,0.76706,0.76594,0.76478,0.76449,0.76397
0.22593,0.2614,0.41371,0.52581,0.59413,0.64116,0.67549,0.70188,0.72226,0.7383,0.75089,0.76112,0.76935,0.77649,0.78236,0.78764,0.79199,0.79574,0.79884,0.80103,0.80289,0.80339,0.80391,0.80272,0.80188,0.7992,0.79602,0.79337,0.78936,0.78594,0.78172,0.77797,0.77396,0.77025,0.76668,0.76328,0.7604,0.75748,0.7554,0.7531
0.22605,0.26647,0.43334,0.53862,0.59926,0.64363,0.67879,0.70767,0.73087,0.75012,0.76572,0.77946,0.79074,0.80125,0.8098,0.81797,0.82456,0.83076,0.83577,0.84014,0.84374,0.84636,0.84863,0.84973,0.85081,0.85077,0.85033,0.85002,0.84907,0.8482,0.84697,0.84577,0.84439,0.843,0.84158,0.8401,0.83873,0.83725,0.83597,0.83454
0.26407,0.29432,0.42017,0.50955,0.56854,0.61554,0.65401,0.68608,0.71203,0.73373,0.75105,0.76661,0.7793,0.79201,0.80242,0.81302,0.82163,0.82993,0.8367,0.84265,0.84756,0.85139,0.85461,0.85675,0.8586,0.85943,0.85986,0.86025,0.86021,0.86009,0.8597,0.85928,0.85877,0.8582,0.85769,0.85706,0.85659,0.856,0.85558,0.85504
0.21624,0.24937,0.39604,0.50824,0.58191,0.63638,0.67775,0.71096,0.73793,0.76184,0.78191,0.80076,0.81644,0.83128,0.84342,0.85469,0.86388,0.87201,0.87876,0.88424,0.88892,0.89225,0.89525,0.897,0.89871,0.89946,0.90007,0.90059,0.9008,0.9009,0.90091,0.90075,0.90066,0.90035,0.9002,0.89981,0.89956,0.8991,0.8988,0.89831
0.24261,0.28698,0.47385,0.5827,0.64208,0.68616,0.72118,0.75053,0.77463,0.796,0.81351,0.82942,0.84218,0.8536,0.8626,0.8704,0.87656,0.88157,0.88556,0.88848,0.89084,0.89223,0.89342,0.89378,0.89418,0.89417,0.89405,0.89397,0.89375,0.89356,0.89335,0.89314,0.89298,0.89281,0.89271,0.89259,0.89258,0.89253,0.89263,0.89267
0.28045,0.30399,0.43384,0.53839,0.60702,0.65941,0.69865,0.72772,0.74969,0.76731,0.78165,0.7944,0.80514,0.81512,0.82358,0.83112,0.83756,0.84247,0.84675,0.84908,0.85125,0.85144,0.85179,0.85053,0.84949,0.84751,0.84539,0.84304,0.84051,0.83762,0.83486,0.83163,0.82867,0.82522,0.82212,0.81854,0.81538,0.81173,0.8085,0.80482
0.21883,0.26337,0.44861,0.56697,0.63951,0.6933,0.73339,0.76356,0.78581,0.8034,0.81678,0.8284,0.83754,0.84572,0.85231,0.8579,0.86248,0.86587,0.86868,0.87031,0.8717,0.87202,0.87233,0.87211,0.87184,0.87135,0.87085,0.87024,0.86976,0.86915,0.86877,0.86825,0.86803,0.86767,0.8677,0.86754,0.86785,0.86795,0.86859,0.86899
0.22142,0.26402,0.44477,0.56257,0.63803,0.6953,0.73825,0.7705,0.79393,0.81207,0.82538,0.83636,0.84454,0.85126,0.85628,0.85988,0.86251,0.86368,0.8644,0.86382,0.86317,0.86165,0.86026,0.85863,0.85708,0.8556,0.85435,0.8531,0.85224,0.85133,0.85088,0.85035,0.85031,0.85015,0.85054,0.85076,0.85154,0.85212,0.8533,0.85423
0.33097,0.36596,0.50399,0.59353,0.6506,0.6937,0.72665,0.75241,0.77272,0.79031,0.80482,0.81816,0.82911,0.83878,0.84663,0.85274,0.8577,0.86082,0.8634,0.86439,0.86525,0.86518,0.86504,0.86447,0.8638,0.86305,0.86231,0.86133,0.86052,0.85946,0.85857,0.85744,0.8565,0.85533,0.85433,0.85313,0.85209,0.85086,0.8498,0.84855
0.32314,0.34524,0.46387,0.55883,0.62149,0.66849,0.70379,0.73049,0.75135,0.76813,0.78162,0.79214,0.80044,0.80583,0.80984,0.81097,0.81139,0.80918,0.80689,0.80267,0.79872,0.79402,0.78954,0.78507,0.78075,0.77709,0.77402,0.77083,0.7688,0.7666,0.76574,0.7646,0.76489,0.76483,0.76626,0.76727,0.76965,0.77164,0.77505,0.77801
0.33732,0.36804,0.51994,0.63013,0.69375,0.73812,0.77011,0.79373,0.8113,0.82494,0.8353,0.84326,0.84923,0.85327,0.8561,0.8572,0.85771,0.85685,0.85596,0.85458,0.85338,0.85233,0.85148,0.8512,0.85099,0.85153,0.85242,0.85328,0.85488,0.85633,0.85857,0.86054,0.86331,0.86574,0.86891,0.87171,0.87524,0.87836,0.88213,0.88553
0.32966,0.36877,0.54659,0.65969,0.71981,0.75977,0.78816,0.8096,0.82626,0.83982,0.85051,0.85875,0.86508,0.86924,0.87232,0.87373,0.8747,0.87472,0.87473,0.87482,0.87497,0.87571,0.87645,0.87796,0.87933,0.88149,0.88384,0.88603,0.88886,0.89142,0.89464,0.8975,0.90104,0.90416,0.90791,0.91121,0.91514,0.9186,0.92258,0.92617
0.34727,0.38396,0.52623,0.61465,0.66912,0.70781,0.73618,0.7579,0.7754,0.79031,0.80282,0.8129,0.82108,0.8257,0.82914,0.82862,0.82766,0.82333,0.81897,0.81266,0.80616,0.79883,0.79107,0.78356,0.77532,0.76803,0.76104,0.75325,0.74702,0.74,0.73471,0.72868,0.7244,0.71944,0.71623,0.71238,0.71019,0.70746,0.70583,0.70404
0.35674,0.40086,0.56327,0.65743,0.71167,0.7492,0.77712,0.79958,0.81752,0.83241,0.84422,0.85322,0.86004,0.86412,0.86688,0.8675,0.86764,0.86686,0.86604,0.86526,0.86452,0.86435,0.86412,0.86462,0.86497,0.86609,0.8675,0.86871,0.87066,0.87235,0.87482,0.87694,0.87985,0.8824,0.88569,0.88863,0.89208,0.89534,0.89895,0.90249
0.35674,0.40086,0.56327,0.65743,0.71167,0.7492,0.77712,0.79958,0.81752,0.83241,0.84422,0.85322,0.86004,0.86412,0.86688,0.8675,0.86764,0.86686,0.86604,0.86526,0.86452,0.86435,0.86412,0.86462,0.86497,0.86609,0.8675,0.86871,0.87066,0.87235,0.87482,0.87694,0.87985,0.8824,0.88569,0.88863,0.89208,0.89534,0.89895,0.90249
0.43288,0.44553,0.5329,0.6044,0.64537,0.67576,0.70232,0.72776,0.75063,0.77198,0.79005,0.80484,0.817,0.82542,0.83251,0.83681,0.84061,0.84305,0.84505,0.84655,0.84744,0.84821,0.8482,0.8479,0.84687,0.84525,0.84276,0.83974,0.83565,0.83108,0.82546,0.81926,0.81221,0.80432,0.79556,0.78573,0.77557,0.7636,0.75205,0.73767
0.43288,0.44553,0.5329,0.6044,0.64537,0.67576,0.70232,0.72776,0.75063,0.77198,0.79005,0.80484,0.817,0.82542,0.83251,0.83681,0.84061,0.84305,0.84505,0.84655,0.84744,0.84821,0.8482,0.8479,0.84687,0.84525,0.84276,0.83974,0.83565,0.83108,0.82546,0.81926,0.81221,0.80432,0.79556,0.78573,0.77557,0.7636,0.75205,0.73767
0.41045,0.43771,0.55462,0.63857,0.69021,0.72412,0.74803,0.76534,0.77791,0.78536,0.78983,0.78912,0.78668,0.77949,0.77174,0.76143,0.7513,0.74109,0.73125,0.72327,0.71554,0.71079,0.70607,0.70494,0.70353,0.70589,0.70959,0.71306,0.71945,0.72554,0.73404,0.74237,0.75201,0.76199,0.77236,0.78353,0.79412,0.80606,0.81658,0.82901
0.41045,0.43771,0.55462,0.63857,0.69021,0.72412,0.74803,0.76534,0.77791,0.78536,0.78983,0.78912,0.78668,0.77949,0.77174,0.76143,0.7513,0.74109,0.73125,0.72327,0.71554,0.71079,0.70607,0.70494,0.70353,0.70589,0.70959,0.71306,0.71945,0.72554,0.73404,0.74237,0.75201,0.76199,0.77236,0.78353,0.79412,0.80606,0.81658,0.82901
0.42663,0.46393,0.60972,0.69735,0.74283,0.77103,0.79056,0.80454,0.81421,0.81975,0.82253,0.82132,0.81864,0.81299,0.80717,0.80073,0.79473,0.78999,0.78571,0.78369,0.78186,0.78266,0.78331,0.7867,0.78958,0.79501,0.80101,0.80654,0.81369,0.82033,0.82798,0.83533,0.84309,0.85085,0.85834,0.86626,0.87337,0.88128,0.88777,0.89553
0.5247,0.63969,0.76467,0.82285,0.85565,0.8796,0.89929,0.91613,0.92906,0.93878,0.94567,0.95038,0.95365,0.95576,0.95722,0.95819,0.95882,0.9592,0.95939,0.95939,0.95928,0.95901,0.95867,0.95819,0.95767,0.95709,0.95652,0.95585,0.95531,0.95467,0.95419,0.95364,0.95334,0.953,0.95298,0.95298,0.9533,0.95376,0.95436,0.95531
0.44522,0.49655,0.64456,0.73457,0.78838,0.82673,0.85782,0.88532,0.90785,0.92594,0.9397,0.94988,0.95767,0.96366,0.96835,0.97236,0.97548,0.97835,0.98054,0.98255,0.98408,0.98543,0.98646,0.98731,0.98794,0.98844,0.98883,0.98904,0.98918,0.98914,0.98908,0.9888,0.9886,0.98808,0.98772,0.98693,0.98635,0.9852,0.98452,0.98295
0.44522,0.49655,0.64456,0.73457,0.78838,0.82673,0.85782,0.88532,0.90785,0.92594,0.9397,0.94988,0.95767,0.96366,0.96835,0.97236,0.97548,0.97835,0.98054,0.98255,0.98408,0.98543,0.98646,0.98731,0.98794,0.98844,0.98883,0.98904,0.98918,0.98914,0.98908,0.9888,0.9886,0.98808,0.98772,0.98693,0.98635,0.9852,0.98452,0.98295
