-0.0013359,0.0015609,0.011781,0.015091,0.013968,0.01307,0.014186,0.017983,0.023545,0.031216,0.039369,0.048942,0.057991,0.067893,0.076704,0.085981,0.093969,0.10223,0.10922,0.11645,0.12253,0.12888,0.1342,0.13985,0.14456,0.14961,0.15428,0.15827,0.16238,0.16588,0.16941,0.17243,0.1754,0.17794,0.18036,0.18244,0.18435,0.18602,0.18747,0.18877
-0.0052437,-0.0036903,0.0029834,0.016771,0.036043,0.056987,0.076939,0.095208,0.11083,0.1247,0.13636,0.14714,0.1563,0.16499,0.1723,0.17905,0.18461,0.18942,0.19331,0.19643,0.19894,0.2008,0.20233,0.20345,0.20441,0.20521,0.20598,0.2067,0.20752,0.2083,0.20928,0.2102,0.21136,0.21245,0.21375,0.21497,0.21634,0.21766,0.21902,0.22036
0.027581,0.026614,0.034136,0.060463,0.091272,0.11884,0.14078,0.15811,0.17178,0.18294,0.19166,0.19817,0.20289,0.20571,0.20755,0.20818,0.20852,0.20837,0.20828,0.20821,0.20831,0.20869,0.2092,0.21003,0.21095,0.21211,0.21334,0.21467,0.216,0.21743,0.21878,0.22024,0.22166,0.22315,0.22479,0.2264,0.22841,0.23028,0.23292,0.23524
-0.018707,-0.014077,0.025252,0.073944,0.11119,0.13857,0.15857,0.17343,0.18415,0.19151,0.19649,0.19975,0.20218,0.20433,0.20639,0.20882,0.21131,0.21412,0.21696,0.21972,0.2225,0.22474,0.22706,0.22856,0.23025,0.23122,0.23215,0.2333,0.23449,0.23583,0.23796,0.24003,0.24367,0.24699,0.25255,0.25752,0.26519,0.27209,0.28187,0.29082
0.0049903,0.016534,0.071611,0.11286,0.14013,0.16205,0.17829,0.1884,0.19382,0.19598,0.19682,0.19722,0.19781,0.1987,0.20001,0.20126,0.20285,0.20383,0.20515,0.20576,0.20677,0.2076,0.20885,0.21094,0.21328,0.21775,0.22371,0.22974,0.2389,0.24797,0.26043,0.2728,0.28829,0.30395,0.32218,0.341,0.36152,0.38326,0.40559,0.42996
0.023512,0.038107,0.10992,0.16102,0.1891,0.20674,0.21669,0.22127,0.22303,0.22359,0.22405,0.22491,0.2263,0.22826,0.23066,0.23356,0.23679,0.24111,0.24566,0.25264,0.25963,0.27069,0.28132,0.29733,0.31246,0.33347,0.35607,0.37871,0.40499,0.43171,0.46066,0.49067,0.5211,0.55344,0.58416,0.61772,0.64746,0.68098,0.70858,0.74069
0.091099,0.10106,0.14826,0.18727,0.21014,0.22161,0.22666,0.22977,0.23321,0.23806,0.24392,0.25005,0.25633,0.26153,0.26667,0.27124,0.27613,0.28261,0.28967,0.30074,0.31234,0.32934,0.34687,0.36963,0.39335,0.4211,0.44999,0.48204,0.51398,0.55019,0.58353,0.6223,0.65513,0.69429,0.72469,0.7618,0.78797,0.8208,0.84157,0.8686
0.12075,0.13076,0.19178,0.2457,0.27385,0.28702,0.29383,0.29975,0.30648,0.31468,0.32366,0.33316,0.34286,0.35358,0.36474,0.37942,0.3948,0.41624,0.4382,0.46703,0.49612,0.53066,0.56558,0.60308,0.64144,0.67875,0.71417,0.75188,0.78327,0.81727,0.843,0.87143,0.89088,0.91299,0.92652,0.94256,0.95108,0.9619,0.96699,0.97376
0.094713,0.12323,0.20787,0.24117,0.25333,0.26046,0.26661,0.2738,0.28218,0.29133,0.30089,0.3114,0.32265,0.33808,0.35494,0.37939,0.40518,0.43925,0.47427,0.51516,0.55704,0.60063,0.64577,0.68786,0.73237,0.76928,0.80271,0.83882,0.86461,0.89298,0.91101,0.93145,0.94271,0.95614,0.96278,0.97083,0.9751,0.97956,0.98256,0.98471
0.11304,0.12599,0.18417,0.21921,0.22969,0.23281,0.23558,0.24026,0.24718,0.25612,0.26713,0.2823,0.30048,0.32646,0.35581,0.39393,0.43519,0.48242,0.53283,0.58393,0.63865,0.68769,0.74081,0.7824,0.82818,0.85912,0.88552,0.91392,0.93035,0.94834,0.95783,0.96794,0.97376,0.97881,0.98273,0.98464,0.98775,0.9877,0.99148,0.99067
0.16048,0.17105,0.24532,0.30164,0.32885,0.34868,0.36648,0.38335,0.39958,0.41645,0.43439,0.45781,0.48401,0.51865,0.55576,0.59904,0.64368,0.68897,0.735,0.77588,0.81752,0.84973,0.88303,0.9054,0.92913,0.94281,0.95383,0.96528,0.97158,0.97792,0.98183,0.98508,0.98771,0.9891,0.99132,0.99163,0.99423,0.99429,0.99664,0.99678
0.072952,0.098851,0.16004,0.17626,0.17837,0.17848,0.17997,0.18392,0.19096,0.20407,0.22248,0.25194,0.28732,0.33401,0.38572,0.44364,0.50605,0.56701,0.6326,0.68863,0.74917,0.79376,0.84221,0.8724,0.90585,0.92302,0.93795,0.95232,0.96161,0.96882,0.97526,0.97823,0.98398,0.98491,0.99047,0.99092,0.99427,0.99416,0.99498,0.99336
0.14983,0.17181,0.22805,0.25024,0.26659,0.28587,0.30619,0.32602,0.34622,0.37152,0.40156,0.44237,0.48863,0.54298,0.6008,0.65852,0.71769,0.76808,0.81871,0.85545,0.8921,0.91473,0.93761,0.94962,0.96214,0.96874,0.97485,0.97927,0.98333,0.98524,0.98895,0.98989,0.99315,0.99397,0.9951,0.99518,0.99516,0.99386,0.99357,0.99023
0.15336,0.17873,0.26971,0.32077,0.35776,0.39681,0.4343,0.469,0.50321,0.54341,0.58788,0.63985,0.69374,0.74715,0.79912,0.84255,0.88335,0.91216,0.93885,0.9547,0.96957,0.97688,0.98393,0.98753,0.99049,0.99255,0.99462,0.99512,0.99711,0.99735,0.99844,0.99846,0.99859,0.99795,0.9982,0.99683,0.99563,0.99192,0.99501,0.99107
0.079265,0.10955,0.1972,0.24004,0.26562,0.28791,0.31004,0.3358,0.36844,0.4127,0.46706,0.53083,0.60226,0.67185,0.74446,0.80215,0.8588,0.89487,0.92889,0.94646,0.96251,0.97108,0.97741,0.98249,0.98417,0.98884,0.99287,0.99366,0.99533,0.9953,0.99534,0.99346,0.99186,0.98574,0.99068,0.98376,0.99569,0.99355,0.98373,0.96924
0.12546,0.16729,0.27168,0.30322,0.3175,0.33075,0.34725,0.37138,0.40444,0.45062,0.50614,0.56918,0.6376,0.70175,0.76758,0.81888,0.86951,0.90179,0.93291,0.94921,0.96463,0.97284,0.97927,0.98429,0.98617,0.99093,0.99475,0.99555,0.99695,0.99666,0.99695,0.99501,0.99364,0.98778,0.99186,0.98473,0.99661,0.99412,0.98705,0.9744
0.11849,0.17978,0.35731,0.43274,0.47482,0.50992,0.54334,0.58108,0.62554,0.6785,0.73603,0.79151,0.84504,0.88625,0.92295,0.94574,0.96515,0.97512,0.98324,0.98778,0.99064,0.99316,0.9937,0.99636,0.99662,0.99791,0.99827,0.99778,0.99748,0.99542,0.99648,0.99333,0.99822,0.997,0.99229,0.98408,0.98153,0.96284,0.95834,0.92318
0.060597,0.13474,0.3318,0.39618,0.42369,0.44687,0.47448,0.51502,0.56796,0.63258,0.70152,0.76656,0.82796,0.87487,0.91611,0.94178,0.96345,0.97457,0.98365,0.98855,0.99171,0.99433,0.99489,0.9975,0.99766,0.99881,0.99919,0.99862,0.99821,0.99605,0.99719,0.99406,0.99898,0.99793,0.9933,0.98554,0.98277,0.96468,0.9587,0.92356
0.31724,0.32314,0.36632,0.41535,0.45356,0.49306,0.54501,0.61324,0.68955,0.76392,0.83124,0.88234,0.92364,0.94909,0.96853,0.9787,0.98611,0.9903,0.99274,0.99511,0.99585,0.99764,0.99806,0.99842,0.998,0.99777,0.99809,0.99643,0.99885,0.99806,0.99634,0.99171,0.98748,0.97227,0.98323,0.967,0.99254,0.98639,0.94758,0.91304
0.31724,0.32314,0.36632,0.41535,0.45356,0.49306,0.54501,0.61324,0.68955,0.76392,0.83124,0.88234,0.92364,0.94909,0.96853,0.9787,0.98611,0.9903,0.99274,0.99511,0.99585,0.99764,0.99806,0.99842,0.998,0.99777,0.99809,0.99643,0.99885,0.99806,0.99634,0.99171,0.98748,0.97227,0.98323,0.967,0.99254,0.98639,0.94758,0.91304
0.32979,0.33011,0.35626,0.40457,0.44753,0.48871,0.5411,0.61015,0.69121,0.76951,0.84145,0.8916,0.92974,0.95084,0.96487,0.97361,0.97817,0.98341,0.98566,0.98823,0.98913,0.99018,0.98891,0.98879,0.98248,0.99107,0.98946,0.98094,0.97359,0.94283,0.98477,0.97273,0.94956,0.90469,0.86332,0.7896,0.75132,0.66452,0.75181,0.65315
0.30329,0.31079,0.34818,0.40358,0.45966,0.5163,0.58151,0.65555,0.73285,0.80087,0.86112,0.90283,0.93588,0.95504,0.96903,0.97789,0.98327,0.98879,0.99141,0.99386,0.99433,0.99525,0.99295,0.99317,0.98564,0.99501,0.99421,0.9855,0.97697,0.94444,0.98843,0.97554,0.94378,0.89556,0.8518,0.77346,0.73414,0.63448,0.75417,0.68987
0.30329,0.31079,0.34818,0.40358,0.45966,0.5163,0.58151,0.65555,0.73285,0.80087,0.86112,0.90283,0.93588,0.95504,0.96903,0.97789,0.98327,0.98879,0.99141,0.99386,0.99433,0.99525,0.99295,0.99317,0.98564,0.99501,0.99421,0.9855,0.97697,0.94444,0.98843,0.97554,0.94378,0.89556,0.8518,0.77346,0.73414,0.63448,0.75417,0.68987
0.30329,0.31079,0.34818,0.40358,0.45966,0.5163,0.58151,0.65555,0.73285,0.80087,0.86112,0.90283,0.93588,0.95504,0.96903,0.97789,0.98327,0.98879,0.99141,0.99386,0.99433,0.99525,0.99295,0.99317,0.98564,0.99501,0.99421,0.9855,0.97697,0.94444,0.98843,0.97554,0.94378,0.89556,0.8518,0.77346,0.73414,0.63448,0.75417,0.68987
0.40487,0.43922,0.58113,0.6845,0.74471,0.79523,0.84669,0.89363,0.93213,0.95763,0.9748,0.98427,0.98987,0.9934,0.99506,0.99679,0.99743,0.99804,0.99795,0.99775,0.99565,0.99792,0.99562,0.9951,0.98673,0.98387,0.99473,0.98718,0.9722,0.94273,0.90512,0.84007,0.8728,0.80958,0.49464,0.45477,0.29644,0.40356,0.83502,0.84506
0.40487,0.43922,0.58113,0.6845,0.74471,0.79523,0.84669,0.89363,0.93213,0.95763,0.9748,0.98427,0.98987,0.9934,0.99506,0.99679,0.99743,0.99804,0.99795,0.99775,0.99565,0.99792,0.99562,0.9951,0.98673,0.98387,0.99473,0.98718,0.9722,0.94273,0.90512,0.84007,0.8728,0.80958,0.49464,0.45477,0.29644,0.40356,0.83502,0.84506
0.41858,0.43679,0.53439,0.61612,0.67557,0.73902,0.8063,0.86598,0.914,0.94588,0.96793,0.98015,0.98798,0.99253,0.99506,0.99713,0.99796,0.99863,0.99835,0.99843,0.99616,0.99891,0.99694,0.99618,0.98798,0.98497,0.99473,0.98665,0.97537,0.94795,0.90985,0.84528,0.83953,0.72925,0.34409,0.26592,0.30898,0.42058,0.82431,0.83518
0.41858,0.43679,0.53439,0.61612,0.67557,0.73902,0.8063,0.86598,0.914,0.94588,0.96793,0.98015,0.98798,0.99253,0.99506,0.99713,0.99796,0.99863,0.99835,0.99843,0.99616,0.99891,0.99694,0.99618,0.98798,0.98497,0.99473,0.98665,0.97537,0.94795,0.90985,0.84528,0.83953,0.72925,0.34409,0.26592,0.30898,0.42058,0.82431,0.83518
0.19301,0.21442,0.29554,0.36615,0.45557,0.56682,0.68126,0.77366,0.84116,0.88252,0.90979,0.92913,0.94407,0.95501,0.96444,0.9697,0.97042,0.97836,0.97383,0.97338,0.93731,0.98683,0.9744,0.92106,0.82581,0.71868,0.77462,0.61887,-0.54519,-0.61501,0.75358,0.78747,0.39977,0.42044,0.32329,0.32978,0.062924,0.039792,-0.036136,-0.016517
0.19301,0.21442,0.29554,0.36615,0.45557,0.56682,0.68126,0.77366,0.84116,0.88252,0.90979,0.92913,0.94407,0.95501,0.96444,0.9697,0.97042,0.97836,0.97383,0.97338,0.93731,0.98683,0.9744,0.92106,0.82581,0.71868,0.77462,0.61887,-0.54519,-0.61501,0.75358,0.78747,0.39977,0.42044,0.32329,0.32978,0.062924,0.039792,-0.036136,-0.016517
0.19301,0.21442,0.29554,0.36615,0.45557,0.56682,0.68126,0.77366,0.84116,0.88252,0.90979,0.92913,0.94407,0.95501,0.96444,0.9697,0.97042,0.97836,0.97383,0.97338,0.93731,0.98683,0.9744,0.92106,0.82581,0.71868,0.77462,0.61887,-0.54519,-0.61501,0.75358,0.78747,0.39977,0.42044,0.32329,0.32978,0.062924,0.039792,-0.036136,-0.016517
0.19301,0.21442,0.29554,0.36615,0.45557,0.56682,0.68126,0.77366,0.84116,0.88252,0.90979,0.92913,0.94407,0.95501,0.96444,0.9697,0.97042,0.97836,0.97383,0.97338,0.93731,0.98683,0.9744,0.92106,0.82581,0.71868,0.77462,0.61887,-0.54519,-0.61501,0.75358,0.78747,0.39977,0.42044,0.32329,0.32978,0.062924,0.039792,-0.036136,-0.016517
0.19301,0.21442,0.29554,0.36615,0.45557,0.56682,0.68126,0.77366,0.84116,0.88252,0.90979,0.92913,0.94407,0.95501,0.96444,0.9697,0.97042,0.97836,0.97383,0.97338,0.93731,0.98683,0.9744,0.92106,0.82581,0.71868,0.77462,0.61887,-0.54519,-0.61501,0.75358,0.78747,0.39977,0.42044,0.32329,0.32978,0.062924,0.039792,-0.036136,-0.016517
0.19301,0.21442,0.29554,0.36615,0.45557,0.56682,0.68126,0.77366,0.84116,0.88252,0.90979,0.92913,0.94407,0.95501,0.96444,0.9697,0.97042,0.97836,0.97383,0.97338,0.93731,0.98683,0.9744,0.92106,0.82581,0.71868,0.77462,0.61887,-0.54519,-0.61501,0.75358,0.78747,0.39977,0.42044,0.32329,0.32978,0.062924,0.039792,-0.036136,-0.016517
0.19301,0.21442,0.29554,0.36615,0.45557,0.56682,0.68126,0.77366,0.84116,0.88252,0.90979,0.92913,0.94407,0.95501,0.96444,0.9697,0.97042,0.97836,0.97383,0.97338,0.93731,0.98683,0.9744,0.92106,0.82581,0.71868,0.77462,0.61887,-0.54519,-0.61501,0.75358,0.78747,0.39977,0.42044,0.32329,0.32978,0.062924,0.039792,-0.036136,-0.016517
0.28582,0.28228,0.27971,0.32143,0.43044,0.57767,0.72643,0.84294,0.92256,0.96425,0.98385,0.99415,0.99705,0.9995,0.99922,0.99901,0.99498,0.99889,0.99513,0.9879,0.95493,0.99214,0.97872,0.92499,0.83048,0.74665,0.80761,0.65683,-0.76863,-0.88869,0.81731,0.84672,0.46617,0.48381,0.21545,0.22468,0.38908,0.37286,-0.0095511,0.011463
0.39808,0.40458,0.49864,0.65488,0.80038,0.90102,0.95655,0.98164,0.9916,0.99618,0.99791,0.99865,0.99842,0.99929,0.9986,0.99774,0.98871,0.99749,0.98858,0.9441,0.85394,0.8581,0.65048,-0.48349,-0.013505,0.85031,0.51807,0.5437,-0.54709,-0.63004,0.50272,0.52918,0.8651,0.86419,0.47907,0.47484,0.2066,0.19015,0.58812,0.60495
0.39808,0.40458,0.49864,0.65488,0.80038,0.90102,0.95655,0.98164,0.9916,0.99618,0.99791,0.99865,0.99842,0.99929,0.9986,0.99774,0.98871,0.99749,0.98858,0.9441,0.85394,0.8581,0.65048,-0.48349,-0.013505,0.85031,0.51807,0.5437,-0.54709,-0.63004,0.50272,0.52918,0.8651,0.86419,0.47907,0.47484,0.2066,0.19015,0.58812,0.60495
0.39808,0.40458,0.49864,0.65488,0.80038,0.90102,0.95655,0.98164,0.9916,0.99618,0.99791,0.99865,0.99842,0.99929,0.9986,0.99774,0.98871,0.99749,0.98858,0.9441,0.85394,0.8581,0.65048,-0.48349,-0.013505,0.85031,0.51807,0.5437,-0.54709,-0.63004,0.50272,0.52918,0.8651,0.86419,0.47907,0.47484,0.2066,0.19015,0.58812,0.60495
0.39808,0.40458,0.49864,0.65488,0.80038,0.90102,0.95655,0.98164,0.9916,0.99618,0.99791,0.99865,0.99842,0.99929,0.9986,0.99774,0.98871,0.99749,0.98858,0.9441,0.85394,0.8581,0.65048,-0.48349,-0.013505,0.85031,0.51807,0.5437,-0.54709,-0.63004,0.50272,0.52918,0.8651,0.86419,0.47907,0.47484,0.2066,0.19015,0.58812,0.60495
