-0.00022497,-0.00031269,-0.00091407,-0.0017785,-0.0027725,-0.0039663,-0.0053437,-0.0069551,-0.0087072,-0.010745,-0.01286,-0.015298,-0.017701,-0.020303,-0.022731,-0.025081,-0.027197,-0.02893,-0.030476,-0.03134,-0.032121,-0.031861,-0.03168,-0.03005,-0.02872,-0.025541,-0.021618,-0.01819,-0.01278,-0.008134,-0.0014401,0.0042454,0.011932,0.018418,0.026786,0.033821,0.042563,0.049909,0.058776,0.066229
-0.00084021,-0.0011685,-0.0034363,-0.0067539,-0.010603,-0.015022,-0.019412,-0.022822,-0.025043,-0.02523,-0.02404,-0.019706,-0.01405,-0.0042104,0.0061704,0.020692,0.034522,0.051582,0.066944,0.084433,0.099708,0.1162,0.13036,0.1451,0.15765,0.17037,0.18187,0.19189,0.20152,0.20989,0.21787,0.22479,0.23136,0.23707,0.24248,0.24718,0.25162,0.2555,0.25915,0.26235
-0.0020061,-0.0027762,-0.0079382,-0.014939,-0.020922,-0.02411,-0.024083,-0.019145,-0.0097741,0.0065474,0.025693,0.049607,0.072954,0.098032,0.12058,0.14314,0.16265,0.18152,0.19754,0.21287,0.22577,0.23812,0.24849,0.25849,0.26689,0.27499,0.28211,0.28829,0.29386,0.29874,0.30289,0.30657,0.30934,0.31185,0.31331,0.3147,0.31489,0.31519,0.31412,0.31334
-0.0033748,-0.0046982,-0.013432,-0.021777,-0.021904,-0.011994,0.0071808,0.034778,0.065795,0.098673,0.12908,0.15717,0.18096,0.2015,0.21821,0.2322,0.24344,0.25279,0.26031,0.26646,0.27142,0.27511,0.27808,0.27966,0.2809,0.28055,0.27928,0.27797,0.27489,0.27197,0.2671,0.26253,0.25577,0.24948,0.24066,0.23251,0.2215,0.21134,0.198,0.18571
-0.0050903,-0.0070945,-0.020421,-0.031389,-0.023292,0.0044576,0.043653,0.08666,0.1265,0.16129,0.18959,0.21253,0.23037,0.24446,0.25529,0.2636,0.26997,0.27432,0.27754,0.27876,0.2794,0.27778,0.276,0.27159,0.26737,0.26015,0.25154,0.24312,0.23138,0.22006,0.20495,0.19051,0.17192,0.15421,0.13217,0.11118,0.085786,0.061594,0.03329,0.006164
-0.0076372,-0.010321,-0.02123,-0.019585,0.0046262,0.045968,0.092829,0.13807,0.17722,0.21063,0.2378,0.26074,0.27938,0.29484,0.30727,0.31633,0.32316,0.32614,0.32763,0.3249,0.32132,0.31321,0.30476,0.29133,0.27802,0.25927,0.23828,0.21713,0.19121,0.16534,0.13501,0.1048,0.070885,0.036967,0.00035934,-0.036507,-0.074927,-0.11395,-0.15323,-0.19362
-0.0092351,-0.012883,-0.033248,-0.032253,0.01025,0.071586,0.12928,0.17547,0.21012,0.23607,0.2555,0.27041,0.2818,0.28999,0.29584,0.29832,0.29904,0.29566,0.29099,0.2813,0.27082,0.25429,0.23757,0.21419,0.19109,0.16112,0.12878,0.096068,0.058611,0.020761,-0.020652,-0.062668,-0.10676,-0.15186,-0.19737,-0.24444,-0.29011,-0.338,-0.38251,-0.43001
-0.012626,-0.017207,-0.031936,-0.0066154,0.048541,0.10569,0.15381,0.19186,0.22141,0.24474,0.26283,0.2759,0.28475,0.28814,0.28801,0.28198,0.27304,0.25731,0.23912,0.21297,0.18486,0.14818,0.1101,0.064058,0.017129,-0.035521,-0.089288,-0.145,-0.20054,-0.25816,-0.31271,-0.36961,-0.42099,-0.47512,-0.5217,-0.57149,-0.61214,-0.65643,-0.69054,-0.72856
-0.016505,-0.022043,-0.029295,0.017234,0.08786,0.1524,0.20381,0.2429,0.27202,0.2928,0.30734,0.31549,0.31931,0.31726,0.31172,0.29956,0.28435,0.26119,0.23544,0.2009,0.16438,0.11945,0.073056,0.020193,-0.033974,-0.091797,-0.14997,-0.21089,-0.26972,-0.33166,-0.38848,-0.44894,-0.50128,-0.55782,-0.60356,-0.65403,-0.69214,-0.73518,-0.76524,-0.80033
-0.019554,-0.012542,0.011344,0.052399,0.10885,0.16508,0.21311,0.25328,0.28645,0.31434,0.33646,0.35287,0.36379,0.368,0.36703,0.35742,0.34292,0.31778,0.28813,0.24718,0.202,0.14714,0.087901,0.022563,-0.047718,-0.11903,-0.19054,-0.2687,-0.33927,-0.41679,-0.48163,-0.55361,-0.60891,-0.67126,-0.71531,-0.76587,-0.79815,-0.83656,-0.8585,-0.8859
-0.025661,-0.018792,0.040137,0.13085,0.20815,0.26357,0.30159,0.32808,0.34666,0.3577,0.36217,0.35763,0.34617,0.32354,0.29404,0.25211,0.20393,0.14434,0.079511,0.0069565,-0.069864,-0.14923,-0.23229,-0.31218,-0.39568,-0.47028,-0.5399,-0.6127,-0.67033,-0.73113,-0.77475,-0.82173,-0.85182,-0.88548,-0.90435,-0.92669,-0.93734,-0.95076,-0.95698,-0.96397
-0.030001,-0.026535,0.012247,0.079606,0.14355,0.19825,0.24328,0.27662,0.29775,0.30512,0.30159,0.28528,0.26011,0.22254,0.17793,0.12299,0.062897,-0.0028714,-0.072368,-0.14198,-0.2149,-0.28306,-0.35488,-0.41749,-0.48452,-0.53833,-0.58766,-0.64103,-0.68014,-0.72365,-0.75331,-0.78744,-0.80937,-0.83529,-0.85176,-0.87081,-0.8843,-0.89795,-0.91049,-0.92045
-0.030558,-0.029421,-0.019782,0.03625,0.11128,0.18226,0.24412,0.2933,0.32813,0.34648,0.35147,0.3404,0.31812,0.27993,0.23198,0.17076,0.10083,0.024118,-0.060708,-0.14357,-0.23428,-0.31429,-0.40193,-0.47136,-0.54817,-0.60274,-0.65153,-0.70389,-0.73872,-0.77663,-0.80125,-0.82798,-0.84523,-0.86357,-0.87689,-0.88902,-0.90161,-0.90968,-0.92292,-0.92907
-0.036296,-0.0053012,0.16222,0.28188,0.32681,0.3448,0.35123,0.34879,0.33826,0.31584,0.2838,0.23647,0.17948,0.10782,0.027982,-0.060318,-0.15482,-0.24832,-0.3465,-0.43403,-0.52544,-0.59853,-0.67507,-0.72943,-0.787,-0.82339,-0.85364,-0.88442,-0.90343,-0.92205,-0.93365,-0.94365,-0.95223,-0.95661,-0.96567,-0.96746,-0.97646,-0.97751,-0.9831,-0.98287
-0.048741,-0.0050968,0.15434,0.25081,0.30534,0.3368,0.35031,0.34693,0.32932,0.29557,0.24841,0.18507,0.10971,0.023568,-0.071128,-0.1665,-0.26714,-0.35888,-0.45409,-0.53298,-0.61444,-0.67495,-0.73789,-0.77938,-0.8238,-0.8499,-0.87215,-0.89476,-0.90982,-0.92342,-0.9359,-0.94424,-0.95537,-0.96106,-0.96831,-0.97136,-0.97525,-0.97501,-0.97966,-0.97727
-0.050495,-0.020502,0.13296,0.24935,0.30173,0.32532,0.33118,0.32086,0.29482,0.24947,0.18615,0.10304,0.0043614,-0.10225,-0.21718,-0.32262,-0.43011,-0.51674,-0.60287,-0.66541,-0.727,-0.76866,-0.80951,-0.83564,-0.86157,-0.87893,-0.89394,-0.907,-0.91888,-0.92726,-0.93828,-0.94432,-0.95452,-0.9599,-0.96449,-0.96715,-0.96492,-0.9602,-0.96208,-0.95056
-0.054511,-0.028736,0.11232,0.20827,0.23252,0.23087,0.21671,0.19064,0.15247,0.099212,0.033459,-0.045791,-0.13437,-0.22917,-0.32916,-0.42597,-0.52477,-0.61039,-0.69591,-0.76012,-0.82367,-0.86426,-0.90479,-0.92614,-0.94795,-0.95878,-0.96915,-0.9752,-0.98308,-0.98515,-0.99029,-0.98997,-0.99409,-0.99245,-0.99695,-0.99531,-0.99641,-0.99301,-0.9895,-0.98009
-0.062859,-0.037407,0.1039,0.20057,0.24198,0.26827,0.28085,0.273,0.24507,0.19287,0.12149,0.029869,-0.077813,-0.19298,-0.31909,-0.43426,-0.55455,-0.64758,-0.74129,-0.80226,-0.86213,-0.89539,-0.92713,-0.94386,-0.95742,-0.96687,-0.97799,-0.97994,-0.98961,-0.99007,-0.99569,-0.99501,-0.995,-0.9902,-0.98959,-0.97887,-0.98221,-0.96566,-0.9745,-0.95281
-0.069432,-0.032639,0.13953,0.25539,0.31571,0.35708,0.38062,0.38188,0.36136,0.31466,0.24652,0.15446,0.043785,-0.080281,-0.21854,-0.35095,-0.49125,-0.60199,-0.71481,-0.78566,-0.8568,-0.89195,-0.92695,-0.94413,-0.9575,-0.96907,-0.9796,-0.98086,-0.9894,-0.98794,-0.99672,-0.9961,-0.99772,-0.9947,-0.98657,-0.97255,-0.97697,-0.95598,-0.97928,-0.96166
0.085441,0.11998,0.2741,0.38396,0.45096,0.4917,0.50664,0.49425,0.45478,0.38582,0.28868,0.1692,0.024577,-0.12341,-0.28894,-0.43058,-0.57836,-0.68047,-0.78055,-0.83621,-0.88785,-0.91363,-0.93227,-0.9504,-0.9532,-0.97371,-0.98494,-0.98451,-0.99029,-0.98539,-0.98912,-0.97877,-0.97808,-0.95543,-0.95347,-0.90987,-0.96307,-0.93145,-0.96681,-0.9335
0.085441,0.11998,0.2741,0.38396,0.45096,0.4917,0.50664,0.49425,0.45478,0.38582,0.28868,0.1692,0.024577,-0.12341,-0.28894,-0.43058,-0.57836,-0.68047,-0.78055,-0.83621,-0.88785,-0.91363,-0.93227,-0.9504,-0.9532,-0.97371,-0.98494,-0.98451,-0.99029,-0.98539,-0.98912,-0.97877,-0.97808,-0.95543,-0.95347,-0.90987,-0.96307,-0.93145,-0.96681,-0.9335
-0.072545,-0.032721,0.13429,0.23739,0.27819,0.27973,0.24071,0.15931,0.04148,-0.10025,-0.25647,-0.40599,-0.55126,-0.66812,-0.77299,-0.84172,-0.9002,-0.93075,-0.95523,-0.96865,-0.97572,-0.98535,-0.98654,-0.99184,-0.9891,-0.99571,-0.99833,-0.99625,-0.99088,-0.97892,-0.98507,-0.96817,-0.99366,-0.98644,-0.95416,-0.90434,-0.90885,-0.82442,-0.89567,-0.81339
-0.072545,-0.032721,0.13429,0.23739,0.27819,0.27973,0.24071,0.15931,0.04148,-0.10025,-0.25647,-0.40599,-0.55126,-0.66812,-0.77299,-0.84172,-0.9002,-0.93075,-0.95523,-0.96865,-0.97572,-0.98535,-0.98654,-0.99184,-0.9891,-0.99571,-0.99833,-0.99625,-0.99088,-0.97892,-0.98507,-0.96817,-0.99366,-0.98644,-0.95416,-0.90434,-0.90885,-0.82442,-0.89567,-0.81339
0.22789,0.26096,0.38033,0.45449,0.48365,0.47163,0.41533,0.31451,0.17186,0.0056657,-0.18141,-0.35157,-0.51797,-0.64097,-0.7476,-0.81425,-0.86529,-0.89712,-0.91526,-0.93719,-0.94167,-0.96436,-0.96939,-0.96946,-0.9573,-0.95848,-0.97495,-0.95945,-0.95848,-0.9166,-0.91873,-0.83139,-0.86312,-0.72629,-0.67032,-0.45118,-0.72501,-0.57569,-0.61975,-0.46439
0.22789,0.26096,0.38033,0.45449,0.48365,0.47163,0.41533,0.31451,0.17186,0.0056657,-0.18141,-0.35157,-0.51797,-0.64097,-0.7476,-0.81425,-0.86529,-0.89712,-0.91526,-0.93719,-0.94167,-0.96436,-0.96939,-0.96946,-0.9573,-0.95848,-0.97495,-0.95945,-0.95848,-0.9166,-0.91873,-0.83139,-0.86312,-0.72629,-0.67032,-0.45118,-0.72501,-0.57569,-0.61975,-0.46439
0.22789,0.26096,0.38033,0.45449,0.48365,0.47163,0.41533,0.31451,0.17186,0.0056657,-0.18141,-0.35157,-0.51797,-0.64097,-0.7476,-0.81425,-0.86529,-0.89712,-0.91526,-0.93719,-0.94167,-0.96436,-0.96939,-0.96946,-0.9573,-0.95848,-0.97495,-0.95945,-0.95848,-0.9166,-0.91873,-0.83139,-0.86312,-0.72629,-0.67032,-0.45118,-0.72501,-0.57569,-0.61975,-0.46439
0.21077,0.24674,0.36603,0.38985,0.37617,0.35138,0.30633,0.23316,0.12991,0.0011691,-0.15497,-0.31437,-0.48926,-0.62712,-0.75936,-0.83759,-0.89912,-0.93591,-0.95359,-0.97447,-0.97479,-0.99328,-0.9926,-0.99663,-0.9891,-0.97923,-0.98801,-0.96963,-0.98651,-0.96818,-0.96317,-0.91365,-0.85429,-0.70938,-0.78743,-0.63285,-0.89868,-0.82548,-0.49999,-0.31008
0.16981,0.19359,0.2743,0.28381,0.23518,0.14177,0.002511,-0.17367,-0.36672,-0.54327,-0.69927,-0.80772,-0.88918,-0.93406,-0.96242,-0.97866,-0.98475,-0.99389,-0.99491,-0.99814,-0.99592,-0.99662,-0.98912,-0.98985,-0.97191,-0.98649,-0.98762,-0.96592,-0.94217,-0.86288,-0.9623,-0.92355,-0.87902,-0.77737,-0.60756,-0.43261,-0.4851,-0.33512,-0.14695,0.02361
0.16981,0.19359,0.2743,0.28381,0.23518,0.14177,0.002511,-0.17367,-0.36672,-0.54327,-0.69927,-0.80772,-0.88918,-0.93406,-0.96242,-0.97866,-0.98475,-0.99389,-0.99491,-0.99814,-0.99592,-0.99662,-0.98912,-0.98985,-0.97191,-0.98649,-0.98762,-0.96592,-0.94217,-0.86288,-0.9623,-0.92355,-0.87902,-0.77737,-0.60756,-0.43261,-0.4851,-0.33512,-0.14695,0.02361
0.16981,0.19359,0.2743,0.28381,0.23518,0.14177,0.002511,-0.17367,-0.36672,-0.54327,-0.69927,-0.80772,-0.88918,-0.93406,-0.96242,-0.97866,-0.98475,-0.99389,-0.99491,-0.99814,-0.99592,-0.99662,-0.98912,-0.98985,-0.97191,-0.98649,-0.98762,-0.96592,-0.94217,-0.86288,-0.9623,-0.92355,-0.87902,-0.77737,-0.60756,-0.43261,-0.4851,-0.33512,-0.14695,0.02361
0.16981,0.19359,0.2743,0.28381,0.23518,0.14177,0.002511,-0.17367,-0.36672,-0.54327,-0.69927,-0.80772,-0.88918,-0.93406,-0.96242,-0.97866,-0.98475,-0.99389,-0.99491,-0.99814,-0.99592,-0.99662,-0.98912,-0.98985,-0.97191,-0.98649,-0.98762,-0.96592,-0.94217,-0.86288,-0.9623,-0.92355,-0.87902,-0.77737,-0.60756,-0.43261,-0.4851,-0.33512,-0.14695,0.02361
0.19242,0.20364,0.24487,0.27069,0.25726,0.18604,0.045685,-0.14957,-0.3771,-0.57546,-0.73361,-0.83643,-0.89834,-0.94124,-0.96088,-0.9793,-0.98379,-0.99152,-0.98692,-0.98295,-0.94956,-0.9841,-0.95484,-0.92302,-0.7861,-0.80031,-0.95631,-0.89414,-0.48823,-0.16788,-0.34324,-0.15725,-0.1249,-0.0067243,0.54525,0.56004,0.24592,0.21182,0.11311,0.089084
0.086215,0.11427,0.20835,0.26951,0.27518,0.21062,0.071915,-0.12155,-0.34614,-0.54586,-0.71374,-0.81921,-0.88823,-0.93317,-0.95499,-0.97512,-0.97964,-0.98782,-0.98024,-0.97697,-0.9357,-0.98311,-0.94924,-0.89831,-0.72378,-0.84778,-0.85684,-0.69607,-0.57836,-0.28419,-0.21182,-0.0065487,-0.20736,-0.068011,0.61872,0.63701,0.36981,0.3341,-0.014059,-0.037671
0.086215,0.11427,0.20835,0.26951,0.27518,0.21062,0.071915,-0.12155,-0.34614,-0.54586,-0.71374,-0.81921,-0.88823,-0.93317,-0.95499,-0.97512,-0.97964,-0.98782,-0.98024,-0.97697,-0.9357,-0.98311,-0.94924,-0.89831,-0.72378,-0.84778,-0.85684,-0.69607,-0.57836,-0.28419,-0.21182,-0.0065487,-0.20736,-0.068011,0.61872,0.63701,0.36981,0.3341,-0.014059,-0.037671
0.086215,0.11427,0.20835,0.26951,0.27518,0.21062,0.071915,-0.12155,-0.34614,-0.54586,-0.71374,-0.81921,-0.88823,-0.93317,-0.95499,-0.97512,-0.97964,-0.98782,-0.98024,-0.97697,-0.9357,-0.98311,-0.94924,-0.89831,-0.72378,-0.84778,-0.85684,-0.69607,-0.57836,-0.28419,-0.21182,-0.0065487,-0.20736,-0.068011,0.61872,0.63701,0.36981,0.3341,-0.014059,-0.037671
0.086215,0.11427,0.20835,0.26951,0.27518,0.21062,0.071915,-0.12155,-0.34614,-0.54586,-0.71374,-0.81921,-0.88823,-0.93317,-0.95499,-0.97512,-0.97964,-0.98782,-0.98024,-0.97697,-0.9357,-0.98311,-0.94924,-0.89831,-0.72378,-0.84778,-0.85684,-0.69607,-0.57836,-0.28419,-0.21182,-0.0065487,-0.20736,-0.068011,0.61872,0.63701,0.36981,0.3341,-0.014059,-0.037671
0.086215,0.11427,0.20835,0.26951,0.27518,0.21062,0.071915,-0.12155,-0.34614,-0.54586,-0.71374,-0.81921,-0.88823,-0.93317,-0.95499,-0.97512,-0.97964,-0.98782,-0.98024,-0.97697,-0.9357,-0.98311,-0.94924,-0.89831,-0.72378,-0.84778,-0.85684,-0.69607,-0.57836,-0.28419,-0.21182,-0.0065487,-0.20736,-0.068011,0.61872,0.63701,0.36981,0.3341,-0.014059,-0.037671
0.086215,0.11427,0.20835,0.26951,0.27518,0.21062,0.071915,-0.12155,-0.34614,-0.54586,-0.71374,-0.81921,-0.88823,-0.93317,-0.95499,-0.97512,-0.97964,-0.98782,-0.98024,-0.97697,-0.9357,-0.98311,-0.94924,-0.89831,-0.72378,-0.84778,-0.85684,-0.69607,-0.57836,-0.28419,-0.21182,-0.0065487,-0.20736,-0.068011,0.61872,0.63701,0.36981,0.3341,-0.014059,-0.037671
0.24927,0.29121,0.43741,0.48237,0.42072,0.27524,0.056228,-0.19837,-0.45396,-0.64959,-0.76768,-0.84509,-0.87778,-0.91165,-0.9252,-0.92864,-0.89386,-0.95025,-0.92671,-0.80697,-0.49596,-0.84272,-0.61725,-0.29793,0.075522,0.008948,0.22186,0.41309,0.8117,0.82083,0.49655,0.43869,0.43716,0.42608,0.54462,0.54146,0.58689,0.59608,0.78397,0.7739
0.24927,0.29121,0.43741,0.48237,0.42072,0.27524,0.056228,-0.19837,-0.45396,-0.64959,-0.76768,-0.84509,-0.87778,-0.91165,-0.9252,-0.92864,-0.89386,-0.95025,-0.92671,-0.80697,-0.49596,-0.84272,-0.61725,-0.29793,0.075522,0.008948,0.22186,0.41309,0.8117,0.82083,0.49655,0.43869,0.43716,0.42608,0.54462,0.54146,0.58689,0.59608,0.78397,0.7739
