0.024734,0.027121,0.047602,0.078084,0.11,0.14428,0.17859,0.21211,0.24277,0.27204,0.29766,0.32202,0.34265,0.36224,0.3785,0.39401,0.40678,0.41916,0.42935,0.43952,0.44793,0.45663,0.46387,0.47164,0.47812,0.48533,0.49226,0.49825,0.50496,0.51073,0.51734,0.52301,0.52959,0.5352,0.54179,0.54738,0.55399,0.55956,0.56618,0.57174
0.0473,0.061866,0.13981,0.21567,0.27518,0.32435,0.36326,0.39396,0.41772,0.43747,0.45361,0.46856,0.48153,0.49477,0.50658,0.51941,0.53091,0.54382,0.55528,0.56831,0.57974,0.59275,0.60401,0.6168,0.62775,0.64016,0.6521,0.6626,0.67402,0.68398,0.69482,0.70421,0.71445,0.72326,0.73288,0.74111,0.75013,0.7578,0.76621,0.77334
0.089314,0.11593,0.23677,0.32781,0.38223,0.41939,0.44672,0.4692,0.48867,0.50768,0.52545,0.54422,0.56183,0.58084,0.59827,0.61705,0.63388,0.6519,0.66773,0.68466,0.6993,0.71494,0.72832,0.7426,0.75468,0.7676,0.77965,0.79004,0.80085,0.8101,0.81978,0.828,0.83666,0.84396,0.85172,0.85821,0.86515,0.87093,0.87713,0.88227
0.14528,0.16347,0.26516,0.35823,0.41733,0.45832,0.48997,0.51803,0.54371,0.56964,0.59394,0.61895,0.64174,0.66508,0.68578,0.70689,0.72523,0.74391,0.75986,0.77615,0.78987,0.80399,0.81574,0.82797,0.83805,0.84866,0.85838,0.86656,0.87498,0.88203,0.8893,0.89535,0.90159,0.90677,0.91208,0.9165,0.92098,0.92473,0.9285,0.93167
0.14992,0.17652,0.30748,0.40847,0.46785,0.51139,0.54776,0.58157,0.61265,0.64305,0.67053,0.69741,0.72109,0.74428,0.76426,0.78387,0.80046,0.81685,0.8305,0.84416,0.8554,0.8668,0.87609,0.88558,0.89326,0.9011,0.90803,0.91382,0.91945,0.92416,0.92869,0.9325,0.93614,0.93921,0.94211,0.94459,0.94691,0.94891,0.95077,0.95239
0.28563,0.30927,0.39434,0.44908,0.48813,0.52569,0.56359,0.60202,0.63855,0.67385,0.70547,0.73531,0.76107,0.78525,0.80562,0.82494,0.84096,0.85643,0.86908,0.88144,0.89145,0.90121,0.90907,0.91665,0.92276,0.92855,0.93349,0.93764,0.94138,0.94456,0.9474,0.94983,0.95201,0.95387,0.95555,0.95699,0.95826,0.95938,0.96034,0.96119
0.2706,0.30607,0.42045,0.48599,0.53164,0.57445,0.61507,0.65381,0.68903,0.72227,0.75142,0.77873,0.80196,0.8238,0.84196,0.85922,0.87332,0.88675,0.89758,0.90779,0.91599,0.92359,0.92971,0.93529,0.93981,0.94389,0.94732,0.9502,0.95272,0.95486,0.95669,0.95827,0.95957,0.96072,0.9616,0.96239,0.96292,0.96341,0.96364,0.96387
0.30406,0.33361,0.43951,0.50803,0.55989,0.6094,0.65577,0.69879,0.73661,0.77066,0.79931,0.82499,0.84611,0.86531,0.88087,0.89511,0.90651,0.91686,0.92511,0.93248,0.93837,0.94358,0.94777,0.95143,0.95441,0.957,0.95913,0.96092,0.96236,0.9636,0.96449,0.96528,0.96575,0.96617,0.96625,0.96634,0.96611,0.96591,0.96539,0.96492
0.37065,0.38891,0.46427,0.52637,0.57945,0.63118,0.67893,0.72197,0.7588,0.79132,0.81829,0.84244,0.86209,0.87986,0.89408,0.90682,0.91691,0.92581,0.93286,0.93904,0.94396,0.94826,0.95173,0.95475,0.9572,0.95926,0.96089,0.96229,0.96329,0.96416,0.96461,0.96502,0.96507,0.96509,0.96474,0.9644,0.96366,0.96296,0.96189,0.96082
0.36086,0.38787,0.49523,0.57538,0.636,0.6889,0.73502,0.77537,0.80909,0.83805,0.86136,0.88141,0.8972,0.91064,0.9211,0.9298,0.93659,0.94212,0.94649,0.95002,0.95287,0.95514,0.95701,0.95844,0.95964,0.96044,0.96098,0.96143,0.96153,0.96159,0.9613,0.961,0.96031,0.95962,0.95858,0.9575,0.95603,0.95451,0.95258,0.95055
0.3847,0.40305,0.48813,0.56777,0.63192,0.68665,0.73271,0.77239,0.80557,0.83463,0.85829,0.87874,0.89483,0.90844,0.91895,0.92773,0.93449,0.94011,0.94445,0.948,0.95075,0.95283,0.95444,0.95538,0.95607,0.95607,0.95571,0.95524,0.95411,0.95293,0.95109,0.9492,0.94664,0.94396,0.94057,0.93698,0.9327,0.92804,0.92269,0.91675
0.36134,0.3887,0.50827,0.60661,0.68233,0.74558,0.79626,0.83612,0.86632,0.89012,0.908,0.9221,0.93266,0.94084,0.94702,0.95176,0.95542,0.9582,0.96039,0.96196,0.9632,0.96395,0.96452,0.96461,0.96462,0.96419,0.9635,0.96272,0.96154,0.96023,0.95847,0.95655,0.95416,0.95151,0.94836,0.94483,0.94087,0.93629,0.93143,0.92566
0.37033,0.40119,0.52652,0.61959,0.68663,0.7434,0.79139,0.83173,0.86375,0.88943,0.90879,0.92367,0.93465,0.94289,0.94901,0.95359,0.95707,0.95964,0.96164,0.963,0.96406,0.96459,0.96497,0.96491,0.96476,0.96412,0.96326,0.96229,0.96089,0.95934,0.95733,0.95509,0.95239,0.94932,0.94584,0.9418,0.93751,0.93237,0.9273,0.92103
0.37437,0.40676,0.54188,0.64418,0.71673,0.77388,0.81804,0.85282,0.87957,0.90088,0.91706,0.9297,0.93923,0.94655,0.95212,0.95624,0.95941,0.96148,0.96305,0.96366,0.96402,0.96354,0.9629,0.96143,0.95983,0.95741,0.95454,0.95127,0.94725,0.94259,0.93721,0.93082,0.92384,0.91531,0.9066,0.89561,0.88512,0.87147,0.85924,0.84297
0.47754,0.48307,0.55606,0.64546,0.71327,0.76979,0.81641,0.85418,0.88284,0.90433,0.91966,0.93062,0.93829,0.94367,0.94745,0.94992,0.95163,0.95239,0.95276,0.95232,0.95164,0.95008,0.94834,0.94568,0.94273,0.93873,0.93408,0.92864,0.92218,0.91446,0.90583,0.8952,0.88407,0.86988,0.85607,0.83786,0.82134,0.799,0.78043,0.75456
0.49014,0.50224,0.60289,0.71232,0.78713,0.83964,0.87637,0.90264,0.9212,0.93442,0.94371,0.95014,0.95467,0.95758,0.95957,0.96047,0.96088,0.96041,0.95965,0.95804,0.9562,0.95348,0.95045,0.94648,0.94202,0.93658,0.93047,0.92323,0.91542,0.90597,0.89648,0.88472,0.8738,0.85998,0.8482,0.83298,0.82103,0.80532,0.794,0.77878
0.40894,0.44311,0.58991,0.70014,0.77252,0.82741,0.86833,0.89821,0.91909,0.93339,0.94308,0.9495,0.95395,0.95684,0.95892,0.96005,0.9608,0.96076,0.96049,0.95941,0.95812,0.95602,0.95359,0.95029,0.94646,0.94176,0.93643,0.92991,0.92305,0.91446,0.9062,0.89565,0.88639,0.87438,0.86476,0.85211,0.84288,0.83055,0.82175,0.81025
0.52861,0.53577,0.62112,0.71933,0.7874,0.83792,0.87492,0.90187,0.92081,0.93415,0.94337,0.94964,0.95391,0.95636,0.9578,0.95783,0.95728,0.9554,0.95306,0.94936,0.94506,0.93927,0.93246,0.92405,0.91383,0.90214,0.88893,0.87189,0.85479,0.83218,0.81141,0.78343,0.76009,0.72832,0.70431,0.6715,0.64812,0.61694,0.59481,0.56682
0.39899,0.447,0.6203,0.73227,0.80149,0.85082,0.88652,0.91241,0.93058,0.94337,0.95234,0.9586,0.9631,0.96604,0.96811,0.9691,0.96962,0.96926,0.96853,0.96698,0.96496,0.96211,0.95852,0.95413,0.94853,0.94242,0.93559,0.92659,0.9181,0.90683,0.89725,0.88443,0.87473,0.86161,0.8523,0.83996,0.83112,0.81997,0.81207,0.80234
0.44765,0.4807,0.62235,0.7434,0.81812,0.86731,0.89934,0.9202,0.93355,0.94197,0.94719,0.94979,0.95093,0.95025,0.94873,0.94556,0.94158,0.93582,0.92882,0.91967,0.90837,0.89458,0.8769,0.85701,0.83036,0.80313,0.77253,0.73038,0.69267,0.64029,0.59806,0.53996,0.49667,0.43925,0.39763,0.34614,0.30677,0.26346,0.22468,0.18913
0.44453,0.48889,0.66514,0.78988,0.85843,0.90083,0.92779,0.945,0.95585,0.9626,0.96679,0.96906,0.97027,0.97031,0.96979,0.9683,0.96632,0.96335,0.95966,0.95485,0.94883,0.94171,0.93251,0.92282,0.90984,0.898,0.88549,0.86894,0.85635,0.83978,0.82848,0.81407,0.80479,0.79353,0.78605,0.77775,0.77114,0.76503,0.75846,0.75367
0.41051,0.46164,0.63204,0.75058,0.82686,0.87859,0.91255,0.93467,0.94875,0.95783,0.96375,0.96729,0.96948,0.9702,0.97019,0.96901,0.96721,0.96423,0.96039,0.95512,0.94836,0.94005,0.92902,0.9169,0.9002,0.88392,0.86617,0.84193,0.82242,0.79606,0.77751,0.75339,0.73865,0.72026,0.70947,0.69742,0.68972,0.68277,0.67611,0.67187
0.50675,0.53565,0.69144,0.81626,0.88095,0.91828,0.93992,0.95204,0.95898,0.96284,0.96508,0.96581,0.96574,0.96439,0.96235,0.95896,0.95461,0.94871,0.94121,0.93202,0.92014,0.90709,0.88979,0.87283,0.85001,0.83053,0.8102,0.7841,0.76366,0.73813,0.71865,0.69535,0.67664,0.65572,0.63718,0.61807,0.59862,0.58048,0.56053,0.54304
0.49271,0.53521,0.71157,0.82891,0.8865,0.91984,0.9399,0.95155,0.95832,0.96164,0.96314,0.9628,0.9615,0.95867,0.95484,0.9493,0.94227,0.93333,0.92188,0.90891,0.89201,0.87525,0.85322,0.83456,0.81004,0.79232,0.77434,0.75343,0.73749,0.72004,0.70532,0.69062,0.67602,0.66272,0.6478,0.63479,0.61862,0.60448,0.58889,0.57319
0.49271,0.53521,0.71157,0.82891,0.8865,0.91984,0.9399,0.95155,0.95832,0.96164,0.96314,0.9628,0.9615,0.95867,0.95484,0.9493,0.94227,0.93333,0.92188,0.90891,0.89201,0.87525,0.85322,0.83456,0.81004,0.79232,0.77434,0.75343,0.73749,0.72004,0.70532,0.69062,0.67602,0.66272,0.6478,0.63479,0.61862,0.60448,0.58889,0.57319
0.50474,0.53881,0.68216,0.79695,0.86656,0.90884,0.93259,0.94528,0.95219,0.95575,0.9576,0.95787,0.95719,0.95511,0.95193,0.94701,0.94021,0.93132,0.919,0.90531,0.88613,0.86821,0.84341,0.82526,0.80024,0.78524,0.77078,0.75433,0.74303,0.73138,0.72238,0.7139,0.70479,0.69684,0.68948,0.68073,0.67141,0.65788,0.65911,0.64387
0.50474,0.53881,0.68216,0.79695,0.86656,0.90884,0.93259,0.94528,0.95219,0.95575,0.9576,0.95787,0.95719,0.95511,0.95193,0.94701,0.94021,0.93132,0.919,0.90531,0.88613,0.86821,0.84341,0.82526,0.80024,0.78524,0.77078,0.75433,0.74303,0.73138,0.72238,0.7139,0.70479,0.69684,0.68948,0.68073,0.67141,0.65788,0.65911,0.64387
0.50235,0.55514,0.73883,0.83956,0.89016,0.92224,0.9431,0.95656,0.96528,0.97052,0.97374,0.97516,0.97551,0.9747,0.97278,0.9698,0.96502,0.95935,0.95067,0.94198,0.92916,0.91886,0.90424,0.89407,0.88072,0.87243,0.86327,0.85485,0.84622,0.83971,0.83155,0.82593,0.81764,0.81117,0.80718,0.80097,0.80138,0.79705,0.79998,0.80003
0.50235,0.55514,0.73883,0.83956,0.89016,0.92224,0.9431,0.95656,0.96528,0.97052,0.97374,0.97516,0.97551,0.9747,0.97278,0.9698,0.96502,0.95935,0.95067,0.94198,0.92916,0.91886,0.90424,0.89407,0.88072,0.87243,0.86327,0.85485,0.84622,0.83971,0.83155,0.82593,0.81764,0.81117,0.80718,0.80097,0.80138,0.79705,0.79998,0.80003
0.50235,0.55514,0.73883,0.83956,0.89016,0.92224,0.9431,0.95656,0.96528,0.97052,0.97374,0.97516,0.97551,0.9747,0.97278,0.9698,0.96502,0.95935,0.95067,0.94198,0.92916,0.91886,0.90424,0.89407,0.88072,0.87243,0.86327,0.85485,0.84622,0.83971,0.83155,0.82593,0.81764,0.81117,0.80718,0.80097,0.80138,0.79705,0.79998,0.80003
0.59177,0.63505,0.78377,0.87342,0.91261,0.93121,0.93951,0.94188,0.94066,0.93612,0.92857,0.917,0.90028,0.87766,0.84444,0.80373,0.74199,0.67548,0.57458,0.48297,0.35277,0.2522,0.12839,0.036292,-0.052431,-0.13871,-0.23389,-0.28252,-0.37331,-0.40811,-0.49209,-0.52396,-0.57641,-0.5934,-0.54324,-0.469,-0.45277,-0.29728,-0.43525,-0.26745
0.59177,0.63505,0.78377,0.87342,0.91261,0.93121,0.93951,0.94188,0.94066,0.93612,0.92857,0.917,0.90028,0.87766,0.84444,0.80373,0.74199,0.67548,0.57458,0.48297,0.35277,0.2522,0.12839,0.036292,-0.052431,-0.13871,-0.23389,-0.28252,-0.37331,-0.40811,-0.49209,-0.52396,-0.57641,-0.5934,-0.54324,-0.469,-0.45277,-0.29728,-0.43525,-0.26745
0.59177,0.63505,0.78377,0.87342,0.91261,0.93121,0.93951,0.94188,0.94066,0.93612,0.92857,0.917,0.90028,0.87766,0.84444,0.80373,0.74199,0.67548,0.57458,0.48297,0.35277,0.2522,0.12839,0.036292,-0.052431,-0.13871,-0.23389,-0.28252,-0.37331,-0.40811,-0.49209,-0.52396,-0.57641,-0.5934,-0.54324,-0.469,-0.45277,-0.29728,-0.43525,-0.26745
0.63539,0.67103,0.80401,0.88007,0.91076,0.92497,0.93242,0.93682,0.93961,0.94094,0.94098,0.93947,0.93605,0.93133,0.92341,0.91577,0.90383,0.89592,0.88463,0.88041,0.87474,0.87422,0.87359,0.87485,0.87699,0.87725,0.87726,0.87884,0.88027,0.88132,0.88346,0.88426,0.88853,0.89065,0.88615,0.88326,0.87984,0.87079,0.86615,0.85409
0.52585,0.58194,0.75096,0.84581,0.89217,0.91942,0.93671,0.94786,0.9556,0.96074,0.96442,0.96652,0.96732,0.9665,0.96344,0.95913,0.95147,0.94599,0.93821,0.93718,0.93611,0.94155,0.94559,0.95278,0.95554,0.96203,0.97091,0.96935,0.98296,0.98279,0.97695,0.9651,0.9593,0.93789,0.94903,0.92415,0.9625,0.93849,0.9096,0.87282
0.52585,0.58194,0.75096,0.84581,0.89217,0.91942,0.93671,0.94786,0.9556,0.96074,0.96442,0.96652,0.96732,0.9665,0.96344,0.95913,0.95147,0.94599,0.93821,0.93718,0.93611,0.94155,0.94559,0.95278,0.95554,0.96203,0.97091,0.96935,0.98296,0.98279,0.97695,0.9651,0.9593,0.93789,0.94903,0.92415,0.9625,0.93849,0.9096,0.87282
0.52585,0.58194,0.75096,0.84581,0.89217,0.91942,0.93671,0.94786,0.9556,0.96074,0.96442,0.96652,0.96732,0.9665,0.96344,0.95913,0.95147,0.94599,0.93821,0.93718,0.93611,0.94155,0.94559,0.95278,0.95554,0.96203,0.97091,0.96935,0.98296,0.98279,0.97695,0.9651,0.9593,0.93789,0.94903,0.92415,0.9625,0.93849,0.9096,0.87282
0.57894,0.62752,0.78258,0.87313,0.91553,0.93743,0.94897,0.95361,0.9535,0.94883,0.93908,0.92354,0.89749,0.86261,0.80584,0.74388,0.65277,0.57516,0.48365,0.41005,0.35427,0.28136,0.26277,0.1721,0.167,0.09476,0.080612,0.12697,0.12803,0.21481,0.17348,0.26865,0.15102,0.23197,0.26345,0.38717,0.49959,0.64207,0.60381,0.71805
0.57894,0.62752,0.78258,0.87313,0.91553,0.93743,0.94897,0.95361,0.9535,0.94883,0.93908,0.92354,0.89749,0.86261,0.80584,0.74388,0.65277,0.57516,0.48365,0.41005,0.35427,0.28136,0.26277,0.1721,0.167,0.09476,0.080612,0.12697,0.12803,0.21481,0.17348,0.26865,0.15102,0.23197,0.26345,0.38717,0.49959,0.64207,0.60381,0.71805
0.71859,0.75273,0.87739,0.93915,0.95891,0.96523,0.96641,0.96431,0.9594,0.95124,0.93891,0.92209,0.89766,0.86881,0.82873,0.78976,0.74072,0.70123,0.65757,0.62336,0.5908,0.55972,0.53605,0.50422,0.48358,0.45539,0.44806,0.44198,0.44171,0.46115,0.43313,0.45983,0.40344,0.41483,0.4562,0.52647,0.58091,0.68374,0.62085,0.71273
