-0.00031799,-0.00038245,0.00057866,0.0042233,0.0099058,0.017338,0.025943,0.03515,0.044246,0.053307,0.061692,0.069974,0.077427,0.085049,0.091863,0.099257,0.10584,0.11342,0.12011,0.12819,0.13524,0.14405,0.15165,0.16137,0.16962,0.18031,0.19128,0.20087,0.21268,0.22287,0.23535,0.24602,0.25899,0.27,0.28325,0.29443,0.30777,0.31898,0.33223,0.34335
-0.0012649,0.00086446,0.010453,0.024506,0.042301,0.061138,0.079009,0.096235,0.1125,0.12969,0.14646,0.16572,0.18447,0.20667,0.22764,0.25224,0.27469,0.30044,0.32328,0.34888,0.3711,0.39552,0.41641,0.43905,0.45822,0.47886,0.49816,0.51492,0.5324,0.54749,0.56335,0.57696,0.59139,0.6037,0.61683,0.62799,0.63995,0.65007,0.66092,0.6701
-0.0027928,-7.4207e-05,0.032922,0.070606,0.093766,0.11315,0.13329,0.15732,0.18416,0.21649,0.24979,0.28734,0.32296,0.36076,0.39464,0.42923,0.45924,0.48949,0.51529,0.54144,0.56355,0.58625,0.60531,0.62507,0.64156,0.6587,0.67433,0.6877,0.70109,0.71253,0.72391,0.73362,0.74324,0.75143,0.75953,0.76642,0.77324,0.77902,0.78474,0.78959
0.023808,0.030274,0.072213,0.11693,0.15345,0.19111,0.23223,0.27807,0.32448,0.37231,0.4164,0.45933,0.4968,0.53255,0.56302,0.5923,0.61699,0.64102,0.66111,0.68076,0.69707,0.71298,0.72612,0.73889,0.7494,0.75959,0.76854,0.7761,0.78324,0.78924,0.79491,0.79968,0.80416,0.80793,0.81144,0.8144,0.8171,0.8194,0.82142,0.82316
0.046976,0.054145,0.093556,0.13923,0.18709,0.24118,0.29894,0.35866,0.41474,0.46773,0.51376,0.5563,0.59236,0.62614,0.65446,0.68112,0.7032,0.7238,0.74068,0.75625,0.76894,0.78055,0.78997,0.79855,0.80549,0.81176,0.81701,0.82135,0.82508,0.82817,0.8307,0.83283,0.83442,0.83578,0.8366,0.83732,0.83748,0.83767,0.83723,0.83694
0.017081,0.024006,0.079532,0.14794,0.21765,0.29285,0.36657,0.43434,0.4925,0.54336,0.58593,0.62394,0.6556,0.68408,0.7075,0.72847,0.7455,0.76075,0.77304,0.78406,0.7929,0.80079,0.8071,0.81265,0.81709,0.82081,0.82372,0.82611,0.82773,0.82909,0.82964,0.83012,0.82972,0.82944,0.82819,0.82721,0.82516,0.82353,0.82075,0.81849
0.094865,0.10343,0.15316,0.21113,0.27728,0.35017,0.41991,0.48341,0.53818,0.58743,0.62894,0.66585,0.69608,0.7223,0.7433,0.76126,0.77544,0.78744,0.79681,0.80458,0.81062,0.81537,0.81904,0.8216,0.82356,0.82442,0.82456,0.82456,0.82344,0.82243,0.8202,0.81828,0.81504,0.81226,0.80803,0.8044,0.79922,0.79475,0.78865,0.7833
0.088358,0.096642,0.16691,0.26308,0.35928,0.44802,0.5226,0.58435,0.63442,0.67635,0.70998,0.73786,0.75977,0.77772,0.79164,0.80293,0.8116,0.81842,0.82363,0.82738,0.83021,0.83176,0.83286,0.83267,0.83242,0.83075,0.82843,0.82632,0.82275,0.81957,0.81476,0.81051,0.80457,0.79925,0.7921,0.78565,0.77732,0.76966,0.76007,0.75111
0.047739,0.060035,0.14888,0.26863,0.37841,0.4715,0.54665,0.6077,0.65592,0.69459,0.72435,0.74797,0.76589,0.78023,0.79101,0.79954,0.80587,0.81052,0.81388,0.81573,0.81694,0.81659,0.81607,0.81383,0.8118,0.80788,0.80322,0.79889,0.79273,0.78701,0.77931,0.77212,0.76293,0.75421,0.74341,0.733,0.72053,0.70827,0.69401,0.67971
0.12548,0.15483,0.27623,0.38515,0.47669,0.55461,0.61945,0.6731,0.71535,0.74822,0.77262,0.79106,0.80438,0.81419,0.8211,0.82566,0.82866,0.82974,0.83008,0.82855,0.82685,0.82312,0.81963,0.81395,0.80879,0.80122,0.79293,0.78497,0.77485,0.76506,0.75304,0.74124,0.72716,0.71309,0.69681,0.68021,0.66155,0.6421,0.62091,0.5983
0.083436,0.10466,0.23804,0.38123,0.48611,0.56359,0.62181,0.66681,0.70099,0.72735,0.747,0.76203,0.77296,0.78098,0.78656,0.78994,0.79193,0.79182,0.79106,0.78801,0.78489,0.77922,0.7739,0.76571,0.75816,0.74751,0.73588,0.72443,0.71017,0.69598,0.67896,0.66168,0.64166,0.62091,0.59765,0.573,0.54639,0.51745,0.48752,0.45404
0.14962,0.17088,0.29798,0.43941,0.54943,0.63221,0.69272,0.73629,0.76689,0.78867,0.80384,0.81434,0.82151,0.82564,0.8281,0.82798,0.82712,0.82363,0.81999,0.81352,0.80727,0.79803,0.7892,0.77717,0.76558,0.75073,0.73474,0.71819,0.69912,0.67896,0.65655,0.63233,0.60642,0.57771,0.54833,0.51488,0.48228,0.44411,0.40889,0.36639
0.032184,0.077489,0.27982,0.43678,0.54494,0.63013,0.6963,0.74585,0.78109,0.80574,0.82232,0.8331,0.83984,0.84304,0.84429,0.84278,0.84042,0.83543,0.83022,0.82231,0.81451,0.80389,0.79346,0.78009,0.76674,0.75032,0.73269,0.71382,0.69276,0.6697,0.64495,0.61715,0.58873,0.55589,0.52413,0.48631,0.45201,0.40983,0.37425,0.32896
0.27405,0.29006,0.38937,0.49865,0.588,0.65921,0.71195,0.74973,0.77587,0.79408,0.80635,0.81407,0.81875,0.81996,0.81963,0.81602,0.81173,0.80408,0.79621,0.78484,0.77336,0.75825,0.74284,0.72371,0.70376,0.68019,0.65477,0.62644,0.59605,0.56133,0.52585,0.48423,0.44396,0.39538,0.35125,0.29638,0.24995,0.19036,0.14389,0.082129
0.043439,0.078752,0.27414,0.43806,0.53986,0.61345,0.66671,0.70437,0.72972,0.74605,0.75574,0.76008,0.7611,0.7583,0.75398,0.74628,0.73795,0.7262,0.71409,0.6983,0.68199,0.66167,0.64033,0.61496,0.58764,0.55663,0.5234,0.48532,0.44625,0.40033,0.35578,0.30197,0.25301,0.19208,0.14047,0.074153,0.022534,-0.046193,-0.095332,-0.16281
0.060486,0.11565,0.3711,0.55779,0.66693,0.73784,0.78246,0.80971,0.82617,0.83555,0.84071,0.84204,0.84145,0.83748,0.83252,0.82388,0.81467,0.80144,0.78764,0.76947,0.75033,0.72666,0.70108,0.67112,0.63778,0.60096,0.56161,0.51508,0.4695,0.41419,0.36414,0.30176,0.25036,0.18442,0.13556,0.070898,0.028087,-0.030351,-0.065241,-0.11387
0.13247,0.17372,0.39032,0.56124,0.66214,0.72806,0.77058,0.79753,0.81377,0.82233,0.82581,0.82437,0.82048,0.8126,0.80354,0.7907,0.77707,0.7595,0.74089,0.71812,0.69353,0.66488,0.63306,0.59794,0.55776,0.51639,0.47318,0.42135,0.37445,0.31694,0.26962,0.21026,0.16651,0.11018,0.073236,0.024461,-0.0042975,-0.042747,-0.063748,-0.091254
0.022101,0.069604,0.32673,0.51998,0.62286,0.68525,0.7225,0.74352,0.75426,0.75766,0.75686,0.7515,0.74422,0.7327,0.71994,0.70247,0.68367,0.65958,0.63351,0.60199,0.56721,0.52748,0.4825,0.43446,0.37835,0.32289,0.26548,0.19538,0.13431,0.057795,-0.0027359,-0.080684,-0.1364,-0.20972,-0.25742,-0.32063,-0.35887,-0.40852,-0.43801,-0.47331
0.40123,0.4256,0.54589,0.64595,0.71157,0.75517,0.78279,0.7991,0.80763,0.81,0.80866,0.80285,0.79501,0.78296,0.76936,0.75137,0.73156,0.70725,0.68019,0.64892,0.6133,0.57478,0.52966,0.48462,0.43019,0.38088,0.3312,0.2695,0.22114,0.15967,0.1169,0.061488,0.027333,-0.017232,-0.041762,-0.073015,-0.088986,-0.10708,-0.11689,-0.12381
0.050469,0.096916,0.33257,0.52121,0.62516,0.68602,0.72057,0.73864,0.74625,0.74589,0.74099,0.73045,0.71739,0.69903,0.67825,0.65185,0.6221,0.58666,0.54604,0.50057,0.44716,0.3916,0.32429,0.26004,0.17931,0.10961,0.039102,-0.051553,-0.12092,-0.21168,-0.2749,-0.35757,-0.41089,-0.47831,-0.52107,-0.56986,-0.60373,-0.63444,-0.66293,-0.67857
0.10758,0.16496,0.43176,0.62072,0.71153,0.75857,0.78281,0.79363,0.79653,0.79319,0.78646,0.77498,0.76136,0.74285,0.72191,0.69559,0.66561,0.63023,0.58908,0.54398,0.49014,0.43645,0.37043,0.31201,0.23764,0.18095,0.12678,0.057878,0.013702,-0.042998,-0.074466,-0.11372,-0.13349,-0.15473,-0.16635,-0.17256,-0.17949,-0.17464,-0.17997,-0.16778
0.18817,0.23671,0.43338,0.57981,0.66977,0.72497,0.75705,0.77478,0.78306,0.78466,0.7821,0.77492,0.76515,0.75084,0.73396,0.71247,0.68764,0.65868,0.62505,0.58889,0.54627,0.50435,0.45377,0.40892,0.3529,0.309,0.26633,0.21269,0.17588,0.12886,0.10059,0.065176,0.046295,0.025656,0.015999,0.011079,0.0079379,0.017125,0.017057,0.037273
0.24167,0.28175,0.4977,0.66197,0.73332,0.76565,0.78028,0.78467,0.78295,0.77506,0.76363,0.74643,0.72594,0.69941,0.66859,0.63182,0.58879,0.54131,0.4848,0.428,0.35904,0.29728,0.22059,0.16111,0.085185,0.035369,-0.010862,-0.065662,-0.098319,-0.13521,-0.15547,-0.17511,-0.18637,-0.19208,-0.19918,-0.19509,-0.20058,-0.1895,-0.19531,-0.17903
0.30028,0.35454,0.57673,0.70918,0.76287,0.78806,0.79916,0.80016,0.79452,0.78168,0.76467,0.74127,0.71379,0.67961,0.63961,0.59284,0.53713,0.477,0.40406,0.33375,0.24718,0.17525,0.085537,0.023541,-0.054949,-0.09953,-0.14042,-0.18384,-0.21019,-0.23317,-0.24977,-0.25761,-0.26929,-0.2674,-0.27766,-0.27044,-0.27906,-0.26867,-0.27435,-0.26088
0.30028,0.35454,0.57673,0.70918,0.76287,0.78806,0.79916,0.80016,0.79452,0.78168,0.76467,0.74127,0.71379,0.67961,0.63961,0.59284,0.53713,0.477,0.40406,0.33375,0.24718,0.17525,0.085537,0.023541,-0.054949,-0.09953,-0.14042,-0.18384,-0.21019,-0.23317,-0.24977,-0.25761,-0.26929,-0.2674,-0.27766,-0.27044,-0.27906,-0.26867,-0.27435,-0.26088
0.064272,0.12592,0.38847,0.5702,0.67711,0.73936,0.77024,0.7811,0.78026,0.77086,0.75576,0.7341,0.70665,0.67248,0.63035,0.58275,0.52401,0.46473,0.39078,0.3259,0.24326,0.18202,0.10196,0.053041,-0.01133,-0.043999,-0.076206,-0.1024,-0.12169,-0.1254,-0.13737,-0.12473,-0.13224,-0.10859,-0.11208,-0.080202,-0.079068,-0.040658,-0.044757,-0.0057677
0.064272,0.12592,0.38847,0.5702,0.67711,0.73936,0.77024,0.7811,0.78026,0.77086,0.75576,0.7341,0.70665,0.67248,0.63035,0.58275,0.52401,0.46473,0.39078,0.3259,0.24326,0.18202,0.10196,0.053041,-0.01133,-0.043999,-0.076206,-0.1024,-0.12169,-0.1254,-0.13737,-0.12473,-0.13224,-0.10859,-0.11208,-0.080202,-0.079068,-0.040658,-0.044757,-0.0057677
0.46405,0.50313,0.64828,0.73512,0.77399,0.79373,0.80178,0.8008,0.7929,0.77779,0.75669,0.72886,0.69366,0.65248,0.60075,0.54629,0.47718,0.41319,0.33105,0.26633,0.18307,0.12868,0.060901,0.024375,-0.015384,-0.034771,-0.053891,-0.053805,-0.063001,-0.044927,-0.048052,-0.01774,-0.016365,0.022375,0.021324,0.061426,0.067526,0.10897,0.14228,0.19728
0.46405,0.50313,0.64828,0.73512,0.77399,0.79373,0.80178,0.8008,0.7929,0.77779,0.75669,0.72886,0.69366,0.65248,0.60075,0.54629,0.47718,0.41319,0.33105,0.26633,0.18307,0.12868,0.060901,0.024375,-0.015384,-0.034771,-0.053891,-0.053805,-0.063001,-0.044927,-0.048052,-0.01774,-0.016365,0.022375,0.021324,0.061426,0.067526,0.10897,0.14228,0.19728
0.46405,0.50313,0.64828,0.73512,0.77399,0.79373,0.80178,0.8008,0.7929,0.77779,0.75669,0.72886,0.69366,0.65248,0.60075,0.54629,0.47718,0.41319,0.33105,0.26633,0.18307,0.12868,0.060901,0.024375,-0.015384,-0.034771,-0.053891,-0.053805,-0.063001,-0.044927,-0.048052,-0.01774,-0.016365,0.022375,0.021324,0.061426,0.067526,0.10897,0.14228,0.19728
0.20849,0.2667,0.46292,0.56674,0.6081,0.62056,0.6169,0.60257,0.57925,0.54628,0.50186,0.44684,0.37613,0.29762,0.19784,0.099359,-0.026869,-0.13565,-0.27583,-0.37955,-0.50836,-0.59147,-0.68266,-0.74179,-0.78847,-0.83374,-0.88211,-0.88913,-0.93145,-0.92473,-0.966,-0.9567,-0.98549,-0.97238,-0.93217,-0.86432,-0.84247,-0.71932,-0.80384,-0.67443
0.20849,0.2667,0.46292,0.56674,0.6081,0.62056,0.6169,0.60257,0.57925,0.54628,0.50186,0.44684,0.37613,0.29762,0.19784,0.099359,-0.026869,-0.13565,-0.27583,-0.37955,-0.50836,-0.59147,-0.68266,-0.74179,-0.78847,-0.83374,-0.88211,-0.88913,-0.93145,-0.92473,-0.966,-0.9567,-0.98549,-0.97238,-0.93217,-0.86432,-0.84247,-0.71932,-0.80384,-0.67443
0.20849,0.2667,0.46292,0.56674,0.6081,0.62056,0.6169,0.60257,0.57925,0.54628,0.50186,0.44684,0.37613,0.29762,0.19784,0.099359,-0.026869,-0.13565,-0.27583,-0.37955,-0.50836,-0.59147,-0.68266,-0.74179,-0.78847,-0.83374,-0.88211,-0.88913,-0.93145,-0.92473,-0.966,-0.9567,-0.98549,-0.97238,-0.93217,-0.86432,-0.84247,-0.71932,-0.80384,-0.67443
0.38533,0.43062,0.58595,0.66052,0.67801,0.67269,0.6567,0.63371,0.60257,0.56244,0.50953,0.44744,0.36829,0.28839,0.18989,0.10985,0.015209,-0.041266,-0.1033,-0.12708,-0.14659,-0.1481,-0.13674,-0.12922,-0.10161,-0.091055,-0.075571,-0.041494,-0.02047,0.01983,0.039667,0.08541,0.094905,0.14071,0.14425,0.18642,0.1809,0.21566,0.21441,0.24594
0.16131,0.2339,0.48661,0.60332,0.66582,0.71102,0.74025,0.75678,0.76079,0.75559,0.74286,0.72625,0.70672,0.68967,0.67534,0.66942,0.67283,0.68618,0.71208,0.741,0.77559,0.80795,0.83212,0.86114,0.86929,0.89707,0.92532,0.92631,0.95045,0.95138,0.93732,0.91272,0.90432,0.85883,0.889,0.83742,0.92157,0.88073,0.84583,0.77695
0.16131,0.2339,0.48661,0.60332,0.66582,0.71102,0.74025,0.75678,0.76079,0.75559,0.74286,0.72625,0.70672,0.68967,0.67534,0.66942,0.67283,0.68618,0.71208,0.741,0.77559,0.80795,0.83212,0.86114,0.86929,0.89707,0.92532,0.92631,0.95045,0.95138,0.93732,0.91272,0.90432,0.85883,0.889,0.83742,0.92157,0.88073,0.84583,0.77695
0.16131,0.2339,0.48661,0.60332,0.66582,0.71102,0.74025,0.75678,0.76079,0.75559,0.74286,0.72625,0.70672,0.68967,0.67534,0.66942,0.67283,0.68618,0.71208,0.741,0.77559,0.80795,0.83212,0.86114,0.86929,0.89707,0.92532,0.92631,0.95045,0.95138,0.93732,0.91272,0.90432,0.85883,0.889,0.83742,0.92157,0.88073,0.84583,0.77695
0.20798,0.29298,0.53973,0.64121,0.68112,0.70117,0.7068,0.69939,0.67922,0.64902,0.60914,0.56669,0.51925,0.47973,0.44238,0.41935,0.40524,0.40184,0.40616,0.41893,0.42035,0.45059,0.43164,0.49955,0.46589,0.5169,0.52301,0.42508,0.41914,0.33103,0.31962,0.2705,0.2974,0.26936,0.25608,0.26358,0.28934,0.34478,0.32976,0.39987
0.20798,0.29298,0.53973,0.64121,0.68112,0.70117,0.7068,0.69939,0.67922,0.64902,0.60914,0.56669,0.51925,0.47973,0.44238,0.41935,0.40524,0.40184,0.40616,0.41893,0.42035,0.45059,0.43164,0.49955,0.46589,0.5169,0.52301,0.42508,0.41914,0.33103,0.31962,0.2705,0.2974,0.26936,0.25608,0.26358,0.28934,0.34478,0.32976,0.39987
0.55281,0.58282,0.67435,0.70987,0.70643,0.68706,0.65745,0.61689,0.56294,0.49666,0.41279,0.32328,0.2158,0.12085,0.014081,-0.059723,-0.13382,-0.17098,-0.19766,-0.20652,-0.19557,-0.19338,-0.15965,-0.16218,-0.12201,-0.12977,-0.10664,-0.065059,-0.043758,0.011265,-0.0062631,0.032218,-0.0095665,-0.0063977,0.088379,0.1378,0.2248,0.30861,0.27587,0.35169
