-9.5527e-05,0.01032,0.052798,0.079519,0.091906,0.09887,0.10319,0.10639,0.10918,0.11252,0.11601,0.12054,0.12511,0.1307,0.1361,0.14237,0.14823,0.15484,0.16084,0.16757,0.17357,0.18036,0.18632,0.19323,0.1992,0.20629,0.21341,0.21966,0.22708,0.23348,0.24125,0.24788,0.25605,0.26295,0.27156,0.27875,0.28782,0.29534,0.30486,0.3127
-0.00038488,0.0099814,0.051996,0.077985,0.090518,0.10044,0.11089,0.12278,0.1352,0.14861,0.16174,0.1761,0.18976,0.20527,0.21968,0.2366,0.25201,0.27056,0.28716,0.30736,0.32514,0.34673,0.36545,0.3879,0.40716,0.42982,0.45183,0.47129,0.49254,0.51119,0.53116,0.5486,0.56695,0.58292,0.59948,0.61386,0.62864,0.64144,0.65455,0.66587
0.11998,0.1197,0.11745,0.11577,0.12037,0.13192,0.14781,0.16675,0.18673,0.20911,0.2314,0.25685,0.28143,0.30996,0.33671,0.3675,0.39553,0.42696,0.45488,0.48512,0.51146,0.53907,0.56278,0.58705,0.60768,0.62859,0.64766,0.66416,0.68059,0.6947,0.70896,0.72111,0.7336,0.74418,0.75519,0.76447,0.77423,0.78243,0.79112,0.79839
-0.001544,0.0087468,0.05524,0.095992,0.12931,0.16152,0.19373,0.22778,0.2624,0.30071,0.33884,0.38085,0.42082,0.46305,0.5014,0.53983,0.57341,0.60566,0.63314,0.65907,0.68085,0.70164,0.71895,0.73594,0.74999,0.7642,0.77707,0.78795,0.79895,0.80822,0.81769,0.82566,0.83385,0.84075,0.84785,0.85382,0.85998,0.86516,0.87049,0.87499
0.12225,0.13115,0.16773,0.19645,0.21925,0.24427,0.27422,0.31147,0.35268,0.39952,0.4459,0.49383,0.53748,0.57929,0.6153,0.64853,0.67637,0.70218,0.72357,0.74395,0.76074,0.77718,0.79067,0.80414,0.81516,0.82628,0.83621,0.84461,0.85287,0.85986,0.86675,0.87258,0.87835,0.88324,0.88808,0.89219,0.89626,0.89973,0.90313,0.90606
0.1187,0.11524,0.10899,0.1332,0.17942,0.23566,0.29677,0.36262,0.42789,0.49203,0.54914,0.59989,0.64178,0.67769,0.70669,0.73244,0.75332,0.77283,0.78872,0.80406,0.81658,0.82886,0.83889,0.84877,0.85687,0.86483,0.87185,0.87781,0.88347,0.88829,0.89287,0.89679,0.90043,0.90361,0.90649,0.90903,0.91133,0.91337,0.91518,0.91678
0.11603,0.12331,0.18145,0.24526,0.29742,0.3539,0.4159,0.4805,0.54049,0.59435,0.63927,0.67801,0.70955,0.73777,0.76081,0.7822,0.79967,0.81617,0.82964,0.84246,0.85289,0.86286,0.87096,0.87873,0.88504,0.89112,0.89631,0.90073,0.90464,0.90805,0.91098,0.91356,0.91573,0.91765,0.91914,0.9205,0.92147,0.92236,0.92291,0.92339
-0.0061166,0.022197,0.14441,0.23877,0.30878,0.3788,0.45052,0.5203,0.58198,0.63504,0.67811,0.71494,0.74455,0.77093,0.79226,0.8118,0.82765,0.84239,0.85433,0.86555,0.87462,0.88323,0.8902,0.89671,0.90207,0.9068,0.91082,0.91433,0.91723,0.9198,0.92179,0.92358,0.92488,0.92603,0.92673,0.92732,0.92743,0.92749,0.92711,0.92666
0.098807,0.11325,0.1904,0.27889,0.36957,0.4631,0.54928,0.62178,0.6786,0.72381,0.75896,0.7886,0.81223,0.8329,0.84951,0.86419,0.87598,0.88641,0.8948,0.90221,0.90819,0.91329,0.9175,0.92089,0.92376,0.92597,0.92761,0.92903,0.92992,0.93063,0.93083,0.93092,0.93055,0.93007,0.92913,0.9281,0.92654,0.92493,0.92276,0.92051
0.11529,0.12129,0.18267,0.28043,0.38363,0.48416,0.57227,0.64459,0.70098,0.74599,0.78086,0.80935,0.83163,0.85009,0.86466,0.87688,0.88662,0.8948,0.90142,0.90681,0.91127,0.91473,0.91764,0.91971,0.92147,0.92249,0.92314,0.92358,0.92346,0.92319,0.9224,0.92147,0.91997,0.91835,0.91617,0.91383,0.91096,0.90786,0.90427,0.90033
0.10587,0.12679,0.21756,0.31329,0.41645,0.51732,0.60154,0.66778,0.71841,0.75912,0.79082,0.81711,0.83767,0.85491,0.86836,0.87969,0.88854,0.89585,0.90165,0.90618,0.90986,0.91251,0.91466,0.91583,0.91674,0.91682,0.91632,0.9156,0.91402,0.91224,0.90948,0.90652,0.90256,0.8983,0.89302,0.88729,0.8806,0.87322,0.86502,0.85577
0.11172,0.11751,0.19951,0.33438,0.46993,0.58686,0.67285,0.73314,0.77588,0.80839,0.83309,0.85295,0.86846,0.88112,0.89113,0.89922,0.9057,0.91082,0.91497,0.91806,0.92055,0.92227,0.92354,0.92409,0.92433,0.92389,0.92292,0.92165,0.91969,0.91739,0.9144,0.91101,0.90697,0.90239,0.8973,0.89146,0.88533,0.87813,0.87113,0.86259
0.2246,0.22685,0.27955,0.39074,0.50925,0.61188,0.69168,0.7527,0.7984,0.83338,0.85952,0.87952,0.89456,0.90602,0.91476,0.92111,0.92604,0.92932,0.93184,0.93307,0.93391,0.93383,0.93343,0.93222,0.93076,0.92847,0.92574,0.92258,0.91877,0.91441,0.90945,0.90374,0.89763,0.89045,0.8832,0.87445,0.86628,0.85602,0.84712,0.83555
0.21352,0.25298,0.42159,0.55774,0.65012,0.71788,0.76793,0.80628,0.8355,0.85881,0.87685,0.89139,0.90268,0.91152,0.91843,0.92355,0.92755,0.93019,0.93215,0.9331,0.93356,0.93315,0.93231,0.93056,0.9284,0.92526,0.92148,0.91698,0.91164,0.90531,0.89825,0.88977,0.88093,0.86999,0.85934,0.84573,0.83344,0.81719,0.80346,0.78482
0.075808,0.094489,0.21355,0.38468,0.52834,0.6269,0.69358,0.74238,0.77892,0.80705,0.82825,0.84467,0.85717,0.86671,0.87416,0.8796,0.88383,0.88657,0.88842,0.88889,0.88864,0.88688,0.88444,0.88036,0.87545,0.86886,0.86111,0.8518,0.84131,0.82853,0.81519,0.79847,0.78233,0.7614,0.74275,0.71767,0.69688,0.66815,0.64605,0.61471
-0.018247,0.021959,0.22551,0.43214,0.58292,0.68575,0.75376,0.8001,0.83278,0.85682,0.87478,0.88838,0.8988,0.90619,0.91183,0.91507,0.91731,0.91759,0.91718,0.91501,0.91222,0.90768,0.90245,0.89553,0.88768,0.87843,0.86833,0.85638,0.84429,0.8297,0.81621,0.79946,0.78534,0.76728,0.75304,0.73456,0.72133,0.70351,0.69171,0.67535
0.28941,0.31296,0.45392,0.60478,0.70513,0.77065,0.8154,0.84792,0.87195,0.88979,0.90289,0.91218,0.91895,0.92333,0.92637,0.92783,0.92847,0.92785,0.92657,0.92407,0.92087,0.91646,0.91112,0.90461,0.89679,0.8881,0.87852,0.86666,0.85525,0.84077,0.82813,0.81168,0.79854,0.78116,0.76851,0.75146,0.74018,0.72458,0.7145,0.70079
0.15817,0.18987,0.35089,0.50572,0.60673,0.67641,0.72802,0.76809,0.79878,0.82239,0.84031,0.85323,0.86294,0.86922,0.87354,0.87535,0.87565,0.87358,0.87009,0.86404,0.85637,0.84604,0.83354,0.8187,0.80056,0.78106,0.7599,0.73275,0.70763,0.67456,0.64655,0.60894,0.58005,0.54056,0.51311,0.47502,0.4498,0.41547,0.39271,0.36318
0.32463,0.36336,0.51579,0.64053,0.72789,0.78816,0.82948,0.85909,0.88048,0.89606,0.9074,0.91511,0.92058,0.92372,0.92547,0.92554,0.9245,0.92191,0.9182,0.91296,0.90634,0.89826,0.88827,0.87727,0.86343,0.84981,0.83535,0.81657,0.80057,0.77947,0.76341,0.74183,0.72724,0.70726,0.69457,0.6774,0.66692,0.65299,0.64389,0.63277
0.062437,0.11534,0.36923,0.56386,0.67566,0.75006,0.79781,0.82746,0.84616,0.85763,0.86505,0.86885,0.87073,0.87031,0.86841,0.8643,0.85854,0.85029,0.83981,0.82677,0.81031,0.79191,0.76797,0.74394,0.71114,0.68164,0.64994,0.60545,0.5699,0.51909,0.48226,0.42942,0.39315,0.34283,0.30846,0.26385,0.23133,0.19364,0.16037,0.12871
0.28073,0.31166,0.49552,0.65282,0.73624,0.7901,0.82734,0.85322,0.8713,0.88317,0.89118,0.89534,0.89744,0.89705,0.89521,0.89136,0.88598,0.87865,0.86937,0.85857,0.84497,0.83104,0.81305,0.79733,0.7761,0.76072,0.7458,0.72571,0.71408,0.6976,0.68982,0.67815,0.67364,0.66629,0.6634,0.65885,0.65726,0.65454,0.65188,0.64962
0.26994,0.29723,0.45295,0.60209,0.70484,0.77823,0.82856,0.86177,0.88371,0.89772,0.9071,0.91304,0.91672,0.91848,0.91858,0.91671,0.91325,0.90749,0.89988,0.88997,0.87738,0.86323,0.84496,0.82693,0.80312,0.78212,0.7608,0.73333,0.71313,0.68742,0.67039,0.64952,0.63766,0.62314,0.61551,0.60651,0.60177,0.59648,0.59291,0.58894
0.14707,0.20705,0.51369,0.71091,0.78337,0.82611,0.85576,0.8763,0.89057,0.90013,0.90654,0.90976,0.9107,0.90851,0.90407,0.89629,0.88578,0.87194,0.85423,0.83401,0.80804,0.78193,0.74782,0.7176,0.67765,0.64707,0.61653,0.57864,0.5516,0.51895,0.49609,0.46983,0.45001,0.4292,0.41084,0.39384,0.37582,0.36133,0.34348,0.33078
0.37465,0.4026,0.5944,0.76115,0.8384,0.88171,0.90819,0.92433,0.93442,0.94034,0.9438,0.94505,0.94473,0.94257,0.93877,0.933,0.92494,0.91482,0.9011,0.88602,0.86527,0.8456,0.81807,0.79574,0.76446,0.74349,0.72205,0.69601,0.67745,0.65676,0.64018,0.62419,0.60768,0.59443,0.57696,0.5645,0.54578,0.53236,0.51562,0.50137
0.37465,0.4026,0.5944,0.76115,0.8384,0.88171,0.90819,0.92433,0.93442,0.94034,0.9438,0.94505,0.94473,0.94257,0.93877,0.933,0.92494,0.91482,0.9011,0.88602,0.86527,0.8456,0.81807,0.79574,0.76446,0.74349,0.72205,0.69601,0.67745,0.65676,0.64018,0.62419,0.60768,0.59443,0.57696,0.5645,0.54578,0.53236,0.51562,0.50137
0.30842,0.36906,0.60751,0.75528,0.82937,0.87227,0.89695,0.90929,0.9145,0.91411,0.91081,0.90449,0.89603,0.88484,0.87079,0.85421,0.83333,0.8116,0.78384,0.75931,0.72775,0.70431,0.67467,0.65711,0.6351,0.62368,0.61332,0.60285,0.59668,0.5901,0.58587,0.58067,0.57698,0.57103,0.5718,0.56596,0.56314,0.55309,0.55818,0.54614
0.30842,0.36906,0.60751,0.75528,0.82937,0.87227,0.89695,0.90929,0.9145,0.91411,0.91081,0.90449,0.89603,0.88484,0.87079,0.85421,0.83333,0.8116,0.78384,0.75931,0.72775,0.70431,0.67467,0.65711,0.6351,0.62368,0.61332,0.60285,0.59668,0.5901,0.58587,0.58067,0.57698,0.57103,0.5718,0.56596,0.56314,0.55309,0.55818,0.54614
0.52172,0.54192,0.67531,0.79133,0.84477,0.87525,0.89511,0.90793,0.91597,0.92019,0.92119,0.91928,0.9143,0.90654,0.89477,0.88056,0.8601,0.83901,0.80839,0.78184,0.74325,0.71662,0.67857,0.65749,0.6293,0.6149,0.59895,0.58889,0.5761,0.57375,0.56256,0.56443,0.55455,0.55725,0.55232,0.55521,0.56236,0.57047,0.57823,0.59105
0.52172,0.54192,0.67531,0.79133,0.84477,0.87525,0.89511,0.90793,0.91597,0.92019,0.92119,0.91928,0.9143,0.90654,0.89477,0.88056,0.8601,0.83901,0.80839,0.78184,0.74325,0.71662,0.67857,0.65749,0.6293,0.6149,0.59895,0.58889,0.5761,0.57375,0.56256,0.56443,0.55455,0.55725,0.55232,0.55521,0.56236,0.57047,0.57823,0.59105
0.52172,0.54192,0.67531,0.79133,0.84477,0.87525,0.89511,0.90793,0.91597,0.92019,0.92119,0.91928,0.9143,0.90654,0.89477,0.88056,0.8601,0.83901,0.80839,0.78184,0.74325,0.71662,0.67857,0.65749,0.6293,0.6149,0.59895,0.58889,0.5761,0.57375,0.56256,0.56443,0.55455,0.55725,0.55232,0.55521,0.56236,0.57047,0.57823,0.59105
0.28886,0.33548,0.5564,0.72284,0.80568,0.84973,0.87518,0.89056,0.89985,0.90443,0.90451,0.89971,0.88947,0.87398,0.84956,0.82072,0.77579,0.73028,0.65946,0.59891,0.50885,0.44156,0.3529,0.28613,0.21552,0.14499,0.064271,0.013634,-0.072961,-0.11924,-0.20442,-0.25254,-0.30676,-0.33851,-0.3021,-0.24384,-0.22349,-0.080226,-0.22549,-0.072473
0.28886,0.33548,0.5564,0.72284,0.80568,0.84973,0.87518,0.89056,0.89985,0.90443,0.90451,0.89971,0.88947,0.87398,0.84956,0.82072,0.77579,0.73028,0.65946,0.59891,0.50885,0.44156,0.3529,0.28613,0.21552,0.14499,0.064271,0.013634,-0.072961,-0.11924,-0.20442,-0.25254,-0.30676,-0.33851,-0.3021,-0.24384,-0.22349,-0.080226,-0.22549,-0.072473
0.28886,0.33548,0.5564,0.72284,0.80568,0.84973,0.87518,0.89056,0.89985,0.90443,0.90451,0.89971,0.88947,0.87398,0.84956,0.82072,0.77579,0.73028,0.65946,0.59891,0.50885,0.44156,0.3529,0.28613,0.21552,0.14499,0.064271,0.013634,-0.072961,-0.11924,-0.20442,-0.25254,-0.30676,-0.33851,-0.3021,-0.24384,-0.22349,-0.080226,-0.22549,-0.072473
0.45551,0.48382,0.64541,0.77224,0.83511,0.87062,0.89137,0.90249,0.90762,0.90803,0.90423,0.89675,0.88522,0.87226,0.85582,0.84334,0.82967,0.82437,0.8197,0.82268,0.82488,0.83151,0.83522,0.84275,0.84583,0.85219,0.85739,0.85934,0.86241,0.86134,0.86315,0.85737,0.86813,0.86301,0.85641,0.83875,0.84289,0.81381,0.81829,0.78279
0.40426,0.44131,0.59556,0.71419,0.78221,0.82336,0.85176,0.87239,0.88545,0.89187,0.89284,0.88917,0.88167,0.87245,0.86115,0.85238,0.84586,0.84696,0.85513,0.869,0.88708,0.90636,0.91953,0.93664,0.93731,0.95535,0.97576,0.97031,0.99216,0.98849,0.97442,0.9483,0.9403,0.89699,0.91983,0.87022,0.94677,0.90638,0.86851,0.80286
0.40426,0.44131,0.59556,0.71419,0.78221,0.82336,0.85176,0.87239,0.88545,0.89187,0.89284,0.88917,0.88167,0.87245,0.86115,0.85238,0.84586,0.84696,0.85513,0.869,0.88708,0.90636,0.91953,0.93664,0.93731,0.95535,0.97576,0.97031,0.99216,0.98849,0.97442,0.9483,0.9403,0.89699,0.91983,0.87022,0.94677,0.90638,0.86851,0.80286
0.40426,0.44131,0.59556,0.71419,0.78221,0.82336,0.85176,0.87239,0.88545,0.89187,0.89284,0.88917,0.88167,0.87245,0.86115,0.85238,0.84586,0.84696,0.85513,0.869,0.88708,0.90636,0.91953,0.93664,0.93731,0.95535,0.97576,0.97031,0.99216,0.98849,0.97442,0.9483,0.9403,0.89699,0.91983,0.87022,0.94677,0.90638,0.86851,0.80286
0.51474,0.55063,0.6865,0.77825,0.82345,0.84468,0.85473,0.85823,0.85523,0.84636,0.83006,0.80857,0.77665,0.74316,0.69649,0.6556,0.60358,0.56386,0.5185,0.4827,0.44494,0.41109,0.37846,0.34026,0.30452,0.26918,0.24597,0.22457,0.22878,0.2531,0.21506,0.26088,0.17328,0.20911,0.22201,0.30004,0.43672,0.56349,0.53238,0.64344
0.51474,0.55063,0.6865,0.77825,0.82345,0.84468,0.85473,0.85823,0.85523,0.84636,0.83006,0.80857,0.77665,0.74316,0.69649,0.6556,0.60358,0.56386,0.5185,0.4827,0.44494,0.41109,0.37846,0.34026,0.30452,0.26918,0.24597,0.22457,0.22878,0.2531,0.21506,0.26088,0.17328,0.20911,0.22201,0.30004,0.43672,0.56349,0.53238,0.64344
0.66082,0.66233,0.73286,0.81145,0.84961,0.86717,0.87369,0.87229,0.86314,0.84681,0.82093,0.78913,0.74379,0.69788,0.63568,0.58493,0.52236,0.48103,0.43711,0.40768,0.38434,0.36034,0.35144,0.32293,0.31653,0.29381,0.29394,0.30039,0.30586,0.33519,0.31079,0.34228,0.28047,0.28459,0.35292,0.42001,0.47587,0.57516,0.53881,0.62994
