-0.00035544,-0.00048731,-0.00056731,0.0023347,0.008351,0.016852,0.02723,0.039222,0.051678,0.06482,0.077503,0.090767,0.10328,0.11672,0.12922,0.14298,0.15553,0.16949,0.18198,0.19591,0.20819,0.22194,0.23389,0.24737,0.25896,0.27215,0.28497,0.29626,0.30876,0.31968,0.33185,0.34239,0.35418,0.36435,0.37575,0.38553,0.39651,0.40591,0.41649,0.42551
-0.0014141,-0.001517,0.0080298,0.030629,0.056695,0.083913,0.11114,0.13901,0.16629,0.19416,0.22036,0.24701,0.27142,0.29656,0.3192,0.34282,0.36377,0.38583,0.40516,0.42569,0.44353,0.46271,0.47928,0.49735,0.51286,0.53005,0.54658,0.56111,0.57688,0.59061,0.60555,0.61844,0.63247,0.64447,0.65748,0.66851,0.68046,0.6905,0.70134,0.7104
-0.0031217,0.003397,0.043659,0.089498,0.12933,0.16744,0.20412,0.2403,0.27482,0.30961,0.34215,0.375,0.40489,0.43507,0.46203,0.48963,0.51402,0.53955,0.56186,0.58551,0.60588,0.62751,0.64581,0.6651,0.68116,0.69793,0.71313,0.72598,0.73883,0.74959,0.76038,0.76934,0.77839,0.78585,0.7935,0.79977,0.80629,0.81161,0.81722,0.82178
-0.0054153,0.0048214,0.05938,0.12274,0.1835,0.24044,0.29198,0.3395,0.38232,0.42271,0.45897,0.49423,0.52594,0.55785,0.58627,0.61518,0.64029,0.66558,0.68693,0.70809,0.72555,0.74272,0.75664,0.77039,0.78142,0.79247,0.80224,0.81026,0.81826,0.82479,0.83139,0.83678,0.84227,0.84675,0.85134,0.85508,0.8589,0.86202,0.86516,0.86774
0.041103,0.051409,0.10979,0.18113,0.24712,0.30805,0.36289,0.41279,0.45747,0.49981,0.53823,0.57593,0.60949,0.64218,0.67011,0.69675,0.71872,0.73951,0.75629,0.7723,0.78507,0.7975,0.80734,0.81714,0.82487,0.83266,0.83947,0.84505,0.8505,0.85497,0.85927,0.86283,0.86618,0.86897,0.87152,0.87367,0.87549,0.87708,0.87826,0.87935
0.039069,0.05264,0.1333,0.22042,0.29393,0.3618,0.42411,0.48208,0.53444,0.58348,0.62617,0.66493,0.69682,0.72484,0.74707,0.76662,0.78195,0.79584,0.80676,0.81702,0.82512,0.83293,0.83911,0.84512,0.84988,0.85442,0.85822,0.86138,0.8641,0.86637,0.86816,0.86969,0.87068,0.87157,0.87187,0.8722,0.87193,0.87179,0.87104,0.87048
0.13073,0.13906,0.20328,0.28563,0.35993,0.42769,0.48786,0.54245,0.59071,0.63496,0.67247,0.70583,0.73274,0.75634,0.77491,0.79162,0.80468,0.81691,0.82646,0.83568,0.84285,0.84985,0.85528,0.86046,0.86449,0.86817,0.87101,0.87334,0.87496,0.87632,0.8769,0.87744,0.87718,0.877,0.87604,0.87526,0.87367,0.87235,0.87028,0.86847
0.12351,0.145,0.24383,0.33453,0.41022,0.47822,0.53873,0.59373,0.64168,0.68402,0.71847,0.74793,0.77096,0.79114,0.80684,0.82123,0.83245,0.84306,0.85132,0.8591,0.86513,0.87069,0.87497,0.87853,0.88133,0.88325,0.88443,0.88539,0.88544,0.88545,0.88456,0.88376,0.88214,0.88066,0.87837,0.87627,0.87339,0.8707,0.8672,0.86391
0.044124,0.065921,0.19329,0.32366,0.42223,0.50565,0.57834,0.6413,0.69171,0.73186,0.76183,0.78589,0.80395,0.81948,0.83131,0.84199,0.85011,0.85738,0.86284,0.86748,0.87088,0.87325,0.87496,0.87549,0.87581,0.87492,0.87347,0.87208,0.86966,0.86739,0.86412,0.86105,0.85701,0.85317,0.84837,0.84374,0.83816,0.83268,0.8263,0.81992
0.085262,0.11387,0.25105,0.37943,0.4823,0.57206,0.64707,0.70639,0.75,0.78281,0.80653,0.82571,0.84006,0.85233,0.86164,0.86948,0.87539,0.87986,0.88317,0.88496,0.88621,0.88595,0.88559,0.8838,0.88217,0.87921,0.87586,0.87263,0.86837,0.86425,0.85911,0.85409,0.84806,0.84207,0.83508,0.82804,0.82001,0.81179,0.80273,0.79325
0.057433,0.08551,0.22933,0.36442,0.46842,0.55757,0.63093,0.68862,0.73099,0.76356,0.78752,0.80757,0.82281,0.83623,0.84645,0.85526,0.86185,0.86689,0.87057,0.87257,0.87392,0.87365,0.8732,0.87115,0.86921,0.8658,0.86187,0.85793,0.85282,0.84767,0.84142,0.83504,0.82761,0.81991,0.81131,0.80221,0.79249,0.78197,0.77116,0.75923
0.1485,0.18162,0.33093,0.46894,0.57926,0.6654,0.72526,0.76556,0.79303,0.81381,0.82939,0.84202,0.85165,0.85899,0.86441,0.86767,0.86985,0.87001,0.86971,0.86757,0.86537,0.86147,0.85769,0.8523,0.84708,0.84026,0.83289,0.82531,0.81647,0.80725,0.79692,0.78594,0.77409,0.76126,0.748,0.73334,0.71894,0.70266,0.68755,0.67002
0.1441,0.17929,0.35106,0.49075,0.58743,0.66656,0.72813,0.77441,0.80782,0.83373,0.85284,0.86801,0.87913,0.88743,0.89329,0.8967,0.89887,0.89897,0.89858,0.89641,0.89414,0.89036,0.88661,0.88143,0.87629,0.8698,0.86278,0.85534,0.84695,0.8379,0.82813,0.81738,0.80632,0.79391,0.78185,0.768,0.75543,0.74061,0.72824,0.71319
0.1749,0.20658,0.37222,0.51582,0.61659,0.69369,0.74817,0.78543,0.81058,0.82914,0.84231,0.85267,0.85994,0.86492,0.86809,0.86901,0.86904,0.86698,0.86455,0.86022,0.8557,0.84938,0.84285,0.8345,0.8258,0.81534,0.80404,0.79156,0.77805,0.76289,0.74731,0.72949,0.71223,0.69205,0.67383,0.652,0.63386,0.6115,0.59448,0.57296
0.17158,0.19798,0.34617,0.49398,0.59959,0.67513,0.72827,0.76812,0.79746,0.82061,0.83732,0.84978,0.8582,0.86319,0.86602,0.8661,0.86519,0.86202,0.85839,0.85276,0.84682,0.83898,0.83078,0.82077,0.81014,0.79793,0.78487,0.7703,0.75516,0.73802,0.72121,0.70183,0.68402,0.66309,0.64527,0.62387,0.60712,0.58657,0.57196,0.55367
0.28755,0.31383,0.46117,0.60684,0.70816,0.77599,0.81876,0.84632,0.86436,0.87636,0.88416,0.88824,0.89016,0.88924,0.8873,0.88312,0.87851,0.872,0.8652,0.85658,0.84756,0.83672,0.82519,0.81196,0.79757,0.78202,0.76576,0.74723,0.72954,0.70901,0.6911,0.66991,0.65335,0.63328,0.61948,0.60229,0.59224,0.57922,0.57322,0.56494
0.28768,0.31337,0.45309,0.59196,0.69154,0.76112,0.80822,0.84098,0.86339,0.87879,0.88886,0.89449,0.89737,0.89711,0.89559,0.89177,0.88735,0.88105,0.87426,0.86572,0.85651,0.84567,0.83375,0.82059,0.80578,0.79056,0.77488,0.75657,0.74024,0.72084,0.70538,0.68663,0.67355,0.65732,0.64782,0.63563,0.63018,0.62278,0.62093,0.61821
0.12987,0.16877,0.36396,0.52842,0.62615,0.69008,0.73556,0.77159,0.79858,0.81935,0.83368,0.84267,0.84795,0.84935,0.84884,0.84553,0.84108,0.83428,0.82652,0.8166,0.80554,0.79265,0.77823,0.76271,0.74519,0.72787,0.71042,0.69038,0.67327,0.6535,0.63836,0.62081,0.60908,0.59547,0.58795,0.57935,0.57595,0.57259,0.57283,0.5743
0.2701,0.30154,0.46037,0.60536,0.69922,0.76134,0.80237,0.83081,0.8501,0.8631,0.87131,0.87525,0.87679,0.87532,0.87252,0.86726,0.86104,0.85267,0.84321,0.83193,0.81918,0.80529,0.7894,0.77366,0.75536,0.73923,0.72375,0.70561,0.69239,0.67685,0.66748,0.6564,0.65162,0.64598,0.64549,0.6452,0.64827,0.65261,0.65825,0.66621
0.19751,0.23014,0.399,0.55895,0.66527,0.73808,0.78647,0.81937,0.84032,0.8525,0.85893,0.85987,0.8582,0.85295,0.84626,0.83677,0.82602,0.81276,0.79793,0.78098,0.76192,0.74175,0.71886,0.69676,0.67142,0.64949,0.62844,0.60473,0.58708,0.56761,0.55504,0.54194,0.53503,0.52922,0.52782,0.52918,0.53247,0.54015,0.54697,0.55983
0.29697,0.33133,0.49105,0.62917,0.71364,0.76883,0.80595,0.83141,0.84751,0.85621,0.86006,0.85911,0.85589,0.84945,0.84155,0.83095,0.81881,0.8042,0.78755,0.7691,0.74803,0.72686,0.70263,0.68119,0.65657,0.63799,0.62136,0.60316,0.59208,0.58041,0.57496,0.57006,0.56919,0.57012,0.57269,0.57823,0.58315,0.59219,0.59844,0.61002
0.22089,0.25931,0.42078,0.552,0.64279,0.71285,0.76573,0.80457,0.83008,0.84512,0.85334,0.85589,0.8554,0.85156,0.8459,0.83788,0.82817,0.81684,0.80366,0.78991,0.77422,0.75973,0.74332,0.73044,0.71587,0.70672,0.69963,0.69241,0.69045,0.6891,0.6918,0.69586,0.70218,0.71054,0.7191,0.73047,0.74038,0.75376,0.76371,0.77811
0.33585,0.3713,0.55735,0.70142,0.77757,0.82565,0.85715,0.8768,0.88814,0.89267,0.8933,0.89014,0.88504,0.87755,0.86849,0.85773,0.84517,0.83183,0.81638,0.80199,0.78533,0.77242,0.75744,0.7487,0.73847,0.73584,0.73536,0.73561,0.74036,0.74652,0.75483,0.76519,0.77525,0.78807,0.79862,0.81259,0.82252,0.83664,0.84592,0.85973
0.34713,0.38541,0.56115,0.69209,0.76426,0.81138,0.84252,0.86088,0.8701,0.87154,0.86865,0.86119,0.85122,0.83787,0.82187,0.80301,0.7806,0.75672,0.72832,0.70183,0.67037,0.64591,0.61697,0.59943,0.57877,0.57074,0.56527,0.56137,0.56309,0.56786,0.57435,0.58516,0.59418,0.60874,0.61926,0.63613,0.64725,0.66543,0.67721,0.69647
0.34713,0.38541,0.56115,0.69209,0.76426,0.81138,0.84252,0.86088,0.8701,0.87154,0.86865,0.86119,0.85122,0.83787,0.82187,0.80301,0.7806,0.75672,0.72832,0.70183,0.67037,0.64591,0.61697,0.59943,0.57877,0.57074,0.56527,0.56137,0.56309,0.56786,0.57435,0.58516,0.59418,0.60874,0.61926,0.63613,0.64725,0.66543,0.67721,0.69647
0.3245,0.3601,0.51069,0.64545,0.74027,0.8026,0.83903,0.85749,0.86468,0.86389,0.85851,0.84909,0.83669,0.82136,0.80293,0.78266,0.75903,0.73627,0.71047,0.68975,0.66704,0.65279,0.63795,0.6323,0.62733,0.62906,0.63248,0.63965,0.64749,0.65997,0.67009,0.68595,0.69711,0.71496,0.72626,0.74511,0.75501,0.77359,0.78179,0.79908
0.3245,0.3601,0.51069,0.64545,0.74027,0.8026,0.83903,0.85749,0.86468,0.86389,0.85851,0.84909,0.83669,0.82136,0.80293,0.78266,0.75903,0.73627,0.71047,0.68975,0.66704,0.65279,0.63795,0.6323,0.62733,0.62906,0.63248,0.63965,0.64749,0.65997,0.67009,0.68595,0.69711,0.71496,0.72626,0.74511,0.75501,0.77359,0.78179,0.79908
0.3754,0.40172,0.55572,0.70048,0.78012,0.83084,0.86373,0.8835,0.89414,0.89766,0.89657,0.89126,0.88279,0.87156,0.8573,0.84199,0.82373,0.80736,0.7888,0.77517,0.76098,0.75287,0.74605,0.74414,0.74504,0.74839,0.75299,0.7623,0.76989,0.78257,0.79187,0.80654,0.81574,0.83099,0.83791,0.85158,0.8578,0.86895,0.875,0.88356
0.3754,0.40172,0.55572,0.70048,0.78012,0.83084,0.86373,0.8835,0.89414,0.89766,0.89657,0.89126,0.88279,0.87156,0.8573,0.84199,0.82373,0.80736,0.7888,0.77517,0.76098,0.75287,0.74605,0.74414,0.74504,0.74839,0.75299,0.7623,0.76989,0.78257,0.79187,0.80654,0.81574,0.83099,0.83791,0.85158,0.8578,0.86895,0.875,0.88356
0.3754,0.40172,0.55572,0.70048,0.78012,0.83084,0.86373,0.8835,0.89414,0.89766,0.89657,0.89126,0.88279,0.87156,0.8573,0.84199,0.82373,0.80736,0.7888,0.77517,0.76098,0.75287,0.74605,0.74414,0.74504,0.74839,0.75299,0.7623,0.76989,0.78257,0.79187,0.80654,0.81574,0.83099,0.83791,0.85158,0.8578,0.86895,0.875,0.88356
0.33059,0.3635,0.47559,0.57216,0.64767,0.69871,0.72527,0.73211,0.72576,0.70931,0.68458,0.65306,0.61326,0.56918,0.51589,0.46368,0.40195,0.34946,0.28904,0.24585,0.19956,0.17295,0.15108,0.14288,0.1483,0.15375,0.16171,0.19568,0.21291,0.25976,0.27879,0.32975,0.35109,0.39952,0.42538,0.46845,0.48355,0.51367,0.51646,0.52671
0.33059,0.3635,0.47559,0.57216,0.64767,0.69871,0.72527,0.73211,0.72576,0.70931,0.68458,0.65306,0.61326,0.56918,0.51589,0.46368,0.40195,0.34946,0.28904,0.24585,0.19956,0.17295,0.15108,0.14288,0.1483,0.15375,0.16171,0.19568,0.21291,0.25976,0.27879,0.32975,0.35109,0.39952,0.42538,0.46845,0.48355,0.51367,0.51646,0.52671
0.33059,0.3635,0.47559,0.57216,0.64767,0.69871,0.72527,0.73211,0.72576,0.70931,0.68458,0.65306,0.61326,0.56918,0.51589,0.46368,0.40195,0.34946,0.28904,0.24585,0.19956,0.17295,0.15108,0.14288,0.1483,0.15375,0.16171,0.19568,0.21291,0.25976,0.27879,0.32975,0.35109,0.39952,0.42538,0.46845,0.48355,0.51367,0.51646,0.52671
0.36598,0.40762,0.55898,0.66565,0.72076,0.745,0.74944,0.74057,0.72253,0.69702,0.6637,0.62514,0.57862,0.53313,0.48225,0.44338,0.40387,0.38283,0.36441,0.36065,0.36107,0.36756,0.38013,0.3914,0.41115,0.42439,0.43885,0.46256,0.47816,0.50397,0.51826,0.54479,0.55568,0.58071,0.58594,0.60558,0.60541,0.61491,0.61815,0.61861
0.15429,0.26818,0.57492,0.71555,0.81303,0.87055,0.89703,0.90689,0.90809,0.90445,0.89785,0.88968,0.88079,0.873,0.86622,0.86242,0.86045,0.86125,0.86377,0.86761,0.87307,0.87857,0.88599,0.89224,0.90097,0.90725,0.91316,0.92183,0.92696,0.93477,0.93871,0.94476,0.94735,0.95069,0.95247,0.95231,0.95497,0.951,0.95401,0.94509
0.15429,0.26818,0.57492,0.71555,0.81303,0.87055,0.89703,0.90689,0.90809,0.90445,0.89785,0.88968,0.88079,0.873,0.86622,0.86242,0.86045,0.86125,0.86377,0.86761,0.87307,0.87857,0.88599,0.89224,0.90097,0.90725,0.91316,0.92183,0.92696,0.93477,0.93871,0.94476,0.94735,0.95069,0.95247,0.95231,0.95497,0.951,0.95401,0.94509
0.15429,0.26818,0.57492,0.71555,0.81303,0.87055,0.89703,0.90689,0.90809,0.90445,0.89785,0.88968,0.88079,0.873,0.86622,0.86242,0.86045,0.86125,0.86377,0.86761,0.87307,0.87857,0.88599,0.89224,0.90097,0.90725,0.91316,0.92183,0.92696,0.93477,0.93871,0.94476,0.94735,0.95069,0.95247,0.95231,0.95497,0.951,0.95401,0.94509
0.20442,0.3155,0.61149,0.73452,0.81225,0.85902,0.87963,0.88438,0.88047,0.87184,0.86068,0.8495,0.83971,0.83339,0.83148,0.83286,0.83833,0.84415,0.85167,0.85869,0.86521,0.87258,0.87796,0.88566,0.89106,0.89694,0.90034,0.90419,0.90611,0.90706,0.91057,0.909,0.91774,0.9172,0.91456,0.90503,0.89607,0.87452,0.87791,0.85342
0.20442,0.3155,0.61149,0.73452,0.81225,0.85902,0.87963,0.88438,0.88047,0.87184,0.86068,0.8495,0.83971,0.83339,0.83148,0.83286,0.83833,0.84415,0.85167,0.85869,0.86521,0.87258,0.87796,0.88566,0.89106,0.89694,0.90034,0.90419,0.90611,0.90706,0.91057,0.909,0.91774,0.9172,0.91456,0.90503,0.89607,0.87452,0.87791,0.85342
0.49983,0.54078,0.70012,0.80076,0.84995,0.87089,0.87522,0.87011,0.85878,0.84295,0.82292,0.80228,0.78058,0.76467,0.75266,0.75027,0.75481,0.76562,0.78298,0.80015,0.82274,0.8404,0.86297,0.87767,0.8972,0.90765,0.91703,0.92815,0.93371,0.93785,0.9432,0.94055,0.94885,0.94028,0.94887,0.93274,0.9363,0.91179,0.93073,0.90568
