0.024346,0.025977,0.035288,0.049634,0.066873,0.084903,0.10173,0.11694,0.12992,0.14168,0.15161,0.16122,0.16948,0.17821,0.18585,0.19447,0.20205,0.21096,0.21873,0.22812,0.23621,0.24614,0.2546,0.26509,0.27391,0.28492,0.29597,0.30554,0.317,0.32682,0.33857,0.34854,0.36046,0.37051,0.38245,0.39246,0.4043,0.41417,0.42577,0.43542
0.065053,0.068622,0.094123,0.12171,0.14261,0.16031,0.1765,0.19304,0.20935,0.22724,0.24472,0.26447,0.28327,0.30483,0.32475,0.34758,0.36806,0.39123,0.41149,0.43395,0.45322,0.47415,0.49187,0.51083,0.52672,0.54362,0.55925,0.57268,0.58657,0.59844,0.61088,0.62145,0.63272,0.64225,0.65262,0.66133,0.67099,0.67907,0.68817,0.69576
0.034672,0.049384,0.11091,0.15485,0.18591,0.21499,0.24427,0.27599,0.30834,0.34359,0.37749,0.41309,0.44539,0.47797,0.50632,0.53411,0.5577,0.58064,0.59986,0.61882,0.63464,0.6507,0.66408,0.6782,0.68994,0.70277,0.7149,0.72536,0.7367,0.74647,0.75712,0.7663,0.77622,0.78482,0.79399,0.80199,0.81035,0.81771,0.82522,0.83193
0.093325,0.10863,0.15968,0.19266,0.22297,0.25787,0.29618,0.33805,0.37961,0.42185,0.46021,0.49684,0.52833,0.55778,0.58255,0.60634,0.62635,0.64655,0.66362,0.68163,0.69689,0.71338,0.72737,0.74249,0.75534,0.769,0.78155,0.79273,0.8037,0.81358,0.82302,0.83165,0.83965,0.8471,0.85387,0.86028,0.86604,0.87157,0.87649,0.88127
0.085819,0.10269,0.1647,0.2189,0.27402,0.3344,0.39608,0.45593,0.5088,0.55489,0.59256,0.62476,0.6509,0.6745,0.69417,0.71332,0.72968,0.74645,0.76092,0.77591,0.78889,0.80201,0.81347,0.82456,0.83441,0.84353,0.85156,0.85908,0.86554,0.87171,0.87689,0.88193,0.88613,0.89028,0.89372,0.89717,0.90002,0.90289,0.90521,0.9076
0.09866,0.11237,0.18596,0.26444,0.33906,0.41247,0.47916,0.53668,0.58354,0.62251,0.65417,0.68241,0.70643,0.72975,0.75018,0.77066,0.78865,0.80636,0.8219,0.83653,0.84949,0.86113,0.87161,0.88074,0.88913,0.89629,0.90269,0.9088,0.91399,0.91901,0.92326,0.92742,0.93087,0.93429,0.93697,0.93969,0.94175,0.94384,0.94534,0.94688
0.16998,0.18361,0.24746,0.31924,0.3913,0.46068,0.521,0.57119,0.61161,0.64658,0.67633,0.70491,0.73034,0.75555,0.778,0.79942,0.81839,0.83537,0.85051,0.86325,0.87482,0.88415,0.89284,0.8997,0.90625,0.9114,0.91593,0.9203,0.92372,0.92702,0.92952,0.93194,0.93369,0.93537,0.93654,0.93762,0.93834,0.93895,0.93937,0.93964
0.13697,0.15797,0.24299,0.3274,0.40707,0.4785,0.53743,0.58576,0.62537,0.66076,0.69167,0.72108,0.74709,0.77115,0.79223,0.81058,0.82675,0.84012,0.85219,0.86199,0.87111,0.87853,0.88563,0.89136,0.89694,0.90125,0.90494,0.90851,0.91101,0.91342,0.91498,0.91644,0.91726,0.918,0.91845,0.91873,0.91908,0.91914,0.91969,0.91976
0.14933,0.16774,0.28371,0.39392,0.47511,0.54024,0.59236,0.63673,0.67535,0.71199,0.74496,0.77584,0.8029,0.82657,0.84699,0.86383,0.87852,0.89033,0.90087,0.90933,0.91705,0.92314,0.92878,0.93301,0.93696,0.93975,0.94206,0.94408,0.94549,0.94665,0.94755,0.94816,0.94887,0.94919,0.94996,0.95025,0.9512,0.95163,0.95277,0.95347
0.20589,0.21777,0.30501,0.40808,0.49084,0.55647,0.60918,0.65449,0.69416,0.73036,0.76213,0.78931,0.81251,0.83052,0.84591,0.85712,0.86708,0.87439,0.88126,0.88656,0.89174,0.89574,0.8997,0.9027,0.90562,0.9079,0.90987,0.91168,0.91332,0.91468,0.91636,0.91756,0.91948,0.92079,0.92299,0.92461,0.92702,0.92902,0.93153,0.93391
0.19325,0.2118,0.33952,0.46607,0.54458,0.59511,0.63236,0.66523,0.69562,0.72413,0.74972,0.77139,0.7903,0.80536,0.81877,0.82928,0.83886,0.84596,0.85237,0.85646,0.85996,0.86175,0.863,0.86354,0.86354,0.86415,0.8652,0.86561,0.86787,0.86956,0.87319,0.87657,0.88152,0.88662,0.89255,0.89913,0.90526,0.91274,0.9187,0.92645
0.29126,0.32453,0.47217,0.57774,0.63986,0.68725,0.7288,0.76708,0.80136,0.83077,0.85569,0.87529,0.89169,0.90425,0.91505,0.92352,0.93096,0.93682,0.94192,0.94598,0.94939,0.95219,0.95444,0.95664,0.95819,0.96018,0.96212,0.96338,0.96518,0.96643,0.96813,0.96948,0.97106,0.97255,0.97416,0.97582,0.97722,0.97889,0.98036,0.98201
0.26604,0.29313,0.46622,0.60695,0.68255,0.7331,0.77238,0.80542,0.83338,0.85618,0.87492,0.88927,0.90118,0.91044,0.91853,0.92509,0.931,0.93568,0.93989,0.94311,0.94594,0.94807,0.94985,0.95152,0.95265,0.95415,0.95568,0.95661,0.95797,0.95893,0.96029,0.96141,0.96296,0.96442,0.9659,0.96764,0.96881,0.97055,0.97218,0.97402
0.13797,0.17118,0.30558,0.41377,0.49739,0.57345,0.64422,0.70709,0.75958,0.79942,0.83015,0.85205,0.86934,0.88262,0.89363,0.90244,0.90966,0.91518,0.91945,0.92251,0.92458,0.92641,0.92722,0.92893,0.9295,0.93134,0.93288,0.93415,0.93627,0.93838,0.94088,0.94392,0.9462,0.94968,0.9524,0.95618,0.95935,0.96338,0.96478,0.9678
0.26893,0.31021,0.47371,0.59565,0.67869,0.7427,0.79335,0.83254,0.86277,0.88517,0.90309,0.91686,0.92858,0.93727,0.94459,0.94924,0.95289,0.95487,0.95612,0.95712,0.95736,0.95844,0.95878,0.96008,0.96095,0.96283,0.96455,0.96662,0.96847,0.97096,0.97307,0.97578,0.97802,0.98077,0.98177,0.98364,0.98484,0.98583,0.98742,0.98777
0.20103,0.24451,0.42379,0.55518,0.64128,0.7101,0.76672,0.81117,0.84573,0.87126,0.8917,0.90749,0.92103,0.93127,0.94002,0.94586,0.9506,0.95351,0.95559,0.95744,0.95835,0.96021,0.96106,0.96262,0.96356,0.96545,0.96698,0.96862,0.96988,0.97155,0.97319,0.97491,0.97697,0.97882,0.97944,0.98025,0.9815,0.9813,0.98408,0.98365
0.22468,0.27201,0.48752,0.63503,0.7101,0.76385,0.80671,0.83937,0.86411,0.88159,0.89475,0.90363,0.91017,0.91416,0.9168,0.91856,0.91953,0.92123,0.92241,0.92519,0.92776,0.93198,0.93641,0.94148,0.94738,0.95247,0.95727,0.96339,0.96745,0.97276,0.97547,0.97914,0.98158,0.98379,0.98548,0.98616,0.98745,0.98655,0.98958,0.98811
0.31189,0.35514,0.55575,0.68526,0.74685,0.78928,0.82138,0.84377,0.85905,0.86883,0.87553,0.88,0.88284,0.88445,0.88479,0.88496,0.8841,0.88459,0.88425,0.88606,0.88752,0.89077,0.8945,0.89927,0.90549,0.91067,0.91586,0.92373,0.92917,0.93735,0.94122,0.94782,0.95155,0.95607,0.95891,0.96058,0.96141,0.95841,0.96489,0.95988
0.24306,0.29158,0.49862,0.63174,0.7028,0.75473,0.7938,0.82076,0.8397,0.85237,0.86112,0.86608,0.86833,0.8689,0.86792,0.86836,0.8685,0.87211,0.87676,0.88492,0.89522,0.90575,0.91929,0.92945,0.94276,0.9509,0.95762,0.96593,0.97125,0.97645,0.9789,0.98038,0.9843,0.98392,0.9868,0.98416,0.98752,0.98257,0.99184,0.98794
0.11957,0.19213,0.46933,0.62623,0.70121,0.75083,0.78581,0.80968,0.8282,0.84343,0.858,0.8706,0.88294,0.8936,0.90402,0.91391,0.92308,0.93157,0.9391,0.9457,0.95191,0.95677,0.96188,0.96605,0.97008,0.97493,0.97763,0.97996,0.9827,0.98326,0.9849,0.98265,0.98691,0.98327,0.98101,0.9696,0.97787,0.96231,0.98078,0.96566
0.11957,0.19213,0.46933,0.62623,0.70121,0.75083,0.78581,0.80968,0.8282,0.84343,0.858,0.8706,0.88294,0.8936,0.90402,0.91391,0.92308,0.93157,0.9391,0.9457,0.95191,0.95677,0.96188,0.96605,0.97008,0.97493,0.97763,0.97996,0.9827,0.98326,0.9849,0.98265,0.98691,0.98327,0.98101,0.9696,0.97787,0.96231,0.98078,0.96566
0.44641,0.47929,0.6001,0.67926,0.73424,0.77857,0.81412,0.84114,0.86129,0.87376,0.88017,0.88254,0.88227,0.88356,0.88516,0.89046,0.89773,0.90663,0.9183,0.92837,0.94115,0.94949,0.95993,0.96586,0.97244,0.97603,0.97997,0.98076,0.98434,0.98146,0.98587,0.97935,0.9917,0.98701,0.98446,0.969,0.9811,0.96317,0.94297,0.90535
0.44641,0.47929,0.6001,0.67926,0.73424,0.77857,0.81412,0.84114,0.86129,0.87376,0.88017,0.88254,0.88227,0.88356,0.88516,0.89046,0.89773,0.90663,0.9183,0.92837,0.94115,0.94949,0.95993,0.96586,0.97244,0.97603,0.97997,0.98076,0.98434,0.98146,0.98587,0.97935,0.9917,0.98701,0.98446,0.969,0.9811,0.96317,0.94297,0.90535
0.51942,0.54402,0.64384,0.72376,0.77986,0.81725,0.84171,0.8593,0.87524,0.89007,0.90523,0.9189,0.93168,0.94287,0.95158,0.95852,0.9631,0.96685,0.96915,0.97175,0.97276,0.97738,0.97928,0.97895,0.97584,0.98075,0.9835,0.97881,0.97951,0.96546,0.96791,0.94066,0.97367,0.95285,0.91172,0.8618,0.8985,0.84336,0.87816,0.84371
0.51942,0.54402,0.64384,0.72376,0.77986,0.81725,0.84171,0.8593,0.87524,0.89007,0.90523,0.9189,0.93168,0.94287,0.95158,0.95852,0.9631,0.96685,0.96915,0.97175,0.97276,0.97738,0.97928,0.97895,0.97584,0.98075,0.9835,0.97881,0.97951,0.96546,0.96791,0.94066,0.97367,0.95285,0.91172,0.8618,0.8985,0.84336,0.87816,0.84371
0.51942,0.54402,0.64384,0.72376,0.77986,0.81725,0.84171,0.8593,0.87524,0.89007,0.90523,0.9189,0.93168,0.94287,0.95158,0.95852,0.9631,0.96685,0.96915,0.97175,0.97276,0.97738,0.97928,0.97895,0.97584,0.98075,0.9835,0.97881,0.97951,0.96546,0.96791,0.94066,0.97367,0.95285,0.91172,0.8618,0.8985,0.84336,0.87816,0.84371
0.20922,0.24919,0.44479,0.62425,0.73419,0.79242,0.82011,0.83222,0.83691,0.83989,0.84307,0.85062,0.86198,0.87752,0.89684,0.91392,0.93297,0.94715,0.96128,0.96935,0.9761,0.98142,0.98203,0.98757,0.98473,0.98729,0.99266,0.98617,0.99404,0.98602,0.97467,0.94227,0.97141,0.94387,0.90724,0.84424,0.90037,0.82925,0.86888,0.83275
0.077336,0.1444,0.39479,0.57431,0.67662,0.7282,0.75286,0.76721,0.77472,0.78013,0.78293,0.78918,0.79748,0.81022,0.82811,0.845,0.86837,0.88522,0.90756,0.91955,0.93362,0.94159,0.94315,0.95443,0.94622,0.9571,0.98002,0.97112,0.98625,0.96973,0.94108,0.87587,0.90595,0.84418,0.85586,0.82013,0.79557,0.75028,0.67348,0.61975
0.077336,0.1444,0.39479,0.57431,0.67662,0.7282,0.75286,0.76721,0.77472,0.78013,0.78293,0.78918,0.79748,0.81022,0.82811,0.845,0.86837,0.88522,0.90756,0.91955,0.93362,0.94159,0.94315,0.95443,0.94622,0.9571,0.98002,0.97112,0.98625,0.96973,0.94108,0.87587,0.90595,0.84418,0.85586,0.82013,0.79557,0.75028,0.67348,0.61975
0.077336,0.1444,0.39479,0.57431,0.67662,0.7282,0.75286,0.76721,0.77472,0.78013,0.78293,0.78918,0.79748,0.81022,0.82811,0.845,0.86837,0.88522,0.90756,0.91955,0.93362,0.94159,0.94315,0.95443,0.94622,0.9571,0.98002,0.97112,0.98625,0.96973,0.94108,0.87587,0.90595,0.84418,0.85586,0.82013,0.79557,0.75028,0.67348,0.61975
0.077336,0.1444,0.39479,0.57431,0.67662,0.7282,0.75286,0.76721,0.77472,0.78013,0.78293,0.78918,0.79748,0.81022,0.82811,0.845,0.86837,0.88522,0.90756,0.91955,0.93362,0.94159,0.94315,0.95443,0.94622,0.9571,0.98002,0.97112,0.98625,0.96973,0.94108,0.87587,0.90595,0.84418,0.85586,0.82013,0.79557,0.75028,0.67348,0.61975
0.14567,0.1932,0.38802,0.54536,0.63352,0.67458,0.69114,0.70146,0.71073,0.72534,0.73945,0.75664,0.77065,0.78354,0.79427,0.80236,0.8102,0.81855,0.8269,0.83147,0.83155,0.83446,0.80717,0.8499,0.83284,0.79587,0.86461,0.79708,0.8832,0.8242,0.51506,0.41442,0.55159,0.52094,0.53889,0.54197,0.37722,0.38306,0.53015,0.5413
0.29185,0.337,0.5172,0.65082,0.72388,0.76231,0.77556,0.77368,0.76746,0.77288,0.79133,0.81956,0.85689,0.88735,0.919,0.93945,0.95564,0.96725,0.9691,0.9759,0.95909,0.98328,0.95938,0.98281,0.95095,0.92382,0.92038,0.83029,0.88734,0.82669,0.7429,0.67676,0.41726,0.34046,0.64879,0.65052,0.48882,0.49771,0.58643,0.59127
0.29185,0.337,0.5172,0.65082,0.72388,0.76231,0.77556,0.77368,0.76746,0.77288,0.79133,0.81956,0.85689,0.88735,0.919,0.93945,0.95564,0.96725,0.9691,0.9759,0.95909,0.98328,0.95938,0.98281,0.95095,0.92382,0.92038,0.83029,0.88734,0.82669,0.7429,0.67676,0.41726,0.34046,0.64879,0.65052,0.48882,0.49771,0.58643,0.59127
0.29185,0.337,0.5172,0.65082,0.72388,0.76231,0.77556,0.77368,0.76746,0.77288,0.79133,0.81956,0.85689,0.88735,0.919,0.93945,0.95564,0.96725,0.9691,0.9759,0.95909,0.98328,0.95938,0.98281,0.95095,0.92382,0.92038,0.83029,0.88734,0.82669,0.7429,0.67676,0.41726,0.34046,0.64879,0.65052,0.48882,0.49771,0.58643,0.59127
0.29185,0.337,0.5172,0.65082,0.72388,0.76231,0.77556,0.77368,0.76746,0.77288,0.79133,0.81956,0.85689,0.88735,0.919,0.93945,0.95564,0.96725,0.9691,0.9759,0.95909,0.98328,0.95938,0.98281,0.95095,0.92382,0.92038,0.83029,0.88734,0.82669,0.7429,0.67676,0.41726,0.34046,0.64879,0.65052,0.48882,0.49771,0.58643,0.59127
0.29185,0.337,0.5172,0.65082,0.72388,0.76231,0.77556,0.77368,0.76746,0.77288,0.79133,0.81956,0.85689,0.88735,0.919,0.93945,0.95564,0.96725,0.9691,0.9759,0.95909,0.98328,0.95938,0.98281,0.95095,0.92382,0.92038,0.83029,0.88734,0.82669,0.7429,0.67676,0.41726,0.34046,0.64879,0.65052,0.48882,0.49771,0.58643,0.59127
0.29185,0.337,0.5172,0.65082,0.72388,0.76231,0.77556,0.77368,0.76746,0.77288,0.79133,0.81956,0.85689,0.88735,0.919,0.93945,0.95564,0.96725,0.9691,0.9759,0.95909,0.98328,0.95938,0.98281,0.95095,0.92382,0.92038,0.83029,0.88734,0.82669,0.7429,0.67676,0.41726,0.34046,0.64879,0.65052,0.48882,0.49771,0.58643,0.59127
0.51718,0.55321,0.68826,0.74701,0.73852,0.70638,0.68079,0.6854,0.7213,0.77072,0.81484,0.8496,0.87619,0.89827,0.91637,0.927,0.92623,0.94674,0.93658,0.92002,0.84221,0.93454,0.85532,0.86607,0.83242,0.77976,0.57749,0.51507,0.77699,0.77987,0.69577,0.68819,0.71203,0.71524,0.64691,0.64609,0.47239,0.48255,0.83874,0.83388
0.51718,0.55321,0.68826,0.74701,0.73852,0.70638,0.68079,0.6854,0.7213,0.77072,0.81484,0.8496,0.87619,0.89827,0.91637,0.927,0.92623,0.94674,0.93658,0.92002,0.84221,0.93454,0.85532,0.86607,0.83242,0.77976,0.57749,0.51507,0.77699,0.77987,0.69577,0.68819,0.71203,0.71524,0.64691,0.64609,0.47239,0.48255,0.83874,0.83388
