0.0017643,0.0037992,0.0159,0.035451,0.059092,0.084112,0.10789,0.12969,0.14852,0.16566,0.18046,0.19504,0.20791,0.22167,0.23382,0.24738,0.2591,0.27239,0.28361,0.29639,0.30694,0.31897,0.32873,0.33985,0.34875,0.3589,0.36836,0.37615,0.38471,0.39171,0.39947,0.40577,0.41285,0.41856,0.42507,0.43029,0.43634,0.44116,0.44685,0.45136
0.018218,0.026404,0.071843,0.11748,0.15254,0.18278,0.21055,0.23817,0.26401,0.28995,0.31287,0.33554,0.35466,0.37352,0.389,0.40453,0.41712,0.43018,0.44072,0.45213,0.46131,0.47168,0.47999,0.48971,0.49745,0.50675,0.5157,0.52308,0.53176,0.53885,0.54727,0.55411,0.56227,0.56886,0.57676,0.58309,0.59072,0.5968,0.60414,0.60996
0.020985,0.036828,0.11695,0.18495,0.23363,0.27499,0.31068,0.3424,0.36891,0.39266,0.41217,0.43058,0.44583,0.46133,0.47428,0.48829,0.49996,0.51313,0.524,0.53658,0.54682,0.55885,0.56853,0.57999,0.58913,0.6,0.6103,0.6188,0.62845,0.63635,0.6453,0.65259,0.66081,0.66747,0.67494,0.68098,0.68768,0.69311,0.69904,0.70388
0.087862,0.10328,0.17532,0.23813,0.28785,0.33123,0.36765,0.39881,0.42434,0.4475,0.46697,0.48631,0.50286,0.5204,0.53535,0.55172,0.56545,0.58074,0.59336,0.6075,0.61902,0.63193,0.64232,0.65392,0.66317,0.6734,0.68268,0.69037,0.69828,0.70485,0.71145,0.71696,0.7223,0.72681,0.73098,0.73458,0.7377,0.74046,0.74266,0.74468
0.1262,0.14318,0.22026,0.28947,0.3439,0.38805,0.42316,0.4529,0.4778,0.50148,0.52204,0.54295,0.56096,0.57976,0.59564,0.61241,0.62631,0.64107,0.65311,0.66584,0.67611,0.6868,0.69538,0.70407,0.71104,0.71781,0.72349,0.72828,0.73234,0.73583,0.7385,0.74084,0.74238,0.74378,0.74443,0.74507,0.74509,0.74515,0.74477,0.74442
0.1446,0.16288,0.24903,0.32684,0.38271,0.42485,0.45803,0.48716,0.51245,0.53718,0.55889,0.58087,0.59972,0.61898,0.63506,0.65143,0.6648,0.67818,0.68896,0.6994,0.70777,0.71547,0.72166,0.72692,0.7312,0.7344,0.73669,0.73863,0.73956,0.74034,0.74033,0.74027,0.73967,0.73905,0.73818,0.73725,0.7364,0.73538,0.73477,0.73386
0.14036,0.16557,0.27897,0.36072,0.4108,0.44843,0.47995,0.50951,0.53609,0.56237,0.58543,0.60842,0.62793,0.64723,0.66313,0.67845,0.69083,0.70219,0.71128,0.71902,0.72521,0.7299,0.7337,0.73606,0.73799,0.73875,0.73904,0.73916,0.7388,0.7383,0.73779,0.73707,0.73679,0.73617,0.73646,0.73621,0.7373,0.73765,0.73967,0.74077
0.18987,0.21396,0.31929,0.39585,0.44602,0.48563,0.51918,0.55016,0.57752,0.60381,0.62639,0.64793,0.66575,0.68219,0.69541,0.70691,0.71599,0.72311,0.72867,0.73228,0.73502,0.73607,0.73674,0.73618,0.73546,0.73412,0.73282,0.73127,0.73021,0.72877,0.72845,0.72756,0.72834,0.72832,0.73043,0.73151,0.73503,0.73732,0.74222,0.74571
0.18024,0.20907,0.32017,0.39724,0.45051,0.49476,0.53268,0.56731,0.59726,0.62521,0.64859,0.67003,0.68728,0.70232,0.71406,0.72343,0.73057,0.7355,0.73915,0.74106,0.74232,0.74251,0.74236,0.74192,0.74118,0.74094,0.74113,0.74088,0.74209,0.74269,0.74525,0.74699,0.75104,0.75406,0.75957,0.76387,0.77067,0.77613,0.78394,0.79035
0.19845,0.2423,0.38671,0.46087,0.50699,0.54694,0.58273,0.61588,0.64442,0.67021,0.69123,0.70919,0.72312,0.73385,0.74177,0.74675,0.75011,0.75125,0.75162,0.75075,0.74953,0.74815,0.74649,0.74576,0.74458,0.74529,0.74691,0.74791,0.75148,0.75421,0.75974,0.76423,0.7715,0.77757,0.78621,0.79354,0.80302,0.8112,0.821,0.82959
0.22629,0.26903,0.41771,0.5,0.54839,0.58745,0.62065,0.6497,0.67351,0.6936,0.7092,0.72132,0.73017,0.73586,0.73958,0.7408,0.74103,0.73977,0.73806,0.73598,0.73361,0.73201,0.73002,0.72986,0.72906,0.73099,0.73401,0.73628,0.74165,0.74603,0.75357,0.75993,0.76924,0.77722,0.78766,0.79675,0.80765,0.81727,0.82813,0.83779
0.24703,0.28233,0.40643,0.48138,0.5323,0.57625,0.61427,0.64743,0.67432,0.69648,0.71332,0.72593,0.73493,0.74062,0.7443,0.74609,0.74692,0.74742,0.74743,0.74853,0.7492,0.75213,0.75444,0.75975,0.76415,0.77184,0.78032,0.78793,0.79798,0.80695,0.81784,0.82756,0.83854,0.8484,0.85897,0.86849,0.87829,0.88715,0.896,0.90404
0.25796,0.28855,0.39763,0.46698,0.51707,0.56104,0.59929,0.63265,0.65964,0.68127,0.69739,0.70847,0.7159,0.71953,0.72127,0.72108,0.72011,0.71924,0.71803,0.71875,0.71912,0.72277,0.72584,0.7329,0.73908,0.7493,0.76044,0.77085,0.78368,0.79561,0.80894,0.82133,0.83427,0.84627,0.85821,0.86929,0.8799,0.88979,0.89889,0.9075
0.21907,0.27752,0.43273,0.50386,0.55864,0.60852,0.65077,0.68496,0.71046,0.72837,0.74021,0.74645,0.7495,0.74945,0.74808,0.74601,0.74346,0.74225,0.74075,0.74223,0.74323,0.74826,0.75247,0.76107,0.76845,0.77994,0.79201,0.80302,0.81609,0.82798,0.841,0.8528,0.86501,0.87608,0.88699,0.89696,0.9063,0.91498,0.92287,0.93028
0.29438,0.33461,0.4683,0.54779,0.60109,0.64341,0.67673,0.7023,0.72059,0.73225,0.73908,0.74137,0.74125,0.73915,0.73608,0.73344,0.73042,0.72993,0.7291,0.73239,0.7351,0.74272,0.74936,0.76078,0.77079,0.78457,0.7984,0.81111,0.82507,0.83779,0.8509,0.86283,0.87449,0.88519,0.89524,0.90456,0.91316,0.92116,0.92836,0.93516
0.30134,0.34314,0.46833,0.53665,0.587,0.62993,0.6647,0.69116,0.70963,0.7207,0.72662,0.72799,0.72693,0.72454,0.72124,0.71943,0.71726,0.71879,0.71992,0.72611,0.73154,0.74233,0.75186,0.76595,0.77839,0.79391,0.80916,0.82312,0.83778,0.85118,0.86438,0.87655,0.888,0.89867,0.90846,0.91764,0.92567,0.9334,0.93981,0.94619
0.33766,0.37994,0.51191,0.58728,0.63922,0.67993,0.71059,0.73194,0.74556,0.75201,0.75393,0.75187,0.74789,0.74347,0.73859,0.73632,0.73412,0.73655,0.73905,0.74684,0.75442,0.76657,0.77811,0.7925,0.80603,0.82091,0.83511,0.84873,0.86161,0.87404,0.88533,0.89627,0.90594,0.91541,0.92335,0.93136,0.93778,0.94444,0.94963,0.95514
0.33766,0.37994,0.51191,0.58728,0.63922,0.67993,0.71059,0.73194,0.74556,0.75201,0.75393,0.75187,0.74789,0.74347,0.73859,0.73632,0.73412,0.73655,0.73905,0.74684,0.75442,0.76657,0.77811,0.7925,0.80603,0.82091,0.83511,0.84873,0.86161,0.87404,0.88533,0.89627,0.90594,0.91541,0.92335,0.93136,0.93778,0.94444,0.94963,0.95514
0.27212,0.31648,0.46439,0.55384,0.61554,0.66112,0.69255,0.71248,0.72423,0.73046,0.73356,0.73627,0.73847,0.74379,0.74943,0.75993,0.77047,0.78576,0.80027,0.81803,0.83426,0.85183,0.86752,0.88322,0.89706,0.91016,0.92164,0.93197,0.94101,0.94915,0.95606,0.96234,0.96744,0.97217,0.97593,0.97944,0.98215,0.98472,0.98668,0.98857
0.43012,0.45493,0.54256,0.60301,0.64846,0.68326,0.70689,0.72047,0.72682,0.72875,0.72852,0.72961,0.73125,0.73784,0.74556,0.75907,0.77302,0.79127,0.80892,0.82836,0.84648,0.86444,0.88083,0.89592,0.90967,0.92153,0.93193,0.94159,0.94947,0.9569,0.96268,0.96828,0.97243,0.97656,0.97964,0.98275,0.98482,0.98712,0.98798,0.98932
0.43012,0.45493,0.54256,0.60301,0.64846,0.68326,0.70689,0.72047,0.72682,0.72875,0.72852,0.72961,0.73125,0.73784,0.74556,0.75907,0.77302,0.79127,0.80892,0.82836,0.84648,0.86444,0.88083,0.89592,0.90967,0.92153,0.93193,0.94159,0.94947,0.9569,0.96268,0.96828,0.97243,0.97656,0.97964,0.98275,0.98482,0.98712,0.98798,0.98932
0.35883,0.40283,0.53659,0.61674,0.66943,0.70414,0.72449,0.7344,0.7379,0.73837,0.73735,0.73811,0.73936,0.74519,0.75184,0.76385,0.77601,0.79222,0.80757,0.82474,0.84041,0.85637,0.87072,0.8844,0.89677,0.90809,0.91816,0.92755,0.93545,0.94305,0.94919,0.95532,0.95976,0.96463,0.96772,0.97149,0.97349,0.97621,0.97707,0.97844
0.31488,0.36068,0.50628,0.59295,0.64779,0.68367,0.70495,0.7163,0.72172,0.72561,0.72895,0.73598,0.74424,0.75792,0.77244,0.79134,0.8099,0.83044,0.8497,0.86881,0.88627,0.90223,0.91674,0.92909,0.94046,0.94954,0.95728,0.96456,0.96995,0.97519,0.97887,0.98255,0.98506,0.98763,0.98906,0.9907,0.99139,0.99213,0.99235,0.99205
0.33778,0.38244,0.53529,0.62655,0.68043,0.71305,0.73044,0.73734,0.73819,0.73713,0.73575,0.73822,0.74268,0.75312,0.76553,0.78247,0.80001,0.81884,0.83702,0.85428,0.87045,0.88483,0.89828,0.91001,0.92103,0.93021,0.93829,0.94614,0.95229,0.95857,0.96279,0.96763,0.97043,0.97392,0.97544,0.97736,0.97788,0.97769,0.97905,0.97709
0.43412,0.46891,0.5845,0.65609,0.69839,0.72266,0.73401,0.73744,0.73738,0.7389,0.74247,0.75259,0.76581,0.78507,0.80598,0.82928,0.85242,0.87437,0.89509,0.9126,0.92877,0.94129,0.95287,0.96134,0.96922,0.97473,0.97932,0.98338,0.98656,0.98922,0.99096,0.99252,0.99338,0.99393,0.99444,0.99403,0.99424,0.99252,0.99404,0.99156
0.41778,0.45122,0.56825,0.64265,0.68742,0.71341,0.72555,0.72915,0.72887,0.72994,0.73273,0.74197,0.7543,0.77289,0.79329,0.81595,0.83833,0.8594,0.87912,0.89607,0.91167,0.92477,0.93668,0.94628,0.95504,0.96192,0.96752,0.97285,0.97631,0.97984,0.9818,0.98361,0.98443,0.9841,0.98559,0.98353,0.98754,0.98533,0.98345,0.97603
0.41778,0.45122,0.56825,0.64265,0.68742,0.71341,0.72555,0.72915,0.72887,0.72994,0.73273,0.74197,0.7543,0.77289,0.79329,0.81595,0.83833,0.8594,0.87912,0.89607,0.91167,0.92477,0.93668,0.94628,0.95504,0.96192,0.96752,0.97285,0.97631,0.97984,0.9818,0.98361,0.98443,0.9841,0.98559,0.98353,0.98754,0.98533,0.98345,0.97603
0.41778,0.45122,0.56825,0.64265,0.68742,0.71341,0.72555,0.72915,0.72887,0.72994,0.73273,0.74197,0.7543,0.77289,0.79329,0.81595,0.83833,0.8594,0.87912,0.89607,0.91167,0.92477,0.93668,0.94628,0.95504,0.96192,0.96752,0.97285,0.97631,0.97984,0.9818,0.98361,0.98443,0.9841,0.98559,0.98353,0.98754,0.98533,0.98345,0.97603
0.49495,0.52587,0.62268,0.68044,0.7113,0.72375,0.72433,0.72084,0.71736,0.72066,0.72948,0.74803,0.77193,0.80015,0.8298,0.85679,0.88225,0.90275,0.92115,0.93556,0.94812,0.95783,0.96606,0.97263,0.97806,0.98198,0.98436,0.98648,0.98739,0.98687,0.98921,0.98734,0.99077,0.98837,0.98728,0.97973,0.97934,0.96464,0.96997,0.94863
0.49495,0.52587,0.62268,0.68044,0.7113,0.72375,0.72433,0.72084,0.71736,0.72066,0.72948,0.74803,0.77193,0.80015,0.8298,0.85679,0.88225,0.90275,0.92115,0.93556,0.94812,0.95783,0.96606,0.97263,0.97806,0.98198,0.98436,0.98648,0.98739,0.98687,0.98921,0.98734,0.99077,0.98837,0.98728,0.97973,0.97934,0.96464,0.96997,0.94863
0.49495,0.52587,0.62268,0.68044,0.7113,0.72375,0.72433,0.72084,0.71736,0.72066,0.72948,0.74803,0.77193,0.80015,0.8298,0.85679,0.88225,0.90275,0.92115,0.93556,0.94812,0.95783,0.96606,0.97263,0.97806,0.98198,0.98436,0.98648,0.98739,0.98687,0.98921,0.98734,0.99077,0.98837,0.98728,0.97973,0.97934,0.96464,0.96997,0.94863
0.50843,0.53884,0.63662,0.69333,0.72084,0.73013,0.72838,0.72283,0.71622,0.71511,0.71702,0.728,0.74189,0.76171,0.78206,0.80413,0.82546,0.84622,0.86582,0.88305,0.89935,0.91225,0.92513,0.93278,0.94177,0.9463,0.95033,0.95396,0.95764,0.95883,0.95945,0.95506,0.95607,0.94385,0.95863,0.9487,0.96056,0.94965,0.94656,0.92614
0.50843,0.53884,0.63662,0.69333,0.72084,0.73013,0.72838,0.72283,0.71622,0.71511,0.71702,0.728,0.74189,0.76171,0.78206,0.80413,0.82546,0.84622,0.86582,0.88305,0.89935,0.91225,0.92513,0.93278,0.94177,0.9463,0.95033,0.95396,0.95764,0.95883,0.95945,0.95506,0.95607,0.94385,0.95863,0.9487,0.96056,0.94965,0.94656,0.92614
0.43077,0.47262,0.60547,0.67099,0.69435,0.69909,0.6968,0.69699,0.70139,0.71492,0.73337,0.75859,0.78596,0.8153,0.84441,0.87142,0.897,0.91778,0.93702,0.95024,0.96275,0.97024,0.97761,0.98111,0.98455,0.98612,0.98801,0.98717,0.99078,0.98895,0.98983,0.98361,0.98808,0.97783,0.9886,0.97945,0.98574,0.97372,0.94816,0.91761
0.43077,0.47262,0.60547,0.67099,0.69435,0.69909,0.6968,0.69699,0.70139,0.71492,0.73337,0.75859,0.78596,0.8153,0.84441,0.87142,0.897,0.91778,0.93702,0.95024,0.96275,0.97024,0.97761,0.98111,0.98455,0.98612,0.98801,0.98717,0.99078,0.98895,0.98983,0.98361,0.98808,0.97783,0.9886,0.97945,0.98574,0.97372,0.94816,0.91761
0.43077,0.47262,0.60547,0.67099,0.69435,0.69909,0.6968,0.69699,0.70139,0.71492,0.73337,0.75859,0.78596,0.8153,0.84441,0.87142,0.897,0.91778,0.93702,0.95024,0.96275,0.97024,0.97761,0.98111,0.98455,0.98612,0.98801,0.98717,0.99078,0.98895,0.98983,0.98361,0.98808,0.97783,0.9886,0.97945,0.98574,0.97372,0.94816,0.91761
0.23134,0.32101,0.55289,0.65696,0.7037,0.73132,0.75376,0.77755,0.80201,0.8269,0.84989,0.87058,0.88871,0.9048,0.9189,0.93121,0.94212,0.95087,0.95904,0.96447,0.97014,0.9733,0.97672,0.97827,0.97899,0.98078,0.98237,0.9798,0.98163,0.9746,0.9818,0.97319,0.98081,0.96899,0.97593,0.96526,0.94155,0.91746,0.83806,0.75238
0.23134,0.32101,0.55289,0.65696,0.7037,0.73132,0.75376,0.77755,0.80201,0.8269,0.84989,0.87058,0.88871,0.9048,0.9189,0.93121,0.94212,0.95087,0.95904,0.96447,0.97014,0.9733,0.97672,0.97827,0.97899,0.98078,0.98237,0.9798,0.98163,0.9746,0.9818,0.97319,0.98081,0.96899,0.97593,0.96526,0.94155,0.91746,0.83806,0.75238
0.23134,0.32101,0.55289,0.65696,0.7037,0.73132,0.75376,0.77755,0.80201,0.8269,0.84989,0.87058,0.88871,0.9048,0.9189,0.93121,0.94212,0.95087,0.95904,0.96447,0.97014,0.9733,0.97672,0.97827,0.97899,0.98078,0.98237,0.9798,0.98163,0.9746,0.9818,0.97319,0.98081,0.96899,0.97593,0.96526,0.94155,0.91746,0.83806,0.75238
0.21828,0.32497,0.56368,0.67165,0.72422,0.76028,0.79259,0.82494,0.85593,0.88455,0.91002,0.93144,0.94947,0.96312,0.97415,0.98158,0.98743,0.99106,0.99386,0.99545,0.99655,0.99723,0.99721,0.99743,0.99592,0.99753,0.9984,0.99658,0.99672,0.99214,0.9972,0.99351,0.98816,0.9773,0.96902,0.95189,0.93684,0.9092,0.94073,0.92603
