0.016131,0.020349,0.042854,0.065226,0.083634,0.1011,0.11769,0.13379,0.14869,0.16347,0.17699,0.19096,0.20363,0.21721,0.22935,0.24271,0.25445,0.2676,0.27894,0.29176,0.30263,0.315,0.32532,0.33712,0.34683,0.35799,0.3686,0.37756,0.38752,0.39584,0.40516,0.41287,0.42158,0.42872,0.43686,0.44347,0.45108,0.45722,0.46433,0.47003
0.036447,0.043868,0.085296,0.12547,0.15687,0.1853,0.21197,0.23836,0.26325,0.28846,0.31142,0.33472,0.35512,0.37587,0.39351,0.41164,0.42671,0.44245,0.45532,0.46902,0.48009,0.49208,0.50167,0.51223,0.5206,0.52992,0.53848,0.5455,0.55305,0.5592,0.56586,0.57126,0.5771,0.58184,0.58696,0.5911,0.59558,0.59921,0.60312,0.60628
0.067847,0.079735,0.13724,0.18869,0.2303,0.26902,0.30496,0.33894,0.36912,0.39753,0.42182,0.44504,0.46441,0.48341,0.49901,0.51471,0.52745,0.54052,0.55101,0.56188,0.57052,0.57952,0.58663,0.59403,0.59986,0.60592,0.61127,0.61564,0.62,0.62356,0.62711,0.63002,0.63291,0.63529,0.63765,0.63959,0.64151,0.6431,0.64467,0.64598
0.079106,0.09659,0.17503,0.24003,0.2911,0.33694,0.37709,0.41271,0.44263,0.46964,0.49198,0.51284,0.5299,0.54621,0.55937,0.57208,0.58221,0.59203,0.59979,0.60731,0.61323,0.61895,0.62346,0.6278,0.63122,0.63451,0.63731,0.63963,0.64176,0.64354,0.64517,0.64654,0.64779,0.64886,0.64982,0.65065,0.65138,0.65203,0.65258,0.65309
0.10479,0.12589,0.21433,0.28717,0.34431,0.39323,0.43395,0.4686,0.49677,0.52134,0.54108,0.55867,0.57264,0.58524,0.59517,0.60418,0.61124,0.61767,0.6227,0.62726,0.63085,0.63408,0.63665,0.63894,0.64078,0.6424,0.64374,0.64488,0.64581,0.64664,0.64728,0.64787,0.6483,0.64872,0.649,0.64928,0.64944,0.64962,0.6497,0.64979
0.13196,0.15166,0.24468,0.32525,0.38529,0.43466,0.47494,0.50874,0.53586,0.55897,0.57716,0.59282,0.60496,0.61549,0.62361,0.63069,0.63615,0.64092,0.64462,0.64784,0.65037,0.65255,0.65431,0.65579,0.65702,0.65803,0.65884,0.65957,0.66012,0.66063,0.66099,0.66134,0.66156,0.66178,0.66187,0.66196,0.66192,0.6619,0.66171,0.66156
0.16005,0.18358,0.29033,0.37709,0.43668,0.48191,0.5168,0.54489,0.56672,0.58465,0.59845,0.60988,0.61864,0.62596,0.63159,0.63629,0.63994,0.64297,0.64536,0.6473,0.64888,0.65011,0.65113,0.65188,0.65253,0.65295,0.65324,0.65353,0.65362,0.65372,0.65363,0.65356,0.65327,0.65303,0.65251,0.65207,0.65129,0.65063,0.64958,0.64868
0.18883,0.2142,0.33109,0.4221,0.48017,0.5218,0.5522,0.57507,0.59177,0.6044,0.61355,0.62045,0.62546,0.62919,0.63196,0.63398,0.63553,0.6366,0.63747,0.63801,0.63849,0.63873,0.63897,0.63905,0.63914,0.63909,0.63895,0.63884,0.6385,0.63819,0.63758,0.63702,0.63608,0.63523,0.63392,0.63274,0.63108,0.62956,0.62757,0.62572
0.2077,0.23898,0.3655,0.45311,0.50861,0.54963,0.58017,0.60318,0.61987,0.63229,0.64119,0.64781,0.65261,0.6562,0.6589,0.66092,0.66251,0.66367,0.66463,0.66533,0.66593,0.66636,0.66673,0.66699,0.66717,0.66724,0.6672,0.66709,0.66682,0.66648,0.66596,0.66539,0.66467,0.66386,0.66299,0.66199,0.66104,0.65992,0.65897,0.65778
0.17995,0.21215,0.34642,0.44117,0.49957,0.54014,0.56849,0.58854,0.60246,0.61238,0.61931,0.62428,0.62783,0.63039,0.6323,0.63368,0.63477,0.63558,0.63624,0.63674,0.63715,0.63739,0.63753,0.63741,0.63721,0.63664,0.63581,0.63492,0.63358,0.6322,0.6304,0.62855,0.62639,0.62415,0.62173,0.61919,0.61662,0.61385,0.6112,0.60829
0.22437,0.25815,0.39778,0.49105,0.54463,0.58022,0.60425,0.62079,0.63209,0.64006,0.64565,0.6496,0.65247,0.65445,0.65594,0.65692,0.65769,0.65819,0.65858,0.65878,0.65888,0.65879,0.65859,0.65814,0.65759,0.65676,0.65577,0.65467,0.65341,0.65201,0.65061,0.64902,0.64761,0.64593,0.64463,0.64298,0.64189,0.64035,0.63953,0.63815
0.23732,0.27292,0.41188,0.5013,0.55433,0.59019,0.6144,0.63092,0.6421,0.64988,0.65533,0.65919,0.66203,0.66402,0.66555,0.66658,0.66739,0.66785,0.66816,0.66812,0.66797,0.6674,0.66675,0.6657,0.66456,0.66311,0.66159,0.65989,0.65824,0.65635,0.65474,0.6528,0.65136,0.64948,0.64832,0.64658,0.64568,0.64413,0.64354,0.6422
0.27591,0.31181,0.442,0.51735,0.55777,0.58293,0.59884,0.60896,0.61548,0.61975,0.62271,0.62483,0.62646,0.62778,0.62885,0.62982,0.63055,0.63114,0.63141,0.63133,0.63091,0.62999,0.62874,0.62703,0.62498,0.62268,0.62024,0.61739,0.61471,0.61157,0.60881,0.60549,0.60269,0.59925,0.59639,0.59283,0.58983,0.5861,0.5829,0.57895
0.2828,0.31722,0.44477,0.51958,0.56022,0.5851,0.6005,0.61026,0.61664,0.62099,0.62409,0.6263,0.62795,0.62908,0.62988,0.63015,0.63012,0.62934,0.62827,0.62623,0.62396,0.62072,0.6173,0.6131,0.60873,0.6039,0.59894,0.59362,0.58834,0.5826,0.57705,0.57095,0.56513,0.55864,0.55246,0.54551,0.53891,0.53142,0.52437,0.5163
0.29736,0.33791,0.48098,0.55932,0.59812,0.62081,0.63495,0.64429,0.6507,0.65532,0.65875,0.66153,0.66377,0.66592,0.66767,0.66954,0.67092,0.67245,0.6734,0.67458,0.67513,0.67616,0.6765,0.67773,0.67816,0.67988,0.68185,0.68308,0.6857,0.68753,0.69083,0.69329,0.69715,0.70018,0.70448,0.70799,0.71262,0.71649,0.72127,0.72537
0.32479,0.36832,0.50504,0.57216,0.60577,0.62481,0.63567,0.64188,0.64564,0.64785,0.64934,0.65021,0.65086,0.65109,0.65111,0.65053,0.64967,0.64801,0.64605,0.64336,0.64036,0.63699,0.63326,0.62959,0.62547,0.62178,0.61809,0.61377,0.61002,0.60551,0.6015,0.59663,0.59215,0.58668,0.58148,0.57515,0.56902,0.56154,0.55425,0.54537
0.32089,0.36399,0.51084,0.58392,0.61589,0.63306,0.6432,0.64943,0.65344,0.65582,0.65738,0.65818,0.65866,0.65871,0.65849,0.65792,0.65703,0.65595,0.65449,0.65323,0.65154,0.65052,0.64896,0.64852,0.6474,0.64765,0.64817,0.64804,0.64913,0.64951,0.65102,0.65179,0.65352,0.65447,0.65617,0.65707,0.65844,0.65899,0.65976,0.65961
0.34855,0.38655,0.51474,0.58013,0.61095,0.62832,0.63886,0.64562,0.65023,0.65345,0.65585,0.65772,0.65912,0.66022,0.6608,0.66107,0.66079,0.66039,0.65943,0.65885,0.65767,0.65746,0.65654,0.65712,0.65685,0.65842,0.66032,0.66156,0.66438,0.66653,0.67019,0.6732,0.67751,0.68127,0.68607,0.69041,0.69548,0.70022,0.70533,0.71025
0.34893,0.38762,0.50833,0.5661,0.59453,0.61159,0.62264,0.6305,0.63643,0.64159,0.64591,0.65011,0.65343,0.65649,0.65847,0.66021,0.66085,0.66181,0.66174,0.66275,0.66271,0.66429,0.66475,0.66697,0.66802,0.67071,0.67334,0.67521,0.67807,0.68023,0.68328,0.68573,0.68902,0.69183,0.69549,0.69882,0.70297,0.70696,0.71169,0.7165
0.34952,0.3886,0.5128,0.5722,0.59914,0.61479,0.62519,0.63306,0.63941,0.64529,0.65037,0.65529,0.65916,0.66246,0.66449,0.66584,0.66603,0.66601,0.665,0.66443,0.66292,0.66233,0.66078,0.66041,0.65904,0.65888,0.65869,0.65784,0.65791,0.65741,0.65785,0.65782,0.65881,0.65942,0.6611,0.66255,0.66503,0.66748,0.67083,0.67439
0.35136,0.39121,0.51636,0.57491,0.60184,0.61789,0.62863,0.63665,0.6428,0.64831,0.65273,0.65724,0.66056,0.66427,0.66665,0.67006,0.67214,0.67605,0.67854,0.68332,0.68654,0.69201,0.69587,0.70167,0.70599,0.71196,0.71777,0.72283,0.72895,0.73452,0.7411,0.74732,0.75446,0.76148,0.76918,0.77704,0.78522,0.79387,0.80237,0.81166
0.3735,0.40444,0.50057,0.54326,0.56216,0.57316,0.58031,0.5854,0.58912,0.59197,0.59375,0.59459,0.59402,0.59256,0.58974,0.58697,0.58308,0.5804,0.57662,0.57482,0.57173,0.57104,0.56886,0.56931,0.56817,0.5699,0.5721,0.57315,0.57682,0.57943,0.58464,0.58898,0.59567,0.60183,0.6098,0.61772,0.62667,0.63619,0.64575,0.65657
0.39029,0.43041,0.55061,0.60227,0.62628,0.64097,0.65061,0.65746,0.66257,0.66719,0.67085,0.67474,0.67754,0.68113,0.68354,0.68764,0.69048,0.6957,0.69949,0.70576,0.71051,0.71746,0.72297,0.73036,0.73653,0.74435,0.75218,0.75955,0.76797,0.77616,0.78516,0.79421,0.80369,0.81352,0.8233,0.83374,0.84359,0.85435,0.86393,0.87464
0.40231,0.43944,0.55504,0.60218,0.62113,0.63173,0.63881,0.6442,0.64851,0.65206,0.65449,0.65593,0.65609,0.65579,0.65448,0.65384,0.65234,0.65224,0.65122,0.65177,0.65129,0.65222,0.6521,0.65324,0.6534,0.65477,0.65619,0.65713,0.65911,0.66087,0.66369,0.6666,0.67046,0.6748,0.67984,0.68577,0.69188,0.69931,0.70616,0.71477
0.43888,0.47078,0.57132,0.61252,0.62894,0.6386,0.64563,0.6516,0.65668,0.66103,0.66412,0.66605,0.66653,0.66629,0.66487,0.66364,0.66143,0.6599,0.6574,0.65552,0.65263,0.65011,0.64663,0.64341,0.63932,0.63579,0.63235,0.6282,0.62533,0.6219,0.62013,0.61808,0.61784,0.61774,0.61922,0.62138,0.62438,0.62874,0.6327,0.63875
0.3939,0.43358,0.54428,0.59134,0.61293,0.62602,0.63528,0.64294,0.64913,0.65458,0.65835,0.66166,0.66337,0.66575,0.66688,0.6698,0.67156,0.67557,0.67841,0.68346,0.68745,0.69356,0.69881,0.70609,0.71277,0.72129,0.7301,0.7392,0.74906,0.75957,0.77021,0.78188,0.79291,0.80528,0.81611,0.82858,0.83861,0.85049,0.8592,0.86989
0.41427,0.45503,0.56647,0.60929,0.62588,0.63475,0.64032,0.64419,0.64684,0.64837,0.64862,0.64821,0.64681,0.64621,0.645,0.64588,0.64615,0.64897,0.65099,0.65531,0.65869,0.66371,0.66783,0.67286,0.6772,0.68197,0.68647,0.69115,0.69597,0.70147,0.70741,0.7145,0.72207,0.73124,0.74043,0.7516,0.76192,0.77447,0.785,0.79794
0.44741,0.47672,0.56421,0.59725,0.60745,0.61162,0.61356,0.61379,0.61251,0.60885,0.60315,0.59534,0.5859,0.57565,0.56408,0.5525,0.53932,0.52628,0.51107,0.49616,0.47851,0.46189,0.44199,0.42456,0.40341,0.38666,0.37063,0.35142,0.33821,0.32228,0.31318,0.30226,0.2981,0.29369,0.29472,0.29793,0.30387,0.31531,0.32509,0.34435
0.47248,0.49562,0.56041,0.58207,0.58894,0.59214,0.59385,0.59377,0.59183,0.58692,0.57975,0.57048,0.55971,0.54858,0.53622,0.52439,0.51096,0.49828,0.48345,0.46981,0.45357,0.43969,0.42285,0.41007,0.39409,0.38375,0.37451,0.36326,0.35752,0.35061,0.34883,0.34723,0.34953,0.35396,0.36004,0.37086,0.38011,0.39715,0.40826,0.43031
0.42522,0.46713,0.58067,0.62532,0.64409,0.65566,0.66424,0.67151,0.67727,0.68258,0.68649,0.6912,0.69492,0.70074,0.70565,0.71288,0.71911,0.72717,0.73432,0.7428,0.75071,0.7597,0.76857,0.77836,0.78854,0.79928,0.81028,0.82255,0.83425,0.84745,0.8591,0.87237,0.88307,0.89544,0.90447,0.91515,0.92217,0.93079,0.93588,0.94247
0.45374,0.49357,0.59067,0.61842,0.6254,0.62803,0.62889,0.62818,0.62562,0.62105,0.61455,0.60732,0.59891,0.59131,0.58267,0.57533,0.56667,0.55941,0.55055,0.54348,0.53464,0.52827,0.52024,0.51541,0.50936,0.50688,0.5054,0.50446,0.50573,0.50853,0.51179,0.51757,0.52112,0.52805,0.52981,0.53536,0.53336,0.53492,0.52867,0.5245
0.45374,0.49357,0.59067,0.61842,0.6254,0.62803,0.62889,0.62818,0.62562,0.62105,0.61455,0.60732,0.59891,0.59131,0.58267,0.57533,0.56667,0.55941,0.55055,0.54348,0.53464,0.52827,0.52024,0.51541,0.50936,0.50688,0.5054,0.50446,0.50573,0.50853,0.51179,0.51757,0.52112,0.52805,0.52981,0.53536,0.53336,0.53492,0.52867,0.5245
0.52369,0.55064,0.62012,0.64993,0.6654,0.67637,0.68522,0.69396,0.7016,0.7104,0.71807,0.72809,0.73683,0.74825,0.7582,0.77058,0.78163,0.79472,0.80685,0.82046,0.8335,0.84715,0.86064,0.87367,0.88692,0.89869,0.90952,0.92091,0.92981,0.93934,0.94614,0.95363,0.95848,0.96405,0.96734,0.97132,0.97357,0.97635,0.97801,0.97997
0.52369,0.55064,0.62012,0.64993,0.6654,0.67637,0.68522,0.69396,0.7016,0.7104,0.71807,0.72809,0.73683,0.74825,0.7582,0.77058,0.78163,0.79472,0.80685,0.82046,0.8335,0.84715,0.86064,0.87367,0.88692,0.89869,0.90952,0.92091,0.92981,0.93934,0.94614,0.95363,0.95848,0.96405,0.96734,0.97132,0.97357,0.97635,0.97801,0.97997
0.48425,0.51512,0.60806,0.64418,0.65664,0.66239,0.66548,0.66726,0.66794,0.66902,0.67004,0.67379,0.6782,0.68662,0.69581,0.70873,0.72222,0.73786,0.75376,0.76952,0.78544,0.79928,0.81358,0.82551,0.83846,0.84959,0.86096,0.87361,0.88515,0.8979,0.90877,0.92067,0.92916,0.93885,0.94536,0.9525,0.95754,0.96249,0.9664,0.9696
0.48425,0.51512,0.60806,0.64418,0.65664,0.66239,0.66548,0.66726,0.66794,0.66902,0.67004,0.67379,0.6782,0.68662,0.69581,0.70873,0.72222,0.73786,0.75376,0.76952,0.78544,0.79928,0.81358,0.82551,0.83846,0.84959,0.86096,0.87361,0.88515,0.8979,0.90877,0.92067,0.92916,0.93885,0.94536,0.9525,0.95754,0.96249,0.9664,0.9696
0.5314,0.55103,0.61445,0.64265,0.65423,0.66043,0.66313,0.66297,0.66066,0.65781,0.65442,0.65256,0.65069,0.65094,0.65086,0.65238,0.65289,0.65386,0.65281,0.65058,0.64473,0.63606,0.62078,0.60348,0.57384,0.54572,0.51352,0.46052,0.41908,0.35315,0.30419,0.23431,0.18156,0.11858,0.062244,0.012636,-0.047406,-0.081696,-0.1393,-0.15336
0.30617,0.38921,0.51788,0.56909,0.6014,0.62595,0.64323,0.65487,0.66163,0.66869,0.67482,0.68547,0.6956,0.71085,0.72469,0.74286,0.75919,0.7784,0.79597,0.81439,0.83193,0.84814,0.86448,0.87764,0.89183,0.90147,0.90955,0.91888,0.92372,0.92977,0.93175,0.93456,0.93434,0.93406,0.93228,0.92906,0.92628,0.92015,0.9169,0.90789
0.49501,0.50332,0.59067,0.64403,0.68235,0.71349,0.73761,0.75802,0.77428,0.79112,0.80581,0.82233,0.83703,0.8532,0.86769,0.88278,0.89637,0.90944,0.92139,0.93188,0.94176,0.94963,0.95733,0.9628,0.96841,0.97191,0.97478,0.97778,0.97947,0.98133,0.98235,0.98345,0.98415,0.98482,0.98543,0.98589,0.98651,0.98689,0.98754,0.98793
0.49501,0.50332,0.59067,0.64403,0.68235,0.71349,0.73761,0.75802,0.77428,0.79112,0.80581,0.82233,0.83703,0.8532,0.86769,0.88278,0.89637,0.90944,0.92139,0.93188,0.94176,0.94963,0.95733,0.9628,0.96841,0.97191,0.97478,0.97778,0.97947,0.98133,0.98235,0.98345,0.98415,0.98482,0.98543,0.98589,0.98651,0.98689,0.98754,0.98793
