0.067461,0.057703,0.051035,0.049892,0.049978,0.050886,0.051457,0.049289,0.058118,0.050293,0.052354,0.050839,0.054443,0.049778,0.051318,0.052856,0.049735,0.048701,0.04904,0.057979,0.052267,0.051146,0.051454,0.050544,0.057922,0.052658,0.053631,0.050395,0.05147,0.051054,0.051089,0.049516,0.051993,0.054138,0.05253,0.055196,0.050772,0.052284,0.052633,0.052047
0.043272,0.047046,0.045419,0.037265,0.038003,0.046286,0.040008,0.039614,0.03737,0.039357,0.043969,0.047786,0.049849,0.037605,0.042845,0.040978,0.039638,0.050386,0.039346,0.038598,0.044679,0.044059,0.062542,0.038734,0.038508,0.038616,0.036907,0.058538,0.038743,0.038146,0.036807,0.039191,0.054101,0.036798,0.039583,0.041705,0.046095,0.036854,0.047908,0.046899
0.043475,0.03933,0.046162,0.040287,0.0439,0.047796,0.034659,0.048783,0.03474,0.049452,0.036137,0.044863,0.034285,0.035834,0.04776,0.03383,0.03489,0.046518,0.035225,0.035884,0.045369,0.034443,0.03399,0.036215,0.045311,0.034179,0.034426,0.034195,0.047816,0.03668,0.045697,0.034054,0.035637,0.035581,0.045248,0.03571,0.036618,0.042371,0.037125,0.035943
0.042556,0.035247,0.038886,0.043814,0.036006,0.035459,0.045992,0.039951,0.038583,0.034055,0.04628,0.042203,0.038687,0.045517,0.034687,0.044971,0.033029,0.033267,0.033597,0.035563,0.033796,0.034145,0.034048,0.033996,0.046859,0.035195,0.03586,0.046644,0.039602,0.037605,0.036511,0.032815,0.03339,0.033744,0.034139,0.035754,0.036864,0.045806,0.036994,0.044343
0.037891,0.045155,0.037135,0.033419,0.038013,0.03898,0.033546,0.038778,0.033822,0.03464,0.047471,0.033333,0.039955,0.038415,0.054771,0.033339,0.032983,0.042443,0.033926,0.039192,0.037688,0.045993,0.034106,0.033828,0.034643,0.034803,0.047828,0.050271,0.037271,0.039662,0.031819,0.033951,0.033578,0.055115,0.033402,0.033288,0.03383,0.032786,0.032871,0.033208
0.032036,0.034108,0.038549,0.043699,0.03327,0.033814,0.033929,0.041838,0.03864,0.032699,0.033147,0.034114,0.033933,0.033797,0.045837,0.036761,0.059206,0.04618,0.033524,0.035695,0.04273,0.037498,0.03245,0.033716,0.03341,0.032859,0.039509,0.040242,0.044142,0.039825,0.040254,0.044225,0.032927,0.033139,0.032906,0.035535,0.037039,0.038702,0.034395,0.034333
0.035469,0.032942,0.05114,0.031513,0.03183,0.053266,0.036862,0.033133,0.033031,0.033137,0.034745,0.037659,0.041459,0.052128,0.032841,0.031722,0.032468,0.048817,0.04936,0.033523,0.03289,0.033267,0.032365,0.032181,0.06475,0.043517,0.032768,0.032695,0.040582,0.035283,0.033438,0.035392,0.040726,0.033372,0.038247,0.046245,0.032905,0.045037,0.033549,0.032528
0.030903,0.034024,0.033032,0.032836,0.031812,0.042994,0.048422,0.038541,0.040733,0.031934,0.032867,0.032856,0.034306,0.03287,0.033395,0.057394,0.048781,0.032461,0.032929,0.03185,0.032129,0.031655,0.033523,0.043518,0.041344,0.03231,0.042944,0.043781,0.032946,0.039356,0.043557,0.033783,0.033326,0.032952,0.031629,0.033243,0.041508,0.042166,0.032139,0.032869
0.033165,0.034788,0.031758,0.031738,0.03188,0.053976,0.033781,0.042296,0.04422,0.033113,0.032693,0.031897,0.031458,0.032497,0.032864,0.033784,0.031705,0.032762,0.033691,0.034647,0.044189,0.042747,0.033757,0.035524,0.033181,0.033536,0.0321,0.032022,0.032461,0.031762,0.055269,0.033285,0.033969,0.031829,0.032583,0.032978,0.031633,0.034083,0.035812,0.043251
0.045322,0.038538,0.033915,0.032874,0.033379,0.045401,0.039467,0.031218,0.040034,0.032994,0.039215,0.035319,0.034523,0.03354,0.034386,0.032154,0.034107,0.043283,0.047539,0.032816,0.03262,0.034276,0.034381,0.039378,0.032906,0.051538,0.038139,0.035384,0.031849,0.031614,0.041433,0.046164,0.032186,0.031627,0.031363,0.039034,0.032563,0.033292,0.033178,0.033267
0.037565,0.042974,0.031292,0.030566,0.034503,0.044362,0.042636,0.030409,0.031421,0.033717,0.033721,0.03418,0.033096,0.033396,0.03501,0.035558,0.042594,0.033994,0.046571,0.042767,0.031881,0.033235,0.032493,0.036732,0.036367,0.033694,0.032541,0.033302,0.032316,0.032787,0.032808,0.031453,0.032446,0.031965,0.032923,0.041409,0.040355,0.043213,0.04123,0.032887
0.032833,0.033068,0.031698,0.034857,0.03259,0.040635,0.033284,0.033255,0.038673,0.044105,0.031888,0.035777,0.033048,0.043978,0.031829,0.055396,0.0318,0.031561,0.031363,0.034357,0.058971,0.032,0.031869,0.03114,0.034124,0.031808,0.031789,0.031947,0.031726,0.034768,0.032795,0.035242,0.033648,0.042806,0.043516,0.041126,0.042546,0.040601,0.046473,0.033116
0.038539,0.040662,0.030789,0.032106,0.040615,0.03318,0.032371,0.031224,0.032104,0.032035,0.031242,0.034424,0.041911,0.045833,0.039175,0.042817,0.03099,0.030929,0.036978,0.030848,0.034348,0.033004,0.033569,0.03139,0.033243,0.042366,0.040876,0.033261,0.034357,0.032825,0.058659,0.046964,0.031843,0.042231,0.035213,0.061317,0.039241,0.039667,0.032607,0.032005
0.031987,0.032584,0.032201,0.032745,0.041978,0.032666,0.031657,0.032614,0.031484,0.031284,0.031757,0.032327,0.053854,0.034196,0.031812,0.031918,0.055549,0.032416,0.033052,0.03243,0.031316,0.047798,0.038889,0.036702,0.032555,0.032139,0.032053,0.04267,0.041378,0.031907,0.032889,0.035023,0.032311,0.031523,0.03085,0.035421,0.032109,0.032506,0.040242,0.03357
0.032629,0.033001,0.031941,0.038864,0.046287,0.031537,0.03211,0.032574,0.031981,0.034015,0.031537,0.031415,0.035505,0.034202,0.034097,0.032459,0.032976,0.03226,0.03166,0.051127,0.033428,0.032641,0.034224,0.033803,0.03424,0.032771,0.032002,0.039614,0.033042,0.032128,0.033284,0.032,0.033495,0.039567,0.045992,0.032722,0.031725,0.031939,0.032201,0.040301
0.03298,0.032403,0.031546,0.032541,0.038954,0.046805,0.031375,0.030799,0.03409,0.031194,0.031421,0.05616,0.032153,0.031621,0.036769,0.035187,0.036803,0.045973,0.033139,0.03156,0.032643,0.041976,0.036433,0.052112,0.031736,0.031749,0.059419,0.032615,0.032807,0.031705,0.032222,0.032805,0.032238,0.054566,0.032944,0.040928,0.038447,0.054439,0.032547,0.030834
0.040707,0.052375,0.044604,0.032899,0.032382,0.032838,0.031051,0.030385,0.039735,0.031431,0.03165,0.041192,0.045719,0.048828,0.04416,0.031489,0.038266,0.031679,0.038301,0.0318,0.031914,0.031676,0.031177,0.032983,0.032926,0.032387,0.03687,0.032289,0.031256,0.033644,0.035144,0.032462,0.032147,0.043146,0.034135,0.033748,0.047637,0.032724,0.033628,0.041769
0.039261,0.031883,0.031999,0.033384,0.031714,0.032568,0.033568,0.035898,0.037439,0.032033,0.031643,0.030662,0.03226,0.032058,0.033171,0.033192,0.033524,0.033797,0.036801,0.032654,0.03218,0.032775,0.033677,0.032681,0.033019,0.033888,0.034631,0.033971,0.033614,0.032449,0.03331,0.033768,0.034375,0.033625,0.032721,0.032165,0.033036,0.034484,0.033539,0.032375
0.033663,0.032973,0.03335,0.032847,0.032812,0.033201,0.0335,0.033897,0.033103,0.031796,0.03221,0.032613,0.032459,0.038718,0.033047,0.033747,0.040891,0.03856,0.034041,0.034276,0.033801,0.034353,0.034277,0.037365,0.034466,0.042074,0.039917,0.032391,0.033213,0.034225,0.034116,0.043993,0.039504,0.037335,0.03301,0.042257,0.033275,0.032808,0.039136,0.033598
0.035302,0.034716,0.037039,0.035011,0.034952,0.040162,0.04248,0.041841,0.038352,0.040493,0.034361,0.033467,0.040961,0.033381,0.03914,0.037338,0.041605,0.033831,0.053522,0.03825,0.033641,0.047644,0.033634,0.033341,0.032574,0.033383,0.032529,0.033648,0.031366,0.032274,0.033622,0.031093,0.036161,0.035649,0.04173,0.041147,0.032207,0.030279,0.048204,0.036899
0.031087,0.031619,0.034628,0.031739,0.032672,0.034126,0.033682,0.03347,0.046941,0.044626,0.03188,0.033096,0.031572,0.031162,0.039725,0.043512,0.033935,0.032123,0.032135,0.033094,0.034399,0.030788,0.03564,0.032605,0.041481,0.03351,0.032102,0.032638,0.031405,0.044511,0.04165,0.03277,0.032193,0.031846,0.036994,0.036228,0.048261,0.035167,0.045697,0.032168
0.031487,0.031386,0.056944,0.040483,0.038414,0.031728,0.0392,0.032511,0.031395,0.031383,0.049571,0.030921,0.031267,0.035071,0.041407,0.032879,0.04168,0.032554,0.035237,0.032493,0.032909,0.032724,0.034718,0.033025,0.033889,0.032427,0.033272,0.051461,0.049469,0.048374,0.033326,0.033291,0.03385,0.032854,0.037657,0.032558,0.031159,0.031971,0.034916,0.033651
0.033845,0.033566,0.032378,0.054719,0.031118,0.03118,0.030711,0.031879,0.055816,0.031721,0.031556,0.034027,0.030622,0.036346,0.034155,0.031556,0.034864,0.031181,0.036202,0.032537,0.039025,0.033077,0.03279,0.030981,0.032078,0.032021,0.032136,0.032475,0.033149,0.033975,0.034773,0.03355,0.033211,0.035732,0.032747,0.032816,0.033031,0.032168,0.032705,0.032625
0.033897,0.034326,0.034435,0.033636,0.032724,0.033969,0.033167,0.034586,0.034303,0.03219,0.033496,0.032989,0.033418,0.033045,0.035048,0.032714,0.033765,0.033474,0.043587,0.033698,0.044514,0.037644,0.040865,0.03278,0.040199,0.034345,0.038907,0.033196,0.039677,0.037281,0.034131,0.037275,0.042773,0.033438,0.033175,0.032877,0.033807,0.035553,0.033978,0.034155
0.040758,0.032439,0.031801,0.031907,0.032689,0.043314,0.035334,0.043336,0.030727,0.032678,0.035402,0.030843,0.030995,0.036681,0.030973,0.032024,0.038127,0.031341,0.039743,0.032327,0.031503,0.03019,0.031826,0.033187,0.034592,0.031431,0.035076,0.031315,0.036821,0.030713,0.033594,0.03347,0.032117,0.058313,0.033446,0.032697,0.032606,0.031756,0.032866,0.030379
0.049212,0.032393,0.034229,0.032768,0.033034,0.037866,0.034755,0.031763,0.030785,0.030318,0.034477,0.034886,0.032096,0.041321,0.033057,0.042392,0.032738,0.05335,0.049081,0.055492,0.031454,0.03086,0.032102,0.033134,0.033204,0.03209,0.032343,0.033677,0.033844,0.033793,0.043483,0.047047,0.031709,0.031787,0.031605,0.032879,0.03098,0.032013,0.034566,0.03379
0.033179,0.034058,0.032945,0.032967,0.032799,0.034153,0.038329,0.03218,0.040515,0.037309,0.034973,0.031895,0.034383,0.031756,0.033235,0.036298,0.031922,0.039788,0.03614,0.031725,0.031124,0.031546,0.031939,0.033472,0.038536,0.033708,0.031718,0.030842,0.030867,0.031118,0.033504,0.035792,0.033019,0.032925,0.032508,0.03271,0.032572,0.036699,0.031258,0.034109
0.037015,0.032975,0.031941,0.03128,0.031621,0.034268,0.033671,0.033557,0.033421,0.031922,0.031791,0.03387,0.044761,0.033288,0.032037,0.033362,0.032489,0.033301,0.032686,0.037667,0.03211,0.033856,0.039126,0.036344,0.043092,0.041109,0.03228,0.031217,0.031603,0.031742,0.031907,0.036743,0.034243,0.035469,0.032254,0.033994,0.030814,0.032368,0.034223,0.03341
0.032151,0.049666,0.037684,0.036573,0.039058,0.038328,0.033945,0.033069,0.032691,0.034021,0.035995,0.031777,0.031245,0.05474,0.030705,0.031266,0.033047,0.035608,0.044131,0.044999,0.031259,0.031343,0.032182,0.03344,0.032901,0.033045,0.041656,0.032959,0.032583,0.033044,0.035484,0.031586,0.032542,0.031451,0.031164,0.031494,0.040931,0.037821,0.034888,0.037328
0.037192,0.032186,0.032149,0.032275,0.030486,0.032755,0.036167,0.04725,0.043063,0.032719,0.03254,0.032484,0.031942,0.031687,0.031644,0.038101,0.032235,0.031996,0.031013,0.031119,0.03217,0.036697,0.041266,0.040395,0.031622,0.033931,0.044433,0.039202,0.036372,0.032567,0.035151,0.032518,0.032151,0.052132,0.029822,0.031705,0.033308,0.032583,0.042097,0.033381
0.032442,0.032251,0.031516,0.031964,0.033157,0.042016,0.043162,0.030832,0.032567,0.031672,0.041517,0.032182,0.032387,0.031174,0.03121,0.034183,0.033231,0.03138,0.033709,0.041802,0.03367,0.032718,0.03169,0.031651,0.031529,0.030621,0.032463,0.040024,0.03226,0.030429,0.041399,0.046843,0.031356,0.036583,0.031788,0.031572,0.03242,0.032877,0.032086,0.032226
0.038016,0.030582,0.031073,0.0312,0.032594,0.034936,0.033413,0.032809,0.034704,0.033539,0.031936,0.032829,0.03375,0.033559,0.033091,0.034676,0.032615,0.039275,0.031272,0.03131,0.032019,0.033215,0.033347,0.032875,0.04404,0.039119,0.044915,0.038912,0.032933,0.032319,0.03737,0.030661,0.031857,0.034196,0.035098,0.032148,0.031232,0.054487,0.032754,0.035534
0.041232,0.043753,0.03246,0.032653,0.032209,0.030525,0.032592,0.031547,0.033821,0.040507,0.031292,0.030378,0.032674,0.036293,0.031447,0.03494,0.032267,0.048797,0.032246,0.037112,0.035141,0.0306,0.040303,0.032448,0.042346,0.032015,0.039683,0.031336,0.032257,0.031544,0.031634,0.0479,0.035765,0.0335,0.042041,0.03394,0.04367,0.031027,0.037,0.039624
0.044466,0.030915,0.039328,0.033135,0.047822,0.031031,0.03073,0.037823,0.032137,0.030678,0.036237,0.041792,0.037894,0.044116,0.038945,0.031967,0.044505,0.033113,0.036504,0.033037,0.032392,0.032227,0.032761,0.038609,0.038498,0.032652,0.032319,0.030315,0.039417,0.032386,0.041248,0.03985,0.030412,0.032044,0.033428,0.033298,0.052845,0.034688,0.031868,0.031457
0.037414,0.03112,0.037999,0.038131,0.043498,0.032171,0.031151,0.031873,0.032486,0.03421,0.032732,0.039016,0.040889,0.039242,0.039162,0.031805,0.037533,0.045165,0.031153,0.031236,0.030792,0.032835,0.037214,0.032311,0.056174,0.032559,0.034028,0.034413,0.0326,0.039003,0.042179,0.030816,0.034625,0.034336,0.031903,0.031958,0.031654,0.03203,0.034174,0.039489
0.032344,0.033225,0.03168,0.030833,0.031107,0.034594,0.032677,0.032877,0.033505,0.056123,0.032494,0.031351,0.032019,0.032429,0.033224,0.032448,0.034708,0.035939,0.031984,0.038864,0.032831,0.031475,0.031605,0.038028,0.031929,0.032592,0.03122,0.031277,0.033985,0.03107,0.033165,0.032522,0.033423,0.034256,0.034134,0.032834,0.032494,0.032711,0.032892,0.037197
0.03109,0.031962,0.031897,0.036852,0.032201,0.05882,0.032116,0.032513,0.031522,0.031647,0.032699,0.031291,0.032049,0.032556,0.04511,0.045505,0.0304,0.031613,0.031459,0.039187,0.031153,0.031434,0.036879,0.038014,0.048613,0.032512,0.033061,0.039564,0.039801,0.033089,0.031427,0.040975,0.032692,0.031286,0.032275,0.031056,0.032381,0.041651,0.05208,0.045736
0.033063,0.032358,0.032069,0.031022,0.030526,0.032938,0.057488,0.032248,0.034342,0.036178,0.045714,0.031723,0.030602,0.031178,0.038086,0.029899,0.0325,0.033951,0.03473,0.0332,0.03332,0.041272,0.032246,0.031571,0.031973,0.030663,0.03429,0.031646,0.032572,0.032414,0.032963,0.032497,0.038443,0.03192,0.038771,0.031265,0.030567,0.031998,0.03161,0.03324
0.031953,0.03475,0.045159,0.040353,0.051412,0.030999,0.031796,0.034139,0.031098,0.051153,0.040286,0.032929,0.031545,0.029945,0.030818,0.034708,0.039139,0.032221,0.030757,0.031528,0.03355,0.033543,0.038067,0.032022,0.031737,0.030495,0.041491,0.032441,0.031785,0.032168,0.031511,0.031743,0.033042,0.036715,0.030228,0.035613,0.032438,0.032808,0.032903,0.032424
0.054597,0.031865,0.030836,0.03115,0.035084,0.050004,0.05034,0.039574,0.03266,0.036937,0.044455,0.032427,0.030135,0.035237,0.043801,0.039582,0.056122,0.033345,0.031419,0.031629,0.031747,0.0356,0.040284,0.043151,0.032865,0.03119,0.033147,0.041207,0.03339,0.043433,0.042567,0.035725,0.033674,0.033317,0.034674,0.032247,0.058081,0.031855,0.030866,0.032751
