0.10255,0.086237,0.074908,0.081412,0.072972,0.08436,0.079122,0.071694,0.072322,0.07999,0.081487,0.072907,0.072293,0.073422,0.077601,0.087189,0.074984,0.074479,0.079244,0.07403,0.082663,0.075761,0.072506,0.080515,0.078908,0.082253,0.078692,0.072797,0.08196,0.087632,0.077056,0.087018,0.081073,0.075157,0.074453,0.076386,0.072981,0.073428,0.083825,0.085107
0.038529,0.038806,0.038751,0.038855,0.038339,0.050068,0.048431,0.038859,0.052543,0.047493,0.054932,0.03994,0.039509,0.056086,0.047914,0.042026,0.039054,0.040701,0.052685,0.040264,0.043345,0.042714,0.052655,0.043733,0.04585,0.038734,0.042189,0.043417,0.040226,0.040771,0.050068,0.040782,0.041028,0.055516,0.045048,0.048624,0.05473,0.042843,0.049753,0.039474
0.032685,0.043363,0.050064,0.03207,0.051779,0.048038,0.048898,0.055151,0.03752,0.033209,0.036836,0.032562,0.032919,0.033285,0.033848,0.043062,0.032933,0.033439,0.03286,0.032991,0.033532,0.034516,0.042285,0.053299,0.050836,0.03563,0.043256,0.032953,0.034243,0.031908,0.031564,0.035758,0.038025,0.040176,0.03585,0.035477,0.040339,0.045818,0.048883,0.034416
0.034164,0.03093,0.029809,0.030078,0.030091,0.029819,0.033638,0.052001,0.030647,0.034855,0.046735,0.037528,0.03447,0.031045,0.034121,0.041492,0.0312,0.043322,0.039896,0.037994,0.029425,0.041516,0.0291,0.053749,0.030936,0.046766,0.035973,0.03643,0.055786,0.037512,0.035643,0.049332,0.032098,0.035892,0.035246,0.041079,0.034469,0.035712,0.031657,0.037446
0.029672,0.038702,0.043622,0.041121,0.051957,0.029436,0.04911,0.036282,0.033345,0.046171,0.048289,0.03217,0.041291,0.02825,0.052605,0.047144,0.05524,0.029608,0.051034,0.051401,0.03644,0.039239,0.031342,0.033005,0.031659,0.03167,0.039457,0.03098,0.030676,0.029375,0.052024,0.029843,0.048009,0.028367,0.029428,0.030288,0.039016,0.037678,0.037095,0.03088
0.030357,0.042549,0.026907,0.030415,0.038322,0.0497,0.028356,0.035325,0.02998,0.037866,0.050058,0.048652,0.040064,0.043661,0.049506,0.035228,0.03061,0.040732,0.027771,0.048564,0.033235,0.030646,0.039637,0.047024,0.031793,0.030559,0.035281,0.029973,0.034379,0.039056,0.030405,0.035945,0.029909,0.038442,0.048501,0.045898,0.045273,0.032723,0.028864,0.035704
0.028508,0.037875,0.02856,0.0386,0.028085,0.050387,0.028153,0.045375,0.033976,0.028871,0.030669,0.02907,0.037967,0.036592,0.027917,0.054508,0.028675,0.036292,0.046108,0.035158,0.028672,0.042744,0.030864,0.058116,0.02812,0.027412,0.032825,0.039269,0.028383,0.029287,0.039106,0.04861,0.049146,0.032891,0.038521,0.028477,0.033013,0.03056,0.041468,0.034059
0.03435,0.027411,0.033558,0.048236,0.029803,0.040536,0.04724,0.051224,0.043521,0.046269,0.029928,0.048127,0.032587,0.035368,0.030597,0.033429,0.046115,0.039469,0.04944,0.034802,0.027046,0.034245,0.033932,0.030046,0.037784,0.049689,0.05555,0.027305,0.049608,0.041957,0.037455,0.028859,0.028137,0.028961,0.034313,0.033561,0.031925,0.03038,0.029393,0.035067
0.02831,0.027206,0.036632,0.030711,0.03667,0.027427,0.028349,0.030152,0.032739,0.027171,0.033243,0.034599,0.032651,0.036704,0.048818,0.049195,0.035042,0.048344,0.048458,0.038128,0.048637,0.052304,0.028246,0.049363,0.038709,0.05085,0.028131,0.030331,0.041849,0.027963,0.032251,0.037726,0.05244,0.034709,0.028121,0.050351,0.027931,0.043333,0.040976,0.033842
0.035318,0.048375,0.030989,0.037539,0.049927,0.047085,0.027852,0.027449,0.027652,0.034943,0.030366,0.043102,0.029232,0.04651,0.035751,0.048325,0.030628,0.037627,0.027806,0.028567,0.037961,0.028338,0.027514,0.045215,0.042308,0.027278,0.030358,0.03916,0.032473,0.046488,0.03619,0.030024,0.037422,0.047845,0.032023,0.035462,0.052096,0.028658,0.038699,0.028568
0.033533,0.037246,0.036903,0.026965,0.030021,0.031835,0.028219,0.027866,0.028716,0.027869,0.026291,0.034011,0.029607,0.03459,0.035927,0.028102,0.045363,0.026728,0.028894,0.027821,0.035239,0.02641,0.033989,0.028954,0.034811,0.04421,0.040424,0.051666,0.033733,0.03369,0.028077,0.032567,0.034989,0.032156,0.03191,0.036009,0.051158,0.048335,0.02906,0.041319
0.031636,0.033847,0.052054,0.026833,0.034262,0.057652,0.050021,0.031867,0.033266,0.052812,0.026969,0.029528,0.048447,0.037652,0.033478,0.031865,0.037191,0.029171,0.037452,0.051775,0.026965,0.030578,0.03905,0.050205,0.04792,0.049164,0.040197,0.030896,0.039026,0.027205,0.037847,0.029447,0.053075,0.026963,0.048669,0.053198,0.052504,0.028658,0.038063,0.037147
0.026456,0.032974,0.046627,0.03557,0.028968,0.02957,0.030585,0.02769,0.048131,0.033471,0.035043,0.053854,0.044799,0.052996,0.045408,0.035888,0.047115,0.041234,0.045327,0.02845,0.02755,0.026352,0.031092,0.038482,0.048143,0.052103,0.031982,0.051577,0.031818,0.03163,0.033168,0.032306,0.034138,0.038467,0.027746,0.042177,0.034135,0.033712,0.033042,0.028344
0.028002,0.042002,0.037156,0.026446,0.027342,0.038788,0.04617,0.048942,0.041425,0.034495,0.030526,0.026436,0.040994,0.027032,0.03239,0.040227,0.029289,0.045175,0.036439,0.029552,0.040558,0.037415,0.027313,0.028584,0.044365,0.035182,0.027007,0.028118,0.036035,0.034747,0.035468,0.029117,0.032338,0.035659,0.052594,0.02692,0.043277,0.027741,0.048942,0.030202
0.031255,0.04548,0.027011,0.049883,0.048959,0.02868,0.040236,0.029319,0.033691,0.036287,0.047879,0.042339,0.042247,0.04805,0.032833,0.033556,0.031737,0.038883,0.028217,0.043323,0.02721,0.046484,0.037691,0.029336,0.03696,0.028655,0.028568,0.026387,0.034502,0.028484,0.034003,0.037636,0.051981,0.026882,0.027483,0.0272,0.031846,0.027664,0.031631,0.028012
0.026658,0.026997,0.038301,0.032242,0.040317,0.052115,0.026421,0.041538,0.035213,0.026383,0.032225,0.046798,0.033413,0.036183,0.045528,0.0386,0.048826,0.050109,0.028675,0.028793,0.027934,0.028219,0.03799,0.05166,0.027997,0.03406,0.051651,0.04634,0.038681,0.051231,0.027392,0.034554,0.030565,0.039923,0.028786,0.035058,0.038527,0.028053,0.048687,0.033991
0.029738,0.03833,0.047914,0.034175,0.048493,0.030543,0.038891,0.047943,0.049273,0.034875,0.031831,0.029044,0.027298,0.033561,0.030196,0.030885,0.029903,0.040888,0.043588,0.027603,0.026474,0.036248,0.027255,0.036023,0.029402,0.037093,0.032866,0.037025,0.031851,0.030619,0.03565,0.030033,0.032592,0.038194,0.027682,0.033446,0.028434,0.026851,0.028169,0.02825
0.026022,0.028431,0.026715,0.025944,0.03564,0.027006,0.039782,0.027955,0.045793,0.026464,0.036828,0.026749,0.037113,0.030333,0.029157,0.039456,0.04459,0.041995,0.043378,0.030433,0.039172,0.030367,0.035524,0.033505,0.047652,0.031777,0.035612,0.033537,0.032743,0.033445,0.029488,0.041217,0.027328,0.037799,0.028871,0.032387,0.044321,0.035992,0.029332,0.028352
0.028677,0.040113,0.026765,0.035339,0.03568,0.029045,0.039875,0.02622,0.037489,0.035419,0.048303,0.030181,0.038147,0.029315,0.03135,0.039194,0.038998,0.026295,0.02966,0.037822,0.048486,0.042212,0.027264,0.031967,0.028499,0.033712,0.036965,0.028442,0.039462,0.028897,0.036635,0.036443,0.028085,0.031894,0.038258,0.029771,0.035366,0.034841,0.032291,0.037287
0.028763,0.037729,0.025956,0.037063,0.034173,0.033796,0.028993,0.031559,0.03805,0.04896,0.035783,0.03576,0.027917,0.033201,0.031304,0.045726,0.025646,0.027886,0.036659,0.03133,0.034667,0.031017,0.027031,0.026869,0.031015,0.033848,0.032664,0.028414,0.031993,0.026852,0.029723,0.037698,0.029791,0.033208,0.037941,0.028338,0.034448,0.034467,0.034334,0.027355
0.032286,0.034486,0.028802,0.026571,0.031656,0.029981,0.037589,0.030992,0.03416,0.032783,0.034563,0.037039,0.04228,0.027533,0.026389,0.030192,0.036842,0.036569,0.02904,0.035016,0.029008,0.037341,0.029991,0.03575,0.03471,0.029917,0.036432,0.031008,0.036924,0.037333,0.027445,0.036693,0.033049,0.027865,0.040005,0.029628,0.054205,0.029248,0.034245,0.034657
0.028467,0.033276,0.029728,0.039987,0.027739,0.038851,0.028477,0.044122,0.028259,0.029881,0.03404,0.029438,0.039297,0.033887,0.036248,0.02606,0.034571,0.032259,0.039215,0.035083,0.026148,0.033222,0.039039,0.027731,0.032964,0.031372,0.039601,0.02888,0.036383,0.034258,0.034252,0.030945,0.028596,0.038153,0.035148,0.034903,0.028319,0.034002,0.030185,0.037826
0.028943,0.026595,0.027394,0.037419,0.02703,0.030134,0.039451,0.035773,0.035005,0.035002,0.025658,0.029705,0.040399,0.05542,0.02682,0.029006,0.033829,0.03695,0.042155,0.026587,0.028636,0.041532,0.030684,0.031522,0.027604,0.042021,0.037274,0.033018,0.026784,0.030213,0.052608,0.028037,0.037036,0.029214,0.038147,0.02894,0.03477,0.037336,0.028026,0.037478
0.029339,0.037809,0.028619,0.037821,0.045065,0.041068,0.027325,0.033092,0.034669,0.028426,0.042318,0.026305,0.037408,0.029411,0.036015,0.031999,0.036929,0.036258,0.035486,0.027149,0.030158,0.037994,0.028531,0.039059,0.028689,0.039615,0.045296,0.035697,0.036225,0.026767,0.034728,0.028692,0.040175,0.036848,0.026528,0.034543,0.035169,0.028275,0.037426,0.027786
0.03971,0.034125,0.048271,0.030205,0.043705,0.026385,0.028874,0.037443,0.030128,0.038153,0.027236,0.02825,0.027064,0.038641,0.037964,0.028427,0.027564,0.029501,0.038622,0.028927,0.039255,0.033936,0.029579,0.030535,0.042421,0.026736,0.052678,0.027806,0.03615,0.028624,0.03562,0.038238,0.049664,0.029444,0.037088,0.028647,0.034623,0.038982,0.034869,0.025274
0.037057,0.028051,0.040595,0.027818,0.031866,0.036208,0.037636,0.036466,0.028247,0.027599,0.039025,0.027548,0.035652,0.033674,0.032517,0.039606,0.028001,0.02889,0.039041,0.037162,0.02834,0.033298,0.032001,0.037893,0.048106,0.033648,0.029807,0.04144,0.035399,0.026607,0.036066,0.028535,0.03051,0.042959,0.030537,0.02688,0.027974,0.026724,0.0283,0.038681
0.03001,0.035011,0.033405,0.031868,0.033171,0.036509,0.045017,0.038432,0.036382,0.026259,0.031829,0.037774,0.037238,0.026225,0.034948,0.029431,0.03947,0.037272,0.027365,0.031338,0.040011,0.027339,0.03479,0.033881,0.028664,0.039633,0.029822,0.034988,0.033172,0.033505,0.033293,0.031688,0.040325,0.050221,0.026464,0.032066,0.037333,0.029118,0.040136,0.026628
0.030712,0.027545,0.031047,0.027341,0.037828,0.032014,0.030312,0.035354,0.032634,0.037511,0.027971,0.0369,0.047272,0.031987,0.03707,0.037743,0.026477,0.031258,0.039695,0.027483,0.039035,0.029526,0.03256,0.039814,0.030108,0.029957,0.031279,0.039105,0.034525,0.028859,0.030729,0.0413,0.03928,0.026518,0.027877,0.037195,0.034407,0.028593,0.036097,0.03114
0.032308,0.036474,0.044925,0.027886,0.025731,0.036223,0.03286,0.027521,0.041002,0.028455,0.033693,0.030073,0.037017,0.029949,0.039851,0.035938,0.03442,0.026622,0.031381,0.027824,0.030288,0.03115,0.032983,0.027488,0.036686,0.041119,0.036108,0.031644,0.026786,0.027109,0.038759,0.035273,0.028076,0.033433,0.038376,0.027503,0.036283,0.028876,0.03801,0.034665
0.035445,0.026348,0.040171,0.027235,0.035026,0.039493,0.026569,0.033698,0.041655,0.026479,0.028379,0.036892,0.036687,0.037771,0.033476,0.027002,0.044124,0.027373,0.026068,0.037695,0.027375,0.037857,0.027755,0.028372,0.02709,0.027726,0.041099,0.026682,0.036214,0.027838,0.040899,0.028158,0.035404,0.032326,0.036742,0.029515,0.040679,0.027514,0.035758,0.028233
0.038273,0.028525,0.039891,0.027738,0.036382,0.035123,0.028085,0.035095,0.032329,0.034718,0.033988,0.034469,0.02725,0.040274,0.028378,0.039902,0.027589,0.035627,0.033586,0.031815,0.028034,0.042894,0.047436,0.029509,0.037495,0.032111,0.035042,0.03032,0.037504,0.028141,0.028511,0.026836,0.027856,0.037242,0.030071,0.039481,0.029353,0.03312,0.038652,0.027803
0.032588,0.043272,0.025685,0.028876,0.040745,0.035126,0.026408,0.030866,0.039766,0.034808,0.027468,0.029448,0.039503,0.033319,0.03332,0.034674,0.026789,0.02682,0.025071,0.036325,0.028686,0.039479,0.027744,0.036373,0.029511,0.027831,0.026409,0.036324,0.029756,0.031756,0.035182,0.028372,0.04075,0.027369,0.035511,0.033294,0.032826,0.034142,0.035281,0.037538
0.027061,0.037973,0.026499,0.036697,0.028843,0.041252,0.029217,0.032606,0.030162,0.039032,0.037141,0.033948,0.027883,0.028918,0.040222,0.028366,0.034073,0.030957,0.038553,0.049863,0.028741,0.039009,0.027276,0.038452,0.028945,0.037139,0.031954,0.031185,0.033755,0.037143,0.027725,0.039128,0.028126,0.037289,0.028949,0.04212,0.026258,0.03672,0.030571,0.037142
0.028621,0.03384,0.039198,0.027075,0.0362,0.029141,0.035205,0.034074,0.030143,0.036715,0.030456,0.037151,0.032027,0.035438,0.027811,0.036853,0.03256,0.034614,0.046772,0.027073,0.037202,0.026613,0.02728,0.034533,0.035078,0.031627,0.032281,0.036983,0.030129,0.041019,0.027446,0.030407,0.033931,0.03454,0.037167,0.026086,0.027644,0.025993,0.032025,0.031728
0.033914,0.029035,0.028349,0.032853,0.032166,0.027492,0.037406,0.027853,0.045395,0.027147,0.030378,0.03299,0.036455,0.048308,0.028982,0.04031,0.027152,0.0414,0.02681,0.035285,0.033709,0.032982,0.02961,0.038109,0.029034,0.038898,0.028411,0.035089,0.040158,0.033401,0.025922,0.030346,0.039178,0.029794,0.038192,0.030368,0.030645,0.039942,0.034292,0.026995
0.035421,0.029442,0.039512,0.03567,0.026377,0.035942,0.028512,0.040277,0.027812,0.035343,0.031589,0.037195,0.036793,0.026811,0.036676,0.029238,0.037014,0.031876,0.033664,0.034867,0.032494,0.030263,0.034908,0.030998,0.036983,0.041494,0.026756,0.032785,0.029555,0.038224,0.036093,0.033475,0.037756,0.026867,0.027724,0.035952,0.030048,0.037158,0.034545,0.028522
0.036591,0.028214,0.045596,0.026397,0.029116,0.036364,0.035401,0.029048,0.037224,0.027359,0.042731,0.029427,0.035912,0.035954,0.036426,0.029789,0.026065,0.034964,0.032059,0.031307,0.03685,0.029177,0.035517,0.033746,0.031735,0.040188,0.027344,0.034243,0.030155,0.027285,0.02598,0.039095,0.031824,0.033438,0.027104,0.027399,0.026611,0.037989,0.030139,0.033236
0.027271,0.031982,0.038322,0.030325,0.039645,0.027129,0.034946,0.03351,0.032066,0.039624,0.035573,0.026483,0.035539,0.028437,0.036811,0.033591,0.04026,0.026834,0.028812,0.034935,0.029646,0.041576,0.036921,0.026289,0.033092,0.034932,0.036091,0.027126,0.036662,0.030206,0.02739,0.026804,0.045153,0.036152,0.034552,0.027954,0.041535,0.032696,0.027467,0.036676
0.036483,0.035144,0.035827,0.026124,0.036303,0.027239,0.033541,0.030733,0.035421,0.039199,0.026574,0.035866,0.037629,0.038527,0.027213,0.027483,0.038768,0.027711,0.02779,0.036325,0.028839,0.026781,0.039966,0.026383,0.034789,0.02805,0.041614,0.027488,0.035379,0.02963,0.040036,0.027546,0.03797,0.039732,0.026766,0.032618,0.052054,0.034889,0.036263,0.037685
0.026772,0.033782,0.026775,0.032246,0.033149,0.038395,0.027539,0.041248,0.026362,0.034898,0.031795,0.030806,0.027246,0.026643,0.029902,0.040675,0.031799,0.028242,0.039188,0.03093,0.041308,0.032213,0.037199,0.026318,0.027673,0.027786,0.02824,0.037838,0.027687,0.027629,0.035216,0.02938,0.039859,0.029008,0.036945,0.033918,0.031507,0.030656,0.035969,0.031736
