0.053814,0.047836,0.044718,0.048044,0.048297,0.044131,0.052296,0.046324,0.043466,0.0433,0.044868,0.043749,0.044059,0.043777,0.048351,0.047987,0.045578,0.044056,0.045169,0.044767,0.050317,0.045321,0.051393,0.045214,0.047397,0.050048,0.04932,0.045186,0.045755,0.043915,0.0453,0.046544,0.049647,0.046777,0.044286,0.050409,0.049171,0.045397,0.048871,0.053011
0.032371,0.029482,0.03643,0.035503,0.035575,0.036828,0.036776,0.035102,0.030131,0.036735,0.027913,0.030084,0.035801,0.029924,0.041268,0.046667,0.027903,0.044958,0.030756,0.029489,0.036858,0.054717,0.039497,0.03614,0.032547,0.031969,0.03874,0.028462,0.028306,0.039585,0.028976,0.035247,0.035755,0.029692,0.030533,0.038524,0.028698,0.037327,0.028545,0.036328
0.034704,0.032339,0.030716,0.037649,0.039327,0.029959,0.043854,0.036255,0.036778,0.035659,0.029713,0.027316,0.037511,0.025186,0.038298,0.028946,0.044588,0.031513,0.029858,0.033991,0.031363,0.031763,0.035754,0.037412,0.029366,0.029187,0.043369,0.027158,0.03677,0.025072,0.038855,0.034728,0.031869,0.026081,0.040255,0.034758,0.024788,0.037693,0.029571,0.040408
0.024606,0.036178,0.033773,0.036242,0.03126,0.038271,0.024048,0.034252,0.039533,0.028191,0.039439,0.035318,0.024703,0.040311,0.025552,0.039294,0.035814,0.031894,0.028668,0.044763,0.036268,0.024633,0.027003,0.039292,0.025494,0.042852,0.032228,0.024735,0.041858,0.026139,0.041626,0.029308,0.034994,0.032876,0.031907,0.035143,0.034549,0.038917,0.033364,0.039907
0.03922,0.023995,0.035372,0.034706,0.03773,0.03399,0.02521,0.038643,0.028918,0.037016,0.032174,0.037644,0.025083,0.035903,0.042203,0.029735,0.047122,0.037542,0.026337,0.037007,0.03213,0.042484,0.045492,0.023854,0.035182,0.035067,0.033758,0.036881,0.025179,0.04278,0.02342,0.041552,0.026158,0.043163,0.033192,0.024528,0.038486,0.036912,0.030888,0.036216
0.026096,0.036778,0.036731,0.027211,0.033701,0.033548,0.034272,0.029896,0.034132,0.036208,0.033987,0.034701,0.028012,0.035797,0.032911,0.036279,0.030592,0.032887,0.034778,0.031661,0.031356,0.02489,0.025674,0.034072,0.033968,0.035768,0.034317,0.033465,0.028374,0.041779,0.02299,0.038303,0.031328,0.036223,0.032176,0.027574,0.036198,0.036159,0.03218,0.036922
0.032708,0.024396,0.03831,0.035651,0.036039,0.027562,0.030343,0.037863,0.033548,0.035955,0.027843,0.036724,0.034042,0.032121,0.033545,0.029944,0.035942,0.035549,0.029745,0.036394,0.026072,0.039777,0.035098,0.037127,0.026628,0.03425,0.03548,0.033919,0.032621,0.0308,0.036891,0.031638,0.033739,0.031953,0.033151,0.032933,0.034367,0.031188,0.0379,0.026873
0.046325,0.041887,0.033619,0.034818,0.023111,0.040335,0.033828,0.032248,0.031366,0.034906,0.03339,0.035311,0.034438,0.032732,0.032793,0.03401,0.032123,0.036215,0.026955,0.039967,0.031212,0.032515,0.036972,0.027957,0.034275,0.035869,0.028845,0.038782,0.024479,0.040556,0.029533,0.037675,0.030798,0.033707,0.036066,0.036061,0.026879,0.036354,0.026077,0.041142
0.028762,0.039361,0.024261,0.03919,0.027846,0.037078,0.03304,0.034415,0.034938,0.027207,0.038826,0.031753,0.036462,0.026495,0.042638,0.024263,0.037756,0.030813,0.035386,0.030586,0.037149,0.03431,0.034323,0.028183,0.035795,0.03448,0.035756,0.02293,0.038662,0.035903,0.034523,0.024615,0.037596,0.035722,0.034923,0.030737,0.031606,0.034076,0.035029,0.034382
0.030145,0.033186,0.035786,0.033788,0.029888,0.032809,0.036318,0.03636,0.023968,0.036039,0.036421,0.034487,0.031553,0.031135,0.054564,0.029573,0.03454,0.034469,0.035623,0.026481,0.041452,0.025892,0.03813,0.033451,0.030806,0.036197,0.033946,0.02501,0.041786,0.02729,0.036527,0.034906,0.032075,0.03039,0.034545,0.035152,0.03432,0.034119,0.028038,0.03683
0.035769,0.033264,0.027511,0.034981,0.041245,0.029539,0.02729,0.035047,0.034889,0.032476,0.030037,0.040803,0.02354,0.041968,0.029889,0.036453,0.030709,0.034172,0.033415,0.035607,0.030062,0.033479,0.033903,0.035776,0.027874,0.034795,0.033658,0.036667,0.033658,0.028886,0.038021,0.025649,0.041116,0.027907,0.039805,0.031254,0.033101,0.03349,0.026979,0.037599
0.033428,0.033401,0.032827,0.033627,0.039139,0.021859,0.0361,0.040457,0.042523,0.035446,0.034648,0.035709,0.029935,0.034033,0.035151,0.033501,0.029076,0.022441,0.029798,0.034156,0.03535,0.027955,0.036088,0.034538,0.027542,0.042642,0.030661,0.032213,0.034648,0.032734,0.036849,0.042296,0.021618,0.023259,0.021387,0.037574,0.032614,0.030904,0.034947,0.033515
0.035825,0.031885,0.033497,0.033487,0.034278,0.028292,0.034097,0.042069,0.048268,0.041691,0.037936,0.031427,0.036721,0.029275,0.033309,0.03428,0.034621,0.034912,0.028296,0.033077,0.03607,0.033629,0.036419,0.030921,0.032418,0.035281,0.034216,0.030952,0.034749,0.032254,0.032321,0.032907,0.036117,0.025488,0.039638,0.033243,0.030276,0.040869,0.028533,0.034049
0.031828,0.033135,0.038098,0.024345,0.0411,0.027356,0.041445,0.02827,0.03399,0.031166,0.035243,0.031819,0.03543,0.034956,0.029285,0.038747,0.02345,0.041235,0.027995,0.035213,0.035508,0.032293,0.033992,0.034151,0.026521,0.039202,0.034158,0.034486,0.031283,0.03407,0.032954,0.028643,0.041419,0.026275,0.037166,0.032029,0.034831,0.031048,0.034545,0.034427
0.035654,0.029728,0.033294,0.033364,0.035416,0.031524,0.031825,0.034833,0.033743,0.034547,0.03216,0.033016,0.033581,0.033029,0.034719,0.030142,0.032822,0.021692,0.035209,0.023714,0.039291,0.031839,0.032304,0.042447,0.022513,0.037926,0.031414,0.032867,0.033331,0.040295,0.043211,0.035014,0.031301,0.038992,0.028862,0.033672,0.035439,0.032986,0.027779,0.02222
0.028176,0.042292,0.042237,0.035244,0.041876,0.042301,0.032427,0.035403,0.030076,0.033494,0.034824,0.03246,0.034646,0.027873,0.033169,0.039435,0.03015,0.032667,0.034662,0.035179,0.034903,0.027815,0.03521,0.034577,0.033575,0.033264,0.030637,0.035247,0.034653,0.033917,0.029938,0.033421,0.035181,0.024259,0.021966,0.037835,0.02728,0.036071,0.03045,0.042779
0.025008,0.039945,0.028822,0.03411,0.035248,0.033711,0.033553,0.029866,0.029793,0.04176,0.028583,0.036578,0.034819,0.025071,0.040843,0.028214,0.035869,0.040606,0.040836,0.042031,0.029461,0.029261,0.039242,0.024483,0.038822,0.03418,0.030796,0.033176,0.035124,0.032306,0.032909,0.032376,0.030307,0.038679,0.033393,0.031703,0.03562,0.032454,0.032857,0.035124
0.028806,0.034237,0.035586,0.033867,0.026966,0.037776,0.035187,0.033153,0.03292,0.030532,0.041754,0.028407,0.033556,0.029441,0.034198,0.035006,0.035861,0.033306,0.029374,0.029127,0.039413,0.034761,0.03059,0.031683,0.035809,0.035854,0.027913,0.035425,0.039076,0.023238,0.03478,0.04018,0.025509,0.038707,0.033174,0.032974,0.036752,0.023518,0.040691,0.022036
0.033504,0.029059,0.027972,0.032972,0.036164,0.033527,0.036337,0.037936,0.025545,0.035277,0.032247,0.03234,0.031545,0.034452,0.03483,0.03561,0.02909,0.029734,0.039104,0.034306,0.035124,0.026985,0.035367,0.034776,0.033144,0.034305,0.029107,0.036633,0.034365,0.035196,0.025534,0.043555,0.021822,0.035256,0.034419,0.034869,0.035334,0.034499,0.029237,0.036138
0.03228,0.033879,0.03493,0.029877,0.039404,0.028744,0.034218,0.031628,0.033863,0.035015,0.030452,0.029731,0.042302,0.027159,0.035805,0.033571,0.034391,0.029434,0.035162,0.033814,0.035353,0.034234,0.029008,0.035813,0.034426,0.028476,0.039681,0.031349,0.030702,0.035216,0.029485,0.034584,0.041166,0.023238,0.039547,0.029655,0.033697,0.03572,0.02825,0.041219
0.024298,0.021937,0.037279,0.028288,0.034476,0.033509,0.032707,0.030672,0.035448,0.03467,0.034579,0.030071,0.034413,0.040521,0.021935,0.040644,0.025057,0.037526,0.035805,0.031517,0.033952,0.034715,0.031968,0.033388,0.030574,0.033994,0.03529,0.027249,0.041837,0.031836,0.030376,0.035534,0.033258,0.034929,0.030165,0.03381,0.035585,0.032496,0.032654,0.034229
0.033843,0.033851,0.029725,0.034057,0.034653,0.033673,0.028067,0.034953,0.041989,0.028198,0.041475,0.021923,0.034405,0.034026,0.035249,0.038212,0.025362,0.034961,0.035132,0.034711,0.030599,0.032582,0.039793,0.021552,0.042452,0.027649,0.035095,0.035165,0.034758,0.028346,0.035325,0.032654,0.035996,0.035278,0.027838,0.03403,0.035442,0.034591,0.031387,0.033737
0.032873,0.039429,0.030581,0.030231,0.033957,0.038316,0.029687,0.030938,0.031401,0.042374,0.023089,0.042413,0.021909,0.045201,0.041799,0.040851,0.028709,0.03503,0.03488,0.023552,0.041172,0.028549,0.037279,0.031089,0.03422,0.033652,0.033885,0.031935,0.038382,0.022668,0.052411,0.021978,0.029918,0.033729,0.035793,0.0312,0.032711,0.033017,0.041608,0.022928
0.039243,0.038396,0.02729,0.032765,0.035583,0.030756,0.034236,0.032959,0.034417,0.028705,0.034735,0.040054,0.029108,0.037919,0.023254,0.037613,0.034253,0.032798,0.035703,0.027665,0.041889,0.03196,0.02859,0.032124,0.040298,0.031242,0.025699,0.041483,0.027215,0.03407,0.03714,0.032193,0.031921,0.032929,0.033717,0.035671,0.022288,0.027943,0.031118,0.022235
0.033114,0.032141,0.028233,0.037514,0.028524,0.036326,0.034713,0.030402,0.024365,0.030358,0.024093,0.037798,0.03541,0.030714,0.033854,0.030904,0.036887,0.022582,0.021489,0.035468,0.03188,0.03569,0.035068,0.037109,0.024643,0.035208,0.035255,0.035832,0.033978,0.034634,0.034182,0.026326,0.0408,0.029025,0.030631,0.034982,0.033923,0.034665,0.032993,0.032155
0.030645,0.037256,0.032023,0.035988,0.035699,0.023913,0.039504,0.032212,0.035062,0.029138,0.036955,0.031101,0.035787,0.030731,0.035039,0.032537,0.034481,0.031929,0.031741,0.036259,0.034798,0.034755,0.027314,0.034807,0.0347,0.035054,0.028958,0.033994,0.034572,0.036034,0.029295,0.033583,0.034584,0.033408,0.029573,0.034754,0.035568,0.034126,0.03272,0.034155
0.030573,0.033982,0.036147,0.02734,0.034236,0.035515,0.03488,0.035767,0.027452,0.040286,0.023734,0.041245,0.032976,0.031172,0.032108,0.03545,0.035205,0.033232,0.02698,0.037973,0.032975,0.035084,0.030097,0.03387,0.034519,0.032557,0.034078,0.030759,0.034555,0.035432,0.03455,0.029213,0.035045,0.033946,0.032306,0.035717,0.029751,0.035489,0.034664,0.029779
0.03738,0.027374,0.036586,0.034011,0.033813,0.030082,0.032891,0.037409,0.032847,0.033269,0.032923,0.021915,0.023846,0.035621,0.034891,0.0342,0.032686,0.034185,0.030944,0.035828,0.031712,0.031596,0.034077,0.035251,0.032091,0.033598,0.036107,0.03683,0.022523,0.034985,0.034915,0.040468,0.023713,0.038577,0.029504,0.033795,0.036164,0.034075,0.035266,0.033559
0.024329,0.039534,0.034431,0.030195,0.032849,0.037842,0.028063,0.031989,0.039664,0.035663,0.022672,0.04202,0.030762,0.033514,0.038785,0.021839,0.034577,0.03603,0.033917,0.035103,0.034196,0.031728,0.033703,0.033471,0.033558,0.03536,0.028138,0.034458,0.035378,0.037343,0.032035,0.029855,0.033145,0.035332,0.029807,0.037114,0.031631,0.032774,0.034786,0.029552
0.034343,0.03592,0.033499,0.031357,0.032104,0.03503,0.02231,0.027826,0.033519,0.034369,0.034491,0.02862,0.041325,0.023986,0.039386,0.030955,0.033822,0.03299,0.034703,0.03021,0.03708,0.02686,0.038267,0.034734,0.031826,0.031675,0.021054,0.029333,0.036201,0.031088,0.041053,0.022058,0.035633,0.034514,0.034782,0.034835,0.030354,0.035078,0.034675,0.028975
0.03638,0.03049,0.039519,0.021764,0.04454,0.023329,0.043804,0.02792,0.037442,0.02431,0.03758,0.039825,0.022939,0.041713,0.030123,0.031953,0.034697,0.033468,0.036808,0.028012,0.034567,0.034553,0.034677,0.027804,0.040449,0.029489,0.035355,0.029541,0.037905,0.024654,0.04054,0.028178,0.039986,0.031556,0.029636,0.037895,0.030895,0.034384,0.03031,0.036603
0.035173,0.027926,0.034146,0.041039,0.030319,0.030225,0.030853,0.035434,0.035021,0.033608,0.031278,0.035574,0.03277,0.032686,0.034562,0.029091,0.035045,0.03528,0.034535,0.034439,0.034995,0.024773,0.039215,0.029837,0.038256,0.02452,0.039428,0.034855,0.033079,0.024793,0.02826,0.022938,0.037023,0.023273,0.026355,0.024391,0.025875,0.022166,0.031448,0.028793
0.034811,0.034547,0.035111,0.028002,0.034643,0.034364,0.041252,0.021196,0.034917,0.036493,0.033774,0.033153,0.034361,0.032689,0.027759,0.039628,0.03066,0.029639,0.038,0.033555,0.030688,0.039698,0.033891,0.024943,0.038657,0.03469,0.030673,0.034969,0.030455,0.037041,0.029405,0.033893,0.034374,0.03424,0.035839,0.028006,0.040315,0.035009,0.022841,0.034461
0.034439,0.034247,0.035624,0.034476,0.028774,0.033952,0.035298,0.032814,0.034766,0.030533,0.034731,0.034617,0.032142,0.03546,0.028464,0.0368,0.033065,0.030364,0.029773,0.045198,0.023217,0.039361,0.030203,0.040428,0.021999,0.040305,0.028973,0.035578,0.032094,0.037096,0.029658,0.035828,0.032523,0.034083,0.034538,0.031094,0.032658,0.035537,0.031612,0.039138
0.021945,0.039351,0.033091,0.029004,0.040912,0.027106,0.036336,0.034525,0.031257,0.034588,0.027961,0.039861,0.032348,0.033659,0.03052,0.034423,0.036642,0.033472,0.029833,0.032407,0.035672,0.033988,0.033772,0.028235,0.021213,0.035154,0.030302,0.033695,0.035158,0.034092,0.026619,0.037137,0.03394,0.033756,0.034929,0.026317,0.038149,0.034526,0.035069,0.028274
0.040622,0.028148,0.027491,0.035601,0.036631,0.039691,0.023386,0.034515,0.033733,0.034395,0.034934,0.032503,0.028857,0.036353,0.034762,0.036001,0.031633,0.029893,0.02244,0.028647,0.03563,0.033901,0.037082,0.022774,0.044087,0.024355,0.037888,0.035462,0.027878,0.03426,0.032807,0.037147,0.030786,0.032773,0.035512,0.033469,0.031725,0.034509,0.032971,0.03658
0.023921,0.042195,0.028413,0.040951,0.024328,0.038562,0.030287,0.036467,0.032633,0.032307,0.03532,0.028125,0.035057,0.03548,0.035166,0.031984,0.026678,0.044294,0.021967,0.035537,0.040001,0.028869,0.03563,0.03309,0.033237,0.033127,0.0326,0.033821,0.032877,0.031503,0.036937,0.028988,0.038237,0.022977,0.021902,0.039021,0.030613,0.030828,0.036162,0.028716
0.040992,0.023756,0.022712,0.03772,0.022335,0.036432,0.028692,0.021764,0.036239,0.034337,0.035695,0.028067,0.046758,0.022217,0.035253,0.032795,0.026537,0.039028,0.032191,0.034644,0.029773,0.036311,0.03329,0.034754,0.031176,0.034901,0.035522,0.025145,0.034722,0.041062,0.028989,0.033313,0.034566,0.036896,0.027963,0.040764,0.022295,0.040399,0.026587,0.037202
0.035158,0.027753,0.031516,0.038863,0.034076,0.035001,0.03079,0.034401,0.035483,0.027157,0.033016,0.035172,0.033648,0.035498,0.055233,0.021406,0.023294,0.036207,0.023795,0.041737,0.028501,0.031417,0.038767,0.031379,0.034256,0.030097,0.035492,0.041158,0.029307,0.029083,0.039687,0.028927,0.034514,0.030872,0.038103,0.024405,0.040093,0.034294,0.028963,0.033166
0.03568,0.031912,0.036205,0.031604,0.034808,0.03026,0.036374,0.030859,0.03118,0.036017,0.03552,0.03084,0.034625,0.032759,0.03344,0.036072,0.023992,0.0395,0.034115,0.031885,0.030913,0.03455,0.035474,0.031811,0.036037,0.027586,0.037475,0.034086,0.032802,0.032708,0.031695,0.035811,0.032431,0.03509,0.030508,0.034116,0.034901,0.034089,0.032401,0.031272
