0.057529,0.046183,0.050478,0.044252,0.057758,0.043926,0.05681,0.047783,0.047141,0.051454,0.052506,0.049433,0.051057,0.043136,0.053736,0.048074,0.053303,0.05433,0.043138,0.050044,0.059467,0.048696,0.044139,0.045813,0.057399,0.044958,0.055214,0.04457,0.057171,0.051264,0.051215,0.04507,0.047769,0.046624,0.057126,0.046128,0.052993,0.04674,0.04775,0.051924
0.036245,0.029418,0.034585,0.047783,0.033832,0.039016,0.054954,0.028042,0.03505,0.035757,0.028221,0.028268,0.04313,0.048972,0.044017,0.048884,0.05184,0.029473,0.040003,0.046328,0.048319,0.051459,0.054344,0.028861,0.036287,0.053586,0.031925,0.039646,0.031289,0.030269,0.029534,0.045509,0.029991,0.030429,0.03005,0.028886,0.030282,0.037536,0.050391,0.047928
0.046068,0.048951,0.035879,0.03561,0.046914,0.037025,0.029931,0.051679,0.049847,0.032846,0.047089,0.038313,0.030774,0.044568,0.036921,0.037041,0.036409,0.031206,0.028219,0.036446,0.033183,0.047907,0.052284,0.031436,0.046375,0.044644,0.0361,0.030046,0.026031,0.032888,0.036693,0.047286,0.055481,0.03226,0.044316,0.04281,0.030164,0.027529,0.03627,0.044739
0.038536,0.045133,0.04025,0.050795,0.026643,0.038346,0.044808,0.055071,0.030791,0.041071,0.028879,0.033434,0.035808,0.02846,0.046432,0.040158,0.027733,0.036672,0.034671,0.028463,0.035478,0.047312,0.035347,0.049454,0.051999,0.038519,0.02494,0.05096,0.039558,0.027615,0.041233,0.032062,0.030046,0.027186,0.03777,0.027068,0.027308,0.030269,0.045743,0.033255
0.047736,0.035768,0.048062,0.034752,0.03863,0.045563,0.035002,0.029342,0.033392,0.032848,0.042897,0.029706,0.033754,0.03105,0.026938,0.02309,0.031474,0.037635,0.035585,0.025754,0.033499,0.036441,0.02952,0.03878,0.029842,0.031258,0.038972,0.045071,0.036529,0.030786,0.051668,0.048713,0.048707,0.042034,0.029434,0.029273,0.033822,0.05343,0.033776,0.049805
0.03579,0.0355,0.026657,0.048342,0.048592,0.03511,0.04997,0.057692,0.04792,0.028665,0.032965,0.048689,0.044218,0.040272,0.047557,0.04891,0.04384,0.031763,0.031617,0.028605,0.041261,0.039654,0.041475,0.024259,0.038514,0.047565,0.050556,0.048408,0.039773,0.031697,0.046757,0.036123,0.038874,0.025574,0.039632,0.045512,0.044996,0.033473,0.039718,0.044649
0.041547,0.024004,0.033018,0.03964,0.030448,0.048025,0.038124,0.04831,0.052005,0.02884,0.037379,0.035891,0.026705,0.040558,0.041634,0.033736,0.03558,0.042131,0.04432,0.049987,0.046303,0.034009,0.050211,0.032855,0.048663,0.051696,0.034832,0.030569,0.036833,0.031943,0.032243,0.031154,0.027545,0.023754,0.049383,0.035338,0.047512,0.035275,0.038072,0.023881
0.034375,0.042077,0.038096,0.022882,0.050297,0.050693,0.031977,0.036712,0.029968,0.033969,0.032479,0.035547,0.03331,0.044204,0.02302,0.033492,0.030916,0.050839,0.049744,0.0481,0.036852,0.031011,0.050985,0.042319,0.02311,0.046484,0.022792,0.030975,0.050828,0.036949,0.027001,0.040743,0.02417,0.039894,0.031355,0.05164,0.029537,0.037815,0.044324,0.036059
0.046274,0.035652,0.033849,0.037191,0.031146,0.044246,0.02269,0.045882,0.036759,0.048487,0.034623,0.036193,0.035583,0.02449,0.036798,0.037872,0.031849,0.028842,0.034825,0.047057,0.034419,0.023678,0.027404,0.038284,0.023577,0.030088,0.022441,0.038162,0.031671,0.031585,0.023492,0.024582,0.036529,0.033716,0.033055,0.036537,0.029367,0.044563,0.038686,0.048019
0.039431,0.026372,0.038669,0.035859,0.040223,0.041992,0.025315,0.037979,0.049005,0.04834,0.040595,0.025769,0.03841,0.048172,0.054785,0.023408,0.03384,0.042382,0.024184,0.037964,0.048042,0.04998,0.035144,0.04379,0.028098,0.023561,0.042722,0.027322,0.034966,0.037745,0.024879,0.038042,0.047099,0.036251,0.052346,0.044276,0.040836,0.024205,0.039542,0.030782
0.03434,0.045894,0.04119,0.030471,0.034127,0.038193,0.023713,0.035396,0.042311,0.041184,0.047547,0.041791,0.024015,0.039035,0.029833,0.033659,0.049219,0.035207,0.053732,0.025969,0.038862,0.034665,0.026522,0.037947,0.031786,0.049667,0.054212,0.042419,0.0369,0.047525,0.036303,0.039782,0.024163,0.041554,0.0236,0.037588,0.048856,0.037117,0.033557,0.028685
0.036319,0.045676,0.035854,0.047352,0.042018,0.029648,0.035072,0.028139,0.035835,0.045918,0.023455,0.029561,0.032336,0.03705,0.030265,0.029389,0.023039,0.033754,0.029296,0.036945,0.031319,0.034131,0.03177,0.037865,0.027739,0.040232,0.024282,0.039974,0.032223,0.027898,0.038619,0.047465,0.048002,0.023006,0.025664,0.042484,0.024378,0.03929,0.035585,0.028214
0.037471,0.026578,0.039092,0.032405,0.026019,0.039152,0.048792,0.054224,0.026601,0.043634,0.021806,0.041765,0.029886,0.034805,0.030985,0.051036,0.048571,0.050411,0.035576,0.036905,0.024998,0.040583,0.029062,0.034623,0.034217,0.031553,0.052344,0.030196,0.03557,0.029917,0.035807,0.03491,0.030622,0.046509,0.035876,0.034677,0.054206,0.025936,0.038512,0.039556
0.025277,0.053485,0.02738,0.035546,0.03534,0.028604,0.032664,0.035743,0.04531,0.039156,0.047795,0.035869,0.048109,0.05398,0.042725,0.035898,0.040484,0.030768,0.030063,0.036589,0.027094,0.022598,0.0367,0.023671,0.022732,0.030755,0.023079,0.023868,0.023355,0.027922,0.023165,0.032881,0.028554,0.02303,0.043451,0.02356,0.024029,0.033307,0.038531,0.034879
0.030829,0.037466,0.025633,0.037797,0.036489,0.024082,0.041911,0.026285,0.031819,0.03516,0.042263,0.02857,0.03152,0.050389,0.049107,0.049066,0.035605,0.053055,0.026238,0.038956,0.02888,0.033156,0.035555,0.04855,0.048797,0.036221,0.039941,0.023043,0.022863,0.028732,0.024411,0.029038,0.032003,0.034508,0.030831,0.032652,0.036532,0.048854,0.047818,0.040772
0.023312,0.032734,0.036711,0.033423,0.035883,0.043753,0.039996,0.048528,0.035788,0.031207,0.052085,0.025674,0.022067,0.037213,0.029673,0.031312,0.032118,0.022562,0.029845,0.034278,0.032956,0.022022,0.02378,0.039687,0.03043,0.031096,0.025613,0.024031,0.03645,0.047708,0.022479,0.02954,0.033703,0.032343,0.036436,0.031567,0.050849,0.036337,0.024035,0.037843
0.047436,0.035887,0.033473,0.049672,0.049093,0.03556,0.034878,0.031869,0.051371,0.031402,0.037585,0.03565,0.023024,0.038506,0.030818,0.033809,0.041493,0.021859,0.033816,0.040283,0.042671,0.03526,0.035447,0.039788,0.031599,0.03276,0.026009,0.036984,0.032827,0.03676,0.02779,0.03918,0.024822,0.034887,0.034591,0.034921,0.034905,0.03535,0.03167,0.028962
0.03899,0.026061,0.042378,0.033182,0.029835,0.029177,0.036708,0.035758,0.026708,0.042784,0.022299,0.041415,0.028981,0.034605,0.034436,0.03515,0.029248,0.033307,0.042178,0.023236,0.035498,0.030494,0.042042,0.042632,0.035503,0.04856,0.039855,0.022994,0.041306,0.030383,0.034011,0.032143,0.035446,0.029372,0.042414,0.033217,0.024694,0.032635,0.034718,0.034525
0.032677,0.037927,0.031408,0.030882,0.034399,0.035757,0.030905,0.033947,0.030955,0.034781,0.048935,0.03674,0.029248,0.035976,0.031178,0.035536,0.031008,0.037515,0.028889,0.034711,0.03401,0.049353,0.035476,0.035366,0.027627,0.032393,0.036407,0.036933,0.028589,0.034957,0.039332,0.022923,0.038247,0.030273,0.022433,0.028581,0.032963,0.037841,0.032059,0.030744
0.03245,0.033999,0.035021,0.031675,0.034354,0.031367,0.054968,0.026893,0.03568,0.035167,0.033034,0.031377,0.031572,0.022,0.027355,0.036662,0.032113,0.036295,0.035235,0.024547,0.03874,0.038054,0.025533,0.035327,0.033554,0.036357,0.03146,0.03158,0.034429,0.040885,0.0232,0.038384,0.02967,0.034223,0.049126,0.040893,0.029376,0.031884,0.029493,0.041241
0.042747,0.035816,0.034867,0.030425,0.037094,0.030842,0.033233,0.033663,0.035312,0.029908,0.034328,0.039492,0.030364,0.02968,0.038131,0.028928,0.035792,0.030616,0.034931,0.036678,0.023578,0.040118,0.030909,0.031998,0.035251,0.036439,0.028916,0.036488,0.031465,0.031489,0.03735,0.033442,0.031289,0.031626,0.03494,0.036749,0.027775,0.035216,0.035771,0.028181
0.038776,0.036267,0.028821,0.032513,0.028151,0.036382,0.035162,0.036005,0.029077,0.036943,0.031733,0.040665,0.021671,0.039689,0.029068,0.035713,0.031901,0.035404,0.030215,0.039571,0.024929,0.032578,0.041837,0.028551,0.040323,0.029979,0.028372,0.02197,0.02861,0.022403,0.026007,0.024922,0.023093,0.023004,0.029055,0.023266,0.03153,0.02683,0.023567,0.032558
0.028766,0.037612,0.033243,0.033019,0.03672,0.025245,0.037953,0.035637,0.029191,0.033943,0.034248,0.032591,0.03678,0.029687,0.034252,0.036661,0.026196,0.043233,0.023436,0.037573,0.031607,0.03672,0.02895,0.035633,0.041366,0.022167,0.03881,0.043598,0.042049,0.032295,0.030228,0.035559,0.031308,0.028146,0.038255,0.034149,0.033337,0.031632,0.031838,0.049764
0.035448,0.031518,0.036218,0.029793,0.033069,0.036652,0.035013,0.03113,0.033159,0.036422,0.028304,0.036185,0.031743,0.037239,0.034123,0.025472,0.034691,0.034253,0.035043,0.032724,0.03643,0.035192,0.030914,0.032102,0.03097,0.031709,0.033957,0.036378,0.039754,0.023342,0.033655,0.035715,0.035155,0.031114,0.034686,0.027949,0.037532,0.0357,0.030278,0.038642
0.023991,0.038776,0.03604,0.027397,0.034244,0.035452,0.047562,0.035639,0.027909,0.041344,0.032216,0.032248,0.031688,0.034557,0.031875,0.032101,0.03572,0.052952,0.026575,0.037992,0.030121,0.035213,0.033805,0.031911,0.038633,0.0271,0.039013,0.025048,0.039916,0.031161,0.03317,0.039546,0.028169,0.033994,0.030447,0.034947,0.034325,0.031928,0.023274,0.021496
0.022718,0.046479,0.024318,0.02858,0.023339,0.022322,0.021457,0.023347,0.023543,0.026693,0.027674,0.030543,0.022283,0.024377,0.037237,0.035479,0.032052,0.036393,0.02598,0.031865,0.039257,0.049236,0.04874,0.047219,0.037588,0.041367,0.021775,0.030894,0.03826,0.034613,0.036169,0.031004,0.033539,0.035114,0.029765,0.039715,0.024291,0.035279,0.049344,0.048932
0.030766,0.022314,0.051486,0.033776,0.027334,0.041869,0.025118,0.039649,0.035103,0.034949,0.022503,0.040116,0.031991,0.028475,0.037378,0.047575,0.036377,0.033837,0.02269,0.032195,0.023695,0.022758,0.033614,0.034651,0.029691,0.034453,0.032973,0.03273,0.03662,0.029898,0.032308,0.039782,0.04258,0.035103,0.036764,0.032306,0.030298,0.032512,0.036629,0.048057
0.049271,0.041846,0.028436,0.027975,0.040701,0.028101,0.033721,0.037083,0.030485,0.034336,0.029855,0.035689,0.03041,0.035141,0.039281,0.029497,0.032112,0.032196,0.031786,0.022627,0.026912,0.036646,0.034097,0.031312,0.032133,0.038662,0.025489,0.038317,0.034415,0.028711,0.035205,0.033661,0.054862,0.042569,0.022157,0.031538,0.033751,0.032218,0.0332,0.033555
0.031861,0.040763,0.023128,0.040346,0.030818,0.03596,0.032179,0.035274,0.033928,0.024579,0.037631,0.034589,0.036043,0.03041,0.030394,0.035962,0.034162,0.029317,0.034736,0.034219,0.049399,0.034334,0.035808,0.029701,0.036331,0.030946,0.035479,0.031685,0.036157,0.048741,0.042659,0.036195,0.040068,0.049282,0.036603,0.02208,0.038778,0.030245,0.033666,0.040702
0.024726,0.03869,0.029478,0.039325,0.044059,0.029587,0.039958,0.02923,0.038262,0.031496,0.033553,0.032916,0.034387,0.037815,0.024292,0.037133,0.035577,0.028431,0.03432,0.032114,0.036607,0.036008,0.03536,0.027425,0.034096,0.035292,0.032788,0.031997,0.032756,0.053932,0.025701,0.038635,0.035325,0.028948,0.032279,0.036614,0.033272,0.035313,0.025575,0.032841
0.039248,0.033346,0.031082,0.032022,0.042836,0.023575,0.038708,0.03192,0.03316,0.038872,0.023207,0.035165,0.030652,0.038515,0.035571,0.029128,0.032991,0.034823,0.048478,0.03531,0.04789,0.036258,0.033337,0.03446,0.025331,0.038705,0.03517,0.02332,0.021824,0.027754,0.022621,0.036784,0.034767,0.034373,0.0296,0.033642,0.042021,0.028325,0.025841,0.037729
0.034905,0.033336,0.036146,0.02812,0.031253,0.021541,0.025777,0.033745,0.027428,0.022998,0.044561,0.029756,0.028204,0.034051,0.023728,0.028946,0.027427,0.033653,0.027157,0.023318,0.038105,0.03935,0.030262,0.027634,0.035121,0.036025,0.034763,0.033003,0.029978,0.032059,0.038029,0.027569,0.038565,0.027339,0.037318,0.032113,0.036777,0.024776,0.044951,0.030101
0.030623,0.03348,0.034257,0.032828,0.035279,0.03104,0.027761,0.039242,0.033706,0.03116,0.037276,0.031536,0.031895,0.034762,0.030154,0.036407,0.033072,0.034156,0.029487,0.0291,0.039573,0.05338,0.026013,0.038644,0.034502,0.029694,0.033673,0.035488,0.029106,0.038524,0.027125,0.038516,0.038494,0.023888,0.034709,0.034236,0.033998,0.036611,0.031336,0.03136
0.033085,0.033071,0.038099,0.028043,0.03437,0.033828,0.028208,0.041461,0.03015,0.033794,0.032318,0.034562,0.027786,0.022588,0.029662,0.034755,0.035292,0.033572,0.031562,0.031756,0.022013,0.030603,0.026767,0.032818,0.02178,0.032887,0.036366,0.034193,0.032918,0.037057,0.024276,0.03803,0.035667,0.028844,0.036225,0.039774,0.028266,0.030454,0.03009,0.042166
0.02913,0.028498,0.033758,0.034385,0.035551,0.033282,0.036548,0.030643,0.031955,0.034433,0.033941,0.030885,0.030615,0.021997,0.032653,0.032421,0.033785,0.035419,0.031819,0.030687,0.033942,0.036352,0.033611,0.030599,0.030833,0.036996,0.049375,0.047666,0.036066,0.042054,0.029213,0.024021,0.037308,0.04134,0.027801,0.031119,0.031946,0.033358,0.04249,0.023019
0.039234,0.033639,0.026816,0.037453,0.033909,0.029931,0.034878,0.034732,0.029552,0.033615,0.032484,0.036268,0.048842,0.042224,0.030314,0.033284,0.032283,0.034251,0.025118,0.036735,0.035195,0.031292,0.034482,0.032551,0.033734,0.0341,0.040693,0.022295,0.037468,0.031753,0.022344,0.031287,0.028853,0.03451,0.0335,0.034042,0.030004,0.040526,0.033833,0.02399
0.040878,0.03462,0.025401,0.037809,0.029768,0.037916,0.025899,0.023054,0.031813,0.031494,0.035816,0.03536,0.031712,0.033984,0.028818,0.038458,0.032147,0.027884,0.036306,0.035169,0.0342,0.030006,0.034638,0.034582,0.034726,0.033536,0.030967,0.032263,0.041089,0.022172,0.034958,0.03076,0.039253,0.053801,0.024091,0.032617,0.0368,0.033735,0.041205,0.022974
0.038869,0.030225,0.033995,0.035282,0.032492,0.034439,0.030345,0.022468,0.034445,0.023995,0.037941,0.035843,0.046609,0.035806,0.039917,0.021986,0.03719,0.033675,0.032195,0.031509,0.034304,0.034866,0.035801,0.028076,0.033428,0.035812,0.053423,0.031018,0.033301,0.032139,0.03177,0.034588,0.034365,0.032395,0.034971,0.032069,0.032156,0.034418,0.035906,0.028703
0.040924,0.022862,0.039018,0.031733,0.034226,0.034414,0.034655,0.031587,0.037287,0.033468,0.024257,0.031575,0.021864,0.034451,0.032836,0.036981,0.030397,0.035418,0.024446,0.040375,0.027036,0.041436,0.028315,0.035764,0.050909,0.048671,0.030936,0.037145,0.030716,0.032867,0.035976,0.034032,0.032598,0.031879,0.032525,0.043012,0.022274,0.036754,0.032456,0.033676
0.036257,0.029339,0.031683,0.035908,0.048815,0.04231,0.028737,0.027774,0.033615,0.035823,0.033715,0.035365,0.031896,0.032347,0.031402,0.050762,0.035337,0.033341,0.0359,0.027845,0.035873,0.031473,0.034109,0.032905,0.038764,0.029707,0.029057,0.040054,0.024882,0.038583,0.033492,0.032283,0.034166,0.039836,0.023157,0.036132,0.052128,0.035403,0.028247,0.033896
