0.089357,0.056439,0.053321,0.062199,0.062775,0.057897,0.052888,0.052718,0.053629,0.060054,0.061012,0.053507,0.053067,0.05537,0.056235,0.055307,0.062778,0.056244,0.058919,0.053777,0.05533,0.056063,0.0587,0.061349,0.065684,0.053455,0.054416,0.067845,0.05438,0.059725,0.05578,0.058115,0.064608,0.055332,0.06438,0.064837,0.05531,0.055548,0.059683,0.057742
0.036288,0.035086,0.034601,0.034903,0.047118,0.035586,0.035564,0.039411,0.039682,0.039326,0.040417,0.035479,0.039133,0.040007,0.042105,0.034385,0.038227,0.038112,0.035339,0.050829,0.038197,0.039808,0.035138,0.065459,0.044719,0.035174,0.042249,0.034247,0.053896,0.038526,0.036584,0.056065,0.036888,0.037787,0.035779,0.052636,0.035167,0.035195,0.044448,0.035957
0.030347,0.051342,0.030568,0.05429,0.030385,0.040879,0.032573,0.042369,0.033116,0.032234,0.052602,0.031451,0.031532,0.054604,0.050846,0.031875,0.031192,0.032736,0.032727,0.0325,0.032485,0.033361,0.033711,0.032918,0.042507,0.042356,0.038094,0.03819,0.03768,0.038193,0.042772,0.031781,0.03288,0.032255,0.033036,0.032037,0.032405,0.03317,0.03197,0.052742
0.036251,0.037449,0.049405,0.056172,0.029658,0.038175,0.044525,0.051557,0.053486,0.037415,0.031205,0.040122,0.034758,0.049861,0.05023,0.040902,0.051074,0.034833,0.030326,0.033805,0.029206,0.045657,0.042151,0.037246,0.037243,0.03862,0.031384,0.031867,0.051436,0.050453,0.05539,0.0302,0.039879,0.032051,0.035478,0.042831,0.050494,0.047698,0.03351,0.052683
0.045604,0.048346,0.048399,0.049671,0.055357,0.030881,0.032097,0.056234,0.032801,0.029262,0.046447,0.058617,0.039086,0.031052,0.042727,0.030408,0.047192,0.060461,0.029348,0.04005,0.030256,0.029692,0.031336,0.03643,0.037946,0.030663,0.029057,0.030153,0.053413,0.033829,0.030871,0.031264,0.036801,0.03576,0.029128,0.052269,0.050935,0.030445,0.051251,0.031558
0.051408,0.050283,0.054051,0.029181,0.03369,0.052018,0.035201,0.028664,0.03311,0.033152,0.037675,0.029287,0.040065,0.031767,0.050781,0.030597,0.051612,0.038323,0.029583,0.032443,0.053845,0.041958,0.048626,0.032389,0.057514,0.029137,0.050349,0.031998,0.050715,0.054131,0.028629,0.036361,0.054972,0.029204,0.028764,0.031652,0.048584,0.049524,0.055931,0.030211
0.052976,0.029657,0.054201,0.029147,0.047276,0.049083,0.055754,0.0317,0.032654,0.036618,0.033606,0.029831,0.033009,0.035383,0.02959,0.030081,0.030693,0.037694,0.036953,0.032023,0.036193,0.037597,0.030367,0.030982,0.035068,0.034913,0.03244,0.032033,0.030581,0.031247,0.034525,0.031173,0.031119,0.033339,0.02971,0.038249,0.030705,0.029582,0.030429,0.028652
0.037558,0.036747,0.028989,0.031172,0.040494,0.033083,0.029274,0.035981,0.030571,0.030082,0.038165,0.029953,0.030421,0.030023,0.032789,0.0319,0.028974,0.028796,0.030591,0.03137,0.038179,0.036039,0.031102,0.03338,0.031735,0.030588,0.030247,0.029807,0.02938,0.031166,0.038774,0.030755,0.039879,0.0388,0.030695,0.030757,0.030666,0.029738,0.031749,0.038718
0.029453,0.039518,0.029092,0.029136,0.030199,0.03176,0.042161,0.030571,0.030602,0.029944,0.03296,0.030044,0.02929,0.02932,0.032344,0.029787,0.030328,0.028928,0.030309,0.029345,0.030156,0.03159,0.033036,0.037143,0.029129,0.034944,0.030551,0.02924,0.03988,0.029692,0.02951,0.037918,0.032277,0.029248,0.031509,0.029779,0.038396,0.030742,0.034419,0.039199
0.029661,0.0306,0.035665,0.029286,0.034,0.030096,0.042247,0.033099,0.036189,0.028042,0.04431,0.050758,0.055419,0.02908,0.053923,0.028968,0.050633,0.041484,0.027883,0.029503,0.036037,0.031094,0.053892,0.030398,0.054552,0.028807,0.031936,0.050247,0.056096,0.028155,0.048935,0.053641,0.051,0.031017,0.052198,0.029717,0.052694,0.029872,0.055056,0.031093
0.028558,0.052263,0.047331,0.056549,0.029434,0.054214,0.036764,0.02887,0.029119,0.050752,0.057102,0.028486,0.036235,0.02932,0.03058,0.056743,0.04393,0.041329,0.028914,0.030156,0.051648,0.048017,0.05036,0.054874,0.030452,0.034633,0.033947,0.041161,0.029499,0.027992,0.036013,0.029489,0.056406,0.02922,0.029586,0.054888,0.03746,0.028662,0.03016,0.050684
0.054048,0.027692,0.048459,0.054661,0.051113,0.028822,0.054541,0.029236,0.054621,0.03614,0.027685,0.030339,0.052549,0.033031,0.032589,0.052908,0.029064,0.041895,0.031388,0.032521,0.030219,0.031256,0.055443,0.028021,0.055057,0.029891,0.037641,0.038859,0.029064,0.035451,0.034893,0.037738,0.055655,0.049432,0.038377,0.028388,0.029878,0.050249,0.047492,0.05625
0.030611,0.034083,0.047179,0.049711,0.054921,0.029307,0.053949,0.036562,0.037789,0.028902,0.039114,0.040371,0.037457,0.035765,0.029506,0.028052,0.031571,0.039098,0.03755,0.028457,0.030387,0.032739,0.035162,0.030061,0.049615,0.037684,0.02971,0.058078,0.02785,0.03152,0.06755,0.035732,0.041035,0.029145,0.028305,0.030475,0.050864,0.048116,0.056636,0.028457
0.054889,0.037919,0.028675,0.02902,0.05718,0.02782,0.038148,0.03479,0.027431,0.030128,0.051128,0.056795,0.029909,0.035349,0.053354,0.027631,0.028534,0.055032,0.029419,0.054257,0.036705,0.028148,0.031691,0.049959,0.049919,0.04736,0.055843,0.03007,0.054741,0.036676,0.028012,0.030378,0.049991,0.057602,0.039334,0.033503,0.052236,0.055754,0.028851,0.032159
0.049832,0.055024,0.028559,0.054644,0.032824,0.028227,0.052606,0.054518,0.03162,0.029432,0.051257,0.031134,0.05645,0.029319,0.050844,0.031257,0.051795,0.03156,0.04573,0.056893,0.030209,0.053755,0.029544,0.053177,0.036292,0.035534,0.039168,0.04076,0.029383,0.033982,0.030977,0.054461,0.037532,0.028027,0.029709,0.039737,0.031693,0.029314,0.054757,0.028032
0.055471,0.028299,0.050628,0.034052,0.033551,0.0315,0.058343,0.02702,0.048965,0.030853,0.052115,0.032414,0.040233,0.035057,0.027682,0.029388,0.039247,0.032121,0.02989,0.052084,0.031407,0.032361,0.052473,0.048455,0.048392,0.056545,0.037151,0.028354,0.02861,0.052253,0.049416,0.054875,0.030048,0.029278,0.052726,0.049418,0.055802,0.027589,0.032303,0.051397
0.041095,0.027092,0.031355,0.035105,0.031259,0.049596,0.048585,0.056767,0.050101,0.028111,0.041852,0.02753,0.029683,0.03617,0.030153,0.035345,0.030432,0.038333,0.030011,0.036365,0.030476,0.034294,0.034008,0.038273,0.037052,0.030172,0.028337,0.039292,0.028159,0.032179,0.037118,0.035094,0.034635,0.028766,0.02989,0.039086,0.029142,0.033783,0.038766,0.028284
0.033119,0.031371,0.033381,0.030023,0.040845,0.02725,0.037433,0.038695,0.026423,0.030128,0.041546,0.026902,0.031069,0.038718,0.027643,0.039013,0.029779,0.038713,0.028592,0.033186,0.037856,0.02875,0.033826,0.035491,0.030418,0.031712,0.03673,0.031716,0.053464,0.048581,0.038016,0.027911,0.030292,0.03566,0.031877,0.040699,0.028617,0.033861,0.047394,0.048188
0.055975,0.028675,0.055031,0.028695,0.034911,0.03104,0.036726,0.029655,0.036937,0.029673,0.036708,0.038105,0.028823,0.030021,0.037386,0.035198,0.027483,0.033907,0.032094,0.042707,0.045233,0.046974,0.04905,0.049717,0.037507,0.028885,0.037559,0.029649,0.038222,0.035809,0.028598,0.04354,0.041329,0.029445,0.035389,0.034024,0.029614,0.040156,0.035101,0.028685
0.029874,0.038536,0.029727,0.032858,0.034538,0.035632,0.034606,0.027752,0.061312,0.028725,0.028026,0.034191,0.032614,0.032507,0.041332,0.035325,0.039572,0.031525,0.03978,0.050652,0.027659,0.034193,0.033377,0.034491,0.030406,0.037862,0.029367,0.036778,0.033465,0.02936,0.036488,0.03228,0.030816,0.039499,0.035506,0.035221,0.027467,0.028168,0.041155,0.027789
0.035927,0.030833,0.038183,0.034889,0.035576,0.03237,0.03121,0.027746,0.032247,0.039303,0.028126,0.050233,0.035294,0.030907,0.03927,0.026805,0.036157,0.029549,0.038597,0.02825,0.039524,0.031979,0.0341,0.028869,0.03496,0.03044,0.044806,0.02937,0.029031,0.039954,0.030697,0.027863,0.035841,0.030204,0.035871,0.035321,0.035384,0.027513,0.035054,0.034696
0.033111,0.02982,0.040214,0.029005,0.031221,0.035201,0.031909,0.030106,0.03053,0.0298,0.037963,0.029499,0.029023,0.029021,0.031286,0.031947,0.031547,0.029881,0.030532,0.030523,0.037214,0.032725,0.030735,0.035195,0.0324,0.037857,0.030243,0.032155,0.030105,0.030234,0.029543,0.02807,0.032088,0.030489,0.030605,0.029145,0.029679,0.029604,0.030816,0.02988
0.035512,0.031248,0.032363,0.029901,0.036978,0.030446,0.029399,0.028829,0.03408,0.039914,0.029077,0.029244,0.033963,0.030554,0.03014,0.042477,0.027794,0.037453,0.029547,0.033046,0.031728,0.038338,0.03347,0.030974,0.033561,0.03731,0.0282,0.031763,0.040744,0.028973,0.033465,0.031285,0.039106,0.028174,0.0368,0.029618,0.032936,0.037761,0.030999,0.030552
0.036943,0.034445,0.02812,0.054335,0.029826,0.054603,0.028722,0.055553,0.032415,0.028949,0.033639,0.035002,0.03399,0.031674,0.035937,0.039715,0.03347,0.027815,0.027523,0.051806,0.061817,0.02968,0.028246,0.02982,0.035349,0.030528,0.043586,0.030984,0.028349,0.051526,0.029866,0.035142,0.034559,0.032929,0.034152,0.029595,0.042622,0.029512,0.031307,0.03006
0.036209,0.029559,0.032538,0.036004,0.034239,0.043517,0.031344,0.027929,0.02718,0.039199,0.036245,0.028109,0.039894,0.027948,0.029615,0.035627,0.034646,0.031173,0.036837,0.02905,0.03673,0.029892,0.035823,0.03365,0.029003,0.050979,0.036495,0.030249,0.040965,0.03532,0.027875,0.039085,0.029036,0.029273,0.039368,0.035641,0.029238,0.028272,0.040376,0.028464
0.039537,0.027538,0.030135,0.034789,0.034288,0.030448,0.029205,0.02835,0.028341,0.033511,0.032583,0.034736,0.033299,0.035911,0.027414,0.034486,0.030904,0.037316,0.02998,0.037639,0.028917,0.039536,0.029819,0.034613,0.032453,0.030347,0.039822,0.028473,0.05167,0.029573,0.038466,0.029992,0.032724,0.035301,0.038412,0.03624,0.028135,0.028584,0.03686,0.029113
0.036836,0.035723,0.029801,0.033833,0.033467,0.030876,0.038075,0.029084,0.054352,0.027568,0.055813,0.049735,0.054576,0.044667,0.028704,0.041046,0.028397,0.041169,0.032027,0.028465,0.029825,0.053344,0.027639,0.03822,0.030668,0.036215,0.030599,0.036738,0.030836,0.03223,0.038151,0.029036,0.037582,0.028617,0.034571,0.032744,0.037368,0.029431,0.030827,0.053632
0.030504,0.041972,0.034421,0.028144,0.031953,0.038978,0.028573,0.030391,0.03211,0.03758,0.031156,0.03552,0.029165,0.032162,0.053222,0.032399,0.034853,0.034761,0.030395,0.034683,0.036119,0.0295,0.036082,0.030879,0.034483,0.029706,0.039029,0.049363,0.029632,0.037262,0.027729,0.039742,0.027233,0.04074,0.028765,0.030697,0.043175,0.040141,0.037443,0.05126
0.054799,0.031139,0.035065,0.027779,0.033093,0.031005,0.03553,0.039074,0.027914,0.031001,0.050911,0.031765,0.038278,0.028708,0.036097,0.030597,0.035716,0.03103,0.029166,0.02902,0.028103,0.029028,0.02893,0.028528,0.027402,0.04691,0.058924,0.027112,0.03714,0.029025,0.036589,0.031435,0.032476,0.029206,0.029142,0.028796,0.03104,0.031028,0.029794,0.027649
0.027588,0.035431,0.029847,0.032284,0.046383,0.032584,0.028296,0.028409,0.031044,0.046121,0.028375,0.029379,0.030826,0.035563,0.03112,0.037247,0.030723,0.031226,0.037713,0.03025,0.034908,0.033626,0.030207,0.038004,0.031511,0.033323,0.030292,0.044025,0.028852,0.028451,0.028689,0.028905,0.028477,0.029483,0.028326,0.034671,0.028907,0.02838,0.032638,0.030377
0.029437,0.034597,0.030514,0.029157,0.030074,0.03018,0.029893,0.028784,0.028575,0.028893,0.029319,0.034483,0.028787,0.027709,0.029582,0.034905,0.032253,0.029928,0.029697,0.028695,0.027926,0.038937,0.036659,0.02779,0.032851,0.034388,0.035616,0.04166,0.041797,0.028221,0.035334,0.037836,0.027643,0.032794,0.035814,0.031215,0.033767,0.032525,0.044839,0.042494
0.036727,0.03118,0.041532,0.037707,0.035541,0.029244,0.059338,0.027813,0.050559,0.02813,0.036123,0.030041,0.051664,0.045972,0.052481,0.035038,0.033432,0.032388,0.034671,0.031033,0.034948,0.031253,0.036881,0.030137,0.041907,0.031061,0.030193,0.032806,0.030955,0.05609,0.036413,0.029284,0.028183,0.051841,0.035609,0.029781,0.05357,0.047793,0.036787,0.036418
0.02792,0.03502,0.028915,0.035501,0.034321,0.039632,0.027486,0.029882,0.034811,0.052173,0.036815,0.028059,0.029322,0.038532,0.031325,0.032474,0.029856,0.028428,0.027966,0.028675,0.036313,0.030678,0.038378,0.029512,0.031253,0.060191,0.026879,0.030529,0.053901,0.054745,0.027968,0.030972,0.040589,0.028537,0.035755,0.028948,0.034367,0.029993,0.038871,0.030129
0.039517,0.027553,0.036061,0.029784,0.039404,0.027487,0.040564,0.028101,0.033649,0.049,0.048548,0.05006,0.035256,0.034931,0.028564,0.037047,0.033569,0.033103,0.030208,0.037709,0.028481,0.044779,0.035744,0.040493,0.028615,0.037117,0.031675,0.035579,0.031095,0.055133,0.027192,0.035806,0.051459,0.036108,0.02811,0.047694,0.055613,0.030526,0.03364,0.032767
0.037195,0.029547,0.029529,0.036967,0.030449,0.041763,0.030957,0.031596,0.029465,0.039059,0.029838,0.03348,0.032111,0.046112,0.052321,0.057282,0.028544,0.03378,0.034261,0.029264,0.052574,0.031002,0.043084,0.028882,0.028715,0.039583,0.035655,0.027404,0.033377,0.031752,0.03293,0.038612,0.037347,0.033888,0.045456,0.032433,0.030355,0.03271,0.034043,0.034124
0.030391,0.042352,0.027634,0.03624,0.032177,0.03388,0.028905,0.034471,0.033843,0.031382,0.033609,0.030945,0.044934,0.035929,0.03989,0.054594,0.029853,0.029173,0.036887,0.033028,0.030153,0.050263,0.048312,0.056982,0.029523,0.052931,0.029664,0.034829,0.048646,0.035819,0.043309,0.052514,0.034355,0.032238,0.039666,0.028536,0.035935,0.029561,0.038635,0.0297
0.03344,0.034282,0.030366,0.038667,0.034595,0.034815,0.036654,0.028161,0.040706,0.029312,0.028577,0.028645,0.036347,0.031228,0.033151,0.028714,0.033052,0.02922,0.028264,0.031067,0.049376,0.037882,0.034522,0.027705,0.036741,0.030428,0.035741,0.030549,0.054447,0.028486,0.04008,0.031182,0.028513,0.035928,0.052394,0.043038,0.040475,0.0282,0.036099,0.031006
0.035022,0.033148,0.035974,0.026651,0.054154,0.03219,0.032377,0.040154,0.04027,0.035023,0.039449,0.032156,0.029331,0.04098,0.028761,0.040741,0.030459,0.027812,0.034102,0.029985,0.036385,0.032867,0.03011,0.042871,0.036734,0.029199,0.045823,0.034143,0.03599,0.035632,0.027992,0.029828,0.033087,0.052967,0.03166,0.03817,0.036364,0.028692,0.028622,0.035215
0.033797,0.030547,0.03795,0.029454,0.040481,0.031231,0.032921,0.028164,0.03662,0.039058,0.031686,0.027903,0.031974,0.03398,0.048695,0.040687,0.036996,0.02703,0.031544,0.042474,0.029458,0.036503,0.028958,0.028983,0.030915,0.036389,0.030193,0.04004,0.029514,0.032936,0.0288,0.060436,0.027406,0.036581,0.028163,0.041155,0.03607,0.034929,0.02902,0.028086
0.033671,0.032928,0.031554,0.03389,0.034576,0.033496,0.030029,0.041201,0.039284,0.041103,0.027387,0.040042,0.032149,0.029453,0.038641,0.03166,0.045328,0.039475,0.028352,0.04015,0.02956,0.038491,0.028214,0.033743,0.028645,0.043022,0.027351,0.047578,0.033054,0.035114,0.030933,0.036903,0.02991,0.036892,0.029931,0.039354,0.028698,0.033806,0.03442,0.036701
