0.064603,0.044688,0.045504,0.045499,0.04768,0.052698,0.048083,0.046464,0.044231,0.051572,0.051145,0.045553,0.044823,0.044925,0.04685,0.047008,0.043583,0.043988,0.044197,0.043835,0.06225,0.045389,0.049105,0.045766,0.044327,0.056331,0.047612,0.045654,0.044451,0.0459,0.044552,0.048391,0.044237,0.045703,0.04976,0.045404,0.044476,0.046031,0.0482,0.046873
0.028339,0.030637,0.040271,0.027519,0.041786,0.028782,0.028233,0.038908,0.028495,0.035848,0.02858,0.036025,0.029915,0.038187,0.030687,0.039112,0.029966,0.030678,0.034542,0.041454,0.038157,0.029185,0.048099,0.037393,0.029979,0.04222,0.029397,0.029383,0.039693,0.032805,0.031961,0.03345,0.034806,0.029737,0.029722,0.040929,0.039792,0.03039,0.028588,0.036733
0.028727,0.037335,0.036966,0.040849,0.040215,0.027006,0.038409,0.032919,0.034961,0.027034,0.037561,0.033155,0.032907,0.032243,0.034858,0.039128,0.04343,0.036377,0.025966,0.041212,0.026321,0.038796,0.030336,0.035612,0.030826,0.03834,0.035592,0.026143,0.034985,0.028288,0.038819,0.035627,0.035025,0.025347,0.040177,0.026077,0.045402,0.026254,0.028166,0.038657
0.029774,0.041735,0.029131,0.026891,0.041759,0.02509,0.042499,0.027006,0.03507,0.030841,0.037289,0.03238,0.039129,0.024581,0.037086,0.027452,0.036386,0.041368,0.029575,0.046432,0.032789,0.035451,0.028886,0.042391,0.023714,0.038811,0.029787,0.032623,0.044472,0.045698,0.023609,0.039826,0.028627,0.034873,0.04046,0.034077,0.047414,0.035544,0.036632,0.044743
0.047393,0.029267,0.036745,0.02682,0.039684,0.034858,0.033397,0.028125,0.042242,0.024192,0.041737,0.027523,0.033264,0.031751,0.036554,0.032508,0.029455,0.043247,0.022207,0.039395,0.032205,0.033184,0.038358,0.025427,0.033596,0.034206,0.034289,0.032969,0.033569,0.037483,0.025166,0.038699,0.031446,0.035978,0.030334,0.035546,0.034538,0.034637,0.032739,0.030118
0.033996,0.035086,0.030098,0.036155,0.03925,0.048766,0.041911,0.024368,0.044868,0.038238,0.033684,0.028201,0.031195,0.041883,0.022704,0.037576,0.03097,0.034495,0.03428,0.033369,0.026331,0.038646,0.036579,0.049634,0.037312,0.030661,0.048152,0.033646,0.02817,0.042756,0.02312,0.040703,0.025073,0.037798,0.02357,0.023367,0.034488,0.037491,0.030153,0.034153
0.038566,0.028921,0.029841,0.033365,0.035384,0.033884,0.038878,0.038184,0.041202,0.030241,0.036175,0.032683,0.036037,0.033113,0.02711,0.031182,0.039356,0.037203,0.025943,0.03938,0.035519,0.0227,0.044472,0.030768,0.024083,0.042735,0.03149,0.033255,0.03078,0.031653,0.039737,0.031838,0.029774,0.036463,0.02681,0.039023,0.031551,0.029054,0.037457,0.03576
0.027481,0.040381,0.028826,0.040582,0.024531,0.039123,0.027084,0.037706,0.033087,0.037635,0.025209,0.03507,0.036568,0.035224,0.02833,0.036663,0.03118,0.024241,0.024457,0.034967,0.03524,0.032264,0.037048,0.043161,0.042015,0.02662,0.035216,0.033555,0.029823,0.034377,0.034694,0.031825,0.035171,0.03135,0.021988,0.026553,0.03257,0.032841,0.022138,0.024796
0.040734,0.031947,0.034462,0.030686,0.03524,0.033579,0.034652,0.030599,0.031909,0.03576,0.035157,0.0331,0.031028,0.031957,0.036739,0.037276,0.022374,0.0377,0.033361,0.036458,0.02875,0.041031,0.025308,0.037121,0.031911,0.035605,0.031458,0.033485,0.03398,0.032351,0.031828,0.036795,0.032122,0.03279,0.037502,0.028434,0.034897,0.033629,0.03389,0.030342
0.022294,0.028341,0.032326,0.040743,0.029723,0.029214,0.039329,0.02351,0.040193,0.032067,0.03491,0.031331,0.035048,0.035456,0.034357,0.02916,0.033668,0.031929,0.036785,0.028967,0.034423,0.028524,0.041038,0.02958,0.039634,0.041268,0.041835,0.028901,0.034127,0.034643,0.033242,0.026181,0.038793,0.033266,0.033374,0.030668,0.033919,0.035765,0.032832,0.02341
0.023088,0.02286,0.03083,0.026692,0.024981,0.028282,0.039587,0.028681,0.036307,0.031808,0.034806,0.033991,0.02945,0.035389,0.039565,0.021739,0.040746,0.029611,0.035013,0.033197,0.034803,0.033957,0.03139,0.022677,0.023347,0.036247,0.035386,0.026346,0.02197,0.033769,0.035843,0.030179,0.034739,0.032764,0.031208,0.038879,0.024027,0.038947,0.033831,0.035971
0.048452,0.031908,0.030226,0.022116,0.029228,0.036834,0.030956,0.034372,0.030986,0.035414,0.032592,0.042104,0.046984,0.022993,0.038876,0.031064,0.037033,0.027725,0.039797,0.029948,0.034067,0.035492,0.031902,0.034516,0.029361,0.034405,0.034081,0.033905,0.03245,0.034354,0.032785,0.032997,0.038726,0.023611,0.042525,0.029013,0.035642,0.024275,0.050555,0.041606
0.029197,0.040769,0.022819,0.039521,0.02893,0.035205,0.035138,0.033952,0.031578,0.03208,0.040554,0.02376,0.039702,0.034613,0.024223,0.039233,0.035655,0.026112,0.036355,0.034023,0.035841,0.029921,0.038176,0.024422,0.039767,0.034246,0.029862,0.032948,0.040908,0.022329,0.034838,0.034697,0.035042,0.034953,0.034555,0.02613,0.037373,0.03496,0.032676,0.035116
0.030415,0.033137,0.035149,0.034539,0.030744,0.035194,0.038801,0.023009,0.040153,0.033737,0.02515,0.039044,0.03374,0.0309,0.032193,0.035809,0.033829,0.034508,0.031291,0.033033,0.03476,0.034423,0.030467,0.036135,0.031655,0.032105,0.034684,0.030076,0.03564,0.022712,0.027194,0.039769,0.023061,0.040038,0.02963,0.038114,0.030368,0.035888,0.024184,0.037726
0.035535,0.032239,0.030368,0.039426,0.036297,0.04156,0.021575,0.029561,0.033668,0.042196,0.040967,0.034745,0.033725,0.032677,0.03453,0.035481,0.02652,0.040166,0.02872,0.03746,0.030842,0.03443,0.033594,0.02977,0.035498,0.041608,0.042031,0.033322,0.03603,0.030722,0.032228,0.041273,0.04319,0.032972,0.035224,0.030004,0.029474,0.038861,0.03552,0.025537
0.036651,0.034031,0.034797,0.03423,0.030955,0.032121,0.035505,0.038707,0.025844,0.033252,0.041153,0.022162,0.04033,0.034411,0.026016,0.038389,0.03358,0.032368,0.033214,0.034391,0.034131,0.031935,0.03632,0.026929,0.042707,0.035245,0.021382,0.041943,0.023379,0.039961,0.034661,0.030522,0.036162,0.035891,0.023341,0.042313,0.027122,0.03519,0.034613,0.03397
0.033508,0.026222,0.044767,0.023473,0.040305,0.02847,0.03409,0.034663,0.033152,0.032678,0.033017,0.037305,0.025011,0.042712,0.040453,0.042874,0.023027,0.039021,0.03441,0.034508,0.034268,0.026875,0.02112,0.022173,0.029713,0.033824,0.02872,0.037356,0.032122,0.03717,0.045475,0.035802,0.02811,0.040378,0.029833,0.032258,0.032414,0.03887,0.028654,0.034227
0.032245,0.030802,0.033102,0.036316,0.034012,0.030648,0.033382,0.035436,0.032938,0.035502,0.029051,0.033409,0.041827,0.022975,0.033927,0.03491,0.034828,0.034706,0.034114,0.028876,0.033319,0.036724,0.034146,0.02883,0.034937,0.034938,0.032511,0.0316,0.036664,0.028274,0.037605,0.037317,0.025954,0.037068,0.030248,0.037921,0.028501,0.035233,0.030786,0.037001
0.031693,0.032804,0.033525,0.041022,0.022985,0.041116,0.028925,0.029265,0.038531,0.033395,0.030609,0.03966,0.029306,0.03209,0.035213,0.029791,0.034666,0.034493,0.022323,0.027949,0.034137,0.028387,0.042238,0.024475,0.037905,0.034316,0.03332,0.028012,0.036511,0.033857,0.03359,0.037054,0.02485,0.034576,0.037107,0.03591,0.028979,0.035043,0.036629,0.02504
0.03554,0.034743,0.034882,0.026958,0.035312,0.035507,0.039725,0.023656,0.03371,0.040986,0.02357,0.041061,0.034114,0.030666,0.032515,0.040695,0.022948,0.039355,0.02875,0.035477,0.034738,0.035149,0.031414,0.027047,0.039763,0.03365,0.030846,0.036502,0.031133,0.034404,0.022996,0.023603,0.036938,0.022453,0.02144,0.022049,0.02329,0.030328,0.02772,0.040689
0.028219,0.035465,0.034667,0.028267,0.034354,0.035024,0.031689,0.031112,0.042606,0.021929,0.040212,0.028198,0.040147,0.029805,0.035276,0.026862,0.039906,0.024355,0.039742,0.035398,0.032434,0.02833,0.037382,0.03383,0.031303,0.038305,0.023581,0.04018,0.037432,0.022863,0.037077,0.03484,0.036618,0.027468,0.034224,0.035639,0.035351,0.027773,0.033867,0.041908
0.025369,0.036121,0.034605,0.027868,0.03601,0.033882,0.035705,0.027854,0.035042,0.037065,0.028417,0.037661,0.029549,0.03475,0.041059,0.02751,0.034468,0.028303,0.036311,0.033982,0.035087,0.028663,0.035795,0.039998,0.022364,0.034598,0.034623,0.037295,0.028372,0.03743,0.029468,0.034719,0.035009,0.033977,0.031019,0.031647,0.035898,0.033991,0.030017,0.033666
0.034051,0.03547,0.034353,0.03411,0.025934,0.037979,0.034964,0.03162,0.051379,0.034781,0.028514,0.035561,0.034477,0.034266,0.030753,0.033428,0.033869,0.034963,0.030205,0.032607,0.035302,0.034125,0.034503,0.030341,0.031282,0.036441,0.03487,0.033141,0.030567,0.033602,0.035489,0.032826,0.031867,0.033778,0.034206,0.032197,0.030909,0.034297,0.035927,0.033736
0.028305,0.04068,0.029203,0.035224,0.031782,0.030378,0.034687,0.033526,0.022317,0.024087,0.033012,0.021794,0.039705,0.028002,0.034129,0.034698,0.029407,0.034389,0.035027,0.035015,0.033832,0.02361,0.040581,0.031866,0.021903,0.02453,0.032524,0.035691,0.040277,0.028806,0.035184,0.031997,0.03437,0.030065,0.036425,0.028783,0.036848,0.03213,0.037468,0.024384
0.035642,0.030742,0.038448,0.035796,0.033978,0.028702,0.0329,0.036486,0.032283,0.03711,0.029359,0.031553,0.037397,0.033357,0.027092,0.021793,0.023082,0.02257,0.03241,0.021629,0.022492,0.02199,0.042969,0.029666,0.035164,0.028353,0.03548,0.033885,0.033223,0.034268,0.030277,0.034281,0.035566,0.037445,0.02273,0.038145,0.034146,0.034743,0.030605,0.032734
0.034752,0.034077,0.034552,0.032829,0.027724,0.037583,0.034853,0.033736,0.029391,0.033486,0.035621,0.035578,0.029632,0.03173,0.036491,0.035302,0.028609,0.034666,0.039754,0.04223,0.035753,0.032672,0.035518,0.034669,0.024155,0.039679,0.035586,0.033658,0.027073,0.041086,0.033227,0.022653,0.037763,0.03663,0.030101,0.036893,0.032803,0.026994,0.044446,0.02135
0.035933,0.034141,0.036258,0.033598,0.032476,0.032908,0.035744,0.029879,0.035939,0.02601,0.037741,0.034636,0.035781,0.027254,0.035084,0.040782,0.027833,0.034369,0.035358,0.028006,0.030912,0.039778,0.036964,0.022217,0.044145,0.034893,0.022909,0.040746,0.029429,0.03369,0.034302,0.035378,0.028981,0.033395,0.041266,0.022398,0.029566,0.022079,0.037291,0.022502
0.022843,0.03855,0.030829,0.038865,0.028322,0.034692,0.034992,0.029915,0.029479,0.038595,0.032578,0.034911,0.024825,0.04159,0.033932,0.029647,0.038227,0.026133,0.043715,0.024327,0.033464,0.038464,0.037651,0.021361,0.034267,0.035114,0.033369,0.03797,0.030615,0.033634,0.038247,0.023136,0.041717,0.028453,0.037776,0.025369,0.039773,0.032073,0.037221,0.024043
0.044863,0.022372,0.034712,0.035328,0.033658,0.035458,0.033843,0.031646,0.035673,0.029301,0.037191,0.023272,0.021694,0.037018,0.02191,0.027417,0.023891,0.022606,0.033882,0.020959,0.028719,0.022665,0.024913,0.040032,0.032345,0.034358,0.037627,0.02274,0.039878,0.031977,0.027776,0.038205,0.035545,0.032952,0.023043,0.023618,0.037333,0.029065,0.040635,0.029578
0.032048,0.034292,0.030306,0.035097,0.034576,0.035166,0.02945,0.033098,0.035361,0.035306,0.030142,0.034217,0.031393,0.037462,0.033574,0.031302,0.032266,0.03411,0.033221,0.02249,0.023809,0.039852,0.028539,0.034662,0.035698,0.038451,0.021089,0.035545,0.041785,0.023363,0.03952,0.02881,0.034258,0.040935,0.028957,0.036843,0.03276,0.02313,0.039846,0.034672
0.030669,0.035032,0.035817,0.027059,0.033219,0.040285,0.024403,0.039119,0.033222,0.030897,0.032971,0.035345,0.035008,0.026534,0.042448,0.029629,0.03341,0.037712,0.024612,0.035867,0.040334,0.021381,0.040975,0.029891,0.03491,0.032575,0.031765,0.032602,0.035079,0.036435,0.034621,0.02894,0.030094,0.037921,0.034866,0.034651,0.031074,0.031219,0.034953,0.034346
0.035088,0.032101,0.029182,0.036548,0.03551,0.032438,0.02827,0.037425,0.034475,0.035166,0.027761,0.040662,0.034656,0.022655,0.035097,0.035771,0.032844,0.034087,0.036103,0.028801,0.033463,0.041003,0.022112,0.041836,0.03136,0.036996,0.022972,0.034776,0.035261,0.034231,0.034375,0.033648,0.033606,0.0315,0.034617,0.032848,0.034856,0.035521,0.048722,0.031224
0.031488,0.035017,0.035574,0.032867,0.024914,0.040729,0.032384,0.034892,0.026799,0.021801,0.021923,0.026415,0.038386,0.027463,0.035393,0.040544,0.031068,0.022793,0.037499,0.040486,0.022639,0.040993,0.031878,0.030985,0.022827,0.032725,0.022574,0.022239,0.038078,0.023609,0.040337,0.031382,0.034291,0.032312,0.03501,0.023052,0.031464,0.023159,0.021929,0.022136
0.023812,0.021347,0.022446,0.02645,0.035521,0.022135,0.022974,0.040946,0.02287,0.03731,0.033513,0.042309,0.023969,0.038356,0.026327,0.031993,0.040675,0.031767,0.029486,0.036084,0.035234,0.029181,0.039979,0.023903,0.039455,0.03293,0.03685,0.027465,0.035523,0.034666,0.03389,0.028887,0.034004,0.041369,0.022784,0.040524,0.027995,0.03591,0.034254,0.029136
0.034176,0.034715,0.040753,0.022258,0.040824,0.03086,0.029439,0.039031,0.029296,0.037591,0.030627,0.040186,0.02331,0.039258,0.029611,0.040206,0.02871,0.026089,0.03756,0.034453,0.03975,0.029209,0.026663,0.025309,0.023547,0.022582,0.032639,0.033482,0.021914,0.029377,0.033198,0.031735,0.033646,0.035466,0.034167,0.029169,0.035397,0.031514,0.035803,0.035154
0.028328,0.036546,0.033238,0.033966,0.030832,0.033185,0.029878,0.04022,0.027707,0.035313,0.030174,0.039085,0.034224,0.029061,0.034229,0.03529,0.035126,0.029992,0.031497,0.035601,0.034366,0.034147,0.03027,0.033384,0.042049,0.020789,0.041317,0.029955,0.035134,0.032273,0.037226,0.026639,0.039874,0.024181,0.041162,0.033207,0.025407,0.040184,0.032334,0.032827
0.033559,0.034826,0.030892,0.036711,0.029667,0.035728,0.03327,0.031222,0.02906,0.036401,0.040449,0.023589,0.038424,0.032844,0.031768,0.041483,0.023443,0.038432,0.029727,0.034828,0.037837,0.024164,0.036156,0.033726,0.040611,0.024049,0.039848,0.028896,0.033864,0.034865,0.034647,0.0319,0.031055,0.041989,0.026436,0.035926,0.026014,0.038508,0.033207,0.034921
0.031874,0.033399,0.032775,0.035547,0.034187,0.028388,0.03498,0.034566,0.033645,0.032858,0.030864,0.030486,0.039935,0.031792,0.022675,0.030545,0.031035,0.027912,0.031239,0.021122,0.02163,0.0235,0.028915,0.030639,0.027644,0.021522,0.023214,0.02295,0.026326,0.025858,0.022634,0.024889,0.021169,0.027237,0.021848,0.023099,0.022565,0.020917,0.022718,0.028929
0.025525,0.021283,0.023016,0.026172,0.022465,0.026567,0.022401,0.023374,0.026528,0.027893,0.037231,0.029544,0.035581,0.033521,0.035159,0.036234,0.023023,0.039232,0.034581,0.02876,0.033711,0.035631,0.033487,0.034126,0.036011,0.023819,0.03973,0.036155,0.023438,0.038728,0.03394,0.035479,0.034276,0.034222,0.028315,0.035386,0.03488,0.030027,0.033175,0.03377
0.036374,0.032332,0.031127,0.034353,0.0339,0.032889,0.032893,0.036394,0.036402,0.028967,0.031389,0.030725,0.042219,0.029078,0.02968,0.037993,0.036367,0.023194,0.040558,0.029262,0.030143,0.043757,0.023796,0.039304,0.028564,0.040332,0.03245,0.025639,0.040589,0.029033,0.039188,0.029763,0.034627,0.028534,0.034816,0.034715,0.034591,0.026108,0.031129,0.030665
