0.077835,0.055515,0.055976,0.06395,0.057349,0.057647,0.061972,0.055526,0.060693,0.060164,0.053981,0.053792,0.059204,0.052,0.053278,0.05331,0.064907,0.055779,0.060538,0.053019,0.054363,0.05477,0.063108,0.053696,0.056969,0.067967,0.057401,0.055333,0.056152,0.062051,0.069398,0.060551,0.056107,0.064427,0.065971,0.058885,0.060969,0.056876,0.054553,0.063106
0.046909,0.043823,0.034668,0.035195,0.034743,0.04444,0.03854,0.036973,0.045434,0.039844,0.040493,0.046297,0.036901,0.03517,0.035559,0.037245,0.041706,0.035331,0.035602,0.043168,0.035988,0.035652,0.036581,0.03673,0.037041,0.045113,0.036533,0.035987,0.03557,0.038083,0.046861,0.036816,0.04418,0.036119,0.043243,0.04545,0.041984,0.036693,0.041171,0.035897
0.052659,0.037485,0.030769,0.032345,0.031839,0.031027,0.030719,0.056055,0.038084,0.042659,0.031097,0.036938,0.031556,0.030855,0.031512,0.038425,0.041636,0.04168,0.031072,0.036268,0.032903,0.035017,0.03308,0.035754,0.041002,0.0336,0.037435,0.033275,0.032453,0.031974,0.033577,0.040914,0.03744,0.03869,0.033041,0.032741,0.03436,0.031972,0.034153,0.032794
0.038115,0.032967,0.031507,0.033916,0.041595,0.043511,0.034667,0.036099,0.031319,0.031034,0.029988,0.038329,0.030347,0.031119,0.030222,0.050501,0.032289,0.052885,0.04592,0.044506,0.030185,0.030661,0.031553,0.031232,0.059963,0.037764,0.042359,0.030949,0.036327,0.031211,0.031272,0.031109,0.031838,0.04809,0.052937,0.038765,0.034719,0.035814,0.03516,0.030561
0.037295,0.037553,0.03251,0.057364,0.036209,0.030647,0.029551,0.029224,0.050629,0.062387,0.042978,0.036784,0.02933,0.028731,0.03329,0.032897,0.054314,0.041087,0.044051,0.035654,0.029845,0.029776,0.032616,0.040695,0.029951,0.032888,0.046736,0.038332,0.04144,0.040142,0.029533,0.031269,0.054992,0.029152,0.061368,0.044124,0.039386,0.033296,0.031833,0.030975
0.03007,0.029384,0.035251,0.030675,0.048121,0.045243,0.032237,0.028111,0.027984,0.057512,0.037517,0.030824,0.029639,0.030126,0.034875,0.032228,0.030261,0.030232,0.030367,0.029527,0.031492,0.040697,0.042265,0.031142,0.034762,0.031366,0.040265,0.041099,0.039995,0.030828,0.036039,0.041361,0.032114,0.031407,0.030584,0.038378,0.031632,0.031308,0.030845,0.039022
0.029635,0.029752,0.032445,0.038294,0.030664,0.033493,0.030076,0.030444,0.049179,0.056257,0.036469,0.028856,0.030713,0.043049,0.029911,0.029115,0.029854,0.057148,0.038686,0.042467,0.029185,0.050335,0.050616,0.034441,0.031265,0.032059,0.03493,0.031169,0.050223,0.054515,0.037745,0.029043,0.030631,0.04492,0.047208,0.028441,0.02967,0.035692,0.032058,0.048906
0.030963,0.05302,0.030238,0.058807,0.027919,0.030564,0.050057,0.05306,0.047799,0.050311,0.042552,0.027663,0.028574,0.059572,0.029695,0.028863,0.042407,0.028773,0.029295,0.031365,0.055043,0.030406,0.035174,0.031358,0.038245,0.030417,0.038892,0.029332,0.04239,0.034712,0.051488,0.032886,0.051419,0.031784,0.051758,0.055713,0.02772,0.04871,0.032456,0.048119
0.052183,0.04894,0.055857,0.050188,0.054911,0.028718,0.035833,0.029032,0.029055,0.054785,0.039017,0.029792,0.031196,0.037512,0.028431,0.040242,0.031794,0.029321,0.02775,0.053949,0.044862,0.056678,0.029713,0.054709,0.02751,0.055024,0.02883,0.055628,0.02851,0.03016,0.059717,0.038539,0.038048,0.047531,0.054684,0.029807,0.050244,0.037315,0.030997,0.030857
0.041233,0.034481,0.027936,0.030044,0.057782,0.027555,0.050261,0.030891,0.059672,0.028151,0.029431,0.035378,0.031048,0.050646,0.039794,0.02835,0.030196,0.054827,0.036676,0.028099,0.034233,0.030319,0.049394,0.037226,0.029312,0.037841,0.033272,0.02893,0.040224,0.029849,0.031145,0.039243,0.040566,0.044457,0.028777,0.030779,0.053851,0.028924,0.05445,0.030208
0.03893,0.028611,0.029618,0.053529,0.028258,0.056238,0.0293,0.054114,0.029979,0.053339,0.029842,0.053602,0.030092,0.031916,0.050003,0.055559,0.029623,0.0326,0.0359,0.031617,0.0318,0.037353,0.034236,0.033212,0.029354,0.029317,0.030586,0.028247,0.036945,0.03341,0.028672,0.029785,0.034127,0.033808,0.030381,0.030327,0.029756,0.028737,0.027989,0.032289
0.028816,0.028153,0.028703,0.032925,0.035877,0.029674,0.052982,0.034882,0.029054,0.05573,0.027757,0.049073,0.038469,0.032786,0.028176,0.05325,0.031092,0.041361,0.035309,0.027526,0.028932,0.051815,0.03287,0.051555,0.03817,0.030172,0.036326,0.030536,0.03057,0.043247,0.028562,0.035618,0.028763,0.029523,0.051338,0.050196,0.032306,0.039126,0.027736,0.034632
0.029568,0.059338,0.032489,0.029064,0.029608,0.055616,0.029005,0.054036,0.030558,0.03209,0.038015,0.02909,0.031202,0.05536,0.032236,0.030618,0.055843,0.032928,0.031613,0.033372,0.037824,0.033062,0.028878,0.028984,0.042917,0.029684,0.030157,0.031911,0.038294,0.036157,0.028456,0.050248,0.050618,0.030626,0.031261,0.049444,0.049163,0.056877,0.028932,0.040787
0.036386,0.036438,0.038258,0.034612,0.027792,0.054819,0.029837,0.059678,0.029414,0.026929,0.050416,0.048697,0.055766,0.036956,0.035452,0.029489,0.028104,0.050687,0.037877,0.027949,0.033477,0.031976,0.049974,0.056712,0.030573,0.046108,0.049243,0.055237,0.048503,0.029951,0.054771,0.029589,0.059405,0.027719,0.029561,0.047896,0.057261,0.037621,0.028276,0.029958
0.031041,0.036246,0.030268,0.037512,0.028669,0.052992,0.035824,0.028664,0.054101,0.041432,0.028899,0.030345,0.028555,0.053399,0.031136,0.051495,0.032092,0.041052,0.029085,0.029143,0.03199,0.036903,0.031643,0.033834,0.032268,0.050786,0.03167,0.052815,0.031889,0.055825,0.033608,0.029768,0.02985,0.049307,0.05473,0.033432,0.029649,0.048595,0.056686,0.028652
0.04797,0.054716,0.028306,0.056102,0.029193,0.054776,0.029596,0.034686,0.033719,0.049762,0.032461,0.030339,0.053567,0.029597,0.054421,0.032739,0.032022,0.048211,0.042513,0.037999,0.034717,0.051414,0.049171,0.055273,0.028599,0.050143,0.05449,0.029452,0.053578,0.036574,0.029392,0.032742,0.030337,0.053138,0.030717,0.051335,0.03739,0.0267,0.055172,0.029234
0.035229,0.031983,0.033299,0.051421,0.031478,0.052477,0.035689,0.027219,0.055449,0.036537,0.027763,0.05507,0.036184,0.0287,0.02933,0.039645,0.027644,0.032333,0.032602,0.051188,0.032017,0.052691,0.055547,0.028234,0.030018,0.054358,0.047721,0.032431,0.031753,0.054892,0.032971,0.029381,0.049066,0.049879,0.054833,0.048526,0.031671,0.034245,0.031321,0.056221
0.028998,0.032064,0.040102,0.029052,0.030902,0.04862,0.062343,0.028991,0.035956,0.035173,0.028488,0.028209,0.034235,0.030383,0.03888,0.027508,0.041552,0.027984,0.047055,0.036789,0.035497,0.028936,0.037758,0.028776,0.048762,0.049681,0.055628,0.028303,0.035476,0.034429,0.035996,0.028192,0.036824,0.028185,0.038357,0.028624,0.040241,0.036208,0.030872,0.029116
0.030404,0.038424,0.028307,0.038065,0.033964,0.028086,0.035416,0.035346,0.030895,0.04065,0.036034,0.029874,0.029137,0.027867,0.028488,0.029298,0.028793,0.038335,0.037462,0.028738,0.02768,0.029753,0.029628,0.028054,0.038475,0.034942,0.029556,0.03139,0.02863,0.053646,0.048688,0.048448,0.032115,0.036259,0.028794,0.036633,0.034899,0.029119,0.041486,0.027809
0.031638,0.049857,0.055503,0.02873,0.035623,0.029945,0.037278,0.028948,0.036034,0.036753,0.029231,0.032922,0.035124,0.029704,0.036183,0.033497,0.032436,0.034405,0.035823,0.029082,0.034937,0.030175,0.0505,0.036056,0.034009,0.048785,0.031326,0.035526,0.031918,0.035151,0.028841,0.040275,0.039973,0.029204,0.028448,0.035591,0.035262,0.03556,0.028705,0.032485
0.033134,0.033066,0.050647,0.0273,0.04297,0.036787,0.029907,0.028982,0.033351,0.030472,0.032966,0.034718,0.040059,0.028841,0.028988,0.035886,0.033272,0.033921,0.034439,0.029364,0.041641,0.028356,0.052786,0.03568,0.028352,0.032899,0.031508,0.036176,0.032906,0.030053,0.035612,0.031186,0.03706,0.029982,0.042435,0.027667,0.028822,0.039581,0.027921,0.03918
0.03434,0.027977,0.033443,0.029516,0.03864,0.028884,0.038624,0.028419,0.034783,0.035269,0.038377,0.035627,0.047781,0.027572,0.049161,0.035602,0.035428,0.041001,0.041529,0.029224,0.032925,0.035123,0.030851,0.037345,0.029022,0.032008,0.038646,0.029474,0.046698,0.030023,0.028098,0.029246,0.037674,0.036086,0.029258,0.028828,0.052791,0.031659,0.040076,0.028682
0.033129,0.03421,0.029984,0.04021,0.036233,0.027465,0.047702,0.048368,0.054966,0.049311,0.030432,0.031636,0.039439,0.031783,0.030279,0.037218,0.028172,0.03841,0.028395,0.035571,0.038871,0.036707,0.028172,0.027491,0.035411,0.039098,0.028237,0.034446,0.032346,0.034355,0.031667,0.036413,0.029454,0.031116,0.036054,0.035034,0.030245,0.03966,0.028899,0.034294
0.031663,0.031737,0.037118,0.036569,0.030186,0.027623,0.039734,0.028368,0.036813,0.029699,0.052339,0.046504,0.052085,0.037583,0.037742,0.031197,0.034957,0.02799,0.028835,0.038114,0.029291,0.037279,0.028184,0.058026,0.035923,0.027452,0.048278,0.036108,0.032622,0.030828,0.034159,0.035465,0.034165,0.029945,0.034253,0.02931,0.039063,0.029384,0.038246,0.030965
0.031002,0.028209,0.028985,0.027182,0.031228,0.035434,0.035119,0.03242,0.036088,0.029765,0.039595,0.027615,0.033651,0.029992,0.041352,0.035516,0.033619,0.028864,0.047344,0.04114,0.027969,0.036496,0.029862,0.028043,0.039934,0.028468,0.055451,0.029677,0.029892,0.038432,0.029206,0.044162,0.034894,0.043496,0.037614,0.038899,0.038558,0.0335,0.040708,0.031553
0.028745,0.028998,0.042588,0.027201,0.035687,0.03675,0.028518,0.027871,0.036116,0.030005,0.038242,0.029265,0.035035,0.030067,0.038558,0.028813,0.037079,0.038011,0.028443,0.029603,0.036416,0.030816,0.035148,0.033655,0.030603,0.038104,0.029861,0.034804,0.03426,0.029566,0.041541,0.02846,0.029178,0.03672,0.031391,0.041767,0.027793,0.029741,0.039541,0.02708
0.038747,0.038702,0.028275,0.029402,0.035483,0.031355,0.033687,0.030677,0.03817,0.031162,0.034281,0.031514,0.03707,0.027937,0.036802,0.031845,0.032525,0.052144,0.037425,0.028116,0.037223,0.030837,0.032098,0.035441,0.037173,0.029767,0.028968,0.036536,0.040377,0.029932,0.028584,0.049437,0.049303,0.048753,0.038039,0.029795,0.034668,0.031624,0.039155,0.029772
0.032158,0.033311,0.040661,0.034323,0.028532,0.032352,0.028477,0.044706,0.027824,0.031556,0.029464,0.042306,0.028985,0.029577,0.032109,0.041436,0.039814,0.041962,0.029026,0.047967,0.038197,0.029332,0.037349,0.029856,0.036336,0.030262,0.035319,0.030022,0.03676,0.029374,0.036481,0.033862,0.032909,0.035041,0.030616,0.048323,0.037789,0.030776,0.041612,0.03041
0.028275,0.034733,0.030461,0.052437,0.036587,0.029496,0.033857,0.054038,0.035811,0.036177,0.028291,0.026695,0.04085,0.035686,0.035109,0.028838,0.027792,0.032927,0.034126,0.02985,0.041631,0.035938,0.027762,0.028931,0.037649,0.036839,0.028392,0.03225,0.031559,0.03849,0.037539,0.027637,0.054464,0.036296,0.028289,0.037211,0.026729,0.053348,0.028776,0.032808
0.036123,0.028387,0.038567,0.027716,0.039119,0.028195,0.037606,0.037662,0.028638,0.031531,0.037308,0.029057,0.035235,0.041037,0.027976,0.035694,0.029416,0.030337,0.033124,0.034814,0.031466,0.029502,0.029314,0.02949,0.027453,0.033997,0.03781,0.029103,0.029671,0.028622,0.028824,0.030403,0.030115,0.029805,0.028738,0.038256,0.029117,0.029714,0.037095,0.029907
0.02871,0.028321,0.02828,0.027694,0.03629,0.038533,0.027714,0.036406,0.028682,0.041592,0.029034,0.029531,0.03,0.041434,0.028949,0.033217,0.034651,0.030566,0.035256,0.030395,0.03714,0.032113,0.030133,0.042942,0.036001,0.028946,0.027284,0.036042,0.029763,0.037216,0.030224,0.034396,0.034978,0.030249,0.032039,0.05361,0.029608,0.040622,0.026875,0.0362
0.030312,0.040674,0.027506,0.035199,0.028872,0.041005,0.028081,0.038783,0.02803,0.035669,0.030251,0.034867,0.033203,0.034982,0.030198,0.035834,0.03945,0.028878,0.029386,0.03498,0.031135,0.038639,0.033249,0.029007,0.042393,0.027759,0.028136,0.043757,0.03006,0.028328,0.038104,0.028559,0.036411,0.028224,0.041374,0.029736,0.029559,0.037723,0.028421,0.043064
0.036244,0.035267,0.042259,0.028259,0.038826,0.028902,0.032669,0.035405,0.030593,0.04105,0.028528,0.045924,0.049432,0.051272,0.037125,0.029266,0.042724,0.027883,0.029003,0.041043,0.032761,0.028391,0.036172,0.029948,0.033842,0.033258,0.036446,0.041472,0.040505,0.055278,0.035443,0.032651,0.045227,0.029366,0.040108,0.026964,0.031702,0.041202,0.027037,0.033646
0.040239,0.034041,0.028697,0.027243,0.033283,0.029764,0.029586,0.027844,0.032575,0.029292,0.028766,0.028652,0.028751,0.034624,0.030764,0.03092,0.029907,0.037198,0.037824,0.028693,0.02875,0.029496,0.031098,0.033481,0.029206,0.030289,0.028908,0.027949,0.030645,0.030678,0.031495,0.029094,0.028133,0.029753,0.03366,0.034327,0.030782,0.029738,0.029362,0.028614
0.031933,0.030308,0.029884,0.030486,0.035704,0.028713,0.029403,0.034859,0.029112,0.029058,0.030525,0.028628,0.028925,0.029461,0.030614,0.028459,0.029056,0.030551,0.029108,0.029744,0.027994,0.032198,0.029723,0.028969,0.041663,0.029827,0.034023,0.028548,0.029549,0.027937,0.029594,0.031229,0.029187,0.02943,0.02893,0.028521,0.028188,0.029385,0.029953,0.029237
0.030692,0.028994,0.030146,0.030268,0.030605,0.02903,0.028643,0.029858,0.038637,0.03069,0.030924,0.035888,0.038223,0.030437,0.030117,0.02961,0.029992,0.029562,0.031215,0.030278,0.029999,0.034331,0.03115,0.03121,0.030625,0.030423,0.030692,0.03363,0.03123,0.033925,0.036457,0.035308,0.03003,0.029402,0.035437,0.029809,0.042321,0.028321,0.02949,0.034784
0.039127,0.028758,0.029799,0.038277,0.029418,0.036132,0.029856,0.036662,0.03565,0.027585,0.042288,0.027218,0.034661,0.036246,0.028108,0.035413,0.029581,0.036268,0.031424,0.037462,0.031215,0.029563,0.045661,0.034226,0.029099,0.03236,0.030778,0.029219,0.032792,0.039867,0.032115,0.028568,0.053465,0.035043,0.037365,0.026852,0.030344,0.038459,0.027861,0.037857
0.029965,0.038274,0.028408,0.037493,0.028924,0.034831,0.030866,0.042286,0.028264,0.033438,0.029779,0.044289,0.033701,0.03576,0.057309,0.030022,0.035526,0.030995,0.035197,0.031905,0.035519,0.029446,0.032707,0.038615,0.027623,0.039008,0.029083,0.04836,0.059262,0.026936,0.035234,0.038752,0.031815,0.028209,0.047464,0.044023,0.029211,0.028236,0.030573,0.056728
0.047466,0.029345,0.043747,0.02818,0.029681,0.036589,0.029019,0.041705,0.026783,0.056026,0.028462,0.043343,0.028349,0.028718,0.034317,0.031152,0.03313,0.040158,0.027492,0.034745,0.030608,0.034806,0.034311,0.032973,0.030237,0.039318,0.031634,0.032339,0.029884,0.039488,0.028938,0.033936,0.031661,0.039149,0.059939,0.039305,0.028691,0.037231,0.03588,0.02892
0.050575,0.037988,0.029714,0.028678,0.040755,0.035253,0.027479,0.041918,0.028257,0.035674,0.02756,0.029677,0.057503,0.047315,0.029286,0.032019,0.045423,0.028749,0.026948,0.03428,0.035004,0.031573,0.031555,0.036567,0.033829,0.03017,0.041197,0.030749,0.028416,0.034915,0.032468,0.035961,0.03218,0.031483,0.029868,0.040246,0.028765,0.028233,0.028092,0.027121
