0.054326,0.040893,0.047186,0.037426,0.050356,0.037485,0.045079,0.038135,0.046231,0.05132,0.044579,0.038373,0.037497,0.044772,0.041186,0.048741,0.040114,0.042007,0.04516,0.038119,0.039616,0.038529,0.049041,0.050309,0.038005,0.045699,0.046804,0.038309,0.04005,0.041687,0.039165,0.045695,0.045499,0.052227,0.050357,0.039987,0.044989,0.03833,0.043981,0.038707
0.02604,0.040494,0.048011,0.050607,0.028806,0.040652,0.028288,0.036043,0.046293,0.033492,0.029768,0.028127,0.02667,0.036378,0.046873,0.049629,0.054955,0.027959,0.045463,0.030193,0.034099,0.027443,0.031599,0.050685,0.055443,0.027282,0.049455,0.035439,0.040121,0.033288,0.02896,0.039194,0.034803,0.035399,0.041998,0.05155,0.028176,0.049596,0.051349,0.044402
0.027933,0.045831,0.035628,0.024348,0.050483,0.05095,0.048978,0.047682,0.038656,0.030894,0.027089,0.042984,0.025618,0.038583,0.029237,0.036634,0.04415,0.036942,0.035207,0.053725,0.025876,0.04181,0.02871,0.030889,0.034113,0.048411,0.036139,0.033015,0.030259,0.037452,0.044498,0.040246,0.026904,0.037494,0.049011,0.048038,0.032543,0.038489,0.048521,0.047327
0.033612,0.055989,0.035798,0.048192,0.035598,0.031794,0.032701,0.027568,0.051266,0.028391,0.041382,0.046046,0.035843,0.030717,0.051261,0.036292,0.028729,0.047543,0.039868,0.042323,0.036813,0.044441,0.045657,0.024397,0.041348,0.034869,0.029991,0.033426,0.05116,0.025465,0.046002,0.025259,0.053262,0.026215,0.03854,0.039291,0.029437,0.024839,0.039757,0.031976
0.03121,0.035512,0.030283,0.034269,0.024036,0.024458,0.024441,0.024237,0.030221,0.032861,0.029622,0.024314,0.023887,0.025263,0.023939,0.025723,0.040381,0.028719,0.032591,0.04014,0.032165,0.030228,0.044781,0.042057,0.029154,0.0329,0.036089,0.030849,0.051127,0.047978,0.051457,0.054816,0.023903,0.033804,0.040012,0.029556,0.033511,0.036303,0.048841,0.048415
0.050154,0.028124,0.040682,0.033988,0.048468,0.036053,0.028868,0.036408,0.042413,0.022545,0.050016,0.049905,0.02603,0.036697,0.027582,0.031942,0.029124,0.035941,0.024709,0.024082,0.025518,0.02307,0.032431,0.046798,0.040805,0.0238,0.037414,0.05245,0.036154,0.034172,0.026207,0.040131,0.048958,0.02629,0.036001,0.0299,0.037223,0.047238,0.036331,0.044774
0.035929,0.03379,0.048883,0.031795,0.038975,0.030829,0.045968,0.039827,0.031476,0.045998,0.042032,0.036986,0.023768,0.035856,0.049856,0.036684,0.034536,0.021686,0.040142,0.033737,0.031855,0.036222,0.030016,0.049304,0.049005,0.042418,0.029152,0.028999,0.033075,0.033519,0.035831,0.047175,0.050882,0.035356,0.047474,0.035245,0.047559,0.037188,0.031415,0.050048
0.049016,0.035466,0.032745,0.02878,0.04243,0.025001,0.037399,0.033904,0.04939,0.037622,0.024582,0.039213,0.03316,0.031388,0.050826,0.036741,0.025722,0.022923,0.029367,0.046336,0.042092,0.025618,0.043643,0.032606,0.025311,0.035962,0.032273,0.033456,0.02296,0.023483,0.038377,0.032792,0.050775,0.033857,0.029074,0.035888,0.054237,0.024818,0.032548,0.0397
0.031507,0.052416,0.030768,0.032836,0.03616,0.029474,0.053161,0.048564,0.052284,0.028502,0.038828,0.029392,0.035669,0.043945,0.036954,0.049354,0.040417,0.025664,0.038284,0.02893,0.034132,0.038666,0.024962,0.040251,0.029945,0.034052,0.047122,0.03576,0.048401,0.048845,0.03582,0.048824,0.032667,0.036903,0.035677,0.031079,0.043792,0.035429,0.023242,0.027334
0.034383,0.037276,0.044816,0.035753,0.047389,0.035694,0.052903,0.032768,0.030432,0.051392,0.035523,0.024904,0.037166,0.054696,0.025636,0.038422,0.052939,0.024957,0.049504,0.027217,0.024414,0.037574,0.033034,0.049638,0.048381,0.049282,0.033679,0.036921,0.048421,0.047795,0.036708,0.048478,0.048153,0.034661,0.049579,0.04999,0.034388,0.047669,0.034806,0.035035
0.048602,0.050111,0.047937,0.034014,0.035265,0.048699,0.048849,0.040408,0.02387,0.039878,0.032064,0.032557,0.047771,0.042049,0.02255,0.039851,0.031752,0.035842,0.027904,0.037044,0.033594,0.029006,0.041981,0.030805,0.028131,0.030886,0.036585,0.047955,0.036044,0.048661,0.034776,0.048328,0.04123,0.02355,0.039453,0.030063,0.037863,0.025967,0.040551,0.034514
0.024385,0.023177,0.035338,0.024672,0.043417,0.023739,0.039775,0.029641,0.033572,0.04182,0.024187,0.033487,0.03407,0.054639,0.029447,0.047258,0.034686,0.038066,0.029384,0.051364,0.035268,0.036157,0.022947,0.039122,0.036576,0.024747,0.035462,0.035778,0.053409,0.026296,0.038125,0.049254,0.036317,0.026241,0.036157,0.044149,0.039523,0.054101,0.034343,0.024373
0.039083,0.035787,0.026348,0.03687,0.031115,0.035085,0.051398,0.048939,0.035908,0.029892,0.045127,0.043086,0.026708,0.034389,0.044129,0.040775,0.048475,0.048184,0.036326,0.04804,0.048647,0.023065,0.046569,0.049546,0.048765,0.0547,0.028343,0.035263,0.048464,0.03542,0.048777,0.050095,0.033386,0.055679,0.029065,0.048299,0.034278,0.033113,0.037189,0.030152
0.042552,0.045176,0.023455,0.04035,0.032806,0.031848,0.034889,0.036152,0.024599,0.034907,0.033054,0.037498,0.030745,0.034366,0.045097,0.043091,0.024538,0.033247,0.040176,0.03119,0.050622,0.049563,0.053235,0.02599,0.033233,0.022788,0.029584,0.035642,0.031773,0.036003,0.026782,0.039058,0.036055,0.02855,0.040143,0.023916,0.038981,0.030016,0.032455,0.03703
0.030709,0.050749,0.036183,0.031948,0.050758,0.032352,0.026823,0.023375,0.030616,0.023617,0.023797,0.02308,0.032749,0.034737,0.02531,0.038357,0.04798,0.036259,0.036212,0.024382,0.035128,0.041479,0.032981,0.023139,0.036247,0.033421,0.035811,0.035294,0.030249,0.04562,0.041886,0.030676,0.047303,0.034865,0.048131,0.023633,0.033224,0.034426,0.023747,0.038232
0.047576,0.04973,0.048933,0.033884,0.036362,0.035812,0.028091,0.034644,0.047761,0.036024,0.033958,0.035887,0.031585,0.044348,0.04176,0.025041,0.038221,0.047967,0.035333,0.042149,0.029786,0.022563,0.036488,0.056291,0.024869,0.039121,0.03042,0.04602,0.036504,0.033302,0.041088,0.029519,0.030103,0.037939,0.029473,0.033462,0.049576,0.041208,0.022006,0.033392
0.035848,0.048201,0.023003,0.031794,0.043105,0.028292,0.02825,0.034188,0.033716,0.032726,0.030314,0.035594,0.035946,0.028368,0.034925,0.033735,0.032419,0.036357,0.026345,0.037573,0.047905,0.036833,0.035151,0.02847,0.039308,0.042213,0.035251,0.035496,0.035953,0.029788,0.033202,0.053279,0.026952,0.037087,0.033802,0.034375,0.036897,0.034967,0.023432,0.038492
0.032366,0.029997,0.034706,0.038136,0.024451,0.041448,0.042348,0.031612,0.036436,0.037205,0.033661,0.034853,0.025234,0.024753,0.028678,0.034969,0.039161,0.023078,0.039844,0.050166,0.036203,0.024164,0.041843,0.037213,0.02341,0.035627,0.034781,0.033356,0.031929,0.029961,0.023559,0.026245,0.034061,0.039646,0.024881,0.040075,0.032232,0.027057,0.03847,0.035782
0.033514,0.024879,0.038464,0.03535,0.031201,0.031731,0.033834,0.038152,0.025622,0.039958,0.028966,0.034147,0.049272,0.03432,0.036107,0.031617,0.032891,0.040274,0.023385,0.032852,0.035081,0.037902,0.025712,0.039267,0.031969,0.032414,0.022646,0.02533,0.022518,0.02874,0.023489,0.027473,0.024048,0.023429,0.022125,0.032888,0.034908,0.036282,0.024028,0.041035
0.02798,0.037781,0.02762,0.031965,0.034756,0.021317,0.0316,0.032568,0.032724,0.035259,0.032026,0.033469,0.035806,0.028174,0.023105,0.024213,0.022069,0.034317,0.031127,0.036218,0.033208,0.029051,0.041834,0.029438,0.031305,0.032809,0.036319,0.028328,0.039219,0.024834,0.036452,0.034385,0.04902,0.035882,0.034181,0.03605,0.023732,0.038385,0.041672,0.022222
0.039259,0.028419,0.041296,0.024764,0.036641,0.030941,0.033248,0.035644,0.048844,0.043315,0.028623,0.025171,0.023341,0.034687,0.024861,0.022288,0.033096,0.027314,0.043547,0.041851,0.035872,0.035273,0.048194,0.049539,0.05356,0.03123,0.034198,0.032398,0.028713,0.023682,0.024074,0.022671,0.026506,0.022057,0.022996,0.027318,0.033618,0.035086,0.032053,0.030919
0.041186,0.023002,0.037377,0.033607,0.033532,0.03361,0.036022,0.034488,0.028263,0.034432,0.023571,0.023331,0.036733,0.03923,0.030554,0.02719,0.034781,0.048356,0.034729,0.048709,0.035651,0.048894,0.035567,0.053594,0.025026,0.039118,0.038793,0.030915,0.032044,0.024611,0.041173,0.028831,0.035337,0.036973,0.033063,0.0305,0.032955,0.030479,0.037282,0.031666
0.032321,0.032159,0.036299,0.048018,0.03674,0.033988,0.027891,0.029948,0.038947,0.048783,0.036581,0.032878,0.036065,0.034178,0.026436,0.037837,0.035139,0.027387,0.034279,0.034853,0.033451,0.033232,0.033372,0.033848,0.034139,0.031,0.030222,0.042249,0.029729,0.030689,0.038873,0.02793,0.03418,0.037477,0.02556,0.034202,0.031044,0.038694,0.053441,0.026441
0.038459,0.028687,0.039532,0.025839,0.028996,0.025564,0.031521,0.036318,0.031962,0.031899,0.023769,0.025408,0.036591,0.028624,0.038046,0.028972,0.034018,0.033087,0.036383,0.031772,0.036658,0.031245,0.032954,0.032467,0.034759,0.030894,0.033072,0.035844,0.037019,0.030977,0.029495,0.035941,0.035772,0.030151,0.03188,0.034814,0.033913,0.033415,0.032466,0.03411
0.036423,0.026496,0.038442,0.032112,0.031272,0.036271,0.035177,0.030167,0.033539,0.033827,0.038962,0.026107,0.031851,0.034955,0.054243,0.035724,0.029648,0.030251,0.031551,0.023361,0.032144,0.029182,0.032894,0.050028,0.034393,0.034584,0.032836,0.030953,0.0347,0.033186,0.03695,0.034032,0.027915,0.023161,0.023347,0.022091,0.033981,0.030786,0.034633,0.046189
0.025969,0.024151,0.03584,0.035004,0.03918,0.023669,0.033491,0.036489,0.047325,0.034957,0.042493,0.022752,0.033133,0.036029,0.033945,0.036503,0.029781,0.032972,0.032335,0.030922,0.038994,0.032181,0.031833,0.040695,0.029842,0.028887,0.036473,0.030007,0.036442,0.029235,0.0329,0.035064,0.048436,0.034884,0.03554,0.032158,0.035504,0.029515,0.036274,0.033822
0.031565,0.030584,0.039195,0.025609,0.039765,0.035047,0.030881,0.03888,0.02198,0.040484,0.033701,0.02869,0.036569,0.031349,0.035701,0.031131,0.034441,0.040176,0.022234,0.033705,0.034617,0.036382,0.03534,0.031093,0.029516,0.036519,0.033703,0.030505,0.031904,0.036038,0.048033,0.043433,0.040386,0.035477,0.048421,0.035299,0.042267,0.030366,0.023443,0.039009
0.03301,0.038721,0.031486,0.024869,0.037572,0.033865,0.028201,0.040579,0.028253,0.035857,0.041516,0.022738,0.032269,0.041535,0.021579,0.041042,0.040796,0.022739,0.036051,0.030798,0.034335,0.034577,0.033431,0.033716,0.032306,0.034973,0.028362,0.037167,0.029924,0.032822,0.035513,0.039124,0.03201,0.03367,0.024894,0.038824,0.031619,0.039004,0.026607,0.034163
0.034,0.036277,0.03721,0.023479,0.03607,0.035271,0.028617,0.037986,0.027513,0.037905,0.03581,0.029917,0.033551,0.032653,0.031473,0.032249,0.034304,0.034618,0.041454,0.029461,0.031158,0.034643,0.031247,0.040013,0.025479,0.035324,0.033042,0.031918,0.035787,0.036569,0.027407,0.035092,0.035202,0.03085,0.032551,0.03213,0.0355,0.035949,0.031472,0.030329
0.040722,0.031898,0.033047,0.027369,0.035298,0.034743,0.032099,0.035175,0.029281,0.036429,0.035133,0.034456,0.027467,0.022547,0.029767,0.03377,0.034852,0.033185,0.031515,0.031458,0.033256,0.034988,0.049438,0.033979,0.034703,0.033443,0.032934,0.036904,0.024955,0.03988,0.035172,0.027087,0.02265,0.028689,0.02381,0.024986,0.03011,0.023137,0.035562,0.031298
0.031266,0.036612,0.029473,0.033323,0.039899,0.029582,0.032126,0.03371,0.038992,0.023383,0.031065,0.035127,0.035083,0.035925,0.034659,0.02891,0.037605,0.031811,0.04037,0.023462,0.038013,0.036358,0.02352,0.038372,0.036213,0.029297,0.034769,0.037281,0.026914,0.031361,0.034802,0.035402,0.035018,0.035441,0.032924,0.029302,0.035024,0.038027,0.025623,0.027768
0.028397,0.0284,0.035376,0.031076,0.044696,0.028615,0.023929,0.036992,0.033877,0.038498,0.024243,0.036434,0.036718,0.030534,0.0299,0.035112,0.033837,0.043344,0.028599,0.025799,0.035111,0.034634,0.04834,0.035424,0.034838,0.035487,0.025649,0.036824,0.034615,0.03263,0.034435,0.031895,0.048359,0.032613,0.036184,0.033569,0.037446,0.028073,0.035041,0.034222
0.032059,0.0298,0.034401,0.035961,0.031965,0.034822,0.030973,0.034162,0.035468,0.030676,0.031349,0.03489,0.049197,0.035008,0.040012,0.02997,0.027768,0.03503,0.03512,0.047328,0.035429,0.036708,0.02865,0.032471,0.035287,0.03436,0.03574,0.035021,0.028276,0.035226,0.034883,0.028048,0.035742,0.030896,0.036495,0.032031,0.034427,0.031062,0.032522,0.036104
0.033198,0.033239,0.032873,0.033688,0.03248,0.032323,0.03437,0.04106,0.021983,0.039373,0.025563,0.03974,0.032519,0.03481,0.033194,0.030854,0.033793,0.035129,0.036335,0.0332,0.029199,0.036723,0.024439,0.03639,0.034585,0.048595,0.03624,0.032892,0.034741,0.030764,0.037393,0.02532,0.039659,0.032052,0.030902,0.022296,0.030416,0.035813,0.0253,0.039806
0.032284,0.0358,0.027902,0.037288,0.031324,0.046445,0.022233,0.033872,0.029752,0.027555,0.032172,0.022083,0.032924,0.035602,0.04024,0.027286,0.037487,0.031242,0.027377,0.039125,0.031299,0.037746,0.024967,0.036681,0.03577,0.048469,0.036826,0.029246,0.033458,0.034218,0.039619,0.02235,0.034855,0.036139,0.033393,0.035738,0.034942,0.028871,0.034191,0.040215
0.023705,0.037488,0.027688,0.037332,0.04826,0.03477,0.049237,0.037051,0.03058,0.038193,0.03352,0.024332,0.039159,0.032943,0.034304,0.026636,0.039035,0.036143,0.029308,0.037704,0.025277,0.038382,0.029915,0.032734,0.022913,0.027816,0.03387,0.040208,0.022988,0.041647,0.027366,0.035341,0.034047,0.036324,0.033491,0.02443,0.037279,0.035717,0.030669,0.037348
0.026855,0.038009,0.032779,0.033456,0.034401,0.028903,0.038457,0.049588,0.030802,0.036459,0.027623,0.022678,0.032632,0.023012,0.022739,0.03372,0.025673,0.030939,0.024957,0.039812,0.027732,0.037067,0.035023,0.026125,0.037319,0.039341,0.023593,0.042402,0.028731,0.034357,0.036458,0.027096,0.030094,0.02785,0.031923,0.026962,0.036187,0.032029,0.035191,0.031974
0.03344,0.033062,0.036187,0.028907,0.031539,0.043585,0.024554,0.039584,0.034413,0.031418,0.02556,0.038353,0.036567,0.029319,0.047196,0.041282,0.023907,0.038657,0.035631,0.0306,0.031186,0.036037,0.049067,0.035981,0.034546,0.02566,0.032679,0.038441,0.034246,0.035417,0.025641,0.040822,0.02504,0.034845,0.034383,0.034975,0.035726,0.031843,0.030052,0.034684
0.036526,0.035137,0.030054,0.031676,0.031843,0.044675,0.028845,0.047534,0.032857,0.030653,0.038451,0.03848,0.022488,0.03185,0.03513,0.034958,0.035112,0.031644,0.033773,0.031369,0.035604,0.033529,0.049531,0.033429,0.027779,0.036412,0.039042,0.025164,0.039696,0.029358,0.035016,0.041442,0.022248,0.040282,0.029069,0.040533,0.022509,0.040258,0.029384,0.03364
0.035761,0.031827,0.033995,0.03156,0.034066,0.034685,0.031215,0.034878,0.030469,0.022053,0.026954,0.036857,0.035351,0.029537,0.032595,0.035342,0.047995,0.040625,0.024551,0.030986,0.043019,0.029589,0.04031,0.031114,0.031798,0.025489,0.037403,0.039193,0.024981,0.03786,0.031752,0.032655,0.035671,0.028681,0.037189,0.029794,0.03796,0.030689,0.033183,0.03335
