0.099439,0.078207,0.070814,0.071702,0.077139,0.081337,0.086302,0.074699,0.072792,0.084621,0.084088,0.079984,0.075242,0.081867,0.071328,0.07558,0.07461,0.070645,0.072566,0.081942,0.080562,0.083663,0.081699,0.071078,0.075352,0.071093,0.069738,0.076135,0.07048,0.069253,0.084749,0.07083,0.0721,0.074935,0.072879,0.073737,0.07228,0.079135,0.071094,0.082283
0.050728,0.039891,0.039901,0.045737,0.039174,0.052605,0.042103,0.043347,0.039132,0.047764,0.039211,0.038538,0.042675,0.038138,0.054945,0.037497,0.037743,0.037778,0.05273,0.038043,0.039464,0.044775,0.042444,0.055146,0.038308,0.040195,0.051628,0.039183,0.047313,0.038213,0.037987,0.055294,0.038805,0.040702,0.054209,0.045729,0.037834,0.038887,0.052021,0.041633
0.03907,0.036908,0.040394,0.036371,0.040868,0.031436,0.031701,0.030597,0.039991,0.049825,0.031911,0.050513,0.050062,0.053024,0.053195,0.031766,0.032164,0.031885,0.031226,0.043698,0.032231,0.036462,0.03377,0.03139,0.032095,0.043579,0.034679,0.042364,0.031274,0.031593,0.034036,0.031576,0.045695,0.044618,0.053285,0.032019,0.034048,0.047073,0.03595,0.033322
0.031558,0.03224,0.03422,0.028773,0.028674,0.036726,0.03535,0.047893,0.035263,0.047704,0.03092,0.036924,0.031666,0.037731,0.038814,0.031242,0.029786,0.028951,0.03122,0.044333,0.039012,0.037635,0.038783,0.031725,0.050133,0.028523,0.054505,0.049862,0.039158,0.037416,0.035821,0.033457,0.029323,0.038327,0.05061,0.048662,0.033966,0.030784,0.037341,0.055691
0.027955,0.028204,0.03059,0.041329,0.029619,0.035318,0.032229,0.044848,0.036154,0.035891,0.041634,0.028795,0.03111,0.029788,0.030494,0.037272,0.030072,0.03939,0.046369,0.033884,0.04892,0.037325,0.027735,0.035814,0.029658,0.036984,0.049271,0.036191,0.050471,0.028046,0.035929,0.051576,0.048764,0.049672,0.037089,0.048866,0.047142,0.032118,0.035361,0.050065
0.028516,0.034649,0.034839,0.030246,0.038262,0.028067,0.037372,0.031453,0.037121,0.048027,0.048348,0.032955,0.038359,0.02972,0.028377,0.028027,0.026918,0.033725,0.03215,0.038575,0.052364,0.031769,0.027156,0.035384,0.03282,0.028465,0.028869,0.026816,0.03372,0.047894,0.037748,0.028445,0.03687,0.044205,0.039239,0.050508,0.028919,0.038293,0.027032,0.040865
0.026489,0.034153,0.02723,0.026877,0.037369,0.036406,0.027813,0.028516,0.032321,0.03581,0.047952,0.031889,0.027811,0.045664,0.02794,0.033154,0.032279,0.039139,0.048935,0.048633,0.04828,0.031727,0.039386,0.048853,0.047773,0.048553,0.035468,0.048583,0.029977,0.046584,0.027257,0.027488,0.038641,0.046879,0.03519,0.053675,0.043646,0.031311,0.037483,0.033777
0.051435,0.047204,0.056934,0.043504,0.038259,0.042895,0.029687,0.041129,0.047091,0.050248,0.037081,0.046298,0.047341,0.037942,0.052849,0.026498,0.037559,0.027864,0.035746,0.034248,0.04809,0.032017,0.036921,0.033093,0.052167,0.032808,0.026844,0.044116,0.026714,0.032823,0.033709,0.029615,0.039042,0.048671,0.033214,0.033618,0.049993,0.050195,0.028436,0.039493
0.050507,0.047874,0.052062,0.039691,0.026039,0.049902,0.028078,0.037641,0.033441,0.037676,0.029725,0.02789,0.032906,0.042273,0.047969,0.045355,0.033768,0.036242,0.048523,0.032746,0.037478,0.027494,0.035098,0.029896,0.038206,0.049419,0.050054,0.049016,0.029628,0.039939,0.039414,0.031067,0.027552,0.030591,0.031709,0.027744,0.026761,0.049625,0.051389,0.033445
0.047249,0.031163,0.027348,0.026133,0.027908,0.042721,0.027767,0.030298,0.038579,0.03692,0.028482,0.040808,0.02903,0.045464,0.033648,0.033271,0.03297,0.027198,0.03083,0.033908,0.034694,0.026414,0.038236,0.033654,0.027261,0.028154,0.045531,0.02661,0.050197,0.048903,0.035938,0.047917,0.048723,0.036265,0.030812,0.032802,0.035295,0.052901,0.026492,0.036632
0.047941,0.03652,0.047623,0.031878,0.027376,0.026321,0.046662,0.037044,0.026788,0.026842,0.03724,0.025686,0.049536,0.027346,0.027162,0.026368,0.037405,0.030144,0.032203,0.035994,0.028439,0.038831,0.044348,0.02717,0.025993,0.031384,0.038992,0.050369,0.026917,0.038647,0.045859,0.039322,0.038692,0.026194,0.028119,0.036087,0.030426,0.028017,0.027507,0.027841
0.028176,0.034213,0.028948,0.027277,0.034629,0.04815,0.03277,0.037097,0.026411,0.039747,0.049772,0.062925,0.035944,0.041688,0.026111,0.051472,0.046782,0.049142,0.037651,0.046699,0.048609,0.031796,0.038046,0.048856,0.04361,0.040905,0.046348,0.036284,0.049169,0.034992,0.054217,0.031975,0.02607,0.035902,0.030832,0.037382,0.051071,0.046138,0.034246,0.035155
0.046409,0.036843,0.04857,0.033404,0.033621,0.03193,0.041791,0.036377,0.031298,0.026332,0.039158,0.036692,0.02999,0.027102,0.031024,0.031887,0.026237,0.025476,0.035849,0.046912,0.032498,0.035556,0.031946,0.027553,0.027736,0.027585,0.035395,0.029513,0.038897,0.048866,0.04912,0.057567,0.032694,0.026248,0.035721,0.038497,0.048769,0.027502,0.034842,0.047186
0.042155,0.026595,0.04884,0.047165,0.037694,0.043105,0.034344,0.041211,0.048772,0.048844,0.027624,0.039734,0.043952,0.034121,0.03749,0.029676,0.037746,0.048673,0.048416,0.036039,0.028841,0.036518,0.028417,0.039216,0.047825,0.032494,0.036132,0.050401,0.028783,0.04204,0.026307,0.036165,0.04819,0.035461,0.053931,0.025496,0.039271,0.028008,0.03099,0.039278
0.053052,0.02499,0.039419,0.03416,0.026806,0.036805,0.029267,0.040245,0.026999,0.036704,0.034372,0.028652,0.039167,0.043074,0.035062,0.035839,0.04003,0.037695,0.029446,0.025536,0.029707,0.03885,0.03583,0.034708,0.035124,0.026016,0.036368,0.027404,0.035341,0.02988,0.03971,0.028705,0.039218,0.044639,0.037122,0.033949,0.045627,0.033441,0.026568,0.026174
0.030175,0.036136,0.03148,0.03392,0.029217,0.039659,0.048366,0.041172,0.026248,0.031277,0.029551,0.040337,0.047368,0.036236,0.028977,0.037721,0.051702,0.028679,0.029003,0.036214,0.039458,0.046924,0.048601,0.035568,0.049226,0.034836,0.048641,0.048503,0.032482,0.034368,0.026846,0.035038,0.02851,0.02572,0.02919,0.046302,0.026617,0.037525,0.035235,0.026447
0.034451,0.032154,0.031996,0.029607,0.040079,0.046964,0.035832,0.033885,0.036319,0.026288,0.037047,0.027561,0.039609,0.031938,0.033524,0.029505,0.040231,0.041045,0.031891,0.026952,0.032617,0.035282,0.026356,0.033897,0.03599,0.029563,0.038835,0.037443,0.025743,0.031084,0.036014,0.035043,0.033268,0.026827,0.040996,0.027271,0.037995,0.033756,0.035349,0.031295
0.03082,0.031127,0.035623,0.033642,0.031347,0.030897,0.026575,0.026645,0.029857,0.039966,0.052337,0.027132,0.026708,0.02517,0.031474,0.033146,0.040685,0.029383,0.034764,0.027888,0.040866,0.026622,0.036282,0.04727,0.036895,0.02915,0.039012,0.029273,0.031314,0.035905,0.049772,0.031795,0.032737,0.034503,0.030416,0.039488,0.038235,0.02484,0.035608,0.029723
0.0375,0.049327,0.032508,0.051001,0.02976,0.037371,0.029306,0.033397,0.035361,0.032707,0.039514,0.025743,0.037949,0.027321,0.040947,0.026127,0.043348,0.030308,0.047551,0.032224,0.029292,0.036275,0.029817,0.040004,0.031319,0.030733,0.035325,0.034394,0.028954,0.031461,0.026404,0.026848,0.037239,0.032732,0.028971,0.039195,0.037242,0.026642,0.032606,0.036268
0.028323,0.038226,0.032612,0.028735,0.038825,0.028865,0.041475,0.026357,0.04233,0.049015,0.025664,0.035636,0.031305,0.027194,0.025615,0.027072,0.036319,0.027155,0.032922,0.02516,0.02898,0.044698,0.028765,0.025465,0.046788,0.033274,0.026099,0.030707,0.027648,0.025922,0.027719,0.035291,0.042334,0.032422,0.026416,0.027961,0.039705,0.04796,0.033133,0.03775
0.025532,0.035483,0.037189,0.032283,0.031381,0.035754,0.027866,0.039977,0.035935,0.02691,0.032969,0.042546,0.026229,0.036796,0.026666,0.034508,0.034826,0.04188,0.025696,0.031206,0.034924,0.040212,0.025984,0.033135,0.033334,0.031601,0.038704,0.029164,0.037472,0.027639,0.038629,0.027775,0.035696,0.037584,0.028153,0.035551,0.032935,0.031423,0.031643,0.038736
0.028608,0.037505,0.031324,0.035172,0.036811,0.026626,0.030253,0.046119,0.025789,0.031077,0.034484,0.034295,0.0315,0.027171,0.026026,0.041238,0.026188,0.050314,0.028262,0.035069,0.031697,0.035562,0.03723,0.025838,0.039189,0.028184,0.038174,0.049146,0.03122,0.037416,0.028675,0.036562,0.027191,0.041809,0.026623,0.033839,0.037292,0.028849,0.032967,0.037444
0.029221,0.035984,0.026773,0.025223,0.037989,0.025103,0.03465,0.032809,0.033268,0.035442,0.033462,0.027984,0.039047,0.032251,0.032007,0.034353,0.029615,0.04541,0.025325,0.030108,0.036175,0.040647,0.025802,0.032097,0.033208,0.032584,0.037708,0.036686,0.026508,0.038485,0.043688,0.03954,0.041729,0.027327,0.026092,0.032379,0.034759,0.033071,0.031676,0.033709
0.037618,0.040706,0.025365,0.044883,0.025571,0.025274,0.038824,0.048099,0.034208,0.027557,0.03587,0.036255,0.028863,0.038247,0.03299,0.031606,0.038351,0.02641,0.039822,0.027448,0.036304,0.033306,0.028355,0.037847,0.027299,0.039601,0.028381,0.037085,0.032355,0.027016,0.025823,0.029119,0.034093,0.026895,0.033932,0.026612,0.028558,0.039083,0.027151,0.037391
0.035332,0.027607,0.037032,0.028083,0.038521,0.027906,0.038301,0.032436,0.026691,0.026767,0.027551,0.02747,0.025844,0.033926,0.038818,0.026069,0.033679,0.029713,0.034845,0.026646,0.033131,0.025936,0.028748,0.041008,0.026013,0.035335,0.034309,0.037647,0.028515,0.034946,0.030189,0.038984,0.029327,0.0335,0.029823,0.039486,0.029921,0.034746,0.031642,0.036407
0.031641,0.037508,0.026845,0.037756,0.032578,0.027994,0.04075,0.026422,0.044713,0.024959,0.032553,0.034726,0.029859,0.0264,0.029145,0.02768,0.039494,0.028925,0.040119,0.025952,0.036795,0.049544,0.031858,0.034018,0.033437,0.032633,0.035204,0.034917,0.036604,0.025387,0.036865,0.027115,0.042184,0.02574,0.034125,0.037108,0.02895,0.040507,0.027805,0.03575
0.028555,0.034046,0.039195,0.027136,0.044907,0.02548,0.03279,0.035709,0.032113,0.034624,0.035057,0.026825,0.039612,0.02636,0.039822,0.027108,0.036257,0.035134,0.052714,0.025166,0.045629,0.026977,0.031961,0.031432,0.036275,0.048693,0.035821,0.036537,0.028555,0.031534,0.025991,0.025534,0.028666,0.039229,0.029258,0.039888,0.029638,0.027842,0.040502,0.036167
0.027742,0.029945,0.044705,0.025821,0.031325,0.037401,0.026506,0.040038,0.036508,0.026502,0.030699,0.038687,0.031972,0.03571,0.026698,0.037425,0.033128,0.034465,0.031574,0.033867,0.036362,0.031426,0.033191,0.030838,0.032898,0.028515,0.026437,0.026536,0.040558,0.026955,0.032774,0.038278,0.028706,0.033553,0.037112,0.034464,0.039255,0.025872,0.032662,0.034853
0.027682,0.040718,0.028309,0.033771,0.035894,0.034001,0.028862,0.040777,0.026006,0.034204,0.036085,0.03683,0.0268,0.035914,0.034836,0.031079,0.034851,0.032122,0.029549,0.039772,0.029357,0.037806,0.033914,0.02956,0.032139,0.035289,0.033714,0.030734,0.026425,0.035305,0.02571,0.034636,0.026534,0.039256,0.027621,0.037893,0.029143,0.036998,0.031127,0.032651
0.037043,0.028218,0.033298,0.040734,0.026462,0.037785,0.031275,0.032868,0.031478,0.036587,0.035962,0.027677,0.038362,0.028293,0.036636,0.050871,0.054617,0.039297,0.039116,0.03042,0.035543,0.031948,0.034323,0.03087,0.040762,0.027029,0.03026,0.027011,0.032862,0.030693,0.039958,0.026544,0.031145,0.035735,0.027596,0.035719,0.029027,0.037834,0.029267,0.039493
0.034862,0.03417,0.02519,0.035333,0.032596,0.030514,0.036779,0.033646,0.041872,0.025136,0.033396,0.039781,0.030297,0.027441,0.027251,0.029097,0.026844,0.027367,0.025349,0.033712,0.032307,0.03173,0.025963,0.02662,0.030459,0.03709,0.031134,0.038353,0.027624,0.036274,0.035348,0.028337,0.036589,0.031692,0.035839,0.034968,0.027546,0.038179,0.027766,0.029438
0.025582,0.030992,0.032225,0.036085,0.044798,0.033524,0.035852,0.034469,0.048642,0.032757,0.03711,0.028773,0.041288,0.029403,0.04703,0.033109,0.035624,0.032696,0.033719,0.026273,0.041757,0.046756,0.034696,0.039674,0.034076,0.034318,0.025362,0.027335,0.032381,0.025812,0.030487,0.030253,0.039796,0.026913,0.039147,0.04003,0.026163,0.028046,0.038181,0.030836
0.040293,0.035253,0.025985,0.030298,0.038807,0.028485,0.034086,0.035853,0.03959,0.025803,0.032268,0.034119,0.035759,0.035901,0.027523,0.030483,0.037116,0.034917,0.032083,0.033166,0.030608,0.037141,0.037408,0.026817,0.034589,0.035321,0.034758,0.027487,0.038512,0.027132,0.039688,0.028151,0.034342,0.029949,0.046968,0.026491,0.029975,0.041962,0.025274,0.03707
0.03325,0.027047,0.026433,0.025871,0.034073,0.031799,0.037046,0.036564,0.025984,0.035203,0.031522,0.043823,0.026498,0.031067,0.035951,0.033122,0.029809,0.038498,0.028144,0.035333,0.032395,0.037031,0.049425,0.028418,0.038055,0.029595,0.034355,0.038818,0.025043,0.033684,0.026377,0.025783,0.030887,0.038706,0.027494,0.042046,0.026789,0.04332,0.026224,0.03335
0.028036,0.042371,0.026025,0.040639,0.02545,0.036295,0.028394,0.040938,0.026883,0.038731,0.031681,0.035619,0.04819,0.031124,0.033811,0.033273,0.033397,0.032925,0.037817,0.027887,0.0346,0.034831,0.033435,0.036595,0.026622,0.030143,0.02569,0.028456,0.041364,0.026689,0.034134,0.031388,0.031736,0.044233,0.030296,0.03025,0.027665,0.036683,0.036661,0.026407
0.039314,0.027845,0.038768,0.028084,0.034523,0.034064,0.035237,0.035047,0.027574,0.038089,0.032234,0.031179,0.037879,0.049043,0.048262,0.035831,0.035652,0.025425,0.037174,0.040843,0.024773,0.035375,0.033057,0.028518,0.038488,0.032448,0.033959,0.03112,0.035679,0.028854,0.042604,0.033633,0.048894,0.026478,0.033792,0.0285,0.042726,0.02778,0.040917,0.026381
0.036106,0.048818,0.039089,0.03506,0.027285,0.028847,0.038426,0.030945,0.032941,0.033985,0.041431,0.026634,0.04018,0.025699,0.034268,0.02799,0.039519,0.028939,0.037035,0.032051,0.031719,0.035646,0.028258,0.039346,0.026953,0.035132,0.034758,0.03482,0.034781,0.034585,0.026658,0.036624,0.036612,0.026367,0.037388,0.033239,0.029262,0.040163,0.025957,0.040098
0.035124,0.026566,0.038682,0.048505,0.054921,0.02496,0.03722,0.028621,0.036436,0.034777,0.028604,0.036607,0.03162,0.042507,0.049181,0.025734,0.042004,0.032182,0.034113,0.025846,0.030984,0.039009,0.025408,0.037154,0.036584,0.026742,0.040428,0.027665,0.039194,0.026292,0.040761,0.026914,0.037508,0.034159,0.027384,0.031974,0.025015,0.036276,0.032541,0.034985
0.025965,0.031317,0.03764,0.02865,0.036433,0.034931,0.028339,0.039354,0.027896,0.036626,0.034462,0.035856,0.027826,0.03038,0.039634,0.029373,0.040408,0.025698,0.036307,0.048624,0.040887,0.030768,0.03777,0.025225,0.028792,0.03925,0.03494,0.025369,0.041801,0.026676,0.036796,0.027808,0.040649,0.027569,0.037238,0.036043,0.034748,0.027561,0.0348,0.033554
0.033886,0.028507,0.038718,0.033228,0.046759,0.035076,0.037143,0.026496,0.03541,0.03146,0.038481,0.047884,0.03376,0.028563,0.026605,0.032644,0.027323,0.031913,0.027095,0.025851,0.033835,0.027153,0.026733,0.025055,0.025937,0.024603,0.036731,0.028057,0.039015,0.030971,0.029891,0.025273,0.034423,0.029666,0.034009,0.028169,0.037473,0.030641,0.034739,0.036491
