0.048648,0.039584,0.033959,0.039224,0.035108,0.037928,0.035265,0.036464,0.045536,0.047326,0.042324,0.034591,0.034924,0.054453,0.042252,0.037616,0.034298,0.035747,0.034963,0.039455,0.033269,0.035305,0.03438,0.035007,0.045559,0.036177,0.034816,0.034945,0.035976,0.046907,0.048636,0.052238,0.044552,0.038587,0.035019,0.035076,0.034871,0.034923,0.035234,0.035412
0.024056,0.037925,0.048417,0.050013,0.030684,0.026419,0.024954,0.031817,0.035158,0.030683,0.032685,0.024974,0.024997,0.037333,0.033062,0.048978,0.042549,0.027258,0.035981,0.026741,0.036813,0.047638,0.035565,0.052483,0.031136,0.029628,0.03399,0.034453,0.0389,0.046724,0.028946,0.038934,0.028697,0.035359,0.046821,0.038207,0.032874,0.047053,0.040413,0.044923
0.02736,0.031121,0.031957,0.021962,0.034247,0.033564,0.034645,0.035429,0.049785,0.027906,0.023022,0.024768,0.029406,0.02654,0.032025,0.022839,0.024584,0.036865,0.048842,0.034493,0.027207,0.023822,0.030384,0.024146,0.029447,0.028005,0.029609,0.024997,0.02737,0.02267,0.034643,0.036952,0.023597,0.035968,0.04837,0.039355,0.026466,0.036639,0.031361,0.034598
0.035717,0.048281,0.035875,0.046475,0.03475,0.050796,0.048701,0.036223,0.031273,0.042654,0.037178,0.041886,0.021602,0.038164,0.031136,0.037093,0.044838,0.02138,0.047112,0.034863,0.047668,0.038244,0.04642,0.035497,0.037526,0.048359,0.045619,0.03473,0.030334,0.035224,0.030184,0.022154,0.025624,0.023977,0.031138,0.032684,0.026178,0.027072,0.031759,0.036704
0.042927,0.0425,0.042768,0.034422,0.036202,0.030074,0.031274,0.035896,0.034575,0.025425,0.03543,0.037899,0.04824,0.031624,0.027815,0.030876,0.023516,0.039975,0.030246,0.021934,0.031349,0.03029,0.030464,0.036184,0.027253,0.036295,0.034365,0.034374,0.021981,0.024192,0.044898,0.022805,0.039824,0.041757,0.042638,0.028846,0.034344,0.034031,0.048465,0.04194
0.029035,0.031764,0.038056,0.02236,0.030987,0.033225,0.042785,0.046233,0.041043,0.021882,0.039532,0.048488,0.038031,0.029064,0.030756,0.03577,0.035761,0.041873,0.040816,0.033682,0.042106,0.041614,0.031335,0.031564,0.034923,0.031758,0.039763,0.032203,0.048999,0.025872,0.022542,0.029459,0.023861,0.034565,0.026921,0.02903,0.021287,0.032134,0.040778,0.021339
0.03478,0.035259,0.023063,0.033185,0.028577,0.033773,0.034591,0.032789,0.0371,0.023715,0.020151,0.020882,0.026133,0.027091,0.030264,0.026381,0.034999,0.034005,0.035213,0.033689,0.029089,0.034575,0.03566,0.033943,0.036185,0.03003,0.032732,0.04078,0.029799,0.032624,0.042416,0.022171,0.026413,0.035009,0.027418,0.025766,0.032014,0.036769,0.032342,0.037368
0.042224,0.038969,0.047339,0.034816,0.049707,0.035138,0.026873,0.036142,0.019727,0.031635,0.030327,0.041648,0.042895,0.041626,0.02216,0.034454,0.020852,0.033337,0.031485,0.020718,0.02851,0.032711,0.035129,0.034788,0.033069,0.021397,0.030653,0.035717,0.027329,0.033456,0.034565,0.033652,0.033249,0.033276,0.028394,0.038689,0.049353,0.048074,0.054259,0.042732
0.036371,0.040614,0.038073,0.039439,0.035287,0.048601,0.048135,0.035853,0.047558,0.035264,0.02774,0.034705,0.042254,0.023401,0.033512,0.034431,0.04048,0.043277,0.020619,0.033094,0.049718,0.048643,0.034861,0.049615,0.033836,0.0288,0.035634,0.035498,0.047305,0.036339,0.047789,0.035903,0.047811,0.023702,0.021276,0.039175,0.042187,0.047511,0.021975,0.034766
0.035422,0.020655,0.029734,0.03291,0.034213,0.035026,0.04831,0.048702,0.036857,0.047127,0.035211,0.033419,0.031262,0.032881,0.021037,0.034551,0.025432,0.041144,0.031461,0.029136,0.033822,0.035266,0.047619,0.041803,0.021481,0.042492,0.034102,0.023558,0.038592,0.049158,0.035876,0.02671,0.035488,0.035528,0.034492,0.049267,0.034933,0.040928,0.019653,0.034584
0.042854,0.041945,0.035984,0.047739,0.029268,0.020924,0.040129,0.024229,0.033204,0.034656,0.03473,0.036131,0.047658,0.020903,0.027927,0.03732,0.045317,0.037266,0.0267,0.028325,0.021377,0.042466,0.027586,0.032935,0.028721,0.04275,0.047961,0.033716,0.048834,0.030842,0.03919,0.03002,0.033579,0.034151,0.049242,0.048704,0.028763,0.025011,0.029169,0.032212
0.020335,0.031664,0.020912,0.02783,0.020548,0.036093,0.023743,0.037835,0.033394,0.033505,0.031586,0.035055,0.034358,0.049398,0.048396,0.035195,0.048215,0.03504,0.048436,0.036165,0.030575,0.032056,0.035297,0.034218,0.048246,0.034729,0.048764,0.035758,0.047632,0.029977,0.034772,0.034907,0.040236,0.041572,0.035953,0.03401,0.049584,0.048272,0.03641,0.047783
0.034966,0.043856,0.039762,0.048572,0.047085,0.036496,0.046501,0.038543,0.027045,0.034858,0.020873,0.028594,0.035408,0.034168,0.025391,0.023468,0.034892,0.047779,0.036257,0.034343,0.048619,0.034314,0.049059,0.048462,0.035872,0.039067,0.022947,0.035906,0.034377,0.048697,0.036037,0.04739,0.037777,0.046373,0.048689,0.044877,0.026821,0.026629,0.033485,0.041847
0.032783,0.031007,0.03005,0.030059,0.038148,0.047259,0.034562,0.042462,0.042914,0.047487,0.030363,0.033667,0.03975,0.031487,0.027337,0.033288,0.040473,0.027277,0.037691,0.04861,0.035118,0.032393,0.032852,0.032923,0.034148,0.054055,0.037209,0.046862,0.024478,0.038819,0.049099,0.048517,0.034378,0.048806,0.036093,0.048289,0.04934,0.034741,0.048498,0.036413
0.047562,0.033953,0.049261,0.049239,0.035143,0.048621,0.034099,0.049119,0.035603,0.047988,0.033321,0.033263,0.030874,0.036245,0.034856,0.047415,0.035331,0.048979,0.048588,0.03498,0.04893,0.035587,0.048368,0.03559,0.030188,0.032857,0.034141,0.034105,0.04959,0.03489,0.048442,0.04816,0.029757,0.03467,0.034435,0.040967,0.042903,0.03475,0.034876,0.034
0.048547,0.036705,0.0315,0.031398,0.034217,0.033677,0.04874,0.036988,0.029766,0.031419,0.03549,0.03423,0.049238,0.037543,0.029989,0.026333,0.038524,0.037154,0.030168,0.030823,0.026555,0.02948,0.031323,0.03102,0.020242,0.030766,0.034199,0.034641,0.030427,0.036144,0.050125,0.04219,0.035775,0.042202,0.026772,0.034121,0.028086,0.042738,0.041105,0.035022
0.034673,0.041149,0.042557,0.035889,0.034556,0.035165,0.02476,0.038127,0.033222,0.03194,0.031361,0.036786,0.033938,0.033563,0.029835,0.040557,0.030065,0.032397,0.035907,0.02843,0.033815,0.035324,0.047602,0.028504,0.03461,0.043813,0.023449,0.045819,0.029885,0.027556,0.038603,0.041817,0.036023,0.035602,0.034955,0.030077,0.027533,0.038549,0.036185,0.047396
0.035296,0.036081,0.028443,0.033591,0.034811,0.03547,0.029374,0.038946,0.043095,0.035448,0.040751,0.020345,0.036414,0.034161,0.035727,0.034266,0.047795,0.035359,0.035123,0.02422,0.039412,0.034741,0.034086,0.029237,0.040163,0.029749,0.034424,0.034411,0.034962,0.024577,0.037228,0.035712,0.033073,0.032239,0.037921,0.022927,0.033705,0.041881,0.023269,0.040243
0.034811,0.037782,0.020408,0.03914,0.032247,0.030197,0.035943,0.033849,0.035839,0.035289,0.028341,0.034006,0.033928,0.034001,0.034735,0.030762,0.032748,0.020484,0.030003,0.020399,0.031358,0.035417,0.036456,0.021163,0.034447,0.042478,0.0281,0.035705,0.033471,0.03004,0.022411,0.027113,0.020286,0.028481,0.033233,0.034535,0.034931,0.028356,0.03497,0.034814
0.034663,0.040473,0.0329,0.022623,0.036336,0.030557,0.040052,0.033998,0.031481,0.031707,0.033789,0.038171,0.045436,0.035592,0.032564,0.030604,0.04118,0.041246,0.035899,0.034287,0.031699,0.031356,0.034819,0.035396,0.033582,0.030122,0.033849,0.035154,0.033709,0.029662,0.033841,0.035834,0.053793,0.027708,0.036212,0.047874,0.035547,0.028411,0.035153,0.034082
0.035108,0.036005,0.031037,0.029557,0.035728,0.034598,0.033291,0.033226,0.038112,0.029027,0.033477,0.030178,0.033322,0.035167,0.033908,0.035068,0.03581,0.023465,0.038091,0.028993,0.040982,0.02679,0.043377,0.028871,0.034472,0.028232,0.039497,0.030779,0.034803,0.027084,0.035564,0.034256,0.035639,0.031437,0.033049,0.033392,0.034404,0.048034,0.034211,0.035662
0.026674,0.036861,0.03413,0.035541,0.029155,0.033221,0.035049,0.034667,0.048022,0.035786,0.035013,0.030681,0.032287,0.033568,0.034386,0.029302,0.047005,0.029426,0.024891,0.035521,0.033562,0.030845,0.036728,0.033414,0.029272,0.039907,0.042767,0.033843,0.036546,0.047463,0.035882,0.047787,0.025345,0.021005,0.037819,0.035527,0.035256,0.029655,0.032023,0.036029
0.033136,0.029349,0.035263,0.031991,0.03653,0.028908,0.03431,0.034913,0.035035,0.029622,0.031783,0.036487,0.034283,0.036368,0.032119,0.036879,0.029054,0.032718,0.01997,0.030033,0.02099,0.023781,0.027112,0.029189,0.030197,0.019649,0.032885,0.031684,0.020308,0.024984,0.019802,0.0195,0.020491,0.029347,0.020484,0.024206,0.025533,0.028285,0.020823,0.028623
0.020051,0.033803,0.031473,0.020351,0.031077,0.031205,0.038852,0.022944,0.039017,0.032843,0.030099,0.041108,0.042092,0.034901,0.035545,0.021087,0.024134,0.039339,0.032425,0.034834,0.032535,0.030873,0.033797,0.035049,0.03077,0.020037,0.02009,0.028047,0.034916,0.029852,0.033273,0.019981,0.031192,0.031387,0.036741,0.033663,0.032692,0.037685,0.023544,0.039532
0.031915,0.020077,0.037316,0.021032,0.035667,0.04093,0.022746,0.034291,0.034906,0.040492,0.030084,0.034333,0.03204,0.035082,0.042791,0.036794,0.040214,0.041215,0.042959,0.025417,0.037276,0.031577,0.031101,0.035341,0.03249,0.03483,0.033797,0.040764,0.02773,0.032935,0.029844,0.033676,0.034634,0.033572,0.029559,0.040066,0.029883,0.036855,0.027487,0.038752
0.026279,0.036714,0.033566,0.02995,0.040772,0.034969,0.032656,0.027533,0.034552,0.036161,0.030122,0.031878,0.031998,0.039862,0.023422,0.040944,0.030406,0.030576,0.036332,0.033839,0.034876,0.048025,0.034902,0.028984,0.034832,0.035756,0.027234,0.043041,0.035263,0.021425,0.039659,0.03407,0.029761,0.035039,0.035209,0.033603,0.02904,0.039893,0.030354,0.037797
0.023134,0.03505,0.039614,0.031573,0.030248,0.019756,0.03345,0.033328,0.031135,0.038644,0.030409,0.034499,0.033078,0.034566,0.029921,0.036492,0.028913,0.034448,0.031382,0.034553,0.034677,0.035658,0.028242,0.034407,0.035006,0.048337,0.03454,0.033058,0.030235,0.034217,0.035356,0.03609,0.031445,0.033246,0.03159,0.035373,0.048197,0.034347,0.030036,0.033404
0.036004,0.033482,0.049599,0.035696,0.047599,0.035314,0.033485,0.042328,0.036976,0.033513,0.040876,0.027078,0.035002,0.029932,0.040269,0.030571,0.039826,0.022366,0.034291,0.034204,0.035383,0.033006,0.042835,0.042651,0.029352,0.032183,0.034994,0.036453,0.035661,0.023205,0.037889,0.035223,0.048321,0.035869,0.047961,0.033083,0.027946,0.037026,0.034935,0.028128
0.041603,0.028333,0.034357,0.034121,0.033736,0.032166,0.032834,0.034294,0.036002,0.02887,0.033935,0.029486,0.040571,0.033739,0.027698,0.035198,0.035245,0.033572,0.034546,0.0361,0.034948,0.029784,0.032668,0.031676,0.031256,0.034997,0.049096,0.03532,0.033679,0.033604,0.033028,0.031941,0.035738,0.047554,0.035702,0.033619,0.030631,0.032942,0.03506,0.047937
0.034744,0.036418,0.029901,0.038523,0.024793,0.037624,0.032477,0.037908,0.022824,0.041326,0.02512,0.036996,0.033652,0.03514,0.034068,0.032286,0.030575,0.035983,0.034458,0.032689,0.033859,0.026875,0.040082,0.02882,0.040387,0.040901,0.037173,0.034928,0.033592,0.035621,0.02562,0.036419,0.035685,0.034509,0.036074,0.02717,0.034816,0.040507,0.042686,0.034719
0.03852,0.026113,0.033613,0.03537,0.033865,0.03417,0.027469,0.034916,0.036295,0.035344,0.032801,0.028139,0.035705,0.034913,0.034762,0.030404,0.039848,0.023951,0.038223,0.027623,0.035907,0.040083,0.033513,0.022275,0.036084,0.03479,0.035485,0.0336,0.036009,0.024526,0.039271,0.033973,0.03387,0.030521,0.039266,0.029898,0.032703,0.036646,0.028017,0.042687
0.021633,0.032371,0.035323,0.029806,0.039408,0.035511,0.030638,0.036388,0.03075,0.034884,0.034327,0.027882,0.035798,0.033715,0.033739,0.030698,0.034043,0.034813,0.033873,0.035871,0.036132,0.026984,0.033358,0.035583,0.02877,0.034579,0.03445,0.036063,0.032811,0.036017,0.023665,0.03912,0.03388,0.026393,0.023875,0.031757,0.029938,0.04122,0.04204,0.041106
0.029908,0.033282,0.032344,0.030716,0.036442,0.034586,0.032263,0.033239,0.031774,0.040169,0.034003,0.022556,0.035989,0.034605,0.033664,0.035823,0.030206,0.031884,0.0416,0.019811,0.036389,0.019252,0.035142,0.032101,0.032568,0.020342,0.030823,0.033864,0.034103,0.038083,0.027732,0.031789,0.031217,0.019638,0.038845,0.025152,0.039114,0.033057,0.030007,0.039137
0.029898,0.033447,0.027871,0.021282,0.020378,0.030562,0.031982,0.034076,0.034452,0.031123,0.041147,0.021381,0.04137,0.024161,0.039272,0.034085,0.02967,0.040218,0.029679,0.047146,0.035485,0.048529,0.035812,0.033623,0.032358,0.031148,0.03493,0.034524,0.035439,0.028326,0.037799,0.030003,0.029594,0.034089,0.035707,0.040007,0.029008,0.032325,0.037079,0.03095
0.033152,0.034142,0.033591,0.029525,0.034714,0.034845,0.048019,0.034811,0.0366,0.023951,0.038102,0.039667,0.030591,0.028411,0.039917,0.029231,0.028027,0.04099,0.028553,0.040287,0.026122,0.035186,0.032535,0.031716,0.036091,0.034064,0.029279,0.040306,0.04326,0.040132,0.027732,0.03609,0.035565,0.030716,0.032315,0.034369,0.034216,0.02851,0.034879,0.034077
0.035856,0.03274,0.030322,0.033297,0.035725,0.028178,0.034732,0.034877,0.03415,0.034658,0.049509,0.0344,0.033327,0.03203,0.031179,0.036793,0.034968,0.035343,0.022324,0.038591,0.019744,0.031963,0.033909,0.034108,0.030406,0.032568,0.034236,0.034722,0.034069,0.031747,0.031032,0.034614,0.029516,0.041397,0.029603,0.033931,0.035221,0.048314,0.034892,0.034824
0.028927,0.033543,0.035316,0.04858,0.03479,0.035789,0.032891,0.029945,0.034604,0.035021,0.031305,0.030076,0.024967,0.026637,0.039069,0.023156,0.019622,0.020327,0.030668,0.020387,0.030569,0.020452,0.031009,0.031976,0.037103,0.029907,0.024639,0.029995,0.025325,0.036698,0.034067,0.031237,0.03354,0.035021,0.034662,0.034642,0.026273,0.035678,0.035424,0.034828
0.048403,0.041031,0.027089,0.030832,0.034381,0.035262,0.029075,0.038808,0.02982,0.033176,0.034217,0.036343,0.025546,0.037888,0.034307,0.03211,0.032095,0.034087,0.040208,0.020839,0.035957,0.041422,0.024165,0.039311,0.033506,0.033112,0.034994,0.028097,0.037596,0.041497,0.044022,0.0278,0.02822,0.039967,0.033577,0.031955,0.032096,0.033349,0.036137,0.035477
0.028194,0.040375,0.028849,0.035714,0.031384,0.033177,0.048279,0.031969,0.035586,0.03392,0.035976,0.029569,0.033376,0.034316,0.034371,0.028665,0.036143,0.034133,0.027566,0.041734,0.029159,0.03451,0.034786,0.02493,0.037147,0.040201,0.027249,0.037201,0.03207,0.032452,0.033747,0.033143,0.036718,0.0298,0.02028,0.02636,0.024649,0.031846,0.029574,0.020466
0.031804,0.028255,0.024166,0.023741,0.024873,0.020474,0.021576,0.019844,0.020177,0.020163,0.023503,0.020862,0.020298,0.036235,0.024841,0.020124,0.020366,0.0299,0.033732,0.029098,0.033843,0.03461,0.034266,0.034048,0.029404,0.035876,0.034541,0.03383,0.034955,0.030907,0.032733,0.034314,0.032017,0.034983,0.030504,0.034679,0.034547,0.036564,0.029689,0.031979
