0.054071,0.041405,0.03757,0.036559,0.042618,0.037306,0.053401,0.038859,0.036423,0.035971,0.053409,0.036939,0.038353,0.039281,0.053749,0.048043,0.050193,0.037222,0.038069,0.037427,0.037433,0.0409,0.040734,0.051713,0.043124,0.039717,0.051262,0.049995,0.049481,0.036843,0.040181,0.036409,0.058327,0.043735,0.052649,0.048184,0.049965,0.04992,0.038443,0.03862
0.025002,0.032985,0.034216,0.052873,0.053064,0.026739,0.034876,0.030911,0.035326,0.034933,0.046901,0.037171,0.04704,0.041526,0.038502,0.040371,0.028793,0.039695,0.053432,0.033558,0.03493,0.027827,0.037409,0.035847,0.033437,0.034418,0.026774,0.033594,0.035705,0.038026,0.028337,0.02639,0.050987,0.048528,0.047969,0.034484,0.039133,0.027119,0.032921,0.035516
0.044079,0.024558,0.024497,0.037087,0.053822,0.027621,0.03927,0.051275,0.024682,0.032104,0.041857,0.048247,0.045078,0.034077,0.03719,0.032387,0.033974,0.048658,0.049198,0.045517,0.036982,0.029492,0.041105,0.031883,0.044695,0.035746,0.038318,0.050171,0.028637,0.039776,0.026979,0.035012,0.048722,0.03247,0.040884,0.025423,0.04146,0.032376,0.025999,0.036359
0.026521,0.02499,0.031764,0.036386,0.034426,0.033071,0.028367,0.047947,0.035596,0.048312,0.035713,0.04725,0.034847,0.052314,0.051026,0.033332,0.044468,0.036485,0.053382,0.025598,0.041479,0.027637,0.036342,0.034114,0.048291,0.040239,0.023714,0.04094,0.034485,0.035284,0.039876,0.035255,0.047988,0.035104,0.056294,0.028481,0.032999,0.048782,0.048818,0.049564
0.033124,0.035915,0.029402,0.040036,0.029862,0.046178,0.042319,0.023985,0.033595,0.033929,0.035945,0.047113,0.035592,0.03464,0.049847,0.053379,0.026977,0.038363,0.033686,0.028141,0.023605,0.025376,0.02318,0.028468,0.036532,0.034556,0.032264,0.045208,0.033119,0.02498,0.024326,0.038613,0.03204,0.051177,0.047403,0.04979,0.036,0.034937,0.030859,0.032059
0.036909,0.045009,0.035883,0.048044,0.035858,0.048391,0.048628,0.030671,0.039931,0.030416,0.033696,0.03575,0.047743,0.037165,0.050191,0.027541,0.036606,0.037375,0.033608,0.024943,0.039992,0.028118,0.029664,0.022654,0.049974,0.047283,0.035956,0.047965,0.054802,0.031002,0.047612,0.033003,0.035789,0.049773,0.04853,0.035107,0.047875,0.039081,0.047685,0.035184
0.044721,0.049943,0.048609,0.034812,0.035115,0.048548,0.054177,0.026562,0.038469,0.045968,0.037246,0.033906,0.030991,0.046535,0.035405,0.034851,0.048335,0.0354,0.048632,0.047901,0.036498,0.051818,0.045608,0.033647,0.036488,0.047179,0.035562,0.048962,0.035538,0.048828,0.033238,0.050455,0.032721,0.050749,0.048706,0.048768,0.034909,0.054212,0.036487,0.021933
0.03872,0.043055,0.038464,0.044906,0.036214,0.033372,0.036016,0.048542,0.04862,0.035371,0.053945,0.025304,0.038797,0.03424,0.049561,0.031515,0.052138,0.035692,0.048118,0.029927,0.03359,0.044422,0.044906,0.028841,0.036797,0.028959,0.04584,0.041145,0.026575,0.036526,0.049216,0.054418,0.03081,0.042781,0.040632,0.047709,0.035704,0.047598,0.049034,0.035435
0.047934,0.034715,0.049392,0.033953,0.043913,0.041388,0.03575,0.030732,0.031144,0.040147,0.04949,0.024444,0.038744,0.031043,0.034616,0.046976,0.034704,0.035424,0.033834,0.03321,0.032622,0.03028,0.023866,0.031048,0.025537,0.021953,0.032209,0.03501,0.034022,0.033359,0.044207,0.040294,0.027231,0.037157,0.033227,0.033788,0.030072,0.034804,0.035583,0.032188
0.03773,0.026899,0.038105,0.032251,0.032097,0.033302,0.028515,0.027057,0.022659,0.037302,0.033465,0.049681,0.047777,0.037363,0.034171,0.030416,0.032695,0.02206,0.033344,0.0413,0.042037,0.025361,0.039373,0.051915,0.025218,0.03995,0.031644,0.04506,0.041089,0.041787,0.034712,0.034859,0.034802,0.049454,0.048907,0.040734,0.04191,0.035797,0.048686,0.048644
0.035081,0.036278,0.03211,0.049377,0.049664,0.043532,0.042456,0.034135,0.029394,0.045471,0.039988,0.044525,0.035731,0.035469,0.031734,0.049476,0.044402,0.041426,0.046771,0.030414,0.039608,0.032844,0.051299,0.036709,0.026517,0.034602,0.04724,0.037214,0.048423,0.048147,0.0361,0.047592,0.04135,0.02387,0.038702,0.042789,0.035882,0.034875,0.035165,0.047134
0.035337,0.043163,0.041493,0.047483,0.036069,0.047668,0.048765,0.041426,0.024763,0.039311,0.02834,0.040322,0.042752,0.035812,0.047939,0.034774,0.048119,0.036201,0.047675,0.034309,0.048983,0.054714,0.031088,0.042708,0.034254,0.033887,0.035249,0.035499,0.029313,0.039433,0.0361,0.027992,0.033855,0.047552,0.036625,0.05327,0.02654,0.038192,0.033379,0.049232
0.032493,0.031836,0.034454,0.0418,0.028571,0.028166,0.032412,0.022809,0.029817,0.029744,0.037355,0.054026,0.027328,0.037111,0.030166,0.03706,0.043827,0.041608,0.025173,0.037456,0.035248,0.048871,0.026697,0.025833,0.026881,0.032915,0.035183,0.037886,0.02882,0.051133,0.049072,0.04823,0.035862,0.049164,0.047991,0.036109,0.040603,0.022769,0.03358,0.035154
0.043615,0.045028,0.026694,0.037059,0.034861,0.0294,0.03356,0.035385,0.036142,0.030498,0.04525,0.034124,0.035019,0.048689,0.035463,0.048222,0.03538,0.048739,0.048434,0.036115,0.046931,0.036676,0.047965,0.035336,0.048598,0.048741,0.03349,0.037096,0.031923,0.050555,0.049265,0.048476,0.036607,0.031417,0.050366,0.051166,0.035885,0.023178,0.043246,0.030476
0.031768,0.036447,0.030791,0.045156,0.035276,0.035743,0.033375,0.054482,0.026085,0.037671,0.033466,0.050107,0.03243,0.044278,0.036129,0.041008,0.029576,0.028119,0.033892,0.035011,0.040795,0.023805,0.038844,0.036638,0.028581,0.047085,0.035233,0.034864,0.031653,0.032627,0.033815,0.035235,0.033344,0.049745,0.048507,0.048408,0.03607,0.047415,0.036672,0.045107
0.030635,0.041176,0.048685,0.049096,0.054273,0.025649,0.038812,0.048593,0.048541,0.035601,0.04732,0.05517,0.027287,0.038471,0.030504,0.034284,0.046244,0.034028,0.035528,0.05255,0.029994,0.036179,0.032529,0.043458,0.035101,0.036102,0.034439,0.048123,0.049822,0.035259,0.03814,0.025605,0.032162,0.03618,0.033988,0.03596,0.030811,0.034718,0.032482,0.034348
0.034815,0.031017,0.036598,0.0307,0.037082,0.032147,0.026863,0.021734,0.028979,0.032351,0.036402,0.034215,0.034547,0.0316,0.034972,0.02956,0.036788,0.033492,0.030556,0.031494,0.037054,0.033735,0.029476,0.034406,0.05484,0.041761,0.036221,0.031214,0.038387,0.034397,0.031113,0.034305,0.050839,0.031204,0.034241,0.028122,0.034716,0.041735,0.048749,0.040866
0.036459,0.035521,0.038586,0.023663,0.040519,0.02992,0.036473,0.031687,0.030726,0.033522,0.034873,0.033118,0.036029,0.032589,0.030871,0.034007,0.035887,0.031671,0.030403,0.036041,0.047486,0.034636,0.035912,0.030819,0.037259,0.026377,0.036729,0.029687,0.041532,0.024377,0.03773,0.042498,0.021669,0.040421,0.039426,0.036646,0.038383,0.02912,0.036274,0.037304
0.027469,0.033797,0.035231,0.032213,0.029461,0.035391,0.035972,0.033419,0.032784,0.032413,0.032575,0.055023,0.025869,0.038158,0.036101,0.030648,0.030377,0.035414,0.049672,0.03532,0.030144,0.052313,0.033658,0.036437,0.022377,0.040239,0.036002,0.030074,0.0348,0.03008,0.036736,0.033611,0.028739,0.041326,0.029545,0.031266,0.03297,0.031253,0.036233,0.033874
0.031793,0.030805,0.035804,0.035534,0.032135,0.036401,0.028569,0.037592,0.033572,0.029558,0.034982,0.032332,0.034889,0.028836,0.033902,0.022718,0.030018,0.038744,0.023363,0.039173,0.034614,0.029964,0.035495,0.037658,0.022153,0.034388,0.038788,0.044545,0.041378,0.026163,0.037596,0.035212,0.025339,0.036476,0.035508,0.035233,0.02988,0.033231,0.034903,0.04794
0.035394,0.034726,0.03335,0.030727,0.032445,0.0361,0.035276,0.030886,0.034324,0.030524,0.036157,0.031652,0.034195,0.030239,0.030202,0.041413,0.041286,0.035528,0.035623,0.034489,0.04145,0.02272,0.038839,0.030241,0.037547,0.027499,0.029808,0.042447,0.02509,0.039487,0.032566,0.037499,0.027587,0.034402,0.034859,0.048242,0.034259,0.032563,0.032058,0.032578
0.021182,0.029754,0.040988,0.02186,0.022109,0.032353,0.03529,0.048476,0.036075,0.031581,0.031144,0.034479,0.035964,0.030379,0.032458,0.039081,0.02443,0.038624,0.032214,0.034118,0.039611,0.022043,0.039541,0.031596,0.034964,0.028992,0.037879,0.034761,0.026653,0.042063,0.024311,0.040034,0.035144,0.02312,0.038316,0.034968,0.049037,0.048917,0.035242,0.035169
0.028977,0.021818,0.026855,0.033487,0.033725,0.036509,0.032991,0.031114,0.033358,0.039894,0.023857,0.03924,0.030549,0.029651,0.021598,0.032273,0.03332,0.035716,0.031427,0.031721,0.03439,0.034814,0.036147,0.030072,0.034407,0.030957,0.035863,0.039539,0.02299,0.040948,0.023587,0.021861,0.02752,0.022209,0.032096,0.021537,0.029168,0.035065,0.02975,0.036464
0.034276,0.030988,0.032777,0.035868,0.033386,0.029214,0.040144,0.042783,0.034659,0.034907,0.03575,0.02979,0.031874,0.035987,0.04236,0.022478,0.038246,0.026519,0.038166,0.032177,0.032768,0.036149,0.032549,0.037492,0.023742,0.034502,0.034985,0.035313,0.035976,0.034192,0.025728,0.036628,0.035257,0.034549,0.028644,0.034911,0.033109,0.036883,0.027707,0.035045
0.034039,0.035656,0.030536,0.044844,0.041486,0.029834,0.04038,0.025775,0.035075,0.034935,0.026473,0.038042,0.034969,0.031444,0.035016,0.03101,0.022496,0.023551,0.038662,0.030847,0.037604,0.029159,0.033864,0.03531,0.035504,0.027886,0.035061,0.03493,0.032431,0.036663,0.0293,0.035201,0.030838,0.036137,0.03694,0.026843,0.041237,0.02188,0.035679,0.033956
0.041655,0.023662,0.038426,0.030011,0.034773,0.033587,0.036193,0.029773,0.031486,0.038352,0.031775,0.032041,0.035118,0.027308,0.037914,0.034543,0.033177,0.031026,0.034622,0.038793,0.023936,0.035022,0.022306,0.031972,0.035053,0.027337,0.035666,0.034,0.03651,0.026441,0.036238,0.048013,0.03541,0.048401,0.048951,0.035878,0.033661,0.041812,0.0215,0.040404
0.027315,0.035757,0.034309,0.029584,0.034277,0.035536,0.033544,0.031616,0.029396,0.020645,0.036369,0.030391,0.034651,0.036982,0.027149,0.038899,0.041598,0.050222,0.034564,0.036271,0.033454,0.035295,0.031172,0.038253,0.024853,0.021249,0.02913,0.021908,0.032986,0.030251,0.021294,0.035082,0.029116,0.033414,0.033007,0.031838,0.033361,0.041414,0.022827,0.038905
0.035715,0.024093,0.038543,0.035305,0.037822,0.025669,0.033089,0.037825,0.029263,0.033317,0.037822,0.025013,0.040354,0.035922,0.023553,0.038203,0.033268,0.036526,0.030774,0.034919,0.045804,0.022674,0.027291,0.03363,0.034281,0.054475,0.04374,0.034788,0.05392,0.033705,0.030715,0.031996,0.031959,0.037591,0.03327,0.030244,0.031811,0.033048,0.03488,0.049573
0.034748,0.048847,0.048349,0.035645,0.047581,0.038992,0.029502,0.034567,0.032704,0.031378,0.035908,0.035113,0.02836,0.024312,0.023562,0.041462,0.025169,0.039014,0.034241,0.029887,0.031614,0.041423,0.02986,0.033043,0.032898,0.03342,0.034308,0.035075,0.027032,0.036784,0.029077,0.037775,0.036185,0.030113,0.034538,0.034058,0.033727,0.034212,0.032354,0.031928
0.034018,0.031707,0.032881,0.034849,0.030139,0.037549,0.029422,0.031441,0.03596,0.036302,0.031853,0.033003,0.037691,0.024705,0.03917,0.031796,0.045073,0.042349,0.029029,0.032958,0.03443,0.036499,0.026563,0.026247,0.021772,0.036673,0.035225,0.032689,0.035469,0.028901,0.033554,0.03532,0.037604,0.026989,0.03889,0.030097,0.033498,0.033964,0.030059,0.034328
0.048473,0.035418,0.035183,0.035149,0.0288,0.032993,0.034977,0.035105,0.035706,0.030398,0.028611,0.040379,0.026605,0.034275,0.030818,0.027518,0.031477,0.02495,0.021001,0.021448,0.027454,0.02275,0.030898,0.025863,0.021855,0.021938,0.026255,0.021975,0.027796,0.021986,0.028403,0.027419,0.028297,0.024621,0.021651,0.022666,0.022017,0.028628,0.026441,0.022567
0.02242,0.023746,0.031814,0.021898,0.023378,0.029971,0.02133,0.021944,0.022566,0.024909,0.023058,0.0234,0.022428,0.02263,0.02322,0.026842,0.030071,0.026843,0.026404,0.028104,0.026651,0.027149,0.026494,0.033071,0.033191,0.021447,0.023675,0.022666,0.033433,0.031121,0.036669,0.032697,0.030476,0.040566,0.023096,0.039069,0.029993,0.040855,0.023735,0.038864
0.031942,0.033682,0.030986,0.035891,0.035363,0.028365,0.041362,0.035157,0.022075,0.034061,0.03513,0.048202,0.040801,0.023926,0.039464,0.033896,0.02532,0.03986,0.034422,0.035345,0.029136,0.029136,0.022865,0.030745,0.021927,0.037262,0.02217,0.036948,0.034389,0.032457,0.031166,0.035065,0.032972,0.037074,0.028901,0.028666,0.023293,0.025627,0.020633,0.022036
0.028136,0.022967,0.034489,0.023695,0.022613,0.029658,0.021238,0.028435,0.035243,0.035894,0.032324,0.02833,0.03657,0.035209,0.032769,0.034773,0.031676,0.031661,0.034486,0.049988,0.037134,0.046482,0.03617,0.031023,0.031696,0.039671,0.024059,0.032773,0.036515,0.032698,0.035442,0.036069,0.028607,0.040136,0.024963,0.037405,0.048996,0.049179,0.035241,0.03368
0.031575,0.034926,0.032587,0.035343,0.029883,0.039569,0.027859,0.034574,0.034752,0.031324,0.033777,0.033326,0.034055,0.033726,0.034296,0.032051,0.031586,0.035493,0.033841,0.029095,0.02184,0.026649,0.041137,0.042972,0.034627,0.035246,0.048152,0.057109,0.021751,0.04029,0.033009,0.03086,0.035107,0.033963,0.032564,0.033496,0.034004,0.031918,0.034902,0.031502
0.035125,0.036697,0.025543,0.038808,0.035537,0.025214,0.03806,0.033413,0.03459,0.031893,0.034593,0.03282,0.031989,0.034001,0.033581,0.031512,0.035174,0.030697,0.028968,0.037718,0.035367,0.039472,0.022411,0.036074,0.034236,0.036901,0.030248,0.029541,0.021866,0.034895,0.029966,0.028838,0.027647,0.023052,0.037126,0.035984,0.031973,0.029807,0.024422,0.024945
0.030032,0.044865,0.024623,0.032877,0.034655,0.035532,0.035238,0.033555,0.032982,0.027697,0.021583,0.022272,0.022708,0.022729,0.022557,0.023064,0.023389,0.026929,0.021194,0.02869,0.02109,0.029591,0.021425,0.026938,0.038865,0.03322,0.032104,0.037532,0.024127,0.038732,0.035574,0.027391,0.034571,0.036063,0.049199,0.034526,0.033565,0.031025,0.028233,0.02729
0.022662,0.02234,0.021712,0.03012,0.034348,0.02571,0.02179,0.022343,0.032616,0.023267,0.024219,0.03137,0.027951,0.021006,0.032993,0.035561,0.030519,0.032159,0.035547,0.035348,0.032502,0.032776,0.031139,0.035372,0.035165,0.02939,0.039264,0.02782,0.032683,0.036872,0.026205,0.038406,0.036158,0.030704,0.033832,0.044888,0.036084,0.035102,0.035192,0.032197
0.035162,0.031054,0.03899,0.021841,0.040714,0.030375,0.034982,0.034053,0.028285,0.034674,0.040418,0.024418,0.039418,0.031859,0.031594,0.034232,0.05433,0.042675,0.036774,0.035675,0.029585,0.038288,0.028995,0.031847,0.03736,0.035334,0.027245,0.033155,0.041473,0.042011,0.03593,0.035115,0.032816,0.027297,0.03195,0.020426,0.020715,0.031447,0.031843,0.039246
0.024119,0.040199,0.030487,0.031302,0.036444,0.04046,0.024447,0.036098,0.033287,0.034245,0.033999,0.031249,0.039941,0.022653,0.022234,0.029922,0.03482,0.034103,0.032836,0.033582,0.031485,0.040858,0.02982,0.027595,0.0365,0.030234,0.037547,0.030589,0.03102,0.035907,0.034316,0.036547,0.033305,0.025975,0.037731,0.034906,0.030748,0.037706,0.023847,0.040364
