0.078156,0.04563,0.045102,0.045417,0.042494,0.046984,0.049305,0.04988,0.04508,0.042981,0.043546,0.053254,0.044245,0.05656,0.052548,0.050309,0.043321,0.062089,0.051092,0.044036,0.043344,0.04553,0.042723,0.044243,0.043797,0.043553,0.046455,0.044619,0.044139,0.044523,0.05343,0.049856,0.045429,0.057971,0.046292,0.051124,0.050259,0.046757,0.056316,0.045223
0.040592,0.032841,0.03382,0.035326,0.043434,0.033982,0.05151,0.030116,0.053177,0.030155,0.052904,0.057705,0.03196,0.031088,0.030582,0.034046,0.05267,0.034704,0.031756,0.03113,0.030627,0.031812,0.047527,0.050004,0.055867,0.031697,0.031366,0.032487,0.052152,0.035879,0.031918,0.030447,0.054394,0.039477,0.033874,0.035149,0.038926,0.032035,0.049727,0.033021
0.04862,0.044512,0.029148,0.027079,0.029081,0.058236,0.03744,0.036193,0.044406,0.037172,0.028005,0.027888,0.047541,0.055355,0.02872,0.060609,0.028153,0.0285,0.056682,0.02963,0.02966,0.052547,0.04903,0.045534,0.038666,0.045552,0.046385,0.036401,0.040794,0.03264,0.050544,0.046914,0.056024,0.035633,0.026615,0.029094,0.041411,0.027658,0.055811,0.027312
0.061375,0.031353,0.037979,0.035095,0.030326,0.050454,0.030416,0.033279,0.046017,0.028991,0.048225,0.050229,0.052857,0.039417,0.027201,0.030242,0.049195,0.049958,0.052097,0.052395,0.03553,0.027821,0.035843,0.028354,0.041392,0.02677,0.03787,0.032238,0.03511,0.028061,0.047952,0.038418,0.035064,0.037869,0.031195,0.033627,0.029319,0.027633,0.052088,0.05568
0.026375,0.049733,0.049057,0.055865,0.028066,0.054873,0.048998,0.036032,0.026549,0.049854,0.034548,0.06154,0.026538,0.027476,0.051391,0.049028,0.049477,0.056505,0.034245,0.026392,0.057068,0.027529,0.053921,0.031556,0.030011,0.058102,0.02721,0.056494,0.032378,0.036251,0.028291,0.031122,0.02951,0.039815,0.028128,0.048889,0.041508,0.028398,0.045248,0.042478
0.025738,0.052164,0.056819,0.031383,0.027293,0.051958,0.02909,0.038667,0.031937,0.046297,0.048976,0.041382,0.043559,0.054824,0.029788,0.053995,0.028906,0.050756,0.039126,0.033629,0.02654,0.051727,0.042087,0.029913,0.028747,0.046003,0.050683,0.032637,0.054871,0.03636,0.026156,0.049794,0.056193,0.030885,0.052481,0.036588,0.02893,0.026767,0.040546,0.027239
0.049109,0.055427,0.031936,0.032443,0.048227,0.038063,0.038298,0.03007,0.024952,0.042431,0.027317,0.033746,0.027125,0.026589,0.027083,0.027105,0.034193,0.03661,0.031173,0.033153,0.026428,0.031782,0.049564,0.03299,0.050306,0.049235,0.04959,0.048102,0.048418,0.04323,0.028297,0.046916,0.049936,0.054935,0.029883,0.053633,0.03052,0.04688,0.055388,0.029703
0.053435,0.048669,0.048966,0.049112,0.049141,0.04873,0.055961,0.028318,0.033156,0.050592,0.048234,0.048345,0.042742,0.028042,0.054265,0.049528,0.04896,0.043939,0.041761,0.027901,0.037783,0.028991,0.038565,0.033134,0.027651,0.03683,0.028855,0.038297,0.026675,0.027876,0.027633,0.030795,0.03552,0.027891,0.027913,0.030084,0.027507,0.028109,0.027837,0.028046
0.027014,0.026826,0.032299,0.03379,0.028319,0.027387,0.025423,0.027265,0.026742,0.027555,0.02793,0.026409,0.028277,0.027098,0.025147,0.02653,0.033256,0.027606,0.030374,0.026743,0.026642,0.029529,0.027844,0.02788,0.027114,0.02743,0.032949,0.026655,0.032391,0.027125,0.026794,0.026674,0.02853,0.02709,0.027517,0.027758,0.026925,0.029232,0.027711,0.032562
0.025859,0.027448,0.025511,0.036042,0.032785,0.026629,0.03401,0.029839,0.038411,0.028541,0.036832,0.030452,0.027473,0.0268,0.027969,0.026802,0.02584,0.031136,0.02666,0.029072,0.026827,0.039237,0.031155,0.033005,0.027206,0.026866,0.03653,0.035814,0.029681,0.026522,0.034241,0.02664,0.025608,0.030536,0.032826,0.027472,0.026411,0.026796,0.027208,0.026412
0.033602,0.033205,0.027229,0.026549,0.028974,0.030543,0.027486,0.033671,0.028088,0.036799,0.029882,0.033135,0.029917,0.027013,0.027244,0.030578,0.031995,0.033369,0.026558,0.026317,0.026402,0.028209,0.030017,0.035589,0.034392,0.031041,0.029302,0.030748,0.036256,0.038114,0.02684,0.03616,0.028904,0.05257,0.030022,0.055018,0.028347,0.032958,0.049116,0.047101
0.026331,0.028169,0.045011,0.02928,0.026412,0.048823,0.037388,0.035583,0.027189,0.055328,0.029067,0.036878,0.029306,0.052772,0.03023,0.050196,0.026602,0.025814,0.031114,0.025803,0.025951,0.029439,0.026803,0.026395,0.034053,0.03686,0.027313,0.041103,0.026756,0.036652,0.028617,0.042059,0.030702,0.029596,0.031112,0.051898,0.036495,0.028093,0.039956,0.029598
0.029912,0.024971,0.026098,0.052844,0.039048,0.03448,0.025301,0.050965,0.036731,0.024733,0.035924,0.040763,0.031454,0.024893,0.040054,0.02656,0.039124,0.032072,0.050737,0.031891,0.052726,0.049008,0.032512,0.03786,0.03312,0.026392,0.045639,0.025557,0.031143,0.031569,0.036157,0.031262,0.052748,0.048986,0.035601,0.027244,0.054623,0.045988,0.052702,0.032523
0.05188,0.034693,0.047409,0.04144,0.026601,0.033055,0.034297,0.028169,0.040493,0.027292,0.037587,0.0299,0.036648,0.029198,0.034328,0.054625,0.025907,0.057329,0.027389,0.049736,0.04933,0.049754,0.055042,0.035748,0.032217,0.027663,0.057596,0.029086,0.039577,0.036415,0.024984,0.033127,0.029781,0.045859,0.026164,0.030003,0.035426,0.028893,0.050597,0.037717
0.047752,0.048899,0.048201,0.049373,0.049287,0.035834,0.047203,0.055792,0.039923,0.028613,0.036147,0.025458,0.0393,0.033119,0.02475,0.045962,0.02613,0.031768,0.03831,0.029227,0.032697,0.050076,0.049395,0.054077,0.026849,0.051717,0.054799,0.030673,0.029817,0.045206,0.025027,0.031564,0.041981,0.032742,0.031765,0.026342,0.035891,0.029863,0.026352,0.027887
0.028988,0.025944,0.025498,0.049453,0.048259,0.055421,0.028747,0.046646,0.042569,0.02805,0.050064,0.036024,0.047242,0.058157,0.025532,0.055755,0.027393,0.049514,0.048857,0.056032,0.027883,0.049546,0.036688,0.030347,0.051312,0.045057,0.039032,0.047911,0.048649,0.055358,0.043922,0.047555,0.036089,0.043652,0.025367,0.05024,0.036355,0.038531,0.029628,0.035589
0.032674,0.029245,0.030409,0.039345,0.02617,0.03571,0.033724,0.033745,0.034466,0.033336,0.036822,0.027789,0.034597,0.031094,0.04356,0.024747,0.033289,0.04169,0.032757,0.026702,0.02973,0.038651,0.027754,0.039531,0.02704,0.042979,0.031677,0.027155,0.035767,0.033453,0.035411,0.027869,0.03466,0.035186,0.035047,0.027574,0.042523,0.028192,0.029778,0.039033
0.034666,0.02724,0.038292,0.033502,0.027365,0.03915,0.02565,0.036326,0.038819,0.033,0.025864,0.036069,0.034516,0.033438,0.034008,0.030606,0.03651,0.03577,0.026073,0.038953,0.027362,0.045092,0.025421,0.038912,0.024915,0.037931,0.028188,0.039719,0.030792,0.038356,0.027778,0.03319,0.036203,0.028489,0.035452,0.033041,0.033868,0.034287,0.030284,0.036919
0.028528,0.038172,0.030062,0.037362,0.029198,0.025311,0.02595,0.033148,0.034241,0.026931,0.025881,0.029574,0.032904,0.03311,0.026416,0.024835,0.026074,0.026353,0.030451,0.033447,0.031453,0.036471,0.034192,0.032548,0.028171,0.037543,0.034819,0.028209,0.039413,0.036103,0.028864,0.031939,0.035108,0.031488,0.039477,0.026312,0.036248,0.032954,0.028879,0.032378
0.042207,0.024944,0.039036,0.027784,0.039123,0.030937,0.040956,0.025959,0.034715,0.031834,0.03307,0.034165,0.036215,0.02812,0.03694,0.028561,0.039326,0.027755,0.036933,0.031738,0.033077,0.038812,0.025931,0.03734,0.029439,0.039003,0.028253,0.040775,0.026579,0.030354,0.032532,0.033658,0.027025,0.037769,0.032413,0.027817,0.026117,0.026535,0.02834,0.035741
0.026685,0.03452,0.035087,0.031438,0.042936,0.024461,0.033752,0.031988,0.036216,0.032536,0.031585,0.036388,0.030618,0.038628,0.026216,0.025607,0.026937,0.03229,0.035662,0.028845,0.039007,0.027936,0.036729,0.032975,0.036638,0.026699,0.043488,0.026451,0.042292,0.03819,0.037075,0.034292,0.032041,0.032,0.036817,0.029066,0.033616,0.035652,0.033706,0.029389
0.039495,0.032525,0.027457,0.044199,0.025839,0.038244,0.025508,0.036892,0.034909,0.027975,0.036968,0.032565,0.032351,0.034891,0.033215,0.033442,0.030986,0.034729,0.041469,0.02473,0.033117,0.033768,0.034896,0.034025,0.031465,0.034041,0.030673,0.037574,0.037089,0.025065,0.037065,0.029935,0.037428,0.030383,0.039305,0.026475,0.038236,0.036872,0.028802,0.033333
0.035452,0.026819,0.042553,0.026427,0.033927,0.031317,0.025716,0.029007,0.027244,0.036267,0.034951,0.033704,0.034385,0.034891,0.025698,0.03638,0.039059,0.026357,0.040508,0.025076,0.041477,0.027959,0.031604,0.041268,0.025016,0.035982,0.032,0.032656,0.03164,0.037038,0.042401,0.024782,0.026773,0.045334,0.035394,0.024573,0.031348,0.034661,0.031555,0.037241
0.037348,0.034093,0.024081,0.049056,0.043879,0.024897,0.037344,0.029848,0.035201,0.030556,0.036161,0.034392,0.032756,0.033413,0.028156,0.040413,0.027155,0.040652,0.036897,0.025608,0.045495,0.041083,0.026412,0.035147,0.036057,0.041821,0.025361,0.027952,0.042842,0.025399,0.032763,0.035103,0.047069,0.039981,0.025539,0.043288,0.026559,0.053813,0.035658,0.02576
0.041691,0.0266,0.036206,0.031167,0.03673,0.028862,0.036425,0.034502,0.027818,0.041846,0.028611,0.032718,0.034745,0.031581,0.047323,0.037959,0.028368,0.052346,0.04266,0.024362,0.032093,0.035671,0.028928,0.038614,0.031103,0.035838,0.028374,0.038542,0.036137,0.029361,0.032527,0.031656,0.040904,0.025486,0.041488,0.025725,0.033258,0.038723,0.028347,0.037009
0.02812,0.037606,0.032724,0.034045,0.031591,0.035066,0.03582,0.025237,0.032834,0.027045,0.025645,0.031007,0.026378,0.025388,0.026663,0.032824,0.034254,0.028065,0.029674,0.030022,0.02614,0.031138,0.033993,0.026118,0.026189,0.025901,0.026039,0.03222,0.024905,0.026167,0.024984,0.026968,0.026359,0.027384,0.025882,0.025615,0.026863,0.025181,0.028725,0.026334
0.030929,0.027273,0.026606,0.026592,0.029742,0.026296,0.036995,0.025104,0.027168,0.030583,0.027121,0.030823,0.028959,0.038847,0.029373,0.038396,0.026714,0.038195,0.035964,0.026287,0.037715,0.027928,0.039106,0.029772,0.033945,0.031897,0.036098,0.031988,0.039808,0.02532,0.035582,0.032535,0.038064,0.027031,0.037751,0.034172,0.02792,0.0316,0.036207,0.049026
0.048306,0.036038,0.048108,0.037966,0.029573,0.03839,0.028349,0.037469,0.031502,0.038174,0.032905,0.027744,0.037022,0.034445,0.026921,0.038907,0.027326,0.039546,0.026619,0.053147,0.04842,0.034966,0.03725,0.026087,0.042248,0.026902,0.036267,0.035012,0.027491,0.035592,0.0293,0.039932,0.026987,0.036036,0.033664,0.036292,0.027598,0.03511,0.032917,0.033043
0.035083,0.034584,0.033495,0.032028,0.04241,0.026029,0.034393,0.027387,0.038559,0.031795,0.034613,0.036377,0.028902,0.041451,0.031481,0.026217,0.036052,0.028576,0.038982,0.039411,0.024843,0.046364,0.039157,0.032202,0.03006,0.036647,0.030301,0.038926,0.027128,0.044952,0.028688,0.024953,0.036568,0.034949,0.03476,0.035785,0.025687,0.036326,0.032093,0.035851
0.034927,0.025558,0.039971,0.029266,0.039546,0.027175,0.035463,0.036447,0.031635,0.032812,0.032117,0.034481,0.033026,0.031039,0.035815,0.034492,0.035318,0.026304,0.035999,0.030302,0.038794,0.031267,0.038445,0.025581,0.036334,0.036317,0.026863,0.037666,0.027674,0.039173,0.029717,0.035955,0.032339,0.035394,0.028608,0.039102,0.030135,0.033943,0.031174,0.036966
0.031034,0.033474,0.033042,0.03517,0.029668,0.035094,0.034795,0.035213,0.03398,0.026092,0.036242,0.036154,0.03345,0.029509,0.034317,0.035639,0.029428,0.040244,0.025399,0.035672,0.042466,0.030984,0.025653,0.03662,0.0292,0.035412,0.038901,0.025942,0.043791,0.02599,0.033241,0.033761,0.039001,0.028649,0.028586,0.039673,0.025404,0.037224,0.037271,0.027751
0.033314,0.024745,0.024708,0.040829,0.02566,0.037715,0.030994,0.038923,0.032475,0.025889,0.039417,0.028068,0.042263,0.026197,0.033394,0.037433,0.02755,0.033126,0.039511,0.027961,0.038593,0.031743,0.031217,0.031252,0.039232,0.033093,0.030728,0.029101,0.026219,0.026126,0.036576,0.040734,0.024834,0.037403,0.027467,0.03452,0.032864,0.038839,0.030104,0.02851
0.044292,0.026497,0.026869,0.037711,0.041606,0.025173,0.039111,0.025563,0.033992,0.038674,0.027374,0.039045,0.028355,0.037225,0.036115,0.024359,0.036104,0.035162,0.030518,0.038148,0.028405,0.03546,0.036081,0.034501,0.028162,0.033222,0.039626,0.027172,0.043395,0.024132,0.036631,0.032286,0.034532,0.028505,0.036152,0.028573,0.043086,0.028597,0.029002,0.039968
0.027403,0.039277,0.034655,0.029301,0.029035,0.039279,0.027855,0.03861,0.031566,0.030916,0.036329,0.036432,0.02636,0.038062,0.028346,0.039746,0.026431,0.040391,0.027348,0.038854,0.027401,0.038872,0.038267,0.035783,0.025586,0.031557,0.037144,0.026664,0.052018,0.0488,0.034744,0.03698,0.028465,0.03039,0.037751,0.04055,0.024211,0.037694,0.030175,0.044396
0.025583,0.028113,0.034582,0.035019,0.035354,0.035129,0.033198,0.025403,0.037678,0.031869,0.035322,0.031697,0.040693,0.025656,0.045785,0.040395,0.028418,0.041182,0.025953,0.037274,0.028026,0.039686,0.027767,0.041219,0.037808,0.025469,0.028233,0.043731,0.034239,0.024691,0.036039,0.027433,0.04386,0.030518,0.02732,0.040436,0.026434,0.034677,0.036562,0.032265
0.031343,0.037432,0.027471,0.038697,0.034686,0.025779,0.038664,0.028655,0.038427,0.033191,0.031303,0.031662,0.026448,0.025754,0.02889,0.02764,0.025389,0.034442,0.037127,0.026776,0.037802,0.034439,0.024888,0.03388,0.036365,0.049007,0.040506,0.027311,0.036623,0.031613,0.032903,0.029923,0.025931,0.026366,0.036658,0.027909,0.039708,0.026583,0.042286,0.031106
0.033747,0.025876,0.04129,0.025952,0.039802,0.026716,0.037955,0.029172,0.039187,0.029931,0.034633,0.030003,0.036762,0.032631,0.036959,0.025863,0.042739,0.026601,0.038053,0.025121,0.037018,0.032648,0.034639,0.034848,0.037736,0.032659,0.026556,0.037991,0.026566,0.04051,0.028074,0.0373,0.036676,0.026118,0.036124,0.036048,0.026823,0.037117,0.045916,0.055255
0.030143,0.033922,0.037169,0.030108,0.031943,0.037186,0.027718,0.038013,0.035492,0.026674,0.032348,0.028233,0.024936,0.026632,0.025275,0.029956,0.026338,0.026866,0.032825,0.031857,0.02658,0.024815,0.027467,0.025309,0.025709,0.025331,0.027796,0.030691,0.027536,0.028986,0.02763,0.031638,0.026933,0.026597,0.03666,0.026623,0.035024,0.039322,0.027729,0.036602
0.03587,0.025231,0.044212,0.025057,0.035636,0.030886,0.041029,0.026259,0.036425,0.034285,0.027793,0.041496,0.029617,0.030605,0.037222,0.027482,0.042055,0.026725,0.032699,0.027171,0.025694,0.031731,0.033165,0.031459,0.037314,0.027556,0.039917,0.026934,0.038844,0.054357,0.02588,0.035482,0.032933,0.03237,0.033764,0.034013,0.032029,0.040875,0.026435,0.033091
0.034991,0.034456,0.028901,0.036142,0.031846,0.036163,0.030694,0.032155,0.036786,0.028014,0.035779,0.030641,0.049726,0.03883,0.047084,0.037887,0.02809,0.04316,0.025069,0.044816,0.033104,0.027587,0.03319,0.02642,0.033897,0.051031,0.055671,0.025923,0.057134,0.025983,0.037231,0.031876,0.051365,0.049242,0.048931,0.036163,0.035357,0.025097,0.038624,0.029072
