0.057941,0.040139,0.036615,0.036831,0.036774,0.043402,0.036098,0.03651,0.037891,0.052729,0.04287,0.037621,0.053098,0.04843,0.047493,0.037863,0.042392,0.042014,0.036725,0.039968,0.036966,0.043286,0.037065,0.037627,0.037412,0.043268,0.047187,0.037257,0.050471,0.04544,0.042104,0.049781,0.041356,0.038165,0.047976,0.045788,0.037627,0.046632,0.038423,0.046025
0.02836,0.028949,0.032468,0.051644,0.025581,0.038316,0.029219,0.035499,0.033459,0.036996,0.028231,0.035737,0.031398,0.03932,0.024459,0.0361,0.041507,0.042127,0.036021,0.026467,0.046622,0.045122,0.052014,0.025414,0.043698,0.033277,0.023453,0.03784,0.028107,0.034881,0.037168,0.029559,0.038109,0.04888,0.032547,0.029315,0.042697,0.02463,0.037062,0.029845
0.031742,0.040157,0.040884,0.036954,0.033851,0.035124,0.027746,0.036709,0.034213,0.034571,0.028016,0.024773,0.032199,0.044186,0.021177,0.044469,0.044751,0.039224,0.041162,0.040924,0.044128,0.021393,0.03476,0.034596,0.035113,0.034037,0.032666,0.030618,0.034779,0.034879,0.033493,0.036139,0.026489,0.042804,0.043166,0.034547,0.034375,0.031808,0.035493,0.03344
0.028266,0.037621,0.028673,0.057192,0.022738,0.02185,0.029881,0.036401,0.03654,0.025513,0.041313,0.048508,0.028018,0.034411,0.030755,0.039195,0.035716,0.049656,0.033785,0.050843,0.033255,0.04282,0.033025,0.038692,0.031177,0.035673,0.036924,0.045805,0.032503,0.0214,0.031701,0.032177,0.029784,0.029375,0.042785,0.031649,0.047998,0.034407,0.032553,0.025524
0.026966,0.025006,0.036495,0.018793,0.030203,0.035232,0.034984,0.03219,0.037125,0.029817,0.033451,0.033599,0.034792,0.033919,0.035716,0.029981,0.031575,0.030719,0.034047,0.036452,0.027211,0.041361,0.028775,0.035229,0.034128,0.033949,0.029336,0.034611,0.035081,0.034315,0.028852,0.04035,0.034118,0.042746,0.041598,0.041416,0.036889,0.033523,0.032977,0.033213
0.032182,0.034923,0.031301,0.031112,0.034346,0.031534,0.033126,0.033213,0.034136,0.036127,0.019021,0.033511,0.019457,0.024413,0.037694,0.033333,0.032805,0.030144,0.034812,0.035213,0.033694,0.029122,0.033837,0.034964,0.035105,0.028328,0.034485,0.035288,0.040551,0.031744,0.045405,0.035445,0.028178,0.034706,0.041311,0.048024,0.022871,0.023245,0.025511,0.021444
0.033652,0.032974,0.036792,0.033676,0.033746,0.028894,0.042009,0.024442,0.033492,0.034171,0.040961,0.026641,0.029652,0.034442,0.035583,0.038275,0.030205,0.034197,0.034634,0.035121,0.0262,0.037706,0.034462,0.031152,0.032873,0.034604,0.03508,0.029829,0.032476,0.035414,0.025306,0.018327,0.039507,0.019105,0.030045,0.01825,0.030795,0.034697,0.035423,0.028347
0.033175,0.041652,0.027086,0.036261,0.034136,0.029309,0.03444,0.034261,0.033307,0.030019,0.035594,0.034027,0.026035,0.034419,0.043946,0.02417,0.039489,0.048165,0.028545,0.04151,0.028696,0.034232,0.034684,0.029867,0.033396,0.035665,0.025756,0.04281,0.034597,0.026421,0.031073,0.040472,0.034934,0.028472,0.03476,0.033984,0.029097,0.033687,0.03567,0.034693
0.033987,0.035379,0.027538,0.034964,0.035429,0.025707,0.043557,0.041542,0.042581,0.028711,0.034523,0.033563,0.026592,0.036348,0.035856,0.034966,0.03215,0.031349,0.034054,0.034809,0.03488,0.02792,0.04093,0.041931,0.03614,0.034793,0.034283,0.03223,0.030326,0.035434,0.034641,0.033455,0.049149,0.036482,0.04097,0.034012,0.043357,0.041528,0.035592,0.034633
0.035507,0.026651,0.033795,0.023933,0.025549,0.036306,0.032343,0.042988,0.041743,0.035825,0.032504,0.03559,0.027721,0.036662,0.027052,0.035737,0.040559,0.027134,0.036214,0.032894,0.031344,0.034027,0.04048,0.024487,0.032518,0.034349,0.024411,0.027446,0.033323,0.034733,0.032877,0.017948,0.017943,0.02885,0.037191,0.033949,0.031234,0.037078,0.040823,0.036096
0.040081,0.020946,0.043487,0.030742,0.037791,0.027123,0.036464,0.027466,0.035246,0.03475,0.03542,0.033086,0.035777,0.023059,0.045971,0.029223,0.032534,0.028715,0.034809,0.036334,0.028198,0.04111,0.029701,0.040209,0.041521,0.036191,0.033735,0.033628,0.033702,0.030186,0.03628,0.033678,0.02911,0.032861,0.042096,0.028531,0.028334,0.033862,0.036174,0.035064
0.018351,0.02542,0.039353,0.033066,0.029626,0.034782,0.034977,0.033781,0.027635,0.036349,0.035341,0.034683,0.032731,0.03026,0.035196,0.03453,0.033302,0.029074,0.03453,0.035223,0.035149,0.026629,0.041832,0.029915,0.018657,0.029,0.035251,0.034813,0.031882,0.030615,0.036129,0.033518,0.035137,0.030553,0.037918,0.026206,0.026548,0.032479,0.025982,0.019691
0.030506,0.035817,0.032964,0.026131,0.037421,0.040953,0.035077,0.04193,0.035967,0.026939,0.036219,0.033435,0.035861,0.033256,0.035239,0.027591,0.036719,0.033539,0.026443,0.037289,0.035663,0.034149,0.035509,0.027561,0.040851,0.029496,0.034292,0.026613,0.036334,0.035446,0.033913,0.035301,0.032361,0.030279,0.035123,0.03522,0.028766,0.039854,0.025875,0.037883
0.034073,0.02527,0.038482,0.033834,0.036162,0.045408,0.037017,0.028247,0.035153,0.034228,0.035369,0.026734,0.036244,0.033516,0.03583,0.028049,0.033481,0.037376,0.033632,0.035367,0.032735,0.035956,0.032228,0.030896,0.028616,0.041727,0.029442,0.03832,0.030477,0.032047,0.030066,0.041383,0.02497,0.026416,0.021004,0.038152,0.017934,0.038321,0.02533,0.031417
0.041773,0.047481,0.033052,0.030289,0.034366,0.035761,0.033409,0.035817,0.041848,0.037029,0.033806,0.035915,0.046444,0.028649,0.033156,0.018336,0.031936,0.036186,0.033377,0.035817,0.033457,0.029538,0.039534,0.037031,0.042153,0.035509,0.033861,0.033338,0.029742,0.034923,0.035442,0.027188,0.034408,0.034906,0.01943,0.018396,0.030912,0.017982,0.03236,0.033537
0.02871,0.041285,0.027469,0.035682,0.033924,0.028924,0.041389,0.026395,0.036699,0.033942,0.034016,0.036605,0.029126,0.027008,0.034747,0.017025,0.032047,0.034751,0.01821,0.030834,0.034681,0.035925,0.034309,0.033301,0.0292,0.034131,0.036281,0.027533,0.034378,0.042207,0.041774,0.041389,0.026398,0.036639,0.029974,0.040056,0.041248,0.042433,0.040586,0.036949
0.033631,0.035796,0.03361,0.028923,0.039966,0.027414,0.035422,0.035895,0.028482,0.041598,0.040998,0.036011,0.035157,0.028103,0.034604,0.034592,0.035105,0.033416,0.029568,0.034137,0.036535,0.034363,0.026152,0.035323,0.036166,0.034662,0.030466,0.032049,0.034207,0.035638,0.034181,0.028523,0.034272,0.041746,0.025724,0.033941,0.031448,0.035191,0.03465,0.027706
0.035414,0.034658,0.041354,0.030081,0.024654,0.026215,0.018156,0.023339,0.019434,0.026666,0.025938,0.01991,0.029687,0.033631,0.029936,0.040282,0.02701,0.036796,0.032359,0.031541,0.033458,0.035397,0.034344,0.025329,0.036665,0.036745,0.033607,0.033715,0.031429,0.039094,0.029615,0.034734,0.029118,0.033775,0.034966,0.034171,0.028319,0.036705,0.032987,0.034573
0.037812,0.045888,0.033011,0.029036,0.036238,0.034988,0.027589,0.042022,0.040778,0.041876,0.028989,0.034059,0.034826,0.026431,0.041907,0.030055,0.033596,0.036039,0.028071,0.033932,0.035675,0.026518,0.034709,0.042078,0.028055,0.035698,0.033493,0.036847,0.031408,0.031388,0.034833,0.026402,0.036443,0.040706,0.029039,0.018291,0.03091,0.033684,0.033935,0.029871
0.040852,0.025847,0.03662,0.027139,0.035176,0.036237,0.035251,0.033456,0.034445,0.030349,0.033313,0.033955,0.035178,0.029109,0.039967,0.030104,0.033223,0.034088,0.036866,0.024345,0.038525,0.028267,0.035056,0.017661,0.036816,0.030476,0.03295,0.035493,0.048732,0.034898,0.032001,0.030364,0.035241,0.035367,0.032699,0.034444,0.029569,0.036565,0.032704,0.033849
0.029705,0.031542,0.03791,0.027121,0.042465,0.027896,0.034547,0.017259,0.032178,0.035232,0.034405,0.035027,0.031215,0.031795,0.033326,0.034304,0.02839,0.0418,0.029211,0.027283,0.035294,0.041176,0.028339,0.03483,0.034205,0.024439,0.038485,0.017745,0.031799,0.035004,0.018194,0.017232,0.030054,0.032192,0.034726,0.034612,0.02861,0.034772,0.040722,0.027034
0.037589,0.032174,0.030918,0.033741,0.035076,0.034416,0.031816,0.030576,0.042203,0.024607,0.038423,0.032,0.03671,0.035825,0.041479,0.036076,0.026789,0.042006,0.034747,0.033857,0.029533,0.034004,0.028213,0.035606,0.034598,0.030632,0.018036,0.043213,0.018623,0.035693,0.03536,0.035039,0.027542,0.034951,0.036061,0.034187,0.033766,0.028489,0.041704,0.024707
0.038103,0.02808,0.03502,0.035878,0.039567,0.030108,0.032508,0.030625,0.033719,0.034494,0.033192,0.035406,0.030209,0.034868,0.035087,0.026534,0.041485,0.041621,0.03606,0.033778,0.035108,0.027514,0.034942,0.035743,0.035945,0.030962,0.038066,0.02534,0.043583,0.04173,0.036453,0.034844,0.047743,0.03602,0.040492,0.018437,0.037185,0.018031,0.017582,0.030663
0.017757,0.034615,0.034026,0.027694,0.030432,0.041236,0.034444,0.025786,0.037974,0.02254,0.026388,0.034801,0.034622,0.027658,0.033261,0.032653,0.025657,0.03007,0.030883,0.035413,0.035537,0.031355,0.030757,0.034827,0.035003,0.03202,0.030797,0.034476,0.02369,0.026669,0.034648,0.034852,0.034481,0.026696,0.036882,0.03347,0.018279,0.031042,0.034436,0.035165
0.034605,0.033571,0.027424,0.037125,0.035133,0.02352,0.036869,0.025024,0.026841,0.032731,0.035287,0.034565,0.03476,0.027834,0.036634,0.034352,0.033093,0.030113,0.034564,0.034806,0.034869,0.026648,0.042651,0.048694,0.026662,0.03647,0.034561,0.035496,0.029646,0.032273,0.035742,0.03339,0.035575,0.042129,0.041786,0.030936,0.032431,0.026516,0.042337,0.032091
0.037508,0.029074,0.027352,0.035763,0.034586,0.034561,0.028131,0.034731,0.041053,0.02725,0.036199,0.027862,0.041281,0.027003,0.036336,0.035214,0.036244,0.024672,0.042189,0.028595,0.035247,0.023832,0.038409,0.035757,0.034983,0.032962,0.02916,0.033946,0.036957,0.026748,0.033844,0.036079,0.035424,0.033245,0.034773,0.028809,0.023475,0.02993,0.030661,0.035455
0.03388,0.034866,0.028139,0.035302,0.034501,0.03486,0.026689,0.031833,0.018835,0.017104,0.031521,0.033887,0.018378,0.030747,0.033646,0.036646,0.034691,0.035415,0.02789,0.035084,0.034591,0.036004,0.033073,0.034101,0.030072,0.040122,0.032083,0.031058,0.029052,0.041191,0.031968,0.029374,0.036795,0.028485,0.040037,0.029552,0.02834,0.033118,0.034964,0.035051
0.027215,0.042652,0.035031,0.027985,0.034832,0.026241,0.035274,0.043407,0.023922,0.030982,0.035151,0.03541,0.034938,0.034603,0.028096,0.034632,0.035657,0.03406,0.035019,0.025928,0.043031,0.028289,0.041658,0.01845,0.038172,0.034969,0.034752,0.035149,0.031756,0.030081,0.035758,0.034739,0.028236,0.034679,0.034654,0.040261,0.022384,0.03557,0.040302,0.028049
0.035044,0.034359,0.033394,0.036288,0.034801,0.028611,0.026932,0.035513,0.036201,0.034107,0.034917,0.024623,0.038871,0.034385,0.032614,0.028823,0.036006,0.035644,0.033773,0.035114,0.029018,0.033998,0.035528,0.034202,0.028013,0.041006,0.028576,0.035024,0.034339,0.03266,0.031653,0.034738,0.026494,0.035648,0.034852,0.041655,0.025362,0.017452,0.034474,0.035399
0.033752,0.031151,0.034102,0.032107,0.034311,0.035971,0.02806,0.035218,0.028199,0.040634,0.029225,0.034273,0.033878,0.033452,0.030135,0.034971,0.034856,0.034912,0.023989,0.03837,0.035359,0.036985,0.030533,0.029623,0.034756,0.035743,0.027303,0.033976,0.036028,0.040994,0.024516,0.03259,0.017515,0.037347,0.028654,0.040567,0.027878,0.035821,0.033623,0.034446
0.028766,0.035465,0.034639,0.033743,0.029483,0.035415,0.034072,0.026622,0.043641,0.030606,0.038989,0.028981,0.029968,0.038555,0.024915,0.038131,0.03513,0.035436,0.02989,0.031858,0.017351,0.031611,0.017243,0.02778,0.044703,0.026816,0.036858,0.0333,0.029736,0.034744,0.035349,0.028392,0.033898,0.035123,0.034702,0.033497,0.035106,0.034132,0.023081,0.041843
0.027237,0.042356,0.041695,0.035107,0.017495,0.030896,0.017884,0.031284,0.034693,0.040699,0.021905,0.035316,0.018469,0.01734,0.017173,0.019217,0.018201,0.026941,0.024111,0.018905,0.022186,0.018258,0.030034,0.018795,0.018322,0.025687,0.024769,0.017441,0.016829,0.017819,0.017197,0.017141,0.02497,0.025032,0.01777,0.024921,0.019365,0.021358,0.017763,0.02551
0.019003,0.020211,0.026665,0.020428,0.017987,0.017354,0.025364,0.020468,0.018996,0.017687,0.025412,0.022942,0.017216,0.01751,0.017943,0.018195,0.018325,0.018295,0.019866,0.023387,0.017884,0.017553,0.017495,0.026358,0.022981,0.017474,0.01739,0.017629,0.017882,0.02545,0.019271,0.018493,0.017556,0.01691,0.017722,0.017544,0.018112,0.021994,0.020168,0.01753
0.016782,0.025028,0.019499,0.022572,0.023468,0.01896,0.023392,0.0198,0.018812,0.017834,0.016998,0.017706,0.022539,0.019137,0.02625,0.019452,0.020496,0.018709,0.018062,0.021763,0.017914,0.019188,0.023087,0.017829,0.01808,0.017622,0.017963,0.017882,0.025693,0.018945,0.018595,0.018572,0.01849,0.019424,0.019716,0.018522,0.018528,0.01753,0.017201,0.022261
0.019684,0.026131,0.017034,0.02262,0.024286,0.022013,0.017809,0.025798,0.017801,0.017191,0.020184,0.018668,0.023296,0.024887,0.018728,0.029951,0.035305,0.017781,0.029399,0.035133,0.034707,0.029389,0.034877,0.035408,0.026255,0.035549,0.041437,0.02721,0.027351,0.041541,0.030105,0.034777,0.02277,0.025559,0.035474,0.034483,0.034057,0.034175,0.0281,0.037331
0.027557,0.041038,0.030631,0.038518,0.028882,0.018348,0.036607,0.02334,0.040422,0.0254,0.032004,0.039998,0.027409,0.035303,0.035864,0.034109,0.03416,0.035673,0.040726,0.041166,0.03517,0.029055,0.034122,0.034635,0.034237,0.028163,0.036473,0.027855,0.034352,0.036234,0.034295,0.034679,0.023524,0.019604,0.019311,0.035785,0.018856,0.033593,0.018076,0.018151
0.028592,0.017547,0.023014,0.027948,0.028441,0.017801,0.021235,0.017826,0.029462,0.017538,0.019435,0.019557,0.024971,0.020446,0.018452,0.018718,0.027716,0.017718,0.01845,0.017907,0.018014,0.023459,0.024104,0.018304,0.018579,0.02433,0.020635,0.018747,0.019191,0.023108,0.017807,0.021152,0.017849,0.025716,0.025054,0.018223,0.031511,0.01833,0.029821,0.017737
0.01903,0.022894,0.01991,0.027155,0.020199,0.018312,0.016594,0.02665,0.024817,0.018165,0.031553,0.023758,0.021966,0.025575,0.018,0.021555,0.018286,0.018072,0.018197,0.025503,0.023539,0.018145,0.017293,0.02553,0.023746,0.025553,0.022551,0.017197,0.022522,0.019499,0.019028,0.029806,0.030495,0.031095,0.023947,0.026266,0.017969,0.018468,0.018429,0.018263
0.029327,0.018266,0.022437,0.020979,0.027148,0.025097,0.017709,0.017828,0.018204,0.017795,0.018366,0.026918,0.027388,0.019992,0.017634,0.021607,0.017903,0.018401,0.018287,0.025088,0.017546,0.027163,0.019619,0.017193,0.025963,0.025938,0.024644,0.02686,0.020681,0.030259,0.031039,0.03512,0.033815,0.035633,0.029785,0.032093,0.017096,0.033124,0.034618,0.035519
0.032048,0.02993,0.041073,0.025164,0.031052,0.042227,0.027694,0.034758,0.034922,0.024937,0.044579,0.028792,0.032495,0.035477,0.034343,0.034099,0.030547,0.02674,0.042702,0.029026,0.033736,0.0355,0.034393,0.034186,0.028203,0.035773,0.034497,0.033229,0.029436,0.033864,0.036361,0.034391,0.034263,0.023492,0.039363,0.034246,0.034983,0.0344,0.017709,0.026012
