0.083806,0.039454,0.037475,0.043785,0.038564,0.049829,0.044524,0.03798,0.051843,0.048421,0.043807,0.036827,0.04869,0.037782,0.038594,0.040829,0.050514,0.054715,0.039067,0.037892,0.038786,0.039269,0.039424,0.042966,0.041713,0.053584,0.046861,0.054476,0.040949,0.043199,0.046294,0.052042,0.039169,0.039583,0.052946,0.048078,0.04836,0.049688,0.054158,0.037813
0.034876,0.026844,0.039393,0.045034,0.030609,0.043245,0.03153,0.035711,0.026115,0.036128,0.054006,0.036967,0.03148,0.028073,0.02929,0.03967,0.061806,0.033726,0.030472,0.028332,0.031006,0.031019,0.028535,0.038138,0.036603,0.027688,0.032302,0.048269,0.048523,0.028303,0.027825,0.027608,0.040836,0.050598,0.02691,0.049831,0.048604,0.028521,0.029363,0.039732
0.025923,0.03688,0.024375,0.053384,0.025682,0.034235,0.038965,0.025369,0.040347,0.030168,0.03412,0.047799,0.041104,0.035038,0.030683,0.036976,0.026793,0.051561,0.025773,0.037816,0.047904,0.031243,0.038654,0.031397,0.052887,0.031385,0.04783,0.040253,0.026942,0.03334,0.037947,0.026462,0.029005,0.025195,0.033604,0.032631,0.033882,0.046552,0.026165,0.032595
0.023091,0.023969,0.034089,0.028642,0.038496,0.031719,0.026787,0.03598,0.046867,0.040907,0.027408,0.040756,0.03459,0.034617,0.033335,0.025096,0.050325,0.032584,0.051301,0.040865,0.025464,0.044032,0.041204,0.032996,0.044661,0.042006,0.033239,0.030358,0.050571,0.027843,0.024825,0.023836,0.025378,0.028708,0.035508,0.032544,0.044095,0.032256,0.028201,0.025619
0.032606,0.036831,0.045735,0.040147,0.042414,0.023943,0.024963,0.035748,0.041018,0.029913,0.034739,0.051297,0.025225,0.034508,0.034117,0.049925,0.034429,0.048361,0.03604,0.048225,0.048924,0.03507,0.049155,0.033737,0.049038,0.035542,0.032993,0.050679,0.031868,0.037719,0.028388,0.033539,0.049724,0.048647,0.03339,0.036645,0.04839,0.049594,0.048087,0.022998
0.048615,0.052746,0.024681,0.039292,0.036755,0.026618,0.047171,0.037727,0.04551,0.043331,0.022351,0.040989,0.030968,0.045977,0.036949,0.035309,0.044899,0.043225,0.034764,0.02936,0.0246,0.037298,0.043096,0.022957,0.037002,0.030251,0.038953,0.024859,0.026696,0.028312,0.033175,0.040026,0.031747,0.025485,0.035122,0.053786,0.026011,0.038085,0.049172,0.03288
0.050151,0.049615,0.053939,0.026834,0.037737,0.034807,0.026032,0.036304,0.041303,0.023298,0.038893,0.043427,0.035518,0.047813,0.036386,0.048851,0.034544,0.047162,0.035593,0.04912,0.034565,0.049276,0.040938,0.029839,0.032937,0.042439,0.023708,0.04669,0.045423,0.038395,0.048315,0.042728,0.023679,0.038573,0.036191,0.024018,0.037722,0.048123,0.048874,0.040705
0.030353,0.041309,0.023206,0.046546,0.038503,0.044157,0.041678,0.026119,0.037773,0.03293,0.034601,0.030256,0.036119,0.031715,0.034726,0.027606,0.036095,0.050045,0.035066,0.047253,0.036125,0.047589,0.036176,0.032275,0.036728,0.034301,0.048196,0.030216,0.034747,0.051905,0.04411,0.04232,0.029302,0.053891,0.030241,0.035469,0.028103,0.031828,0.041995,0.043324
0.046664,0.035903,0.047677,0.04203,0.024521,0.040021,0.035128,0.024417,0.037575,0.034906,0.029715,0.033011,0.043835,0.023011,0.036684,0.034353,0.031386,0.043027,0.045272,0.028981,0.028891,0.03849,0.044045,0.032367,0.037454,0.041916,0.047643,0.027958,0.03557,0.031762,0.044506,0.042779,0.029371,0.047564,0.039429,0.02578,0.036748,0.050694,0.037424,0.036374
0.025295,0.047506,0.034875,0.048577,0.023283,0.025369,0.040955,0.024339,0.040622,0.030714,0.031496,0.038661,0.025137,0.041211,0.028752,0.0453,0.04392,0.041687,0.034448,0.037951,0.034643,0.033619,0.028256,0.043538,0.022502,0.037678,0.028682,0.033815,0.035034,0.048054,0.03633,0.04817,0.04827,0.036096,0.047674,0.034031,0.036456,0.033095,0.049488,0.049229
0.03375,0.059364,0.022633,0.037464,0.02935,0.04446,0.045115,0.024367,0.038893,0.032108,0.050255,0.034209,0.030613,0.034211,0.041021,0.030635,0.02452,0.02303,0.032716,0.028749,0.036577,0.037117,0.025753,0.035046,0.044926,0.038321,0.041018,0.027697,0.048648,0.048965,0.047856,0.04307,0.023745,0.043123,0.031271,0.02875,0.023704,0.024472,0.023062,0.032909
0.028076,0.033453,0.048386,0.035501,0.049018,0.032724,0.037152,0.035569,0.029136,0.035602,0.051461,0.026771,0.037523,0.033382,0.028081,0.036614,0.048999,0.033543,0.035958,0.048695,0.048567,0.033638,0.041741,0.023097,0.040887,0.027911,0.041367,0.02974,0.033792,0.027021,0.033961,0.03994,0.025654,0.037898,0.05104,0.029598,0.047385,0.040327,0.026161,0.039009
0.03152,0.052328,0.047639,0.054829,0.035895,0.022997,0.039166,0.03011,0.047569,0.041812,0.022637,0.039711,0.033924,0.043437,0.022624,0.033727,0.029377,0.037178,0.050776,0.031589,0.045054,0.035123,0.041557,0.02721,0.038654,0.02457,0.036756,0.046642,0.02264,0.030417,0.034649,0.045186,0.036632,0.047845,0.022366,0.029778,0.034398,0.045087,0.037253,0.053256
0.042546,0.041513,0.027027,0.04257,0.028525,0.032972,0.049118,0.050001,0.028613,0.04215,0.028206,0.035406,0.033606,0.03251,0.050629,0.029799,0.036585,0.052139,0.037094,0.023749,0.038384,0.033684,0.032859,0.03144,0.036254,0.029412,0.044561,0.042086,0.030393,0.030763,0.022733,0.034029,0.025134,0.039394,0.03233,0.050572,0.030409,0.03383,0.047509,0.048067
0.025424,0.028419,0.037138,0.03386,0.024884,0.039348,0.034461,0.03261,0.043792,0.042623,0.032325,0.025624,0.023113,0.04133,0.032864,0.023371,0.033955,0.033249,0.039717,0.02317,0.038239,0.050197,0.034024,0.031957,0.035761,0.030617,0.0317,0.032216,0.023268,0.032854,0.035276,0.024054,0.037501,0.048125,0.04863,0.03643,0.053883,0.024925,0.039676,0.029623
0.035553,0.031427,0.048668,0.035372,0.054039,0.043304,0.041847,0.029698,0.031745,0.049564,0.050187,0.03465,0.035366,0.028655,0.034545,0.047923,0.023435,0.024999,0.035762,0.034857,0.049018,0.04771,0.036025,0.047705,0.022603,0.028761,0.031222,0.036601,0.043772,0.040918,0.046852,0.048912,0.03786,0.033598,0.035681,0.026546,0.035259,0.047844,0.037155,0.046726
0.033252,0.029438,0.041545,0.031342,0.043276,0.037943,0.040597,0.023965,0.040674,0.027805,0.033662,0.022611,0.025477,0.02306,0.03522,0.035213,0.027742,0.033062,0.035604,0.027611,0.028286,0.022261,0.039944,0.025256,0.034772,0.037946,0.03964,0.030632,0.02352,0.022682,0.026977,0.022113,0.036453,0.025241,0.037742,0.048507,0.040848,0.036853,0.02276,0.034709
0.031016,0.036641,0.028534,0.039057,0.029685,0.03556,0.036026,0.028019,0.034297,0.033953,0.03448,0.034159,0.030398,0.034447,0.034855,0.032462,0.033731,0.029683,0.036391,0.03428,0.035442,0.028098,0.039947,0.024486,0.038841,0.03284,0.027039,0.037719,0.036423,0.029333,0.031865,0.034721,0.035125,0.032217,0.03761,0.028235,0.030144,0.039026,0.0348,0.029615
0.034204,0.033702,0.036319,0.033861,0.02885,0.037162,0.033327,0.034156,0.03155,0.025276,0.039803,0.032516,0.043533,0.021972,0.041471,0.023303,0.040765,0.027925,0.038998,0.031515,0.029146,0.033773,0.038483,0.030857,0.035563,0.034028,0.025355,0.042021,0.042639,0.040751,0.024402,0.031551,0.037027,0.034636,0.035322,0.03332,0.031397,0.033954,0.032657,0.03566
0.030183,0.034739,0.04363,0.022508,0.034123,0.036733,0.029648,0.037359,0.030041,0.037174,0.027766,0.045976,0.036126,0.029841,0.039825,0.049014,0.035974,0.039853,0.022498,0.034248,0.035028,0.047547,0.035974,0.031871,0.036556,0.025898,0.03773,0.035536,0.035358,0.025277,0.036669,0.049405,0.033895,0.03602,0.037263,0.023147,0.037731,0.032866,0.036707,0.031619
0.036843,0.023862,0.039386,0.036586,0.024511,0.036216,0.035558,0.037949,0.031145,0.028484,0.040561,0.022838,0.039171,0.031204,0.031259,0.036261,0.054582,0.02389,0.033811,0.03483,0.03495,0.035072,0.034945,0.048204,0.035523,0.028383,0.033269,0.035899,0.033174,0.034624,0.032119,0.033897,0.034219,0.033995,0.035916,0.027447,0.035203,0.034267,0.028657,0.038776
0.049842,0.030261,0.03336,0.036084,0.031112,0.036873,0.029094,0.041049,0.022971,0.039775,0.029363,0.035032,0.033693,0.036301,0.03051,0.037363,0.022896,0.041013,0.027353,0.032908,0.036358,0.035445,0.032373,0.033163,0.033377,0.037563,0.025399,0.039498,0.030368,0.036284,0.028196,0.038699,0.029489,0.036364,0.02836,0.038532,0.032935,0.030879,0.031529,0.035983
0.049523,0.035943,0.031483,0.037909,0.027562,0.034762,0.03482,0.032322,0.033753,0.032328,0.028549,0.039515,0.029361,0.038596,0.024578,0.044463,0.022499,0.042567,0.030123,0.030783,0.036074,0.03359,0.031794,0.033184,0.034566,0.035002,0.026956,0.037298,0.033707,0.034766,0.029398,0.033512,0.035932,0.036033,0.030529,0.032193,0.034197,0.035147,0.033961,0.028369
0.034138,0.041738,0.022867,0.038242,0.030554,0.041345,0.022584,0.038732,0.031456,0.036841,0.031882,0.030553,0.034793,0.030214,0.036677,0.033292,0.037975,0.024052,0.04207,0.024384,0.032907,0.03438,0.034984,0.038645,0.03275,0.028621,0.033073,0.037857,0.026116,0.041107,0.027635,0.035356,0.035103,0.030951,0.03834,0.034128,0.024565,0.041592,0.032798,0.027653
0.039922,0.029284,0.03534,0.033481,0.030094,0.032256,0.035272,0.03631,0.02555,0.037189,0.039262,0.024266,0.039036,0.031702,0.033284,0.039039,0.023157,0.033322,0.036483,0.040717,0.029974,0.030217,0.032649,0.032832,0.035256,0.033322,0.034599,0.030298,0.034866,0.034145,0.035122,0.029255,0.035141,0.03408,0.033028,0.030021,0.035896,0.031252,0.042115,0.022787
0.037021,0.032516,0.035351,0.028798,0.040601,0.029032,0.032927,0.023129,0.022239,0.021688,0.029879,0.037075,0.034074,0.031589,0.035563,0.03136,0.038906,0.029694,0.044636,0.022456,0.031821,0.031397,0.037781,0.029461,0.031782,0.035995,0.053374,0.026796,0.038275,0.031594,0.033133,0.033441,0.033454,0.022362,0.022666,0.039936,0.048379,0.054333,0.027533,0.030053
0.033858,0.036225,0.034485,0.035952,0.030493,0.03172,0.037547,0.032493,0.031794,0.033382,0.035906,0.032233,0.031601,0.036457,0.034268,0.035143,0.023191,0.040099,0.029496,0.033313,0.038312,0.031812,0.031827,0.030956,0.039688,0.023236,0.034893,0.03366,0.035971,0.034592,0.036293,0.034312,0.028809,0.0321,0.022312,0.031797,0.026648,0.038545,0.048925,0.036363
0.029679,0.036659,0.03063,0.038123,0.024275,0.03445,0.035588,0.034038,0.035067,0.038301,0.023322,0.036082,0.047875,0.036125,0.033559,0.035501,0.034069,0.030794,0.034309,0.032332,0.033286,0.034688,0.029577,0.022374,0.029603,0.035074,0.02981,0.031526,0.022944,0.032437,0.031074,0.033943,0.036095,0.030297,0.032847,0.040231,0.023615,0.042516,0.043398,0.034415
0.0336,0.034132,0.03082,0.034452,0.032688,0.033566,0.031653,0.034714,0.035255,0.032476,0.034324,0.029875,0.041736,0.021676,0.03885,0.030732,0.040932,0.02321,0.039587,0.033623,0.037824,0.024152,0.03811,0.034047,0.029906,0.032898,0.035426,0.032937,0.036164,0.027349,0.036291,0.033257,0.033888,0.030995,0.035055,0.032533,0.03592,0.034658,0.029803,0.0329
0.04447,0.034853,0.038386,0.034465,0.032049,0.036222,0.031846,0.034178,0.031421,0.037338,0.029197,0.034436,0.028504,0.033413,0.036735,0.035528,0.0289,0.036124,0.051449,0.030751,0.036556,0.027862,0.03123,0.034839,0.040411,0.025977,0.037826,0.049193,0.044116,0.039898,0.036504,0.028562,0.035195,0.033769,0.033754,0.030576,0.034948,0.029862,0.036938,0.031854
0.032968,0.030613,0.036736,0.03474,0.038293,0.022765,0.042936,0.024115,0.033534,0.039272,0.029421,0.037754,0.031839,0.035885,0.028892,0.033238,0.036078,0.034509,0.027098,0.035093,0.042159,0.035116,0.02269,0.036048,0.035763,0.026754,0.031638,0.034432,0.036926,0.031579,0.036218,0.032068,0.031518,0.035157,0.032768,0.035192,0.049375,0.035818,0.028891,0.035113
0.031331,0.036538,0.032517,0.031499,0.035746,0.029155,0.031597,0.035287,0.033999,0.049426,0.033529,0.036135,0.032758,0.032683,0.033106,0.033589,0.048943,0.034696,0.036487,0.031979,0.036287,0.033732,0.024165,0.036235,0.03717,0.030966,0.034111,0.035755,0.033976,0.024933,0.037589,0.034253,0.035618,0.028959,0.032648,0.035294,0.034628,0.030809,0.036351,0.030344
0.035548,0.033773,0.036191,0.033234,0.024877,0.031937,0.042526,0.028933,0.034977,0.032011,0.034431,0.035388,0.02461,0.039581,0.033499,0.026788,0.036982,0.035935,0.041257,0.021837,0.040544,0.024632,0.038243,0.047512,0.036129,0.049594,0.048391,0.035792,0.035482,0.027546,0.033791,0.034406,0.035698,0.031318,0.033222,0.036269,0.028422,0.038785,0.031555,0.030306
0.040599,0.029743,0.032828,0.035239,0.03562,0.022908,0.041062,0.029258,0.033265,0.033001,0.036726,0.035371,0.027934,0.034345,0.038387,0.025792,0.038097,0.037856,0.022466,0.022609,0.02292,0.024848,0.029477,0.030763,0.02198,0.021983,0.031677,0.035091,0.027255,0.023385,0.024997,0.036367,0.022183,0.028498,0.025197,0.023592,0.028184,0.023582,0.035343,0.031004
0.034749,0.039126,0.029813,0.030504,0.033985,0.039,0.022616,0.04012,0.029859,0.032953,0.035481,0.036002,0.027957,0.033803,0.035402,0.031939,0.033328,0.033641,0.039961,0.021784,0.040185,0.032746,0.026122,0.039998,0.040372,0.029742,0.028122,0.034093,0.034047,0.033225,0.031847,0.030161,0.022558,0.031603,0.034047,0.047065,0.035705,0.03621,0.032266,0.029604
0.036636,0.03842,0.029287,0.028354,0.034918,0.034758,0.03759,0.02522,0.033584,0.035158,0.035485,0.036394,0.027539,0.034444,0.034055,0.047913,0.036024,0.034789,0.035111,0.026395,0.042075,0.023536,0.031855,0.042533,0.034396,0.025166,0.038199,0.034724,0.031248,0.033246,0.033362,0.03287,0.034577,0.030733,0.040191,0.0294,0.031735,0.034597,0.032181,0.033687
0.033073,0.044003,0.036046,0.034454,0.034963,0.035411,0.033956,0.032333,0.031821,0.037398,0.024693,0.04005,0.036828,0.023968,0.037679,0.031636,0.033286,0.032854,0.033525,0.021585,0.02621,0.041158,0.043791,0.055151,0.025399,0.0392,0.034842,0.030673,0.037592,0.024269,0.039621,0.03255,0.030759,0.034904,0.032014,0.037309,0.029036,0.033723,0.035964,0.033997
0.031436,0.03254,0.039174,0.024179,0.03991,0.0302,0.036708,0.031459,0.036075,0.027275,0.038946,0.025393,0.03954,0.033827,0.032215,0.028071,0.038401,0.033942,0.032743,0.031455,0.03208,0.037056,0.031791,0.052147,0.032808,0.027919,0.03139,0.040644,0.032376,0.03738,0.037962,0.022403,0.036417,0.033641,0.03175,0.029069,0.021882,0.030203,0.032627,0.037047
0.036534,0.025513,0.035147,0.035121,0.034535,0.036373,0.029368,0.031879,0.036774,0.031649,0.03481,0.025908,0.040043,0.031199,0.03532,0.031768,0.038157,0.025941,0.031445,0.049255,0.042727,0.024215,0.043555,0.025142,0.03069,0.035418,0.036483,0.034592,0.034889,0.030871,0.032484,0.033725,0.048277,0.036164,0.034659,0.031501,0.03705,0.029599,0.040998,0.023379
0.040617,0.02377,0.044818,0.028856,0.030085,0.033974,0.033086,0.040123,0.023745,0.033238,0.035444,0.034632,0.038531,0.0238,0.03566,0.034558,0.041461,0.022077,0.039675,0.036152,0.027818,0.035103,0.031384,0.039058,0.023463,0.038945,0.034341,0.034855,0.028684,0.034168,0.03443,0.033836,0.030717,0.034675,0.033215,0.036409,0.031557,0.029318,0.03555,0.041565
