0.065952,0.075939,0.11508,0.14406,0.16647,0.18723,0.20692,0.22677,0.24558,0.26518,0.28329,0.30256,0.31994,0.33886,0.35557,0.37412,0.39023,0.40838,0.42391,0.4416,0.45654,0.47365,0.48795,0.50439,0.518,0.53369,0.54867,0.56146,0.5756,0.58761,0.60089,0.61211,0.62449,0.63491,0.64638,0.65602,0.66655,0.67542,0.68503,0.69313
0.10615,0.12148,0.18,0.22608,0.26596,0.30447,0.34119,0.37762,0.4118,0.44647,0.47818,0.51067,0.53957,0.56929,0.59512,0.62161,0.64421,0.66718,0.68655,0.7059,0.72212,0.73799,0.75127,0.76397,0.77465,0.78463,0.7933,0.80083,0.80755,0.81342,0.81859,0.82314,0.82709,0.83058,0.83355,0.83619,0.83837,0.84031,0.84184,0.8432
0.14883,0.16918,0.25091,0.3183,0.37529,0.42968,0.48116,0.53093,0.57624,0.61946,0.65721,0.69248,0.72228,0.74928,0.7716,0.79108,0.80704,0.82051,0.83157,0.84069,0.84825,0.85438,0.8595,0.86358,0.86697,0.86958,0.87163,0.87326,0.87439,0.87519,0.87562,0.87576,0.87567,0.87532,0.87487,0.87416,0.87348,0.87254,0.87175,0.87072
0.21289,0.24074,0.34642,0.42829,0.4969,0.56078,0.61823,0.66945,0.71254,0.74916,0.77856,0.80236,0.82097,0.83536,0.84654,0.85485,0.86132,0.86584,0.86929,0.87134,0.87274,0.87307,0.87298,0.87201,0.87074,0.86879,0.86651,0.86388,0.86092,0.85768,0.85429,0.85069,0.84713,0.8435,0.83997,0.83667,0.83333,0.83064,0.82749,0.82555
0.2231,0.25423,0.38133,0.48564,0.56818,0.63873,0.69737,0.74524,0.7828,0.81173,0.8336,0.84974,0.86184,0.87062,0.87717,0.88182,0.88513,0.88733,0.88863,0.88933,0.88936,0.88922,0.88858,0.88813,0.88742,0.8873,0.88741,0.88795,0.88896,0.89109,0.89312,0.89711,0.90016,0.90593,0.90892,0.91551,0.91733,0.92313,0.92442,0.92856
0.28917,0.32555,0.46714,0.57687,0.66161,0.73111,0.78459,0.82286,0.84887,0.86543,0.87594,0.88182,0.88491,0.88543,0.88435,0.88142,0.87726,0.87158,0.86478,0.85677,0.84773,0.83803,0.82747,0.81666,0.80549,0.79405,0.78228,0.77094,0.75788,0.74603,0.73089,0.71734,0.69939,0.68297,0.66185,0.64185,0.61815,0.59469,0.56815,0.54122
0.26618,0.30206,0.44727,0.5609,0.646,0.71392,0.76429,0.79841,0.82022,0.83249,0.8386,0.83907,0.83597,0.82853,0.81831,0.80415,0.78729,0.76697,0.74384,0.71831,0.6899,0.66038,0.6281,0.59578,0.56095,0.52569,0.48834,0.44984,0.40873,0.36781,0.32233,0.27941,0.22848,0.18399,0.12644,0.080236,0.014203,-0.034968,-0.10822,-0.16056
0.35328,0.39573,0.56049,0.67773,0.75242,0.80114,0.82994,0.84418,0.84956,0.84829,0.84303,0.83349,0.82117,0.8052,0.78673,0.76549,0.74219,0.71796,0.6927,0.66829,0.64435,0.62182,0.60111,0.57965,0.56108,0.54116,0.52202,0.50493,0.4885,0.47248,0.46021,0.44577,0.44224,0.43242,0.43203,0.42396,0.42203,0.40437,0.39455,0.36609
0.32992,0.3724,0.55072,0.68305,0.75835,0.79924,0.81712,0.81959,0.81315,0.79944,0.78142,0.75895,0.73362,0.70648,0.67782,0.65069,0.6242,0.6012,0.58156,0.56305,0.54972,0.5325,0.51984,0.50211,0.48524,0.46754,0.45416,0.43051,0.42126,0.39446,0.38217,0.34834,0.33359,0.29402,0.27047,0.23426,0.2235,0.1989,0.18588,0.17527
0.43088,0.47648,0.63619,0.73019,0.77686,0.79752,0.802,0.7954,0.78157,0.76088,0.73529,0.70497,0.67172,0.6378,0.60416,0.57411,0.54781,0.52554,0.50919,0.49395,0.48473,0.47584,0.47036,0.46996,0.46671,0.47968,0.50035,0.50912,0.534,0.53928,0.54515,0.51582,0.53384,0.47693,0.50452,0.43741,0.50412,0.44151,0.43266,0.38368
0.38046,0.42801,0.6097,0.7295,0.79165,0.81905,0.82572,0.81958,0.805,0.78246,0.75289,0.71658,0.67376,0.62779,0.57712,0.52772,0.47608,0.42641,0.37747,0.32765,0.28263,0.23145,0.19055,0.13745,0.099023,0.04995,0.015934,-0.0096705,-0.025952,-0.02251,-0.05448,-0.037341,-0.10183,-0.10485,-0.068141,-0.021536,0.07296,0.17543,0.1448,0.24763
0.41254,0.4567,0.61627,0.69624,0.71426,0.70476,0.67991,0.64311,0.59763,0.54554,0.48875,0.43324,0.37745,0.32992,0.28491,0.24794,0.21475,0.18429,0.15917,0.13052,0.10907,0.081061,0.059445,0.037341,0.021347,0.01782,-0.0019709,0.0070526,-0.041907,-0.041858,-0.0042938,0.032241,0.07538,0.13519,0.076289,0.12228,-0.018018,-0.0067588,0.15966,0.21617
0.43833,0.47649,0.61072,0.67508,0.68339,0.6647,0.63153,0.58871,0.54113,0.49275,0.44588,0.4052,0.37016,0.34217,0.32098,0.30266,0.28896,0.27759,0.26503,0.26355,0.25055,0.26155,0.2439,0.24794,0.20094,0.20747,0.2049,0.15764,0.17153,0.14256,0.12915,0.11693,0.13396,0.15979,0.16041,0.20479,0.11298,0.13545,0.13133,0.16693
0.38925,0.42815,0.57556,0.65103,0.66131,0.64033,0.60156,0.55093,0.49325,0.43534,0.3783,0.33011,0.28736,0.25163,0.2208,0.19065,0.16429,0.1364,0.11238,0.088943,0.068823,0.058805,0.057846,0.044226,0.054835,0.019843,0.040705,0.064904,0.08179,0.13031,0.045565,0.063164,0.071215,0.10609,0.26022,0.33606,0.25736,0.31243,0.033095,0.048495
0.45365,0.49548,0.6542,0.73257,0.74119,0.71939,0.68117,0.63263,0.57814,0.52332,0.4695,0.41943,0.37107,0.32236,0.27193,0.21943,0.1621,0.10583,0.042123,-0.013751,-0.077916,-0.11854,-0.15273,-0.17045,-0.13522,-0.21514,-0.23868,-0.15098,-0.10957,0.037851,-0.13564,-0.010332,-0.2121,-0.098983,0.22993,0.35849,0.28774,0.38502,0.16123,0.26105
0.45397,0.4892,0.59007,0.60909,0.58717,0.55111,0.51068,0.47349,0.44516,0.42999,0.42789,0.43424,0.44588,0.46145,0.47428,0.49329,0.50598,0.51732,0.5202,0.5252,0.5104,0.53775,0.53194,0.49291,0.4369,0.45086,0.52809,0.50207,0.40305,0.38792,0.36856,0.37718,0.30489,0.26517,0.86239,0.92736,0.64209,0.58374,0.30143,0.30944
0.45397,0.4892,0.59007,0.60909,0.58717,0.55111,0.51068,0.47349,0.44516,0.42999,0.42789,0.43424,0.44588,0.46145,0.47428,0.49329,0.50598,0.51732,0.5202,0.5252,0.5104,0.53775,0.53194,0.49291,0.4369,0.45086,0.52809,0.50207,0.40305,0.38792,0.36856,0.37718,0.30489,0.26517,0.86239,0.92736,0.64209,0.58374,0.30143,0.30944
0.24316,0.26715,0.34366,0.35716,0.32283,0.26969,0.20961,0.14901,0.088611,0.033778,-0.014942,-0.052418,-0.070174,-0.078345,-0.054336,-0.032658,0.024864,0.066617,0.13207,0.16935,0.19194,0.24873,0.21964,0.21577,0.15308,0.20102,0.37159,0.26231,0.3004,0.30386,0.22072,0.18167,0.057994,0.015723,0.3148,0.32193,0.39374,0.36114,0.29659,0.28542
0.25823,0.27926,0.34398,0.34403,0.28877,0.20752,0.11091,0.0045569,-0.11295,-0.23217,-0.33987,-0.44408,-0.51719,-0.58537,-0.62402,-0.6468,-0.62766,-0.67782,-0.6547,-0.58277,-0.40208,-0.61972,-0.51928,-0.31844,-0.15383,-0.084952,-0.22886,-0.1221,0.84799,0.90579,-0.085984,-0.14724,0.18422,0.1716,0.19146,0.18541,0.15921,0.18953,0.60306,0.58159
0.25823,0.27926,0.34398,0.34403,0.28877,0.20752,0.11091,0.0045569,-0.11295,-0.23217,-0.33987,-0.44408,-0.51719,-0.58537,-0.62402,-0.6468,-0.62766,-0.67782,-0.6547,-0.58277,-0.40208,-0.61972,-0.51928,-0.31844,-0.15383,-0.084952,-0.22886,-0.1221,0.84799,0.90579,-0.085984,-0.14724,0.18422,0.1716,0.19146,0.18541,0.15921,0.18953,0.60306,0.58159
0.25823,0.27926,0.34398,0.34403,0.28877,0.20752,0.11091,0.0045569,-0.11295,-0.23217,-0.33987,-0.44408,-0.51719,-0.58537,-0.62402,-0.6468,-0.62766,-0.67782,-0.6547,-0.58277,-0.40208,-0.61972,-0.51928,-0.31844,-0.15383,-0.084952,-0.22886,-0.1221,0.84799,0.90579,-0.085984,-0.14724,0.18422,0.1716,0.19146,0.18541,0.15921,0.18953,0.60306,0.58159
0.25823,0.27926,0.34398,0.34403,0.28877,0.20752,0.11091,0.0045569,-0.11295,-0.23217,-0.33987,-0.44408,-0.51719,-0.58537,-0.62402,-0.6468,-0.62766,-0.67782,-0.6547,-0.58277,-0.40208,-0.61972,-0.51928,-0.31844,-0.15383,-0.084952,-0.22886,-0.1221,0.84799,0.90579,-0.085984,-0.14724,0.18422,0.1716,0.19146,0.18541,0.15921,0.18953,0.60306,0.58159
0.55615,0.56249,0.56142,0.51847,0.4486,0.37056,0.30055,0.25083,0.22458,0.22202,0.23995,0.28225,0.32718,0.40845,0.45465,0.45608,0.34283,0.53183,0.39293,0.26705,0.20791,0.30052,0.22387,0.20993,0.24457,0.22058,0.26521,0.36722,0.91417,0.96101,0.4885,0.4303,0.3836,0.3749,0.4772,0.47214,0.63203,0.66033,0.74675,0.72877
0.19153,0.18537,0.15068,0.10318,0.045543,-0.018886,-0.086713,-0.15191,-0.2063,-0.25785,-0.29466,-0.32117,-0.32872,-0.35093,-0.34814,-0.31222,-0.19989,-0.31789,-0.22015,-0.063898,0.033563,0.013093,0.14432,0.57375,0.37812,0.048413,0.20353,0.19293,0.5373,0.5828,0.2536,0.23889,0.037174,0.038187,0.18915,0.19026,0.74767,0.7723,0.20056,0.19247
0.19153,0.18537,0.15068,0.10318,0.045543,-0.018886,-0.086713,-0.15191,-0.2063,-0.25785,-0.29466,-0.32117,-0.32872,-0.35093,-0.34814,-0.31222,-0.19989,-0.31789,-0.22015,-0.063898,0.033563,0.013093,0.14432,0.57375,0.37812,0.048413,0.20353,0.19293,0.5373,0.5828,0.2536,0.23889,0.037174,0.038187,0.18915,0.19026,0.74767,0.7723,0.20056,0.19247
0.19153,0.18537,0.15068,0.10318,0.045543,-0.018886,-0.086713,-0.15191,-0.2063,-0.25785,-0.29466,-0.32117,-0.32872,-0.35093,-0.34814,-0.31222,-0.19989,-0.31789,-0.22015,-0.063898,0.033563,0.013093,0.14432,0.57375,0.37812,0.048413,0.20353,0.19293,0.5373,0.5828,0.2536,0.23889,0.037174,0.038187,0.18915,0.19026,0.74767,0.7723,0.20056,0.19247
0.19153,0.18537,0.15068,0.10318,0.045543,-0.018886,-0.086713,-0.15191,-0.2063,-0.25785,-0.29466,-0.32117,-0.32872,-0.35093,-0.34814,-0.31222,-0.19989,-0.31789,-0.22015,-0.063898,0.033563,0.013093,0.14432,0.57375,0.37812,0.048413,0.20353,0.19293,0.5373,0.5828,0.2536,0.23889,0.037174,0.038187,0.18915,0.19026,0.74767,0.7723,0.20056,0.19247
0.19153,0.18537,0.15068,0.10318,0.045543,-0.018886,-0.086713,-0.15191,-0.2063,-0.25785,-0.29466,-0.32117,-0.32872,-0.35093,-0.34814,-0.31222,-0.19989,-0.31789,-0.22015,-0.063898,0.033563,0.013093,0.14432,0.57375,0.37812,0.048413,0.20353,0.19293,0.5373,0.5828,0.2536,0.23889,0.037174,0.038187,0.18915,0.19026,0.74767,0.7723,0.20056,0.19247
0.19153,0.18537,0.15068,0.10318,0.045543,-0.018886,-0.086713,-0.15191,-0.2063,-0.25785,-0.29466,-0.32117,-0.32872,-0.35093,-0.34814,-0.31222,-0.19989,-0.31789,-0.22015,-0.063898,0.033563,0.013093,0.14432,0.57375,0.37812,0.048413,0.20353,0.19293,0.5373,0.5828,0.2536,0.23889,0.037174,0.038187,0.18915,0.19026,0.74767,0.7723,0.20056,0.19247
0.36381,0.36144,0.35305,0.33647,0.31045,0.27494,0.2266,0.1643,0.083923,-0.0013479,-0.1028,-0.19889,-0.27477,-0.39484,-0.3732,-0.51347,-0.29863,-0.6111,-0.25548,-0.070949,0.051032,0.0103,0.13369,0.40123,0.32527,0.26972,0.065096,0.062803,0.57238,0.5808,0.30327,0.2895,0.037136,0.037597,0.20618,0.21313,0.63804,0.63535,0.10789,0.10572
0.36381,0.36144,0.35305,0.33647,0.31045,0.27494,0.2266,0.1643,0.083923,-0.0013479,-0.1028,-0.19889,-0.27477,-0.39484,-0.3732,-0.51347,-0.29863,-0.6111,-0.25548,-0.070949,0.051032,0.0103,0.13369,0.40123,0.32527,0.26972,0.065096,0.062803,0.57238,0.5808,0.30327,0.2895,0.037136,0.037597,0.20618,0.21313,0.63804,0.63535,0.10789,0.10572
0.34203,0.35921,0.43565,0.50471,0.55512,0.59532,0.6296,0.66067,0.68495,0.69991,0.70633,0.71129,0.70951,0.6755,0.54504,0.50417,0.32244,0.46569,0.5851,0.32913,0.33423,0.43287,0.42857,0.64878,0.65965,0.33561,0.41211,0.39864,0.67061,0.67671,0.33402,0.33337,0.37022,0.36131,0.68683,0.68998,0.33154,0.33086,0.34584,0.34105
0.34203,0.35921,0.43565,0.50471,0.55512,0.59532,0.6296,0.66067,0.68495,0.69991,0.70633,0.71129,0.70951,0.6755,0.54504,0.50417,0.32244,0.46569,0.5851,0.32913,0.33423,0.43287,0.42857,0.64878,0.65965,0.33561,0.41211,0.39864,0.67061,0.67671,0.33402,0.33337,0.37022,0.36131,0.68683,0.68998,0.33154,0.33086,0.34584,0.34105
0.34203,0.35921,0.43565,0.50471,0.55512,0.59532,0.6296,0.66067,0.68495,0.69991,0.70633,0.71129,0.70951,0.6755,0.54504,0.50417,0.32244,0.46569,0.5851,0.32913,0.33423,0.43287,0.42857,0.64878,0.65965,0.33561,0.41211,0.39864,0.67061,0.67671,0.33402,0.33337,0.37022,0.36131,0.68683,0.68998,0.33154,0.33086,0.34584,0.34105
0.34203,0.35921,0.43565,0.50471,0.55512,0.59532,0.6296,0.66067,0.68495,0.69991,0.70633,0.71129,0.70951,0.6755,0.54504,0.50417,0.32244,0.46569,0.5851,0.32913,0.33423,0.43287,0.42857,0.64878,0.65965,0.33561,0.41211,0.39864,0.67061,0.67671,0.33402,0.33337,0.37022,0.36131,0.68683,0.68998,0.33154,0.33086,0.34584,0.34105
0.34203,0.35921,0.43565,0.50471,0.55512,0.59532,0.6296,0.66067,0.68495,0.69991,0.70633,0.71129,0.70951,0.6755,0.54504,0.50417,0.32244,0.46569,0.5851,0.32913,0.33423,0.43287,0.42857,0.64878,0.65965,0.33561,0.41211,0.39864,0.67061,0.67671,0.33402,0.33337,0.37022,0.36131,0.68683,0.68998,0.33154,0.33086,0.34584,0.34105
0.34203,0.35921,0.43565,0.50471,0.55512,0.59532,0.6296,0.66067,0.68495,0.69991,0.70633,0.71129,0.70951,0.6755,0.54504,0.50417,0.32244,0.46569,0.5851,0.32913,0.33423,0.43287,0.42857,0.64878,0.65965,0.33561,0.41211,0.39864,0.67061,0.67671,0.33402,0.33337,0.37022,0.36131,0.68683,0.68998,0.33154,0.33086,0.34584,0.34105
0.34203,0.35921,0.43565,0.50471,0.55512,0.59532,0.6296,0.66067,0.68495,0.69991,0.70633,0.71129,0.70951,0.6755,0.54504,0.50417,0.32244,0.46569,0.5851,0.32913,0.33423,0.43287,0.42857,0.64878,0.65965,0.33561,0.41211,0.39864,0.67061,0.67671,0.33402,0.33337,0.37022,0.36131,0.68683,0.68998,0.33154,0.33086,0.34584,0.34105
0.34203,0.35921,0.43565,0.50471,0.55512,0.59532,0.6296,0.66067,0.68495,0.69991,0.70633,0.71129,0.70951,0.6755,0.54504,0.50417,0.32244,0.46569,0.5851,0.32913,0.33423,0.43287,0.42857,0.64878,0.65965,0.33561,0.41211,0.39864,0.67061,0.67671,0.33402,0.33337,0.37022,0.36131,0.68683,0.68998,0.33154,0.33086,0.34584,0.34105
0.34203,0.35921,0.43565,0.50471,0.55512,0.59532,0.6296,0.66067,0.68495,0.69991,0.70633,0.71129,0.70951,0.6755,0.54504,0.50417,0.32244,0.46569,0.5851,0.32913,0.33423,0.43287,0.42857,0.64878,0.65965,0.33561,0.41211,0.39864,0.67061,0.67671,0.33402,0.33337,0.37022,0.36131,0.68683,0.68998,0.33154,0.33086,0.34584,0.34105
