0.018032,0.020103,0.027332,0.032139,0.035659,0.038829,0.041802,0.044854,0.047774,0.050929,0.053876,0.057152,0.060133,0.06352,0.066534,0.070022,0.073066,0.076645,0.079717,0.083375,0.086472,0.090199,0.093318,0.097104,0.10024,0.10408,0.10787,0.11111,0.11494,0.11819,0.12205,0.12531,0.1292,0.13245,0.13637,0.13961,0.14355,0.14679,0.15073,0.15397
0.028446,0.031359,0.04097,0.047583,0.053276,0.059098,0.065006,0.071309,0.077519,0.084257,0.090671,0.097747,0.10429,0.11162,0.11824,0.12576,0.13242,0.14008,0.14675,0.15451,0.16116,0.16896,0.17557,0.18337,0.18992,0.19769,0.20528,0.21185,0.21935,0.22578,0.23316,0.23946,0.24668,0.25282,0.25986,0.26582,0.27266,0.27843,0.28504,0.29061
0.033361,0.036427,0.047344,0.056759,0.066067,0.07587,0.085857,0.096371,0.10669,0.1177,0.12816,0.13951,0.15,0.16156,0.172,0.18363,0.19393,0.20552,0.21561,0.22703,0.23685,0.24799,0.25747,0.26824,0.27734,0.28765,0.29749,0.30607,0.31533,0.32338,0.33197,0.33945,0.34729,0.35414,0.36116,0.36732,0.37345,0.37889,0.38407,0.38875
0.036485,0.041423,0.059062,0.072853,0.085852,0.099399,0.11314,0.12752,0.14157,0.15641,0.17044,0.18542,0.19919,0.21401,0.22732,0.24172,0.25441,0.26816,0.28012,0.29301,0.30412,0.31597,0.32612,0.33673,0.34582,0.35502,0.36326,0.37056,0.37718,0.38311,0.38802,0.3925,0.39564,0.39863,0.39999,0.40148,0.40108,0.40108,0.39899,0.39753
0.044077,0.049389,0.06923,0.086207,0.10255,0.11954,0.13667,0.15438,0.17153,0.18927,0.20585,0.22302,0.23859,0.25467,0.26893,0.2835,0.2962,0.30891,0.31987,0.33041,0.33947,0.3476,0.35459,0.36013,0.36495,0.36779,0.36922,0.37052,0.36934,0.36838,0.3647,0.36157,0.35555,0.35034,0.34212,0.33492,0.32464,0.31554,0.30335,0.29241
0.047595,0.053411,0.077024,0.098734,0.11956,0.14117,0.16298,0.18553,0.20738,0.22996,0.25105,0.27283,0.29257,0.3128,0.33069,0.34863,0.3642,0.37915,0.39194,0.40331,0.41293,0.42034,0.42655,0.42986,0.43256,0.43184,0.42926,0.42654,0.42033,0.41429,0.40465,0.39542,0.38256,0.37022,0.35422,0.33879,0.31977,0.30125,0.27933,0.25771
0.054403,0.061869,0.091004,0.11618,0.14005,0.16473,0.18949,0.21482,0.23909,0.26369,0.28633,0.30897,0.32914,0.34868,0.36559,0.38101,0.394,0.4045,0.41309,0.41831,0.42231,0.42227,0.42173,0.41676,0.4119,0.40239,0.39108,0.37981,0.36455,0.34949,0.33053,0.31176,0.28929,0.26685,0.24109,0.21499,0.18621,0.15648,0.12503,0.091712
0.05588,0.063896,0.097403,0.12831,0.15763,0.18788,0.21825,0.24926,0.2789,0.30865,0.33581,0.36216,0.38519,0.40609,0.42359,0.43757,0.44866,0.45513,0.45954,0.45869,0.45661,0.44894,0.44072,0.42678,0.41271,0.39284,0.37061,0.34743,0.31969,0.29072,0.25775,0.22295,0.18523,0.14465,0.10283,0.056643,0.011589,-0.039879,-0.087047,-0.14321
0.054544,0.063279,0.10184,0.13781,0.1703,0.20237,0.23323,0.26311,0.29046,0.31606,0.33837,0.35786,0.37387,0.38574,0.39454,0.39804,0.39929,0.39456,0.3885,0.37615,0.3632,0.34392,0.32443,0.29864,0.27273,0.24082,0.20679,0.1709,0.13166,0.089591,0.045926,-0.002058,-0.049086,-0.10251,-0.15152,-0.2095,-0.25868,-0.31963,-0.36676,-0.42813
0.070961,0.080657,0.121,0.15792,0.19199,0.22559,0.25749,0.28739,0.31373,0.33643,0.35478,0.36786,0.37686,0.37931,0.37867,0.37085,0.36112,0.34406,0.326,0.30069,0.2748,0.24189,0.20832,0.16833,0.12705,0.08071,0.032667,-0.019949,-0.072594,-0.13207,-0.18771,-0.25309,-0.30953,-0.37882,-0.4332,-0.50302,-0.55218,-0.61802,-0.65857,-0.71554
0.077516,0.087999,0.13159,0.17172,0.20888,0.24547,0.27989,0.31132,0.33806,0.35932,0.37511,0.38354,0.38724,0.38261,0.3747,0.35831,0.33994,0.31329,0.28536,0.24946,0.21231,0.16791,0.12158,0.069628,0.014199,-0.043904,-0.10306,-0.17026,-0.23227,-0.30538,-0.36701,-0.44266,-0.49999,-0.57308,-0.6221,-0.68682,-0.72369,-0.77481,-0.80064,-0.83667
0.08598,0.097374,0.14446,0.18679,0.2243,0.259,0.28931,0.31401,0.33252,0.34331,0.34809,0.34395,0.3352,0.31727,0.29619,0.26612,0.23373,0.1927,0.14934,0.098379,0.04421,-0.015188,-0.079728,-0.14518,-0.21883,-0.28672,-0.35311,-0.43161,-0.49332,-0.56829,-0.62013,-0.68448,-0.72239,-0.77072,-0.79618,-0.82799,-0.84479,-0.86309,-0.87527,-0.88393
0.063051,0.075255,0.13366,0.19247,0.2465,0.29984,0.35059,0.39744,0.43757,0.46955,0.49305,0.50614,0.51158,0.50653,0.49516,0.47378,0.44657,0.40971,0.36647,0.31476,0.25508,0.1903,0.11447,0.040011,-0.050453,-0.12947,-0.20803,-0.30774,-0.38241,-0.47992,-0.54292,-0.6261,-0.67402,-0.73414,-0.76889,-0.8049,-0.83206,-0.84849,-0.87321,-0.87575
0.1019,0.11651,0.17535,0.22753,0.27488,0.31943,0.35849,0.38982,0.41241,0.42415,0.42739,0.41903,0.40383,0.37728,0.34496,0.30164,0.25251,0.19366,0.12787,0.056024,-0.025185,-0.10534,-0.19855,-0.27979,-0.3779,-0.45101,-0.51873,-0.59955,-0.64984,-0.70966,-0.74299,-0.78045,-0.802,-0.82167,-0.83732,-0.84511,-0.8589,-0.85954,-0.87482,-0.87249
0.072691,0.086328,0.15024,0.21079,0.26078,0.30359,0.33775,0.36129,0.37463,0.37549,0.36773,0.34805,0.32209,0.28562,0.24396,0.19321,0.13679,0.073825,0.0029607,-0.069587,-0.15436,-0.23258,-0.32893,-0.40645,-0.50685,-0.57494,-0.63823,-0.71434,-0.76084,-0.81142,-0.84397,-0.87062,-0.89558,-0.90507,-0.92746,-0.92634,-0.95339,-0.94957,-0.97539,-0.97284
0.14993,0.16556,0.22394,0.27575,0.32311,0.36431,0.39557,0.41361,0.41945,0.41059,0.39196,0.36012,0.32082,0.2699,0.21185,0.14447,0.068313,-0.012258,-0.10549,-0.19412,-0.30118,-0.38966,-0.50111,-0.57776,-0.67653,-0.72989,-0.78032,-0.83149,-0.86549,-0.89056,-0.91602,-0.92396,-0.94746,-0.94674,-0.97234,-0.97073,-0.98945,-0.98823,-0.99305,-0.98719
0.086369,0.10174,0.17315,0.23802,0.28612,0.32001,0.33897,0.34116,0.33011,0.30389,0.26857,0.22093,0.1663,0.1018,0.029635,-0.048419,-0.13736,-0.2245,-0.32758,-0.41564,-0.52295,-0.59918,-0.69199,-0.74375,-0.80492,-0.83563,-0.86688,-0.88633,-0.90918,-0.91398,-0.93593,-0.93537,-0.95482,-0.95394,-0.96234,-0.95837,-0.95797,-0.94595,-0.93788,-0.91006
0.086369,0.10174,0.17315,0.23802,0.28612,0.32001,0.33897,0.34116,0.33011,0.30389,0.26857,0.22093,0.1663,0.1018,0.029635,-0.048419,-0.13736,-0.2245,-0.32758,-0.41564,-0.52295,-0.59918,-0.69199,-0.74375,-0.80492,-0.83563,-0.86688,-0.88633,-0.90918,-0.91398,-0.93593,-0.93537,-0.95482,-0.95394,-0.96234,-0.95837,-0.95797,-0.94595,-0.93788,-0.91006
0.13467,0.15495,0.24217,0.32553,0.40039,0.46467,0.5121,0.53843,0.54589,0.53424,0.50821,0.46729,0.4138,0.3492,0.27115,0.18922,0.089857,-0.0016681,-0.11897,-0.21293,-0.34083,-0.4268,-0.5406,-0.6101,-0.68034,-0.73982,-0.81265,-0.82433,-0.90937,-0.91287,-0.9675,-0.96226,-0.9767,-0.94764,-0.92269,-0.84759,-0.82825,-0.71525,-0.79945,-0.6889
0.10898,0.12848,0.21888,0.30195,0.36345,0.40469,0.42465,0.42212,0.40213,0.36418,0.31362,0.24954,0.17377,0.089845,-0.0083441,-0.10531,-0.22231,-0.32293,-0.44839,-0.53811,-0.64833,-0.71299,-0.78355,-0.82639,-0.85581,-0.89195,-0.92946,-0.93125,-0.96571,-0.96297,-0.97848,-0.96524,-0.96549,-0.93016,-0.93232,-0.8699,-0.89967,-0.81858,-0.84653,-0.74536
0.096464,0.11248,0.18389,0.24009,0.26985,0.27819,0.26741,0.23752,0.19327,0.1334,0.061812,-0.022112,-0.11862,-0.22042,-0.3377,-0.44517,-0.56824,-0.66012,-0.76011,-0.81812,-0.87521,-0.90643,-0.92904,-0.94909,-0.95314,-0.97282,-0.98819,-0.98889,-0.99535,-0.9928,-0.99144,-0.98048,-0.97561,-0.94947,-0.96386,-0.93086,-0.98014,-0.96227,-0.94019,-0.88804
0.096464,0.11248,0.18389,0.24009,0.26985,0.27819,0.26741,0.23752,0.19327,0.1334,0.061812,-0.022112,-0.11862,-0.22042,-0.3377,-0.44517,-0.56824,-0.66012,-0.76011,-0.81812,-0.87521,-0.90643,-0.92904,-0.94909,-0.95314,-0.97282,-0.98819,-0.98889,-0.99535,-0.9928,-0.99144,-0.98048,-0.97561,-0.94947,-0.96386,-0.93086,-0.98014,-0.96227,-0.94019,-0.88804
0.12981,0.15542,0.27351,0.38744,0.48019,0.54892,0.58942,0.60232,0.59197,0.56179,0.51298,0.45123,0.37344,0.29559,0.2026,0.12465,0.027708,-0.045938,-0.13859,-0.21391,-0.27993,-0.37805,-0.38986,-0.59433,-0.59068,-0.79219,-0.85653,-0.68587,-0.61466,-0.42134,-0.48486,-0.32906,-0.61198,-0.46807,-0.35332,-0.22478,-0.092718,0.031562,-0.012421,0.080643
0.12981,0.15542,0.27351,0.38744,0.48019,0.54892,0.58942,0.60232,0.59197,0.56179,0.51298,0.45123,0.37344,0.29559,0.2026,0.12465,0.027708,-0.045938,-0.13859,-0.21391,-0.27993,-0.37805,-0.38986,-0.59433,-0.59068,-0.79219,-0.85653,-0.68587,-0.61466,-0.42134,-0.48486,-0.32906,-0.61198,-0.46807,-0.35332,-0.22478,-0.092718,0.031562,-0.012421,0.080643
0.13315,0.15758,0.26661,0.35571,0.40535,0.42119,0.40732,0.36621,0.30236,0.21812,0.11377,-0.00037443,-0.1348,-0.25958,-0.40325,-0.51161,-0.62698,-0.69711,-0.75713,-0.79735,-0.8135,-0.84152,-0.83548,-0.86086,-0.84819,-0.8548,-0.85432,-0.8236,-0.82891,-0.77997,-0.77971,-0.69978,-0.73684,-0.64081,-0.66653,-0.55297,-0.53157,-0.39445,-0.34019,-0.21687
0.13358,0.15909,0.27562,0.37078,0.41862,0.42632,0.40039,0.34497,0.26479,0.16534,0.04763,-0.068588,-0.19212,-0.28601,-0.37336,-0.42335,-0.46191,-0.4836,-0.49395,-0.50689,-0.50785,-0.51739,-0.51723,-0.51946,-0.5159,-0.51106,-0.51316,-0.50181,-0.51697,-0.51198,-0.49997,-0.47218,-0.44266,-0.36426,-0.42951,-0.35826,-0.47824,-0.45065,-0.29928,-0.20622
0.13358,0.15909,0.27562,0.37078,0.41862,0.42632,0.40039,0.34497,0.26479,0.16534,0.04763,-0.068588,-0.19212,-0.28601,-0.37336,-0.42335,-0.46191,-0.4836,-0.49395,-0.50689,-0.50785,-0.51739,-0.51723,-0.51946,-0.5159,-0.51106,-0.51316,-0.50181,-0.51697,-0.51198,-0.49997,-0.47218,-0.44266,-0.36426,-0.42951,-0.35826,-0.47824,-0.45065,-0.29928,-0.20622
0.13358,0.15909,0.27562,0.37078,0.41862,0.42632,0.40039,0.34497,0.26479,0.16534,0.04763,-0.068588,-0.19212,-0.28601,-0.37336,-0.42335,-0.46191,-0.4836,-0.49395,-0.50689,-0.50785,-0.51739,-0.51723,-0.51946,-0.5159,-0.51106,-0.51316,-0.50181,-0.51697,-0.51198,-0.49997,-0.47218,-0.44266,-0.36426,-0.42951,-0.35826,-0.47824,-0.45065,-0.29928,-0.20622
0.14648,0.17467,0.3001,0.39751,0.4447,0.45585,0.44239,0.41342,0.3753,0.33469,0.29257,0.25829,0.22675,0.20784,0.19294,0.18729,0.1854,0.18665,0.19184,0.19557,0.20408,0.20978,0.22083,0.22677,0.23906,0.24647,0.25252,0.26232,0.26698,0.2699,0.27611,0.27012,0.28782,0.28225,0.31338,0.31432,0.29208,0.26927,0.38168,0.38998
0.15424,0.18217,0.29842,0.37619,0.40067,0.39026,0.35799,0.31402,0.26381,0.21535,0.16724,0.12971,0.094896,0.071876,0.052847,0.039028,0.031808,0.019968,0.017867,0.00084094,-0.0011809,0.011142,0.022236,0.014141,0.024203,-0.00033144,0.020183,0.034784,0.043407,0.068531,0.034231,0.048938,0.024644,0.03825,0.15269,0.20036,0.13135,0.16163,-0.0039238,-0.0021061
0.15424,0.18217,0.29842,0.37619,0.40067,0.39026,0.35799,0.31402,0.26381,0.21535,0.16724,0.12971,0.094896,0.071876,0.052847,0.039028,0.031808,0.019968,0.017867,0.00084094,-0.0011809,0.011142,0.022236,0.014141,0.024203,-0.00033144,0.020183,0.034784,0.043407,0.068531,0.034231,0.048938,0.024644,0.03825,0.15269,0.20036,0.13135,0.16163,-0.0039238,-0.0021061
0.15424,0.18217,0.29842,0.37619,0.40067,0.39026,0.35799,0.31402,0.26381,0.21535,0.16724,0.12971,0.094896,0.071876,0.052847,0.039028,0.031808,0.019968,0.017867,0.00084094,-0.0011809,0.011142,0.022236,0.014141,0.024203,-0.00033144,0.020183,0.034784,0.043407,0.068531,0.034231,0.048938,0.024644,0.03825,0.15269,0.20036,0.13135,0.16163,-0.0039238,-0.0021061
0.15424,0.18217,0.29842,0.37619,0.40067,0.39026,0.35799,0.31402,0.26381,0.21535,0.16724,0.12971,0.094896,0.071876,0.052847,0.039028,0.031808,0.019968,0.017867,0.00084094,-0.0011809,0.011142,0.022236,0.014141,0.024203,-0.00033144,0.020183,0.034784,0.043407,0.068531,0.034231,0.048938,0.024644,0.03825,0.15269,0.20036,0.13135,0.16163,-0.0039238,-0.0021061
0.18708,0.1899,0.19804,0.16508,0.086133,-0.025819,-0.16206,-0.30805,-0.455,-0.57313,-0.66548,-0.71843,-0.74874,-0.76702,-0.7734,-0.78134,-0.78278,-0.78429,-0.78141,-0.78087,-0.76922,-0.78248,-0.77451,-0.75579,-0.6987,-0.72888,-0.76891,-0.7446,-0.63164,-0.50562,-0.46967,-0.34137,-0.47025,-0.36207,0.64313,0.79367,0.2434,0.13522,-0.43738,-0.45071
0.18708,0.1899,0.19804,0.16508,0.086133,-0.025819,-0.16206,-0.30805,-0.455,-0.57313,-0.66548,-0.71843,-0.74874,-0.76702,-0.7734,-0.78134,-0.78278,-0.78429,-0.78141,-0.78087,-0.76922,-0.78248,-0.77451,-0.75579,-0.6987,-0.72888,-0.76891,-0.7446,-0.63164,-0.50562,-0.46967,-0.34137,-0.47025,-0.36207,0.64313,0.79367,0.2434,0.13522,-0.43738,-0.45071
0.18708,0.1899,0.19804,0.16508,0.086133,-0.025819,-0.16206,-0.30805,-0.455,-0.57313,-0.66548,-0.71843,-0.74874,-0.76702,-0.7734,-0.78134,-0.78278,-0.78429,-0.78141,-0.78087,-0.76922,-0.78248,-0.77451,-0.75579,-0.6987,-0.72888,-0.76891,-0.7446,-0.63164,-0.50562,-0.46967,-0.34137,-0.47025,-0.36207,0.64313,0.79367,0.2434,0.13522,-0.43738,-0.45071
0.18708,0.1899,0.19804,0.16508,0.086133,-0.025819,-0.16206,-0.30805,-0.455,-0.57313,-0.66548,-0.71843,-0.74874,-0.76702,-0.7734,-0.78134,-0.78278,-0.78429,-0.78141,-0.78087,-0.76922,-0.78248,-0.77451,-0.75579,-0.6987,-0.72888,-0.76891,-0.7446,-0.63164,-0.50562,-0.46967,-0.34137,-0.47025,-0.36207,0.64313,0.79367,0.2434,0.13522,-0.43738,-0.45071
0.18708,0.1899,0.19804,0.16508,0.086133,-0.025819,-0.16206,-0.30805,-0.455,-0.57313,-0.66548,-0.71843,-0.74874,-0.76702,-0.7734,-0.78134,-0.78278,-0.78429,-0.78141,-0.78087,-0.76922,-0.78248,-0.77451,-0.75579,-0.6987,-0.72888,-0.76891,-0.7446,-0.63164,-0.50562,-0.46967,-0.34137,-0.47025,-0.36207,0.64313,0.79367,0.2434,0.13522,-0.43738,-0.45071
0.18708,0.1899,0.19804,0.16508,0.086133,-0.025819,-0.16206,-0.30805,-0.455,-0.57313,-0.66548,-0.71843,-0.74874,-0.76702,-0.7734,-0.78134,-0.78278,-0.78429,-0.78141,-0.78087,-0.76922,-0.78248,-0.77451,-0.75579,-0.6987,-0.72888,-0.76891,-0.7446,-0.63164,-0.50562,-0.46967,-0.34137,-0.47025,-0.36207,0.64313,0.79367,0.2434,0.13522,-0.43738,-0.45071
0.22015,0.22099,0.23565,0.23466,0.20926,0.17135,0.12528,0.074517,0.020013,-0.026812,-0.066804,-0.093371,-0.11287,-0.12831,-0.14147,-0.15479,-0.1697,-0.18132,-0.19619,-0.2052,-0.20811,-0.22838,-0.22101,-0.21393,-0.14685,-0.19821,-0.35918,-0.33828,-0.29298,0.014829,-0.03336,0.058158,-0.024821,0.00099386,0.2477,0.25251,0.43158,0.42178,0.019413,0.013963
