-0.0050546,-0.0059689,-0.010278,-0.014472,-0.018189,-0.021688,-0.024854,-0.027887,-0.030687,-0.033672,-0.036489,-0.039715,-0.042725,-0.046308,-0.049579,-0.053568,-0.05713,-0.061551,-0.065421,-0.070291,-0.074482,-0.079813,-0.084332,-0.090132,-0.094984,-0.10125,-0.10765,-0.11318,-0.12004,-0.1259,-0.13321,-0.1394,-0.14713,-0.15365,-0.16178,-0.1686,-0.17711,-0.18421,-0.19306,-0.20042
-0.012948,-0.015337,-0.026643,-0.037225,-0.045686,-0.053575,-0.061399,-0.069967,-0.078736,-0.088851,-0.09892,-0.11081,-0.12225,-0.13595,-0.14877,-0.16423,-0.17836,-0.19542,-0.21072,-0.22913,-0.2454,-0.26478,-0.28176,-0.30163,-0.31898,-0.33884,-0.35804,-0.37546,-0.39384,-0.41058,-0.4277,-0.4434,-0.45887,-0.47323,-0.4868,-0.4996,-0.51114,-0.52225,-0.5317,-0.54106
-0.022168,-0.026343,-0.045756,-0.0626,-0.076411,-0.090707,-0.10595,-0.1232,-0.14117,-0.1617,-0.18219,-0.20555,-0.22799,-0.25324,-0.27678,-0.30255,-0.32606,-0.35073,-0.37296,-0.39495,-0.41471,-0.43282,-0.44922,-0.46275,-0.47529,-0.48414,-0.49074,-0.4972,-0.49982,-0.50274,-0.50202,-0.5019,-0.49853,-0.49593,-0.49059,-0.48608,-0.47948,-0.47361,-0.46638,-0.45972
-0.031392,-0.037383,-0.061496,-0.081948,-0.10289,-0.12695,-0.15369,-0.18422,-0.21631,-0.25221,-0.28795,-0.32654,-0.36327,-0.40085,-0.43545,-0.46847,-0.49826,-0.52437,-0.54775,-0.56621,-0.58279,-0.59408,-0.60436,-0.6097,-0.61468,-0.6156,-0.61526,-0.61465,-0.61232,-0.60993,-0.60714,-0.60446,-0.60256,-0.60098,-0.60104,-0.60171,-0.60437,-0.608,-0.6134,-0.62015
-0.041564,-0.049678,-0.082758,-0.11153,-0.14142,-0.17575,-0.21359,-0.25563,-0.29877,-0.34409,-0.38759,-0.42978,-0.46815,-0.5016,-0.53084,-0.55295,-0.57168,-0.58282,-0.59178,-0.59403,-0.59514,-0.59124,-0.5869,-0.57982,-0.57272,-0.56533,-0.55901,-0.55299,-0.54958,-0.54711,-0.54786,-0.55025,-0.55538,-0.56275,-0.57121,-0.58238,-0.59171,-0.60422,-0.61245,-0.62379
-0.040042,-0.048044,-0.087333,-0.12976,-0.17326,-0.22165,-0.27369,-0.32924,-0.38464,-0.43947,-0.49048,-0.53641,-0.57699,-0.60984,-0.63782,-0.65776,-0.67408,-0.68373,-0.69109,-0.69439,-0.69669,-0.69816,-0.70001,-0.70376,-0.70936,-0.71787,-0.72856,-0.74263,-0.75693,-0.77481,-0.78917,-0.80683,-0.81827,-0.83221,-0.84102,-0.8504,-0.85751,-0.86315,-0.8689,-0.87175
-0.057949,-0.067439,-0.11015,-0.15614,-0.20568,-0.26067,-0.31817,-0.37547,-0.42873,-0.47447,-0.51272,-0.53971,-0.56011,-0.57017,-0.57633,-0.5758,-0.57396,-0.57005,-0.56671,-0.56499,-0.56509,-0.56803,-0.57324,-0.57988,-0.58839,-0.59579,-0.60193,-0.60887,-0.61314,-0.61724,-0.62035,-0.62222,-0.62458,-0.62501,-0.62685,-0.62628,-0.62859,-0.62768,-0.6296,-0.62839
-0.057538,-0.069454,-0.12892,-0.19457,-0.2616,-0.33318,-0.40574,-0.47553,-0.53903,-0.59309,-0.63863,-0.67328,-0.70113,-0.72069,-0.73676,-0.74957,-0.76245,-0.77642,-0.79307,-0.8111,-0.83238,-0.85125,-0.87234,-0.88678,-0.90249,-0.91115,-0.91928,-0.92598,-0.93147,-0.93462,-0.93925,-0.94056,-0.94516,-0.94585,-0.94844,-0.94791,-0.95251,-0.95216,-0.95363,-0.95171
-0.10314,-0.12359,-0.20806,-0.28008,-0.34905,-0.41813,-0.48238,-0.53639,-0.57915,-0.60726,-0.62517,-0.63114,-0.63117,-0.62609,-0.62011,-0.61645,-0.61636,-0.62159,-0.6324,-0.64433,-0.66043,-0.67031,-0.6819,-0.68827,-0.6933,-0.69802,-0.70266,-0.70277,-0.70718,-0.70634,-0.70938,-0.70796,-0.70931,-0.70669,-0.70678,-0.70164,-0.69631,-0.6833,-0.69399,-0.68064
-0.059488,-0.073399,-0.14438,-0.22377,-0.3015,-0.3757,-0.43918,-0.48418,-0.5119,-0.51992,-0.51583,-0.50074,-0.4808,-0.46068,-0.44095,-0.42809,-0.41763,-0.4141,-0.41211,-0.41193,-0.412,-0.41266,-0.41231,-0.41298,-0.41203,-0.41284,-0.41328,-0.41219,-0.41228,-0.41037,-0.41207,-0.41026,-0.40796,-0.40247,-0.40358,-0.39498,-0.406,-0.39907,-0.38583,-0.36315
-0.13744,-0.15829,-0.25063,-0.33992,-0.41578,-0.47395,-0.51091,-0.52741,-0.53162,-0.5297,-0.5283,-0.53301,-0.5477,-0.57355,-0.61572,-0.66066,-0.71846,-0.76015,-0.80199,-0.82936,-0.84663,-0.86495,-0.86678,-0.88669,-0.88633,-0.89576,-0.89872,-0.89291,-0.88932,-0.87116,-0.87759,-0.85025,-0.88902,-0.87358,-0.84566,-0.79049,-0.77527,-0.6972,-0.68637,-0.60141
-0.15951,-0.18212,-0.28147,-0.37681,-0.46,-0.53046,-0.5849,-0.62242,-0.64792,-0.66652,-0.68501,-0.70914,-0.74248,-0.78069,-0.82689,-0.86338,-0.90028,-0.92224,-0.94044,-0.95222,-0.95822,-0.96603,-0.96649,-0.9736,-0.97243,-0.97677,-0.97771,-0.97323,-0.97618,-0.96774,-0.96852,-0.95103,-0.96815,-0.95074,-0.94762,-0.91093,-0.89923,-0.831,-0.84941,-0.78203
-0.11882,-0.14132,-0.25122,-0.36188,-0.456,-0.5362,-0.60075,-0.64956,-0.68778,-0.71986,-0.75283,-0.78881,-0.83153,-0.8705,-0.90963,-0.93447,-0.95386,-0.96611,-0.97159,-0.97932,-0.97967,-0.98501,-0.98364,-0.98597,-0.9819,-0.98038,-0.98018,-0.96803,-0.98217,-0.97282,-0.96228,-0.9289,-0.93157,-0.87895,-0.91119,-0.85276,-0.88356,-0.81223,-0.80098,-0.74103
-0.24429,-0.27552,-0.40879,-0.52015,-0.5933,-0.63658,-0.65866,-0.67071,-0.68336,-0.70576,-0.74439,-0.79218,-0.84889,-0.89121,-0.92392,-0.94562,-0.95417,-0.96722,-0.96864,-0.97427,-0.97193,-0.97213,-0.9616,-0.96045,-0.93395,-0.96509,-0.9552,-0.92131,-0.9119,-0.84384,-0.93299,-0.89102,-0.8307,-0.74185,-0.72427,-0.68328,-0.58833,-0.54828,-0.42367,-0.32984
-0.24429,-0.27552,-0.40879,-0.52015,-0.5933,-0.63658,-0.65866,-0.67071,-0.68336,-0.70576,-0.74439,-0.79218,-0.84889,-0.89121,-0.92392,-0.94562,-0.95417,-0.96722,-0.96864,-0.97427,-0.97193,-0.97213,-0.9616,-0.96045,-0.93395,-0.96509,-0.9552,-0.92131,-0.9119,-0.84384,-0.93299,-0.89102,-0.8307,-0.74185,-0.72427,-0.68328,-0.58833,-0.54828,-0.42367,-0.32984
-0.17735,-0.20919,-0.35279,-0.48206,-0.57137,-0.62393,-0.64792,-0.65845,-0.66959,-0.68899,-0.71618,-0.74302,-0.7696,-0.78955,-0.80728,-0.82197,-0.8354,-0.84854,-0.86132,-0.8715,-0.88191,-0.89065,-0.89609,-0.89943,-0.89005,-0.9086,-0.90907,-0.88342,-0.8924,-0.84184,-0.85832,-0.78215,-0.85721,-0.77781,-0.71137,-0.64524,-0.64565,-0.58977,-0.34635,-0.23144
-0.14443,-0.17493,-0.3281,-0.47712,-0.58338,-0.65323,-0.69426,-0.71898,-0.73861,-0.75667,-0.77193,-0.78104,-0.78593,-0.78889,-0.78933,-0.79025,-0.78932,-0.79004,-0.7884,-0.78668,-0.77848,-0.78591,-0.7763,-0.77276,-0.74262,-0.76554,-0.76092,-0.72105,-0.73136,-0.69151,-0.58475,-0.51249,-0.41452,-0.28411,-0.50598,-0.51565,-0.51791,-0.51518,-0.2586,-0.29446
-0.14443,-0.17493,-0.3281,-0.47712,-0.58338,-0.65323,-0.69426,-0.71898,-0.73861,-0.75667,-0.77193,-0.78104,-0.78593,-0.78889,-0.78933,-0.79025,-0.78932,-0.79004,-0.7884,-0.78668,-0.77848,-0.78591,-0.7763,-0.77276,-0.74262,-0.76554,-0.76092,-0.72105,-0.73136,-0.69151,-0.58475,-0.51249,-0.41452,-0.28411,-0.50598,-0.51565,-0.51791,-0.51518,-0.2586,-0.29446
-0.19842,-0.23635,-0.40469,-0.51537,-0.55824,-0.58578,-0.62278,-0.67799,-0.75012,-0.82068,-0.8803,-0.91931,-0.94276,-0.95869,-0.96664,-0.97415,-0.97668,-0.98154,-0.98043,-0.97998,-0.96471,-0.98352,-0.97028,-0.95266,-0.88709,-0.90237,-0.9468,-0.88265,-0.82667,-0.7355,-0.71688,-0.61836,-0.51782,-0.44712,-0.44785,-0.4557,-0.3729,-0.38895,-0.54396,-0.55045
-0.20295,-0.23235,-0.34976,-0.38912,-0.35051,-0.28572,-0.21616,-0.15557,-0.10482,-0.06915,-0.045612,-0.026251,-0.018356,-0.0021642,-0.0013278,-0.0051026,-0.014432,0.0031208,0.005735,-0.036578,-0.072001,-0.029688,-0.048763,-0.075865,-0.12168,-0.12126,0.01302,0.010406,-0.80147,-0.83917,-0.18119,-0.15109,-0.2997,-0.29281,-0.24839,-0.24394,-0.058999,-0.074315,-0.63549,-0.61963
-0.20295,-0.23235,-0.34976,-0.38912,-0.35051,-0.28572,-0.21616,-0.15557,-0.10482,-0.06915,-0.045612,-0.026251,-0.018356,-0.0021642,-0.0013278,-0.0051026,-0.014432,0.0031208,0.005735,-0.036578,-0.072001,-0.029688,-0.048763,-0.075865,-0.12168,-0.12126,0.01302,0.010406,-0.80147,-0.83917,-0.18119,-0.15109,-0.2997,-0.29281,-0.24839,-0.24394,-0.058999,-0.074315,-0.63549,-0.61963
-0.20295,-0.23235,-0.34976,-0.38912,-0.35051,-0.28572,-0.21616,-0.15557,-0.10482,-0.06915,-0.045612,-0.026251,-0.018356,-0.0021642,-0.0013278,-0.0051026,-0.014432,0.0031208,0.005735,-0.036578,-0.072001,-0.029688,-0.048763,-0.075865,-0.12168,-0.12126,0.01302,0.010406,-0.80147,-0.83917,-0.18119,-0.15109,-0.2997,-0.29281,-0.24839,-0.24394,-0.058999,-0.074315,-0.63549,-0.61963
-0.2346,-0.26453,-0.39204,-0.4716,-0.50137,-0.53321,-0.58514,-0.64277,-0.69105,-0.71264,-0.70555,-0.68931,-0.6481,-0.61588,-0.56177,-0.52506,-0.47095,-0.45027,-0.43446,-0.32162,-0.28682,-0.16064,-0.11001,-0.129,-0.21487,-0.24999,-0.37461,-0.44591,-0.058827,-0.064167,-0.73153,-0.71723,-0.44552,-0.44421,-0.35761,-0.35496,-0.15711,-0.16215,-0.42975,-0.43062
-0.2346,-0.26453,-0.39204,-0.4716,-0.50137,-0.53321,-0.58514,-0.64277,-0.69105,-0.71264,-0.70555,-0.68931,-0.6481,-0.61588,-0.56177,-0.52506,-0.47095,-0.45027,-0.43446,-0.32162,-0.28682,-0.16064,-0.11001,-0.129,-0.21487,-0.24999,-0.37461,-0.44591,-0.058827,-0.064167,-0.73153,-0.71723,-0.44552,-0.44421,-0.35761,-0.35496,-0.15711,-0.16215,-0.42975,-0.43062
-0.29017,-0.33102,-0.52646,-0.70173,-0.80932,-0.876,-0.91423,-0.93226,-0.93934,-0.94261,-0.94364,-0.94407,-0.94307,-0.94406,-0.94115,-0.94303,-0.93583,-0.93847,-0.92075,-0.84946,-0.73499,-0.61729,-0.38998,-0.57861,-0.62223,-0.73902,-0.50017,-0.51027,-0.13819,-0.13777,-0.6758,-0.68337,-0.77722,-0.78035,-0.50912,-0.50651,-0.13714,-0.14011,-0.70544,-0.71048
-0.29017,-0.33102,-0.52646,-0.70173,-0.80932,-0.876,-0.91423,-0.93226,-0.93934,-0.94261,-0.94364,-0.94407,-0.94307,-0.94406,-0.94115,-0.94303,-0.93583,-0.93847,-0.92075,-0.84946,-0.73499,-0.61729,-0.38998,-0.57861,-0.62223,-0.73902,-0.50017,-0.51027,-0.13819,-0.13777,-0.6758,-0.68337,-0.77722,-0.78035,-0.50912,-0.50651,-0.13714,-0.14011,-0.70544,-0.71048
-0.29017,-0.33102,-0.52646,-0.70173,-0.80932,-0.876,-0.91423,-0.93226,-0.93934,-0.94261,-0.94364,-0.94407,-0.94307,-0.94406,-0.94115,-0.94303,-0.93583,-0.93847,-0.92075,-0.84946,-0.73499,-0.61729,-0.38998,-0.57861,-0.62223,-0.73902,-0.50017,-0.51027,-0.13819,-0.13777,-0.6758,-0.68337,-0.77722,-0.78035,-0.50912,-0.50651,-0.13714,-0.14011,-0.70544,-0.71048
-0.29017,-0.33102,-0.52646,-0.70173,-0.80932,-0.876,-0.91423,-0.93226,-0.93934,-0.94261,-0.94364,-0.94407,-0.94307,-0.94406,-0.94115,-0.94303,-0.93583,-0.93847,-0.92075,-0.84946,-0.73499,-0.61729,-0.38998,-0.57861,-0.62223,-0.73902,-0.50017,-0.51027,-0.13819,-0.13777,-0.6758,-0.68337,-0.77722,-0.78035,-0.50912,-0.50651,-0.13714,-0.14011,-0.70544,-0.71048
-0.29017,-0.33102,-0.52646,-0.70173,-0.80932,-0.876,-0.91423,-0.93226,-0.93934,-0.94261,-0.94364,-0.94407,-0.94307,-0.94406,-0.94115,-0.94303,-0.93583,-0.93847,-0.92075,-0.84946,-0.73499,-0.61729,-0.38998,-0.57861,-0.62223,-0.73902,-0.50017,-0.51027,-0.13819,-0.13777,-0.6758,-0.68337,-0.77722,-0.78035,-0.50912,-0.50651,-0.13714,-0.14011,-0.70544,-0.71048
-0.29017,-0.33102,-0.52646,-0.70173,-0.80932,-0.876,-0.91423,-0.93226,-0.93934,-0.94261,-0.94364,-0.94407,-0.94307,-0.94406,-0.94115,-0.94303,-0.93583,-0.93847,-0.92075,-0.84946,-0.73499,-0.61729,-0.38998,-0.57861,-0.62223,-0.73902,-0.50017,-0.51027,-0.13819,-0.13777,-0.6758,-0.68337,-0.77722,-0.78035,-0.50912,-0.50651,-0.13714,-0.14011,-0.70544,-0.71048
-0.31661,-0.31597,-0.29115,-0.27377,-0.31772,-0.4026,-0.49159,-0.56898,-0.64362,-0.71089,-0.77885,-0.83185,-0.86772,-0.91192,-0.91188,-0.96838,-0.95967,-0.98218,-0.88153,-0.77533,-0.58304,-0.7551,-0.66329,0.091824,0.029373,-0.54366,-0.52475,-0.53423,0.015995,0.022006,-0.40788,-0.41653,-0.79863,-0.79264,-0.10819,-0.10475,-0.36549,-0.36429,-0.60524,-0.60844
-0.31661,-0.31597,-0.29115,-0.27377,-0.31772,-0.4026,-0.49159,-0.56898,-0.64362,-0.71089,-0.77885,-0.83185,-0.86772,-0.91192,-0.91188,-0.96838,-0.95967,-0.98218,-0.88153,-0.77533,-0.58304,-0.7551,-0.66329,0.091824,0.029373,-0.54366,-0.52475,-0.53423,0.015995,0.022006,-0.40788,-0.41653,-0.79863,-0.79264,-0.10819,-0.10475,-0.36549,-0.36429,-0.60524,-0.60844
-0.3754,-0.35439,-0.26347,-0.16992,-0.096601,-0.047503,-0.020934,-0.0067017,-0.0023439,-0.0029529,-0.009831,-0.0045101,-0.013169,-0.044662,-0.11336,-0.13603,-0.33719,-0.16017,-0.092838,-0.3177,-0.30552,-0.56285,-0.56115,-0.060339,-0.054299,-0.30248,-0.55394,-0.54702,-0.047848,-0.044016,-0.30598,-0.30746,-0.52802,-0.52027,-0.037103,-0.034751,-0.31171,-0.31335,-0.50352,-0.49712
-0.3754,-0.35439,-0.26347,-0.16992,-0.096601,-0.047503,-0.020934,-0.0067017,-0.0023439,-0.0029529,-0.009831,-0.0045101,-0.013169,-0.044662,-0.11336,-0.13603,-0.33719,-0.16017,-0.092838,-0.3177,-0.30552,-0.56285,-0.56115,-0.060339,-0.054299,-0.30248,-0.55394,-0.54702,-0.047848,-0.044016,-0.30598,-0.30746,-0.52802,-0.52027,-0.037103,-0.034751,-0.31171,-0.31335,-0.50352,-0.49712
-0.3754,-0.35439,-0.26347,-0.16992,-0.096601,-0.047503,-0.020934,-0.0067017,-0.0023439,-0.0029529,-0.009831,-0.0045101,-0.013169,-0.044662,-0.11336,-0.13603,-0.33719,-0.16017,-0.092838,-0.3177,-0.30552,-0.56285,-0.56115,-0.060339,-0.054299,-0.30248,-0.55394,-0.54702,-0.047848,-0.044016,-0.30598,-0.30746,-0.52802,-0.52027,-0.037103,-0.034751,-0.31171,-0.31335,-0.50352,-0.49712
-0.3754,-0.35439,-0.26347,-0.16992,-0.096601,-0.047503,-0.020934,-0.0067017,-0.0023439,-0.0029529,-0.009831,-0.0045101,-0.013169,-0.044662,-0.11336,-0.13603,-0.33719,-0.16017,-0.092838,-0.3177,-0.30552,-0.56285,-0.56115,-0.060339,-0.054299,-0.30248,-0.55394,-0.54702,-0.047848,-0.044016,-0.30598,-0.30746,-0.52802,-0.52027,-0.037103,-0.034751,-0.31171,-0.31335,-0.50352,-0.49712
-0.3754,-0.35439,-0.26347,-0.16992,-0.096601,-0.047503,-0.020934,-0.0067017,-0.0023439,-0.0029529,-0.009831,-0.0045101,-0.013169,-0.044662,-0.11336,-0.13603,-0.33719,-0.16017,-0.092838,-0.3177,-0.30552,-0.56285,-0.56115,-0.060339,-0.054299,-0.30248,-0.55394,-0.54702,-0.047848,-0.044016,-0.30598,-0.30746,-0.52802,-0.52027,-0.037103,-0.034751,-0.31171,-0.31335,-0.50352,-0.49712
-0.3754,-0.35439,-0.26347,-0.16992,-0.096601,-0.047503,-0.020934,-0.0067017,-0.0023439,-0.0029529,-0.009831,-0.0045101,-0.013169,-0.044662,-0.11336,-0.13603,-0.33719,-0.16017,-0.092838,-0.3177,-0.30552,-0.56285,-0.56115,-0.060339,-0.054299,-0.30248,-0.55394,-0.54702,-0.047848,-0.044016,-0.30598,-0.30746,-0.52802,-0.52027,-0.037103,-0.034751,-0.31171,-0.31335,-0.50352,-0.49712
-0.3754,-0.35439,-0.26347,-0.16992,-0.096601,-0.047503,-0.020934,-0.0067017,-0.0023439,-0.0029529,-0.009831,-0.0045101,-0.013169,-0.044662,-0.11336,-0.13603,-0.33719,-0.16017,-0.092838,-0.3177,-0.30552,-0.56285,-0.56115,-0.060339,-0.054299,-0.30248,-0.55394,-0.54702,-0.047848,-0.044016,-0.30598,-0.30746,-0.52802,-0.52027,-0.037103,-0.034751,-0.31171,-0.31335,-0.50352,-0.49712
-0.3754,-0.35439,-0.26347,-0.16992,-0.096601,-0.047503,-0.020934,-0.0067017,-0.0023439,-0.0029529,-0.009831,-0.0045101,-0.013169,-0.044662,-0.11336,-0.13603,-0.33719,-0.16017,-0.092838,-0.3177,-0.30552,-0.56285,-0.56115,-0.060339,-0.054299,-0.30248,-0.55394,-0.54702,-0.047848,-0.044016,-0.30598,-0.30746,-0.52802,-0.52027,-0.037103,-0.034751,-0.31171,-0.31335,-0.50352,-0.49712
