0.051167,0.060107,0.10087,0.13812,0.16958,0.19923,0.22689,0.25355,0.27778,0.30159,0.32262,0.34377,0.362,0.38079,0.39667,0.41347,0.42743,0.44258,0.45498,0.46874,0.47986,0.49244,0.5025,0.51406,0.52321,0.53388,0.54392,0.55212,0.56144,0.56898,0.57765,0.58462,0.59271,0.59916,0.60674,0.61273,0.61985,0.62544,0.63214,0.63736
0.099892,0.11662,0.1893,0.25065,0.29902,0.34156,0.37862,0.41218,0.44103,0.46821,0.49132,0.51401,0.53303,0.55238,0.56836,0.58511,0.59873,0.61341,0.62518,0.63816,0.64845,0.66003,0.66912,0.67951,0.68759,0.69698,0.70571,0.71272,0.72066,0.72699,0.73423,0.73997,0.74661,0.75184,0.75796,0.76275,0.76841,0.77281,0.77807,0.78214
0.1483,0.17227,0.27145,0.3479,0.40326,0.44883,0.48683,0.52044,0.54877,0.57517,0.59724,0.61874,0.63649,0.65446,0.66909,0.68439,0.69668,0.70988,0.72034,0.73183,0.74084,0.75093,0.75878,0.76772,0.77462,0.7826,0.79,0.79591,0.80258,0.80787,0.81391,0.81867,0.82415,0.82844,0.83341,0.83729,0.84179,0.84529,0.84937,0.85253
0.18827,0.21753,0.33259,0.41426,0.47112,0.51737,0.5555,0.58873,0.61631,0.64168,0.66263,0.68286,0.69938,0.71596,0.72934,0.74319,0.75424,0.76602,0.77532,0.78547,0.79342,0.80227,0.80913,0.8169,0.82287,0.82969,0.83593,0.8409,0.84636,0.8507,0.85549,0.85927,0.86347,0.86677,0.87045,0.87333,0.87656,0.8791,0.88194,0.88417
0.23181,0.26567,0.39201,0.47658,0.53435,0.58085,0.61885,0.65172,0.67875,0.70333,0.72337,0.74241,0.75778,0.773,0.78517,0.79768,0.8076,0.81811,0.82636,0.83527,0.8422,0.84978,0.85563,0.86207,0.86701,0.87247,0.87737,0.88128,0.88545,0.88876,0.89232,0.89515,0.89821,0.90064,0.90329,0.90539,0.9077,0.90953,0.91156,0.91316
0.26296,0.30013,0.43478,0.52083,0.57755,0.62199,0.65763,0.68813,0.71298,0.73545,0.75368,0.771,0.78496,0.79882,0.80989,0.82124,0.83019,0.83955,0.84685,0.85456,0.86053,0.86688,0.87176,0.877,0.88102,0.88537,0.88925,0.89236,0.89563,0.89825,0.90104,0.90327,0.90567,0.90758,0.90965,0.9113,0.91308,0.91451,0.91604,0.91726
0.29682,0.33705,0.47801,0.5631,0.61723,0.65922,0.69275,0.7214,0.74475,0.76598,0.78326,0.79975,0.81303,0.8261,0.83647,0.84686,0.85498,0.8632,0.86957,0.87607,0.88108,0.88625,0.89023,0.8944,0.8976,0.90101,0.90403,0.90645,0.90896,0.91097,0.91306,0.91474,0.91648,0.91788,0.91931,0.92046,0.92159,0.92252,0.92339,0.92412
0.33524,0.37869,0.5222,0.60495,0.65811,0.69913,0.73141,0.75852,0.78027,0.79976,0.81545,0.8302,0.84194,0.85327,0.86216,0.87086,0.87762,0.88434,0.88953,0.89478,0.89883,0.903,0.90622,0.90959,0.91219,0.91494,0.91735,0.9193,0.92126,0.92284,0.9244,0.92566,0.92686,0.92784,0.9287,0.92942,0.92998,0.93045,0.93072,0.93097
0.36406,0.40716,0.54592,0.62528,0.67746,0.71872,0.75161,0.77935,0.80158,0.82136,0.83713,0.85172,0.86318,0.87402,0.88243,0.89054,0.8968,0.90296,0.90773,0.91253,0.91625,0.92008,0.92305,0.92614,0.92854,0.93104,0.93322,0.93498,0.9367,0.93809,0.93939,0.94046,0.94138,0.94215,0.94273,0.94322,0.94347,0.94371,0.94366,0.94366
0.4013,0.44541,0.58437,0.66365,0.71551,0.75539,0.78637,0.81196,0.83218,0.84984,0.86373,0.87622,0.8859,0.89477,0.9016,0.908,0.91292,0.91766,0.92131,0.9249,0.92767,0.93042,0.93255,0.93464,0.93626,0.93779,0.93903,0.94002,0.9408,0.94142,0.94179,0.94208,0.94206,0.94205,0.94166,0.94135,0.94062,0.94004,0.93896,0.93811
0.40821,0.45376,0.59648,0.67614,0.72692,0.76552,0.79552,0.82049,0.84027,0.8575,0.87096,0.88293,0.89215,0.90057,0.90704,0.91317,0.91791,0.92255,0.92616,0.92975,0.93254,0.93531,0.93747,0.93954,0.94116,0.94262,0.94376,0.94467,0.9453,0.9458,0.94595,0.94608,0.9458,0.94557,0.94488,0.94432,0.94325,0.94237,0.94093,0.93974
0.43689,0.48144,0.61856,0.6947,0.74319,0.77991,0.80834,0.83184,0.85029,0.86614,0.87839,0.88916,0.89742,0.90495,0.91075,0.91625,0.92052,0.92468,0.92791,0.93106,0.9335,0.93581,0.9376,0.93918,0.94041,0.94133,0.94192,0.94238,0.94241,0.94242,0.94194,0.94153,0.94058,0.93977,0.93836,0.93717,0.93533,0.93376,0.93149,0.92955
0.46178,0.50903,0.65341,0.7312,0.77884,0.81399,0.84056,0.86185,0.87807,0.89147,0.90157,0.91015,0.91662,0.9223,0.92661,0.93048,0.93342,0.93604,0.93802,0.93966,0.94088,0.9417,0.94228,0.94239,0.94242,0.94188,0.94105,0.94026,0.93885,0.93759,0.93563,0.93389,0.93137,0.92915,0.92606,0.92334,0.91966,0.91639,0.9121,0.90824
0.4757,0.52164,0.65618,0.7271,0.77193,0.80602,0.83241,0.85379,0.87013,0.88349,0.89349,0.90184,0.90811,0.91352,0.91762,0.92122,0.92394,0.92624,0.92794,0.92919,0.93007,0.93041,0.93058,0.93009,0.92961,0.92835,0.92674,0.92526,0.92294,0.92085,0.91781,0.91509,0.91132,0.90795,0.90342,0.89934,0.89402,0.88917,0.883,0.87733
0.50263,0.55052,0.69007,0.76329,0.80864,0.84219,0.86749,0.8875,0.90257,0.9149,0.92423,0.93229,0.9385,0.94415,0.94853,0.95259,0.95574,0.95861,0.96083,0.96273,0.96419,0.96527,0.96609,0.96649,0.96676,0.96654,0.96605,0.96556,0.96456,0.96363,0.96215,0.96079,0.95883,0.95703,0.9546,0.95232,0.94938,0.94659,0.94309,0.93971
0.51454,0.56255,0.70077,0.77035,0.81199,0.84242,0.86514,0.88278,0.89583,0.90624,0.91398,0.92048,0.92539,0.92964,0.93285,0.93556,0.93755,0.93901,0.94003,0.94042,0.94059,0.94003,0.93943,0.93799,0.93667,0.93437,0.93169,0.9292,0.9257,0.92245,0.91809,0.91403,0.90877,0.90383,0.89759,0.89167,0.88438,0.87736,0.86894,0.86068
0.51342,0.56126,0.69812,0.76796,0.81108,0.84307,0.86701,0.88561,0.89941,0.91051,0.91884,0.92589,0.93125,0.93588,0.93939,0.94231,0.94446,0.94602,0.9471,0.94752,0.94769,0.9471,0.94647,0.94498,0.9436,0.94125,0.93854,0.93596,0.93243,0.92909,0.92472,0.92055,0.91529,0.91021,0.90398,0.89789,0.89062,0.88339,0.875,0.8665
0.55529,0.60351,0.73873,0.80534,0.84444,0.87208,0.89195,0.90697,0.91802,0.92702,0.93387,0.9398,0.94438,0.94839,0.95144,0.95396,0.95583,0.95713,0.95802,0.95827,0.95832,0.95765,0.95695,0.95545,0.95404,0.95175,0.94912,0.94658,0.94317,0.93986,0.93561,0.93145,0.92628,0.92115,0.91496,0.90869,0.90135,0.89377,0.88516,0.87607
0.57943,0.62858,0.76444,0.82976,0.86747,0.89365,0.91215,0.9259,0.93588,0.94381,0.94971,0.95458,0.9582,0.9611,0.96319,0.96463,0.96557,0.96585,0.96588,0.96521,0.96445,0.96293,0.96146,0.95915,0.95697,0.95386,0.9504,0.94695,0.9426,0.93822,0.93285,0.92736,0.9208,0.91396,0.90601,0.89751,0.88794,0.87745,0.86602,0.85313
0.5754,0.62269,0.75468,0.82054,0.85994,0.88754,0.90682,0.92082,0.93079,0.93854,0.94422,0.94877,0.95206,0.9545,0.95615,0.957,0.9574,0.95696,0.95632,0.95477,0.9532,0.95062,0.94814,0.94454,0.94113,0.93646,0.93132,0.92616,0.91978,0.9133,0.90552,0.89747,0.88807,0.87813,0.86689,0.85471,0.8414,0.82662,0.81107,0.79332
0.59533,0.64338,0.77649,0.84106,0.87859,0.90433,0.92198,0.93449,0.94322,0.94979,0.95447,0.95801,0.96047,0.96207,0.96304,0.96323,0.96308,0.96214,0.96106,0.95912,0.95718,0.95429,0.95147,0.94758,0.94378,0.93877,0.93323,0.92748,0.92055,0.91321,0.9046,0.89525,0.88464,0.87279,0.85982,0.8449,0.82923,0.81059,0.79197,0.76902
0.61751,0.66411,0.785,0.84154,0.87468,0.89671,0.91127,0.92135,0.92826,0.93327,0.93668,0.93886,0.94009,0.94021,0.9398,0.93821,0.9364,0.93328,0.93014,0.92551,0.92101,0.91477,0.90875,0.90076,0.89296,0.88298,0.87211,0.8608,0.84756,0.83352,0.81762,0.80041,0.78166,0.76085,0.73918,0.71449,0.69007,0.66143,0.63474,0.60242
0.60327,0.65537,0.79724,0.86181,0.89724,0.92088,0.93696,0.9485,0.95673,0.96314,0.96785,0.97156,0.97425,0.9762,0.97752,0.97819,0.97851,0.97821,0.97774,0.97664,0.97548,0.97367,0.97183,0.96929,0.96671,0.96336,0.95963,0.95556,0.95076,0.94539,0.93927,0.93221,0.92442,0.91515,0.90533,0.89319,0.88092,0.86517,0.85008,0.82992
0.64103,0.69118,0.8167,0.86895,0.89737,0.91637,0.92943,0.93904,0.94601,0.95136,0.95515,0.95778,0.95942,0.95999,0.95996,0.95886,0.95746,0.95491,0.95225,0.94832,0.94437,0.939,0.93362,0.92664,0.91953,0.91067,0.90094,0.89036,0.87827,0.86482,0.85001,0.83313,0.81535,0.7945,0.77367,0.74853,0.72489,0.69548,0.66977,0.63669
0.64378,0.68964,0.80537,0.85749,0.88726,0.90689,0.92008,0.92954,0.93623,0.94114,0.94448,0.94649,0.94752,0.94728,0.94646,0.94428,0.94182,0.93783,0.93373,0.92787,0.92197,0.91405,0.90603,0.89572,0.8851,0.872,0.85765,0.84184,0.82416,0.80423,0.78297,0.75841,0.73365,0.70425,0.67651,0.64259,0.61293,0.57548,0.54545,0.50612
0.63094,0.68423,0.8225,0.88024,0.90955,0.92814,0.9406,0.94953,0.95582,0.96037,0.96342,0.96524,0.96617,0.96607,0.96547,0.96385,0.96197,0.95901,0.95589,0.95156,0.94707,0.94119,0.93501,0.92724,0.91886,0.90872,0.89743,0.88434,0.86984,0.85249,0.83415,0.81145,0.7888,0.75972,0.73265,0.6966,0.66573,0.62304,0.58994,0.54239
0.66482,0.71048,0.82717,0.88055,0.91006,0.9289,0.94134,0.95013,0.95628,0.96068,0.96359,0.96524,0.96599,0.96561,0.96472,0.96268,0.96036,0.95679,0.95302,0.94785,0.94244,0.93542,0.92796,0.9187,0.90861,0.89661,0.88333,0.86788,0.8512,0.83129,0.81098,0.78606,0.76229,0.73233,0.70595,0.67178,0.64433,0.60775,0.58119,0.54477
0.64211,0.68752,0.80309,0.85493,0.88344,0.90143,0.91304,0.92087,0.92599,0.92904,0.93051,0.93022,0.92894,0.9258,0.92206,0.91618,0.90994,0.90118,0.89211,0.88016,0.86774,0.85217,0.83574,0.8162,0.79513,0.77153,0.74658,0.71823,0.69017,0.65766,0.62789,0.59264,0.56309,0.52718,0.49987,0.46567,0.44223,0.41189,0.39314,0.36812
0.64254,0.6875,0.807,0.85945,0.8859,0.9023,0.9131,0.92055,0.92542,0.92816,0.92929,0.92847,0.92664,0.92277,0.91828,0.9115,0.90434,0.89455,0.88441,0.87133,0.85772,0.84098,0.82332,0.80266,0.78042,0.75586,0.73,0.70082,0.67201,0.63889,0.60845,0.57268,0.54238,0.50588,0.47768,0.44267,0.41823,0.38689,0.3672,0.34116
0.67343,0.72398,0.85127,0.90191,0.92672,0.94269,0.95383,0.96215,0.96819,0.97265,0.97572,0.97763,0.97869,0.97877,0.97837,0.97705,0.97543,0.97288,0.97003,0.96615,0.96183,0.95631,0.94998,0.94226,0.93308,0.92246,0.91035,0.8949,0.87878,0.85747,0.83685,0.80867,0.78381,0.74886,0.72121,0.68148,0.65358,0.613,0.58748,0.55059
0.70553,0.74584,0.84702,0.89053,0.91298,0.92679,0.93555,0.94113,0.94436,0.94561,0.94548,0.94357,0.94076,0.936,0.93059,0.92289,0.91454,0.90348,0.89149,0.8764,0.85977,0.8399,0.81745,0.79225,0.76298,0.73253,0.70039,0.66153,0.62621,0.58265,0.54688,0.5018,0.46878,0.42615,0.39848,0.36199,0.34085,0.31278,0.29782,0.27868
0.70553,0.74584,0.84702,0.89053,0.91298,0.92679,0.93555,0.94113,0.94436,0.94561,0.94548,0.94357,0.94076,0.936,0.93059,0.92289,0.91454,0.90348,0.89149,0.8764,0.85977,0.8399,0.81745,0.79225,0.76298,0.73253,0.70039,0.66153,0.62621,0.58265,0.54688,0.5018,0.46878,0.42615,0.39848,0.36199,0.34085,0.31278,0.29782,0.27868
0.70283,0.74986,0.86846,0.91711,0.94021,0.95406,0.96322,0.96966,0.97406,0.97692,0.97862,0.97923,0.97918,0.97827,0.97696,0.97485,0.97236,0.96902,0.96511,0.96023,0.95433,0.94732,0.93845,0.92849,0.91511,0.90106,0.88483,0.86146,0.83922,0.80556,0.77631,0.73025,0.69429,0.63659,0.59631,0.5328,0.49223,0.4329,0.39593,0.35074
0.70283,0.74986,0.86846,0.91711,0.94021,0.95406,0.96322,0.96966,0.97406,0.97692,0.97862,0.97923,0.97918,0.97827,0.97696,0.97485,0.97236,0.96902,0.96511,0.96023,0.95433,0.94732,0.93845,0.92849,0.91511,0.90106,0.88483,0.86146,0.83922,0.80556,0.77631,0.73025,0.69429,0.63659,0.59631,0.5328,0.49223,0.4329,0.39593,0.35074
0.73142,0.77264,0.8723,0.91238,0.93276,0.94593,0.95484,0.96078,0.96442,0.96605,0.96631,0.96493,0.96269,0.9589,0.9544,0.94821,0.94117,0.93215,0.92177,0.90915,0.89428,0.87722,0.85651,0.83449,0.80699,0.78042,0.75249,0.71723,0.68782,0.65058,0.62292,0.588,0.5647,0.53567,0.51772,0.49605,0.48286,0.4681,0.45845,0.44929
0.73142,0.77264,0.8723,0.91238,0.93276,0.94593,0.95484,0.96078,0.96442,0.96605,0.96631,0.96493,0.96269,0.9589,0.9544,0.94821,0.94117,0.93215,0.92177,0.90915,0.89428,0.87722,0.85651,0.83449,0.80699,0.78042,0.75249,0.71723,0.68782,0.65058,0.62292,0.588,0.5647,0.53567,0.51772,0.49605,0.48286,0.4681,0.45845,0.44929
0.72144,0.76394,0.86798,0.9075,0.92563,0.93668,0.9438,0.94808,0.95012,0.94989,0.94815,0.94418,0.93905,0.93146,0.92266,0.91096,0.89757,0.88089,0.8615,0.83898,0.81225,0.78384,0.74943,0.71673,0.6764,0.6429,0.61019,0.57078,0.54246,0.50862,0.48648,0.46063,0.44429,0.42626,0.41415,0.40219,0.39275,0.38494,0.37712,0.37202
0.69774,0.73685,0.83309,0.86913,0.88285,0.88803,0.88849,0.88523,0.87952,0.87055,0.85981,0.84539,0.82926,0.80886,0.78629,0.75905,0.72862,0.6938,0.65409,0.61152,0.56161,0.51231,0.45248,0.39916,0.33165,0.27885,0.22739,0.16158,0.11726,0.059069,0.025557,-0.018654,-0.039876,-0.065855,-0.075529,-0.081537,-0.083059,-0.069661,-0.070217,-0.041132
0.72363,0.75505,0.83859,0.8761,0.89403,0.90299,0.90645,0.90577,0.90233,0.89569,0.88709,0.87503,0.86086,0.84243,0.82084,0.7941,0.76194,0.72425,0.67713,0.6258,0.55865,0.49227,0.40108,0.32161,0.20686,0.12145,0.033212,-0.08782,-0.17004,-0.27836,-0.3481,-0.42848,-0.48528,-0.53104,-0.5779,-0.58797,-0.63122,-0.60587,-0.66114,-0.60581
0.72363,0.75505,0.83859,0.8761,0.89403,0.90299,0.90645,0.90577,0.90233,0.89569,0.88709,0.87503,0.86086,0.84243,0.82084,0.7941,0.76194,0.72425,0.67713,0.6258,0.55865,0.49227,0.40108,0.32161,0.20686,0.12145,0.033212,-0.08782,-0.17004,-0.27836,-0.3481,-0.42848,-0.48528,-0.53104,-0.5779,-0.58797,-0.63122,-0.60587,-0.66114,-0.60581
