0.023113,0.027253,0.046714,0.065486,0.0821,0.098388,0.11422,0.13012,0.14522,0.16064,0.17485,0.18963,0.20287,0.21688,0.22912,0.24233,0.25361,0.26602,0.27643,0.28808,0.2977,0.30863,0.31752,0.32775,0.33596,0.34551,0.35454,0.36196,0.37034,0.37716,0.38492,0.39118,0.39836,0.4041,0.41076,0.41603,0.42221,0.42708,0.43284,0.43734
0.046598,0.054975,0.094326,0.13149,0.16287,0.19214,0.21919,0.24503,0.26835,0.29116,0.31121,0.33127,0.34838,0.36577,0.3802,0.39511,0.40722,0.42001,0.43024,0.44134,0.45014,0.46001,0.46777,0.47676,0.48379,0.49216,0.5001,0.50656,0.5141,0.52017,0.52737,0.53314,0.54003,0.54552,0.55211,0.55734,0.56364,0.56862,0.57462,0.57935
0.069462,0.081684,0.13787,0.18939,0.23174,0.2697,0.30315,0.33357,0.35963,0.38375,0.4038,0.42289,0.43849,0.45404,0.46669,0.48002,0.49085,0.50282,0.51249,0.52354,0.5324,0.54274,0.55095,0.56064,0.56829,0.57735,0.58588,0.59288,0.60078,0.60725,0.6145,0.62043,0.62702,0.63242,0.63836,0.64324,0.64852,0.65288,0.65751,0.66136
0.092351,0.10873,0.18344,0.24705,0.2939,0.33327,0.36652,0.3958,0.4201,0.44227,0.46057,0.47845,0.49337,0.50897,0.52199,0.53616,0.54787,0.56087,0.57147,0.58332,0.59289,0.60355,0.61212,0.62158,0.62916,0.6374,0.64484,0.65106,0.65734,0.66261,0.66776,0.6721,0.67614,0.6796,0.68256,0.68515,0.68707,0.68882,0.68972,0.69065
0.1172,0.13676,0.2208,0.28884,0.33975,0.38225,0.4169,0.44614,0.46981,0.49152,0.50971,0.5279,0.54326,0.55927,0.57264,0.58678,0.59842,0.61073,0.62076,0.63123,0.63971,0.64836,0.65536,0.66223,0.66781,0.67293,0.67708,0.68058,0.68311,0.68527,0.68623,0.68708,0.68651,0.68609,0.68404,0.68236,0.67885,0.67592,0.67096,0.66676
0.13619,0.15865,0.25369,0.32748,0.37892,0.41922,0.45137,0.47935,0.50311,0.52606,0.54586,0.56582,0.58275,0.59998,0.61429,0.62872,0.64054,0.65222,0.6617,0.67075,0.67806,0.68463,0.68993,0.69414,0.69755,0.69954,0.70041,0.70101,0.69984,0.69869,0.69554,0.69266,0.68754,0.68291,0.67579,0.66936,0.66019,0.65184,0.64052,0.63013
0.15719,0.18285,0.28552,0.35962,0.41002,0.44854,0.47905,0.50603,0.52927,0.55174,0.57108,0.59012,0.60614,0.62179,0.63466,0.64687,0.65674,0.66555,0.67257,0.67809,0.68239,0.68474,0.68643,0.68575,0.68493,0.68132,0.67637,0.67157,0.6638,0.65645,0.64584,0.63582,0.62225,0.6094,0.59272,0.5768,0.55686,0.53762,0.51427,0.49145
0.18121,0.20984,0.31937,0.39233,0.44042,0.47879,0.51118,0.54107,0.56724,0.59237,0.61385,0.63448,0.65167,0.66792,0.6812,0.69331,0.70304,0.71126,0.71771,0.72226,0.72563,0.7267,0.7271,0.7248,0.72226,0.71661,0.70938,0.70193,0.69121,0.68037,0.66596,0.65141,0.63306,0.61442,0.59191,0.56878,0.54196,0.51397,0.48284,0.44971
0.18885,0.21757,0.32963,0.40595,0.45416,0.49157,0.52312,0.55221,0.57753,0.60134,0.62138,0.63984,0.65487,0.66804,0.6784,0.6865,0.69253,0.69584,0.69779,0.69654,0.69455,0.68883,0.68288,0.67263,0.6625,0.64744,0.63016,0.61247,0.58987,0.56668,0.53833,0.50901,0.47457,0.43849,0.39787,0.35459,0.30806,0.25749,0.20582,0.14841
0.22342,0.25496,0.36377,0.43001,0.47598,0.51583,0.55112,0.58363,0.61165,0.63722,0.65843,0.6773,0.69247,0.70526,0.71515,0.72247,0.72765,0.72996,0.73076,0.72823,0.72467,0.71715,0.70892,0.69601,0.68252,0.66363,0.64194,0.61858,0.59014,0.55936,0.52373,0.4847,0.44178,0.39389,0.34402,0.28715,0.2313,0.16598,0.10585,0.033501
0.23588,0.26996,0.394,0.46979,0.51881,0.56006,0.59592,0.62821,0.65562,0.68016,0.70039,0.71815,0.73238,0.74423,0.75333,0.75994,0.76447,0.76624,0.76643,0.76339,0.75909,0.75091,0.74159,0.72765,0.71248,0.69205,0.6686,0.64231,0.61153,0.57671,0.53831,0.49408,0.44824,0.39419,0.34179,0.27823,0.22094,0.14914,0.089447,0.011721
0.2265,0.26072,0.38369,0.45707,0.50503,0.5452,0.57921,0.6084,0.63192,0.65115,0.66574,0.67629,0.68334,0.68614,0.68636,0.68176,0.67526,0.66301,0.64922,0.6285,0.60627,0.57592,0.54372,0.50259,0.45879,0.40622,0.34922,0.28583,0.2186,0.14292,0.068033,-0.01754,-0.095818,-0.18682,-0.26298,-0.35336,-0.42189,-0.50528,-0.56221,-0.63359
0.24945,0.28321,0.39728,0.46665,0.51651,0.56027,0.59846,0.63226,0.66037,0.68433,0.70328,0.71807,0.72876,0.73491,0.7378,0.73548,0.73044,0.71922,0.70541,0.68421,0.65999,0.62724,0.59032,0.54438,0.49213,0.43201,0.36636,0.28855,0.21063,0.11685,0.031115,-0.073808,-0.16012,-0.26771,-0.34642,-0.44658,-0.51145,-0.59585,-0.64469,-0.70938
0.24563,0.28607,0.41686,0.49059,0.54637,0.59537,0.63654,0.67063,0.69729,0.71804,0.73322,0.74334,0.74941,0.75057,0.74859,0.7412,0.73099,0.71434,0.69463,0.6673,0.63602,0.59642,0.55109,0.4981,0.4365,0.3703,0.29965,0.21443,0.13485,0.037051,-0.045627,-0.14943,-0.22795,-0.32883,-0.39679,-0.48595,-0.53984,-0.61143,-0.6515,-0.70402
0.31339,0.35228,0.47803,0.5517,0.60255,0.6446,0.67957,0.70906,0.73272,0.75165,0.76579,0.77553,0.78139,0.78272,0.7806,0.77324,0.76224,0.74489,0.72302,0.69397,0.65857,0.61654,0.56514,0.51041,0.44207,0.37736,0.3102,0.22451,0.15488,0.063638,-0.0025099,-0.091487,-0.14966,-0.22846,-0.27672,-0.3393,-0.37889,-0.42287,-0.4576,-0.48412
0.29888,0.33967,0.4652,0.53929,0.59604,0.6447,0.68524,0.71907,0.74604,0.76764,0.78391,0.79555,0.80291,0.80559,0.80436,0.79775,0.787,0.77013,0.74823,0.72042,0.6859,0.64784,0.60071,0.55531,0.49812,0.45042,0.40344,0.34431,0.30217,0.24804,0.21358,0.16929,0.14323,0.11179,0.092996,0.075412,0.06091,0.056087,0.042901,0.048585
0.35167,0.39222,0.51445,0.58219,0.6313,0.67436,0.71188,0.74492,0.77254,0.79595,0.81449,0.82902,0.83933,0.84545,0.84772,0.84537,0.83918,0.82833,0.81329,0.79498,0.77204,0.74947,0.72247,0.70124,0.67742,0.66429,0.65552,0.65118,0.65391,0.66501,0.67699,0.6977,0.71507,0.73668,0.75639,0.77247,0.79513,0.80389,0.83307,0.83705
0.35167,0.39222,0.51445,0.58219,0.6313,0.67436,0.71188,0.74492,0.77254,0.79595,0.81449,0.82902,0.83933,0.84545,0.84772,0.84537,0.83918,0.82833,0.81329,0.79498,0.77204,0.74947,0.72247,0.70124,0.67742,0.66429,0.65552,0.65118,0.65391,0.66501,0.67699,0.6977,0.71507,0.73668,0.75639,0.77247,0.79513,0.80389,0.83307,0.83705
0.2851,0.32871,0.46901,0.54735,0.59942,0.63821,0.66561,0.68289,0.69151,0.69095,0.68296,0.66446,0.63797,0.59812,0.54807,0.48235,0.40271,0.3091,0.19713,0.080997,-0.056658,-0.17941,-0.32351,-0.43105,-0.55667,-0.63432,-0.70215,-0.7733,-0.81572,-0.85719,-0.88336,-0.90456,-0.92231,-0.93106,-0.94593,-0.94768,-0.96305,-0.96217,-0.97818,-0.97818
0.34165,0.38026,0.50048,0.57239,0.6219,0.65966,0.68742,0.70605,0.71609,0.71655,0.70838,0.68823,0.65794,0.61246,0.5536,0.47825,0.38458,0.2794,0.15074,0.026016,-0.1244,-0.24656,-0.39152,-0.48841,-0.60184,-0.66573,-0.72286,-0.778,-0.81473,-0.84427,-0.87062,-0.88432,-0.90786,-0.91354,-0.93736,-0.94143,-0.96113,-0.96636,-0.97173,-0.97306
0.34165,0.38026,0.50048,0.57239,0.6219,0.65966,0.68742,0.70605,0.71609,0.71655,0.70838,0.68823,0.65794,0.61246,0.5536,0.47825,0.38458,0.2794,0.15074,0.026016,-0.1244,-0.24656,-0.39152,-0.48841,-0.60184,-0.66573,-0.72286,-0.778,-0.81473,-0.84427,-0.87062,-0.88432,-0.90786,-0.91354,-0.93736,-0.94143,-0.96113,-0.96636,-0.97173,-0.97306
0.37171,0.40908,0.52724,0.60333,0.65573,0.69279,0.71759,0.73242,0.73871,0.73599,0.72463,0.70162,0.66717,0.61745,0.55099,0.46907,0.36329,0.25182,0.11063,-0.013636,-0.16793,-0.27907,-0.4132,-0.49397,-0.58621,-0.63952,-0.69285,-0.73093,-0.77197,-0.79128,-0.82682,-0.83724,-0.8692,-0.87752,-0.9006,-0.90802,-0.91168,-0.90873,-0.89133,-0.8609
0.36765,0.40662,0.53341,0.61402,0.66695,0.7031,0.72646,0.73937,0.74304,0.73617,0.71944,0.68895,0.646,0.58667,0.51071,0.42032,0.30809,0.19221,0.050509,-0.073557,-0.22292,-0.33132,-0.45928,-0.53736,-0.62731,-0.67798,-0.72747,-0.76746,-0.80602,-0.82775,-0.86327,-0.87686,-0.90845,-0.92058,-0.93732,-0.94544,-0.93995,-0.93177,-0.91941,-0.8862
0.34641,0.39051,0.53647,0.62352,0.67809,0.71748,0.74622,0.76615,0.77745,0.77932,0.77145,0.75119,0.71786,0.66968,0.60276,0.52454,0.42158,0.32232,0.196,0.095888,-0.027224,-0.11063,-0.20711,-0.27143,-0.33614,-0.39084,-0.44987,-0.48639,-0.54362,-0.57462,-0.62673,-0.65888,-0.68547,-0.70685,-0.69122,-0.66799,-0.65505,-0.57908,-0.65883,-0.57452
0.35763,0.39518,0.51558,0.59166,0.64503,0.68741,0.72039,0.74389,0.75697,0.75717,0.74472,0.71591,0.6715,0.61009,0.52831,0.43534,0.31634,0.2027,0.060456,-0.052223,-0.19027,-0.28261,-0.3926,-0.46106,-0.53582,-0.59156,-0.65501,-0.69465,-0.75459,-0.78605,-0.83057,-0.85545,-0.86765,-0.87032,-0.85991,-0.82284,-0.83028,-0.75779,-0.82312,-0.74141
0.38202,0.41747,0.53076,0.60674,0.66443,0.71206,0.74963,0.77684,0.79286,0.79648,0.78745,0.76437,0.72636,0.67713,0.6111,0.54601,0.46618,0.40475,0.33444,0.2896,0.24198,0.21183,0.18448,0.15994,0.14488,0.11926,0.093718,0.079323,0.059491,0.044446,0.047159,0.051834,0.059203,0.093362,0.054363,0.092092,0.007811,0.018794,0.056292,0.11236
0.38202,0.41747,0.53076,0.60674,0.66443,0.71206,0.74963,0.77684,0.79286,0.79648,0.78745,0.76437,0.72636,0.67713,0.6111,0.54601,0.46618,0.40475,0.33444,0.2896,0.24198,0.21183,0.18448,0.15994,0.14488,0.11926,0.093718,0.079323,0.059491,0.044446,0.047159,0.051834,0.059203,0.093362,0.054363,0.092092,0.007811,0.018794,0.056292,0.11236
0.38202,0.41747,0.53076,0.60674,0.66443,0.71206,0.74963,0.77684,0.79286,0.79648,0.78745,0.76437,0.72636,0.67713,0.6111,0.54601,0.46618,0.40475,0.33444,0.2896,0.24198,0.21183,0.18448,0.15994,0.14488,0.11926,0.093718,0.079323,0.059491,0.044446,0.047159,0.051834,0.059203,0.093362,0.054363,0.092092,0.007811,0.018794,0.056292,0.11236
0.3998,0.4408,0.56541,0.64024,0.69362,0.73758,0.77271,0.79847,0.81402,0.81803,0.81091,0.79338,0.76486,0.73501,0.69835,0.67457,0.65106,0.64434,0.64234,0.64866,0.66251,0.67431,0.69661,0.71052,0.73684,0.75016,0.76529,0.7863,0.79703,0.80739,0.81708,0.81366,0.83408,0.82092,0.8352,0.80695,0.82809,0.80768,0.82233,0.80734
0.3998,0.4408,0.56541,0.64024,0.69362,0.73758,0.77271,0.79847,0.81402,0.81803,0.81091,0.79338,0.76486,0.73501,0.69835,0.67457,0.65106,0.64434,0.64234,0.64866,0.66251,0.67431,0.69661,0.71052,0.73684,0.75016,0.76529,0.7863,0.79703,0.80739,0.81708,0.81366,0.83408,0.82092,0.8352,0.80695,0.82809,0.80768,0.82233,0.80734
0.3998,0.4408,0.56541,0.64024,0.69362,0.73758,0.77271,0.79847,0.81402,0.81803,0.81091,0.79338,0.76486,0.73501,0.69835,0.67457,0.65106,0.64434,0.64234,0.64866,0.66251,0.67431,0.69661,0.71052,0.73684,0.75016,0.76529,0.7863,0.79703,0.80739,0.81708,0.81366,0.83408,0.82092,0.8352,0.80695,0.82809,0.80768,0.82233,0.80734
0.39339,0.43466,0.56205,0.64003,0.69706,0.7441,0.78107,0.80812,0.82521,0.83341,0.83442,0.8321,0.82715,0.8262,0.82581,0.83066,0.83635,0.844,0.85274,0.86019,0.86974,0.87622,0.88549,0.89126,0.89983,0.905,0.90844,0.91313,0.91592,0.91576,0.92025,0.91522,0.92253,0.91431,0.91458,0.89539,0.91742,0.89571,0.94084,0.93258
0.39339,0.43466,0.56205,0.64003,0.69706,0.7441,0.78107,0.80812,0.82521,0.83341,0.83442,0.8321,0.82715,0.8262,0.82581,0.83066,0.83635,0.844,0.85274,0.86019,0.86974,0.87622,0.88549,0.89126,0.89983,0.905,0.90844,0.91313,0.91592,0.91576,0.92025,0.91522,0.92253,0.91431,0.91458,0.89539,0.91742,0.89571,0.94084,0.93258
0.37114,0.41562,0.55864,0.64584,0.7081,0.7581,0.79527,0.81874,0.82981,0.83119,0.82561,0.82091,0.81581,0.81988,0.82684,0.84058,0.85712,0.87331,0.89226,0.90608,0.92294,0.93318,0.94622,0.95179,0.95909,0.9623,0.96711,0.96642,0.97279,0.9678,0.97518,0.96492,0.9785,0.96752,0.97399,0.95454,0.97393,0.94935,0.93118,0.90706
0.37114,0.41562,0.55864,0.64584,0.7081,0.7581,0.79527,0.81874,0.82981,0.83119,0.82561,0.82091,0.81581,0.81988,0.82684,0.84058,0.85712,0.87331,0.89226,0.90608,0.92294,0.93318,0.94622,0.95179,0.95909,0.9623,0.96711,0.96642,0.97279,0.9678,0.97518,0.96492,0.9785,0.96752,0.97399,0.95454,0.97393,0.94935,0.93118,0.90706
0.37114,0.41562,0.55864,0.64584,0.7081,0.7581,0.79527,0.81874,0.82981,0.83119,0.82561,0.82091,0.81581,0.81988,0.82684,0.84058,0.85712,0.87331,0.89226,0.90608,0.92294,0.93318,0.94622,0.95179,0.95909,0.9623,0.96711,0.96642,0.97279,0.9678,0.97518,0.96492,0.9785,0.96752,0.97399,0.95454,0.97393,0.94935,0.93118,0.90706
0.37269,0.41093,0.52124,0.55983,0.55349,0.51453,0.44117,0.33096,0.18335,0.01994,-0.15431,-0.29289,-0.41261,-0.49088,-0.55263,-0.59939,-0.63737,-0.67302,-0.7053,-0.73242,-0.76165,-0.77582,-0.79107,-0.80043,-0.79064,-0.82339,-0.82877,-0.79271,-0.77899,-0.65647,-0.81633,-0.73391,-0.85764,-0.77924,-0.34416,-0.095468,-0.20816,-0.0048118,-0.43904,-0.21366
0.37269,0.41093,0.52124,0.55983,0.55349,0.51453,0.44117,0.33096,0.18335,0.01994,-0.15431,-0.29289,-0.41261,-0.49088,-0.55263,-0.59939,-0.63737,-0.67302,-0.7053,-0.73242,-0.76165,-0.77582,-0.79107,-0.80043,-0.79064,-0.82339,-0.82877,-0.79271,-0.77899,-0.65647,-0.81633,-0.73391,-0.85764,-0.77924,-0.34416,-0.095468,-0.20816,-0.0048118,-0.43904,-0.21366
0.37269,0.41093,0.52124,0.55983,0.55349,0.51453,0.44117,0.33096,0.18335,0.01994,-0.15431,-0.29289,-0.41261,-0.49088,-0.55263,-0.59939,-0.63737,-0.67302,-0.7053,-0.73242,-0.76165,-0.77582,-0.79107,-0.80043,-0.79064,-0.82339,-0.82877,-0.79271,-0.77899,-0.65647,-0.81633,-0.73391,-0.85764,-0.77924,-0.34416,-0.095468,-0.20816,-0.0048118,-0.43904,-0.21366
0.3862,0.41167,0.48524,0.5092,0.4938,0.44301,0.35413,0.22711,0.064138,-0.11258,-0.30133,-0.45769,-0.60029,-0.69627,-0.7761,-0.83003,-0.87168,-0.90555,-0.92927,-0.94654,-0.95716,-0.96127,-0.9534,-0.96194,-0.93587,-0.97376,-0.97468,-0.94294,-0.91824,-0.80915,-0.95352,-0.89897,-0.84499,-0.70723,-0.40638,-0.16434,-0.34422,-0.14726,-0.31642,-0.13862
