0.033976,0.038322,0.052743,0.062479,0.070744,0.078884,0.086779,0.094683,0.10203,0.10946,0.11617,0.12318,0.12941,0.13618,0.14211,0.14879,0.15456,0.16121,0.16687,0.17352,0.1791,0.18573,0.19125,0.19786,0.20331,0.20989,0.21632,0.22179,0.22816,0.23354,0.23984,0.24512,0.25133,0.25651,0.26261,0.26768,0.27367,0.27862,0.28447,0.2893
0.059157,0.06582,0.090164,0.10842,0.12286,0.13607,0.14853,0.16124,0.17343,0.1864,0.19852,0.21164,0.22356,0.23661,0.2482,0.26101,0.27219,0.28462,0.29532,0.30726,0.31743,0.32877,0.33835,0.349,0.35795,0.36782,0.37707,0.38512,0.39349,0.40077,0.40822,0.41471,0.42118,0.42686,0.43231,0.43716,0.44154,0.44554,0.44883,0.45195
0.080762,0.08902,0.11945,0.14378,0.16527,0.18668,0.20774,0.2292,0.24964,0.27068,0.29013,0.31036,0.32858,0.34765,0.36449,0.38208,0.39737,0.4132,0.42682,0.44067,0.45251,0.46421,0.4742,0.48362,0.4917,0.49872,0.50433,0.50933,0.51242,0.51528,0.51577,0.51642,0.51427,0.51268,0.50792,0.50407,0.49677,0.4907,0.48101,0.47278
0.074561,0.085125,0.12701,0.15832,0.18284,0.2064,0.22928,0.25227,0.27394,0.29569,0.3155,0.3352,0.35261,0.36953,0.38412,0.3977,0.40917,0.41898,0.42714,0.43284,0.43747,0.43879,0.43972,0.43651,0.43362,0.42591,0.41624,0.40723,0.3936,0.38102,0.36389,0.34804,0.32792,0.30916,0.28654,0.26521,0.24055,0.21696,0.19066,0.16508
0.10741,0.11938,0.16281,0.19701,0.22736,0.25716,0.28565,0.31325,0.33846,0.36235,0.38326,0.40225,0.41818,0.43139,0.44194,0.44874,0.45357,0.45349,0.45232,0.44515,0.43783,0.42377,0.41039,0.39003,0.37097,0.3452,0.31774,0.29069,0.25924,0.228,0.19335,0.15846,0.12136,0.083282,0.044407,0.0036116,-0.036369,-0.079423,-0.11983,-0.16465
0.12964,0.14655,0.21279,0.26848,0.31799,0.36606,0.41155,0.45484,0.49389,0.53,0.5613,0.58919,0.61257,0.63179,0.64715,0.65711,0.66411,0.66446,0.66286,0.65388,0.64382,0.62632,0.6083,0.58324,0.55775,0.52602,0.49201,0.45578,0.41617,0.3735,0.329,0.28028,0.2318,0.17762,0.12632,0.06758,0.015019,-0.046954,-0.098914,-0.16233
0.11033,0.12658,0.1942,0.2508,0.2975,0.34048,0.37938,0.41426,0.44397,0.46853,0.48775,0.50029,0.50799,0.50714,0.50248,0.48796,0.47092,0.44395,0.41554,0.37818,0.33981,0.29426,0.24733,0.19562,0.14149,0.085631,0.029566,-0.032032,-0.089023,-0.15325,-0.20876,-0.27333,-0.32491,-0.3872,-0.43261,-0.48986,-0.5277,-0.57755,-0.6075,-0.64863
0.15154,0.17363,0.26687,0.34607,0.41059,0.46865,0.52005,0.56509,0.60292,0.63385,0.6581,0.67447,0.68503,0.68643,0.6831,0.67018,0.65343,0.6277,0.59828,0.56119,0.51949,0.47187,0.41771,0.36029,0.2934,0.22742,0.15887,0.075997,0.0028567,-0.087959,-0.16112,-0.25465,-0.32252,-0.4119,-0.47009,-0.54878,-0.59412,-0.65723,-0.69026,-0.73629
0.16431,0.18955,0.29811,0.39083,0.46472,0.52933,0.58487,0.63184,0.67003,0.69929,0.72054,0.73153,0.73561,0.72892,0.7166,0.69432,0.66694,0.63095,0.58904,0.54004,0.48296,0.42118,0.34791,0.27432,0.1848,0.10285,0.019435,-0.083774,-0.16607,-0.26991,-0.3435,-0.43816,-0.49715,-0.57455,-0.61791,-0.67455,-0.70458,-0.74051,-0.76379,-0.78189
0.19678,0.21945,0.30978,0.38518,0.4467,0.49954,0.54281,0.57531,0.59717,0.60559,0.60374,0.58729,0.56225,0.52419,0.47872,0.42315,0.35958,0.28972,0.20971,0.12911,0.03518,-0.050778,-0.15366,-0.23712,-0.34052,-0.41291,-0.48049,-0.56193,-0.61275,-0.67409,-0.7094,-0.75006,-0.7743,-0.79712,-0.81614,-0.82476,-0.84544,-0.84421,-0.87277,-0.86797
0.31264,0.34314,0.45553,0.54529,0.61942,0.68421,0.73954,0.78554,0.82209,0.84798,0.86534,0.87256,0.87329,0.866,0.85312,0.83348,0.80684,0.77364,0.72939,0.67919,0.61084,0.54087,0.44303,0.35606,0.23254,0.13995,0.0457,-0.074033,-0.15576,-0.25298,-0.31857,-0.38461,-0.44444,-0.48243,-0.55109,-0.57237,-0.65386,-0.67218,-0.74352,-0.7603
0.17941,0.20959,0.34112,0.44902,0.52753,0.58827,0.63262,0.65985,0.67157,0.66515,0.64522,0.60922,0.56209,0.50278,0.43274,0.35486,0.26448,0.17255,0.064944,-0.033669,-0.15143,-0.24568,-0.36122,-0.44,-0.53937,-0.59596,-0.64924,-0.70583,-0.74541,-0.77774,-0.81339,-0.82886,-0.86579,-0.8723,-0.90927,-0.91284,-0.93324,-0.92857,-0.94452,-0.9311
0.27463,0.30876,0.44459,0.55166,0.63028,0.69093,0.73556,0.76432,0.77895,0.77768,0.76375,0.7356,0.69457,0.641,0.57038,0.49002,0.38504,0.27937,0.14114,0.022654,-0.13092,-0.23919,-0.37593,-0.45556,-0.55102,-0.60161,-0.65344,-0.68542,-0.7294,-0.73449,-0.78915,-0.78589,-0.852,-0.85863,-0.88475,-0.88119,-0.85401,-0.80112,-0.7841,-0.67856
0.25703,0.28596,0.40074,0.48784,0.54867,0.59197,0.61699,0.62095,0.60702,0.57524,0.52942,0.47166,0.39962,0.32145,0.2254,0.1341,0.021536,-0.066933,-0.17558,-0.2396,-0.31571,-0.34171,-0.36577,-0.35706,-0.32607,-0.29949,-0.28106,-0.20106,-0.18309,-0.092266,-0.06574,0.022359,0.065995,0.14803,0.19245,0.26053,0.27594,0.30787,0.32824,0.32274
0.31485,0.33961,0.42908,0.49491,0.53995,0.56515,0.56788,0.5444,0.49786,0.42752,0.33548,0.22614,0.093731,-0.040478,-0.19625,-0.32673,-0.47173,-0.56908,-0.67187,-0.72859,-0.78258,-0.81274,-0.83137,-0.8511,-0.84855,-0.86937,-0.89207,-0.88856,-0.90436,-0.90204,-0.88949,-0.86137,-0.84322,-0.7702,-0.82725,-0.75297,-0.88262,-0.85994,-0.78209,-0.68411
0.34345,0.38237,0.53388,0.64765,0.72786,0.78736,0.82602,0.84252,0.84083,0.82226,0.78916,0.74192,0.67721,0.59955,0.49795,0.393,0.2606,0.1473,0.010005,-0.088763,-0.20444,-0.28269,-0.36612,-0.43937,-0.49564,-0.57844,-0.65013,-0.69318,-0.73959,-0.75574,-0.77386,-0.7423,-0.74788,-0.65494,-0.698,-0.56159,-0.76838,-0.66576,-0.75545,-0.62513
0.29557,0.33963,0.52864,0.67634,0.77428,0.8452,0.89383,0.92295,0.9388,0.94597,0.94767,0.94602,0.94147,0.93634,0.92995,0.92788,0.92655,0.93057,0.93403,0.94112,0.94371,0.94602,0.94053,0.95054,0.94414,0.95205,0.95325,0.94189,0.94298,0.92505,0.93069,0.89945,0.92904,0.88927,0.84889,0.79966,0.87902,0.86302,0.80882,0.78197
0.30674,0.35258,0.54809,0.6932,0.78063,0.83793,0.87197,0.88574,0.88413,0.87166,0.84923,0.82125,0.78135,0.73973,0.68052,0.63351,0.57254,0.54642,0.53415,0.54427,0.60034,0.61544,0.69085,0.70941,0.77247,0.76926,0.80612,0.81914,0.86124,0.85782,0.86994,0.8349,0.89849,0.83995,0.8726,0.82445,0.92512,0.90866,0.78779,0.75418
0.45985,0.50114,0.65156,0.74271,0.78458,0.79768,0.78665,0.75419,0.703,0.6413,0.57036,0.50815,0.45058,0.41932,0.40525,0.41593,0.44672,0.48457,0.53606,0.5818,0.63062,0.68503,0.7311,0.75364,0.75957,0.76956,0.80196,0.76161,0.815,0.7526,0.7428,0.64301,0.67592,0.60005,0.62844,0.59866,0.65317,0.58833,0.52036,0.50537
0.45985,0.50114,0.65156,0.74271,0.78458,0.79768,0.78665,0.75419,0.703,0.6413,0.57036,0.50815,0.45058,0.41932,0.40525,0.41593,0.44672,0.48457,0.53606,0.5818,0.63062,0.68503,0.7311,0.75364,0.75957,0.76956,0.80196,0.76161,0.815,0.7526,0.7428,0.64301,0.67592,0.60005,0.62844,0.59866,0.65317,0.58833,0.52036,0.50537
0.34726,0.39764,0.60999,0.75557,0.82529,0.85494,0.85459,0.8266,0.76432,0.66638,0.50854,0.32431,0.09221,-0.098275,-0.24349,-0.35649,-0.37345,-0.42806,-0.37999,-0.39722,-0.3171,-0.29364,-0.1554,-0.10798,0.1092,-0.061717,-0.037241,0.10024,0.37045,0.54623,0.40594,0.51442,0.35544,0.41052,0.8992,0.90728,0.76761,0.75459,-0.058378,-0.062909
0.43737,0.483,0.66919,0.80402,0.87395,0.90499,0.91358,0.91174,0.906,0.90078,0.89699,0.89473,0.89169,0.88585,0.87332,0.8593,0.83558,0.81657,0.78979,0.76905,0.74562,0.74652,0.75256,0.73044,0.73426,0.70519,0.76393,0.77682,0.83452,0.83651,0.80017,0.79184,0.67079,0.6827,0.86719,0.87237,0.7324,0.72899,0.60074,0.60364
0.43737,0.483,0.66919,0.80402,0.87395,0.90499,0.91358,0.91174,0.906,0.90078,0.89699,0.89473,0.89169,0.88585,0.87332,0.8593,0.83558,0.81657,0.78979,0.76905,0.74562,0.74652,0.75256,0.73044,0.73426,0.70519,0.76393,0.77682,0.83452,0.83651,0.80017,0.79184,0.67079,0.6827,0.86719,0.87237,0.7324,0.72899,0.60074,0.60364
0.43737,0.483,0.66919,0.80402,0.87395,0.90499,0.91358,0.91174,0.906,0.90078,0.89699,0.89473,0.89169,0.88585,0.87332,0.8593,0.83558,0.81657,0.78979,0.76905,0.74562,0.74652,0.75256,0.73044,0.73426,0.70519,0.76393,0.77682,0.83452,0.83651,0.80017,0.79184,0.67079,0.6827,0.86719,0.87237,0.7324,0.72899,0.60074,0.60364
0.61255,0.64141,0.73859,0.78964,0.80092,0.79139,0.77417,0.76025,0.75493,0.75783,0.76449,0.76812,0.76632,0.76298,0.75242,0.74702,0.73468,0.72893,0.71609,0.71181,0.69288,0.70716,0.69597,0.67097,0.6463,0.60093,0.65858,0.57232,0.52921,0.56944,0.53078,0.60237,0.72485,0.78846,0.89656,0.90565,0.78688,0.75332,0.69448,0.6878
0.61255,0.64141,0.73859,0.78964,0.80092,0.79139,0.77417,0.76025,0.75493,0.75783,0.76449,0.76812,0.76632,0.76298,0.75242,0.74702,0.73468,0.72893,0.71609,0.71181,0.69288,0.70716,0.69597,0.67097,0.6463,0.60093,0.65858,0.57232,0.52921,0.56944,0.53078,0.60237,0.72485,0.78846,0.89656,0.90565,0.78688,0.75332,0.69448,0.6878
0.61627,0.64642,0.74961,0.7995,0.79676,0.76299,0.71289,0.65894,0.60847,0.57386,0.55837,0.56628,0.59326,0.64052,0.6849,0.76168,0.80246,0.84986,0.81548,0.81922,0.68745,0.88514,0.75876,0.641,0.53142,0.533,0.59159,0.49559,0.48692,0.51424,0.54108,0.60481,0.5543,0.62719,0.94144,0.95574,0.80991,0.77541,0.63926,0.62863
0.61627,0.64642,0.74961,0.7995,0.79676,0.76299,0.71289,0.65894,0.60847,0.57386,0.55837,0.56628,0.59326,0.64052,0.6849,0.76168,0.80246,0.84986,0.81548,0.81922,0.68745,0.88514,0.75876,0.641,0.53142,0.533,0.59159,0.49559,0.48692,0.51424,0.54108,0.60481,0.5543,0.62719,0.94144,0.95574,0.80991,0.77541,0.63926,0.62863
0.49541,0.54713,0.76106,0.89927,0.94582,0.95299,0.94197,0.922,0.89654,0.86942,0.83903,0.80579,0.76625,0.72591,0.67582,0.6427,0.62507,0.55734,0.55213,0.62923,0.77349,0.51934,0.66578,0.78077,0.84506,0.75778,0.67233,0.68715,0.91779,0.91815,0.95787,0.95283,0.87768,0.88029,0.79297,0.79112,0.59947,0.60813,0.93882,0.93815
0.49541,0.54713,0.76106,0.89927,0.94582,0.95299,0.94197,0.922,0.89654,0.86942,0.83903,0.80579,0.76625,0.72591,0.67582,0.6427,0.62507,0.55734,0.55213,0.62923,0.77349,0.51934,0.66578,0.78077,0.84506,0.75778,0.67233,0.68715,0.91779,0.91815,0.95787,0.95283,0.87768,0.88029,0.79297,0.79112,0.59947,0.60813,0.93882,0.93815
0.49541,0.54713,0.76106,0.89927,0.94582,0.95299,0.94197,0.922,0.89654,0.86942,0.83903,0.80579,0.76625,0.72591,0.67582,0.6427,0.62507,0.55734,0.55213,0.62923,0.77349,0.51934,0.66578,0.78077,0.84506,0.75778,0.67233,0.68715,0.91779,0.91815,0.95787,0.95283,0.87768,0.88029,0.79297,0.79112,0.59947,0.60813,0.93882,0.93815
0.49541,0.54713,0.76106,0.89927,0.94582,0.95299,0.94197,0.922,0.89654,0.86942,0.83903,0.80579,0.76625,0.72591,0.67582,0.6427,0.62507,0.55734,0.55213,0.62923,0.77349,0.51934,0.66578,0.78077,0.84506,0.75778,0.67233,0.68715,0.91779,0.91815,0.95787,0.95283,0.87768,0.88029,0.79297,0.79112,0.59947,0.60813,0.93882,0.93815
0.49541,0.54713,0.76106,0.89927,0.94582,0.95299,0.94197,0.922,0.89654,0.86942,0.83903,0.80579,0.76625,0.72591,0.67582,0.6427,0.62507,0.55734,0.55213,0.62923,0.77349,0.51934,0.66578,0.78077,0.84506,0.75778,0.67233,0.68715,0.91779,0.91815,0.95787,0.95283,0.87768,0.88029,0.79297,0.79112,0.59947,0.60813,0.93882,0.93815
0.49541,0.54713,0.76106,0.89927,0.94582,0.95299,0.94197,0.922,0.89654,0.86942,0.83903,0.80579,0.76625,0.72591,0.67582,0.6427,0.62507,0.55734,0.55213,0.62923,0.77349,0.51934,0.66578,0.78077,0.84506,0.75778,0.67233,0.68715,0.91779,0.91815,0.95787,0.95283,0.87768,0.88029,0.79297,0.79112,0.59947,0.60813,0.93882,0.93815
0.49541,0.54713,0.76106,0.89927,0.94582,0.95299,0.94197,0.922,0.89654,0.86942,0.83903,0.80579,0.76625,0.72591,0.67582,0.6427,0.62507,0.55734,0.55213,0.62923,0.77349,0.51934,0.66578,0.78077,0.84506,0.75778,0.67233,0.68715,0.91779,0.91815,0.95787,0.95283,0.87768,0.88029,0.79297,0.79112,0.59947,0.60813,0.93882,0.93815
0.56186,0.60799,0.79762,0.92129,0.95768,0.95537,0.93384,0.89129,0.80846,0.67847,0.52592,0.33231,0.24379,0.088306,0.15402,0.1578,0.32818,0.048813,0.038749,0.56038,0.77737,0.57573,0.76664,0.71199,0.7872,0.79749,0.61505,0.63833,0.92986,0.92953,0.96464,0.96052,0.90205,0.90389,0.72701,0.72359,0.70992,0.71294,0.94887,0.94843
0.75082,0.7504,0.71382,0.63537,0.55706,0.52424,0.5722,0.70197,0.83877,0.94749,0.97974,0.99175,0.96788,0.96909,0.85545,0.86182,0.63901,0.89493,0.72142,0.51368,0.56404,0.59108,0.75792,0.91636,0.81882,0.67054,0.73876,0.72904,0.89141,0.90678,0.81384,0.80154,0.60864,0.60782,0.64873,0.64968,0.98716,0.98893,0.75062,0.74302
0.75082,0.7504,0.71382,0.63537,0.55706,0.52424,0.5722,0.70197,0.83877,0.94749,0.97974,0.99175,0.96788,0.96909,0.85545,0.86182,0.63901,0.89493,0.72142,0.51368,0.56404,0.59108,0.75792,0.91636,0.81882,0.67054,0.73876,0.72904,0.89141,0.90678,0.81384,0.80154,0.60864,0.60782,0.64873,0.64968,0.98716,0.98893,0.75062,0.74302
0.75082,0.7504,0.71382,0.63537,0.55706,0.52424,0.5722,0.70197,0.83877,0.94749,0.97974,0.99175,0.96788,0.96909,0.85545,0.86182,0.63901,0.89493,0.72142,0.51368,0.56404,0.59108,0.75792,0.91636,0.81882,0.67054,0.73876,0.72904,0.89141,0.90678,0.81384,0.80154,0.60864,0.60782,0.64873,0.64968,0.98716,0.98893,0.75062,0.74302
0.75082,0.7504,0.71382,0.63537,0.55706,0.52424,0.5722,0.70197,0.83877,0.94749,0.97974,0.99175,0.96788,0.96909,0.85545,0.86182,0.63901,0.89493,0.72142,0.51368,0.56404,0.59108,0.75792,0.91636,0.81882,0.67054,0.73876,0.72904,0.89141,0.90678,0.81384,0.80154,0.60864,0.60782,0.64873,0.64968,0.98716,0.98893,0.75062,0.74302
