0.003004,0.0035412,0.0060614,0.0084855,0.010637,0.012767,0.014866,0.017006,0.019073,0.021231,0.023268,0.025449,0.027463,0.029669,0.031667,0.033902,0.03589,0.038159,0.040144,0.04245,0.044439,0.046787,0.048787,0.051179,0.053196,0.055638,0.058065,0.060169,0.062649,0.064778,0.067309,0.069463,0.072043,0.074221,0.076844,0.079043,0.081704,0.083919,0.086612,0.088839
0.0058477,0.0068924,0.011797,0.016523,0.020731,0.024919,0.029071,0.033343,0.03751,0.041919,0.046132,0.050722,0.055018,0.059823,0.064227,0.069249,0.07376,0.078969,0.083559,0.088901,0.093531,0.098952,0.10358,0.10903,0.11363,0.11907,0.12438,0.12899,0.13423,0.13874,0.14387,0.14824,0.1532,0.15742,0.16215,0.16617,0.17062,0.17438,0.17849,0.18196
0.0085972,0.010132,0.017354,0.024348,0.030618,0.036916,0.043227,0.049811,0.056318,0.063293,0.070014,0.07733,0.084162,0.091664,0.098476,0.10602,0.11273,0.1202,0.12673,0.13402,0.14029,0.14724,0.15314,0.15957,0.16497,0.17067,0.17579,0.18017,0.18427,0.18775,0.1907,0.19317,0.19489,0.19632,0.19676,0.19712,0.19631,0.1956,0.19355,0.1918
0.013177,0.015523,0.026568,0.03729,0.046946,0.056718,0.0666,0.076961,0.087198,0.098006,0.10828,0.11916,0.12916,0.1398,0.14933,0.15942,0.16824,0.17738,0.18517,0.19286,0.19926,0.20504,0.20972,0.21329,0.21605,0.21729,0.21734,0.21703,0.21486,0.21262,0.20832,0.20422,0.19788,0.19196,0.18359,0.17585,0.16546,0.15586,0.14344,0.13192
0.017409,0.020518,0.035219,0.049655,0.062878,0.076485,0.090394,0.10496,0.11924,0.13407,0.14802,0.16241,0.17545,0.18866,0.20018,0.21131,0.2206,0.22878,0.23523,0.2399,0.24323,0.24426,0.24447,0.24201,0.23924,0.23348,0.22625,0.21893,0.20862,0.19845,0.18505,0.17196,0.15548,0.13936,0.11979,0.10054,0.077939,0.055504,0.030039,0.0044384
0.021675,0.025663,0.044648,0.063563,0.081105,0.099115,0.1172,0.13543,0.15264,0.1695,0.18457,0.19878,0.21072,0.22102,0.22895,0.23445,0.23797,0.23849,0.23767,0.23344,0.22851,0.21975,0.21081,0.19763,0.18467,0.1671,0.14777,0.1281,0.10463,0.080687,0.053328,0.025162,-0.0056435,-0.03783,-0.071425,-0.10721,-0.14271,-0.18142,-0.21771,-0.2584
0.021802,0.025889,0.04557,0.065751,0.084922,0.10453,0.12395,0.14332,0.16143,0.17876,0.1938,0.20688,0.21704,0.22402,0.22821,0.22837,0.22641,0.21985,0.21191,0.19885,0.18498,0.16554,0.14561,0.11984,0.09364,0.061767,0.027802,-0.008247,-0.047185,-0.088963,-0.13159,-0.17808,-0.22257,-0.27213,-0.31622,-0.36665,-0.40792,-0.45674,-0.49313,-0.53799
0.01683,0.020065,0.035794,0.052249,0.068107,0.084316,0.10017,0.11558,0.12957,0.14222,0.1524,0.1598,0.16416,0.16451,0.16205,0.15472,0.14509,0.12979,0.11259,0.089053,0.063739,0.031819,-0.0020834,-0.042077,-0.084646,-0.1316,-0.18017,-0.2339,-0.28582,-0.34404,-0.39592,-0.45523,-0.50353,-0.56018,-0.60193,-0.65257,-0.68626,-0.7288,-0.7544,-0.78818
0.020717,0.025424,0.049068,0.075248,0.10089,0.127,0.15273,0.17808,0.20115,0.22168,0.2379,0.24947,0.25641,0.25799,0.25572,0.24795,0.23701,0.2204,0.20084,0.1757,0.1473,0.11421,0.077038,0.037317,-0.0078356,-0.051871,-0.095991,-0.14821,-0.19188,-0.24501,-0.28494,-0.33537,-0.36921,-0.41396,-0.44092,-0.47833,-0.49896,-0.52874,-0.54479,-0.56778
0.032198,0.03788,0.06552,0.094008,0.11992,0.1446,0.1667,0.18462,0.19684,0.20179,0.20057,0.19124,0.17713,0.1546,0.12831,0.092958,0.054131,0.0061304,-0.04562,-0.105,-0.16885,-0.23625,-0.30914,-0.37882,-0.45511,-0.51988,-0.57951,-0.646,-0.69355,-0.7477,-0.78209,-0.82238,-0.84528,-0.87292,-0.88773,-0.90548,-0.9154,-0.92611,-0.93352,-0.93947
0.0091091,0.011292,0.02256,0.035263,0.048031,0.061401,0.074391,0.085758,0.093781,0.096708,0.094359,0.084702,0.069705,0.046199,0.017599,-0.020262,-0.063392,-0.11529,-0.17304,-0.2365,-0.30657,-0.37596,-0.45268,-0.51971,-0.59466,-0.65122,-0.70134,-0.75764,-0.7934,-0.83448,-0.85746,-0.88461,-0.8987,-0.91515,-0.92413,-0.93327,-0.93968,-0.94406,-0.94995,-0.9515
0.069946,0.082528,0.14325,0.20328,0.25199,0.2904,0.31692,0.33153,0.33623,0.33129,0.31944,0.29879,0.27203,0.2361,0.19334,0.14204,0.082332,0.017724,-0.057259,-0.1292,-0.21327,-0.2831,-0.36606,-0.42456,-0.49615,-0.53916,-0.57823,-0.6231,-0.65126,-0.68171,-0.70377,-0.72372,-0.74361,-0.75664,-0.77679,-0.78576,-0.80691,-0.81429,-0.83469,-0.84216
-0.01346,-0.014198,-0.016343,-0.015028,-0.011035,-0.0066603,-0.0041524,-0.005785,-0.01305,-0.028287,-0.050805,-0.082999,-0.12244,-0.17026,-0.22493,-0.28347,-0.34909,-0.4112,-0.48128,-0.53886,-0.60528,-0.6517,-0.70716,-0.74009,-0.78113,-0.8028,-0.82376,-0.84545,-0.86188,-0.87572,-0.89083,-0.89985,-0.91532,-0.92188,-0.93754,-0.94346,-0.95707,-0.963,-0.9705,-0.97438
0.029546,0.035545,0.064755,0.092826,0.11555,0.13382,0.14464,0.14517,0.13521,0.11311,0.080702,0.035817,-0.019445,-0.084643,-0.16032,-0.23821,-0.32622,-0.40398,-0.49079,-0.55532,-0.62757,-0.67293,-0.72446,-0.75338,-0.78614,-0.80553,-0.82557,-0.84076,-0.85811,-0.86768,-0.88401,-0.89095,-0.90556,-0.91166,-0.92184,-0.92684,-0.92902,-0.92908,-0.92579,-0.91634
0.029546,0.035545,0.064755,0.092826,0.11555,0.13382,0.14464,0.14517,0.13521,0.11311,0.080702,0.035817,-0.019445,-0.084643,-0.16032,-0.23821,-0.32622,-0.40398,-0.49079,-0.55532,-0.62757,-0.67293,-0.72446,-0.75338,-0.78614,-0.80553,-0.82557,-0.84076,-0.85811,-0.86768,-0.88401,-0.89095,-0.90556,-0.91166,-0.92184,-0.92684,-0.92902,-0.92908,-0.92579,-0.91634
0.080486,0.092394,0.14806,0.19522,0.22405,0.23876,0.23995,0.2275,0.20328,0.16552,0.1162,0.053873,-0.02041,-0.10192,-0.19446,-0.28094,-0.37543,-0.44855,-0.52635,-0.57626,-0.62891,-0.65877,-0.68965,-0.70832,-0.7251,-0.73949,-0.7545,-0.76202,-0.77509,-0.78056,-0.79057,-0.79514,-0.79961,-0.8016,-0.80021,-0.79568,-0.79601,-0.78421,-0.79767,-0.78623
0.0077836,0.01018,0.021027,0.029953,0.03515,0.033572,0.021367,-0.0045534,-0.043885,-0.096988,-0.16159,-0.23241,-0.31029,-0.38059,-0.45326,-0.50542,-0.55746,-0.58566,-0.61384,-0.62434,-0.63512,-0.63761,-0.63917,-0.63985,-0.63765,-0.63919,-0.64026,-0.6384,-0.63851,-0.63697,-0.63478,-0.63147,-0.62943,-0.62275,-0.62724,-0.62054,-0.63143,-0.63001,-0.62394,-0.61459
0.0077836,0.01018,0.021027,0.029953,0.03515,0.033572,0.021367,-0.0045534,-0.043885,-0.096988,-0.16159,-0.23241,-0.31029,-0.38059,-0.45326,-0.50542,-0.55746,-0.58566,-0.61384,-0.62434,-0.63512,-0.63761,-0.63917,-0.63985,-0.63765,-0.63919,-0.64026,-0.6384,-0.63851,-0.63697,-0.63478,-0.63147,-0.62943,-0.62275,-0.62724,-0.62054,-0.63143,-0.63001,-0.62394,-0.61459
0.062387,0.075004,0.13673,0.20115,0.25706,0.29604,0.31302,0.30933,0.28811,0.25408,0.20817,0.16252,0.1107,0.075248,0.038132,0.025976,0.013315,0.021334,0.028518,0.046158,0.063674,0.082542,0.10289,0.1188,0.13694,0.15021,0.1639,0.17706,0.18764,0.19971,0.20259,0.21179,0.20803,0.21119,0.21696,0.22454,0.24773,0.27951,0.27163,0.31242
0.062387,0.075004,0.13673,0.20115,0.25706,0.29604,0.31302,0.30933,0.28811,0.25408,0.20817,0.16252,0.1107,0.075248,0.038132,0.025976,0.013315,0.021334,0.028518,0.046158,0.063674,0.082542,0.10289,0.1188,0.13694,0.15021,0.1639,0.17706,0.18764,0.19971,0.20259,0.21179,0.20803,0.21119,0.21696,0.22454,0.24773,0.27951,0.27163,0.31242
-0.016787,-0.009782,0.023768,0.058572,0.083064,0.087733,0.065566,0.014298,-0.068562,-0.17699,-0.31539,-0.4527,-0.60113,-0.70935,-0.80923,-0.86565,-0.91029,-0.93697,-0.95147,-0.96898,-0.97289,-0.98662,-0.98921,-0.99304,-0.99107,-0.98551,-0.98953,-0.97844,-0.99521,-0.99194,-0.97829,-0.94897,-0.90578,-0.80085,-0.89146,-0.796,-0.98352,-0.9721,-0.70873,-0.55307
-0.016787,-0.009782,0.023768,0.058572,0.083064,0.087733,0.065566,0.014298,-0.068562,-0.17699,-0.31539,-0.4527,-0.60113,-0.70935,-0.80923,-0.86565,-0.91029,-0.93697,-0.95147,-0.96898,-0.97289,-0.98662,-0.98921,-0.99304,-0.99107,-0.98551,-0.98953,-0.97844,-0.99521,-0.99194,-0.97829,-0.94897,-0.90578,-0.80085,-0.89146,-0.796,-0.98352,-0.9721,-0.70873,-0.55307
-0.016787,-0.009782,0.023768,0.058572,0.083064,0.087733,0.065566,0.014298,-0.068562,-0.17699,-0.31539,-0.4527,-0.60113,-0.70935,-0.80923,-0.86565,-0.91029,-0.93697,-0.95147,-0.96898,-0.97289,-0.98662,-0.98921,-0.99304,-0.99107,-0.98551,-0.98953,-0.97844,-0.99521,-0.99194,-0.97829,-0.94897,-0.90578,-0.80085,-0.89146,-0.796,-0.98352,-0.9721,-0.70873,-0.55307
0.079892,0.082047,0.093689,0.089628,0.056058,-0.0087536,-0.10613,-0.23142,-0.38071,-0.52705,-0.67103,-0.77361,-0.85705,-0.90223,-0.93237,-0.94999,-0.95709,-0.96701,-0.96847,-0.97366,-0.97404,-0.97192,-0.96501,-0.96797,-0.95552,-0.9743,-0.96421,-0.94445,-0.93201,-0.87079,-0.9514,-0.92652,-0.92609,-0.87405,-0.6082,-0.41219,-0.51093,-0.34082,-0.86886,-0.79688
0.079892,0.082047,0.093689,0.089628,0.056058,-0.0087536,-0.10613,-0.23142,-0.38071,-0.52705,-0.67103,-0.77361,-0.85705,-0.90223,-0.93237,-0.94999,-0.95709,-0.96701,-0.96847,-0.97366,-0.97404,-0.97192,-0.96501,-0.96797,-0.95552,-0.9743,-0.96421,-0.94445,-0.93201,-0.87079,-0.9514,-0.92652,-0.92609,-0.87405,-0.6082,-0.41219,-0.51093,-0.34082,-0.86886,-0.79688
0.079892,0.082047,0.093689,0.089628,0.056058,-0.0087536,-0.10613,-0.23142,-0.38071,-0.52705,-0.67103,-0.77361,-0.85705,-0.90223,-0.93237,-0.94999,-0.95709,-0.96701,-0.96847,-0.97366,-0.97404,-0.97192,-0.96501,-0.96797,-0.95552,-0.9743,-0.96421,-0.94445,-0.93201,-0.87079,-0.9514,-0.92652,-0.92609,-0.87405,-0.6082,-0.41219,-0.51093,-0.34082,-0.86886,-0.79688
0.079892,0.082047,0.093689,0.089628,0.056058,-0.0087536,-0.10613,-0.23142,-0.38071,-0.52705,-0.67103,-0.77361,-0.85705,-0.90223,-0.93237,-0.94999,-0.95709,-0.96701,-0.96847,-0.97366,-0.97404,-0.97192,-0.96501,-0.96797,-0.95552,-0.9743,-0.96421,-0.94445,-0.93201,-0.87079,-0.9514,-0.92652,-0.92609,-0.87405,-0.6082,-0.41219,-0.51093,-0.34082,-0.86886,-0.79688
0.064924,0.061038,0.035063,-0.013932,-0.088338,-0.19227,-0.32483,-0.46779,-0.60753,-0.7114,-0.78742,-0.82866,-0.852,-0.86611,-0.87133,-0.87773,-0.87933,-0.88059,-0.87896,-0.87914,-0.87248,-0.88139,-0.87954,-0.86186,-0.81967,-0.84086,-0.87619,-0.86646,-0.76255,-0.63943,-0.62659,-0.46636,-0.72053,-0.5942,0.77756,0.85476,0.43912,0.29291,-0.61465,-0.62961
0.064924,0.061038,0.035063,-0.013932,-0.088338,-0.19227,-0.32483,-0.46779,-0.60753,-0.7114,-0.78742,-0.82866,-0.852,-0.86611,-0.87133,-0.87773,-0.87933,-0.88059,-0.87896,-0.87914,-0.87248,-0.88139,-0.87954,-0.86186,-0.81967,-0.84086,-0.87619,-0.86646,-0.76255,-0.63943,-0.62659,-0.46636,-0.72053,-0.5942,0.77756,0.85476,0.43912,0.29291,-0.61465,-0.62961
0.064924,0.061038,0.035063,-0.013932,-0.088338,-0.19227,-0.32483,-0.46779,-0.60753,-0.7114,-0.78742,-0.82866,-0.852,-0.86611,-0.87133,-0.87773,-0.87933,-0.88059,-0.87896,-0.87914,-0.87248,-0.88139,-0.87954,-0.86186,-0.81967,-0.84086,-0.87619,-0.86646,-0.76255,-0.63943,-0.62659,-0.46636,-0.72053,-0.5942,0.77756,0.85476,0.43912,0.29291,-0.61465,-0.62961
0.064924,0.061038,0.035063,-0.013932,-0.088338,-0.19227,-0.32483,-0.46779,-0.60753,-0.7114,-0.78742,-0.82866,-0.852,-0.86611,-0.87133,-0.87773,-0.87933,-0.88059,-0.87896,-0.87914,-0.87248,-0.88139,-0.87954,-0.86186,-0.81967,-0.84086,-0.87619,-0.86646,-0.76255,-0.63943,-0.62659,-0.46636,-0.72053,-0.5942,0.77756,0.85476,0.43912,0.29291,-0.61465,-0.62961
0.064924,0.061038,0.035063,-0.013932,-0.088338,-0.19227,-0.32483,-0.46779,-0.60753,-0.7114,-0.78742,-0.82866,-0.852,-0.86611,-0.87133,-0.87773,-0.87933,-0.88059,-0.87896,-0.87914,-0.87248,-0.88139,-0.87954,-0.86186,-0.81967,-0.84086,-0.87619,-0.86646,-0.76255,-0.63943,-0.62659,-0.46636,-0.72053,-0.5942,0.77756,0.85476,0.43912,0.29291,-0.61465,-0.62961
0.064924,0.061038,0.035063,-0.013932,-0.088338,-0.19227,-0.32483,-0.46779,-0.60753,-0.7114,-0.78742,-0.82866,-0.852,-0.86611,-0.87133,-0.87773,-0.87933,-0.88059,-0.87896,-0.87914,-0.87248,-0.88139,-0.87954,-0.86186,-0.81967,-0.84086,-0.87619,-0.86646,-0.76255,-0.63943,-0.62659,-0.46636,-0.72053,-0.5942,0.77756,0.85476,0.43912,0.29291,-0.61465,-0.62961
-0.067321,-0.08336,-0.15869,-0.24612,-0.35358,-0.47331,-0.58494,-0.6655,-0.71787,-0.74329,-0.75412,-0.75952,-0.76004,-0.76103,-0.76032,-0.75953,-0.75633,-0.75943,-0.758,-0.74965,-0.72154,-0.75061,-0.7341,-0.70262,-0.62519,-0.54504,-0.65637,-0.51888,0.85112,0.9119,-0.35757,-0.45595,-0.19324,-0.21719,-0.049386,-0.060535,0.24627,0.30292,0.52927,0.49619
-0.067321,-0.08336,-0.15869,-0.24612,-0.35358,-0.47331,-0.58494,-0.6655,-0.71787,-0.74329,-0.75412,-0.75952,-0.76004,-0.76103,-0.76032,-0.75953,-0.75633,-0.75943,-0.758,-0.74965,-0.72154,-0.75061,-0.7341,-0.70262,-0.62519,-0.54504,-0.65637,-0.51888,0.85112,0.9119,-0.35757,-0.45595,-0.19324,-0.21719,-0.049386,-0.060535,0.24627,0.30292,0.52927,0.49619
-0.067321,-0.08336,-0.15869,-0.24612,-0.35358,-0.47331,-0.58494,-0.6655,-0.71787,-0.74329,-0.75412,-0.75952,-0.76004,-0.76103,-0.76032,-0.75953,-0.75633,-0.75943,-0.758,-0.74965,-0.72154,-0.75061,-0.7341,-0.70262,-0.62519,-0.54504,-0.65637,-0.51888,0.85112,0.9119,-0.35757,-0.45595,-0.19324,-0.21719,-0.049386,-0.060535,0.24627,0.30292,0.52927,0.49619
-0.067321,-0.08336,-0.15869,-0.24612,-0.35358,-0.47331,-0.58494,-0.6655,-0.71787,-0.74329,-0.75412,-0.75952,-0.76004,-0.76103,-0.76032,-0.75953,-0.75633,-0.75943,-0.758,-0.74965,-0.72154,-0.75061,-0.7341,-0.70262,-0.62519,-0.54504,-0.65637,-0.51888,0.85112,0.9119,-0.35757,-0.45595,-0.19324,-0.21719,-0.049386,-0.060535,0.24627,0.30292,0.52927,0.49619
-0.067321,-0.08336,-0.15869,-0.24612,-0.35358,-0.47331,-0.58494,-0.6655,-0.71787,-0.74329,-0.75412,-0.75952,-0.76004,-0.76103,-0.76032,-0.75953,-0.75633,-0.75943,-0.758,-0.74965,-0.72154,-0.75061,-0.7341,-0.70262,-0.62519,-0.54504,-0.65637,-0.51888,0.85112,0.9119,-0.35757,-0.45595,-0.19324,-0.21719,-0.049386,-0.060535,0.24627,0.30292,0.52927,0.49619
-0.067321,-0.08336,-0.15869,-0.24612,-0.35358,-0.47331,-0.58494,-0.6655,-0.71787,-0.74329,-0.75412,-0.75952,-0.76004,-0.76103,-0.76032,-0.75953,-0.75633,-0.75943,-0.758,-0.74965,-0.72154,-0.75061,-0.7341,-0.70262,-0.62519,-0.54504,-0.65637,-0.51888,0.85112,0.9119,-0.35757,-0.45595,-0.19324,-0.21719,-0.049386,-0.060535,0.24627,0.30292,0.52927,0.49619
-0.067321,-0.08336,-0.15869,-0.24612,-0.35358,-0.47331,-0.58494,-0.6655,-0.71787,-0.74329,-0.75412,-0.75952,-0.76004,-0.76103,-0.76032,-0.75953,-0.75633,-0.75943,-0.758,-0.74965,-0.72154,-0.75061,-0.7341,-0.70262,-0.62519,-0.54504,-0.65637,-0.51888,0.85112,0.9119,-0.35757,-0.45595,-0.19324,-0.21719,-0.049386,-0.060535,0.24627,0.30292,0.52927,0.49619
