0.015664,0.018453,0.031526,0.044074,0.055182,0.066016,0.076267,0.086024,0.094823,0.10341,0.11109,0.11893,0.12588,0.13324,0.13965,0.14663,0.15263,0.1593,0.16495,0.17135,0.1767,0.18287,0.18798,0.19397,0.19888,0.20474,0.21043,0.21526,0.22086,0.22558,0.2311,0.23573,0.24117,0.24571,0.25106,0.25552,0.26078,0.26517,0.27035,0.27467
0.028394,0.033356,0.055929,0.07512,0.08983,0.10328,0.11582,0.12798,0.13918,0.15038,0.16053,0.17114,0.18067,0.1911,0.20039,0.2108,0.21997,0.23034,0.23939,0.2497,0.25865,0.26894,0.27785,0.2882,0.29716,0.30759,0.31785,0.32715,0.33743,0.3468,0.357,0.36637,0.37636,0.38565,0.3953,0.40442,0.4136,0.42247,0.43109,0.43963
0.031503,0.036712,0.059561,0.079493,0.095568,0.11018,0.1237,0.13712,0.14993,0.1635,0.17641,0.19049,0.20368,0.21836,0.232,0.2475,0.26184,0.2783,0.29348,0.3108,0.3268,0.34463,0.36123,0.37912,0.39602,0.41351,0.43028,0.4471,0.46306,0.47944,0.49449,0.51036,0.52452,0.53989,0.55326,0.56823,0.58088,0.59552,0.60741,0.62176
0.013282,0.015151,0.022844,0.029626,0.03596,0.043012,0.051105,0.061029,0.072007,0.08531,0.099203,0.11606,0.13309,0.15358,0.17386,0.19755,0.22074,0.24667,0.27206,0.29909,0.32584,0.35297,0.38036,0.40696,0.43454,0.46025,0.48508,0.51236,0.536,0.56286,0.58496,0.61109,0.63111,0.65602,0.67327,0.69626,0.71007,0.73036,0.74035,0.75727
0.039508,0.045741,0.070353,0.089232,0.10552,0.12276,0.14122,0.16186,0.18353,0.20807,0.2333,0.26164,0.29025,0.32121,0.35215,0.38388,0.41577,0.44676,0.4786,0.50818,0.53967,0.56772,0.59893,0.62528,0.65609,0.6801,0.7023,0.73034,0.74847,0.7734,0.78658,0.80713,0.81502,0.83037,0.83285,0.84257,0.84003,0.84404,0.83768,0.83629
0.017706,0.019879,0.028513,0.036032,0.044645,0.056468,0.071466,0.090411,0.11212,0.13817,0.16653,0.19859,0.23244,0.26805,0.30532,0.34194,0.38081,0.41675,0.4561,0.49005,0.52875,0.55879,0.59493,0.61841,0.6492,0.66393,0.67492,0.69202,0.69388,0.70159,0.69517,0.69377,0.68113,0.67174,0.65516,0.63939,0.62015,0.59933,0.57842,0.55352
0.03133,0.035268,0.050381,0.061603,0.071668,0.083969,0.099185,0.11814,0.13988,0.16446,0.19086,0.21744,0.24535,0.27026,0.29702,0.31746,0.34095,0.35433,0.37207,0.37544,0.38441,0.37539,0.3731,0.35135,0.33723,0.30449,0.26935,0.23939,0.19836,0.16229,0.11878,0.079612,0.036446,-0.003127,-0.043652,-0.081433,-0.11699,-0.15088,-0.1803,-0.20864
-0.054408,-0.056864,-0.063884,-0.06519,-0.060471,-0.0497,-0.033377,-0.011271,0.015585,0.046514,0.080887,0.11508,0.15157,0.18208,0.21472,0.23539,0.25862,0.2647,0.274,0.26317,0.25645,0.22986,0.20832,0.16931,0.13597,0.088653,0.040502,-0.0055011,-0.057437,-0.10792,-0.16164,-0.21435,-0.26761,-0.31972,-0.37077,-0.41963,-0.46635,-0.50938,-0.548,-0.58126
-0.046815,-0.052196,-0.071233,-0.078961,-0.07489,-0.063146,-0.04619,-0.026769,-0.0057634,0.011398,0.027608,0.034277,0.039329,0.030604,0.020899,-0.0056053,-0.031208,-0.074642,-0.11429,-0.17068,-0.22034,-0.28429,-0.33938,-0.40577,-0.46229,-0.52591,-0.58486,-0.6369,-0.68762,-0.7319,-0.77271,-0.80729,-0.83587,-0.85752,-0.88222,-0.89442,-0.91615,-0.92272,-0.91866,-0.9043
-0.070932,-0.078546,-0.10719,-0.1227,-0.12396,-0.11591,-0.10074,-0.080524,-0.056035,-0.033521,-0.010685,0.00077966,0.010024,0.00086373,-0.010417,-0.042068,-0.073459,-0.12235,-0.16823,-0.22663,-0.28052,-0.34119,-0.39744,-0.45471,-0.50872,-0.5576,-0.60083,-0.64385,-0.67686,-0.71084,-0.73383,-0.75848,-0.77526,-0.79199,-0.79603,-0.79849,-0.81832,-0.81873,-0.80644,-0.78212
-0.048986,-0.054835,-0.075915,-0.085669,-0.082585,-0.068104,-0.042152,-0.0064254,0.037968,0.081721,0.1286,0.16176,0.19489,0.20447,0.21323,0.19554,0.17857,0.13997,0.10414,0.05534,0.0097318,-0.040165,-0.087646,-0.13291,-0.17614,-0.21313,-0.24681,-0.27736,-0.30193,-0.3244,-0.33679,-0.34951,-0.35779,-0.36333,-0.36367,-0.35998,-0.39079,-0.40493,-0.39175,-0.40005
-0.096301,-0.10572,-0.14384,-0.17047,-0.18464,-0.19332,-0.20002,-0.21019,-0.22342,-0.24816,-0.27703,-0.31964,-0.36298,-0.41716,-0.46756,-0.52459,-0.5748,-0.62796,-0.67309,-0.71779,-0.75469,-0.78843,-0.81549,-0.83846,-0.85618,-0.86959,-0.87912,-0.88499,-0.89343,-0.89627,-0.89491,-0.88823,-0.89398,-0.88203,-0.8853,-0.86484,-0.86736,-0.83833,-0.85399,-0.82332
-0.10357,-0.11426,-0.16013,-0.19645,-0.22174,-0.24643,-0.27486,-0.31113,-0.35275,-0.40281,-0.45441,-0.5116,-0.56538,-0.62294,-0.67384,-0.72713,-0.77235,-0.8171,-0.85409,-0.88711,-0.91406,-0.93505,-0.95167,-0.9644,-0.97318,-0.98113,-0.98486,-0.98625,-0.98817,-0.98432,-0.98962,-0.98419,-0.98841,-0.9801,-0.96141,-0.92844,-0.93943,-0.89915,-0.97318,-0.95825
-0.085841,-0.093313,-0.12185,-0.13736,-0.14269,-0.14965,-0.16474,-0.19553,-0.23926,-0.29934,-0.36507,-0.43794,-0.50678,-0.57704,-0.63852,-0.6999,-0.75122,-0.79982,-0.83915,-0.87249,-0.89892,-0.91798,-0.93185,-0.94234,-0.94578,-0.95751,-0.95963,-0.95625,-0.95515,-0.93843,-0.95347,-0.93656,-0.94559,-0.92296,-0.86228,-0.79592,-0.77726,-0.70118,-0.79241,-0.7174
-0.17062,-0.17463,-0.18211,-0.17864,-0.16525,-0.14564,-0.12432,-0.11192,-0.10816,-0.12566,-0.154,-0.2061,-0.26534,-0.34246,-0.42314,-0.51141,-0.59967,-0.68176,-0.75896,-0.81667,-0.86564,-0.90085,-0.92454,-0.93738,-0.93672,-0.94515,-0.94956,-0.92243,-0.95837,-0.93526,-0.88007,-0.79473,-0.86553,-0.78555,-0.84948,-0.80361,-0.63496,-0.57158,-0.37522,-0.30898
-0.24491,-0.26281,-0.32155,-0.3716,-0.41841,-0.46229,-0.50174,-0.54261,-0.58347,-0.63004,-0.67488,-0.72211,-0.76369,-0.80335,-0.83583,-0.86401,-0.88558,-0.9025,-0.91489,-0.92207,-0.92609,-0.93099,-0.9309,-0.93227,-0.92669,-0.927,-0.92634,-0.91021,-0.92926,-0.91941,-0.85518,-0.80369,-0.77075,-0.67284,-0.66209,-0.65224,-0.59275,-0.62506,-0.67142,-0.68992
-0.24491,-0.26281,-0.32155,-0.3716,-0.41841,-0.46229,-0.50174,-0.54261,-0.58347,-0.63004,-0.67488,-0.72211,-0.76369,-0.80335,-0.83583,-0.86401,-0.88558,-0.9025,-0.91489,-0.92207,-0.92609,-0.93099,-0.9309,-0.93227,-0.92669,-0.927,-0.92634,-0.91021,-0.92926,-0.91941,-0.85518,-0.80369,-0.77075,-0.67284,-0.66209,-0.65224,-0.59275,-0.62506,-0.67142,-0.68992
-0.1711,-0.19127,-0.26138,-0.32524,-0.38863,-0.45459,-0.52091,-0.58826,-0.65141,-0.71338,-0.76803,-0.81966,-0.86289,-0.90006,-0.9294,-0.9512,-0.96741,-0.97805,-0.98551,-0.98933,-0.99123,-0.99263,-0.99044,-0.99316,-0.98891,-0.98565,-0.99134,-0.98105,-0.98259,-0.96427,-0.92747,-0.89106,-0.93188,-0.91587,-0.75368,-0.75184,-0.68438,-0.71108,-0.81142,-0.8294
-0.18718,-0.20691,-0.27488,-0.33791,-0.40376,-0.47833,-0.55789,-0.63768,-0.70903,-0.77394,-0.82771,-0.87452,-0.91128,-0.93967,-0.96051,-0.97408,-0.983,-0.98925,-0.99228,-0.99423,-0.99298,-0.99174,-0.98192,-0.99331,-0.98814,-0.94901,-0.94969,-0.8803,-0.37281,-0.28274,-0.69229,-0.7592,-0.94609,-0.94897,-0.76817,-0.77225,-0.34159,-0.29972,-0.69912,-0.72033
-0.18718,-0.20691,-0.27488,-0.33791,-0.40376,-0.47833,-0.55789,-0.63768,-0.70903,-0.77394,-0.82771,-0.87452,-0.91128,-0.93967,-0.96051,-0.97408,-0.983,-0.98925,-0.99228,-0.99423,-0.99298,-0.99174,-0.98192,-0.99331,-0.98814,-0.94901,-0.94969,-0.8803,-0.37281,-0.28274,-0.69229,-0.7592,-0.94609,-0.94897,-0.76817,-0.77225,-0.34159,-0.29972,-0.69912,-0.72033
-0.18718,-0.20691,-0.27488,-0.33791,-0.40376,-0.47833,-0.55789,-0.63768,-0.70903,-0.77394,-0.82771,-0.87452,-0.91128,-0.93967,-0.96051,-0.97408,-0.983,-0.98925,-0.99228,-0.99423,-0.99298,-0.99174,-0.98192,-0.99331,-0.98814,-0.94901,-0.94969,-0.8803,-0.37281,-0.28274,-0.69229,-0.7592,-0.94609,-0.94897,-0.76817,-0.77225,-0.34159,-0.29972,-0.69912,-0.72033
-0.18718,-0.20691,-0.27488,-0.33791,-0.40376,-0.47833,-0.55789,-0.63768,-0.70903,-0.77394,-0.82771,-0.87452,-0.91128,-0.93967,-0.96051,-0.97408,-0.983,-0.98925,-0.99228,-0.99423,-0.99298,-0.99174,-0.98192,-0.99331,-0.98814,-0.94901,-0.94969,-0.8803,-0.37281,-0.28274,-0.69229,-0.7592,-0.94609,-0.94897,-0.76817,-0.77225,-0.34159,-0.29972,-0.69912,-0.72033
-0.22493,-0.23938,-0.29411,-0.36403,-0.45335,-0.55684,-0.65902,-0.75077,-0.82433,-0.88189,-0.92393,-0.95199,-0.97116,-0.98201,-0.98895,-0.99259,-0.9941,-0.99607,-0.9951,-0.99454,-0.98497,-0.98953,-0.96991,-0.99081,-0.97796,-0.94652,-0.83625,-0.68399,-0.39761,-0.36364,-0.63166,-0.70618,-0.88187,-0.88991,-0.63753,-0.64167,-0.34985,-0.33319,-0.63702,-0.65606
-0.25928,-0.30928,-0.4592,-0.60758,-0.73907,-0.83449,-0.89416,-0.93123,-0.9538,-0.96808,-0.97684,-0.98199,-0.98485,-0.98677,-0.9873,-0.98808,-0.98744,-0.98753,-0.98492,-0.97274,-0.94543,-0.91407,-0.79911,-0.56473,-0.79955,-0.94589,-0.8238,-0.8331,-0.47718,-0.45244,-0.89117,-0.89913,-0.95606,-0.95678,-0.83418,-0.8325,-0.37159,-0.35884,-0.91777,-0.92134
-0.25928,-0.30928,-0.4592,-0.60758,-0.73907,-0.83449,-0.89416,-0.93123,-0.9538,-0.96808,-0.97684,-0.98199,-0.98485,-0.98677,-0.9873,-0.98808,-0.98744,-0.98753,-0.98492,-0.97274,-0.94543,-0.91407,-0.79911,-0.56473,-0.79955,-0.94589,-0.8238,-0.8331,-0.47718,-0.45244,-0.89117,-0.89913,-0.95606,-0.95678,-0.83418,-0.8325,-0.37159,-0.35884,-0.91777,-0.92134
-0.25928,-0.30928,-0.4592,-0.60758,-0.73907,-0.83449,-0.89416,-0.93123,-0.9538,-0.96808,-0.97684,-0.98199,-0.98485,-0.98677,-0.9873,-0.98808,-0.98744,-0.98753,-0.98492,-0.97274,-0.94543,-0.91407,-0.79911,-0.56473,-0.79955,-0.94589,-0.8238,-0.8331,-0.47718,-0.45244,-0.89117,-0.89913,-0.95606,-0.95678,-0.83418,-0.8325,-0.37159,-0.35884,-0.91777,-0.92134
-0.25928,-0.30928,-0.4592,-0.60758,-0.73907,-0.83449,-0.89416,-0.93123,-0.9538,-0.96808,-0.97684,-0.98199,-0.98485,-0.98677,-0.9873,-0.98808,-0.98744,-0.98753,-0.98492,-0.97274,-0.94543,-0.91407,-0.79911,-0.56473,-0.79955,-0.94589,-0.8238,-0.8331,-0.47718,-0.45244,-0.89117,-0.89913,-0.95606,-0.95678,-0.83418,-0.8325,-0.37159,-0.35884,-0.91777,-0.92134
-0.25928,-0.30928,-0.4592,-0.60758,-0.73907,-0.83449,-0.89416,-0.93123,-0.9538,-0.96808,-0.97684,-0.98199,-0.98485,-0.98677,-0.9873,-0.98808,-0.98744,-0.98753,-0.98492,-0.97274,-0.94543,-0.91407,-0.79911,-0.56473,-0.79955,-0.94589,-0.8238,-0.8331,-0.47718,-0.45244,-0.89117,-0.89913,-0.95606,-0.95678,-0.83418,-0.8325,-0.37159,-0.35884,-0.91777,-0.92134
-0.25928,-0.30928,-0.4592,-0.60758,-0.73907,-0.83449,-0.89416,-0.93123,-0.9538,-0.96808,-0.97684,-0.98199,-0.98485,-0.98677,-0.9873,-0.98808,-0.98744,-0.98753,-0.98492,-0.97274,-0.94543,-0.91407,-0.79911,-0.56473,-0.79955,-0.94589,-0.8238,-0.8331,-0.47718,-0.45244,-0.89117,-0.89913,-0.95606,-0.95678,-0.83418,-0.8325,-0.37159,-0.35884,-0.91777,-0.92134
-0.28109,-0.33284,-0.47342,-0.58544,-0.69076,-0.78688,-0.86374,-0.9191,-0.95536,-0.97621,-0.988,-0.99381,-0.99669,-0.99846,-0.99898,-0.99971,-0.99959,-0.99976,-0.99915,-0.99584,-0.98876,-0.98432,-0.95794,-0.95835,-0.97111,-0.97287,-0.9686,-0.97016,-0.95652,-0.95742,-0.95362,-0.95644,-0.98564,-0.98577,-0.98056,-0.98033,-0.86969,-0.86797,-0.97213,-0.97312
-0.28109,-0.33284,-0.47342,-0.58544,-0.69076,-0.78688,-0.86374,-0.9191,-0.95536,-0.97621,-0.988,-0.99381,-0.99669,-0.99846,-0.99898,-0.99971,-0.99959,-0.99976,-0.99915,-0.99584,-0.98876,-0.98432,-0.95794,-0.95835,-0.97111,-0.97287,-0.9686,-0.97016,-0.95652,-0.95742,-0.95362,-0.95644,-0.98564,-0.98577,-0.98056,-0.98033,-0.86969,-0.86797,-0.97213,-0.97312
-0.4521,-0.46209,-0.50085,-0.56186,-0.64359,-0.73797,-0.82846,-0.90061,-0.9491,-0.97477,-0.98761,-0.99314,-0.99506,-0.99499,-0.98732,-0.98271,-0.91932,-0.97767,-0.99009,-0.92707,-0.93183,-0.92962,-0.9258,-0.99384,-0.99433,-0.93297,-0.912,-0.90168,-0.99487,-0.99512,-0.93161,-0.93106,-0.88369,-0.87945,-0.99556,-0.99568,-0.9294,-0.92877,-0.8743,-0.87347
-0.4521,-0.46209,-0.50085,-0.56186,-0.64359,-0.73797,-0.82846,-0.90061,-0.9491,-0.97477,-0.98761,-0.99314,-0.99506,-0.99499,-0.98732,-0.98271,-0.91932,-0.97767,-0.99009,-0.92707,-0.93183,-0.92962,-0.9258,-0.99384,-0.99433,-0.93297,-0.912,-0.90168,-0.99487,-0.99512,-0.93161,-0.93106,-0.88369,-0.87945,-0.99556,-0.99568,-0.9294,-0.92877,-0.8743,-0.87347
-0.4521,-0.46209,-0.50085,-0.56186,-0.64359,-0.73797,-0.82846,-0.90061,-0.9491,-0.97477,-0.98761,-0.99314,-0.99506,-0.99499,-0.98732,-0.98271,-0.91932,-0.97767,-0.99009,-0.92707,-0.93183,-0.92962,-0.9258,-0.99384,-0.99433,-0.93297,-0.912,-0.90168,-0.99487,-0.99512,-0.93161,-0.93106,-0.88369,-0.87945,-0.99556,-0.99568,-0.9294,-0.92877,-0.8743,-0.87347
-0.4521,-0.46209,-0.50085,-0.56186,-0.64359,-0.73797,-0.82846,-0.90061,-0.9491,-0.97477,-0.98761,-0.99314,-0.99506,-0.99499,-0.98732,-0.98271,-0.91932,-0.97767,-0.99009,-0.92707,-0.93183,-0.92962,-0.9258,-0.99384,-0.99433,-0.93297,-0.912,-0.90168,-0.99487,-0.99512,-0.93161,-0.93106,-0.88369,-0.87945,-0.99556,-0.99568,-0.9294,-0.92877,-0.8743,-0.87347
-0.4521,-0.46209,-0.50085,-0.56186,-0.64359,-0.73797,-0.82846,-0.90061,-0.9491,-0.97477,-0.98761,-0.99314,-0.99506,-0.99499,-0.98732,-0.98271,-0.91932,-0.97767,-0.99009,-0.92707,-0.93183,-0.92962,-0.9258,-0.99384,-0.99433,-0.93297,-0.912,-0.90168,-0.99487,-0.99512,-0.93161,-0.93106,-0.88369,-0.87945,-0.99556,-0.99568,-0.9294,-0.92877,-0.8743,-0.87347
-0.4521,-0.46209,-0.50085,-0.56186,-0.64359,-0.73797,-0.82846,-0.90061,-0.9491,-0.97477,-0.98761,-0.99314,-0.99506,-0.99499,-0.98732,-0.98271,-0.91932,-0.97767,-0.99009,-0.92707,-0.93183,-0.92962,-0.9258,-0.99384,-0.99433,-0.93297,-0.912,-0.90168,-0.99487,-0.99512,-0.93161,-0.93106,-0.88369,-0.87945,-0.99556,-0.99568,-0.9294,-0.92877,-0.8743,-0.87347
-0.4521,-0.46209,-0.50085,-0.56186,-0.64359,-0.73797,-0.82846,-0.90061,-0.9491,-0.97477,-0.98761,-0.99314,-0.99506,-0.99499,-0.98732,-0.98271,-0.91932,-0.97767,-0.99009,-0.92707,-0.93183,-0.92962,-0.9258,-0.99384,-0.99433,-0.93297,-0.912,-0.90168,-0.99487,-0.99512,-0.93161,-0.93106,-0.88369,-0.87945,-0.99556,-0.99568,-0.9294,-0.92877,-0.8743,-0.87347
-0.4521,-0.46209,-0.50085,-0.56186,-0.64359,-0.73797,-0.82846,-0.90061,-0.9491,-0.97477,-0.98761,-0.99314,-0.99506,-0.99499,-0.98732,-0.98271,-0.91932,-0.97767,-0.99009,-0.92707,-0.93183,-0.92962,-0.9258,-0.99384,-0.99433,-0.93297,-0.912,-0.90168,-0.99487,-0.99512,-0.93161,-0.93106,-0.88369,-0.87945,-0.99556,-0.99568,-0.9294,-0.92877,-0.8743,-0.87347
-0.4521,-0.46209,-0.50085,-0.56186,-0.64359,-0.73797,-0.82846,-0.90061,-0.9491,-0.97477,-0.98761,-0.99314,-0.99506,-0.99499,-0.98732,-0.98271,-0.91932,-0.97767,-0.99009,-0.92707,-0.93183,-0.92962,-0.9258,-0.99384,-0.99433,-0.93297,-0.912,-0.90168,-0.99487,-0.99512,-0.93161,-0.93106,-0.88369,-0.87945,-0.99556,-0.99568,-0.9294,-0.92877,-0.8743,-0.87347
