0.014378,0.016951,0.029024,0.040647,0.050976,0.06122,0.071327,0.08165,0.091637,0.10206,0.11189,0.12233,0.13189,0.14212,0.15122,0.16103,0.16954,0.17883,0.18673,0.19548,0.20281,0.21106,0.21789,0.22567,0.23204,0.23939,0.24639,0.25228,0.25889,0.26439,0.27062,0.27577,0.28165,0.28647,0.29201,0.29652,0.30174,0.30597,0.3109,0.31487
0.029046,0.034242,0.058656,0.082214,0.10319,0.12387,0.14379,0.16314,0.18077,0.19789,0.21307,0.22823,0.24142,0.25493,0.26647,0.27853,0.28865,0.29942,0.30832,0.31794,0.3258,0.33444,0.34141,0.34923,0.35549,0.36264,0.36936,0.37491,0.38116,0.38627,0.39214,0.3969,0.40246,0.40695,0.41224,0.4165,0.42158,0.42565,0.43055,0.43447
0.042764,0.05041,0.086393,0.12111,0.15115,0.17877,0.20336,0.22573,0.24515,0.26336,0.27902,0.2943,0.30727,0.32035,0.33132,0.3427,0.35213,0.36221,0.37048,0.37956,0.38694,0.39527,0.40199,0.40973,0.41595,0.42324,0.43019,0.436,0.44261,0.44813,0.45445,0.4597,0.46573,0.47074,0.47645,0.4812,0.48657,0.49105,0.49602,0.5002
0.057063,0.067256,0.11495,0.15867,0.19338,0.22359,0.24966,0.27288,0.29265,0.3109,0.3263,0.34114,0.35357,0.36609,0.37651,0.38745,0.39652,0.40638,0.41453,0.42363,0.43112,0.43963,0.44661,0.45458,0.46112,0.46853,0.47546,0.48139,0.48763,0.493,0.49844,0.50315,0.50767,0.51164,0.51512,0.51827,0.52063,0.52289,0.52406,0.52537
0.070192,0.082708,0.1409,0.19213,0.22989,0.26076,0.2863,0.30848,0.32706,0.34406,0.35833,0.37207,0.38361,0.39526,0.40506,0.41531,0.42394,0.43318,0.44096,0.44931,0.45632,0.46372,0.46992,0.47615,0.4814,0.48624,0.49012,0.49356,0.49574,0.49777,0.49811,0.49861,0.49703,0.49594,0.49242,0.48971,0.48427,0.47995,0.47267,0.46675
0.080456,0.094752,0.15924,0.2122,0.24963,0.27986,0.3049,0.3268,0.34529,0.36233,0.37674,0.39069,0.40254,0.41452,0.42473,0.43531,0.44432,0.4536,0.46146,0.46923,0.47578,0.48166,0.48662,0.49024,0.49335,0.49441,0.49405,0.49377,0.4907,0.48812,0.48235,0.47745,0.46907,0.46189,0.45104,0.44167,0.42855,0.41708,0.4019,0.38847
0.097082,0.11357,0.18328,0.23771,0.27705,0.3089,0.33467,0.35638,0.37418,0.3903,0.40393,0.41721,0.42863,0.44012,0.44998,0.45973,0.46797,0.47551,0.48177,0.48648,0.4903,0.49168,0.4927,0.49043,0.4884,0.48236,0.4746,0.46748,0.45621,0.44598,0.43146,0.41827,0.40082,0.38486,0.36485,0.34636,0.32416,0.3034,0.27942,0.25669
0.11164,0.1292,0.20168,0.25914,0.30156,0.3356,0.36313,0.38713,0.40775,0.42769,0.44537,0.46335,0.47919,0.49519,0.50897,0.52217,0.53323,0.54267,0.55036,0.5554,0.55927,0.55964,0.55953,0.55531,0.55125,0.54274,0.53252,0.52258,0.50886,0.49561,0.47888,0.46268,0.44345,0.42465,0.40342,0.38239,0.35964,0.33676,0.31294,0.28857
0.12156,0.14154,0.2223,0.2775,0.31374,0.34299,0.36737,0.38893,0.40746,0.4247,0.43958,0.45349,0.46524,0.47544,0.48364,0.48916,0.49307,0.49305,0.4921,0.4861,0.48001,0.46806,0.45682,0.4393,0.42311,0.4006,0.37644,0.35297,0.32492,0.29751,0.26628,0.23543,0.20173,0.16798,0.13257,0.09648,0.060095,0.022287,-0.014348,-0.053252
0.11976,0.13874,0.2173,0.27394,0.31001,0.33732,0.3595,0.37951,0.39752,0.41531,0.43132,0.44657,0.4595,0.47008,0.47821,0.48228,0.48438,0.48105,0.47662,0.46594,0.45506,0.43766,0.42077,0.39763,0.37538,0.34757,0.31853,0.28924,0.25709,0.22433,0.18993,0.15432,0.11842,0.08046,0.043595,0.0036672,-0.033745,-0.07537,-0.11294,-0.15597
0.14111,0.16149,0.23867,0.29053,0.32608,0.35602,0.3824,0.40737,0.43017,0.45278,0.47307,0.49254,0.50908,0.52313,0.53408,0.54082,0.54495,0.54362,0.54055,0.53146,0.52148,0.50558,0.48937,0.46782,0.44619,0.42021,0.39309,0.3647,0.33481,0.30312,0.27138,0.23707,0.2042,0.16774,0.13423,0.095879,0.062045,0.021943,-0.011886,-0.053571
0.1345,0.15635,0.23836,0.2887,0.31961,0.34262,0.36071,0.37563,0.38764,0.39655,0.40248,0.40347,0.40151,0.39252,0.38133,0.36159,0.34081,0.31086,0.28091,0.24209,0.20392,0.15805,0.1129,0.061919,0.011165,-0.042982,-0.096956,-0.15337,-0.20793,-0.26606,-0.31956,-0.37783,-0.42854,-0.48512,-0.5312,-0.58399,-0.62381,-0.67073,-0.70333,-0.74288
0.12701,0.14601,0.22015,0.27201,0.30764,0.33702,0.36215,0.38449,0.40323,0.41838,0.42918,0.43407,0.43459,0.42718,0.41636,0.39659,0.37469,0.34386,0.31188,0.27186,0.23103,0.18377,0.13533,0.082756,0.027908,-0.028121,-0.084259,-0.14584,-0.2029,-0.26713,-0.32305,-0.38775,-0.44,-0.50213,-0.54814,-0.6042,-0.6421,-0.68922,-0.71861,-0.75558
0.18058,0.20495,0.29317,0.34911,0.38609,0.41694,0.44403,0.46849,0.48924,0.50582,0.51769,0.52305,0.52387,0.5167,0.50607,0.48714,0.46591,0.43703,0.40658,0.36989,0.33171,0.28936,0.24494,0.19888,0.14955,0.10144,0.053334,-0.0006431,-0.049217,-0.10536,-0.15316,-0.21012,-0.25562,-0.31127,-0.35285,-0.40456,-0.44103,-0.48657,-0.51773,-0.55607
0.1711,0.19383,0.28086,0.33885,0.37724,0.41077,0.44196,0.47116,0.49632,0.51613,0.53021,0.53646,0.53754,0.53041,0.51955,0.50157,0.48102,0.45523,0.42739,0.3968,0.3641,0.33157,0.29635,0.26417,0.22831,0.1977,0.16782,0.13335,0.10494,0.070901,0.043508,0.0097067,-0.017211,-0.05052,-0.077182,-0.10918,-0.1354,-0.165,-0.19123,-0.21771
0.18495,0.20976,0.30001,0.35737,0.39707,0.43258,0.466,0.49784,0.52565,0.54821,0.56452,0.57281,0.57516,0.56941,0.55929,0.54289,0.52352,0.50065,0.47562,0.45034,0.4233,0.39928,0.37373,0.35364,0.33247,0.31775,0.30524,0.29389,0.28652,0.28195,0.27823,0.27885,0.27706,0.27968,0.27917,0.28052,0.28112,0.27873,0.28132,0.27409
0.22664,0.25331,0.34525,0.40138,0.44002,0.47434,0.50569,0.53393,0.55714,0.57406,0.58477,0.58791,0.58593,0.57772,0.56618,0.55127,0.53455,0.51801,0.50096,0.4877,0.47549,0.46963,0.46734,0.47167,0.48376,0.49927,0.51908,0.55303,0.58066,0.62476,0.65533,0.69889,0.72887,0.76153,0.79038,0.80728,0.83855,0.84109,0.88072,0.87496
0.22664,0.25331,0.34525,0.40138,0.44002,0.47434,0.50569,0.53393,0.55714,0.57406,0.58477,0.58791,0.58593,0.57772,0.56618,0.55127,0.53455,0.51801,0.50096,0.4877,0.47549,0.46963,0.46734,0.47167,0.48376,0.49927,0.51908,0.55303,0.58066,0.62476,0.65533,0.69889,0.72887,0.76153,0.79038,0.80728,0.83855,0.84109,0.88072,0.87496
0.19757,0.22127,0.29907,0.34021,0.3636,0.37961,0.38938,0.39057,0.38275,0.36139,0.33034,0.28429,0.2304,0.16382,0.091175,0.010709,-0.075422,-0.16267,-0.25659,-0.34349,-0.43858,-0.51743,-0.60514,-0.66839,-0.73977,-0.78374,-0.82182,-0.86114,-0.88503,-0.90829,-0.92331,-0.93583,-0.94623,-0.95217,-0.96076,-0.96292,-0.97156,-0.9722,-0.98097,-0.98193
0.14906,0.16805,0.23515,0.27552,0.3038,0.32653,0.34058,0.34172,0.32991,0.30174,0.26231,0.20823,0.14602,0.073788,-0.0049795,-0.087797,-0.17788,-0.26507,-0.36181,-0.44678,-0.5431,-0.61688,-0.7014,-0.7558,-0.81821,-0.85205,-0.88182,-0.90972,-0.92783,-0.94132,-0.95381,-0.9587,-0.96979,-0.97049,-0.98209,-0.98224,-0.99177,-0.99287,-0.99481,-0.99406
0.14906,0.16805,0.23515,0.27552,0.3038,0.32653,0.34058,0.34172,0.32991,0.30174,0.26231,0.20823,0.14602,0.073788,-0.0049795,-0.087797,-0.17788,-0.26507,-0.36181,-0.44678,-0.5431,-0.61688,-0.7014,-0.7558,-0.81821,-0.85205,-0.88182,-0.90972,-0.92783,-0.94132,-0.95381,-0.9587,-0.96979,-0.97049,-0.98209,-0.98224,-0.99177,-0.99287,-0.99481,-0.99406
0.16293,0.18552,0.26283,0.31201,0.35075,0.38342,0.40557,0.41253,0.40424,0.37801,0.33864,0.28412,0.21914,0.14405,0.058751,-0.029605,-0.13072,-0.22537,-0.33704,-0.42921,-0.5406,-0.61807,-0.71107,-0.76473,-0.82585,-0.8588,-0.89163,-0.91225,-0.93629,-0.94306,-0.96344,-0.9639,-0.9822,-0.98155,-0.99381,-0.99299,-0.99235,-0.9849,-0.97063,-0.94501
0.18345,0.20576,0.27789,0.32146,0.35437,0.37978,0.39328,0.39023,0.37115,0.33339,0.28238,0.21698,0.14198,0.059392,-0.031857,-0.12329,-0.22555,-0.31914,-0.42684,-0.51357,-0.61535,-0.68383,-0.76418,-0.80847,-0.85939,-0.88438,-0.90908,-0.92531,-0.94378,-0.9486,-0.96639,-0.96714,-0.98374,-0.98511,-0.99308,-0.99346,-0.98796,-0.97933,-0.96961,-0.94589
0.20648,0.23251,0.31675,0.36673,0.40376,0.43215,0.44766,0.44632,0.42871,0.39312,0.34323,0.27923,0.2028,0.11981,0.024092,-0.067661,-0.17541,-0.26659,-0.37756,-0.45782,-0.55631,-0.61597,-0.68483,-0.72453,-0.76068,-0.79091,-0.82548,-0.83433,-0.86837,-0.87257,-0.90331,-0.90954,-0.92087,-0.92035,-0.90012,-0.86726,-0.85415,-0.78563,-0.84775,-0.77918
0.1859,0.20204,0.25032,0.27962,0.30168,0.31621,0.31792,0.30225,0.27019,0.22175,0.16154,0.092326,0.014582,-0.064802,-0.15393,-0.23731,-0.33453,-0.41555,-0.51369,-0.58275,-0.66768,-0.71669,-0.77537,-0.80629,-0.83687,-0.86074,-0.89166,-0.8994,-0.93129,-0.93664,-0.96047,-0.96537,-0.96886,-0.96262,-0.95053,-0.9198,-0.9214,-0.86938,-0.91359,-0.85977
0.20449,0.22538,0.28969,0.32781,0.35303,0.36659,0.36452,0.34395,0.30678,0.255,0.19186,0.12341,0.046766,-0.024759,-0.10475,-0.16872,-0.24199,-0.28916,-0.34289,-0.36813,-0.3931,-0.4012,-0.39992,-0.40201,-0.3834,-0.38935,-0.39653,-0.37868,-0.38159,-0.36599,-0.34801,-0.31524,-0.29653,-0.24212,-0.27701,-0.23191,-0.31824,-0.317,-0.25518,-0.21922
0.20449,0.22538,0.28969,0.32781,0.35303,0.36659,0.36452,0.34395,0.30678,0.255,0.19186,0.12341,0.046766,-0.024759,-0.10475,-0.16872,-0.24199,-0.28916,-0.34289,-0.36813,-0.3931,-0.4012,-0.39992,-0.40201,-0.3834,-0.38935,-0.39653,-0.37868,-0.38159,-0.36599,-0.34801,-0.31524,-0.29653,-0.24212,-0.27701,-0.23191,-0.31824,-0.317,-0.25518,-0.21922
0.20449,0.22538,0.28969,0.32781,0.35303,0.36659,0.36452,0.34395,0.30678,0.255,0.19186,0.12341,0.046766,-0.024759,-0.10475,-0.16872,-0.24199,-0.28916,-0.34289,-0.36813,-0.3931,-0.4012,-0.39992,-0.40201,-0.3834,-0.38935,-0.39653,-0.37868,-0.38159,-0.36599,-0.34801,-0.31524,-0.29653,-0.24212,-0.27701,-0.23191,-0.31824,-0.317,-0.25518,-0.21922
0.13327,0.15626,0.25458,0.32771,0.37956,0.41409,0.42729,0.41781,0.38807,0.34403,0.28871,0.23573,0.18053,0.14426,0.11232,0.10673,0.10979,0.13217,0.16615,0.20431,0.25761,0.30031,0.36275,0.40414,0.46912,0.50313,0.53697,0.58339,0.60571,0.62688,0.64969,0.64267,0.6858,0.65992,0.69042,0.63195,0.66622,0.59964,0.65559,0.5911
0.13327,0.15626,0.25458,0.32771,0.37956,0.41409,0.42729,0.41781,0.38807,0.34403,0.28871,0.23573,0.18053,0.14426,0.11232,0.10673,0.10979,0.13217,0.16615,0.20431,0.25761,0.30031,0.36275,0.40414,0.46912,0.50313,0.53697,0.58339,0.60571,0.62688,0.64969,0.64267,0.6858,0.65992,0.69042,0.63195,0.66622,0.59964,0.65559,0.5911
0.13327,0.15626,0.25458,0.32771,0.37956,0.41409,0.42729,0.41781,0.38807,0.34403,0.28871,0.23573,0.18053,0.14426,0.11232,0.10673,0.10979,0.13217,0.16615,0.20431,0.25761,0.30031,0.36275,0.40414,0.46912,0.50313,0.53697,0.58339,0.60571,0.62688,0.64969,0.64267,0.6858,0.65992,0.69042,0.63195,0.66622,0.59964,0.65559,0.5911
0.18276,0.20429,0.28837,0.35886,0.41434,0.44997,0.46195,0.4525,0.4259,0.39189,0.35336,0.32668,0.30591,0.30565,0.31296,0.33317,0.35935,0.38754,0.42242,0.45141,0.48964,0.5168,0.55607,0.57824,0.61512,0.63129,0.64756,0.66892,0.68227,0.68994,0.69844,0.6829,0.70239,0.66648,0.70893,0.66311,0.75494,0.71951,0.78952,0.75752
0.18276,0.20429,0.28837,0.35886,0.41434,0.44997,0.46195,0.4525,0.4259,0.39189,0.35336,0.32668,0.30591,0.30565,0.31296,0.33317,0.35935,0.38754,0.42242,0.45141,0.48964,0.5168,0.55607,0.57824,0.61512,0.63129,0.64756,0.66892,0.68227,0.68994,0.69844,0.6829,0.70239,0.66648,0.70893,0.66311,0.75494,0.71951,0.78952,0.75752
0.15649,0.17087,0.23008,0.27958,0.31211,0.3211,0.30638,0.27649,0.2393,0.20906,0.18493,0.1829,0.19332,0.22797,0.27638,0.33581,0.40827,0.47304,0.55158,0.60722,0.67811,0.71873,0.77406,0.79711,0.83035,0.84196,0.86141,0.86053,0.88875,0.874,0.90657,0.87715,0.92442,0.88923,0.94422,0.90527,0.95151,0.89232,0.74126,0.62157
0.15649,0.17087,0.23008,0.27958,0.31211,0.3211,0.30638,0.27649,0.2393,0.20906,0.18493,0.1829,0.19332,0.22797,0.27638,0.33581,0.40827,0.47304,0.55158,0.60722,0.67811,0.71873,0.77406,0.79711,0.83035,0.84196,0.86141,0.86053,0.88875,0.874,0.90657,0.87715,0.92442,0.88923,0.94422,0.90527,0.95151,0.89232,0.74126,0.62157
0.15649,0.17087,0.23008,0.27958,0.31211,0.3211,0.30638,0.27649,0.2393,0.20906,0.18493,0.1829,0.19332,0.22797,0.27638,0.33581,0.40827,0.47304,0.55158,0.60722,0.67811,0.71873,0.77406,0.79711,0.83035,0.84196,0.86141,0.86053,0.88875,0.874,0.90657,0.87715,0.92442,0.88923,0.94422,0.90527,0.95151,0.89232,0.74126,0.62157
0.09843,0.092956,0.086718,0.058342,-0.0097748,-0.11902,-0.25895,-0.41165,-0.56567,-0.69519,-0.80582,-0.87659,-0.92855,-0.95562,-0.97203,-0.98195,-0.98545,-0.99049,-0.99088,-0.99351,-0.99301,-0.99265,-0.98804,-0.98842,-0.97622,-0.9912,-0.98848,-0.97437,-0.9571,-0.9025,-0.96195,-0.92507,-0.95914,-0.91795,-0.62959,-0.44866,-0.55962,-0.4328,-0.88121,-0.84458
0.09843,0.092956,0.086718,0.058342,-0.0097748,-0.11902,-0.25895,-0.41165,-0.56567,-0.69519,-0.80582,-0.87659,-0.92855,-0.95562,-0.97203,-0.98195,-0.98545,-0.99049,-0.99088,-0.99351,-0.99301,-0.99265,-0.98804,-0.98842,-0.97622,-0.9912,-0.98848,-0.97437,-0.9571,-0.9025,-0.96195,-0.92507,-0.95914,-0.91795,-0.62959,-0.44866,-0.55962,-0.4328,-0.88121,-0.84458
0.09843,0.092956,0.086718,0.058342,-0.0097748,-0.11902,-0.25895,-0.41165,-0.56567,-0.69519,-0.80582,-0.87659,-0.92855,-0.95562,-0.97203,-0.98195,-0.98545,-0.99049,-0.99088,-0.99351,-0.99301,-0.99265,-0.98804,-0.98842,-0.97622,-0.9912,-0.98848,-0.97437,-0.9571,-0.9025,-0.96195,-0.92507,-0.95914,-0.91795,-0.62959,-0.44866,-0.55962,-0.4328,-0.88121,-0.84458
-0.38755,-0.3584,-0.28856,-0.26022,-0.27856,-0.34308,-0.4372,-0.54006,-0.64488,-0.73514,-0.81757,-0.87459,-0.921,-0.94696,-0.96524,-0.97651,-0.98216,-0.98916,-0.99146,-0.99456,-0.99489,-0.99426,-0.98935,-0.9915,-0.98103,-0.99481,-0.99169,-0.9775,-0.96386,-0.91254,-0.98266,-0.96433,-0.94327,-0.89085,-0.71552,-0.57504,-0.66449,-0.53852,-0.61243,-0.4769
