0.021427,0.025099,0.041548,0.056504,0.069535,0.082275,0.094581,0.10682,0.11827,0.12984,0.14035,0.15123,0.16086,0.17105,0.17988,0.18944,0.19757,0.20659,0.21416,0.22273,0.22983,0.23805,0.24478,0.25271,0.25913,0.26684,0.2743,0.28053,0.28784,0.29387,0.30106,0.30693,0.31401,0.31975,0.32675,0.33237,0.33929,0.34481,0.35165,0.35708
0.041223,0.048112,0.078731,0.10608,0.12888,0.1501,0.16968,0.18839,0.20529,0.22196,0.23676,0.252,0.26536,0.2797,0.2921,0.3059,0.31765,0.3311,0.34238,0.35555,0.36642,0.37928,0.38976,0.40226,0.41232,0.42438,0.43594,0.44555,0.4566,0.4657,0.47619,0.48477,0.4947,0.50277,0.51213,0.5197,0.52851,0.53561,0.54388,0.55053
0.056498,0.066267,0.10987,0.14706,0.1757,0.20091,0.22356,0.24532,0.26521,0.28542,0.30371,0.32312,0.34036,0.35923,0.37563,0.3939,0.40942,0.42686,0.44137,0.45776,0.47117,0.48636,0.49865,0.51259,0.52379,0.53654,0.54844,0.55835,0.5692,0.5782,0.58807,0.59626,0.60521,0.61266,0.62075,0.62751,0.63478,0.6409,0.6474,0.65291
0.071853,0.08384,0.13569,0.17879,0.21198,0.24122,0.26759,0.29313,0.31664,0.34079,0.3627,0.38588,0.40632,0.42822,0.44699,0.46723,0.48421,0.50261,0.51781,0.53436,0.54791,0.56273,0.57479,0.58799,0.59874,0.61044,0.62117,0.6303,0.63971,0.64776,0.65594,0.66298,0.67002,0.67613,0.68211,0.68734,0.69234,0.69676,0.70086,0.70454
0.091843,0.1066,0.168,0.21678,0.2542,0.28743,0.31764,0.34722,0.3746,0.40261,0.42775,0.45361,0.47596,0.49897,0.51832,0.53836,0.55496,0.57226,0.58651,0.60139,0.61364,0.62634,0.63684,0.64759,0.65654,0.66552,0.6735,0.68045,0.68696,0.69267,0.69787,0.70246,0.7065,0.7101,0.71312,0.71584,0.71795,0.71989,0.72116,0.7224
0.10338,0.12002,0.18677,0.23661,0.27476,0.31006,0.34332,0.37623,0.40646,0.43654,0.46305,0.48954,0.51221,0.53505,0.55428,0.57386,0.59022,0.60695,0.6209,0.63512,0.647,0.65897,0.669,0.67895,0.68734,0.6955,0.70273,0.70904,0.71487,0.71999,0.72461,0.72869,0.73226,0.73545,0.73807,0.74047,0.7422,0.74387,0.74471,0.74564
0.12903,0.14666,0.21489,0.26877,0.31366,0.35587,0.39489,0.4319,0.46463,0.49576,0.5224,0.54812,0.56979,0.59105,0.60888,0.62646,0.64119,0.65558,0.66767,0.67929,0.68908,0.6983,0.70611,0.71333,0.71948,0.72503,0.72976,0.73394,0.73739,0.74048,0.74277,0.74489,0.74604,0.74723,0.74726,0.74749,0.74633,0.74552,0.74308,0.74111
0.12096,0.13971,0.21141,0.26461,0.3088,0.35183,0.39279,0.43243,0.46781,0.50135,0.53007,0.55725,0.58014,0.60184,0.62004,0.63723,0.65163,0.66509,0.67637,0.68676,0.69547,0.70337,0.71002,0.71588,0.72084,0.72497,0.72822,0.73102,0.73268,0.7341,0.7341,0.73402,0.73221,0.73041,0.72658,0.72279,0.71675,0.71065,0.70227,0.6936
0.13256,0.15218,0.22904,0.28791,0.33529,0.37922,0.41928,0.45678,0.48968,0.52072,0.54744,0.57304,0.59495,0.61607,0.63407,0.6514,0.66615,0.6803,0.69236,0.70396,0.71393,0.72351,0.73187,0.73984,0.74694,0.75344,0.7591,0.76452,0.76871,0.77294,0.77555,0.77842,0.77927,0.78053,0.77945,0.77882,0.7758,0.77307,0.76827,0.76341
0.13537,0.15599,0.23817,0.30301,0.3555,0.4026,0.44383,0.48106,0.51296,0.54246,0.56767,0.59152,0.61194,0.63156,0.64838,0.66477,0.67892,0.69293,0.70517,0.7174,0.72831,0.7391,0.749,0.75837,0.7673,0.7751,0.78182,0.78874,0.79345,0.79856,0.80092,0.80376,0.80366,0.80389,0.80155,0.79921,0.79515,0.79069,0.78572,0.77997
0.14104,0.16133,0.2398,0.30082,0.35084,0.39649,0.43704,0.47387,0.50557,0.53473,0.55965,0.58293,0.6028,0.62159,0.63763,0.65302,0.66622,0.67905,0.69017,0.70095,0.71043,0.71925,0.72715,0.73377,0.73983,0.74376,0.74611,0.74809,0.74709,0.74559,0.74103,0.73558,0.72776,0.71847,0.70828,0.696,0.68475,0.67099,0.66053,0.64727
0.16675,0.18807,0.26961,0.33348,0.38525,0.43112,0.47094,0.50665,0.5375,0.56613,0.59105,0.61496,0.63591,0.65665,0.67505,0.6937,0.7106,0.72788,0.74402,0.76018,0.77591,0.79083,0.80611,0.81936,0.83376,0.84471,0.85437,0.86557,0.87252,0.88095,0.88516,0.89054,0.89241,0.89493,0.89552,0.89595,0.89652,0.896,0.8974,0.89697
0.16305,0.18463,0.2644,0.32626,0.37849,0.42556,0.46653,0.50332,0.53527,0.56517,0.59145,0.6169,0.63944,0.66189,0.68204,0.70256,0.72145,0.74073,0.75914,0.77744,0.79575,0.81293,0.83111,0.84668,0.86422,0.87759,0.88995,0.90438,0.91425,0.92606,0.93328,0.94202,0.94738,0.95334,0.9576,0.96146,0.96533,0.96785,0.9709,0.97233
0.20931,0.23447,0.32493,0.3935,0.44827,0.49465,0.53366,0.56805,0.59764,0.62454,0.64762,0.66882,0.68698,0.70395,0.71866,0.73245,0.74467,0.75556,0.76544,0.77304,0.78004,0.78359,0.78668,0.78553,0.78367,0.77802,0.77115,0.76229,0.75325,0.74197,0.73353,0.72286,0.71758,0.71049,0.70949,0.70764,0.71039,0.71362,0.71955,0.72684
0.14566,0.16919,0.26061,0.33382,0.39344,0.44503,0.48857,0.52571,0.55649,0.58275,0.60433,0.62285,0.63804,0.6511,0.66168,0.67003,0.67626,0.67922,0.67994,0.67597,0.66907,0.65679,0.64029,0.61996,0.59383,0.56831,0.54223,0.50985,0.48547,0.45568,0.43708,0.4151,0.4035,0.39168,0.38663,0.3845,0.38513,0.39077,0.39552,0.40644
0.14528,0.16952,0.26214,0.3381,0.4,0.45248,0.49631,0.53407,0.56568,0.59317,0.6158,0.63511,0.65056,0.66291,0.67196,0.67709,0.67884,0.67506,0.66703,0.65214,0.63117,0.60412,0.56838,0.53082,0.48163,0.43801,0.39348,0.33628,0.29277,0.23668,0.19696,0.14689,0.11235,0.071957,0.042641,0.014394,-0.011777,-0.027119,-0.052673,-0.055474
0.12276,0.1435,0.22692,0.2982,0.35684,0.40662,0.44764,0.48179,0.50944,0.53243,0.55062,0.56523,0.57584,0.58218,0.58422,0.5795,0.56892,0.54867,0.51952,0.48022,0.42774,0.36999,0.29406,0.22304,0.12809,0.051254,-0.028087,-0.13184,-0.21032,-0.31147,-0.38365,-0.46973,-0.53268,-0.59342,-0.64849,-0.68056,-0.73284,-0.73912,-0.79963,-0.78907
0.12276,0.1435,0.22692,0.2982,0.35684,0.40662,0.44764,0.48179,0.50944,0.53243,0.55062,0.56523,0.57584,0.58218,0.58422,0.5795,0.56892,0.54867,0.51952,0.48022,0.42774,0.36999,0.29406,0.22304,0.12809,0.051254,-0.028087,-0.13184,-0.21032,-0.31147,-0.38365,-0.46973,-0.53268,-0.59342,-0.64849,-0.68056,-0.73284,-0.73912,-0.79963,-0.78907
0.20428,0.23141,0.33461,0.41347,0.47245,0.52057,0.56103,0.59733,0.63,0.66156,0.69121,0.72068,0.74955,0.7775,0.80614,0.83166,0.85894,0.8803,0.90375,0.91952,0.9368,0.94691,0.95725,0.96405,0.9692,0.97474,0.9799,0.98166,0.98626,0.98743,0.99053,0.99133,0.99274,0.99282,0.99366,0.99293,0.99272,0.99056,0.99312,0.99085
0.17959,0.21108,0.32389,0.40137,0.46016,0.51102,0.55601,0.59778,0.63606,0.67314,0.70827,0.74233,0.77572,0.80612,0.83673,0.8613,0.88627,0.90347,0.92077,0.93171,0.94238,0.95048,0.95751,0.96439,0.96941,0.97496,0.97971,0.9827,0.98554,0.98723,0.98919,0.98989,0.99106,0.99069,0.99284,0.99221,0.99492,0.9946,0.99452,0.993
0.17959,0.21108,0.32389,0.40137,0.46016,0.51102,0.55601,0.59778,0.63606,0.67314,0.70827,0.74233,0.77572,0.80612,0.83673,0.8613,0.88627,0.90347,0.92077,0.93171,0.94238,0.95048,0.95751,0.96439,0.96941,0.97496,0.97971,0.9827,0.98554,0.98723,0.98919,0.98989,0.99106,0.99069,0.99284,0.99221,0.99492,0.9946,0.99452,0.993
0.15533,0.18311,0.29479,0.38052,0.44168,0.49095,0.53236,0.56944,0.60246,0.63386,0.66286,0.69069,0.71717,0.74106,0.76418,0.78275,0.801,0.81476,0.82969,0.84239,0.85847,0.87276,0.89061,0.90327,0.91782,0.92747,0.93743,0.94435,0.95201,0.95544,0.96294,0.96493,0.97125,0.97264,0.977,0.97766,0.97937,0.97788,0.97325,0.96481
0.15022,0.17529,0.27494,0.35436,0.41591,0.46959,0.51823,0.565,0.60907,0.65182,0.69202,0.72823,0.7615,0.78712,0.80941,0.8237,0.83549,0.84395,0.85202,0.86195,0.87308,0.88599,0.90016,0.91266,0.92573,0.93521,0.94436,0.95198,0.95925,0.96395,0.97046,0.97344,0.9794,0.98178,0.98433,0.98507,0.98607,0.98442,0.98143,0.9742
0.15781,0.18344,0.27706,0.3486,0.40715,0.45944,0.50613,0.54902,0.58765,0.62368,0.65662,0.68595,0.71241,0.73246,0.74859,0.75751,0.76129,0.76321,0.76104,0.7654,0.76818,0.77775,0.78695,0.79971,0.81124,0.82341,0.83587,0.8458,0.85887,0.86799,0.87983,0.88823,0.89654,0.90188,0.90032,0.89453,0.894,0.87639,0.89178,0.86859
0.16177,0.18231,0.25724,0.31835,0.37359,0.42738,0.47883,0.5284,0.57469,0.61624,0.6531,0.67935,0.69792,0.70177,0.69448,0.67851,0.65044,0.62993,0.6005,0.5931,0.58356,0.59575,0.61254,0.63693,0.6706,0.69759,0.72302,0.75923,0.78282,0.81457,0.83197,0.85537,0.86726,0.87967,0.88647,0.88546,0.89029,0.8749,0.89055,0.86392
0.15576,0.17828,0.25638,0.31249,0.36042,0.4055,0.44641,0.48264,0.51208,0.53229,0.54121,0.53369,0.50697,0.46218,0.39131,0.31932,0.22398,0.15559,0.074954,0.031771,-0.011252,-0.031371,-0.040356,-0.050018,-0.037114,-0.048307,-0.060301,-0.045045,-0.050656,-0.036813,-0.016939,0.015481,0.036311,0.090889,0.053201,0.096112,0.013169,0.0089753,0.074075,0.10969
0.15576,0.17828,0.25638,0.31249,0.36042,0.4055,0.44641,0.48264,0.51208,0.53229,0.54121,0.53369,0.50697,0.46218,0.39131,0.31932,0.22398,0.15559,0.074954,0.031771,-0.011252,-0.031371,-0.040356,-0.050018,-0.037114,-0.048307,-0.060301,-0.045045,-0.050656,-0.036813,-0.016939,0.015481,0.036311,0.090889,0.053201,0.096112,0.013169,0.0089753,0.074075,0.10969
0.15576,0.17828,0.25638,0.31249,0.36042,0.4055,0.44641,0.48264,0.51208,0.53229,0.54121,0.53369,0.50697,0.46218,0.39131,0.31932,0.22398,0.15559,0.074954,0.031771,-0.011252,-0.031371,-0.040356,-0.050018,-0.037114,-0.048307,-0.060301,-0.045045,-0.050656,-0.036813,-0.016939,0.015481,0.036311,0.090889,0.053201,0.096112,0.013169,0.0089753,0.074075,0.10969
0.078728,0.10423,0.2085,0.28816,0.34518,0.39157,0.42797,0.45208,0.46046,0.44718,0.40816,0.34391,0.24957,0.15077,0.031187,-0.063113,-0.16612,-0.2361,-0.30802,-0.3599,-0.40958,-0.45621,-0.49494,-0.54609,-0.58539,-0.63179,-0.65294,-0.67547,-0.6804,-0.65922,-0.7083,-0.67021,-0.75186,-0.72059,-0.67572,-0.54527,-0.47183,-0.25147,-0.3885,-0.17675
0.078728,0.10423,0.2085,0.28816,0.34518,0.39157,0.42797,0.45208,0.46046,0.44718,0.40816,0.34391,0.24957,0.15077,0.031187,-0.063113,-0.16612,-0.2361,-0.30802,-0.3599,-0.40958,-0.45621,-0.49494,-0.54609,-0.58539,-0.63179,-0.65294,-0.67547,-0.6804,-0.65922,-0.7083,-0.67021,-0.75186,-0.72059,-0.67572,-0.54527,-0.47183,-0.25147,-0.3885,-0.17675
0.078728,0.10423,0.2085,0.28816,0.34518,0.39157,0.42797,0.45208,0.46046,0.44718,0.40816,0.34391,0.24957,0.15077,0.031187,-0.063113,-0.16612,-0.2361,-0.30802,-0.3599,-0.40958,-0.45621,-0.49494,-0.54609,-0.58539,-0.63179,-0.65294,-0.67547,-0.6804,-0.65922,-0.7083,-0.67021,-0.75186,-0.72059,-0.67572,-0.54527,-0.47183,-0.25147,-0.3885,-0.17675
0.097562,0.12208,0.20918,0.2646,0.29657,0.31169,0.30783,0.28072,0.22398,0.13688,0.013444,-0.11887,-0.26782,-0.38058,-0.48477,-0.54876,-0.6004,-0.63761,-0.66421,-0.69269,-0.71263,-0.73527,-0.7538,-0.76828,-0.78164,-0.78848,-0.7983,-0.79502,-0.81457,-0.80265,-0.81388,-0.77568,-0.73616,-0.60781,-0.66094,-0.49811,-0.75578,-0.66857,-0.59472,-0.42825
0.097562,0.12208,0.20918,0.2646,0.29657,0.31169,0.30783,0.28072,0.22398,0.13688,0.013444,-0.11887,-0.26782,-0.38058,-0.48477,-0.54876,-0.6004,-0.63761,-0.66421,-0.69269,-0.71263,-0.73527,-0.7538,-0.76828,-0.78164,-0.78848,-0.7983,-0.79502,-0.81457,-0.80265,-0.81388,-0.77568,-0.73616,-0.60781,-0.66094,-0.49811,-0.75578,-0.66857,-0.59472,-0.42825
0.10373,0.12066,0.17878,0.21963,0.249,0.26432,0.25694,0.2178,0.14061,0.02954,-0.11584,-0.26037,-0.41566,-0.53228,-0.6427,-0.71207,-0.7723,-0.8123,-0.84264,-0.87327,-0.89131,-0.91742,-0.93285,-0.93968,-0.94119,-0.93695,-0.95155,-0.93728,-0.9586,-0.94102,-0.93627,-0.87812,-0.85179,-0.70746,-0.77874,-0.60717,-0.88798,-0.80862,-0.58555,-0.40319
0.10373,0.12066,0.17878,0.21963,0.249,0.26432,0.25694,0.2178,0.14061,0.02954,-0.11584,-0.26037,-0.41566,-0.53228,-0.6427,-0.71207,-0.7723,-0.8123,-0.84264,-0.87327,-0.89131,-0.91742,-0.93285,-0.93968,-0.94119,-0.93695,-0.95155,-0.93728,-0.9586,-0.94102,-0.93627,-0.87812,-0.85179,-0.70746,-0.77874,-0.60717,-0.88798,-0.80862,-0.58555,-0.40319
0.10373,0.12066,0.17878,0.21963,0.249,0.26432,0.25694,0.2178,0.14061,0.02954,-0.11584,-0.26037,-0.41566,-0.53228,-0.6427,-0.71207,-0.7723,-0.8123,-0.84264,-0.87327,-0.89131,-0.91742,-0.93285,-0.93968,-0.94119,-0.93695,-0.95155,-0.93728,-0.9586,-0.94102,-0.93627,-0.87812,-0.85179,-0.70746,-0.77874,-0.60717,-0.88798,-0.80862,-0.58555,-0.40319
0.20857,0.2353,0.31629,0.36319,0.39893,0.42529,0.43631,0.42838,0.39784,0.35315,0.29201,0.24763,0.20954,0.20955,0.22926,0.26569,0.32096,0.36414,0.42391,0.46508,0.51468,0.56119,0.60715,0.59939,0.58119,0.60629,0.67819,0.64886,0.60096,0.53194,0.56057,0.47044,0.7225,0.66026,0.62583,0.63987,0.56216,0.55209,0.10676,-0.0068678
0.20857,0.2353,0.31629,0.36319,0.39893,0.42529,0.43631,0.42838,0.39784,0.35315,0.29201,0.24763,0.20954,0.20955,0.22926,0.26569,0.32096,0.36414,0.42391,0.46508,0.51468,0.56119,0.60715,0.59939,0.58119,0.60629,0.67819,0.64886,0.60096,0.53194,0.56057,0.47044,0.7225,0.66026,0.62583,0.63987,0.56216,0.55209,0.10676,-0.0068678
0.20857,0.2353,0.31629,0.36319,0.39893,0.42529,0.43631,0.42838,0.39784,0.35315,0.29201,0.24763,0.20954,0.20955,0.22926,0.26569,0.32096,0.36414,0.42391,0.46508,0.51468,0.56119,0.60715,0.59939,0.58119,0.60629,0.67819,0.64886,0.60096,0.53194,0.56057,0.47044,0.7225,0.66026,0.62583,0.63987,0.56216,0.55209,0.10676,-0.0068678
0.21146,0.23232,0.30386,0.36407,0.41764,0.46115,0.48823,0.49529,0.4826,0.46592,0.44567,0.45711,0.48802,0.5525,0.6345,0.71137,0.77875,0.84538,0.88636,0.90413,0.88832,0.93947,0.91696,0.89483,0.79919,0.83359,0.92929,0.85269,0.71878,0.61179,0.82916,0.72133,0.5118,0.42687,0.57271,0.57801,0.60882,0.6081,0.31228,0.32403
