0.03094,0.036479,0.062437,0.086874,0.10751,0.12693,0.14529,0.16342,0.18045,0.1979,0.21402,0.23105,0.24643,0.263,0.2776,0.2935,0.30718,0.32221,0.33487,0.34891,0.36054,0.37365,0.38437,0.39668,0.40663,0.4183,0.42949,0.43882,0.44958,0.45847,0.46887,0.4774,0.48749,0.49572,0.50554,0.5135,0.52306,0.53077,0.54008,0.54755
0.061335,0.071995,0.12107,0.16604,0.20344,0.2382,0.27031,0.30097,0.32856,0.35526,0.37862,0.40197,0.42215,0.44331,0.46143,0.48117,0.49788,0.51652,0.53209,0.5497,0.56424,0.58084,0.59441,0.61003,0.62272,0.63741,0.65135,0.66309,0.67619,0.68717,0.69947,0.70974,0.72125,0.73084,0.74158,0.75052,0.7605,0.7688,0.77803,0.78571
0.089138,0.10394,0.16791,0.22305,0.26902,0.31103,0.34839,0.38272,0.41287,0.44209,0.46777,0.49384,0.5165,0.54022,0.56056,0.58231,0.60075,0.6208,0.63763,0.65614,0.67155,0.6886,0.7027,0.71827,0.73111,0.74519,0.75818,0.76932,0.78079,0.79065,0.80057,0.80916,0.81757,0.82492,0.83191,0.8381,0.8438,0.84893,0.85355,0.85776
0.12031,0.14046,0.22843,0.30159,0.35727,0.40512,0.44697,0.48605,0.52099,0.55506,0.585,0.61483,0.64061,0.66692,0.68943,0.71281,0.73262,0.75327,0.77063,0.78849,0.80343,0.8184,0.83092,0.84293,0.85303,0.8622,0.86989,0.87663,0.88209,0.88694,0.8907,0.89407,0.89665,0.89896,0.90084,0.90246,0.90397,0.90521,0.90661,0.90768
0.14179,0.16463,0.26422,0.3497,0.41642,0.47369,0.52299,0.56746,0.60584,0.64182,0.67281,0.70293,0.72879,0.75438,0.77614,0.79755,0.81556,0.83277,0.84712,0.8601,0.8709,0.88,0.88759,0.89356,0.89858,0.90241,0.90556,0.90821,0.91047,0.91231,0.91418,0.91565,0.9174,0.91874,0.92052,0.92186,0.92371,0.92512,0.92703,0.92852
0.14775,0.17053,0.26108,0.32696,0.3753,0.41744,0.45502,0.49045,0.52235,0.55338,0.58088,0.60772,0.63102,0.65342,0.67262,0.69053,0.70587,0.71975,0.73184,0.74276,0.75259,0.76194,0.77064,0.77958,0.78807,0.79731,0.80672,0.81588,0.82574,0.83535,0.84546,0.85533,0.86538,0.87524,0.88486,0.89438,0.90329,0.91218,0.92015,0.92816
0.16957,0.19801,0.31549,0.40278,0.46801,0.52514,0.57471,0.61926,0.6579,0.6938,0.72464,0.75307,0.77701,0.79823,0.81586,0.83077,0.84324,0.85378,0.86287,0.87115,0.87853,0.88597,0.89269,0.89985,0.9063,0.91321,0.9198,0.92588,0.93196,0.93757,0.943,0.94802,0.95276,0.95712,0.96117,0.96488,0.96834,0.97145,0.97435,0.97693
0.18942,0.21634,0.31855,0.38833,0.4384,0.48207,0.52092,0.55668,0.58813,0.61668,0.64084,0.6614,0.67809,0.69076,0.70087,0.70796,0.71405,0.71906,0.72411,0.7298,0.73597,0.74366,0.75201,0.76189,0.77258,0.78411,0.79594,0.80905,0.82125,0.83491,0.84662,0.85985,0.87044,0.88249,0.89155,0.90197,0.90933,0.91797,0.92391,0.93094
0.18022,0.20803,0.31604,0.39048,0.44408,0.49075,0.53179,0.5682,0.59905,0.62541,0.64713,0.66485,0.67967,0.69192,0.70318,0.71394,0.72496,0.737,0.74986,0.76425,0.77968,0.79626,0.81404,0.83183,0.85097,0.86847,0.88515,0.90291,0.91718,0.93225,0.94327,0.95489,0.96251,0.97066,0.97554,0.98078,0.98377,0.98679,0.98874,0.99016
0.21015,0.23855,0.3489,0.43257,0.49704,0.55245,0.59987,0.64088,0.67509,0.70335,0.72615,0.74403,0.75895,0.77193,0.78415,0.79696,0.80993,0.82409,0.83856,0.85339,0.86855,0.88268,0.89719,0.90943,0.92209,0.93186,0.94056,0.94936,0.95569,0.96216,0.96669,0.9713,0.97458,0.97783,0.98027,0.98249,0.98444,0.98584,0.98792,0.98891
0.13606,0.15131,0.21018,0.2596,0.30183,0.33896,0.3693,0.39194,0.40729,0.41541,0.41922,0.41935,0.41882,0.41892,0.42064,0.42606,0.43447,0.44818,0.46643,0.49001,0.52035,0.55368,0.59609,0.63581,0.68549,0.72461,0.76173,0.80371,0.83207,0.86246,0.88205,0.90056,0.9154,0.92493,0.93941,0.94409,0.95907,0.9624,0.97308,0.97533
0.22728,0.25906,0.38051,0.46516,0.52718,0.58116,0.62805,0.66792,0.70044,0.72655,0.74824,0.76757,0.78582,0.80482,0.82386,0.84388,0.86373,0.88314,0.90198,0.91862,0.93444,0.94701,0.95874,0.96718,0.97503,0.98003,0.98406,0.98768,0.99015,0.99218,0.9938,0.99488,0.99607,0.99663,0.99755,0.99785,0.99804,0.99792,0.99791,0.9973
0.21661,0.24703,0.36158,0.43621,0.48682,0.52732,0.55905,0.58206,0.59805,0.60842,0.6167,0.62529,0.63611,0.65095,0.67035,0.69374,0.72288,0.75263,0.78821,0.81877,0.85376,0.87906,0.90659,0.92379,0.94151,0.95193,0.96121,0.96763,0.97414,0.97625,0.98312,0.98379,0.99057,0.99175,0.99362,0.99342,0.99003,0.98477,0.98344,0.9727
0.25062,0.27459,0.35615,0.40408,0.42885,0.43852,0.43646,0.42355,0.40365,0.37728,0.34832,0.31733,0.28549,0.25377,0.22093,0.18865,0.1542,0.12056,0.083332,0.047913,0.0070145,-0.030007,-0.07518,-0.11304,-0.16238,-0.20041,-0.24029,-0.29182,-0.33227,-0.38589,-0.4207,-0.46987,-0.49119,-0.51996,-0.53643,-0.53461,-0.56112,-0.52979,-0.56281,-0.50191
0.28642,0.32619,0.47039,0.55591,0.60917,0.64718,0.67337,0.69028,0.70232,0.71324,0.72521,0.73996,0.7569,0.77511,0.79436,0.81183,0.82916,0.84325,0.85678,0.86744,0.87766,0.8862,0.89457,0.90173,0.90909,0.91557,0.92211,0.9289,0.93418,0.94046,0.94286,0.94621,0.9464,0.9438,0.95021,0.94493,0.95752,0.95408,0.94755,0.93085
0.20969,0.23627,0.32797,0.38135,0.41623,0.44086,0.45683,0.46666,0.47442,0.4846,0.49866,0.52025,0.54798,0.58345,0.62508,0.66948,0.71765,0.76018,0.80374,0.83613,0.86898,0.89077,0.91314,0.92795,0.94249,0.95324,0.96146,0.96876,0.97306,0.97602,0.97918,0.97855,0.97996,0.97417,0.97746,0.96593,0.98383,0.97577,0.98789,0.97952
0.16735,0.18299,0.22885,0.24529,0.24418,0.22739,0.19616,0.15244,0.1,0.041936,-0.02363,-0.090571,-0.16918,-0.24444,-0.33745,-0.41783,-0.51585,-0.58997,-0.66734,-0.72393,-0.76218,-0.80626,-0.8073,-0.86848,-0.861,-0.93261,-0.92565,-0.8985,-0.87244,-0.78574,-0.88145,-0.80817,-0.92005,-0.87213,-0.68933,-0.53721,-0.4988,-0.34649,-0.4559,-0.31906
0.28238,0.2992,0.34891,0.37207,0.37571,0.36247,0.33606,0.3005,0.25997,0.21695,0.17069,0.12263,0.068032,0.010987,-0.059172,-0.1286,-0.2191,-0.29711,-0.39602,-0.47376,-0.5548,-0.6349,-0.68859,-0.76058,-0.78016,-0.85269,-0.89089,-0.88054,-0.84549,-0.75436,-0.83531,-0.73311,-0.95832,-0.93969,-0.71423,-0.55325,-0.48661,-0.32427,-0.41463,-0.26873
0.15106,0.15289,0.1403,0.10127,0.038863,-0.046043,-0.14749,-0.25875,-0.37342,-0.48113,-0.58197,-0.6642,-0.73591,-0.78822,-0.83256,-0.86338,-0.89048,-0.90925,-0.92686,-0.93944,-0.9515,-0.96013,-0.96881,-0.97127,-0.97416,-0.97515,-0.98029,-0.97832,-0.98223,-0.97552,-0.98071,-0.96651,-0.97448,-0.949,-0.94973,-0.90225,-0.96166,-0.9298,-0.90749,-0.84481
0.15106,0.15289,0.1403,0.10127,0.038863,-0.046043,-0.14749,-0.25875,-0.37342,-0.48113,-0.58197,-0.6642,-0.73591,-0.78822,-0.83256,-0.86338,-0.89048,-0.90925,-0.92686,-0.93944,-0.9515,-0.96013,-0.96881,-0.97127,-0.97416,-0.97515,-0.98029,-0.97832,-0.98223,-0.97552,-0.98071,-0.96651,-0.97448,-0.949,-0.94973,-0.90225,-0.96166,-0.9298,-0.90749,-0.84481
0.22354,0.24203,0.3056,0.34249,0.35006,0.33334,0.30293,0.26985,0.23882,0.21523,0.19697,0.18392,0.17159,0.15687,0.13656,0.11381,0.082609,0.054677,0.015666,-0.013797,-0.056698,-0.08186,-0.11673,-0.12659,-0.12143,-0.15646,-0.18982,-0.14797,-0.12831,-0.042001,-0.15099,-0.064082,-0.29047,-0.20751,0.019075,0.092039,0.062633,0.12856,0.16006,0.2825
-0.10005,-0.098759,-0.10724,-0.13606,-0.18247,-0.23909,-0.29838,-0.35282,-0.40162,-0.43722,-0.46455,-0.47606,-0.47931,-0.4729,-0.4597,-0.44979,-0.43408,-0.43294,-0.42848,-0.43432,-0.43887,-0.44572,-0.43616,-0.44971,-0.41035,-0.4735,-0.54358,-0.45178,-0.3782,-0.21695,-0.465,-0.36585,-0.31114,-0.28989,-0.13365,-0.10502,-0.057762,-0.0080483,-0.021216,-0.0096814
-0.10005,-0.098759,-0.10724,-0.13606,-0.18247,-0.23909,-0.29838,-0.35282,-0.40162,-0.43722,-0.46455,-0.47606,-0.47931,-0.4729,-0.4597,-0.44979,-0.43408,-0.43294,-0.42848,-0.43432,-0.43887,-0.44572,-0.43616,-0.44971,-0.41035,-0.4735,-0.54358,-0.45178,-0.3782,-0.21695,-0.465,-0.36585,-0.31114,-0.28989,-0.13365,-0.10502,-0.057762,-0.0080483,-0.021216,-0.0096814
-0.10005,-0.098759,-0.10724,-0.13606,-0.18247,-0.23909,-0.29838,-0.35282,-0.40162,-0.43722,-0.46455,-0.47606,-0.47931,-0.4729,-0.4597,-0.44979,-0.43408,-0.43294,-0.42848,-0.43432,-0.43887,-0.44572,-0.43616,-0.44971,-0.41035,-0.4735,-0.54358,-0.45178,-0.3782,-0.21695,-0.465,-0.36585,-0.31114,-0.28989,-0.13365,-0.10502,-0.057762,-0.0080483,-0.021216,-0.0096814
-0.17664,-0.19614,-0.29631,-0.40852,-0.5212,-0.63049,-0.72836,-0.80619,-0.86499,-0.90362,-0.92973,-0.94619,-0.95709,-0.96497,-0.97049,-0.97495,-0.97844,-0.98095,-0.98277,-0.98353,-0.98092,-0.987,-0.98543,-0.97966,-0.95883,-0.96555,-0.9928,-0.98866,-0.91707,-0.83328,-0.89121,-0.82741,-0.7923,-0.72823,-0.19257,-0.15565,-0.1947,-0.30648,-0.55788,-0.58898
-0.17664,-0.19614,-0.29631,-0.40852,-0.5212,-0.63049,-0.72836,-0.80619,-0.86499,-0.90362,-0.92973,-0.94619,-0.95709,-0.96497,-0.97049,-0.97495,-0.97844,-0.98095,-0.98277,-0.98353,-0.98092,-0.987,-0.98543,-0.97966,-0.95883,-0.96555,-0.9928,-0.98866,-0.91707,-0.83328,-0.89121,-0.82741,-0.7923,-0.72823,-0.19257,-0.15565,-0.1947,-0.30648,-0.55788,-0.58898
-0.12797,-0.15353,-0.27117,-0.39497,-0.51487,-0.62848,-0.73098,-0.81663,-0.88547,-0.93234,-0.96418,-0.98115,-0.99058,-0.99567,-0.99763,-0.99914,-0.99928,-0.99934,-0.99826,-0.99805,-0.99427,-0.99936,-0.9979,-0.98997,-0.96901,-0.98144,-0.99076,-0.97747,-0.94781,-0.89149,-0.86268,-0.77291,-0.89622,-0.83323,-0.023444,0.052043,-0.1651,-0.28594,-0.74952,-0.76808
-0.12797,-0.15353,-0.27117,-0.39497,-0.51487,-0.62848,-0.73098,-0.81663,-0.88547,-0.93234,-0.96418,-0.98115,-0.99058,-0.99567,-0.99763,-0.99914,-0.99928,-0.99934,-0.99826,-0.99805,-0.99427,-0.99936,-0.9979,-0.98997,-0.96901,-0.98144,-0.99076,-0.97747,-0.94781,-0.89149,-0.86268,-0.77291,-0.89622,-0.83323,-0.023444,0.052043,-0.1651,-0.28594,-0.74952,-0.76808
0.0072371,0.0089265,-0.0054579,-0.061658,-0.14618,-0.24333,-0.34221,-0.42252,-0.4755,-0.49435,-0.4817,-0.46078,-0.41797,-0.38696,-0.3407,-0.30679,-0.26294,-0.25216,-0.25511,-0.1508,-0.1113,-0.061736,-0.02883,0.077788,0.078878,-0.078581,-0.15927,-0.22544,0.39903,0.42237,-0.076319,-0.095253,-0.197,-0.19231,-0.074355,-0.073423,0.025516,0.036681,0.095342,0.080165
0.0072371,0.0089265,-0.0054579,-0.061658,-0.14618,-0.24333,-0.34221,-0.42252,-0.4755,-0.49435,-0.4817,-0.46078,-0.41797,-0.38696,-0.3407,-0.30679,-0.26294,-0.25216,-0.25511,-0.1508,-0.1113,-0.061736,-0.02883,0.077788,0.078878,-0.078581,-0.15927,-0.22544,0.39903,0.42237,-0.076319,-0.095253,-0.197,-0.19231,-0.074355,-0.073423,0.025516,0.036681,0.095342,0.080165
0.0072371,0.0089265,-0.0054579,-0.061658,-0.14618,-0.24333,-0.34221,-0.42252,-0.4755,-0.49435,-0.4817,-0.46078,-0.41797,-0.38696,-0.3407,-0.30679,-0.26294,-0.25216,-0.25511,-0.1508,-0.1113,-0.061736,-0.02883,0.077788,0.078878,-0.078581,-0.15927,-0.22544,0.39903,0.42237,-0.076319,-0.095253,-0.197,-0.19231,-0.074355,-0.073423,0.025516,0.036681,0.095342,0.080165
0.0072371,0.0089265,-0.0054579,-0.061658,-0.14618,-0.24333,-0.34221,-0.42252,-0.4755,-0.49435,-0.4817,-0.46078,-0.41797,-0.38696,-0.3407,-0.30679,-0.26294,-0.25216,-0.25511,-0.1508,-0.1113,-0.061736,-0.02883,0.077788,0.078878,-0.078581,-0.15927,-0.22544,0.39903,0.42237,-0.076319,-0.095253,-0.197,-0.19231,-0.074355,-0.073423,0.025516,0.036681,0.095342,0.080165
0.0072371,0.0089265,-0.0054579,-0.061658,-0.14618,-0.24333,-0.34221,-0.42252,-0.4755,-0.49435,-0.4817,-0.46078,-0.41797,-0.38696,-0.3407,-0.30679,-0.26294,-0.25216,-0.25511,-0.1508,-0.1113,-0.061736,-0.02883,0.077788,0.078878,-0.078581,-0.15927,-0.22544,0.39903,0.42237,-0.076319,-0.095253,-0.197,-0.19231,-0.074355,-0.073423,0.025516,0.036681,0.095342,0.080165
0.0072371,0.0089265,-0.0054579,-0.061658,-0.14618,-0.24333,-0.34221,-0.42252,-0.4755,-0.49435,-0.4817,-0.46078,-0.41797,-0.38696,-0.3407,-0.30679,-0.26294,-0.25216,-0.25511,-0.1508,-0.1113,-0.061736,-0.02883,0.077788,0.078878,-0.078581,-0.15927,-0.22544,0.39903,0.42237,-0.076319,-0.095253,-0.197,-0.19231,-0.074355,-0.073423,0.025516,0.036681,0.095342,0.080165
0.0072371,0.0089265,-0.0054579,-0.061658,-0.14618,-0.24333,-0.34221,-0.42252,-0.4755,-0.49435,-0.4817,-0.46078,-0.41797,-0.38696,-0.3407,-0.30679,-0.26294,-0.25216,-0.25511,-0.1508,-0.1113,-0.061736,-0.02883,0.077788,0.078878,-0.078581,-0.15927,-0.22544,0.39903,0.42237,-0.076319,-0.095253,-0.197,-0.19231,-0.074355,-0.073423,0.025516,0.036681,0.095342,0.080165
0.29442,0.30165,0.32033,0.30043,0.2577,0.21277,0.17004,0.13269,0.09944,0.07426,0.052671,0.0362,0.023005,0.0064036,0.0050036,-0.010425,0.0065245,-0.047979,-0.01559,0.029779,0.065327,0.033116,0.063429,0.064359,0.10347,0.15411,0.10747,0.1631,0.60946,0.63716,0.41428,0.35982,0.26804,0.26077,0.23028,0.22883,0.39034,0.39407,0.52705,0.51294
-0.05292,-0.12243,-0.41595,-0.65799,-0.80888,-0.89285,-0.9366,-0.95949,-0.9733,-0.98171,-0.98784,-0.99154,-0.99323,-0.996,-0.99417,-0.99701,-0.98764,-0.99776,-0.98869,-0.92787,-0.81045,-0.76751,-0.42585,0.25137,-0.18065,-0.58927,-0.49132,-0.51316,0.21392,0.27263,-0.23533,-0.27665,-0.74725,-0.74863,-0.61666,-0.61206,0.61827,0.62917,-0.46718,-0.48521
-0.05292,-0.12243,-0.41595,-0.65799,-0.80888,-0.89285,-0.9366,-0.95949,-0.9733,-0.98171,-0.98784,-0.99154,-0.99323,-0.996,-0.99417,-0.99701,-0.98764,-0.99776,-0.98869,-0.92787,-0.81045,-0.76751,-0.42585,0.25137,-0.18065,-0.58927,-0.49132,-0.51316,0.21392,0.27263,-0.23533,-0.27665,-0.74725,-0.74863,-0.61666,-0.61206,0.61827,0.62917,-0.46718,-0.48521
-0.05292,-0.12243,-0.41595,-0.65799,-0.80888,-0.89285,-0.9366,-0.95949,-0.9733,-0.98171,-0.98784,-0.99154,-0.99323,-0.996,-0.99417,-0.99701,-0.98764,-0.99776,-0.98869,-0.92787,-0.81045,-0.76751,-0.42585,0.25137,-0.18065,-0.58927,-0.49132,-0.51316,0.21392,0.27263,-0.23533,-0.27665,-0.74725,-0.74863,-0.61666,-0.61206,0.61827,0.62917,-0.46718,-0.48521
-0.05292,-0.12243,-0.41595,-0.65799,-0.80888,-0.89285,-0.9366,-0.95949,-0.9733,-0.98171,-0.98784,-0.99154,-0.99323,-0.996,-0.99417,-0.99701,-0.98764,-0.99776,-0.98869,-0.92787,-0.81045,-0.76751,-0.42585,0.25137,-0.18065,-0.58927,-0.49132,-0.51316,0.21392,0.27263,-0.23533,-0.27665,-0.74725,-0.74863,-0.61666,-0.61206,0.61827,0.62917,-0.46718,-0.48521
