0.0070101,0.0082646,0.014104,0.019477,0.024005,0.028387,0.032672,0.037051,0.041283,0.045718,0.049892,0.054342,0.058421,0.062852,0.066823,0.07123,0.075109,0.079509,0.083322,0.087737,0.091509,0.095955,0.099706,0.10419,0.10793,0.11246,0.11693,0.12076,0.12526,0.12908,0.13359,0.13739,0.14189,0.14566,0.15013,0.15385,0.15828,0.16193,0.1663,0.16988
0.01398,0.016305,0.02678,0.036605,0.045428,0.054223,0.062855,0.071574,0.0799,0.08853,0.096618,0.10528,0.11324,0.12197,0.12982,0.13856,0.14624,0.15486,0.16228,0.17068,0.17777,0.18589,0.19262,0.20046,0.20687,0.21446,0.22184,0.22803,0.23527,0.24128,0.24844,0.25432,0.26143,0.26723,0.27433,0.28006,0.28716,0.29285,0.29996,0.30561
0.018658,0.022008,0.037759,0.052906,0.066137,0.078982,0.09148,0.10423,0.11657,0.12952,0.14169,0.15456,0.16621,0.17857,0.18941,0.20113,0.21117,0.22235,0.23178,0.24265,0.25168,0.26239,0.27117,0.28182,0.29045,0.30106,0.31146,0.32016,0.33052,0.33912,0.34944,0.35793,0.36821,0.3766,0.38682,0.39513,0.40528,0.41351,0.4236,0.43174
0.024706,0.029153,0.049969,0.069518,0.08642,0.10305,0.11938,0.13594,0.1517,0.16777,0.18244,0.19762,0.21108,0.2255,0.23807,0.25211,0.26417,0.27811,0.2899,0.30385,0.31548,0.32941,0.34089,0.35479,0.36611,0.37992,0.39338,0.40476,0.41807,0.42926,0.44238,0.45336,0.46623,0.47697,0.48952,0.5,0.51213,0.52228,0.53389,0.54366
0.03037,0.035848,0.061375,0.085316,0.10624,0.12706,0.14749,0.16777,0.18649,0.20502,0.22162,0.23887,0.25417,0.2709,0.28553,0.30208,0.31631,0.33274,0.34663,0.36291,0.3765,0.39261,0.40593,0.42182,0.43487,0.45046,0.46553,0.47841,0.49299,0.50544,0.51935,0.53126,0.54432,0.55556,0.56757,0.57803,0.58882,0.59838,0.60784,0.61641
0.037065,0.043756,0.074179,0.10243,0.12778,0.15271,0.17629,0.19897,0.21959,0.24036,0.25923,0.2794,0.2975,0.3175,0.33507,0.35487,0.37194,0.39146,0.40806,0.42723,0.44339,0.46209,0.47775,0.49575,0.51079,0.52777,0.54368,0.55762,0.57202,0.58474,0.59735,0.60867,0.61928,0.62905,0.6376,0.64574,0.65224,0.65875,0.66327,0.66818
0.047421,0.055432,0.091358,0.12437,0.15295,0.17942,0.20308,0.22541,0.24572,0.26661,0.28568,0.30623,0.32465,0.34507,0.36304,0.38335,0.40096,0.42101,0.4382,0.45765,0.47419,0.49254,0.5081,0.52477,0.53898,0.55341,0.56613,0.57765,0.58762,0.59695,0.60407,0.61112,0.61544,0.62023,0.62198,0.62463,0.6241,0.6248,0.62238,0.62136
0.048012,0.0563,0.094199,0.12976,0.1608,0.19016,0.21722,0.24342,0.26765,0.29256,0.31534,0.33945,0.36094,0.38401,0.40418,0.42596,0.44475,0.46489,0.4821,0.5,0.5153,0.5303,0.54325,0.55479,0.56506,0.57287,0.57863,0.58439,0.58673,0.58965,0.58892,0.58925,0.58595,0.58399,0.57862,0.57473,0.56778,0.56232,0.55425,0.54753
0.06247,0.072378,0.11568,0.15474,0.18763,0.21808,0.24647,0.27479,0.30142,0.32904,0.35435,0.38106,0.40495,0.43044,0.45283,0.47653,0.49707,0.51803,0.53611,0.55331,0.56828,0.58098,0.59237,0.60033,0.60798,0.61144,0.61287,0.61498,0.61295,0.61204,0.60727,0.60385,0.59704,0.59163,0.58346,0.57658,0.56762,0.55973,0.55052,0.54207
0.060827,0.071476,0.12023,0.16453,0.20049,0.23342,0.26414,0.29471,0.32332,0.35289,0.38007,0.40893,0.43498,0.46277,0.48738,0.51294,0.53525,0.55708,0.57606,0.59294,0.60782,0.61922,0.62966,0.63574,0.64186,0.64328,0.64289,0.64315,0.63957,0.63687,0.63096,0.62597,0.61852,0.61186,0.6036,0.59587,0.58745,0.57923,0.5712,0.56304
0.072476,0.084039,0.13371,0.17563,0.2096,0.24191,0.27302,0.3042,0.33326,0.36248,0.38881,0.41543,0.43889,0.4621,0.48215,0.50052,0.5162,0.52833,0.53881,0.54414,0.54916,0.54818,0.54811,0.54197,0.53758,0.52765,0.51685,0.50742,0.49471,0.48326,0.46962,0.45693,0.44319,0.42997,0.41681,0.4037,0.39165,0.3792,0.36864,0.35726
0.071879,0.084697,0.1436,0.19646,0.23876,0.27801,0.31526,0.35227,0.38667,0.42107,0.45213,0.48297,0.51011,0.53568,0.55771,0.57619,0.59198,0.60256,0.61173,0.61488,0.61789,0.61493,0.61272,0.60523,0.59892,0.58843,0.57752,0.56701,0.55504,0.54322,0.53127,0.5191,0.50803,0.49637,0.48683,0.47637,0.46878,0.46001,0.45442,0.44755
0.068515,0.081263,0.14023,0.19059,0.22956,0.26542,0.29846,0.33025,0.35929,0.38813,0.41408,0.4392,0.46101,0.4799,0.49573,0.50629,0.51495,0.51683,0.51832,0.51272,0.50797,0.49681,0.48718,0.47239,0.45925,0.44252,0.42604,0.40988,0.39339,0.37676,0.36123,0.34508,0.33124,0.3163,0.30454,0.29131,0.28169,0.27038,0.2626,0.25311
0.08493,0.10009,0.16764,0.22331,0.26684,0.30821,0.34768,0.38663,0.42271,0.45804,0.48959,0.51864,0.54356,0.56334,0.57984,0.58925,0.597,0.59713,0.59719,0.59041,0.58459,0.57355,0.56385,0.55092,0.5392,0.52639,0.5147,0.50317,0.49348,0.48371,0.47682,0.46966,0.4658,0.46166,0.46048,0.45925,0.45988,0.4609,0.46207,0.46424
0.090946,0.10624,0.17087,0.22401,0.26684,0.3065,0.34365,0.38036,0.41464,0.4478,0.47709,0.50209,0.5227,0.53547,0.54519,0.54527,0.54457,0.53479,0.52596,0.50998,0.4957,0.47669,0.45933,0.43977,0.42134,0.4031,0.38649,0.36962,0.35583,0.34134,0.33082,0.31928,0.31196,0.30349,0.29867,0.29289,0.28948,0.28557,0.28263,0.27962
0.091976,0.10759,0.17656,0.23512,0.2822,0.32693,0.36923,0.41001,0.44692,0.48109,0.51049,0.53455,0.5541,0.56601,0.57493,0.57558,0.57506,0.56715,0.55932,0.54592,0.53304,0.51687,0.5011,0.48448,0.4678,0.45253,0.43869,0.42399,0.41277,0.40054,0.39194,0.38231,0.37552,0.36791,0.36159,0.35487,0.34797,0.34102,0.33297,0.32502
0.097355,0.11298,0.17664,0.22909,0.2736,0.31597,0.35591,0.39451,0.42966,0.46144,0.48825,0.50771,0.52246,0.52721,0.52936,0.52181,0.51378,0.49821,0.48328,0.46367,0.44488,0.42445,0.40441,0.38548,0.36632,0.35039,0.33625,0.32119,0.3102,0.29815,0.28948,0.27984,0.2721,0.26375,0.25578,0.24758,0.23878,0.22996,0.21998,0.2102
0.096982,0.11351,0.1865,0.25041,0.30121,0.34522,0.3837,0.4182,0.44775,0.47095,0.48877,0.49689,0.50124,0.49495,0.48744,0.47097,0.45523,0.43373,0.41359,0.39125,0.36998,0.34977,0.32992,0.31364,0.29698,0.28533,0.27556,0.26527,0.25874,0.25184,0.24681,0.24182,0.2366,0.23181,0.22532,0.21948,0.2111,0.2036,0.19326,0.18392
0.10878,0.12653,0.19973,0.26119,0.31379,0.3634,0.40911,0.45091,0.48689,0.51516,0.53679,0.54707,0.55275,0.54716,0.53985,0.52419,0.50867,0.48871,0.46953,0.44976,0.43059,0.41382,0.39713,0.38453,0.37147,0.36257,0.35439,0.34597,0.33862,0.33124,0.3232,0.31532,0.3058,0.29653,0.28519,0.27415,0.26108,0.24817,0.23367,0.21882
0.1106,0.12944,0.21287,0.28296,0.33606,0.38048,0.41711,0.44467,0.46377,0.46964,0.46907,0.45503,0.43853,0.41198,0.3858,0.3542,0.32382,0.2925,0.26192,0.23417,0.20611,0.18357,0.15959,0.14245,0.12308,0.11024,0.097994,0.084677,0.074165,0.063117,0.05321,0.043437,0.033329,0.024064,0.013414,0.0040372,-0.0070238,-0.016992,-0.028104,-0.039
0.11722,0.13781,0.22227,0.28437,0.32828,0.36393,0.39298,0.41419,0.42818,0.43008,0.42648,0.41054,0.39271,0.36574,0.33924,0.30776,0.2772,0.24567,0.21436,0.18558,0.15583,0.13133,0.10469,0.08487,0.062127,0.046341,0.031105,0.014498,0.0013373,-0.01242,-0.024437,-0.03618,-0.047907,-0.058524,-0.070541,-0.08092,-0.093277,-0.10417,-0.11651,-0.12843
0.14054,0.15818,0.22417,0.27581,0.31828,0.35502,0.38484,0.40466,0.41569,0.41184,0.40212,0.37862,0.35418,0.32165,0.29079,0.25794,0.22688,0.19858,0.17102,0.14913,0.1267,0.11087,0.093556,0.081803,0.068322,0.057928,0.046593,0.035232,0.022865,0.011049,-0.0028473,-0.01577,-0.031037,-0.045422,-0.061509,-0.077605,-0.093716,-0.11162,-0.12677,-0.14617
0.12011,0.14083,0.23029,0.30134,0.35014,0.3864,0.41178,0.42296,0.4233,0.40838,0.38735,0.35601,0.3229,0.28558,0.24818,0.21213,0.17592,0.14533,0.11371,0.089761,0.063756,0.044695,0.02302,0.0054955,-0.014462,-0.033143,-0.053586,-0.074584,-0.097194,-0.12,-0.14423,-0.16908,-0.19398,-0.221,-0.24535,-0.27434,-0.29686,-0.32685,-0.3482,-0.37843
0.11975,0.14028,0.22848,0.30472,0.36419,0.41009,0.44224,0.45792,0.46164,0.44967,0.43146,0.40297,0.37237,0.33714,0.30117,0.26577,0.22949,0.19824,0.16536,0.14022,0.11271,0.092969,0.07068,0.053832,0.035061,0.01895,0.0018316,-0.014787,-0.032655,-0.049575,-0.068286,-0.086455,-0.1055,-0.12555,-0.14385,-0.16582,-0.18202,-0.20493,-0.21979,-0.2428
0.11975,0.14028,0.22848,0.30472,0.36419,0.41009,0.44224,0.45792,0.46164,0.44967,0.43146,0.40297,0.37237,0.33714,0.30117,0.26577,0.22949,0.19824,0.16536,0.14022,0.11271,0.092969,0.07068,0.053832,0.035061,0.01895,0.0018316,-0.014787,-0.032655,-0.049575,-0.068286,-0.086455,-0.1055,-0.12555,-0.14385,-0.16582,-0.18202,-0.20493,-0.21979,-0.2428
0.13604,0.15877,0.2523,0.32232,0.37417,0.41622,0.4472,0.46155,0.46364,0.44819,0.42666,0.39517,0.36286,0.32896,0.29615,0.26767,0.24019,0.2196,0.19921,0.18457,0.16951,0.15653,0.14321,0.12892,0.11476,0.098074,0.080374,0.06306,0.044008,0.024176,0.0049334,-0.017453,-0.035484,-0.059782,-0.076461,-0.10185,-0.11822,-0.14445,-0.16017,-0.18711
0.13604,0.15877,0.2523,0.32232,0.37417,0.41622,0.4472,0.46155,0.46364,0.44819,0.42666,0.39517,0.36286,0.32896,0.29615,0.26767,0.24019,0.2196,0.19921,0.18457,0.16951,0.15653,0.14321,0.12892,0.11476,0.098074,0.080374,0.06306,0.044008,0.024176,0.0049334,-0.017453,-0.035484,-0.059782,-0.076461,-0.10185,-0.11822,-0.14445,-0.16017,-0.18711
0.15868,0.18361,0.2822,0.35856,0.41567,0.45608,0.47896,0.48096,0.47011,0.44504,0.41521,0.38071,0.34579,0.31406,0.28325,0.2605,0.23874,0.22561,0.21331,0.20575,0.19902,0.19191,0.18581,0.17586,0.16749,0.15468,0.14225,0.12952,0.11752,0.10302,0.092717,0.077809,0.067455,0.052196,0.041841,0.025957,0.016458,0.00011537,-0.0048633,-0.017859
0.15868,0.18361,0.2822,0.35856,0.41567,0.45608,0.47896,0.48096,0.47011,0.44504,0.41521,0.38071,0.34579,0.31406,0.28325,0.2605,0.23874,0.22561,0.21331,0.20575,0.19902,0.19191,0.18581,0.17586,0.16749,0.15468,0.14225,0.12952,0.11752,0.10302,0.092717,0.077809,0.067455,0.052196,0.041841,0.025957,0.016458,0.00011537,-0.0048633,-0.017859
0.15868,0.18361,0.2822,0.35856,0.41567,0.45608,0.47896,0.48096,0.47011,0.44504,0.41521,0.38071,0.34579,0.31406,0.28325,0.2605,0.23874,0.22561,0.21331,0.20575,0.19902,0.19191,0.18581,0.17586,0.16749,0.15468,0.14225,0.12952,0.11752,0.10302,0.092717,0.077809,0.067455,0.052196,0.041841,0.025957,0.016458,0.00011537,-0.0048633,-0.017859
0.1987,0.22909,0.35146,0.44709,0.51623,0.56249,0.58691,0.58659,0.57303,0.54697,0.51923,0.4928,0.47058,0.45677,0.44849,0.44741,0.45095,0.45414,0.46001,0.45912,0.45899,0.45099,0.44266,0.42887,0.41336,0.3984,0.38517,0.36518,0.35208,0.33063,0.319,0.29735,0.28738,0.26643,0.25743,0.23829,0.2397,0.23115,0.23084,0.23436
0.1987,0.22909,0.35146,0.44709,0.51623,0.56249,0.58691,0.58659,0.57303,0.54697,0.51923,0.4928,0.47058,0.45677,0.44849,0.44741,0.45095,0.45414,0.46001,0.45912,0.45899,0.45099,0.44266,0.42887,0.41336,0.3984,0.38517,0.36518,0.35208,0.33063,0.319,0.29735,0.28738,0.26643,0.25743,0.23829,0.2397,0.23115,0.23084,0.23436
0.1987,0.22909,0.35146,0.44709,0.51623,0.56249,0.58691,0.58659,0.57303,0.54697,0.51923,0.4928,0.47058,0.45677,0.44849,0.44741,0.45095,0.45414,0.46001,0.45912,0.45899,0.45099,0.44266,0.42887,0.41336,0.3984,0.38517,0.36518,0.35208,0.33063,0.319,0.29735,0.28738,0.26643,0.25743,0.23829,0.2397,0.23115,0.23084,0.23436
0.16907,0.19653,0.30367,0.37983,0.43177,0.46503,0.48092,0.47669,0.46268,0.43882,0.41439,0.39097,0.37098,0.35668,0.34591,0.33853,0.33288,0.32525,0.31807,0.30699,0.29605,0.28218,0.268,0.25224,0.2347,0.21957,0.20591,0.18625,0.17293,0.15208,0.13948,0.1177,0.10748,0.086078,0.080445,0.063832,0.071406,0.073635,0.071285,0.091492
0.17625,0.20184,0.28921,0.31564,0.2914,0.23331,0.1596,0.077183,-0.0037088,-0.080028,-0.15365,-0.21704,-0.28026,-0.32957,-0.37937,-0.41319,-0.44534,-0.46376,-0.47785,-0.485,-0.48684,-0.48849,-0.48537,-0.48453,-0.48026,-0.47956,-0.48027,-0.479,-0.48207,-0.48489,-0.48466,-0.48635,-0.48421,-0.47676,-0.49008,-0.47882,-0.50575,-0.49887,-0.47894,-0.44205
0.17625,0.20184,0.28921,0.31564,0.2914,0.23331,0.1596,0.077183,-0.0037088,-0.080028,-0.15365,-0.21704,-0.28026,-0.32957,-0.37937,-0.41319,-0.44534,-0.46376,-0.47785,-0.485,-0.48684,-0.48849,-0.48537,-0.48453,-0.48026,-0.47956,-0.48027,-0.479,-0.48207,-0.48489,-0.48466,-0.48635,-0.48421,-0.47676,-0.49008,-0.47882,-0.50575,-0.49887,-0.47894,-0.44205
0.17625,0.20184,0.28921,0.31564,0.2914,0.23331,0.1596,0.077183,-0.0037088,-0.080028,-0.15365,-0.21704,-0.28026,-0.32957,-0.37937,-0.41319,-0.44534,-0.46376,-0.47785,-0.485,-0.48684,-0.48849,-0.48537,-0.48453,-0.48026,-0.47956,-0.48027,-0.479,-0.48207,-0.48489,-0.48466,-0.48635,-0.48421,-0.47676,-0.49008,-0.47882,-0.50575,-0.49887,-0.47894,-0.44205
0.19579,0.21955,0.29089,0.30808,0.28581,0.23458,0.1685,0.091898,0.013709,-0.064364,-0.14393,-0.21674,-0.29214,-0.35111,-0.40888,-0.44383,-0.47333,-0.48752,-0.49509,-0.49979,-0.4973,-0.49879,-0.49337,-0.49247,-0.48607,-0.48294,-0.48008,-0.47317,-0.47247,-0.46651,-0.46364,-0.45464,-0.45161,-0.43376,-0.44465,-0.42469,-0.44608,-0.43091,-0.39588,-0.35226
0.19579,0.21955,0.29089,0.30808,0.28581,0.23458,0.1685,0.091898,0.013709,-0.064364,-0.14393,-0.21674,-0.29214,-0.35111,-0.40888,-0.44383,-0.47333,-0.48752,-0.49509,-0.49979,-0.4973,-0.49879,-0.49337,-0.49247,-0.48607,-0.48294,-0.48008,-0.47317,-0.47247,-0.46651,-0.46364,-0.45464,-0.45161,-0.43376,-0.44465,-0.42469,-0.44608,-0.43091,-0.39588,-0.35226
0.18891,0.21679,0.31761,0.37557,0.38938,0.36507,0.31603,0.25465,0.19134,0.13572,0.085421,0.047377,0.012736,-0.016844,-0.046403,-0.078355,-0.11148,-0.14787,-0.18706,-0.22486,-0.27005,-0.30628,-0.35552,-0.39107,-0.44336,-0.47521,-0.50213,-0.54152,-0.56099,-0.57735,-0.60964,-0.60731,-0.63668,-0.60516,-0.60926,-0.51341,-0.62834,-0.52472,-0.75365,-0.6951
