0.0069356,0.0081771,0.014003,0.019613,0.024599,0.029547,0.034426,0.039385,0.044127,0.048974,0.053425,0.058027,0.062127,0.066466,0.070254,0.074386,0.077943,0.081947,0.085351,0.089296,0.092611,0.096546,0.099817,0.10378,0.10703,0.11104,0.115,0.11836,0.12238,0.12577,0.12986,0.13327,0.13742,0.14086,0.14507,0.14853,0.15279,0.15628,0.16058,0.16408
0.013836,0.016317,0.027968,0.039155,0.048773,0.057678,0.06581,0.073628,0.080859,0.088313,0.095238,0.10276,0.10966,0.11742,0.12441,0.13244,0.13954,0.14783,0.15504,0.16353,0.17081,0.17944,0.18674,0.19544,0.20273,0.21147,0.22006,0.22746,0.23603,0.24335,0.25189,0.2591,0.26758,0.27468,0.28307,0.29005,0.29834,0.30519,0.31336,0.32006
0.020576,0.024275,0.041506,0.057031,0.06923,0.080378,0.091011,0.10193,0.11257,0.12402,0.13496,0.14701,0.15821,0.17072,0.18204,0.19481,0.20613,0.21902,0.23024,0.24315,0.25421,0.26706,0.2779,0.29058,0.30115,0.3136,0.32569,0.33602,0.34783,0.35781,0.36934,0.37898,0.39022,0.39955,0.41052,0.41956,0.43028,0.43905,0.44951,0.45804
0.0274,0.032337,0.055229,0.075474,0.091473,0.10647,0.12105,0.13621,0.15108,0.16705,0.18226,0.19878,0.21404,0.23075,0.24576,0.26236,0.27692,0.29317,0.30715,0.32293,0.33626,0.3515,0.3642,0.37893,0.39106,0.40533,0.41911,0.43079,0.44416,0.45541,0.46836,0.4792,0.49172,0.50217,0.51423,0.52429,0.53586,0.54552,0.55657,0.56582
0.033182,0.03918,0.067069,0.091906,0.11174,0.1305,0.14886,0.1679,0.18644,0.20608,0.2246,0.24453,0.26276,0.28263,0.30031,0.31977,0.33666,0.35548,0.3715,0.38962,0.40481,0.42224,0.43669,0.45343,0.4672,0.48324,0.49857,0.51166,0.52624,0.53866,0.55243,0.56418,0.57707,0.58813,0.60011,0.61044,0.62147,0.63106,0.6411,0.64993
0.040805,0.047162,0.073891,0.097902,0.12034,0.14372,0.16761,0.19262,0.21707,0.24255,0.2664,0.29128,0.31374,0.3374,0.35816,0.38048,0.39969,0.42083,0.43877,0.45887,0.47575,0.49483,0.51076,0.52875,0.54374,0.56055,0.57634,0.5901,0.60459,0.61726,0.63037,0.64192,0.65361,0.66402,0.6743,0.68357,0.69247,0.70063,0.70824,0.71534
0.046628,0.053895,0.084528,0.11219,0.13794,0.16411,0.19001,0.21647,0.24194,0.26834,0.29288,0.31853,0.34156,0.36595,0.38731,0.41033,0.43013,0.45175,0.4701,0.49023,0.50721,0.52574,0.54136,0.55819,0.57242,0.58747,0.60127,0.61347,0.62548,0.6362,0.64644,0.65571,0.6643,0.67219,0.67927,0.6859,0.69166,0.69717,0.70181,0.70635
0.052859,0.061125,0.096067,0.12783,0.15765,0.18819,0.21852,0.2493,0.27851,0.30807,0.33496,0.36245,0.38677,0.41216,0.43419,0.45756,0.47759,0.49891,0.51705,0.53621,0.55249,0.56939,0.58381,0.59836,0.61089,0.62312,0.63398,0.64377,0.65258,0.66064,0.66762,0.67414,0.67959,0.68478,0.68901,0.69313,0.69648,0.69978,0.70255,0.7053
0.054984,0.063984,0.10434,0.14315,0.17924,0.21537,0.25035,0.28469,0.31646,0.34788,0.37612,0.40481,0.43012,0.45646,0.47935,0.50333,0.52396,0.5454,0.56375,0.5824,0.5984,0.61413,0.62772,0.64054,0.65177,0.66184,0.67052,0.67849,0.68502,0.69115,0.69592,0.70053,0.70402,0.70747,0.71009,0.71275,0.71491,0.71712,0.71925,0.72137
0.06644,0.07709,0.1225,0.16395,0.20196,0.24009,0.27746,0.31476,0.34944,0.38394,0.41491,0.4464,0.47417,0.50279,0.52773,0.55334,0.5755,0.59778,0.61705,0.63578,0.65207,0.66722,0.68057,0.6924,0.70303,0.71197,0.71962,0.72678,0.73246,0.73787,0.74214,0.74627,0.74966,0.75298,0.75605,0.75904,0.76223,0.76533,0.76902,0.77263
0.061938,0.072164,0.11835,0.16277,0.20277,0.24172,0.27894,0.31565,0.34974,0.38372,0.41423,0.44471,0.47135,0.49783,0.52065,0.54298,0.56211,0.5803,0.5959,0.61016,0.6225,0.6333,0.64281,0.65083,0.65806,0.66406,0.66942,0.67442,0.67895,0.68326,0.68767,0.69193,0.69685,0.70164,0.70753,0.71335,0.72055,0.72778,0.73637,0.74521
0.079849,0.092808,0.14862,0.20066,0.24903,0.29668,0.34128,0.38335,0.42082,0.45692,0.48877,0.52003,0.54734,0.57384,0.59678,0.61825,0.63677,0.65321,0.66747,0.67936,0.68983,0.69802,0.70539,0.7109,0.71598,0.71985,0.72338,0.7267,0.73006,0.73328,0.73723,0.74115,0.74633,0.7516,0.75836,0.76543,0.7739,0.78296,0.79291,0.80387
0.080596,0.093577,0.1487,0.198,0.24238,0.28631,0.32841,0.36915,0.40597,0.44123,0.47214,0.50168,0.5272,0.55117,0.5717,0.59025,0.60611,0.61967,0.63135,0.64075,0.64899,0.65534,0.66106,0.66558,0.66981,0.67371,0.67786,0.68197,0.68712,0.6924,0.69928,0.70653,0.71557,0.72527,0.73642,0.74866,0.76144,0.77582,0.78939,0.80516
0.093964,0.10942,0.1749,0.23169,0.28057,0.32658,0.36892,0.40927,0.44587,0.48132,0.51278,0.54264,0.56851,0.59193,0.61192,0.62886,0.6433,0.65469,0.66453,0.67186,0.67841,0.68341,0.6881,0.69237,0.69662,0.70163,0.70742,0.71356,0.72139,0.72988,0.74008,0.75133,0.7637,0.77761,0.79143,0.80738,0.82157,0.83853,0.8518,0.86849
0.074269,0.088396,0.1551,0.21823,0.27277,0.3252,0.37428,0.42052,0.46155,0.49955,0.53237,0.5623,0.58778,0.61013,0.62904,0.64469,0.65802,0.66845,0.67756,0.68464,0.69115,0.69677,0.7023,0.70827,0.71439,0.72198,0.73059,0.73987,0.75076,0.76267,0.77558,0.78992,0.80402,0.82002,0.83416,0.85072,0.86358,0.87941,0.89024,0.90431
0.076979,0.09162,0.16134,0.22795,0.28409,0.33587,0.38315,0.42765,0.46758,0.50484,0.53729,0.56622,0.59075,0.6111,0.6281,0.64118,0.65212,0.66017,0.66703,0.67241,0.67722,0.68215,0.68692,0.6933,0.69991,0.70913,0.71977,0.7318,0.7457,0.7617,0.77806,0.79724,0.81436,0.83504,0.85086,0.87087,0.884,0.90152,0.9116,0.92568
0.095467,0.11195,0.18603,0.25411,0.31216,0.36588,0.41465,0.46013,0.50067,0.53836,0.57125,0.6008,0.62612,0.6476,0.66594,0.68061,0.69336,0.70343,0.71261,0.72065,0.72855,0.737,0.7458,0.75634,0.76762,0.78079,0.79478,0.81029,0.82556,0.84274,0.85764,0.87485,0.88775,0.90331,0.91332,0.92611,0.93331,0.94297,0.9477,0.95441
0.085988,0.10247,0.18109,0.25599,0.31804,0.3738,0.42304,0.46708,0.50487,0.53784,0.56538,0.58818,0.6069,0.62161,0.63381,0.6435,0.652,0.65987,0.66749,0.67638,0.68565,0.69753,0.71035,0.72602,0.7432,0.76207,0.78138,0.80335,0.82296,0.84572,0.86336,0.88454,0.89878,0.91662,0.92724,0.94104,0.94832,0.95817,0.96281,0.96923
0.11806,0.1369,0.21286,0.27792,0.33465,0.38785,0.43646,0.48086,0.5193,0.55246,0.5799,0.60186,0.61958,0.63285,0.64368,0.652,0.65932,0.66645,0.67362,0.68268,0.69259,0.70551,0.72,0.73708,0.75645,0.77627,0.79599,0.81909,0.83765,0.86003,0.87544,0.8947,0.90621,0.92114,0.92887,0.93931,0.94386,0.95023,0.953,0.9561
0.09963,0.11891,0.21141,0.29764,0.36327,0.41677,0.46076,0.49791,0.52863,0.5539,0.57426,0.58984,0.60225,0.61158,0.61952,0.62685,0.63421,0.64349,0.65382,0.66769,0.68344,0.70255,0.72434,0.74723,0.7736,0.79719,0.81945,0.84582,0.86459,0.8874,0.90158,0.91922,0.92881,0.94101,0.947,0.95443,0.95818,0.96182,0.96457,0.96536
0.11408,0.13368,0.22221,0.29912,0.35687,0.4053,0.44666,0.48254,0.51274,0.5379,0.55847,0.57478,0.58819,0.59916,0.60902,0.61892,0.62923,0.642,0.65645,0.67455,0.69541,0.71881,0.74583,0.77175,0.80192,0.82601,0.84775,0.87323,0.88937,0.90864,0.91914,0.93184,0.93818,0.94541,0.94918,0.95237,0.95493,0.95527,0.95755,0.95589
0.12624,0.14464,0.22239,0.29073,0.34642,0.3935,0.43208,0.46332,0.48795,0.50696,0.52156,0.53237,0.54089,0.54822,0.55515,0.56391,0.57377,0.58785,0.60419,0.62517,0.64946,0.67613,0.70718,0.73598,0.77026,0.79657,0.82074,0.85001,0.86862,0.89161,0.90428,0.9202,0.92825,0.93778,0.94276,0.94707,0.95079,0.95112,0.95463,0.95181
0.10644,0.12713,0.22698,0.31629,0.38146,0.43552,0.48091,0.51858,0.54881,0.57182,0.58926,0.60136,0.61051,0.61799,0.62504,0.63455,0.64554,0.66139,0.67994,0.70249,0.72859,0.75449,0.78472,0.80886,0.83807,0.85683,0.87339,0.8933,0.90398,0.91706,0.923,0.92989,0.93295,0.93482,0.93708,0.93529,0.93775,0.93333,0.93631,0.92987
0.13417,0.15746,0.26226,0.34691,0.40642,0.45698,0.50114,0.53923,0.57095,0.59628,0.61669,0.63258,0.64612,0.65862,0.67129,0.68644,0.70373,0.7248,0.74918,0.77497,0.80446,0.82997,0.85924,0.87932,0.90313,0.91608,0.92711,0.93929,0.94565,0.95202,0.9555,0.95768,0.95995,0.95924,0.96193,0.95964,0.96287,0.95998,0.96241,0.95889
0.13417,0.15746,0.26226,0.34691,0.40642,0.45698,0.50114,0.53923,0.57095,0.59628,0.61669,0.63258,0.64612,0.65862,0.67129,0.68644,0.70373,0.7248,0.74918,0.77497,0.80446,0.82997,0.85924,0.87932,0.90313,0.91608,0.92711,0.93929,0.94565,0.95202,0.9555,0.95768,0.95995,0.95924,0.96193,0.95964,0.96287,0.95998,0.96241,0.95889
0.12322,0.14469,0.24105,0.3264,0.39279,0.44719,0.49026,0.52326,0.5481,0.56603,0.5796,0.59046,0.60077,0.61338,0.62873,0.64959,0.67551,0.70542,0.74142,0.77477,0.81409,0.84253,0.87623,0.89566,0.91895,0.93011,0.94034,0.94928,0.95545,0.95831,0.96317,0.96231,0.96692,0.96387,0.96875,0.96459,0.96671,0.95992,0.96399,0.95536
0.12322,0.14469,0.24105,0.3264,0.39279,0.44719,0.49026,0.52326,0.5481,0.56603,0.5796,0.59046,0.60077,0.61338,0.62873,0.64959,0.67551,0.70542,0.74142,0.77477,0.81409,0.84253,0.87623,0.89566,0.91895,0.93011,0.94034,0.94928,0.95545,0.95831,0.96317,0.96231,0.96692,0.96387,0.96875,0.96459,0.96671,0.95992,0.96399,0.95536
0.19041,0.22034,0.3371,0.4225,0.48515,0.53559,0.57426,0.60153,0.62025,0.6324,0.64152,0.65032,0.66059,0.67529,0.69455,0.7189,0.74932,0.77981,0.81632,0.84467,0.87804,0.89839,0.92229,0.93389,0.94732,0.95338,0.95995,0.96264,0.9675,0.96626,0.97132,0.96815,0.97228,0.96755,0.97178,0.96627,0.96715,0.95815,0.94463,0.91862
0.19041,0.22034,0.3371,0.4225,0.48515,0.53559,0.57426,0.60153,0.62025,0.6324,0.64152,0.65032,0.66059,0.67529,0.69455,0.7189,0.74932,0.77981,0.81632,0.84467,0.87804,0.89839,0.92229,0.93389,0.94732,0.95338,0.95995,0.96264,0.9675,0.96626,0.97132,0.96815,0.97228,0.96755,0.97178,0.96627,0.96715,0.95815,0.94463,0.91862
0.19041,0.22034,0.3371,0.4225,0.48515,0.53559,0.57426,0.60153,0.62025,0.6324,0.64152,0.65032,0.66059,0.67529,0.69455,0.7189,0.74932,0.77981,0.81632,0.84467,0.87804,0.89839,0.92229,0.93389,0.94732,0.95338,0.95995,0.96264,0.9675,0.96626,0.97132,0.96815,0.97228,0.96755,0.97178,0.96627,0.96715,0.95815,0.94463,0.91862
0.16707,0.19782,0.33179,0.4319,0.49354,0.53767,0.57,0.59271,0.60929,0.62263,0.63596,0.65269,0.67369,0.70003,0.73212,0.7646,0.80205,0.83127,0.86376,0.8833,0.90442,0.91405,0.92358,0.92692,0.92765,0.92844,0.92979,0.92374,0.92401,0.91507,0.91443,0.90338,0.90129,0.8878,0.87712,0.85379,0.85099,0.82212,0.83442,0.80987
0.16707,0.19782,0.33179,0.4319,0.49354,0.53767,0.57,0.59271,0.60929,0.62263,0.63596,0.65269,0.67369,0.70003,0.73212,0.7646,0.80205,0.83127,0.86376,0.8833,0.90442,0.91405,0.92358,0.92692,0.92765,0.92844,0.92979,0.92374,0.92401,0.91507,0.91443,0.90338,0.90129,0.8878,0.87712,0.85379,0.85099,0.82212,0.83442,0.80987
0.16707,0.19782,0.33179,0.4319,0.49354,0.53767,0.57,0.59271,0.60929,0.62263,0.63596,0.65269,0.67369,0.70003,0.73212,0.7646,0.80205,0.83127,0.86376,0.8833,0.90442,0.91405,0.92358,0.92692,0.92765,0.92844,0.92979,0.92374,0.92401,0.91507,0.91443,0.90338,0.90129,0.8878,0.87712,0.85379,0.85099,0.82212,0.83442,0.80987
0.18261,0.21325,0.33864,0.43192,0.49553,0.54444,0.5826,0.61256,0.63766,0.66087,0.68517,0.71282,0.74509,0.77934,0.81734,0.84908,0.88147,0.90173,0.92117,0.93085,0.93909,0.94319,0.94475,0.94679,0.94473,0.9465,0.94733,0.94414,0.9428,0.93768,0.93505,0.9265,0.9264,0.91497,0.91392,0.89718,0.90896,0.89577,0.89482,0.8764
0.20991,0.2369,0.34417,0.41381,0.45007,0.47268,0.4883,0.50125,0.51455,0.5326,0.55672,0.5891,0.63025,0.67429,0.72595,0.76864,0.8157,0.84587,0.8772,0.8931,0.90713,0.91385,0.91461,0.91707,0.90801,0.90934,0.91082,0.89642,0.8965,0.87991,0.86398,0.8313,0.81596,0.7667,0.784,0.74278,0.79479,0.78768,0.74259,0.72599
0.20991,0.2369,0.34417,0.41381,0.45007,0.47268,0.4883,0.50125,0.51455,0.5326,0.55672,0.5891,0.63025,0.67429,0.72595,0.76864,0.8157,0.84587,0.8772,0.8931,0.90713,0.91385,0.91461,0.91707,0.90801,0.90934,0.91082,0.89642,0.8965,0.87991,0.86398,0.8313,0.81596,0.7667,0.784,0.74278,0.79479,0.78768,0.74259,0.72599
0.20991,0.2369,0.34417,0.41381,0.45007,0.47268,0.4883,0.50125,0.51455,0.5326,0.55672,0.5891,0.63025,0.67429,0.72595,0.76864,0.8157,0.84587,0.8772,0.8931,0.90713,0.91385,0.91461,0.91707,0.90801,0.90934,0.91082,0.89642,0.8965,0.87991,0.86398,0.8313,0.81596,0.7667,0.784,0.74278,0.79479,0.78768,0.74259,0.72599
0.18829,0.21242,0.3131,0.3859,0.42837,0.45757,0.48053,0.50214,0.5257,0.55556,0.59401,0.64083,0.69883,0.75481,0.81724,0.86207,0.90637,0.93164,0.95293,0.96624,0.97306,0.98254,0.98296,0.99181,0.99083,0.99506,0.99624,0.99111,0.9923,0.98079,0.98217,0.95988,0.97772,0.95425,0.95364,0.91186,0.88286,0.80447,0.80415,0.72996
0.18829,0.21242,0.3131,0.3859,0.42837,0.45757,0.48053,0.50214,0.5257,0.55556,0.59401,0.64083,0.69883,0.75481,0.81724,0.86207,0.90637,0.93164,0.95293,0.96624,0.97306,0.98254,0.98296,0.99181,0.99083,0.99506,0.99624,0.99111,0.9923,0.98079,0.98217,0.95988,0.97772,0.95425,0.95364,0.91186,0.88286,0.80447,0.80415,0.72996
0.18806,0.22218,0.35755,0.4545,0.51866,0.56199,0.58956,0.608,0.62471,0.64715,0.67751,0.71494,0.76017,0.80058,0.84459,0.87367,0.9031,0.91752,0.92991,0.93577,0.93565,0.93881,0.93033,0.9357,0.92397,0.93098,0.92506,0.90892,0.90482,0.87773,0.8772,0.83845,0.88789,0.87532,0.82845,0.79399,0.66332,0.59091,0.47774,0.37174
