0.014954,0.017624,0.029946,0.041186,0.050689,0.059951,0.069039,0.078331,0.087319,0.096741,0.10564,0.11518,0.12398,0.13359,0.14227,0.1519,0.16043,0.17004,0.17842,0.18797,0.19619,0.20564,0.21369,0.22304,0.23091,0.24015,0.24918,0.257,0.26593,0.27361,0.28246,0.29002,0.29879,0.30624,0.31494,0.32229,0.33092,0.33818,0.34672,0.3539
0.029785,0.035069,0.058638,0.079735,0.098269,0.11667,0.13477,0.15313,0.17078,0.18903,0.20614,0.22417,0.2407,0.25842,0.27439,0.29181,0.30728,0.32441,0.33945,0.35622,0.37081,0.38711,0.40118,0.41682,0.43025,0.44508,0.45917,0.47164,0.48479,0.49638,0.50854,0.51924,0.53041,0.54025,0.55045,0.55944,0.5687,0.57689,0.58524,0.59267
0.0452,0.053196,0.088918,0.12082,0.14844,0.17547,0.20186,0.22842,0.25379,0.27972,0.30398,0.3293,0.3526,0.37716,0.39936,0.42265,0.44336,0.46479,0.4836,0.50285,0.5196,0.53658,0.55131,0.56611,0.57895,0.59171,0.6033,0.61368,0.62344,0.63224,0.64026,0.64758,0.65396,0.6599,0.66471,0.66932,0.67266,0.67602,0.67795,0.68012
0.059939,0.069794,0.11432,0.15591,0.19222,0.22702,0.26016,0.29284,0.32381,0.35515,0.38442,0.41411,0.44116,0.46818,0.49223,0.51582,0.53652,0.55648,0.57389,0.59033,0.60467,0.61778,0.62931,0.63932,0.64825,0.65535,0.661,0.66626,0.66934,0.67236,0.67303,0.67395,0.6723,0.67122,0.66739,0.66439,0.65848,0.65365,0.64577,0.63918
0.075479,0.088722,0.14807,0.20058,0.24427,0.28539,0.32472,0.36382,0.40097,0.43762,0.4711,0.50321,0.53161,0.5582,0.5813,0.6023,0.62036,0.63592,0.64925,0.65966,0.66859,0.67429,0.67924,0.68075,0.68215,0.67993,0.67613,0.67257,0.6656,0.65926,0.64939,0.64045,0.62791,0.61651,0.60145,0.58768,0.57027,0.55418,0.53456,0.51619
0.094778,0.10985,0.17713,0.23949,0.29377,0.34603,0.39599,0.44385,0.48737,0.52751,0.56254,0.59436,0.62171,0.64618,0.66704,0.68494,0.70008,0.71206,0.7221,0.7288,0.7343,0.73627,0.73769,0.73541,0.73316,0.72709,0.71946,0.712,0.7012,0.69078,0.67711,0.66389,0.6476,0.6317,0.61301,0.59456,0.57371,0.55285,0.53024,0.50725
0.10517,0.12184,0.19643,0.26569,0.32566,0.38225,0.43454,0.48201,0.52325,0.55912,0.58929,0.61473,0.63578,0.65236,0.66573,0.67449,0.68107,0.68269,0.68302,0.67799,0.67252,0.6614,0.65059,0.63399,0.61824,0.59678,0.57364,0.55069,0.52357,0.49655,0.46601,0.43531,0.4021,0.36832,0.33335,0.29737,0.26172,0.22464,0.18943,0.1525
0.11052,0.12913,0.21462,0.29252,0.35723,0.41806,0.47456,0.52581,0.57027,0.60882,0.64148,0.66916,0.69247,0.71104,0.7263,0.7365,0.74428,0.74666,0.74753,0.74294,0.73766,0.72716,0.71659,0.70125,0.68614,0.66693,0.64659,0.62577,0.60298,0.57954,0.55522,0.5301,0.50525,0.47949,0.45503,0.42965,0.40638,0.38228,0.36057,0.33833
0.11343,0.13238,0.21981,0.30015,0.36688,0.42799,0.4829,0.53205,0.57488,0.61232,0.64409,0.67002,0.69097,0.70557,0.71621,0.72037,0.72188,0.71716,0.71101,0.69917,0.68675,0.66931,0.65166,0.62982,0.60775,0.58265,0.55687,0.52982,0.50244,0.47359,0.4458,0.41641,0.38924,0.36048,0.3345,0.30724,0.28255,0.25719,0.23373,0.21039
0.1549,0.17861,0.28411,0.37743,0.45035,0.51157,0.56234,0.60422,0.63822,0.66439,0.68414,0.69585,0.70252,0.70103,0.69598,0.68288,0.66749,0.64437,0.61969,0.58803,0.55497,0.51639,0.4762,0.43324,0.38824,0.34412,0.30123,0.25591,0.21637,0.17488,0.14047,0.1048,0.075774,0.046427,0.022089,-0.0014927,-0.02226,-0.041067,-0.059146,-0.074084
0.15643,0.1803,0.28683,0.38237,0.45915,0.52396,0.57625,0.61727,0.64918,0.67266,0.68975,0.69895,0.70334,0.69998,0.6934,0.67976,0.66427,0.64275,0.62014,0.59282,0.56469,0.53369,0.50194,0.46966,0.43669,0.40559,0.37593,0.34585,0.31944,0.29314,0.27021,0.24805,0.22831,0.20999,0.19284,0.1778,0.16271,0.1504,0.13699,0.12697
0.19696,0.22352,0.34102,0.44786,0.53167,0.59939,0.65262,0.69229,0.7204,0.73701,0.74547,0.74446,0.73824,0.72404,0.70668,0.68264,0.65642,0.62486,0.59132,0.55443,0.51547,0.47575,0.43405,0.39422,0.35283,0.31488,0.27761,0.24082,0.20591,0.17307,0.1403,0.11139,0.080485,0.055293,0.026126,0.0043285,-0.022901,-0.04186,-0.066111,-0.082787
0.16786,0.19515,0.32438,0.44484,0.53269,0.59893,0.6493,0.68645,0.71281,0.72776,0.73457,0.73109,0.72189,0.70381,0.68155,0.65195,0.61863,0.58028,0.53821,0.49463,0.44759,0.4031,0.35597,0.31415,0.27098,0.23303,0.19584,0.16118,0.12717,0.097807,0.066359,0.041636,0.012521,-0.0083141,-0.034762,-0.052656,-0.074492,-0.089728,-0.10435,-0.11557
0.22805,0.26093,0.4095,0.53595,0.62474,0.6934,0.74574,0.78361,0.80975,0.82503,0.83266,0.8323,0.82763,0.81755,0.80517,0.78933,0.77218,0.75328,0.73368,0.71389,0.69402,0.675,0.65651,0.63874,0.62227,0.60609,0.59043,0.57707,0.56307,0.55176,0.53949,0.53005,0.51977,0.51191,0.5044,0.49822,0.49367,0.48964,0.48779,0.48677
0.22805,0.26093,0.4095,0.53595,0.62474,0.6934,0.74574,0.78361,0.80975,0.82503,0.83266,0.8323,0.82763,0.81755,0.80517,0.78933,0.77218,0.75328,0.73368,0.71389,0.69402,0.675,0.65651,0.63874,0.62227,0.60609,0.59043,0.57707,0.56307,0.55176,0.53949,0.53005,0.51977,0.51191,0.5044,0.49822,0.49367,0.48964,0.48779,0.48677
0.19704,0.22547,0.35887,0.48561,0.58669,0.66943,0.7327,0.77682,0.80612,0.82216,0.8297,0.82837,0.82241,0.81132,0.79786,0.78278,0.76668,0.75171,0.7366,0.72422,0.71217,0.7023,0.69326,0.68567,0.67909,0.67294,0.66742,0.66323,0.65878,0.65551,0.65225,0.64959,0.64779,0.64576,0.64558,0.64474,0.64375,0.64322,0.64093,0.6392
0.20521,0.23209,0.35571,0.4738,0.57093,0.65441,0.72359,0.77639,0.81463,0.83793,0.85139,0.85538,0.85433,0.84907,0.84164,0.83334,0.82431,0.81617,0.80807,0.80063,0.79386,0.78793,0.78266,0.77777,0.7737,0.76971,0.76628,0.76334,0.76123,0.75891,0.75805,0.75652,0.75543,0.75375,0.75274,0.75011,0.75248,0.75029,0.74399,0.73496
0.20521,0.23209,0.35571,0.4738,0.57093,0.65441,0.72359,0.77639,0.81463,0.83793,0.85139,0.85538,0.85433,0.84907,0.84164,0.83334,0.82431,0.81617,0.80807,0.80063,0.79386,0.78793,0.78266,0.77777,0.7737,0.76971,0.76628,0.76334,0.76123,0.75891,0.75805,0.75652,0.75543,0.75375,0.75274,0.75011,0.75248,0.75029,0.74399,0.73496
0.25404,0.29171,0.47135,0.63309,0.74215,0.8153,0.8615,0.88775,0.90097,0.9047,0.90299,0.89744,0.89012,0.88217,0.87444,0.86788,0.86256,0.85867,0.85639,0.85569,0.85625,0.85871,0.8616,0.86647,0.87073,0.87682,0.88161,0.88543,0.88912,0.89028,0.89337,0.89148,0.8989,0.89809,0.89562,0.88773,0.87843,0.85872,0.86838,0.84877
0.25404,0.29171,0.47135,0.63309,0.74215,0.8153,0.8615,0.88775,0.90097,0.9047,0.90299,0.89744,0.89012,0.88217,0.87444,0.86788,0.86256,0.85867,0.85639,0.85569,0.85625,0.85871,0.8616,0.86647,0.87073,0.87682,0.88161,0.88543,0.88912,0.89028,0.89337,0.89148,0.8989,0.89809,0.89562,0.88773,0.87843,0.85872,0.86838,0.84877
0.32714,0.35655,0.47524,0.55615,0.60796,0.64773,0.672,0.67418,0.65479,0.6144,0.55693,0.48898,0.41199,0.33805,0.26486,0.20041,0.14333,0.090794,0.04926,0.0065943,-0.023369,-0.05597,-0.07785,-0.096319,-0.10856,-0.11452,-0.12415,-0.12361,-0.13781,-0.14018,-0.13192,-0.11603,-0.087492,-0.022827,-0.078769,-0.020115,-0.14089,-0.13595,0.028103,0.11895
0.32714,0.35655,0.47524,0.55615,0.60796,0.64773,0.672,0.67418,0.65479,0.6144,0.55693,0.48898,0.41199,0.33805,0.26486,0.20041,0.14333,0.090794,0.04926,0.0065943,-0.023369,-0.05597,-0.07785,-0.096319,-0.10856,-0.11452,-0.12415,-0.12361,-0.13781,-0.14018,-0.13192,-0.11603,-0.087492,-0.022827,-0.078769,-0.020115,-0.14089,-0.13595,0.028103,0.11895
0.32714,0.35655,0.47524,0.55615,0.60796,0.64773,0.672,0.67418,0.65479,0.6144,0.55693,0.48898,0.41199,0.33805,0.26486,0.20041,0.14333,0.090794,0.04926,0.0065943,-0.023369,-0.05597,-0.07785,-0.096319,-0.10856,-0.11452,-0.12415,-0.12361,-0.13781,-0.14018,-0.13192,-0.11603,-0.087492,-0.022827,-0.078769,-0.020115,-0.14089,-0.13595,0.028103,0.11895
0.3489,0.3823,0.53905,0.66895,0.73872,0.76783,0.77016,0.75699,0.73621,0.71142,0.68534,0.65984,0.63636,0.61497,0.59704,0.58051,0.56768,0.55564,0.54681,0.53915,0.53352,0.52994,0.52771,0.52509,0.52466,0.5214,0.52254,0.5244,0.52641,0.53467,0.52164,0.52279,0.52379,0.52847,0.57142,0.60007,0.56304,0.57813,0.4648,0.44363
0.3489,0.3823,0.53905,0.66895,0.73872,0.76783,0.77016,0.75699,0.73621,0.71142,0.68534,0.65984,0.63636,0.61497,0.59704,0.58051,0.56768,0.55564,0.54681,0.53915,0.53352,0.52994,0.52771,0.52509,0.52466,0.5214,0.52254,0.5244,0.52641,0.53467,0.52164,0.52279,0.52379,0.52847,0.57142,0.60007,0.56304,0.57813,0.4648,0.44363
0.3489,0.3823,0.53905,0.66895,0.73872,0.76783,0.77016,0.75699,0.73621,0.71142,0.68534,0.65984,0.63636,0.61497,0.59704,0.58051,0.56768,0.55564,0.54681,0.53915,0.53352,0.52994,0.52771,0.52509,0.52466,0.5214,0.52254,0.5244,0.52641,0.53467,0.52164,0.52279,0.52379,0.52847,0.57142,0.60007,0.56304,0.57813,0.4648,0.44363
0.3489,0.3823,0.53905,0.66895,0.73872,0.76783,0.77016,0.75699,0.73621,0.71142,0.68534,0.65984,0.63636,0.61497,0.59704,0.58051,0.56768,0.55564,0.54681,0.53915,0.53352,0.52994,0.52771,0.52509,0.52466,0.5214,0.52254,0.5244,0.52641,0.53467,0.52164,0.52279,0.52379,0.52847,0.57142,0.60007,0.56304,0.57813,0.4648,0.44363
0.31403,0.33465,0.42105,0.50203,0.56501,0.59934,0.60111,0.57782,0.5416,0.50324,0.46794,0.43788,0.41415,0.39371,0.37876,0.36569,0.35641,0.34996,0.34558,0.34215,0.3406,0.33773,0.33549,0.34069,0.34883,0.34586,0.33137,0.32483,0.36656,0.397,0.36728,0.38782,0.27782,0.255,0.66922,0.68698,0.58113,0.55308,0.2469,0.25784
0.31403,0.33465,0.42105,0.50203,0.56501,0.59934,0.60111,0.57782,0.5416,0.50324,0.46794,0.43788,0.41415,0.39371,0.37876,0.36569,0.35641,0.34996,0.34558,0.34215,0.3406,0.33773,0.33549,0.34069,0.34883,0.34586,0.33137,0.32483,0.36656,0.397,0.36728,0.38782,0.27782,0.255,0.66922,0.68698,0.58113,0.55308,0.2469,0.25784
0.31403,0.33465,0.42105,0.50203,0.56501,0.59934,0.60111,0.57782,0.5416,0.50324,0.46794,0.43788,0.41415,0.39371,0.37876,0.36569,0.35641,0.34996,0.34558,0.34215,0.3406,0.33773,0.33549,0.34069,0.34883,0.34586,0.33137,0.32483,0.36656,0.397,0.36728,0.38782,0.27782,0.255,0.66922,0.68698,0.58113,0.55308,0.2469,0.25784
0.31403,0.33465,0.42105,0.50203,0.56501,0.59934,0.60111,0.57782,0.5416,0.50324,0.46794,0.43788,0.41415,0.39371,0.37876,0.36569,0.35641,0.34996,0.34558,0.34215,0.3406,0.33773,0.33549,0.34069,0.34883,0.34586,0.33137,0.32483,0.36656,0.397,0.36728,0.38782,0.27782,0.255,0.66922,0.68698,0.58113,0.55308,0.2469,0.25784
0.31403,0.33465,0.42105,0.50203,0.56501,0.59934,0.60111,0.57782,0.5416,0.50324,0.46794,0.43788,0.41415,0.39371,0.37876,0.36569,0.35641,0.34996,0.34558,0.34215,0.3406,0.33773,0.33549,0.34069,0.34883,0.34586,0.33137,0.32483,0.36656,0.397,0.36728,0.38782,0.27782,0.255,0.66922,0.68698,0.58113,0.55308,0.2469,0.25784
0.31403,0.33465,0.42105,0.50203,0.56501,0.59934,0.60111,0.57782,0.5416,0.50324,0.46794,0.43788,0.41415,0.39371,0.37876,0.36569,0.35641,0.34996,0.34558,0.34215,0.3406,0.33773,0.33549,0.34069,0.34883,0.34586,0.33137,0.32483,0.36656,0.397,0.36728,0.38782,0.27782,0.255,0.66922,0.68698,0.58113,0.55308,0.2469,0.25784
0.24459,0.2779,0.43707,0.57263,0.63385,0.64898,0.64192,0.62717,0.61201,0.59861,0.58819,0.57973,0.5736,0.56913,0.56588,0.56373,0.56103,0.561,0.55705,0.56091,0.55995,0.55524,0.54338,0.55382,0.54859,0.48927,0.41997,0.32869,0.78085,0.79858,0.32856,0.35888,0.56442,0.56465,0.42875,0.42724,0.21356,0.22148,0.70947,0.70268
0.24459,0.2779,0.43707,0.57263,0.63385,0.64898,0.64192,0.62717,0.61201,0.59861,0.58819,0.57973,0.5736,0.56913,0.56588,0.56373,0.56103,0.561,0.55705,0.56091,0.55995,0.55524,0.54338,0.55382,0.54859,0.48927,0.41997,0.32869,0.78085,0.79858,0.32856,0.35888,0.56442,0.56465,0.42875,0.42724,0.21356,0.22148,0.70947,0.70268
0.24459,0.2779,0.43707,0.57263,0.63385,0.64898,0.64192,0.62717,0.61201,0.59861,0.58819,0.57973,0.5736,0.56913,0.56588,0.56373,0.56103,0.561,0.55705,0.56091,0.55995,0.55524,0.54338,0.55382,0.54859,0.48927,0.41997,0.32869,0.78085,0.79858,0.32856,0.35888,0.56442,0.56465,0.42875,0.42724,0.21356,0.22148,0.70947,0.70268
0.24459,0.2779,0.43707,0.57263,0.63385,0.64898,0.64192,0.62717,0.61201,0.59861,0.58819,0.57973,0.5736,0.56913,0.56588,0.56373,0.56103,0.561,0.55705,0.56091,0.55995,0.55524,0.54338,0.55382,0.54859,0.48927,0.41997,0.32869,0.78085,0.79858,0.32856,0.35888,0.56442,0.56465,0.42875,0.42724,0.21356,0.22148,0.70947,0.70268
0.24459,0.2779,0.43707,0.57263,0.63385,0.64898,0.64192,0.62717,0.61201,0.59861,0.58819,0.57973,0.5736,0.56913,0.56588,0.56373,0.56103,0.561,0.55705,0.56091,0.55995,0.55524,0.54338,0.55382,0.54859,0.48927,0.41997,0.32869,0.78085,0.79858,0.32856,0.35888,0.56442,0.56465,0.42875,0.42724,0.21356,0.22148,0.70947,0.70268
0.24459,0.2779,0.43707,0.57263,0.63385,0.64898,0.64192,0.62717,0.61201,0.59861,0.58819,0.57973,0.5736,0.56913,0.56588,0.56373,0.56103,0.561,0.55705,0.56091,0.55995,0.55524,0.54338,0.55382,0.54859,0.48927,0.41997,0.32869,0.78085,0.79858,0.32856,0.35888,0.56442,0.56465,0.42875,0.42724,0.21356,0.22148,0.70947,0.70268
0.24459,0.2779,0.43707,0.57263,0.63385,0.64898,0.64192,0.62717,0.61201,0.59861,0.58819,0.57973,0.5736,0.56913,0.56588,0.56373,0.56103,0.561,0.55705,0.56091,0.55995,0.55524,0.54338,0.55382,0.54859,0.48927,0.41997,0.32869,0.78085,0.79858,0.32856,0.35888,0.56442,0.56465,0.42875,0.42724,0.21356,0.22148,0.70947,0.70268
