0.002675,0.0031534,0.0053986,0.0075589,0.0094774,0.011378,0.013252,0.015164,0.017011,0.018939,0.02076,0.022705,0.024502,0.026463,0.028238,0.030213,0.031967,0.033953,0.035689,0.037681,0.039401,0.041397,0.043101,0.045098,0.046786,0.048783,0.050741,0.052446,0.054397,0.056083,0.058019,0.059682,0.061594,0.063228,0.065104,0.066701,0.068528,0.070079,0.071843,0.073339
0.006329,0.0074594,0.012765,0.017872,0.022404,0.026892,0.031314,0.035817,0.040167,0.04469,0.048963,0.053501,0.057701,0.062243,0.066367,0.070875,0.074897,0.079284,0.083131,0.087278,0.09086,0.094657,0.097896,0.10128,0.10413,0.10708,0.10976,0.11208,0.11437,0.11633,0.11825,0.11989,0.12147,0.1228,0.12405,0.12511,0.12602,0.12682,0.12741,0.12795
0.0104,0.012252,0.020949,0.029324,0.036753,0.044104,0.051344,0.058705,0.065824,0.07319,0.080147,0.08736,0.093948,0.10063,0.10652,0.11233,0.1173,0.12215,0.1262,0.13014,0.13339,0.13651,0.13907,0.14145,0.14338,0.14506,0.14635,0.14742,0.14805,0.14858,0.1486,0.14863,0.14806,0.14762,0.14649,0.14562,0.14398,0.1427,0.14058,0.13893
0.013384,0.015753,0.026876,0.037547,0.046924,0.056096,0.065025,0.073869,0.082163,0.090165,0.09729,0.10396,0.10966,0.11492,0.11929,0.12328,0.12652,0.12935,0.13158,0.13327,0.13455,0.13513,0.13551,0.135,0.13453,0.13298,0.13095,0.12919,0.12625,0.12376,0.12,0.11685,0.11233,0.10859,0.10338,0.099074,0.093235,0.088401,0.081962,0.076619
0.013707,0.016133,0.027546,0.038524,0.048158,0.057525,0.066529,0.075137,0.082838,0.089649,0.095236,0.099805,0.1033,0.10585,0.10763,0.10847,0.10885,0.1082,0.10739,0.10541,0.10359,0.10041,0.09767,0.093415,0.089849,0.084615,0.079021,0.074151,0.067696,0.062115,0.054826,0.048539,0.040413,0.033401,0.02441,0.016634,0.00674,-0.0018508,-0.012684,-0.022138
0.025996,0.030572,0.052161,0.073118,0.091849,0.1102,0.12738,0.14292,0.15616,0.1679,0.17769,0.18642,0.19348,0.19941,0.20397,0.20721,0.2095,0.21035,0.21071,0.20959,0.20841,0.20573,0.20335,0.19947,0.19615,0.19128,0.18604,0.18141,0.17527,0.16989,0.1628,0.15662,0.14848,0.1414,0.13211,0.12404,0.11351,0.10434,0.092522,0.082197
0.020951,0.024635,0.042005,0.058737,0.073196,0.0864,0.097682,0.10694,0.11412,0.11965,0.12355,0.12584,0.12691,0.12619,0.12476,0.12134,0.11775,0.11201,0.10661,0.098898,0.091921,0.082447,0.074004,0.062824,0.052899,0.039947,0.026306,0.013609,-0.0019166,-0.016388,-0.033816,-0.050105,-0.069326,-0.087352,-0.1081,-0.12763,-0.14949,-0.17012,-0.19257,-0.21378
0.03719,0.04352,0.073357,0.10134,0.12351,0.14245,0.1587,0.17312,0.18545,0.19625,0.20497,0.21186,0.21692,0.21997,0.22177,0.2217,0.22105,0.21875,0.21642,0.21252,0.20896,0.20368,0.19903,0.19228,0.18646,0.17805,0.16884,0.1606,0.14953,0.1397,0.1268,0.11538,0.10085,0.088032,0.07224,0.058359,0.04179,0.027282,0.01044,-0.0042379
0.039564,0.046392,0.079155,0.11169,0.13955,0.16374,0.18353,0.19941,0.21154,0.22063,0.22713,0.23149,0.23443,0.236,0.23699,0.23703,0.23703,0.23609,0.23543,0.23345,0.23207,0.22864,0.2262,0.22076,0.2168,0.2088,0.19946,0.19179,0.17937,0.169,0.15339,0.14014,0.1215,0.10545,0.084221,0.065713,0.04246,0.02203,-0.0026222,-0.024369
0.031576,0.036901,0.062013,0.085216,0.10231,0.1155,0.12554,0.13285,0.13749,0.1394,0.1393,0.13659,0.13278,0.12647,0.11984,0.11064,0.10163,0.08975,0.078388,0.063711,0.049843,0.032333,0.015928,-0.0041116,-0.022732,-0.044553,-0.066485,-0.08716,-0.10928,-0.12979,-0.15116,-0.1706,-0.19056,-0.20836,-0.22661,-0.24252,-0.25897,-0.27295,-0.28762,-0.29973
0.043489,0.050474,0.083606,0.11485,0.1387,0.15726,0.1709,0.1803,0.18609,0.18889,0.18955,0.18796,0.18526,0.18055,0.17541,0.16809,0.16077,0.15077,0.14112,0.12817,0.11596,0.10005,0.085337,0.066938,0.050232,0.030309,0.010423,-0.0077513,-0.027501,-0.045177,-0.063958,-0.080429,-0.097753,-0.11264,-0.12827,-0.14142,-0.15529,-0.16669,-0.17884,-0.18856
0.075069,0.087294,0.14455,0.19408,0.22732,0.25157,0.2686,0.27863,0.28285,0.28122,0.27632,0.26716,0.2568,0.243,0.22906,0.21153,0.19434,0.17298,0.15222,0.12683,0.10228,0.073128,0.045109,0.01314,-0.017282,-0.050726,-0.084148,-0.11564,-0.14887,-0.17923,-0.21147,-0.23983,-0.27059,-0.29638,-0.3253,-0.34827,-0.37485,-0.39503,-0.4185,-0.43611
0.093025,0.1077,0.17611,0.23255,0.26702,0.28837,0.30039,0.30591,0.3074,0.30612,0.30369,0.29989,0.296,0.29041,0.28506,0.27673,0.26897,0.25668,0.24546,0.22848,0.21319,0.19173,0.17263,0.1479,0.12615,0.099879,0.073984,0.050866,0.025556,0.0034643,-0.020287,-0.040488,-0.062028,-0.079847,-0.098666,-0.11395,-0.1295,-0.14224,-0.15371,-0.16356
0.10414,0.11979,0.19318,0.25402,0.29009,0.31174,0.32404,0.33068,0.3342,0.33598,0.3371,0.33749,0.33796,0.33692,0.33627,0.33242,0.32941,0.32148,0.31504,0.30277,0.29267,0.27707,0.26418,0.24704,0.23286,0.2159,0.20004,0.18629,0.17208,0.15985,0.1478,0.13747,0.12774,0.11939,0.11193,0.10547,0.10022,0.095576,0.092228,0.089363
0.10414,0.11979,0.19318,0.25402,0.29009,0.31174,0.32404,0.33068,0.3342,0.33598,0.3371,0.33749,0.33796,0.33692,0.33627,0.33242,0.32941,0.32148,0.31504,0.30277,0.29267,0.27707,0.26418,0.24704,0.23286,0.2159,0.20004,0.18629,0.17208,0.15985,0.1478,0.13747,0.12774,0.11939,0.11193,0.10547,0.10022,0.095576,0.092228,0.089363
0.14482,0.16811,0.28266,0.38151,0.43496,0.46462,0.48324,0.4974,0.50927,0.52109,0.53268,0.54445,0.55632,0.5664,0.57672,0.58265,0.58926,0.58972,0.59147,0.58716,0.58462,0.57758,0.57239,0.56474,0.5586,0.55172,0.54588,0.54035,0.53582,0.53136,0.52797,0.52463,0.52192,0.51934,0.51713,0.51476,0.51346,0.51101,0.51141,0.50935
0.18345,0.20795,0.3184,0.4151,0.48241,0.52816,0.55744,0.57732,0.59265,0.60683,0.62027,0.63259,0.6443,0.65264,0.66048,0.66344,0.66645,0.66492,0.66405,0.66016,0.6572,0.65289,0.64935,0.64564,0.64234,0.63966,0.6374,0.6352,0.63352,0.63192,0.63058,0.62924,0.62835,0.62699,0.62703,0.62583,0.62678,0.6262,0.62567,0.62438
0.18345,0.20795,0.3184,0.4151,0.48241,0.52816,0.55744,0.57732,0.59265,0.60683,0.62027,0.63259,0.6443,0.65264,0.66048,0.66344,0.66645,0.66492,0.66405,0.66016,0.6572,0.65289,0.64935,0.64564,0.64234,0.63966,0.6374,0.6352,0.63352,0.63192,0.63058,0.62924,0.62835,0.62699,0.62703,0.62583,0.62678,0.6262,0.62567,0.62438
0.15773,0.18593,0.31758,0.42211,0.47821,0.51131,0.53516,0.55695,0.57934,0.60295,0.62884,0.65375,0.68136,0.70419,0.72985,0.74844,0.76953,0.78514,0.80218,0.81821,0.83339,0.85217,0.86699,0.88806,0.903,0.9223,0.93572,0.94623,0.95346,0.95454,0.96586,0.96217,0.98141,0.98365,0.97425,0.95895,0.91792,0.85658,0.87831,0.80685
0.15773,0.18593,0.31758,0.42211,0.47821,0.51131,0.53516,0.55695,0.57934,0.60295,0.62884,0.65375,0.68136,0.70419,0.72985,0.74844,0.76953,0.78514,0.80218,0.81821,0.83339,0.85217,0.86699,0.88806,0.903,0.9223,0.93572,0.94623,0.95346,0.95454,0.96586,0.96217,0.98141,0.98365,0.97425,0.95895,0.91792,0.85658,0.87831,0.80685
0.059903,0.071835,0.12611,0.17065,0.19582,0.20663,0.20776,0.2019,0.19153,0.17452,0.15385,0.12525,0.094968,0.058799,0.024647,-0.011688,-0.04316,-0.074624,-0.10022,-0.12497,-0.14414,-0.16186,-0.17533,-0.18617,-0.19448,-0.19969,-0.20463,-0.20716,-0.21138,-0.21324,-0.21243,-0.21009,-0.20501,-0.19237,-0.20412,-0.19255,-0.21618,-0.21552,-0.18305,-0.16208
0.059903,0.071835,0.12611,0.17065,0.19582,0.20663,0.20776,0.2019,0.19153,0.17452,0.15385,0.12525,0.094968,0.058799,0.024647,-0.011688,-0.04316,-0.074624,-0.10022,-0.12497,-0.14414,-0.16186,-0.17533,-0.18617,-0.19448,-0.19969,-0.20463,-0.20716,-0.21138,-0.21324,-0.21243,-0.21009,-0.20501,-0.19237,-0.20412,-0.19255,-0.21618,-0.21552,-0.18305,-0.16208
0.059903,0.071835,0.12611,0.17065,0.19582,0.20663,0.20776,0.2019,0.19153,0.17452,0.15385,0.12525,0.094968,0.058799,0.024647,-0.011688,-0.04316,-0.074624,-0.10022,-0.12497,-0.14414,-0.16186,-0.17533,-0.18617,-0.19448,-0.19969,-0.20463,-0.20716,-0.21138,-0.21324,-0.21243,-0.21009,-0.20501,-0.19237,-0.20412,-0.19255,-0.21618,-0.21552,-0.18305,-0.16208
0.11702,0.13084,0.19251,0.24327,0.27322,0.28587,0.28595,0.27681,0.26242,0.24182,0.21948,0.19335,0.16897,0.14385,0.12262,0.10236,0.086264,0.071786,0.06071,0.051597,0.044659,0.039933,0.036493,0.033799,0.032522,0.030287,0.030137,0.030663,0.031438,0.035356,0.029294,0.030309,0.029985,0.032435,0.054787,0.071507,0.058121,0.071252,0.024369,0.023258
0.11702,0.13084,0.19251,0.24327,0.27322,0.28587,0.28595,0.27681,0.26242,0.24182,0.21948,0.19335,0.16897,0.14385,0.12262,0.10236,0.086264,0.071786,0.06071,0.051597,0.044659,0.039933,0.036493,0.033799,0.032522,0.030287,0.030137,0.030663,0.031438,0.035356,0.029294,0.030309,0.029985,0.032435,0.054787,0.071507,0.058121,0.071252,0.024369,0.023258
0.11702,0.13084,0.19251,0.24327,0.27322,0.28587,0.28595,0.27681,0.26242,0.24182,0.21948,0.19335,0.16897,0.14385,0.12262,0.10236,0.086264,0.071786,0.06071,0.051597,0.044659,0.039933,0.036493,0.033799,0.032522,0.030287,0.030137,0.030663,0.031438,0.035356,0.029294,0.030309,0.029985,0.032435,0.054787,0.071507,0.058121,0.071252,0.024369,0.023258
0.11702,0.13084,0.19251,0.24327,0.27322,0.28587,0.28595,0.27681,0.26242,0.24182,0.21948,0.19335,0.16897,0.14385,0.12262,0.10236,0.086264,0.071786,0.06071,0.051597,0.044659,0.039933,0.036493,0.033799,0.032522,0.030287,0.030137,0.030663,0.031438,0.035356,0.029294,0.030309,0.029985,0.032435,0.054787,0.071507,0.058121,0.071252,0.024369,0.023258
0.12604,0.13919,0.19469,0.24511,0.29281,0.33924,0.37985,0.40793,0.42389,0.4249,0.41938,0.40751,0.39566,0.38386,0.37394,0.36595,0.35963,0.35505,0.35147,0.34929,0.34726,0.34686,0.34611,0.34475,0.34218,0.34296,0.34506,0.34451,0.33861,0.33135,0.33059,0.32,0.33885,0.33189,0.19854,0.1894,0.23349,0.25031,0.32812,0.32924
0.12604,0.13919,0.19469,0.24511,0.29281,0.33924,0.37985,0.40793,0.42389,0.4249,0.41938,0.40751,0.39566,0.38386,0.37394,0.36595,0.35963,0.35505,0.35147,0.34929,0.34726,0.34686,0.34611,0.34475,0.34218,0.34296,0.34506,0.34451,0.33861,0.33135,0.33059,0.32,0.33885,0.33189,0.19854,0.1894,0.23349,0.25031,0.32812,0.32924
0.12604,0.13919,0.19469,0.24511,0.29281,0.33924,0.37985,0.40793,0.42389,0.4249,0.41938,0.40751,0.39566,0.38386,0.37394,0.36595,0.35963,0.35505,0.35147,0.34929,0.34726,0.34686,0.34611,0.34475,0.34218,0.34296,0.34506,0.34451,0.33861,0.33135,0.33059,0.32,0.33885,0.33189,0.19854,0.1894,0.23349,0.25031,0.32812,0.32924
0.12604,0.13919,0.19469,0.24511,0.29281,0.33924,0.37985,0.40793,0.42389,0.4249,0.41938,0.40751,0.39566,0.38386,0.37394,0.36595,0.35963,0.35505,0.35147,0.34929,0.34726,0.34686,0.34611,0.34475,0.34218,0.34296,0.34506,0.34451,0.33861,0.33135,0.33059,0.32,0.33885,0.33189,0.19854,0.1894,0.23349,0.25031,0.32812,0.32924
0.12604,0.13919,0.19469,0.24511,0.29281,0.33924,0.37985,0.40793,0.42389,0.4249,0.41938,0.40751,0.39566,0.38386,0.37394,0.36595,0.35963,0.35505,0.35147,0.34929,0.34726,0.34686,0.34611,0.34475,0.34218,0.34296,0.34506,0.34451,0.33861,0.33135,0.33059,0.32,0.33885,0.33189,0.19854,0.1894,0.23349,0.25031,0.32812,0.32924
0.12604,0.13919,0.19469,0.24511,0.29281,0.33924,0.37985,0.40793,0.42389,0.4249,0.41938,0.40751,0.39566,0.38386,0.37394,0.36595,0.35963,0.35505,0.35147,0.34929,0.34726,0.34686,0.34611,0.34475,0.34218,0.34296,0.34506,0.34451,0.33861,0.33135,0.33059,0.32,0.33885,0.33189,0.19854,0.1894,0.23349,0.25031,0.32812,0.32924
0.14014,0.17112,0.29299,0.37955,0.43572,0.47021,0.48594,0.48698,0.48107,0.47197,0.46353,0.45617,0.45057,0.44645,0.44354,0.4417,0.44046,0.43974,0.43923,0.43924,0.43963,0.43887,0.43886,0.43981,0.44138,0.44152,0.43715,0.43507,0.58164,0.6034,0.43712,0.43712,0.45454,0.45363,0.45268,0.45218,0.42355,0.42552,0.5128,0.50821
0.14014,0.17112,0.29299,0.37955,0.43572,0.47021,0.48594,0.48698,0.48107,0.47197,0.46353,0.45617,0.45057,0.44645,0.44354,0.4417,0.44046,0.43974,0.43923,0.43924,0.43963,0.43887,0.43886,0.43981,0.44138,0.44152,0.43715,0.43507,0.58164,0.6034,0.43712,0.43712,0.45454,0.45363,0.45268,0.45218,0.42355,0.42552,0.5128,0.50821
0.14014,0.17112,0.29299,0.37955,0.43572,0.47021,0.48594,0.48698,0.48107,0.47197,0.46353,0.45617,0.45057,0.44645,0.44354,0.4417,0.44046,0.43974,0.43923,0.43924,0.43963,0.43887,0.43886,0.43981,0.44138,0.44152,0.43715,0.43507,0.58164,0.6034,0.43712,0.43712,0.45454,0.45363,0.45268,0.45218,0.42355,0.42552,0.5128,0.50821
0.14014,0.17112,0.29299,0.37955,0.43572,0.47021,0.48594,0.48698,0.48107,0.47197,0.46353,0.45617,0.45057,0.44645,0.44354,0.4417,0.44046,0.43974,0.43923,0.43924,0.43963,0.43887,0.43886,0.43981,0.44138,0.44152,0.43715,0.43507,0.58164,0.6034,0.43712,0.43712,0.45454,0.45363,0.45268,0.45218,0.42355,0.42552,0.5128,0.50821
0.14014,0.17112,0.29299,0.37955,0.43572,0.47021,0.48594,0.48698,0.48107,0.47197,0.46353,0.45617,0.45057,0.44645,0.44354,0.4417,0.44046,0.43974,0.43923,0.43924,0.43963,0.43887,0.43886,0.43981,0.44138,0.44152,0.43715,0.43507,0.58164,0.6034,0.43712,0.43712,0.45454,0.45363,0.45268,0.45218,0.42355,0.42552,0.5128,0.50821
0.14014,0.17112,0.29299,0.37955,0.43572,0.47021,0.48594,0.48698,0.48107,0.47197,0.46353,0.45617,0.45057,0.44645,0.44354,0.4417,0.44046,0.43974,0.43923,0.43924,0.43963,0.43887,0.43886,0.43981,0.44138,0.44152,0.43715,0.43507,0.58164,0.6034,0.43712,0.43712,0.45454,0.45363,0.45268,0.45218,0.42355,0.42552,0.5128,0.50821
0.14014,0.17112,0.29299,0.37955,0.43572,0.47021,0.48594,0.48698,0.48107,0.47197,0.46353,0.45617,0.45057,0.44645,0.44354,0.4417,0.44046,0.43974,0.43923,0.43924,0.43963,0.43887,0.43886,0.43981,0.44138,0.44152,0.43715,0.43507,0.58164,0.6034,0.43712,0.43712,0.45454,0.45363,0.45268,0.45218,0.42355,0.42552,0.5128,0.50821
