0.02092,0.024019,0.03587,0.04404,0.04984,0.05489,0.059456,0.063922,0.068033,0.072245,0.076031,0.079994,0.083456,0.087161,0.090329,0.093825,0.096774,0.10015,0.10297,0.10631,0.10907,0.11245,0.1152,0.11865,0.12144,0.12499,0.12853,0.13148,0.13513,0.13815,0.14191,0.14499,0.14886,0.15201,0.15597,0.15918,0.16323,0.1665,0.17064,0.17395
0.034411,0.038995,0.054492,0.064604,0.072708,0.080274,0.087201,0.09388,0.09999,0.10636,0.11224,0.1188,0.12479,0.13176,0.13799,0.1454,0.15189,0.15971,0.16643,0.1746,0.18153,0.19001,0.19709,0.20583,0.21304,0.22199,0.23086,0.23843,0.24747,0.2551,0.26426,0.27194,0.2812,0.28891,0.29824,0.30597,0.31534,0.32307,0.33246,0.34017
0.038783,0.044342,0.065179,0.079836,0.090692,0.10042,0.10959,0.11912,0.12845,0.13876,0.14864,0.15984,0.17022,0.18217,0.19294,0.20548,0.21654,0.22954,0.2408,0.25416,0.26555,0.27917,0.29065,0.30444,0.31595,0.32983,0.34344,0.35518,0.36872,0.38034,0.39372,0.40514,0.41826,0.42943,0.44218,0.45304,0.46533,0.47581,0.48756,0.4976
0.044515,0.050909,0.075225,0.092599,0.10589,0.11871,0.13158,0.14544,0.15925,0.17445,0.18903,0.2053,0.22039,0.23745,0.25285,0.27047,0.28604,0.30399,0.3196,0.33768,0.3532,0.37118,0.38646,0.40408,0.41897,0.43601,0.45231,0.46657,0.48197,0.49543,0.50976,0.5223,0.53543,0.54698,0.55884,0.56933,0.5799,0.58933,0.59861,0.60697
0.052966,0.059675,0.084296,0.10244,0.11836,0.13519,0.15274,0.17172,0.19061,0.21112,0.23073,0.25225,0.27218,0.29431,0.31431,0.33666,0.35646,0.37861,0.39794,0.41942,0.43798,0.45835,0.47584,0.4947,0.51087,0.52791,0.54364,0.55762,0.57136,0.58363,0.59536,0.60592,0.61568,0.62456,0.63244,0.63969,0.64578,0.65147,0.65588,0.66007
0.067741,0.076589,0.10579,0.12583,0.14428,0.16409,0.18475,0.20705,0.22919,0.25317,0.27605,0.30102,0.3241,0.34938,0.37215,0.39698,0.41891,0.44252,0.4631,0.4848,0.50357,0.52284,0.53949,0.55603,0.57037,0.5841,0.59623,0.60708,0.61658,0.62514,0.63216,0.63852,0.64319,0.64743,0.64983,0.65201,0.65216,0.65229,0.6502,0.64822
0.072664,0.080707,0.10998,0.13411,0.15739,0.18232,0.20812,0.23565,0.26284,0.2919,0.31949,0.34898,0.37608,0.40481,0.43053,0.4573,0.48084,0.50467,0.52539,0.54564,0.56319,0.57962,0.59388,0.60652,0.61757,0.62662,0.63389,0.64028,0.64433,0.64779,0.64873,0.64932,0.6472,0.64489,0.63968,0.63441,0.62608,0.61773,0.60624,0.59471
0.071481,0.079625,0.11103,0.13992,0.169,0.19999,0.23179,0.26531,0.29823,0.33297,0.36583,0.40029,0.43182,0.46427,0.49318,0.52209,0.54741,0.57187,0.5931,0.61287,0.63,0.64528,0.65851,0.6697,0.67932,0.6867,0.69222,0.69662,0.69855,0.69953,0.69785,0.6953,0.68993,0.68369,0.67449,0.66437,0.6513,0.63712,0.62026,0.60191
0.087234,0.096041,0.12833,0.15815,0.1891,0.22239,0.25656,0.29231,0.32709,0.36297,0.39635,0.43,0.46015,0.48947,0.51502,0.53868,0.55893,0.57653,0.5914,0.60314,0.61286,0.61914,0.62398,0.62502,0.62507,0.62088,0.61422,0.60644,0.5944,0.58124,0.56363,0.54474,0.52148,0.49661,0.46785,0.43692,0.4031,0.36632,0.3282,0.2861
0.080785,0.090715,0.13077,0.16841,0.20564,0.24471,0.28427,0.32505,0.36432,0.40392,0.44022,0.47547,0.50651,0.53523,0.5598,0.58131,0.59934,0.61401,0.62596,0.63436,0.64062,0.64298,0.64361,0.63979,0.63447,0.62412,0.61069,0.59514,0.57483,0.55208,0.52492,0.49469,0.46101,0.42331,0.38383,0.33901,0.2947,0.24347,0.19561,0.13907
0.091315,0.10232,0.14383,0.18112,0.21846,0.25812,0.29868,0.34077,0.38142,0.42228,0.4597,0.49575,0.52746,0.55664,0.58163,0.60354,0.62188,0.63687,0.64894,0.65737,0.66336,0.66531,0.66513,0.66051,0.65387,0.64259,0.62832,0.61122,0.59055,0.56647,0.53987,0.50897,0.4772,0.43992,0.40391,0.36091,0.32171,0.27382,0.23276,0.18108
0.09752,0.10972,0.15692,0.19904,0.24015,0.28302,0.32601,0.36929,0.40985,0.44858,0.48264,0.51287,0.538,0.55806,0.57364,0.58346,0.58963,0.58943,0.58623,0.57598,0.563,0.54231,0.51879,0.48716,0.45219,0.40949,0.36248,0.30933,0.25278,0.18852,0.12463,0.051309,-0.016472,-0.095325,-0.16256,-0.24214,-0.30427,-0.3794,-0.43299,-0.49939
0.10025,0.11269,0.16291,0.20986,0.25594,0.30376,0.35126,0.39821,0.44147,0.48149,0.51594,0.54525,0.56894,0.5867,0.59961,0.60617,0.60855,0.60388,0.59526,0.57869,0.5579,0.52842,0.49391,0.45094,0.40139,0.34536,0.28472,0.2133,0.14322,0.059896,-0.015191,-0.10568,-0.17984,-0.27078,-0.33803,-0.4221,-0.47815,-0.54956,-0.59295,-0.64896
0.089664,0.10372,0.16452,0.22166,0.27513,0.32919,0.38188,0.43249,0.47804,0.51856,0.55263,0.58057,0.60275,0.6189,0.63033,0.63564,0.63675,0.63105,0.6212,0.60375,0.5818,0.55215,0.51722,0.47597,0.42805,0.37698,0.32293,0.25908,0.19932,0.12788,0.066094,-0.009142,-0.069034,-0.14342,-0.19808,-0.26695,-0.31432,-0.3742,-0.41386,-0.46331
0.12638,0.1415,0.20091,0.25566,0.30992,0.36663,0.42313,0.47846,0.52906,0.57504,0.61451,0.64821,0.67579,0.69768,0.71423,0.72513,0.73106,0.73114,0.72615,0.71531,0.69878,0.67737,0.64905,0.61849,0.57928,0.54207,0.50291,0.4536,0.41248,0.36004,0.31972,0.26757,0.22926,0.18001,0.14405,0.099421,0.065759,0.026854,-0.006151,-0.039262
0.10516,0.12119,0.18954,0.25435,0.31652,0.37954,0.44038,0.49748,0.54793,0.59197,0.62872,0.65919,0.68334,0.70167,0.71435,0.721,0.72219,0.71717,0.70662,0.69092,0.66938,0.64569,0.61581,0.58828,0.55453,0.52759,0.50207,0.47286,0.45256,0.43048,0.41548,0.4011,0.39049,0.38177,0.37456,0.36843,0.36299,0.35627,0.35296,0.34381
0.1242,0.14061,0.20833,0.27233,0.33476,0.39872,0.46099,0.51995,0.57242,0.61864,0.65734,0.68945,0.71469,0.73373,0.74662,0.75383,0.7554,0.75244,0.74425,0.7341,0.71936,0.70661,0.69088,0.68106,0.67154,0.6702,0.67292,0.68309,0.69504,0.71789,0.73598,0.76346,0.78405,0.8069,0.82773,0.84036,0.8638,0.8662,0.89656,0.89283
0.1242,0.14061,0.20833,0.27233,0.33476,0.39872,0.46099,0.51995,0.57242,0.61864,0.65734,0.68945,0.71469,0.73373,0.74662,0.75383,0.7554,0.75244,0.74425,0.7341,0.71936,0.70661,0.69088,0.68106,0.67154,0.6702,0.67292,0.68309,0.69504,0.71789,0.73598,0.76346,0.78405,0.8069,0.82773,0.84036,0.8638,0.8662,0.89656,0.89283
0.1418,0.16072,0.23576,0.30251,0.36343,0.4193,0.46615,0.50156,0.5253,0.5364,0.53679,0.52372,0.49983,0.46044,0.40881,0.34127,0.25962,0.16676,0.058048,-0.050525,-0.17587,-0.28458,-0.40931,-0.50142,-0.60712,-0.67303,-0.7304,-0.79018,-0.82643,-0.86184,-0.88488,-0.90372,-0.91981,-0.92838,-0.94212,-0.94493,-0.95819,-0.95838,-0.972,-0.97235
0.093179,0.11145,0.19921,0.2859,0.3622,0.43145,0.48989,0.53498,0.56644,0.58358,0.58786,0.57688,0.55218,0.51003,0.45144,0.37569,0.27951,0.17328,0.042603,-0.081398,-0.2311,-0.35001,-0.49117,-0.58313,-0.69073,-0.74874,-0.80007,-0.84823,-0.87957,-0.9021,-0.92395,-0.93109,-0.95118,-0.95103,-0.97101,-0.9692,-0.98799,-0.98831,-0.99284,-0.98987
0.093179,0.11145,0.19921,0.2859,0.3622,0.43145,0.48989,0.53498,0.56644,0.58358,0.58786,0.57688,0.55218,0.51003,0.45144,0.37569,0.27951,0.17328,0.042603,-0.081398,-0.2311,-0.35001,-0.49117,-0.58313,-0.69073,-0.74874,-0.80007,-0.84823,-0.87957,-0.9021,-0.92395,-0.93109,-0.95118,-0.95103,-0.97101,-0.9692,-0.98799,-0.98831,-0.99284,-0.98987
0.13629,0.15718,0.24684,0.32864,0.399,0.46001,0.50846,0.5427,0.56308,0.56886,0.5608,0.53609,0.49511,0.4356,0.3559,0.2619,0.14346,0.025035,-0.12108,-0.24415,-0.39456,-0.49888,-0.62383,-0.69525,-0.77609,-0.81947,-0.86271,-0.88913,-0.92069,-0.92882,-0.95521,-0.95483,-0.97848,-0.97621,-0.99327,-0.99098,-0.99165,-0.98119,-0.96242,-0.92769
0.16456,0.18881,0.27794,0.35017,0.41238,0.46483,0.50419,0.52888,0.53919,0.53357,0.51299,0.47441,0.41911,0.34633,0.25484,0.15285,0.029838,-0.089151,-0.23108,-0.3479,-0.48642,-0.58015,-0.68996,-0.75019,-0.8191,-0.85265,-0.88585,-0.90689,-0.93163,-0.93708,-0.96078,-0.96062,-0.98274,-0.98325,-0.99468,-0.99417,-0.98734,-0.97499,-0.96234,-0.92985
0.14356,0.16654,0.26231,0.34854,0.4223,0.48475,0.53267,0.56471,0.58084,0.57978,0.56138,0.52345,0.46491,0.38852,0.28759,0.18005,0.044314,-0.076397,-0.22675,-0.33662,-0.47105,-0.55171,-0.64387,-0.69577,-0.74205,-0.78084,-0.82495,-0.8341,-0.87616,-0.87826,-0.91643,-0.92083,-0.93454,-0.93075,-0.90428,-0.86011,-0.84167,-0.75209,-0.83236,-0.74446
0.10599,0.12715,0.22576,0.31897,0.39591,0.45858,0.50412,0.53119,0.54012,0.52946,0.4999,0.45032,0.38058,0.29586,0.18928,0.080195,-0.053157,-0.16889,-0.30958,-0.41032,-0.53191,-0.60286,-0.68592,-0.73016,-0.77342,-0.80722,-0.84973,-0.86155,-0.90383,-0.9114,-0.94355,-0.95007,-0.95562,-0.94742,-0.93337,-0.8937,-0.89465,-0.82562,-0.883,-0.81028
0.12216,0.14432,0.2444,0.3392,0.42144,0.49244,0.54745,0.58389,0.60069,0.59684,0.57115,0.52444,0.45187,0.36529,0.2492,0.14078,0.0050776,-0.092207,-0.20605,-0.26797,-0.33118,-0.36064,-0.37466,-0.39198,-0.3737,-0.39623,-0.41901,-0.39945,-0.41313,-0.39629,-0.36823,-0.31784,-0.28719,-0.19476,-0.26143,-0.18295,-0.33501,-0.32883,-0.23249,-0.16344
0.12216,0.14432,0.2444,0.3392,0.42144,0.49244,0.54745,0.58389,0.60069,0.59684,0.57115,0.52444,0.45187,0.36529,0.2492,0.14078,0.0050776,-0.092207,-0.20605,-0.26797,-0.33118,-0.36064,-0.37466,-0.39198,-0.3737,-0.39623,-0.41901,-0.39945,-0.41313,-0.39629,-0.36823,-0.31784,-0.28719,-0.19476,-0.26143,-0.18295,-0.33501,-0.32883,-0.23249,-0.16344
0.12216,0.14432,0.2444,0.3392,0.42144,0.49244,0.54745,0.58389,0.60069,0.59684,0.57115,0.52444,0.45187,0.36529,0.2492,0.14078,0.0050776,-0.092207,-0.20605,-0.26797,-0.33118,-0.36064,-0.37466,-0.39198,-0.3737,-0.39623,-0.41901,-0.39945,-0.41313,-0.39629,-0.36823,-0.31784,-0.28719,-0.19476,-0.26143,-0.18295,-0.33501,-0.32883,-0.23249,-0.16344
0.15596,0.18299,0.29235,0.38593,0.45745,0.50964,0.54171,0.55311,0.54324,0.51312,0.46406,0.40779,0.34192,0.29108,0.24136,0.22102,0.20885,0.22089,0.24463,0.27541,0.32149,0.35819,0.41493,0.45032,0.50965,0.53978,0.57072,0.61369,0.6356,0.65724,0.67595,0.67093,0.70682,0.68153,0.71513,0.66469,0.69875,0.64484,0.70956,0.66724
0.15596,0.18299,0.29235,0.38593,0.45745,0.50964,0.54171,0.55311,0.54324,0.51312,0.46406,0.40779,0.34192,0.29108,0.24136,0.22102,0.20885,0.22089,0.24463,0.27541,0.32149,0.35819,0.41493,0.45032,0.50965,0.53978,0.57072,0.61369,0.6356,0.65724,0.67595,0.67093,0.70682,0.68153,0.71513,0.66469,0.69875,0.64484,0.70956,0.66724
0.15596,0.18299,0.29235,0.38593,0.45745,0.50964,0.54171,0.55311,0.54324,0.51312,0.46406,0.40779,0.34192,0.29108,0.24136,0.22102,0.20885,0.22089,0.24463,0.27541,0.32149,0.35819,0.41493,0.45032,0.50965,0.53978,0.57072,0.61369,0.6356,0.65724,0.67595,0.67093,0.70682,0.68153,0.71513,0.66469,0.69875,0.64484,0.70956,0.66724
0.16488,0.19115,0.30099,0.4001,0.48062,0.54203,0.58006,0.59334,0.58092,0.54696,0.49181,0.43507,0.37293,0.33708,0.31039,0.31079,0.32228,0.3425,0.37423,0.39959,0.43911,0.46441,0.50583,0.52911,0.56903,0.58964,0.60525,0.62935,0.64056,0.64562,0.66045,0.64475,0.68202,0.66202,0.68673,0.6511,0.6871,0.6315,0.78435,0.76527
0.16488,0.19115,0.30099,0.4001,0.48062,0.54203,0.58006,0.59334,0.58092,0.54696,0.49181,0.43507,0.37293,0.33708,0.31039,0.31079,0.32228,0.3425,0.37423,0.39959,0.43911,0.46441,0.50583,0.52911,0.56903,0.58964,0.60525,0.62935,0.64056,0.64562,0.66045,0.64475,0.68202,0.66202,0.68673,0.6511,0.6871,0.6315,0.78435,0.76527
0.08971,0.11373,0.22393,0.32511,0.40132,0.45247,0.47412,0.4672,0.43484,0.38926,0.33173,0.28814,0.24955,0.24675,0.26077,0.30247,0.36329,0.4238,0.50452,0.56009,0.63767,0.67907,0.74023,0.76568,0.80253,0.81998,0.84003,0.8394,0.86734,0.84507,0.88597,0.84842,0.92728,0.90318,0.93951,0.90093,0.89278,0.80204,0.73302,0.63262
0.08971,0.11373,0.22393,0.32511,0.40132,0.45247,0.47412,0.4672,0.43484,0.38926,0.33173,0.28814,0.24955,0.24675,0.26077,0.30247,0.36329,0.4238,0.50452,0.56009,0.63767,0.67907,0.74023,0.76568,0.80253,0.81998,0.84003,0.8394,0.86734,0.84507,0.88597,0.84842,0.92728,0.90318,0.93951,0.90093,0.89278,0.80204,0.73302,0.63262
0.08971,0.11373,0.22393,0.32511,0.40132,0.45247,0.47412,0.4672,0.43484,0.38926,0.33173,0.28814,0.24955,0.24675,0.26077,0.30247,0.36329,0.4238,0.50452,0.56009,0.63767,0.67907,0.74023,0.76568,0.80253,0.81998,0.84003,0.8394,0.86734,0.84507,0.88597,0.84842,0.92728,0.90318,0.93951,0.90093,0.89278,0.80204,0.73302,0.63262
0.1485,0.16934,0.24173,0.26966,0.24338,0.16512,0.035736,-0.13395,-0.3298,-0.51283,-0.67944,-0.79214,-0.87688,-0.92245,-0.95051,-0.96791,-0.97428,-0.98338,-0.98404,-0.98929,-0.98833,-0.98836,-0.98041,-0.98094,-0.95997,-0.98572,-0.97777,-0.94987,-0.93396,-0.85206,-0.92061,-0.84523,-0.91075,-0.82897,-0.46373,-0.23788,-0.34411,-0.18692,-0.68587,-0.6148
0.1485,0.16934,0.24173,0.26966,0.24338,0.16512,0.035736,-0.13395,-0.3298,-0.51283,-0.67944,-0.79214,-0.87688,-0.92245,-0.95051,-0.96791,-0.97428,-0.98338,-0.98404,-0.98929,-0.98833,-0.98836,-0.98041,-0.98094,-0.95997,-0.98572,-0.97777,-0.94987,-0.93396,-0.85206,-0.92061,-0.84523,-0.91075,-0.82897,-0.46373,-0.23788,-0.34411,-0.18692,-0.68587,-0.6148
0.1485,0.16934,0.24173,0.26966,0.24338,0.16512,0.035736,-0.13395,-0.3298,-0.51283,-0.67944,-0.79214,-0.87688,-0.92245,-0.95051,-0.96791,-0.97428,-0.98338,-0.98404,-0.98929,-0.98833,-0.98836,-0.98041,-0.98094,-0.95997,-0.98572,-0.97777,-0.94987,-0.93396,-0.85206,-0.92061,-0.84523,-0.91075,-0.82897,-0.46373,-0.23788,-0.34411,-0.18692,-0.68587,-0.6148
0.18455,0.21003,0.29879,0.33531,0.31629,0.24936,0.13426,-0.02006,-0.19919,-0.37129,-0.53384,-0.65623,-0.75852,-0.82316,-0.87332,-0.90656,-0.92976,-0.95003,-0.96196,-0.97242,-0.97696,-0.97926,-0.97237,-0.97614,-0.95481,-0.98194,-0.9791,-0.94937,-0.93957,-0.85675,-0.95027,-0.89433,-0.87523,-0.76624,-0.51849,-0.31094,-0.41368,-0.23912,-0.3449,-0.17959
