0.039293,0.04602,0.075834,0.10099,0.11984,0.13547,0.14847,0.15991,0.1696,0.17876,0.18656,0.19432,0.20084,0.20752,0.21304,0.21885,0.22358,0.2287,0.23281,0.23738,0.241,0.24511,0.24834,0.25205,0.25494,0.25829,0.26138,0.26388,0.26664,0.26887,0.27133,0.27329,0.27546,0.27719,0.27907,0.28057,0.28217,0.28344,0.28477,0.28583
0.075395,0.086535,0.12869,0.15755,0.17743,0.19349,0.20673,0.21836,0.22807,0.23713,0.24468,0.25205,0.25812,0.26416,0.26903,0.27389,0.27772,0.28146,0.28435,0.287,0.28901,0.29057,0.29173,0.29216,0.29249,0.29182,0.29059,0.2896,0.28736,0.28559,0.2824,0.27991,0.27584,0.27267,0.2678,0.264,0.25839,0.25402,0.24773,0.24283
0.10492,0.11866,0.16492,0.19322,0.21258,0.22818,0.24098,0.25215,0.26137,0.26969,0.27638,0.28241,0.28706,0.29097,0.29377,0.29551,0.2965,0.29598,0.29518,0.29245,0.28995,0.28513,0.28105,0.27434,0.26881,0.26038,0.25132,0.24357,0.23305,0.22418,0.21235,0.20246,0.18944,0.17865,0.16457,0.15296,0.13792,0.12558,0.10971,0.09672
0.11955,0.13521,0.18816,0.2193,0.23907,0.2542,0.26601,0.27554,0.28271,0.288,0.29133,0.29226,0.29225,0.28928,0.28582,0.27917,0.27281,0.26294,0.25409,0.24148,0.23052,0.21555,0.2028,0.18579,0.17152,0.15274,0.13353,0.11685,0.096241,0.078505,0.056704,0.038059,0.015267,-0.0041532,-0.027738,-0.047805,-0.071979,-0.092563,-0.11712,-0.1381
0.15227,0.16894,0.22099,0.25168,0.27299,0.28992,0.30311,0.3134,0.32069,0.32519,0.32722,0.326,0.32311,0.31644,0.30911,0.29754,0.28634,0.27048,0.25598,0.2364,0.2191,0.19636,0.17668,0.15128,0.12959,0.10198,0.074,0.049248,0.019771,-0.006195,-0.036745,-0.06364,-0.094852,-0.1224,-0.15388,-0.18181,-0.21319,-0.24125,-0.27218,-0.30013
0.1557,0.17144,0.21904,0.24553,0.26277,0.2757,0.28496,0.29064,0.29288,0.29077,0.28601,0.27632,0.26531,0.24895,0.23267,0.21059,0.18995,0.16311,0.13893,0.10831,0.081348,0.047938,0.018918,-0.016337,-0.046792,-0.083052,-0.11874,-0.15095,-0.18662,-0.21894,-0.25404,-0.28611,-0.32019,-0.35168,-0.38439,-0.41504,-0.44607,-0.47568,-0.50482,-0.53323
0.17252,0.18953,0.2398,0.26706,0.28449,0.29711,0.30548,0.30949,0.30944,0.30414,0.29572,0.2814,0.26557,0.24332,0.22131,0.19251,0.16558,0.13178,0.10118,0.06389,0.030705,-0.0087085,-0.043573,-0.08398,-0.11978,-0.16023,-0.19954,-0.23604,-0.27432,-0.31023,-0.34693,-0.38187,-0.41657,-0.45023,-0.48261,-0.51478,-0.54457,-0.57503,-0.60203,-0.63059
0.19841,0.21598,0.26703,0.29527,0.31388,0.32658,0.33321,0.3331,0.3274,0.31444,0.29774,0.27339,0.24754,0.21367,0.18052,0.13924,0.10055,0.054025,0.011398,-0.038357,-0.083542,-0.13473,-0.18124,-0.23224,-0.27894,-0.32836,-0.37555,-0.42089,-0.46498,-0.50807,-0.54831,-0.58854,-0.62441,-0.6613,-0.6925,-0.72569,-0.75213,-0.78135,-0.80313,-0.82826
0.21074,0.23049,0.29062,0.32507,0.34679,0.36065,0.36719,0.36605,0.35869,0.34327,0.32369,0.29569,0.26608,0.22798,0.19064,0.14514,0.10215,0.051716,0.0048,-0.04839,-0.097736,-0.15175,-0.20216,-0.25533,-0.3056,-0.35655,-0.40508,-0.45332,-0.49823,-0.54393,-0.58445,-0.6269,-0.66246,-0.70099,-0.7312,-0.76522,-0.78996,-0.81908,-0.83856,-0.86265
0.23632,0.2549,0.31027,0.34418,0.36723,0.38198,0.3881,0.3848,0.37397,0.35338,0.32795,0.29273,0.2557,0.20931,0.16369,0.1096,0.057967,-0.000734,-0.056174,-0.11672,-0.17395,-0.23384,-0.29101,-0.34811,-0.40358,-0.45623,-0.50546,-0.55561,-0.59891,-0.64425,-0.68106,-0.72084,-0.75097,-0.78472,-0.80841,-0.83603,-0.85391,-0.87569,-0.88866,-0.90518
0.25606,0.27647,0.33484,0.37078,0.39667,0.41406,0.42196,0.41915,0.40745,0.38456,0.35583,0.3167,0.27522,0.22478,0.17447,0.11692,0.060788,-0.00045988,-0.060029,-0.12222,-0.18331,-0.24431,-0.30546,-0.36351,-0.42342,-0.47689,-0.52719,-0.58144,-0.62528,-0.67408,-0.71047,-0.75241,-0.78106,-0.81537,-0.83669,-0.86321,-0.87831,-0.89736,-0.90791,-0.92017
0.21316,0.2266,0.26238,0.27704,0.2775,0.26525,0.24216,0.2071,0.16499,0.1122,0.057364,-0.0054816,-0.066445,-0.13246,-0.19475,-0.25906,-0.31945,-0.37876,-0.43508,-0.48722,-0.53806,-0.58169,-0.62601,-0.66031,-0.69714,-0.72191,-0.74272,-0.76616,-0.77883,-0.79406,-0.80011,-0.80798,-0.80946,-0.81128,-0.81036,-0.80764,-0.80701,-0.80163,-0.8043,-0.79888
0.23125,0.24638,0.2842,0.29533,0.28839,0.26548,0.22986,0.18109,0.12533,0.058728,-0.0093694,-0.08526,-0.15868,-0.23625,-0.30953,-0.38297,-0.45199,-0.51703,-0.57875,-0.63282,-0.68541,-0.72751,-0.77013,-0.80067,-0.83327,-0.8538,-0.87101,-0.88973,-0.90026,-0.91206,-0.91818,-0.92478,-0.92848,-0.93141,-0.93413,-0.93449,-0.93794,-0.93686,-0.94251,-0.9416
0.21225,0.22472,0.25877,0.27025,0.26557,0.24664,0.21513,0.1696,0.11607,0.051505,-0.014887,-0.088003,-0.1589,-0.23216,-0.30159,-0.36881,-0.43237,-0.48924,-0.54388,-0.5879,-0.63158,-0.6619,-0.69341,-0.71064,-0.7296,-0.73539,-0.73802,-0.73907,-0.73436,-0.72563,-0.71618,-0.69911,-0.68786,-0.66422,-0.65488,-0.62791,-0.62172,-0.59513,-0.59015,-0.56599
0.263,0.281,0.32528,0.33615,0.32571,0.29762,0.25492,0.19717,0.13131,0.054912,-0.023293,-0.10692,-0.18879,-0.27074,-0.3499,-0.42388,-0.49603,-0.55815,-0.62045,-0.66863,-0.71898,-0.75279,-0.79002,-0.81091,-0.83555,-0.84672,-0.85688,-0.86635,-0.87314,-0.87674,-0.88464,-0.88601,-0.89662,-0.89877,-0.90866,-0.91108,-0.91984,-0.92105,-0.9283,-0.92653
0.25643,0.27928,0.33759,0.34809,0.32799,0.28488,0.2242,0.1463,0.059562,-0.038409,-0.13782,-0.24121,-0.34152,-0.43752,-0.52876,-0.60816,-0.6836,-0.74239,-0.79931,-0.83851,-0.87766,-0.90133,-0.92584,-0.93893,-0.95273,-0.95996,-0.96698,-0.97132,-0.97668,-0.97777,-0.98361,-0.98359,-0.98963,-0.99007,-0.99261,-0.9921,-0.98999,-0.98502,-0.98258,-0.97092
0.27378,0.29433,0.34712,0.35858,0.33935,0.29595,0.23544,0.15991,0.077692,-0.013064,-0.10429,-0.19834,-0.28998,-0.37872,-0.46495,-0.5429,-0.61993,-0.68351,-0.74802,-0.79494,-0.8442,-0.87482,-0.90833,-0.92591,-0.94567,-0.95505,-0.96531,-0.97134,-0.97976,-0.98186,-0.98818,-0.98786,-0.99355,-0.99227,-0.9973,-0.99609,-0.99656,-0.99306,-0.98711,-0.97566
0.25537,0.27122,0.31124,0.31966,0.30352,0.26436,0.20575,0.12877,0.042361,-0.053518,-0.15062,-0.24813,-0.34264,-0.42851,-0.51046,-0.57654,-0.63991,-0.68374,-0.72626,-0.7499,-0.77247,-0.78076,-0.78651,-0.78545,-0.77814,-0.77328,-0.77114,-0.75517,-0.75519,-0.74013,-0.73929,-0.72671,-0.72307,-0.70905,-0.70487,-0.68397,-0.68717,-0.65947,-0.67238,-0.64252
0.27012,0.28911,0.34267,0.36186,0.35373,0.32173,0.27085,0.20433,0.1303,0.049969,-0.031047,-0.11156,-0.19099,-0.26475,-0.33874,-0.40138,-0.46617,-0.51295,-0.56295,-0.59125,-0.62238,-0.63493,-0.64778,-0.65506,-0.65707,-0.67078,-0.68811,-0.692,-0.71777,-0.72378,-0.75897,-0.76802,-0.78713,-0.78026,-0.76361,-0.70826,-0.74238,-0.65517,-0.80196,-0.72255
0.30214,0.32685,0.38552,0.39187,0.36022,0.29824,0.21444,0.11324,0.0035385,-0.11224,-0.22848,-0.34003,-0.44849,-0.54299,-0.63428,-0.70525,-0.77402,-0.82061,-0.86593,-0.89298,-0.91869,-0.93395,-0.9455,-0.95751,-0.96111,-0.97413,-0.98239,-0.98358,-0.98889,-0.98751,-0.98883,-0.9824,-0.98034,-0.96363,-0.96749,-0.93981,-0.97813,-0.96146,-0.9743,-0.94868
0.30214,0.32685,0.38552,0.39187,0.36022,0.29824,0.21444,0.11324,0.0035385,-0.11224,-0.22848,-0.34003,-0.44849,-0.54299,-0.63428,-0.70525,-0.77402,-0.82061,-0.86593,-0.89298,-0.91869,-0.93395,-0.9455,-0.95751,-0.96111,-0.97413,-0.98239,-0.98358,-0.98889,-0.98751,-0.98883,-0.9824,-0.98034,-0.96363,-0.96749,-0.93981,-0.97813,-0.96146,-0.9743,-0.94868
0.28214,0.30111,0.35156,0.36114,0.33678,0.28407,0.21173,0.12733,0.03898,-0.046527,-0.12798,-0.19573,-0.25634,-0.29399,-0.32053,-0.31866,-0.29797,-0.25568,-0.18215,-0.11183,0.0055165,0.082053,0.21623,0.28175,0.39625,0.44045,0.50923,0.54569,0.62175,0.61264,0.71802,0.68307,0.84786,0.83042,0.92215,0.8808,0.85911,0.75062,0.587,0.4051
0.28214,0.30111,0.35156,0.36114,0.33678,0.28407,0.21173,0.12733,0.03898,-0.046527,-0.12798,-0.19573,-0.25634,-0.29399,-0.32053,-0.31866,-0.29797,-0.25568,-0.18215,-0.11183,0.0055165,0.082053,0.21623,0.28175,0.39625,0.44045,0.50923,0.54569,0.62175,0.61264,0.71802,0.68307,0.84786,0.83042,0.92215,0.8808,0.85911,0.75062,0.587,0.4051
0.32317,0.34425,0.39502,0.394,0.34795,0.26219,0.14698,0.012258,-0.13237,-0.27326,-0.41007,-0.52345,-0.62667,-0.70035,-0.76363,-0.80473,-0.83611,-0.85884,-0.86996,-0.88749,-0.8893,-0.90892,-0.91338,-0.9158,-0.90591,-0.90284,-0.92065,-0.90162,-0.91305,-0.87651,-0.86226,-0.76581,-0.75974,-0.56439,-0.50294,-0.23234,-0.61158,-0.4809,-0.51149,-0.4288
0.32317,0.34425,0.39502,0.394,0.34795,0.26219,0.14698,0.012258,-0.13237,-0.27326,-0.41007,-0.52345,-0.62667,-0.70035,-0.76363,-0.80473,-0.83611,-0.85884,-0.86996,-0.88749,-0.8893,-0.90892,-0.91338,-0.9158,-0.90591,-0.90284,-0.92065,-0.90162,-0.91305,-0.87651,-0.86226,-0.76581,-0.75974,-0.56439,-0.50294,-0.23234,-0.61158,-0.4809,-0.51149,-0.4288
0.32317,0.34425,0.39502,0.394,0.34795,0.26219,0.14698,0.012258,-0.13237,-0.27326,-0.41007,-0.52345,-0.62667,-0.70035,-0.76363,-0.80473,-0.83611,-0.85884,-0.86996,-0.88749,-0.8893,-0.90892,-0.91338,-0.9158,-0.90591,-0.90284,-0.92065,-0.90162,-0.91305,-0.87651,-0.86226,-0.76581,-0.75974,-0.56439,-0.50294,-0.23234,-0.61158,-0.4809,-0.51149,-0.4288
0.37178,0.39202,0.45002,0.46415,0.44069,0.39029,0.32196,0.24052,0.14913,0.050776,-0.059445,-0.17153,-0.30037,-0.41901,-0.5516,-0.65698,-0.75836,-0.83306,-0.88374,-0.92903,-0.94144,-0.97702,-0.98036,-0.98878,-0.97653,-0.961,-0.98095,-0.95292,-0.97248,-0.93636,-0.94145,-0.86514,-0.7563,-0.55052,-0.67382,-0.47479,-0.84428,-0.73531,-0.28483,-0.090629
0.29126,0.30213,0.32853,0.31805,0.27551,0.21373,0.1452,0.080753,0.026919,-0.0057,-0.0176,-0.0002524,0.044775,0.11108,0.20889,0.30058,0.42254,0.50596,0.61326,0.66987,0.7366,0.77121,0.78974,0.82429,0.79896,0.86453,0.93803,0.92806,0.98254,0.96334,0.91282,0.78654,0.73204,0.54092,0.66974,0.57092,0.78304,0.74153,0.47565,0.37493
0.29126,0.30213,0.32853,0.31805,0.27551,0.21373,0.1452,0.080753,0.026919,-0.0057,-0.0176,-0.0002524,0.044775,0.11108,0.20889,0.30058,0.42254,0.50596,0.61326,0.66987,0.7366,0.77121,0.78974,0.82429,0.79896,0.86453,0.93803,0.92806,0.98254,0.96334,0.91282,0.78654,0.73204,0.54092,0.66974,0.57092,0.78304,0.74153,0.47565,0.37493
0.29126,0.30213,0.32853,0.31805,0.27551,0.21373,0.1452,0.080753,0.026919,-0.0057,-0.0176,-0.0002524,0.044775,0.11108,0.20889,0.30058,0.42254,0.50596,0.61326,0.66987,0.7366,0.77121,0.78974,0.82429,0.79896,0.86453,0.93803,0.92806,0.98254,0.96334,0.91282,0.78654,0.73204,0.54092,0.66974,0.57092,0.78304,0.74153,0.47565,0.37493
0.29126,0.30213,0.32853,0.31805,0.27551,0.21373,0.1452,0.080753,0.026919,-0.0057,-0.0176,-0.0002524,0.044775,0.11108,0.20889,0.30058,0.42254,0.50596,0.61326,0.66987,0.7366,0.77121,0.78974,0.82429,0.79896,0.86453,0.93803,0.92806,0.98254,0.96334,0.91282,0.78654,0.73204,0.54092,0.66974,0.57092,0.78304,0.74153,0.47565,0.37493
0.33527,0.34574,0.36478,0.33361,0.25413,0.14279,0.016785,-0.10499,-0.21548,-0.2998,-0.36454,-0.40916,-0.4342,-0.45209,-0.44386,-0.43608,-0.3917,-0.35978,-0.28563,-0.24183,-0.16443,-0.15594,-0.16657,-0.049618,-0.055501,0.10818,0.36654,0.38059,0.78657,0.76919,0.47893,0.29406,-0.16526,-0.23091,0.34269,0.34136,0.62252,0.6321,0.34633,0.33163
0.36892,0.38955,0.44733,0.44999,0.41386,0.36582,0.32042,0.2894,0.27181,0.27988,0.30945,0.37098,0.4672,0.57738,0.71123,0.81088,0.88788,0.93898,0.95861,0.96854,0.94388,0.98202,0.95063,0.94668,0.8978,0.89986,0.85658,0.75603,0.91278,0.88968,0.757,0.73695,0.57511,0.54907,0.79736,0.80032,0.68443,0.6839,0.59657,0.59898
0.36892,0.38955,0.44733,0.44999,0.41386,0.36582,0.32042,0.2894,0.27181,0.27988,0.30945,0.37098,0.4672,0.57738,0.71123,0.81088,0.88788,0.93898,0.95861,0.96854,0.94388,0.98202,0.95063,0.94668,0.8978,0.89986,0.85658,0.75603,0.91278,0.88968,0.757,0.73695,0.57511,0.54907,0.79736,0.80032,0.68443,0.6839,0.59657,0.59898
0.36892,0.38955,0.44733,0.44999,0.41386,0.36582,0.32042,0.2894,0.27181,0.27988,0.30945,0.37098,0.4672,0.57738,0.71123,0.81088,0.88788,0.93898,0.95861,0.96854,0.94388,0.98202,0.95063,0.94668,0.8978,0.89986,0.85658,0.75603,0.91278,0.88968,0.757,0.73695,0.57511,0.54907,0.79736,0.80032,0.68443,0.6839,0.59657,0.59898
0.36892,0.38955,0.44733,0.44999,0.41386,0.36582,0.32042,0.2894,0.27181,0.27988,0.30945,0.37098,0.4672,0.57738,0.71123,0.81088,0.88788,0.93898,0.95861,0.96854,0.94388,0.98202,0.95063,0.94668,0.8978,0.89986,0.85658,0.75603,0.91278,0.88968,0.757,0.73695,0.57511,0.54907,0.79736,0.80032,0.68443,0.6839,0.59657,0.59898
0.36892,0.38955,0.44733,0.44999,0.41386,0.36582,0.32042,0.2894,0.27181,0.27988,0.30945,0.37098,0.4672,0.57738,0.71123,0.81088,0.88788,0.93898,0.95861,0.96854,0.94388,0.98202,0.95063,0.94668,0.8978,0.89986,0.85658,0.75603,0.91278,0.88968,0.757,0.73695,0.57511,0.54907,0.79736,0.80032,0.68443,0.6839,0.59657,0.59898
0.36892,0.38955,0.44733,0.44999,0.41386,0.36582,0.32042,0.2894,0.27181,0.27988,0.30945,0.37098,0.4672,0.57738,0.71123,0.81088,0.88788,0.93898,0.95861,0.96854,0.94388,0.98202,0.95063,0.94668,0.8978,0.89986,0.85658,0.75603,0.91278,0.88968,0.757,0.73695,0.57511,0.54907,0.79736,0.80032,0.68443,0.6839,0.59657,0.59898
0.55931,0.56946,0.57512,0.51831,0.41311,0.28209,0.14328,0.013324,-0.10909,-0.22149,-0.33347,-0.43483,-0.53819,-0.61632,-0.69461,-0.74084,-0.76901,-0.81591,-0.80181,-0.82435,-0.68567,-0.89467,-0.80071,-0.71398,-0.40471,-0.2316,-0.040933,0.34436,0.85881,0.87521,0.5457,0.44111,0.42434,0.39963,0.5491,0.54116,0.65094,0.66835,0.82667,0.81493
0.55931,0.56946,0.57512,0.51831,0.41311,0.28209,0.14328,0.013324,-0.10909,-0.22149,-0.33347,-0.43483,-0.53819,-0.61632,-0.69461,-0.74084,-0.76901,-0.81591,-0.80181,-0.82435,-0.68567,-0.89467,-0.80071,-0.71398,-0.40471,-0.2316,-0.040933,0.34436,0.85881,0.87521,0.5457,0.44111,0.42434,0.39963,0.5491,0.54116,0.65094,0.66835,0.82667,0.81493
