0.019891,0.023452,0.040173,0.056296,0.070651,0.08491,0.098962,0.11321,0.12686,0.14093,0.15407,0.1679,0.18052,0.19406,0.20614,0.21933,0.23085,0.24364,0.25461,0.26694,0.27735,0.28919,0.29905,0.31036,0.31968,0.33047,0.34081,0.34956,0.35942,0.36768,0.37711,0.38495,0.394,0.40146,0.41017,0.41731,0.42573,0.43259,0.44075,0.44736
0.040651,0.047939,0.082243,0.11524,0.14401,0.17178,0.19836,0.22448,0.24872,0.27284,0.29459,0.3166,0.33595,0.35593,0.37316,0.39137,0.40686,0.42368,0.43786,0.45363,0.4668,0.48173,0.49411,0.50832,0.52002,0.53355,0.54649,0.55751,0.56983,0.58025,0.59196,0.60182,0.61293,0.62224,0.63274,0.64152,0.6514,0.65966,0.66889,0.67662
0.058675,0.069223,0.11851,0.16444,0.2028,0.23887,0.27288,0.30586,0.33592,0.36525,0.39116,0.41713,0.43976,0.46328,0.48361,0.50535,0.52396,0.5442,0.56135,0.58021,0.59603,0.61354,0.62811,0.64424,0.6576,0.67232,0.68597,0.69769,0.70987,0.72033,0.73104,0.74027,0.74955,0.75761,0.76555,0.77254,0.77926,0.78526,0.7909,0.79602
0.083598,0.097852,0.16341,0.22534,0.27747,0.32396,0.36436,0.40048,0.4317,0.46138,0.48743,0.51363,0.53658,0.56038,0.581,0.60274,0.62136,0.64114,0.65791,0.67561,0.69053,0.70599,0.71901,0.73215,0.74328,0.75418,0.7638,0.77234,0.78006,0.78704,0.7931,0.7987,0.80334,0.80775,0.81116,0.81453,0.81686,0.81931,0.82066,0.82228
0.10758,0.12588,0.20903,0.2832,0.34119,0.39036,0.43195,0.46928,0.50206,0.53356,0.5614,0.58901,0.61316,0.63752,0.65855,0.67972,0.6978,0.71561,0.73071,0.74509,0.75733,0.76848,0.77809,0.78639,0.79371,0.79957,0.80431,0.80872,0.81159,0.81441,0.81562,0.81699,0.81672,0.81675,0.81507,0.81381,0.81076,0.80821,0.80378,0.79992
0.12497,0.1463,0.24325,0.32608,0.3856,0.43459,0.47707,0.51665,0.55229,0.58674,0.61725,0.64691,0.67258,0.69723,0.71814,0.73763,0.75404,0.76874,0.78122,0.79194,0.80121,0.8088,0.81555,0.82067,0.82539,0.82844,0.83059,0.8327,0.83314,0.83371,0.83251,0.83158,0.82875,0.82628,0.82182,0.81776,0.81167,0.80598,0.7983,0.79094
0.15939,0.18611,0.30439,0.39573,0.45577,0.50565,0.55022,0.59183,0.62908,0.664,0.69447,0.72265,0.74658,0.76778,0.78547,0.8003,0.81274,0.82265,0.83117,0.8376,0.84333,0.84721,0.85082,0.85266,0.85448,0.85446,0.85356,0.85263,0.84981,0.84694,0.84207,0.83702,0.82992,0.82237,0.81299,0.80267,0.79087,0.77753,0.76313,0.74651
0.1573,0.18539,0.31595,0.42253,0.49201,0.54706,0.59358,0.6352,0.67138,0.70464,0.73313,0.75874,0.7803,0.79898,0.81477,0.82798,0.83942,0.84858,0.8568,0.8629,0.86861,0.87222,0.87576,0.8771,0.87855,0.87764,0.87574,0.87366,0.86953,0.86499,0.85861,0.85146,0.84277,0.83284,0.82191,0.8091,0.7959,0.78009,0.76489,0.74619
0.19405,0.22517,0.36145,0.46621,0.53468,0.58902,0.63472,0.67534,0.71043,0.74145,0.76741,0.78896,0.80659,0.82017,0.83128,0.83887,0.84506,0.84804,0.85026,0.84933,0.84798,0.84336,0.8384,0.83004,0.82118,0.80895,0.79512,0.77958,0.76169,0.74134,0.71935,0.69389,0.66784,0.63716,0.60761,0.5721,0.53983,0.50038,0.46661,0.42466
0.20055,0.2306,0.3589,0.4545,0.51709,0.56715,0.60908,0.64529,0.67536,0.69983,0.71899,0.73261,0.74259,0.74752,0.7503,0.74838,0.74521,0.73745,0.72884,0.71556,0.70147,0.68271,0.66287,0.63874,0.61298,0.5839,0.55316,0.51906,0.48461,0.4459,0.40904,0.36693,0.32926,0.28541,0.24839,0.20462,0.16939,0.12735,0.094889,0.056028
0.25148,0.2843,0.41221,0.50182,0.56363,0.61471,0.65755,0.69288,0.72055,0.74061,0.75492,0.76314,0.76813,0.76843,0.76689,0.7611,0.75388,0.74225,0.72892,0.71099,0.69048,0.66574,0.63683,0.60507,0.56678,0.52815,0.48702,0.43563,0.38928,0.33035,0.28087,0.21769,0.16758,0.10495,0.056815,0.00018633,-0.043989,-0.089321,-0.12936,-0.1588
0.22875,0.2663,0.42707,0.54728,0.62754,0.69134,0.74326,0.78568,0.81939,0.84635,0.86812,0.88594,0.90117,0.91386,0.92531,0.93449,0.94319,0.94947,0.95576,0.95962,0.96374,0.96583,0.96827,0.9692,0.9705,0.97091,0.97158,0.97209,0.97272,0.97312,0.97345,0.9735,0.97338,0.9726,0.97216,0.97022,0.9692,0.96555,0.9634,0.95689
0.26383,0.30015,0.44468,0.55482,0.63437,0.69814,0.74944,0.79006,0.82144,0.84442,0.86175,0.87347,0.88231,0.88736,0.8908,0.89105,0.88996,0.88566,0.87964,0.87061,0.85897,0.84472,0.82648,0.8066,0.78072,0.75492,0.72502,0.68734,0.65001,0.60405,0.55975,0.50728,0.45498,0.39795,0.33775,0.27825,0.20948,0.1479,0.069313,0.0017382
0.31397,0.35196,0.49957,0.60682,0.67874,0.73114,0.76844,0.79352,0.81016,0.81988,0.82556,0.82612,0.82384,0.81591,0.80465,0.78684,0.76389,0.73463,0.69696,0.65521,0.60058,0.54707,0.47618,0.41414,0.33271,0.26676,0.19596,0.11968,0.04896,-0.013663,-0.084274,-0.12728,-0.20285,-0.2277,-0.31443,-0.33217,-0.42455,-0.44984,-0.4883,-0.49292
0.30369,0.34071,0.4846,0.58848,0.65886,0.7112,0.74959,0.77756,0.79864,0.81386,0.82534,0.83101,0.83353,0.829,0.82097,0.80554,0.78521,0.75854,0.72383,0.68522,0.63337,0.58233,0.5114,0.44925,0.36169,0.29274,0.21691,0.12991,0.050724,-0.019999,-0.10634,-0.15102,-0.25817,-0.28114,-0.41327,-0.42511,-0.58037,-0.59609,-0.6859,-0.66
0.34328,0.37899,0.50255,0.58233,0.63721,0.67837,0.70763,0.72607,0.73668,0.73889,0.73566,0.72425,0.70752,0.68176,0.64917,0.60771,0.55669,0.49945,0.42901,0.3585,0.27121,0.19305,0.096867,0.018362,-0.074427,-0.14686,-0.22423,-0.28937,-0.36658,-0.41027,-0.49543,-0.52446,-0.62228,-0.65235,-0.72652,-0.74902,-0.73405,-0.68796,-0.63299,-0.51275
0.30093,0.33431,0.47186,0.58075,0.65463,0.70475,0.73583,0.75149,0.75677,0.75206,0.74027,0.71956,0.69137,0.65495,0.60853,0.55662,0.4905,0.42517,0.34143,0.26872,0.17745,0.10676,0.026557,-0.032586,-0.07858,-0.12802,-0.1933,-0.18259,-0.25478,-0.21934,-0.28085,-0.2343,-0.22086,-0.13143,-0.06161,0.072078,0.083119,0.19819,0.14441,0.2138
0.30093,0.33431,0.47186,0.58075,0.65463,0.70475,0.73583,0.75149,0.75677,0.75206,0.74027,0.71956,0.69137,0.65495,0.60853,0.55662,0.4905,0.42517,0.34143,0.26872,0.17745,0.10676,0.026557,-0.032586,-0.07858,-0.12802,-0.1933,-0.18259,-0.25478,-0.21934,-0.28085,-0.2343,-0.22086,-0.13143,-0.06161,0.072078,0.083119,0.19819,0.14441,0.2138
0.3776,0.4163,0.55812,0.65063,0.70569,0.74018,0.75917,0.76481,0.76065,0.74563,0.72173,0.68681,0.64097,0.58555,0.51656,0.44457,0.35884,0.28095,0.19451,0.12316,0.05449,-0.0025473,-0.041049,-0.082968,-0.08651,-0.11878,-0.14421,-0.11992,-0.12591,-0.087169,-0.055304,0.011638,0.04487,0.13033,0.09473,0.14861,0.061856,0.033815,0.12991,0.12969
0.41899,0.46081,0.60099,0.67921,0.72377,0.75053,0.7637,0.76519,0.75812,0.74205,0.71862,0.68735,0.64767,0.60267,0.54702,0.49198,0.42484,0.36863,0.30422,0.26082,0.22344,0.20465,0.21706,0.21718,0.27725,0.28389,0.30649,0.3814,0.42328,0.48472,0.51763,0.53253,0.56346,0.54475,0.59973,0.56103,0.66312,0.59032,0.6287,0.55363
0.36044,0.40017,0.54616,0.62826,0.66387,0.67351,0.6651,0.64173,0.60653,0.55922,0.50022,0.43172,0.35045,0.26604,0.16832,0.077151,-0.024733,-0.11212,-0.20068,-0.27794,-0.33767,-0.41119,-0.43835,-0.52353,-0.53217,-0.6341,-0.65044,-0.6208,-0.59515,-0.4753,-0.55525,-0.43251,-0.64609,-0.57553,-0.40355,-0.254,-0.075101,0.074683,0.039374,0.17428
0.36044,0.40017,0.54616,0.62826,0.66387,0.67351,0.6651,0.64173,0.60653,0.55922,0.50022,0.43172,0.35045,0.26604,0.16832,0.077151,-0.024733,-0.11212,-0.20068,-0.27794,-0.33767,-0.41119,-0.43835,-0.52353,-0.53217,-0.6341,-0.65044,-0.6208,-0.59515,-0.4753,-0.55525,-0.43251,-0.64609,-0.57553,-0.40355,-0.254,-0.075101,0.074683,0.039374,0.17428
0.49485,0.53737,0.68699,0.7761,0.82293,0.85165,0.87024,0.88017,0.88301,0.87685,0.86161,0.83764,0.80044,0.75852,0.70052,0.64392,0.57811,0.51336,0.4619,0.39162,0.36591,0.29315,0.27843,0.25928,0.28668,0.33214,0.30519,0.35991,0.30573,0.3191,0.41634,0.48786,0.63757,0.74575,0.66402,0.70822,0.49865,0.46603,0.72848,0.77033
0.49485,0.53737,0.68699,0.7761,0.82293,0.85165,0.87024,0.88017,0.88301,0.87685,0.86161,0.83764,0.80044,0.75852,0.70052,0.64392,0.57811,0.51336,0.4619,0.39162,0.36591,0.29315,0.27843,0.25928,0.28668,0.33214,0.30519,0.35991,0.30573,0.3191,0.41634,0.48786,0.63757,0.74575,0.66402,0.70822,0.49865,0.46603,0.72848,0.77033
0.49485,0.53737,0.68699,0.7761,0.82293,0.85165,0.87024,0.88017,0.88301,0.87685,0.86161,0.83764,0.80044,0.75852,0.70052,0.64392,0.57811,0.51336,0.4619,0.39162,0.36591,0.29315,0.27843,0.25928,0.28668,0.33214,0.30519,0.35991,0.30573,0.3191,0.41634,0.48786,0.63757,0.74575,0.66402,0.70822,0.49865,0.46603,0.72848,0.77033
0.47282,0.51165,0.65416,0.73943,0.7739,0.78196,0.77296,0.74893,0.71097,0.66188,0.60414,0.54937,0.49765,0.45736,0.42647,0.40284,0.3898,0.37897,0.37819,0.37721,0.38454,0.39051,0.40119,0.40479,0.40692,0.41484,0.42324,0.40955,0.4284,0.43045,0.42652,0.40203,0.3908,0.36453,0.54396,0.59543,0.49199,0.52484,0.19523,0.20824
0.41773,0.45784,0.61214,0.71185,0.75401,0.76154,0.74456,0.70744,0.65339,0.59055,0.52177,0.4656,0.42118,0.40163,0.40514,0.42379,0.46182,0.51072,0.56306,0.62692,0.66864,0.67295,0.61356,0.6526,0.54699,0.68457,0.67965,0.5458,0.54565,0.48419,0.49601,0.39564,0.43633,0.39068,0.50696,0.55789,0.4626,0.50079,0.28702,0.28698
0.41773,0.45784,0.61214,0.71185,0.75401,0.76154,0.74456,0.70744,0.65339,0.59055,0.52177,0.4656,0.42118,0.40163,0.40514,0.42379,0.46182,0.51072,0.56306,0.62692,0.66864,0.67295,0.61356,0.6526,0.54699,0.68457,0.67965,0.5458,0.54565,0.48419,0.49601,0.39564,0.43633,0.39068,0.50696,0.55789,0.4626,0.50079,0.28702,0.28698
0.41773,0.45784,0.61214,0.71185,0.75401,0.76154,0.74456,0.70744,0.65339,0.59055,0.52177,0.4656,0.42118,0.40163,0.40514,0.42379,0.46182,0.51072,0.56306,0.62692,0.66864,0.67295,0.61356,0.6526,0.54699,0.68457,0.67965,0.5458,0.54565,0.48419,0.49601,0.39564,0.43633,0.39068,0.50696,0.55789,0.4626,0.50079,0.28702,0.28698
0.41773,0.45784,0.61214,0.71185,0.75401,0.76154,0.74456,0.70744,0.65339,0.59055,0.52177,0.4656,0.42118,0.40163,0.40514,0.42379,0.46182,0.51072,0.56306,0.62692,0.66864,0.67295,0.61356,0.6526,0.54699,0.68457,0.67965,0.5458,0.54565,0.48419,0.49601,0.39564,0.43633,0.39068,0.50696,0.55789,0.4626,0.50079,0.28702,0.28698
0.42519,0.46454,0.6116,0.68799,0.70199,0.67943,0.62443,0.53498,0.40379,0.24171,0.048235,-0.14349,-0.31918,-0.48119,-0.59312,-0.70697,-0.77279,-0.81917,-0.8246,-0.83775,-0.75808,-0.88235,-0.84749,-0.64871,-0.32366,-0.40237,-0.88135,-0.77814,0.057166,0.33307,0.19847,0.34714,-0.059683,0.027935,0.72988,0.73962,0.75845,0.73233,0.27646,0.26343
0.42519,0.46454,0.6116,0.68799,0.70199,0.67943,0.62443,0.53498,0.40379,0.24171,0.048235,-0.14349,-0.31918,-0.48119,-0.59312,-0.70697,-0.77279,-0.81917,-0.8246,-0.83775,-0.75808,-0.88235,-0.84749,-0.64871,-0.32366,-0.40237,-0.88135,-0.77814,0.057166,0.33307,0.19847,0.34714,-0.059683,0.027935,0.72988,0.73962,0.75845,0.73233,0.27646,0.26343
0.42519,0.46454,0.6116,0.68799,0.70199,0.67943,0.62443,0.53498,0.40379,0.24171,0.048235,-0.14349,-0.31918,-0.48119,-0.59312,-0.70697,-0.77279,-0.81917,-0.8246,-0.83775,-0.75808,-0.88235,-0.84749,-0.64871,-0.32366,-0.40237,-0.88135,-0.77814,0.057166,0.33307,0.19847,0.34714,-0.059683,0.027935,0.72988,0.73962,0.75845,0.73233,0.27646,0.26343
0.57912,0.60873,0.71303,0.76201,0.76272,0.73202,0.67125,0.57769,0.4398,0.2613,0.024125,-0.22441,-0.46981,-0.68322,-0.79735,-0.92508,-0.9586,-0.98012,-0.93753,-0.93815,-0.81142,-0.98197,-0.94465,-0.65059,-0.27109,-0.43212,-0.87397,-0.71612,-0.010255,0.29388,0.26259,0.42671,-0.16783,-0.037065,0.81938,0.82989,0.80478,0.77869,0.21761,0.20078
0.57912,0.60873,0.71303,0.76201,0.76272,0.73202,0.67125,0.57769,0.4398,0.2613,0.024125,-0.22441,-0.46981,-0.68322,-0.79735,-0.92508,-0.9586,-0.98012,-0.93753,-0.93815,-0.81142,-0.98197,-0.94465,-0.65059,-0.27109,-0.43212,-0.87397,-0.71612,-0.010255,0.29388,0.26259,0.42671,-0.16783,-0.037065,0.81938,0.82989,0.80478,0.77869,0.21761,0.20078
0.57912,0.60873,0.71303,0.76201,0.76272,0.73202,0.67125,0.57769,0.4398,0.2613,0.024125,-0.22441,-0.46981,-0.68322,-0.79735,-0.92508,-0.9586,-0.98012,-0.93753,-0.93815,-0.81142,-0.98197,-0.94465,-0.65059,-0.27109,-0.43212,-0.87397,-0.71612,-0.010255,0.29388,0.26259,0.42671,-0.16783,-0.037065,0.81938,0.82989,0.80478,0.77869,0.21761,0.20078
0.65916,0.69354,0.79079,0.82178,0.81188,0.77181,0.69784,0.58839,0.43978,0.25775,0.055706,-0.18646,-0.39737,-0.64077,-0.77418,-0.8114,-0.60776,-0.92382,-0.80633,-0.27839,0.18747,-0.35805,-0.0063073,0.39628,0.59865,0.55938,0.34959,0.4243,0.92025,0.92086,0.6294,0.60198,0.7124,0.71059,0.68922,0.68735,0.56302,0.57615,0.84095,0.83827
0.65916,0.69354,0.79079,0.82178,0.81188,0.77181,0.69784,0.58839,0.43978,0.25775,0.055706,-0.18646,-0.39737,-0.64077,-0.77418,-0.8114,-0.60776,-0.92382,-0.80633,-0.27839,0.18747,-0.35805,-0.0063073,0.39628,0.59865,0.55938,0.34959,0.4243,0.92025,0.92086,0.6294,0.60198,0.7124,0.71059,0.68922,0.68735,0.56302,0.57615,0.84095,0.83827
0.65916,0.69354,0.79079,0.82178,0.81188,0.77181,0.69784,0.58839,0.43978,0.25775,0.055706,-0.18646,-0.39737,-0.64077,-0.77418,-0.8114,-0.60776,-0.92382,-0.80633,-0.27839,0.18747,-0.35805,-0.0063073,0.39628,0.59865,0.55938,0.34959,0.4243,0.92025,0.92086,0.6294,0.60198,0.7124,0.71059,0.68922,0.68735,0.56302,0.57615,0.84095,0.83827
0.65916,0.69354,0.79079,0.82178,0.81188,0.77181,0.69784,0.58839,0.43978,0.25775,0.055706,-0.18646,-0.39737,-0.64077,-0.77418,-0.8114,-0.60776,-0.92382,-0.80633,-0.27839,0.18747,-0.35805,-0.0063073,0.39628,0.59865,0.55938,0.34959,0.4243,0.92025,0.92086,0.6294,0.60198,0.7124,0.71059,0.68922,0.68735,0.56302,0.57615,0.84095,0.83827
