-0.011574,-0.013547,-0.022513,-0.030768,-0.037934,-0.044987,-0.051915,-0.058951,-0.065677,-0.072576,-0.078953,-0.085594,-0.09158,-0.097973,-0.10364,-0.10987,-0.11531,-0.12146,-0.12676,-0.13287,-0.13808,-0.14418,-0.14931,-0.15541,-0.16049,-0.16658,-0.17255,-0.17767,-0.1836,-0.18864,-0.19449,-0.19943,-0.20517,-0.20998,-0.21556,-0.22022,-0.22558,-0.23006,-0.23517,-0.23943
-0.022394,-0.026246,-0.044021,-0.06098,-0.075817,-0.089972,-0.10335,-0.11654,-0.12897,-0.14179,-0.15375,-0.16655,-0.17828,-0.1911,-0.20258,-0.2152,-0.22624,-0.23832,-0.24869,-0.2599,-0.26939,-0.27944,-0.28788,-0.29656,-0.30382,-0.31095,-0.31707,-0.32237,-0.32673,-0.33056,-0.33306,-0.33534,-0.33587,-0.33652,-0.33504,-0.33402,-0.3305,-0.32777,-0.32224,-0.31779
-0.032754,-0.038242,-0.063338,-0.086498,-0.10579,-0.12396,-0.14147,-0.15921,-0.17621,-0.19369,-0.20984,-0.22627,-0.24084,-0.25518,-0.26743,-0.27876,-0.28811,-0.29573,-0.30178,-0.30522,-0.30771,-0.30672,-0.30552,-0.30007,-0.29518,-0.28545,-0.27394,-0.2633,-0.24814,-0.23422,-0.21584,-0.19893,-0.17781,-0.1582,-0.13483,-0.11283,-0.087706,-0.063627,-0.037238,-0.011396
-0.050765,-0.05968,-0.099902,-0.1365,-0.16847,-0.19956,-0.22931,-0.25818,-0.28452,-0.30933,-0.33075,-0.34993,-0.36563,-0.37828,-0.38792,-0.39345,-0.39673,-0.39484,-0.39165,-0.38246,-0.37288,-0.35687,-0.34121,-0.31918,-0.29792,-0.27087,-0.24248,-0.21367,-0.18204,-0.14951,-0.11583,-0.080454,-0.046024,-0.0088258,0.025019,0.062828,0.094674,0.13169,0.1602,0.19493
-0.056694,-0.066099,-0.10664,-0.14266,-0.1748,-0.20691,-0.23813,-0.26819,-0.29498,-0.31875,-0.33823,-0.35295,-0.36347,-0.36738,-0.3679,-0.36035,-0.35056,-0.33204,-0.31232,-0.28419,-0.25546,-0.21965,-0.18319,-0.14197,-0.099321,-0.055215,-0.011717,0.035949,0.078357,0.12623,0.16475,0.20986,0.24211,0.2816,0.3062,0.33803,0.35494,0.37843,0.38881,0.40458
-0.080725,-0.094568,-0.15544,-0.20999,-0.25795,-0.30325,-0.34341,-0.37793,-0.40604,-0.42844,-0.44513,-0.45536,-0.4607,-0.45878,-0.45292,-0.43971,-0.42332,-0.4005,-0.37481,-0.34485,-0.31177,-0.27784,-0.24005,-0.20587,-0.1668,-0.13621,-0.1085,-0.075762,-0.054969,-0.029287,-0.01579,0.0019663,0.0093847,0.020013,0.023318,0.028496,0.029725,0.031236,0.031853,0.031138
-0.088743,-0.10237,-0.16425,-0.22045,-0.26469,-0.30061,-0.32684,-0.34178,-0.34635,-0.33882,-0.3232,-0.29614,-0.26371,-0.22142,-0.17553,-0.12248,-0.066193,-0.0070619,0.056159,0.11585,0.18097,0.23457,0.29449,0.33574,0.38338,0.40986,0.43185,0.45597,0.4681,0.48084,0.48736,0.49274,0.49712,0.49836,0.50237,0.50165,0.50602,0.50485,0.50891,0.50807
-0.10412,-0.12013,-0.1894,-0.25233,-0.30456,-0.34692,-0.37876,-0.40049,-0.4131,-0.41538,-0.40968,-0.39397,-0.37174,-0.34189,-0.3067,-0.2685,-0.22559,-0.18607,-0.14201,-0.10798,-0.069468,-0.045231,-0.01675,-0.0024243,0.015457,0.022836,0.030002,0.036746,0.041797,0.045286,0.050085,0.052468,0.057549,0.06017,0.064996,0.068366,0.071771,0.075326,0.076964,0.079353
-0.11553,-0.13295,-0.21328,-0.28921,-0.34928,-0.39622,-0.42959,-0.44918,-0.45766,-0.45433,-0.44294,-0.42224,-0.39588,-0.36532,-0.33131,-0.30027,-0.26753,-0.24385,-0.21943,-0.20587,-0.1917,-0.18572,-0.17929,-0.17716,-0.17508,-0.17419,-0.17292,-0.17319,-0.17198,-0.17232,-0.17156,-0.17169,-0.17206,-0.1725,-0.17358,-0.17506,-0.17503,-0.17731,-0.17516,-0.17704
-0.1132,-0.12898,-0.20056,-0.26404,-0.30831,-0.33498,-0.34348,-0.33211,-0.30489,-0.26094,-0.20564,-0.14046,-0.066788,0.0063717,0.086402,0.15216,0.22203,0.26678,0.31247,0.33462,0.3561,0.36508,0.37165,0.37652,0.37635,0.38147,0.38545,0.38475,0.38621,0.38534,0.38312,0.3794,0.37762,0.36971,0.37533,0.36706,0.38061,0.37844,0.37601,0.36811
-0.12405,-0.14028,-0.21038,-0.26295,-0.2851,-0.2807,-0.25412,-0.20722,-0.14633,-0.072895,0.0095254,0.094748,0.18725,0.26837,0.35354,0.41231,0.4697,0.49982,0.52609,0.53882,0.54631,0.55367,0.55357,0.56056,0.55934,0.56423,0.56378,0.56152,0.55896,0.55184,0.55599,0.54755,0.5604,0.55821,0.55245,0.53985,0.5025,0.44721,0.46145,0.39122
-0.18792,-0.21819,-0.34738,-0.43239,-0.47296,-0.49308,-0.4991,-0.49378,-0.48049,-0.46279,-0.44273,-0.4254,-0.40952,-0.39859,-0.38929,-0.3814,-0.37349,-0.36394,-0.35317,-0.3409,-0.32618,-0.31215,-0.29344,-0.27953,-0.25784,-0.24468,-0.23016,-0.20794,-0.19419,-0.17194,-0.16361,-0.14785,-0.14756,-0.15048,-0.13672,-0.15371,-0.1251,-0.14753,-0.15199,-0.20044
-0.18133,-0.2092,-0.3218,-0.39397,-0.43143,-0.45173,-0.45917,-0.4558,-0.44415,-0.42744,-0.40717,-0.38928,-0.37192,-0.36113,-0.35198,-0.34779,-0.34469,-0.34344,-0.343,-0.34238,-0.34264,-0.34207,-0.34215,-0.34232,-0.34259,-0.3431,-0.34288,-0.34324,-0.34257,-0.34216,-0.34278,-0.34289,-0.34897,-0.35645,-0.34876,-0.35419,-0.33579,-0.32983,-0.36074,-0.37329
-0.22205,-0.24962,-0.35414,-0.40823,-0.41589,-0.39817,-0.36436,-0.32188,-0.27267,-0.22687,-0.1813,-0.15181,-0.12807,-0.12073,-0.1181,-0.12069,-0.12592,-0.12916,-0.13438,-0.13684,-0.14027,-0.14379,-0.1486,-0.14848,-0.15409,-0.14721,-0.15256,-0.16116,-0.16371,-0.18462,-0.15906,-0.16996,-0.16423,-0.1803,-0.27548,-0.33548,-0.29109,-0.33737,-0.13938,-0.14547
-0.22205,-0.24962,-0.35414,-0.40823,-0.41589,-0.39817,-0.36436,-0.32188,-0.27267,-0.22687,-0.1813,-0.15181,-0.12807,-0.12073,-0.1181,-0.12069,-0.12592,-0.12916,-0.13438,-0.13684,-0.14027,-0.14379,-0.1486,-0.14848,-0.15409,-0.14721,-0.15256,-0.16116,-0.16371,-0.18462,-0.15906,-0.16996,-0.16423,-0.1803,-0.27548,-0.33548,-0.29109,-0.33737,-0.13938,-0.14547
-0.10107,-0.12651,-0.24642,-0.32828,-0.3454,-0.32244,-0.27448,-0.21691,-0.1572,-0.11015,-0.07111,-0.048451,-0.032208,-0.023324,-0.016838,-0.010914,-0.0050174,0.00076084,0.0081563,0.01486,0.023828,0.030495,0.03916,0.039678,0.035111,0.045586,0.058981,0.049621,0.031736,-0.015676,0.039653,-0.0017053,0.097047,0.072163,-0.11202,-0.17997,-0.14002,-0.19135,0.018334,-0.013246
-0.1348,-0.16621,-0.30846,-0.39481,-0.40769,-0.38255,-0.33463,-0.27681,-0.2158,-0.16745,-0.12931,-0.10852,-0.097081,-0.090947,-0.089616,-0.087222,-0.087177,-0.087497,-0.088871,-0.088716,-0.091237,-0.087586,-0.086499,-0.096763,-0.11422,-0.1084,-0.083847,-0.077991,-0.14406,-0.19372,-0.163,-0.20211,-0.038006,-0.017747,-0.60075,-0.62901,-0.49874,-0.45478,-0.015658,-0.029058
-0.1348,-0.16621,-0.30846,-0.39481,-0.40769,-0.38255,-0.33463,-0.27681,-0.2158,-0.16745,-0.12931,-0.10852,-0.097081,-0.090947,-0.089616,-0.087222,-0.087177,-0.087497,-0.088871,-0.088716,-0.091237,-0.087586,-0.086499,-0.096763,-0.11422,-0.1084,-0.083847,-0.077991,-0.14406,-0.19372,-0.163,-0.20211,-0.038006,-0.017747,-0.60075,-0.62901,-0.49874,-0.45478,-0.015658,-0.029058
-0.11701,-0.14753,-0.25346,-0.2777,-0.23088,-0.149,-0.052859,0.040589,0.12934,0.19712,0.24906,0.27714,0.28749,0.29178,0.28305,0.2814,0.27011,0.26594,0.25311,0.24497,0.21476,0.24733,0.24131,0.18095,0.11694,0.1191,0.23431,0.20011,-0.04577,-0.11395,0.014312,0.011058,0.0062775,0.0022015,-0.32197,-0.34834,-0.24937,-0.21653,-0.22464,-0.20917
-0.16114,-0.18081,-0.23816,-0.22929,-0.16034,-0.057112,0.06344,0.17724,0.2754,0.33591,0.36522,0.38017,0.38115,0.38302,0.3804,0.37809,0.37085,0.3777,0.37712,0.35243,0.29258,0.36576,0.35009,0.25775,0.14685,0.11528,0.31696,0.25143,-0.77818,-0.82323,0.27708,0.30316,-0.19467,-0.18007,-0.14729,-0.14131,0.013429,-0.012121,-0.59155,-0.5733
-0.16114,-0.18081,-0.23816,-0.22929,-0.16034,-0.057112,0.06344,0.17724,0.2754,0.33591,0.36522,0.38017,0.38115,0.38302,0.3804,0.37809,0.37085,0.3777,0.37712,0.35243,0.29258,0.36576,0.35009,0.25775,0.14685,0.11528,0.31696,0.25143,-0.77818,-0.82323,0.27708,0.30316,-0.19467,-0.18007,-0.14729,-0.14131,0.013429,-0.012121,-0.59155,-0.5733
-0.16114,-0.18081,-0.23816,-0.22929,-0.16034,-0.057112,0.06344,0.17724,0.2754,0.33591,0.36522,0.38017,0.38115,0.38302,0.3804,0.37809,0.37085,0.3777,0.37712,0.35243,0.29258,0.36576,0.35009,0.25775,0.14685,0.11528,0.31696,0.25143,-0.77818,-0.82323,0.27708,0.30316,-0.19467,-0.18007,-0.14729,-0.14131,0.013429,-0.012121,-0.59155,-0.5733
-0.19618,-0.20864,-0.24416,-0.25292,-0.25946,-0.2835,-0.33298,-0.40243,-0.48843,-0.56464,-0.60819,-0.64106,-0.61793,-0.61156,-0.55968,-0.51444,-0.4226,-0.45574,-0.45176,-0.24032,-0.20069,-0.14447,-0.12602,-0.11358,-0.1757,-0.16758,-0.51971,-0.59944,-0.12396,-0.13323,-0.62876,-0.61853,-0.27783,-0.27603,-0.33357,-0.33289,-0.45493,-0.45522,-0.28336,-0.28204
-0.19618,-0.20864,-0.24416,-0.25292,-0.25946,-0.2835,-0.33298,-0.40243,-0.48843,-0.56464,-0.60819,-0.64106,-0.61793,-0.61156,-0.55968,-0.51444,-0.4226,-0.45574,-0.45176,-0.24032,-0.20069,-0.14447,-0.12602,-0.11358,-0.1757,-0.16758,-0.51971,-0.59944,-0.12396,-0.13323,-0.62876,-0.61853,-0.27783,-0.27603,-0.33357,-0.33289,-0.45493,-0.45522,-0.28336,-0.28204
-0.26751,-0.26946,-0.26815,-0.25786,-0.25508,-0.26737,-0.29013,-0.30992,-0.32001,-0.32503,-0.32664,-0.32724,-0.3269,-0.32762,-0.32723,-0.32528,-0.31568,-0.3255,-0.31781,-0.29083,-0.27089,-0.26817,-0.25591,-0.3547,-0.32604,-0.27007,-0.27867,-0.27676,-0.31043,-0.31651,-0.29957,-0.29623,-0.27201,-0.27204,-0.27578,-0.27588,-0.33259,-0.33486,-0.28777,-0.28608
-0.26751,-0.26946,-0.26815,-0.25786,-0.25508,-0.26737,-0.29013,-0.30992,-0.32001,-0.32503,-0.32664,-0.32724,-0.3269,-0.32762,-0.32723,-0.32528,-0.31568,-0.3255,-0.31781,-0.29083,-0.27089,-0.26817,-0.25591,-0.3547,-0.32604,-0.27007,-0.27867,-0.27676,-0.31043,-0.31651,-0.29957,-0.29623,-0.27201,-0.27204,-0.27578,-0.27588,-0.33259,-0.33486,-0.28777,-0.28608
-0.26751,-0.26946,-0.26815,-0.25786,-0.25508,-0.26737,-0.29013,-0.30992,-0.32001,-0.32503,-0.32664,-0.32724,-0.3269,-0.32762,-0.32723,-0.32528,-0.31568,-0.3255,-0.31781,-0.29083,-0.27089,-0.26817,-0.25591,-0.3547,-0.32604,-0.27007,-0.27867,-0.27676,-0.31043,-0.31651,-0.29957,-0.29623,-0.27201,-0.27204,-0.27578,-0.27588,-0.33259,-0.33486,-0.28777,-0.28608
-0.26751,-0.26946,-0.26815,-0.25786,-0.25508,-0.26737,-0.29013,-0.30992,-0.32001,-0.32503,-0.32664,-0.32724,-0.3269,-0.32762,-0.32723,-0.32528,-0.31568,-0.3255,-0.31781,-0.29083,-0.27089,-0.26817,-0.25591,-0.3547,-0.32604,-0.27007,-0.27867,-0.27676,-0.31043,-0.31651,-0.29957,-0.29623,-0.27201,-0.27204,-0.27578,-0.27588,-0.33259,-0.33486,-0.28777,-0.28608
-0.26751,-0.26946,-0.26815,-0.25786,-0.25508,-0.26737,-0.29013,-0.30992,-0.32001,-0.32503,-0.32664,-0.32724,-0.3269,-0.32762,-0.32723,-0.32528,-0.31568,-0.3255,-0.31781,-0.29083,-0.27089,-0.26817,-0.25591,-0.3547,-0.32604,-0.27007,-0.27867,-0.27676,-0.31043,-0.31651,-0.29957,-0.29623,-0.27201,-0.27204,-0.27578,-0.27588,-0.33259,-0.33486,-0.28777,-0.28608
-0.26751,-0.26946,-0.26815,-0.25786,-0.25508,-0.26737,-0.29013,-0.30992,-0.32001,-0.32503,-0.32664,-0.32724,-0.3269,-0.32762,-0.32723,-0.32528,-0.31568,-0.3255,-0.31781,-0.29083,-0.27089,-0.26817,-0.25591,-0.3547,-0.32604,-0.27007,-0.27867,-0.27676,-0.31043,-0.31651,-0.29957,-0.29623,-0.27201,-0.27204,-0.27578,-0.27588,-0.33259,-0.33486,-0.28777,-0.28608
-0.38378,-0.36585,-0.29596,-0.26149,-0.26861,-0.27927,-0.2515,-0.16708,-0.019831,0.14335,0.33099,0.48559,0.59527,0.72455,0.71361,0.88966,0.82167,0.95003,0.67463,0.33017,-0.032795,0.0096888,-0.29571,-0.28254,-0.27525,-0.48549,0.031054,0.028217,-0.58229,-0.58037,-0.36986,-0.36189,-0.011755,-0.010452,-0.25026,-0.26114,-0.62914,-0.62082,-0.060099,-0.061953
-0.38378,-0.36585,-0.29596,-0.26149,-0.26861,-0.27927,-0.2515,-0.16708,-0.019831,0.14335,0.33099,0.48559,0.59527,0.72455,0.71361,0.88966,0.82167,0.95003,0.67463,0.33017,-0.032795,0.0096888,-0.29571,-0.28254,-0.27525,-0.48549,0.031054,0.028217,-0.58229,-0.58037,-0.36986,-0.36189,-0.011755,-0.010452,-0.25026,-0.26114,-0.62914,-0.62082,-0.060099,-0.061953
-0.46576,-0.47789,-0.55577,-0.6806,-0.80591,-0.89356,-0.94331,-0.97131,-0.98651,-0.99395,-0.9969,-0.99889,-0.99833,-0.98553,-0.91946,-0.89127,-0.66945,-0.86013,-0.94319,-0.6853,-0.69587,-0.56289,-0.56329,-0.9744,-0.97906,-0.69859,-0.56505,-0.56681,-0.98359,-0.98604,-0.69546,-0.69415,-0.57207,-0.5744,-0.98999,-0.99119,-0.69043,-0.68901,-0.57981,-0.58202
-0.46576,-0.47789,-0.55577,-0.6806,-0.80591,-0.89356,-0.94331,-0.97131,-0.98651,-0.99395,-0.9969,-0.99889,-0.99833,-0.98553,-0.91946,-0.89127,-0.66945,-0.86013,-0.94319,-0.6853,-0.69587,-0.56289,-0.56329,-0.9744,-0.97906,-0.69859,-0.56505,-0.56681,-0.98359,-0.98604,-0.69546,-0.69415,-0.57207,-0.5744,-0.98999,-0.99119,-0.69043,-0.68901,-0.57981,-0.58202
-0.46576,-0.47789,-0.55577,-0.6806,-0.80591,-0.89356,-0.94331,-0.97131,-0.98651,-0.99395,-0.9969,-0.99889,-0.99833,-0.98553,-0.91946,-0.89127,-0.66945,-0.86013,-0.94319,-0.6853,-0.69587,-0.56289,-0.56329,-0.9744,-0.97906,-0.69859,-0.56505,-0.56681,-0.98359,-0.98604,-0.69546,-0.69415,-0.57207,-0.5744,-0.98999,-0.99119,-0.69043,-0.68901,-0.57981,-0.58202
-0.46576,-0.47789,-0.55577,-0.6806,-0.80591,-0.89356,-0.94331,-0.97131,-0.98651,-0.99395,-0.9969,-0.99889,-0.99833,-0.98553,-0.91946,-0.89127,-0.66945,-0.86013,-0.94319,-0.6853,-0.69587,-0.56289,-0.56329,-0.9744,-0.97906,-0.69859,-0.56505,-0.56681,-0.98359,-0.98604,-0.69546,-0.69415,-0.57207,-0.5744,-0.98999,-0.99119,-0.69043,-0.68901,-0.57981,-0.58202
-0.46576,-0.47789,-0.55577,-0.6806,-0.80591,-0.89356,-0.94331,-0.97131,-0.98651,-0.99395,-0.9969,-0.99889,-0.99833,-0.98553,-0.91946,-0.89127,-0.66945,-0.86013,-0.94319,-0.6853,-0.69587,-0.56289,-0.56329,-0.9744,-0.97906,-0.69859,-0.56505,-0.56681,-0.98359,-0.98604,-0.69546,-0.69415,-0.57207,-0.5744,-0.98999,-0.99119,-0.69043,-0.68901,-0.57981,-0.58202
-0.46576,-0.47789,-0.55577,-0.6806,-0.80591,-0.89356,-0.94331,-0.97131,-0.98651,-0.99395,-0.9969,-0.99889,-0.99833,-0.98553,-0.91946,-0.89127,-0.66945,-0.86013,-0.94319,-0.6853,-0.69587,-0.56289,-0.56329,-0.9744,-0.97906,-0.69859,-0.56505,-0.56681,-0.98359,-0.98604,-0.69546,-0.69415,-0.57207,-0.5744,-0.98999,-0.99119,-0.69043,-0.68901,-0.57981,-0.58202
-0.46576,-0.47789,-0.55577,-0.6806,-0.80591,-0.89356,-0.94331,-0.97131,-0.98651,-0.99395,-0.9969,-0.99889,-0.99833,-0.98553,-0.91946,-0.89127,-0.66945,-0.86013,-0.94319,-0.6853,-0.69587,-0.56289,-0.56329,-0.9744,-0.97906,-0.69859,-0.56505,-0.56681,-0.98359,-0.98604,-0.69546,-0.69415,-0.57207,-0.5744,-0.98999,-0.99119,-0.69043,-0.68901,-0.57981,-0.58202
-0.46576,-0.47789,-0.55577,-0.6806,-0.80591,-0.89356,-0.94331,-0.97131,-0.98651,-0.99395,-0.9969,-0.99889,-0.99833,-0.98553,-0.91946,-0.89127,-0.66945,-0.86013,-0.94319,-0.6853,-0.69587,-0.56289,-0.56329,-0.9744,-0.97906,-0.69859,-0.56505,-0.56681,-0.98359,-0.98604,-0.69546,-0.69415,-0.57207,-0.5744,-0.98999,-0.99119,-0.69043,-0.68901,-0.57981,-0.58202
