-0.0048656,-0.0057419,-0.009864,-0.013861,-0.017457,-0.021074,-0.024696,-0.028469,-0.032182,-0.036168,-0.040003,-0.044251,-0.048243,-0.052797,-0.05698,-0.061875,-0.066278,-0.071542,-0.076186,-0.081839,-0.086741,-0.092793,-0.097963,-0.10442,-0.10986,-0.11671,-0.12364,-0.12967,-0.13698,-0.14327,-0.15093,-0.15748,-0.16547,-0.17225,-0.18054,-0.18753,-0.19608,-0.20327,-0.21202,-0.21937
-0.011253,-0.013309,-0.02303,-0.032615,-0.041462,-0.050625,-0.060077,-0.070283,-0.08063,-0.092147,-0.10351,-0.11647,-0.12889,-0.14331,-0.15677,-0.17254,-0.18694,-0.20386,-0.21905,-0.23682,-0.25258,-0.27078,-0.28679,-0.30491,-0.32081,-0.33828,-0.3548,-0.36989,-0.38493,-0.39878,-0.41188,-0.42412,-0.43492,-0.44526,-0.45353,-0.46176,-0.46742,-0.47343,-0.47648,-0.48026
-0.017459,-0.020706,-0.036177,-0.051758,-0.066579,-0.082364,-0.099018,-0.11727,-0.13597,-0.15668,-0.17714,-0.19983,-0.22149,-0.24522,-0.26725,-0.29064,-0.3119,-0.33328,-0.35248,-0.37022,-0.38614,-0.39904,-0.4108,-0.41824,-0.42537,-0.42736,-0.42689,-0.42678,-0.42177,-0.41754,-0.40862,-0.40077,-0.38867,-0.37772,-0.36308,-0.34949,-0.33288,-0.31706,-0.29897,-0.28126
-0.021504,-0.02567,-0.04586,-0.067107,-0.088473,-0.11224,-0.13812,-0.16702,-0.19701,-0.2299,-0.26238,-0.29661,-0.32892,-0.36069,-0.3896,-0.41505,-0.43759,-0.45407,-0.46835,-0.47488,-0.48024,-0.47729,-0.4741,-0.46278,-0.45188,-0.43376,-0.4136,-0.39282,-0.36819,-0.34254,-0.31478,-0.28531,-0.25565,-0.22324,-0.19281,-0.15826,-0.12806,-0.092088,-0.063015,-0.026383
-0.038873,-0.046305,-0.082196,-0.11951,-0.1563,-0.1963,-0.23882,-0.28435,-0.32987,-0.37591,-0.41896,-0.45868,-0.49364,-0.52185,-0.54535,-0.5606,-0.57231,-0.57622,-0.57795,-0.5735,-0.5678,-0.55799,-0.54741,-0.535,-0.52207,-0.50966,-0.49838,-0.48703,-0.47913,-0.47209,-0.46957,-0.46939,-0.4737,-0.4825,-0.49418,-0.51318,-0.53041,-0.55819,-0.57755,-0.60913
-0.046439,-0.055379,-0.098745,-0.14416,-0.18902,-0.23728,-0.28768,-0.33957,-0.38963,-0.4363,-0.47762,-0.51047,-0.53684,-0.552,-0.56154,-0.55976,-0.55362,-0.5378,-0.51835,-0.492,-0.46218,-0.42925,-0.39242,-0.35708,-0.3168,-0.28296,-0.25116,-0.21332,-0.18639,-0.15275,-0.13127,-0.10334,-0.087004,-0.065525,-0.053951,-0.039261,-0.031084,-0.022764,-0.015363,-0.011876
-0.045112,-0.054347,-0.10017,-0.15018,-0.20077,-0.25472,-0.30948,-0.36201,-0.409,-0.4462,-0.47483,-0.4903,-0.49866,-0.49547,-0.48802,-0.47307,-0.45604,-0.43633,-0.41586,-0.39729,-0.37878,-0.36551,-0.35283,-0.3466,-0.34127,-0.34107,-0.34138,-0.34295,-0.34478,-0.34677,-0.34914,-0.35028,-0.35238,-0.35242,-0.35378,-0.35255,-0.35557,-0.35413,-0.357,-0.35554
-0.066895,-0.079892,-0.14345,-0.21024,-0.27453,-0.33944,-0.40126,-0.45496,-0.4981,-0.52567,-0.5412,-0.54035,-0.52982,-0.50673,-0.47659,-0.44026,-0.39881,-0.35888,-0.31482,-0.27952,-0.24022,-0.21422,-0.18435,-0.16769,-0.14809,-0.1382,-0.12902,-0.12121,-0.11449,-0.11052,-0.10461,-0.10211,-0.096554,-0.093865,-0.090682,-0.087907,-0.08743,-0.085574,-0.086258,-0.086002
-0.097897,-0.11583,-0.20182,-0.28722,-0.36228,-0.42951,-0.48422,-0.52081,-0.54052,-0.54152,-0.52977,-0.5053,-0.47227,-0.43304,-0.38772,-0.3436,-0.29456,-0.2545,-0.2094,-0.17918,-0.14359,-0.12313,-0.098462,-0.0863,-0.072678,-0.063418,-0.049674,-0.044956,-0.033303,-0.031955,-0.0096031,-0.0041954,0.0021835,-0.0014441,-0.023747,-0.036528,-0.032484,-0.046466,-0.028491,-0.039248
-0.059488,-0.073399,-0.14438,-0.22377,-0.3015,-0.3757,-0.43918,-0.48418,-0.5119,-0.51992,-0.51583,-0.50074,-0.4808,-0.46068,-0.44095,-0.42809,-0.41763,-0.4141,-0.41211,-0.41193,-0.412,-0.41266,-0.41231,-0.41298,-0.41203,-0.41284,-0.41328,-0.41219,-0.41228,-0.41037,-0.41207,-0.41026,-0.40796,-0.40247,-0.40358,-0.39498,-0.406,-0.39907,-0.38583,-0.36315
-0.10274,-0.12156,-0.21221,-0.29935,-0.36499,-0.40639,-0.42146,-0.41158,-0.38589,-0.34975,-0.30823,-0.26649,-0.22313,-0.18637,-0.14863,-0.12189,-0.09397,-0.076887,-0.059383,-0.049405,-0.041545,-0.031895,-0.028781,-0.019902,-0.019645,-0.00027996,-0.0017661,-0.0071601,-0.013101,-0.021796,-0.012495,-0.019115,-0.0013759,-0.0012763,-0.0069346,-0.012275,-0.060983,-0.088209,-0.059685,-0.081905
-0.11774,-0.13886,-0.24043,-0.33857,-0.41578,-0.47236,-0.50575,-0.51508,-0.50666,-0.48629,-0.46058,-0.43879,-0.4222,-0.41699,-0.42135,-0.42963,-0.44381,-0.45084,-0.45696,-0.45751,-0.45185,-0.44859,-0.43415,-0.434,-0.4177,-0.41179,-0.40326,-0.38179,-0.37602,-0.34918,-0.34305,-0.30964,-0.3345,-0.31728,-0.30297,-0.28136,-0.24801,-0.2191,-0.24217,-0.24747
-0.11882,-0.14132,-0.25122,-0.36188,-0.456,-0.5362,-0.60075,-0.64956,-0.68778,-0.71986,-0.75283,-0.78881,-0.83153,-0.8705,-0.90963,-0.93447,-0.95386,-0.96611,-0.97159,-0.97932,-0.97967,-0.98501,-0.98364,-0.98597,-0.9819,-0.98038,-0.98018,-0.96803,-0.98217,-0.97282,-0.96228,-0.9289,-0.93157,-0.87895,-0.91119,-0.85276,-0.88356,-0.81223,-0.80098,-0.74103
-0.17508,-0.20307,-0.33231,-0.43681,-0.48674,-0.49315,-0.46759,-0.42146,-0.36222,-0.3009,-0.23694,-0.18543,-0.13654,-0.10378,-0.076465,-0.056543,-0.046022,-0.028974,-0.025902,-0.00048936,0.0030903,-0.016284,-0.032421,-0.019851,-0.034012,0.0011137,-0.028815,-0.049664,-0.061173,-0.096236,-0.049299,-0.070159,-0.029208,-0.046316,-0.21557,-0.27694,-0.17606,-0.21143,0.014802,0.014746
-0.17508,-0.20307,-0.33231,-0.43681,-0.48674,-0.49315,-0.46759,-0.42146,-0.36222,-0.3009,-0.23694,-0.18543,-0.13654,-0.10378,-0.076465,-0.056543,-0.046022,-0.028974,-0.025902,-0.00048936,0.0030903,-0.016284,-0.032421,-0.019851,-0.034012,0.0011137,-0.028815,-0.049664,-0.061173,-0.096236,-0.049299,-0.070159,-0.029208,-0.046316,-0.21557,-0.27694,-0.17606,-0.21143,0.014802,0.014746
-0.12198,-0.14711,-0.27047,-0.37859,-0.43174,-0.43303,-0.39435,-0.33518,-0.27029,-0.21614,-0.17105,-0.14179,-0.12095,-0.10765,-0.098818,-0.091083,-0.08505,-0.080577,-0.075935,-0.071333,-0.06619,-0.063434,-0.058545,-0.059456,-0.060688,-0.058969,-0.04675,-0.042396,-0.06963,-0.094205,-0.055146,-0.067527,-0.013732,-0.012417,-0.13944,-0.18181,-0.14278,-0.17312,0.084487,0.089816
-0.14443,-0.17493,-0.3281,-0.47712,-0.58338,-0.65323,-0.69426,-0.71898,-0.73861,-0.75667,-0.77193,-0.78104,-0.78593,-0.78889,-0.78933,-0.79025,-0.78932,-0.79004,-0.7884,-0.78668,-0.77848,-0.78591,-0.7763,-0.77276,-0.74262,-0.76554,-0.76092,-0.72105,-0.73136,-0.69151,-0.58475,-0.51249,-0.41452,-0.28411,-0.50598,-0.51565,-0.51791,-0.51518,-0.2586,-0.29446
-0.14443,-0.17493,-0.3281,-0.47712,-0.58338,-0.65323,-0.69426,-0.71898,-0.73861,-0.75667,-0.77193,-0.78104,-0.78593,-0.78889,-0.78933,-0.79025,-0.78932,-0.79004,-0.7884,-0.78668,-0.77848,-0.78591,-0.7763,-0.77276,-0.74262,-0.76554,-0.76092,-0.72105,-0.73136,-0.69151,-0.58475,-0.51249,-0.41452,-0.28411,-0.50598,-0.51565,-0.51791,-0.51518,-0.2586,-0.29446
-0.19842,-0.23635,-0.40469,-0.51537,-0.55824,-0.58578,-0.62278,-0.67799,-0.75012,-0.82068,-0.8803,-0.91931,-0.94276,-0.95869,-0.96664,-0.97415,-0.97668,-0.98154,-0.98043,-0.97998,-0.96471,-0.98352,-0.97028,-0.95266,-0.88709,-0.90237,-0.9468,-0.88265,-0.82667,-0.7355,-0.71688,-0.61836,-0.51782,-0.44712,-0.44785,-0.4557,-0.3729,-0.38895,-0.54396,-0.55045
-0.20295,-0.23235,-0.34976,-0.38912,-0.35051,-0.28572,-0.21616,-0.15557,-0.10482,-0.06915,-0.045612,-0.026251,-0.018356,-0.0021642,-0.0013278,-0.0051026,-0.014432,0.0031208,0.005735,-0.036578,-0.072001,-0.029688,-0.048763,-0.075865,-0.12168,-0.12126,0.01302,0.010406,-0.80147,-0.83917,-0.18119,-0.15109,-0.2997,-0.29281,-0.24839,-0.24394,-0.058999,-0.074315,-0.63549,-0.61963
-0.20295,-0.23235,-0.34976,-0.38912,-0.35051,-0.28572,-0.21616,-0.15557,-0.10482,-0.06915,-0.045612,-0.026251,-0.018356,-0.0021642,-0.0013278,-0.0051026,-0.014432,0.0031208,0.005735,-0.036578,-0.072001,-0.029688,-0.048763,-0.075865,-0.12168,-0.12126,0.01302,0.010406,-0.80147,-0.83917,-0.18119,-0.15109,-0.2997,-0.29281,-0.24839,-0.24394,-0.058999,-0.074315,-0.63549,-0.61963
-0.20295,-0.23235,-0.34976,-0.38912,-0.35051,-0.28572,-0.21616,-0.15557,-0.10482,-0.06915,-0.045612,-0.026251,-0.018356,-0.0021642,-0.0013278,-0.0051026,-0.014432,0.0031208,0.005735,-0.036578,-0.072001,-0.029688,-0.048763,-0.075865,-0.12168,-0.12126,0.01302,0.010406,-0.80147,-0.83917,-0.18119,-0.15109,-0.2997,-0.29281,-0.24839,-0.24394,-0.058999,-0.074315,-0.63549,-0.61963
-0.2346,-0.26453,-0.39204,-0.4716,-0.50137,-0.53321,-0.58514,-0.64277,-0.69105,-0.71264,-0.70555,-0.68931,-0.6481,-0.61588,-0.56177,-0.52506,-0.47095,-0.45027,-0.43446,-0.32162,-0.28682,-0.16064,-0.11001,-0.129,-0.21487,-0.24999,-0.37461,-0.44591,-0.058827,-0.064167,-0.73153,-0.71723,-0.44552,-0.44421,-0.35761,-0.35496,-0.15711,-0.16215,-0.42975,-0.43062
-0.2346,-0.26453,-0.39204,-0.4716,-0.50137,-0.53321,-0.58514,-0.64277,-0.69105,-0.71264,-0.70555,-0.68931,-0.6481,-0.61588,-0.56177,-0.52506,-0.47095,-0.45027,-0.43446,-0.32162,-0.28682,-0.16064,-0.11001,-0.129,-0.21487,-0.24999,-0.37461,-0.44591,-0.058827,-0.064167,-0.73153,-0.71723,-0.44552,-0.44421,-0.35761,-0.35496,-0.15711,-0.16215,-0.42975,-0.43062
-0.29017,-0.33102,-0.52646,-0.70173,-0.80932,-0.876,-0.91423,-0.93226,-0.93934,-0.94261,-0.94364,-0.94407,-0.94307,-0.94406,-0.94115,-0.94303,-0.93583,-0.93847,-0.92075,-0.84946,-0.73499,-0.61729,-0.38998,-0.57861,-0.62223,-0.73902,-0.50017,-0.51027,-0.13819,-0.13777,-0.6758,-0.68337,-0.77722,-0.78035,-0.50912,-0.50651,-0.13714,-0.14011,-0.70544,-0.71048
-0.29017,-0.33102,-0.52646,-0.70173,-0.80932,-0.876,-0.91423,-0.93226,-0.93934,-0.94261,-0.94364,-0.94407,-0.94307,-0.94406,-0.94115,-0.94303,-0.93583,-0.93847,-0.92075,-0.84946,-0.73499,-0.61729,-0.38998,-0.57861,-0.62223,-0.73902,-0.50017,-0.51027,-0.13819,-0.13777,-0.6758,-0.68337,-0.77722,-0.78035,-0.50912,-0.50651,-0.13714,-0.14011,-0.70544,-0.71048
-0.29017,-0.33102,-0.52646,-0.70173,-0.80932,-0.876,-0.91423,-0.93226,-0.93934,-0.94261,-0.94364,-0.94407,-0.94307,-0.94406,-0.94115,-0.94303,-0.93583,-0.93847,-0.92075,-0.84946,-0.73499,-0.61729,-0.38998,-0.57861,-0.62223,-0.73902,-0.50017,-0.51027,-0.13819,-0.13777,-0.6758,-0.68337,-0.77722,-0.78035,-0.50912,-0.50651,-0.13714,-0.14011,-0.70544,-0.71048
-0.29017,-0.33102,-0.52646,-0.70173,-0.80932,-0.876,-0.91423,-0.93226,-0.93934,-0.94261,-0.94364,-0.94407,-0.94307,-0.94406,-0.94115,-0.94303,-0.93583,-0.93847,-0.92075,-0.84946,-0.73499,-0.61729,-0.38998,-0.57861,-0.62223,-0.73902,-0.50017,-0.51027,-0.13819,-0.13777,-0.6758,-0.68337,-0.77722,-0.78035,-0.50912,-0.50651,-0.13714,-0.14011,-0.70544,-0.71048
-0.29017,-0.33102,-0.52646,-0.70173,-0.80932,-0.876,-0.91423,-0.93226,-0.93934,-0.94261,-0.94364,-0.94407,-0.94307,-0.94406,-0.94115,-0.94303,-0.93583,-0.93847,-0.92075,-0.84946,-0.73499,-0.61729,-0.38998,-0.57861,-0.62223,-0.73902,-0.50017,-0.51027,-0.13819,-0.13777,-0.6758,-0.68337,-0.77722,-0.78035,-0.50912,-0.50651,-0.13714,-0.14011,-0.70544,-0.71048
-0.29017,-0.33102,-0.52646,-0.70173,-0.80932,-0.876,-0.91423,-0.93226,-0.93934,-0.94261,-0.94364,-0.94407,-0.94307,-0.94406,-0.94115,-0.94303,-0.93583,-0.93847,-0.92075,-0.84946,-0.73499,-0.61729,-0.38998,-0.57861,-0.62223,-0.73902,-0.50017,-0.51027,-0.13819,-0.13777,-0.6758,-0.68337,-0.77722,-0.78035,-0.50912,-0.50651,-0.13714,-0.14011,-0.70544,-0.71048
-0.31661,-0.31597,-0.29115,-0.27377,-0.31772,-0.4026,-0.49159,-0.56898,-0.64362,-0.71089,-0.77885,-0.83185,-0.86772,-0.91192,-0.91188,-0.96838,-0.95967,-0.98218,-0.88153,-0.77533,-0.58304,-0.7551,-0.66329,0.091824,0.029373,-0.54366,-0.52475,-0.53423,0.015995,0.022006,-0.40788,-0.41653,-0.79863,-0.79264,-0.10819,-0.10475,-0.36549,-0.36429,-0.60524,-0.60844
-0.31661,-0.31597,-0.29115,-0.27377,-0.31772,-0.4026,-0.49159,-0.56898,-0.64362,-0.71089,-0.77885,-0.83185,-0.86772,-0.91192,-0.91188,-0.96838,-0.95967,-0.98218,-0.88153,-0.77533,-0.58304,-0.7551,-0.66329,0.091824,0.029373,-0.54366,-0.52475,-0.53423,0.015995,0.022006,-0.40788,-0.41653,-0.79863,-0.79264,-0.10819,-0.10475,-0.36549,-0.36429,-0.60524,-0.60844
-0.3754,-0.35439,-0.26347,-0.16992,-0.096601,-0.047503,-0.020934,-0.0067017,-0.0023439,-0.0029529,-0.009831,-0.0045101,-0.013169,-0.044662,-0.11336,-0.13603,-0.33719,-0.16017,-0.092838,-0.3177,-0.30552,-0.56285,-0.56115,-0.060339,-0.054299,-0.30248,-0.55394,-0.54702,-0.047848,-0.044016,-0.30598,-0.30746,-0.52802,-0.52027,-0.037103,-0.034751,-0.31171,-0.31335,-0.50352,-0.49712
-0.3754,-0.35439,-0.26347,-0.16992,-0.096601,-0.047503,-0.020934,-0.0067017,-0.0023439,-0.0029529,-0.009831,-0.0045101,-0.013169,-0.044662,-0.11336,-0.13603,-0.33719,-0.16017,-0.092838,-0.3177,-0.30552,-0.56285,-0.56115,-0.060339,-0.054299,-0.30248,-0.55394,-0.54702,-0.047848,-0.044016,-0.30598,-0.30746,-0.52802,-0.52027,-0.037103,-0.034751,-0.31171,-0.31335,-0.50352,-0.49712
-0.3754,-0.35439,-0.26347,-0.16992,-0.096601,-0.047503,-0.020934,-0.0067017,-0.0023439,-0.0029529,-0.009831,-0.0045101,-0.013169,-0.044662,-0.11336,-0.13603,-0.33719,-0.16017,-0.092838,-0.3177,-0.30552,-0.56285,-0.56115,-0.060339,-0.054299,-0.30248,-0.55394,-0.54702,-0.047848,-0.044016,-0.30598,-0.30746,-0.52802,-0.52027,-0.037103,-0.034751,-0.31171,-0.31335,-0.50352,-0.49712
-0.3754,-0.35439,-0.26347,-0.16992,-0.096601,-0.047503,-0.020934,-0.0067017,-0.0023439,-0.0029529,-0.009831,-0.0045101,-0.013169,-0.044662,-0.11336,-0.13603,-0.33719,-0.16017,-0.092838,-0.3177,-0.30552,-0.56285,-0.56115,-0.060339,-0.054299,-0.30248,-0.55394,-0.54702,-0.047848,-0.044016,-0.30598,-0.30746,-0.52802,-0.52027,-0.037103,-0.034751,-0.31171,-0.31335,-0.50352,-0.49712
-0.3754,-0.35439,-0.26347,-0.16992,-0.096601,-0.047503,-0.020934,-0.0067017,-0.0023439,-0.0029529,-0.009831,-0.0045101,-0.013169,-0.044662,-0.11336,-0.13603,-0.33719,-0.16017,-0.092838,-0.3177,-0.30552,-0.56285,-0.56115,-0.060339,-0.054299,-0.30248,-0.55394,-0.54702,-0.047848,-0.044016,-0.30598,-0.30746,-0.52802,-0.52027,-0.037103,-0.034751,-0.31171,-0.31335,-0.50352,-0.49712
-0.3754,-0.35439,-0.26347,-0.16992,-0.096601,-0.047503,-0.020934,-0.0067017,-0.0023439,-0.0029529,-0.009831,-0.0045101,-0.013169,-0.044662,-0.11336,-0.13603,-0.33719,-0.16017,-0.092838,-0.3177,-0.30552,-0.56285,-0.56115,-0.060339,-0.054299,-0.30248,-0.55394,-0.54702,-0.047848,-0.044016,-0.30598,-0.30746,-0.52802,-0.52027,-0.037103,-0.034751,-0.31171,-0.31335,-0.50352,-0.49712
-0.3754,-0.35439,-0.26347,-0.16992,-0.096601,-0.047503,-0.020934,-0.0067017,-0.0023439,-0.0029529,-0.009831,-0.0045101,-0.013169,-0.044662,-0.11336,-0.13603,-0.33719,-0.16017,-0.092838,-0.3177,-0.30552,-0.56285,-0.56115,-0.060339,-0.054299,-0.30248,-0.55394,-0.54702,-0.047848,-0.044016,-0.30598,-0.30746,-0.52802,-0.52027,-0.037103,-0.034751,-0.31171,-0.31335,-0.50352,-0.49712
-0.3754,-0.35439,-0.26347,-0.16992,-0.096601,-0.047503,-0.020934,-0.0067017,-0.0023439,-0.0029529,-0.009831,-0.0045101,-0.013169,-0.044662,-0.11336,-0.13603,-0.33719,-0.16017,-0.092838,-0.3177,-0.30552,-0.56285,-0.56115,-0.060339,-0.054299,-0.30248,-0.55394,-0.54702,-0.047848,-0.044016,-0.30598,-0.30746,-0.52802,-0.52027,-0.037103,-0.034751,-0.31171,-0.31335,-0.50352,-0.49712
