0.0072409,0.0085367,0.014617,0.02047,0.025666,0.030816,0.035891,0.041073,0.046084,0.051321,0.056266,0.061557,0.066439,0.071775,0.076593,0.081964,0.086722,0.092118,0.09682,0.10223,0.10688,0.11229,0.11687,0.12226,0.12678,0.13213,0.13737,0.14188,0.14706,0.15148,0.15661,0.16093,0.166,0.17023,0.17523,0.17938,0.18432,0.18839,0.19326,0.19725
0.014223,0.016769,0.028727,0.040244,0.05048,0.060625,0.070616,0.080784,0.090582,0.10077,0.11034,0.12049,0.12977,0.13978,0.14872,0.15852,0.16711,0.17668,0.18491,0.19425,0.20216,0.21127,0.21888,0.22775,0.23507,0.24366,0.25193,0.25894,0.26686,0.27351,0.28102,0.28727,0.29433,0.30016,0.30673,0.31211,0.31818,0.32311,0.32868,0.33319
0.022283,0.026268,0.044988,0.06305,0.07911,0.09499,0.11057,0.12631,0.14132,0.15667,0.17088,0.18566,0.199,0.2132,0.22573,0.23933,0.25108,0.26398,0.27489,0.28692,0.29691,0.3079,0.31687,0.32671,0.33464,0.34333,0.3513,0.35787,0.36484,0.37055,0.37666,0.38162,0.38701,0.39136,0.39615,0.4,0.40428,0.40771,0.41158,0.41466
0.029551,0.03483,0.059645,0.083532,0.10458,0.12508,0.14481,0.16431,0.18257,0.20097,0.21779,0.23512,0.25054,0.26663,0.28054,0.29507,0.30728,0.31999,0.33041,0.34123,0.34994,0.35904,0.36627,0.37392,0.37995,0.38646,0.39236,0.39718,0.4023,0.40647,0.41096,0.41461,0.41856,0.42176,0.42524,0.42805,0.43108,0.43354,0.43616,0.43829
0.037479,0.044206,0.075778,0.10598,0.13248,0.15807,0.18236,0.20604,0.22792,0.24967,0.26919,0.28869,0.30553,0.32217,0.336,0.34955,0.36049,0.37129,0.37989,0.38856,0.39541,0.40253,0.40814,0.41413,0.41884,0.42395,0.42856,0.43234,0.43626,0.43948,0.44279,0.4455,0.44824,0.45049,0.45269,0.4545,0.45619,0.45759,0.45881,0.45983
0.045244,0.053325,0.091206,0.12733,0.15863,0.18853,0.21675,0.2441,0.26909,0.2932,0.31412,0.33389,0.35024,0.36553,0.37782,0.38948,0.39876,0.40787,0.4151,0.42247,0.42831,0.43441,0.43923,0.44431,0.44832,0.4525,0.45615,0.45915,0.46203,0.46439,0.46654,0.4683,0.46976,0.47097,0.4718,0.4725,0.47276,0.473,0.47275,0.47258
0.050794,0.059898,0.1025,0.14267,0.17669,0.20856,0.23827,0.26667,0.2921,0.31579,0.33569,0.35368,0.36816,0.38134,0.39181,0.40169,0.40956,0.41727,0.42341,0.42951,0.43437,0.43912,0.44289,0.44643,0.44924,0.45168,0.45352,0.45503,0.45594,0.45669,0.45676,0.45684,0.45616,0.45566,0.45435,0.45335,0.45149,0.45005,0.4477,0.44587
0.05972,0.070338,0.11976,0.16534,0.20304,0.23772,0.26917,0.2977,0.32175,0.34249,0.35894,0.3731,0.38421,0.39423,0.40219,0.4097,0.41571,0.42143,0.42598,0.43016,0.43345,0.43624,0.43842,0.43994,0.44112,0.44152,0.44138,0.44123,0.44022,0.43938,0.43761,0.43618,0.43378,0.43184,0.42885,0.42646,0.42291,0.42009,0.41601,0.41279
0.068824,0.081028,0.13752,0.18872,0.23087,0.26991,0.30517,0.33668,0.36287,0.38546,0.40351,0.41947,0.43223,0.44401,0.45347,0.46241,0.46955,0.47628,0.48161,0.48645,0.49026,0.49349,0.49599,0.49788,0.49931,0.5001,0.50041,0.50058,0.50011,0.49963,0.49845,0.49741,0.49559,0.49403,0.49158,0.48953,0.48645,0.48392,0.48021,0.47719
0.071334,0.083837,0.14084,0.19103,0.2313,0.26696,0.29724,0.32233,0.34192,0.35782,0.37016,0.38066,0.38898,0.39626,0.40202,0.4069,0.41068,0.41353,0.41566,0.41677,0.41751,0.41719,0.41682,0.41535,0.41409,0.4117,0.40893,0.40654,0.403,0.4,0.39574,0.39218,0.38721,0.3831,0.37744,0.37278,0.36643,0.36122,0.35414,0.34834
0.089628,0.10546,0.17826,0.24278,0.29327,0.33666,0.37251,0.40165,0.42413,0.44255,0.45687,0.46925,0.47902,0.48765,0.49443,0.50027,0.50476,0.50828,0.51091,0.51253,0.51365,0.5138,0.51376,0.51279,0.51186,0.50993,0.50759,0.50547,0.50231,0.49952,0.49552,0.49206,0.4872,0.48304,0.47725,0.47234,0.46552,0.45979,0.45188,0.44524
0.096637,0.11351,0.19028,0.25769,0.31009,0.35353,0.38753,0.41387,0.43376,0.45008,0.46293,0.47417,0.48311,0.49102,0.49718,0.50251,0.50649,0.50966,0.51188,0.51326,0.51404,0.51393,0.5135,0.512,0.5105,0.50772,0.5043,0.50116,0.49653,0.4924,0.48653,0.48139,0.4742,0.46798,0.45943,0.45206,0.44206,0.43345,0.42197,0.41202
0.090522,0.10595,0.17447,0.23137,0.27197,0.30173,0.3226,0.33769,0.34884,0.35786,0.3649,0.3705,0.37463,0.37716,0.37868,0.37849,0.37784,0.37556,0.37334,0.36962,0.36629,0.36143,0.35724,0.35138,0.34641,0.33957,0.33233,0.32598,0.31769,0.31046,0.30099,0.29279,0.28204,0.27273,0.2606,0.25007,0.23649,0.22464,0.20959,0.19635
0.10147,0.11872,0.19321,0.25273,0.29462,0.32512,0.34663,0.36222,0.37361,0.38214,0.38829,0.39223,0.39465,0.395,0.39458,0.39213,0.38957,0.38497,0.3808,0.3745,0.36904,0.36123,0.35461,0.34538,0.33765,0.32703,0.31588,0.30612,0.29351,0.2825,0.26834,0.25597,0.2402,0.22636,0.20894,0.19356,0.1745,0.15753,0.13693,0.11836
0.11873,0.13914,0.23068,0.30846,0.36471,0.40681,0.43725,0.45985,0.47668,0.49024,0.50072,0.5095,0.51622,0.52169,0.52573,0.52883,0.53096,0.53233,0.53304,0.53296,0.53247,0.53103,0.52947,0.52673,0.52411,0.52,0.5152,0.51068,0.50439,0.49853,0.49065,0.48334,0.47376,0.46486,0.45354,0.44293,0.4299,0.41753,0.40286,0.38869
0.11603,0.1352,0.21746,0.28299,0.32744,0.35841,0.38012,0.39661,0.40928,0.41924,0.42656,0.43155,0.43468,0.43572,0.43571,0.43369,0.43132,0.42676,0.42243,0.41562,0.40955,0.40067,0.39298,0.38211,0.37278,0.35981,0.346,0.33353,0.31748,0.30296,0.2846,0.2679,0.24723,0.22825,0.20543,0.1842,0.1595,0.13613,0.1099,0.084613
0.12807,0.14989,0.24422,0.31593,0.3615,0.39307,0.41585,0.43345,0.44701,0.45741,0.46491,0.46955,0.47229,0.47277,0.47232,0.47019,0.46774,0.46367,0.45968,0.45382,0.44838,0.44063,0.43364,0.42378,0.41501,0.40277,0.3895,0.37712,0.36125,0.34643,0.32788,0.31047,0.28937,0.26935,0.24592,0.22338,0.19799,0.17312,0.1462,0.11932
0.14143,0.16483,0.26737,0.34925,0.40222,0.43853,0.46398,0.48279,0.49662,0.50704,0.51445,0.51948,0.52265,0.52414,0.52455,0.52359,0.52206,0.51911,0.51599,0.51123,0.50663,0.49998,0.49377,0.48502,0.47698,0.46587,0.45373,0.44206,0.42735,0.41318,0.3959,0.3791,0.35936,0.33989,0.31791,0.29585,0.27199,0.24755,0.22217,0.19563
0.15464,0.18135,0.29229,0.36767,0.4084,0.43274,0.44849,0.45943,0.46698,0.47185,0.47464,0.47526,0.47475,0.4725,0.46983,0.46561,0.46138,0.45548,0.44987,0.44225,0.43519,0.42566,0.41694,0.40529,0.39468,0.38076,0.36599,0.3518,0.33486,0.31838,0.29943,0.2807,0.26001,0.23913,0.21705,0.19422,0.17107,0.14653,0.1226,0.09658
0.12417,0.14242,0.21948,0.27394,0.30594,0.32833,0.34533,0.3585,0.36819,0.37438,0.37789,0.3787,0.37818,0.37604,0.37341,0.36951,0.36547,0.35993,0.35447,0.34692,0.33968,0.32961,0.32016,0.30719,0.29513,0.27903,0.26177,0.2449,0.2248,0.20496,0.18237,0.15971,0.13508,0.10989,0.083716,0.056335,0.029069,-0.00010801,-0.028042,-0.058605
0.14472,0.16647,0.25557,0.31529,0.34745,0.36743,0.38098,0.39031,0.39621,0.39877,0.39914,0.39705,0.39404,0.3892,0.38418,0.37742,0.37089,0.36238,0.35431,0.34378,0.33387,0.32089,0.30872,0.29299,0.27821,0.25965,0.24025,0.22086,0.19907,0.17691,0.15312,0.12839,0.10302,0.075973,0.049425,0.02037,-0.0069685,-0.037696,-0.065445,-0.097463
0.1385,0.15648,0.22361,0.26014,0.27862,0.29076,0.29883,0.30286,0.30362,0.30041,0.29543,0.28728,0.27881,0.26754,0.25674,0.24302,0.23025,0.21415,0.19931,0.18053,0.16326,0.1415,0.12141,0.096576,0.073442,0.045812,0.017699,-0.010209,-0.04019,-0.070501,-0.10168,-0.13386,-0.16557,-0.19898,-0.23055,-0.26451,-0.29529,-0.32905,-0.35839,-0.39119
0.16814,0.19649,0.31224,0.38626,0.42577,0.45204,0.47094,0.48544,0.49639,0.50522,0.5117,0.51667,0.51989,0.5218,0.5225,0.52195,0.52054,0.51763,0.51412,0.50869,0.50286,0.49472,0.48634,0.47544,0.46431,0.45087,0.43663,0.42132,0.40515,0.38745,0.36983,0.35009,0.33144,0.31,0.29067,0.26783,0.24802,0.22398,0.20384,0.17874
0.16462,0.18972,0.28863,0.34688,0.37722,0.39741,0.41132,0.42017,0.42499,0.42617,0.42518,0.42162,0.41699,0.40986,0.40235,0.39187,0.38149,0.36736,0.3537,0.3355,0.31805,0.29551,0.27387,0.24722,0.2213,0.19112,0.16028,0.12828,0.095129,0.060027,0.025279,-0.012292,-0.04797,-0.087341,-0.1233,-0.16373,-0.19924,-0.23986,-0.27407,-0.31383
0.1612,0.1843,0.27252,0.3259,0.35545,0.37497,0.38748,0.39408,0.39627,0.39433,0.39024,0.383,0.37488,0.36352,0.35207,0.33689,0.32218,0.30304,0.28474,0.26143,0.23911,0.21159,0.18501,0.15367,0.12289,0.088476,0.053708,0.017406,-0.019046,-0.057816,-0.094967,-0.13522,-0.17204,-0.21264,-0.24811,-0.28784,-0.32096,-0.35861,-0.38856,-0.42308
0.15447,0.17953,0.27136,0.31999,0.34299,0.35623,0.3638,0.36707,0.36755,0.3659,0.36325,0.35952,0.35531,0.3498,0.34383,0.3357,0.32716,0.31548,0.30355,0.2878,0.27194,0.2522,0.23227,0.2091,0.18532,0.15953,0.13335,0.10477,0.077055,0.046053,0.017374,-0.015521,-0.044651,-0.078888,-0.10787,-0.14272,-0.17076,-0.20521,-0.23143,-0.26421
0.19245,0.22113,0.33164,0.39688,0.4321,0.45617,0.4725,0.48242,0.48762,0.48908,0.48832,0.48517,0.48093,0.47427,0.46687,0.45629,0.4451,0.42986,0.41414,0.39385,0.37307,0.34796,0.32206,0.29285,0.26219,0.22991,0.19708,0.16081,0.12612,0.087191,0.051355,0.010603,-0.025635,-0.067262,-0.10303,-0.14439,-0.17876,-0.2186,-0.25082,-0.28808
0.1647,0.18991,0.28952,0.34692,0.37431,0.38938,0.39566,0.39423,0.38826,0.37717,0.36445,0.34717,0.32964,0.30703,0.28484,0.25662,0.22913,0.19493,0.16162,0.1218,0.082738,0.038591,-0.0053717,-0.051977,-0.099323,-0.14636,-0.1922,-0.24064,-0.2843,-0.3309,-0.37079,-0.41374,-0.44878,-0.4868,-0.51662,-0.54913,-0.57404,-0.60118,-0.62197,-0.64443
0.1831,0.21036,0.31335,0.3697,0.39609,0.40937,0.4134,0.40926,0.40047,0.38598,0.36977,0.3482,0.32635,0.29852,0.27115,0.23686,0.2034,0.16256,0.12274,0.076247,0.030615,-0.019602,-0.069588,-0.12119,-0.17353,-0.22439,-0.27363,-0.32534,-0.37165,-0.42069,-0.46281,-0.5077,-0.54474,-0.58442,-0.616,-0.64994,-0.67625,-0.70453,-0.72617,-0.74939
0.22445,0.25639,0.37598,0.44854,0.49295,0.52542,0.5486,0.56474,0.57529,0.58214,0.58593,0.5872,0.58654,0.58336,0.57865,0.57104,0.56199,0.54964,0.53577,0.51869,0.49974,0.47831,0.45435,0.4295,0.40108,0.37382,0.34604,0.3131,0.28408,0.24901,0.2195,0.18321,0.15392,0.11746,0.089132,0.053802,0.027162,-0.0057526,-0.03032,-0.059966
0.21058,0.23316,0.30645,0.33871,0.35333,0.36124,0.36439,0.36333,0.35937,0.3518,0.34236,0.32876,0.31397,0.29392,0.273,0.24575,0.21772,0.18318,0.14771,0.10696,0.064687,0.019604,-0.027992,-0.075294,-0.12621,-0.17358,-0.21996,-0.27077,-0.31442,-0.36239,-0.40157,-0.44465,-0.47842,-0.51544,-0.54381,-0.5747,-0.59841,-0.62396,-0.64419,-0.66567
0.21058,0.23316,0.30645,0.33871,0.35333,0.36124,0.36439,0.36333,0.35937,0.3518,0.34236,0.32876,0.31397,0.29392,0.273,0.24575,0.21772,0.18318,0.14771,0.10696,0.064687,0.019604,-0.027992,-0.075294,-0.12621,-0.17358,-0.21996,-0.27077,-0.31442,-0.36239,-0.40157,-0.44465,-0.47842,-0.51544,-0.54381,-0.5747,-0.59841,-0.62396,-0.64419,-0.66567
0.16196,0.18636,0.27253,0.3215,0.35101,0.37247,0.38799,0.40015,0.40895,0.41606,0.42049,0.42274,0.42232,0.41854,0.41233,0.40222,0.39004,0.37453,0.35706,0.33786,0.31637,0.29543,0.2715,0.25046,0.22551,0.20543,0.18583,0.16189,0.14379,0.12089,0.10466,0.083458,0.069613,0.05119,0.040345,0.026113,0.018571,0.0096599,0.0052437,0.0019682
0.16196,0.18636,0.27253,0.3215,0.35101,0.37247,0.38799,0.40015,0.40895,0.41606,0.42049,0.42274,0.42232,0.41854,0.41233,0.40222,0.39004,0.37453,0.35706,0.33786,0.31637,0.29543,0.2715,0.25046,0.22551,0.20543,0.18583,0.16189,0.14379,0.12089,0.10466,0.083458,0.069613,0.05119,0.040345,0.026113,0.018571,0.0096599,0.0052437,0.0019682
0.25567,0.28894,0.40837,0.47971,0.51944,0.54285,0.55587,0.56216,0.5639,0.56162,0.55645,0.54701,0.53494,0.5175,0.49721,0.47096,0.44145,0.40687,0.36831,0.32717,0.28094,0.23528,0.18325,0.13473,0.078789,0.028916,-0.021449,-0.078264,-0.12746,-0.18235,-0.22852,-0.2794,-0.32135,-0.36725,-0.40485,-0.44603,-0.4795,-0.51664,-0.54618,-0.57966
0.25567,0.28894,0.40837,0.47971,0.51944,0.54285,0.55587,0.56216,0.5639,0.56162,0.55645,0.54701,0.53494,0.5175,0.49721,0.47096,0.44145,0.40687,0.36831,0.32717,0.28094,0.23528,0.18325,0.13473,0.078789,0.028916,-0.021449,-0.078264,-0.12746,-0.18235,-0.22852,-0.2794,-0.32135,-0.36725,-0.40485,-0.44603,-0.4795,-0.51664,-0.54618,-0.57966
0.2592,0.29589,0.42528,0.49061,0.51485,0.52216,0.52126,0.51471,0.50462,0.4896,0.47196,0.44831,0.42209,0.38856,0.35209,0.30829,0.26088,0.20831,0.15122,0.093002,0.029299,-0.030569,-0.096511,-0.15386,-0.21723,-0.26852,-0.31707,-0.36866,-0.40962,-0.45242,-0.48655,-0.52153,-0.55054,-0.57969,-0.60497,-0.63022,-0.65256,-0.67522,-0.6947,-0.7152
0.045976,0.053347,0.089065,0.10041,0.096525,0.084071,0.065627,0.042179,0.016695,-0.012528,-0.042636,-0.077387,-0.11281,-0.1536,-0.19498,-0.24072,-0.28716,-0.33524,-0.38455,-0.43193,-0.48134,-0.52522,-0.57189,-0.60984,-0.65115,-0.68149,-0.70855,-0.73776,-0.75744,-0.77894,-0.7926,-0.8077,-0.81728,-0.82788,-0.83508,-0.84291,-0.84899,-0.85522,-0.86124,-0.86654
0.066023,0.076636,0.12033,0.13973,0.14468,0.14121,0.13067,0.11413,0.094275,0.070087,0.04352,0.011385,-0.023306,-0.064359,-0.10811,-0.15695,-0.20916,-0.26322,-0.32219,-0.37828,-0.44155,-0.49605,-0.56011,-0.60888,-0.66898,-0.70821,-0.74401,-0.7869,-0.81217,-0.84218,-0.85867,-0.8765,-0.88703,-0.89484,-0.90182,-0.90147,-0.90693,-0.89921,-0.90646,-0.89244
0.066023,0.076636,0.12033,0.13973,0.14468,0.14121,0.13067,0.11413,0.094275,0.070087,0.04352,0.011385,-0.023306,-0.064359,-0.10811,-0.15695,-0.20916,-0.26322,-0.32219,-0.37828,-0.44155,-0.49605,-0.56011,-0.60888,-0.66898,-0.70821,-0.74401,-0.7869,-0.81217,-0.84218,-0.85867,-0.8765,-0.88703,-0.89484,-0.90182,-0.90147,-0.90693,-0.89921,-0.90646,-0.89244
