0.027333,0.032225,0.055226,0.077455,0.097304,0.11711,0.13678,0.15703,0.17678,0.19746,0.21704,0.23773,0.25673,0.27698,0.29507,0.31455,0.33154,0.35004,0.36584,0.38328,0.3979,0.41429,0.42782,0.44321,0.45577,0.47024,0.48401,0.49556,0.50852,0.5193,0.53149,0.54157,0.55304,0.56246,0.57324,0.58205,0.59216,0.6004,0.60989,0.61759
0.053818,0.063461,0.1091,0.15382,0.19408,0.23365,0.27151,0.30804,0.34127,0.37354,0.40209,0.43064,0.45543,0.48094,0.50273,0.52562,0.54488,0.56538,0.58241,0.6007,0.61572,0.63202,0.64529,0.65989,0.67168,0.68484,0.69714,0.70739,0.71864,0.72797,0.73831,0.74685,0.75641,0.76427,0.77311,0.78037,0.78857,0.79529,0.80289,0.80912
0.077634,0.091581,0.15828,0.2241,0.28097,0.33332,0.38028,0.42337,0.46084,0.49591,0.52593,0.55488,0.57935,0.60358,0.62382,0.64434,0.66133,0.679,0.69353,0.70903,0.72169,0.73544,0.74662,0.7589,0.76885,0.77986,0.79009,0.7987,0.80793,0.81571,0.82409,0.83118,0.83884,0.84534,0.85238,0.85839,0.86489,0.87048,0.8765,0.88172
0.10548,0.12444,0.21463,0.30006,0.36958,0.43053,0.48255,0.52792,0.56599,0.60074,0.63004,0.65807,0.68165,0.70507,0.72465,0.74464,0.76125,0.7785,0.79276,0.80771,0.82004,0.83302,0.84374,0.85505,0.8644,0.87429,0.88335,0.89118,0.89912,0.90603,0.91299,0.9191,0.92518,0.93056,0.93584,0.94057,0.9451,0.94923,0.95309,0.95665
0.14001,0.16443,0.27416,0.36754,0.43967,0.50272,0.55682,0.6034,0.6416,0.67523,0.70305,0.72927,0.75126,0.77292,0.79107,0.80924,0.82439,0.83965,0.85235,0.86519,0.87591,0.88677,0.8959,0.90511,0.91294,0.92073,0.92776,0.93401,0.9399,0.9452,0.95006,0.95451,0.95847,0.96214,0.96534,0.96833,0.97089,0.9733,0.97537,0.97731
0.13403,0.15709,0.26526,0.35807,0.42148,0.47235,0.51541,0.55383,0.58656,0.61638,0.64131,0.66438,0.68346,0.7015,0.71649,0.73107,0.7434,0.75578,0.76649,0.77752,0.78729,0.79747,0.80669,0.81624,0.82508,0.83409,0.8427,0.85103,0.85911,0.86702,0.87458,0.88203,0.88907,0.89602,0.90251,0.90896,0.9149,0.92081,0.92619,0.93153
0.1706,0.20093,0.33993,0.45232,0.52565,0.58098,0.62488,0.6624,0.69391,0.72288,0.7476,0.77114,0.79129,0.81086,0.82774,0.84436,0.85887,0.87317,0.88583,0.89809,0.90911,0.9194,0.9288,0.93714,0.9449,0.95141,0.9571,0.9625,0.96681,0.97092,0.97415,0.97721,0.97967,0.98196,0.98389,0.9856,0.98717,0.98848,0.98977,0.99079
0.19487,0.22562,0.35297,0.45035,0.5196,0.5735,0.61566,0.65064,0.67935,0.70455,0.72534,0.74379,0.75912,0.77302,0.78495,0.79605,0.80608,0.81553,0.82459,0.83307,0.84171,0.84967,0.85821,0.86593,0.87455,0.88221,0.88988,0.89852,0.90606,0.91456,0.92168,0.92967,0.93605,0.94314,0.94856,0.9545,0.95888,0.96364,0.96704,0.97072
0.20515,0.2371,0.36709,0.4627,0.52776,0.57827,0.61862,0.65197,0.67882,0.70152,0.72033,0.73718,0.752,0.76598,0.779,0.79148,0.80368,0.81525,0.82705,0.83813,0.84984,0.86088,0.8728,0.88394,0.8961,0.9071,0.91785,0.92913,0.93858,0.94835,0.95594,0.9637,0.9692,0.97489,0.9785,0.98235,0.98459,0.98695,0.98844,0.98966
0.25748,0.29341,0.44255,0.55744,0.6334,0.6886,0.73024,0.76327,0.78943,0.81118,0.82917,0.84496,0.85885,0.87155,0.88337,0.89422,0.90476,0.91422,0.92367,0.93195,0.94035,0.94751,0.95481,0.96086,0.96694,0.97182,0.9762,0.98029,0.9835,0.98643,0.98864,0.99063,0.99205,0.99328,0.99423,0.99485,0.99565,0.99583,0.99682,0.99686
0.18104,0.20436,0.29744,0.36795,0.41503,0.44916,0.47446,0.49326,0.50677,0.51612,0.52237,0.52595,0.52801,0.5286,0.529,0.52959,0.53135,0.53558,0.54257,0.5542,0.57054,0.59196,0.62003,0.65,0.68747,0.72037,0.75242,0.78882,0.81509,0.84381,0.8631,0.88257,0.8977,0.90953,0.9243,0.93176,0.9463,0.95213,0.96188,0.96585
0.27123,0.31222,0.45897,0.54859,0.6054,0.64926,0.68541,0.71741,0.74536,0.77129,0.79451,0.81614,0.83579,0.85364,0.87,0.88459,0.89813,0.91023,0.92156,0.93161,0.941,0.94904,0.95653,0.96261,0.96841,0.97271,0.97631,0.98002,0.98263,0.98534,0.98735,0.98935,0.99093,0.99244,0.99337,0.99435,0.99474,0.99508,0.99557,0.99545
0.27397,0.31167,0.44586,0.52671,0.57653,0.61501,0.64696,0.67467,0.69832,0.71908,0.73753,0.75419,0.77043,0.78557,0.80209,0.81797,0.83676,0.85461,0.87589,0.89439,0.91534,0.93124,0.94781,0.95896,0.96954,0.97609,0.9815,0.9848,0.98841,0.98879,0.99306,0.99261,0.99723,0.99743,0.9984,0.99765,0.99444,0.98958,0.98939,0.98089
0.23898,0.27096,0.38322,0.45268,0.49706,0.52851,0.55029,0.56371,0.57023,0.5681,0.56008,0.5428,0.52059,0.4908,0.4567,0.41883,0.37625,0.33419,0.2859,0.24176,0.18909,0.1435,0.0866,0.03983,-0.0214,-0.068686,-0.11778,-0.18075,-0.22955,-0.29384,-0.33629,-0.39523,-0.42191,-0.45842,-0.47543,-0.47587,-0.50186,-0.46569,-0.50944,-0.44294
0.29946,0.34184,0.49602,0.59479,0.65706,0.7022,0.73753,0.76779,0.79512,0.82025,0.84436,0.86543,0.88587,0.90185,0.91709,0.92781,0.93765,0.94442,0.95019,0.95461,0.95798,0.96122,0.96356,0.96586,0.9676,0.9695,0.97188,0.97352,0.97594,0.97792,0.97814,0.97839,0.97707,0.97304,0.97814,0.97338,0.98355,0.98222,0.97284,0.96013
0.26363,0.30334,0.44076,0.5105,0.54335,0.56199,0.57294,0.57949,0.58337,0.58682,0.59033,0.59729,0.60692,0.62378,0.64529,0.67398,0.707,0.74119,0.77804,0.80882,0.8418,0.86515,0.89097,0.90776,0.92654,0.93835,0.94778,0.95771,0.96319,0.96795,0.97245,0.97338,0.97589,0.97192,0.97491,0.96486,0.98048,0.97192,0.98823,0.98235
0.22048,0.247,0.34003,0.38969,0.40477,0.39822,0.37516,0.33716,0.28586,0.22219,0.14432,0.059126,-0.04399,-0.14386,-0.26677,-0.37015,-0.49467,-0.58485,-0.67792,-0.74342,-0.78532,-0.83502,-0.83188,-0.89976,-0.88649,-0.96412,-0.9545,-0.92093,-0.88996,-0.79219,-0.89372,-0.8108,-0.93698,-0.88869,-0.68925,-0.52659,-0.45775,-0.27805,-0.38261,-0.21078
0.32958,0.36302,0.47253,0.53099,0.55795,0.56766,0.56439,0.54862,0.5215,0.48208,0.43105,0.37054,0.29692,0.21989,0.1249,0.035196,-0.079427,-0.17532,-0.29495,-0.38756,-0.48439,-0.5767,-0.64043,-0.72433,-0.7505,-0.83136,-0.87308,-0.8626,-0.82854,-0.73059,-0.81989,-0.70949,-0.95308,-0.93326,-0.70162,-0.53061,-0.43375,-0.24151,-0.32781,-0.14431
0.25561,0.27637,0.33649,0.3467,0.32269,0.27253,0.19718,0.096211,-0.025881,-0.15895,-0.29786,-0.42111,-0.53645,-0.62246,-0.69913,-0.7517,-0.79937,-0.83263,-0.86375,-0.88713,-0.90884,-0.92535,-0.94116,-0.94757,-0.95433,-0.95557,-0.96362,-0.96017,-0.96917,-0.96041,-0.96667,-0.9445,-0.95098,-0.90354,-0.92721,-0.86034,-0.95306,-0.91246,-0.83477,-0.72769
0.25561,0.27637,0.33649,0.3467,0.32269,0.27253,0.19718,0.096211,-0.025881,-0.15895,-0.29786,-0.42111,-0.53645,-0.62246,-0.69913,-0.7517,-0.79937,-0.83263,-0.86375,-0.88713,-0.90884,-0.92535,-0.94116,-0.94757,-0.95433,-0.95557,-0.96362,-0.96017,-0.96917,-0.96041,-0.96667,-0.9445,-0.95098,-0.90354,-0.92721,-0.86034,-0.95306,-0.91246,-0.83477,-0.72769
0.3478,0.37973,0.48594,0.53409,0.54274,0.53065,0.5053,0.47275,0.4375,0.40587,0.37782,0.35657,0.33579,0.31626,0.28988,0.26369,0.22756,0.19464,0.14933,0.11476,0.063629,0.036902,-0.0032963,-0.020556,-0.023094,-0.061739,-0.086993,-0.037851,-0.035267,0.062592,-0.082602,0.0042727,-0.2074,-0.10599,0.14683,0.25137,0.20365,0.29269,0.28586,0.41685
0.00077357,0.0019263,-0.0025857,-0.025475,-0.067983,-0.128,-0.20116,-0.27909,-0.35841,-0.42384,-0.48054,-0.51191,-0.53099,-0.53173,-0.52096,-0.51116,-0.49017,-0.48764,-0.47598,-0.48069,-0.48024,-0.48164,-0.46458,-0.4773,-0.43274,-0.50291,-0.54603,-0.43544,-0.34815,-0.1665,-0.46065,-0.36864,-0.33651,-0.3238,-0.054641,-0.0041118,0.094442,0.1709,-0.17834,-0.19449
0.00077357,0.0019263,-0.0025857,-0.025475,-0.067983,-0.128,-0.20116,-0.27909,-0.35841,-0.42384,-0.48054,-0.51191,-0.53099,-0.53173,-0.52096,-0.51116,-0.49017,-0.48764,-0.47598,-0.48069,-0.48024,-0.48164,-0.46458,-0.4773,-0.43274,-0.50291,-0.54603,-0.43544,-0.34815,-0.1665,-0.46065,-0.36864,-0.33651,-0.3238,-0.054641,-0.0041118,0.094442,0.1709,-0.17834,-0.19449
0.00077357,0.0019263,-0.0025857,-0.025475,-0.067983,-0.128,-0.20116,-0.27909,-0.35841,-0.42384,-0.48054,-0.51191,-0.53099,-0.53173,-0.52096,-0.51116,-0.49017,-0.48764,-0.47598,-0.48069,-0.48024,-0.48164,-0.46458,-0.4773,-0.43274,-0.50291,-0.54603,-0.43544,-0.34815,-0.1665,-0.46065,-0.36864,-0.33651,-0.3238,-0.054641,-0.0041118,0.094442,0.1709,-0.17834,-0.19449
-0.10527,-0.1194,-0.18973,-0.27686,-0.38127,-0.50227,-0.6288,-0.74198,-0.83565,-0.89846,-0.94154,-0.96566,-0.9796,-0.98861,-0.99236,-0.99654,-0.99766,-0.99876,-0.99766,-0.99753,-0.99218,-0.9994,-0.99859,-0.9839,-0.95237,-0.95961,-0.99408,-0.98453,-0.87701,-0.75274,-0.81579,-0.72115,-0.85345,-0.81204,-0.0156,0.012751,0.17355,0.059692,-0.62735,-0.65028
-0.10527,-0.1194,-0.18973,-0.27686,-0.38127,-0.50227,-0.6288,-0.74198,-0.83565,-0.89846,-0.94154,-0.96566,-0.9796,-0.98861,-0.99236,-0.99654,-0.99766,-0.99876,-0.99766,-0.99753,-0.99218,-0.9994,-0.99859,-0.9839,-0.95237,-0.95961,-0.99408,-0.98453,-0.87701,-0.75274,-0.81579,-0.72115,-0.85345,-0.81204,-0.0156,0.012751,0.17355,0.059692,-0.62735,-0.65028
0.028695,0.025573,-0.011299,-0.088837,-0.20276,-0.34342,-0.49636,-0.64019,-0.76648,-0.85586,-0.91984,-0.95482,-0.97506,-0.98705,-0.99166,-0.9967,-0.9977,-0.99877,-0.99713,-0.99707,-0.99085,-0.99935,-0.99809,-0.98083,-0.9417,-0.96296,-0.98878,-0.97242,-0.89763,-0.78889,-0.76951,-0.62695,-0.8838,-0.81724,0.34455,0.4101,0.29039,0.13795,-0.69,-0.70878
0.028695,0.025573,-0.011299,-0.088837,-0.20276,-0.34342,-0.49636,-0.64019,-0.76648,-0.85586,-0.91984,-0.95482,-0.97506,-0.98705,-0.99166,-0.9967,-0.9977,-0.99877,-0.99713,-0.99707,-0.99085,-0.99935,-0.99809,-0.98083,-0.9417,-0.96296,-0.98878,-0.97242,-0.89763,-0.78889,-0.76951,-0.62695,-0.8838,-0.81724,0.34455,0.4101,0.29039,0.13795,-0.69,-0.70878
0.20735,0.22289,0.24004,0.18317,0.074327,-0.06821,-0.22628,-0.36234,-0.45986,-0.50502,-0.50473,-0.49118,-0.4487,-0.41868,-0.3697,-0.33303,-0.28008,-0.27613,-0.2774,-0.14156,-0.057988,-0.043744,0.02038,0.17394,0.22154,0.09222,-0.10852,-0.15593,0.83315,0.84927,0.023554,-0.010538,0.040599,0.041476,0.18763,0.18722,0.38137,0.40371,0.44887,0.43151
0.20735,0.22289,0.24004,0.18317,0.074327,-0.06821,-0.22628,-0.36234,-0.45986,-0.50502,-0.50473,-0.49118,-0.4487,-0.41868,-0.3697,-0.33303,-0.28008,-0.27613,-0.2774,-0.14156,-0.057988,-0.043744,0.02038,0.17394,0.22154,0.09222,-0.10852,-0.15593,0.83315,0.84927,0.023554,-0.010538,0.040599,0.041476,0.18763,0.18722,0.38137,0.40371,0.44887,0.43151
0.20735,0.22289,0.24004,0.18317,0.074327,-0.06821,-0.22628,-0.36234,-0.45986,-0.50502,-0.50473,-0.49118,-0.4487,-0.41868,-0.3697,-0.33303,-0.28008,-0.27613,-0.2774,-0.14156,-0.057988,-0.043744,0.02038,0.17394,0.22154,0.09222,-0.10852,-0.15593,0.83315,0.84927,0.023554,-0.010538,0.040599,0.041476,0.18763,0.18722,0.38137,0.40371,0.44887,0.43151
0.20735,0.22289,0.24004,0.18317,0.074327,-0.06821,-0.22628,-0.36234,-0.45986,-0.50502,-0.50473,-0.49118,-0.4487,-0.41868,-0.3697,-0.33303,-0.28008,-0.27613,-0.2774,-0.14156,-0.057988,-0.043744,0.02038,0.17394,0.22154,0.09222,-0.10852,-0.15593,0.83315,0.84927,0.023554,-0.010538,0.040599,0.041476,0.18763,0.18722,0.38137,0.40371,0.44887,0.43151
0.20735,0.22289,0.24004,0.18317,0.074327,-0.06821,-0.22628,-0.36234,-0.45986,-0.50502,-0.50473,-0.49118,-0.4487,-0.41868,-0.3697,-0.33303,-0.28008,-0.27613,-0.2774,-0.14156,-0.057988,-0.043744,0.02038,0.17394,0.22154,0.09222,-0.10852,-0.15593,0.83315,0.84927,0.023554,-0.010538,0.040599,0.041476,0.18763,0.18722,0.38137,0.40371,0.44887,0.43151
0.20735,0.22289,0.24004,0.18317,0.074327,-0.06821,-0.22628,-0.36234,-0.45986,-0.50502,-0.50473,-0.49118,-0.4487,-0.41868,-0.3697,-0.33303,-0.28008,-0.27613,-0.2774,-0.14156,-0.057988,-0.043744,0.02038,0.17394,0.22154,0.09222,-0.10852,-0.15593,0.83315,0.84927,0.023554,-0.010538,0.040599,0.041476,0.18763,0.18722,0.38137,0.40371,0.44887,0.43151
0.20735,0.22289,0.24004,0.18317,0.074327,-0.06821,-0.22628,-0.36234,-0.45986,-0.50502,-0.50473,-0.49118,-0.4487,-0.41868,-0.3697,-0.33303,-0.28008,-0.27613,-0.2774,-0.14156,-0.057988,-0.043744,0.02038,0.17394,0.22154,0.09222,-0.10852,-0.15593,0.83315,0.84927,0.023554,-0.010538,0.040599,0.041476,0.18763,0.18722,0.38137,0.40371,0.44887,0.43151
0.448,0.47891,0.58179,0.62602,0.60744,0.54419,0.45249,0.35556,0.26222,0.18968,0.13288,0.089262,0.06164,0.026233,0.014925,0.001116,0.02996,-0.041362,0.0038304,0.067075,0.13907,0.043071,0.07497,0.19784,0.30577,0.30257,0.099086,0.16707,0.91515,0.925,0.33595,0.29555,0.51776,0.50819,0.62907,0.62552,0.43882,0.45145,0.79333,0.78451
0.1902,0.17112,0.039822,-0.17222,-0.4122,-0.61937,-0.76337,-0.84901,-0.90071,-0.93345,-0.95597,-0.96964,-0.97632,-0.98563,-0.98336,-0.98966,-0.96355,-0.9924,-0.95892,-0.82641,-0.58603,-0.61766,-0.20286,0.74607,0.46711,-0.38541,-0.069357,-0.10082,0.5616,0.60166,0.16455,0.12486,-0.57119,-0.5694,-0.075325,-0.069464,0.47422,0.48276,-0.04302,-0.068918
0.1902,0.17112,0.039822,-0.17222,-0.4122,-0.61937,-0.76337,-0.84901,-0.90071,-0.93345,-0.95597,-0.96964,-0.97632,-0.98563,-0.98336,-0.98966,-0.96355,-0.9924,-0.95892,-0.82641,-0.58603,-0.61766,-0.20286,0.74607,0.46711,-0.38541,-0.069357,-0.10082,0.5616,0.60166,0.16455,0.12486,-0.57119,-0.5694,-0.075325,-0.069464,0.47422,0.48276,-0.04302,-0.068918
0.1902,0.17112,0.039822,-0.17222,-0.4122,-0.61937,-0.76337,-0.84901,-0.90071,-0.93345,-0.95597,-0.96964,-0.97632,-0.98563,-0.98336,-0.98966,-0.96355,-0.9924,-0.95892,-0.82641,-0.58603,-0.61766,-0.20286,0.74607,0.46711,-0.38541,-0.069357,-0.10082,0.5616,0.60166,0.16455,0.12486,-0.57119,-0.5694,-0.075325,-0.069464,0.47422,0.48276,-0.04302,-0.068918
0.1902,0.17112,0.039822,-0.17222,-0.4122,-0.61937,-0.76337,-0.84901,-0.90071,-0.93345,-0.95597,-0.96964,-0.97632,-0.98563,-0.98336,-0.98966,-0.96355,-0.9924,-0.95892,-0.82641,-0.58603,-0.61766,-0.20286,0.74607,0.46711,-0.38541,-0.069357,-0.10082,0.5616,0.60166,0.16455,0.12486,-0.57119,-0.5694,-0.075325,-0.069464,0.47422,0.48276,-0.04302,-0.068918
