0.0092336,0.010885,0.018634,0.026087,0.032704,0.039258,0.045714,0.052295,0.05865,0.065278,0.07153,0.078205,0.08436,0.091079,0.097147,0.1039,0.10989,0.11668,0.1226,0.12941,0.13526,0.14209,0.14789,0.15472,0.16047,0.16732,0.17404,0.17986,0.18659,0.19237,0.19909,0.20483,0.21155,0.21724,0.22395,0.2296,0.23631,0.24192,0.2486,0.25416
0.017809,0.020992,0.035926,0.050288,0.063026,0.075629,0.088026,0.10064,0.1128,0.12545,0.13737,0.15005,0.16174,0.17443,0.18591,0.19861,0.20991,0.22258,0.2337,0.2463,0.25724,0.26971,0.28043,0.29266,0.30307,0.31492,0.32628,0.33624,0.34698,0.35635,0.36635,0.37503,0.38415,0.39206,0.40021,0.40729,0.41441,0.42061,0.42665,0.43197
0.026498,0.031227,0.053421,0.074759,0.093668,0.11236,0.13074,0.14942,0.16745,0.18617,0.20387,0.22264,0.24003,0.25876,0.27577,0.29419,0.31058,0.32824,0.34367,0.3601,0.37423,0.38898,0.40153,0.41429,0.42507,0.43562,0.4448,0.45277,0.45965,0.46566,0.47023,0.47434,0.47665,0.47891,0.47908,0.47957,0.47769,0.47651,0.47276,0.47002
0.036141,0.042577,0.07277,0.10175,0.12735,0.15257,0.17731,0.20235,0.22646,0.25128,0.27463,0.29876,0.32078,0.34322,0.36305,0.38265,0.39948,0.41537,0.42869,0.44038,0.45,0.45733,0.4633,0.46635,0.46885,0.46786,0.46498,0.46242,0.45611,0.45068,0.44136,0.43336,0.42151,0.41128,0.39728,0.38514,0.36942,0.35567,0.33855,0.32345
0.045629,0.053745,0.091861,0.12852,0.16097,0.19301,0.2245,0.25629,0.28676,0.31731,0.34527,0.37224,0.39563,0.41684,0.43431,0.44863,0.45982,0.46709,0.47233,0.473,0.47286,0.4677,0.46281,0.4526,0.44355,0.4291,0.4132,0.39848,0.37948,0.36194,0.34041,0.3205,0.29698,0.27511,0.25007,0.22661,0.20044,0.17573,0.14882,0.12318
0.04952,0.058335,0.099814,0.13988,0.17556,0.21095,0.24585,0.28081,0.31386,0.34588,0.37444,0.40068,0.42285,0.44166,0.45677,0.46763,0.47576,0.47887,0.48043,0.47655,0.47223,0.46262,0.45339,0.4394,0.4263,0.40914,0.39122,0.37371,0.35395,0.3346,0.31359,0.2929,0.27113,0.24952,0.22731,0.20507,0.18268,0.16004,0.13764,0.11475
0.061788,0.072764,0.1245,0.17463,0.21938,0.26383,0.30754,0.35037,0.38946,0.42468,0.45397,0.47776,0.49605,0.50824,0.5165,0.51827,0.5178,0.51092,0.50316,0.48962,0.47606,0.45771,0.43978,0.41811,0.39696,0.37309,0.34894,0.32441,0.29921,0.27342,0.24767,0.22108,0.19514,0.16806,0.14213,0.11477,0.08899,0.061481,0.03602,0.0084909
0.066639,0.078384,0.13368,0.18697,0.23402,0.2799,0.32367,0.36429,0.39936,0.42817,0.45019,0.46429,0.47277,0.47274,0.46914,0.45731,0.44377,0.42302,0.40184,0.37478,0.34795,0.31664,0.28574,0.25177,0.21809,0.18276,0.14769,0.11167,0.07653,0.040127,0.0055192,-0.030705,-0.064346,-0.09997,-0.13231,-0.167,-0.19779,-0.23127,-0.26034,-0.29242
0.065956,0.077715,0.13328,0.18712,0.23462,0.28018,0.32217,0.35907,0.38918,0.41178,0.42747,0.43506,0.43736,0.43202,0.42331,0.40832,0.3914,0.36983,0.34706,0.32107,0.29403,0.26488,0.23453,0.20298,0.16987,0.13634,0.1023,0.065607,0.030038,-0.0086359,-0.045245,-0.085483,-0.12248,-0.16367,-0.20026,-0.24164,-0.27711,-0.31794,-0.35167,-0.39138
0.081684,0.095842,0.16242,0.22616,0.28158,0.33395,0.38083,0.41909,0.4468,0.46227,0.46851,0.46362,0.45314,0.43385,0.41163,0.38288,0.3526,0.31792,0.28223,0.24416,0.20508,0.1655,0.12463,0.084862,0.043325,0.004176,-0.034244,-0.075296,-0.11243,-0.15262,-0.18804,-0.22697,-0.26041,-0.29781,-0.32917,-0.36498,-0.39435,-0.42876,-0.45614,-0.48937
0.093624,0.11023,0.18888,0.26466,0.32739,0.37962,0.4192,0.44533,0.45955,0.46145,0.45484,0.43807,0.41579,0.38625,0.35313,0.31586,0.27581,0.23439,0.1902,0.14678,0.1001,0.055641,0.0071727,-0.037924,-0.087892,-0.13298,-0.17762,-0.2279,-0.27104,-0.32054,-0.36111,-0.40885,-0.44612,-0.49145,-0.52486,-0.56725,-0.59657,-0.63537,-0.66118,-0.69584
0.093585,0.11016,0.18913,0.26637,0.33228,0.3897,0.43587,0.46892,0.48983,0.49751,0.49642,0.4858,0.47035,0.44991,0.42692,0.40216,0.37571,0.34946,0.32162,0.29511,0.26673,0.24024,0.21148,0.18508,0.15588,0.12964,0.10351,0.073858,0.047921,0.017423,-0.0083355,-0.040152,-0.065763,-0.09934,-0.12502,-0.16072,-0.18674,-0.22479,-0.25106,-0.29136
0.11003,0.12868,0.217,0.30256,0.37519,0.43694,0.48342,0.51264,0.5272,0.52671,0.51686,0.49627,0.47073,0.43886,0.40445,0.36725,0.32843,0.28958,0.24919,0.21073,0.17041,0.13329,0.093846,0.05844,0.020113,-0.013641,-0.046843,-0.083672,-0.1159,-0.15293,-0.18448,-0.22253,-0.25347,-0.29295,-0.32327,-0.36416,-0.39363,-0.43547,-0.46352,-0.50553
0.090793,0.10829,0.19254,0.27597,0.34609,0.40422,0.44665,0.47098,0.48018,0.47543,0.46184,0.44113,0.41574,0.3884,0.35789,0.3293,0.29756,0.2706,0.23978,0.21573,0.18709,0.16668,0.14125,0.12491,0.10356,0.090979,0.078965,0.063917,0.054421,0.042058,0.033835,0.023293,0.014801,0.0051715,-0.004832,-0.0147,-0.026184,-0.03736,-0.047724,-0.059533
0.13419,0.15797,0.27261,0.38148,0.45787,0.50253,0.51939,0.51411,0.49388,0.46101,0.41976,0.37165,0.31834,0.26317,0.20427,0.14777,0.087734,0.033401,-0.024889,-0.074486,-0.12861,-0.17172,-0.22019,-0.25691,-0.3004,-0.33231,-0.36359,-0.40205,-0.43227,-0.47052,-0.50151,-0.54064,-0.57163,-0.61105,-0.63775,-0.67353,-0.69301,-0.71932,-0.73448,-0.74769
0.13015,0.15251,0.25666,0.34986,0.41326,0.44728,0.45247,0.43153,0.3935,0.34064,0.27806,0.20726,0.12973,0.051857,-0.02994,-0.1033,-0.17847,-0.23998,-0.30265,-0.35111,-0.40104,-0.43939,-0.47983,-0.51185,-0.54706,-0.57525,-0.60211,-0.63328,-0.65825,-0.6881,-0.71189,-0.74066,-0.76168,-0.78873,-0.80216,-0.82363,-0.82787,-0.83761,-0.84212,-0.83864
0.14011,0.16467,0.28167,0.38605,0.44958,0.48007,0.4846,0.46677,0.43311,0.38666,0.33098,0.2697,0.202,0.13289,0.058329,-0.0152,-0.093966,-0.16868,-0.24864,-0.31997,-0.39717,-0.46067,-0.53175,-0.58446,-0.64677,-0.68846,-0.72801,-0.7729,-0.80391,-0.83857,-0.86018,-0.88413,-0.8983,-0.91197,-0.92389,-0.93009,-0.93856,-0.93762,-0.93776,-0.92359
0.15141,0.17891,0.30943,0.41838,0.48177,0.51582,0.52687,0.51785,0.49371,0.45899,0.41624,0.37291,0.32605,0.28584,0.2437,0.21077,0.17569,0.14931,0.12011,0.097909,0.072103,0.051858,0.026659,0.0072163,-0.019152,-0.039203,-0.061191,-0.090102,-0.11344,-0.14579,-0.16628,-0.19807,-0.21204,-0.23322,-0.24821,-0.25215,-0.27322,-0.25707,-0.2766,-0.23292
0.12676,0.14872,0.25252,0.34299,0.39283,0.40858,0.39884,0.37348,0.33945,0.30345,0.26441,0.22748,0.18725,0.14994,0.10783,0.070356,0.026764,-0.0090242,-0.052578,-0.085512,-0.12884,-0.16024,-0.20507,-0.23842,-0.28747,-0.32471,-0.36507,-0.41424,-0.45672,-0.49842,-0.54479,-0.57301,-0.6099,-0.60847,-0.63074,-0.58084,-0.65791,-0.58033,-0.76154,-0.69515
0.16829,0.19369,0.31618,0.4239,0.47452,0.47852,0.45174,0.40458,0.34375,0.27363,0.19477,0.11294,0.024066,-0.061048,-0.15182,-0.23094,-0.31475,-0.38157,-0.45392,-0.50843,-0.57049,-0.61567,-0.6692,-0.70834,-0.75388,-0.78669,-0.81497,-0.84494,-0.86343,-0.88024,-0.89255,-0.8948,-0.90345,-0.88741,-0.90463,-0.87146,-0.92781,-0.90162,-0.95121,-0.92735
0.16829,0.19369,0.31618,0.4239,0.47452,0.47852,0.45174,0.40458,0.34375,0.27363,0.19477,0.11294,0.024066,-0.061048,-0.15182,-0.23094,-0.31475,-0.38157,-0.45392,-0.50843,-0.57049,-0.61567,-0.6692,-0.70834,-0.75388,-0.78669,-0.81497,-0.84494,-0.86343,-0.88024,-0.89255,-0.8948,-0.90345,-0.88741,-0.90463,-0.87146,-0.92781,-0.90162,-0.95121,-0.92735
0.14376,0.17129,0.28615,0.35973,0.38971,0.39549,0.38722,0.37644,0.36445,0.36159,0.3594,0.36924,0.37742,0.39776,0.4148,0.44285,0.46817,0.50116,0.53522,0.56957,0.61195,0.64493,0.69177,0.7191,0.75916,0.77934,0.80631,0.81959,0.84536,0.83716,0.87709,0.85471,0.93287,0.92031,0.93042,0.88475,0.88197,0.82068,0.79696,0.73882
0.14376,0.17129,0.28615,0.35973,0.38971,0.39549,0.38722,0.37644,0.36445,0.36159,0.3594,0.36924,0.37742,0.39776,0.4148,0.44285,0.46817,0.50116,0.53522,0.56957,0.61195,0.64493,0.69177,0.7191,0.75916,0.77934,0.80631,0.81959,0.84536,0.83716,0.87709,0.85471,0.93287,0.92031,0.93042,0.88475,0.88197,0.82068,0.79696,0.73882
0.16992,0.19276,0.3047,0.3918,0.41876,0.40466,0.36366,0.31057,0.25081,0.1979,0.14462,0.10313,0.05932,0.024374,-0.016936,-0.053454,-0.10073,-0.14308,-0.20068,-0.24919,-0.3166,-0.36609,-0.43777,-0.46959,-0.51803,-0.53672,-0.5831,-0.57972,-0.62447,-0.57111,-0.65505,-0.5591,-0.70451,-0.57715,-0.59886,-0.38987,-0.59585,-0.39836,-0.33764,-0.15204
0.16992,0.19276,0.3047,0.3918,0.41876,0.40466,0.36366,0.31057,0.25081,0.1979,0.14462,0.10313,0.05932,0.024374,-0.016936,-0.053454,-0.10073,-0.14308,-0.20068,-0.24919,-0.3166,-0.36609,-0.43777,-0.46959,-0.51803,-0.53672,-0.5831,-0.57972,-0.62447,-0.57111,-0.65505,-0.5591,-0.70451,-0.57715,-0.59886,-0.38987,-0.59585,-0.39836,-0.33764,-0.15204
0.16992,0.19276,0.3047,0.3918,0.41876,0.40466,0.36366,0.31057,0.25081,0.1979,0.14462,0.10313,0.05932,0.024374,-0.016936,-0.053454,-0.10073,-0.14308,-0.20068,-0.24919,-0.3166,-0.36609,-0.43777,-0.46959,-0.51803,-0.53672,-0.5831,-0.57972,-0.62447,-0.57111,-0.65505,-0.5591,-0.70451,-0.57715,-0.59886,-0.38987,-0.59585,-0.39836,-0.33764,-0.15204
0.19546,0.21289,0.2925,0.33013,0.30161,0.23777,0.15706,0.07332,-0.013089,-0.096593,-0.18801,-0.27717,-0.38043,-0.47443,-0.58278,-0.6706,-0.7609,-0.82699,-0.8798,-0.91812,-0.9354,-0.96576,-0.97199,-0.97892,-0.96816,-0.96514,-0.98531,-0.96796,-0.97142,-0.93373,-0.9648,-0.916,-0.81045,-0.63887,-0.74003,-0.56854,-0.89687,-0.82088,-0.37795,-0.19231
0.16326,0.17587,0.23162,0.24053,0.18816,0.1168,0.047612,0.00093912,-0.025228,-0.0098264,0.032961,0.12206,0.2378,0.37382,0.51614,0.63404,0.74199,0.81146,0.87061,0.90456,0.93048,0.9436,0.94647,0.95195,0.93056,0.95944,0.97972,0.9644,0.96329,0.92893,0.91537,0.83047,0.88977,0.82289,0.8317,0.80055,0.69757,0.66733,0.73771,0.72329
0.16326,0.17587,0.23162,0.24053,0.18816,0.1168,0.047612,0.00093912,-0.025228,-0.0098264,0.032961,0.12206,0.2378,0.37382,0.51614,0.63404,0.74199,0.81146,0.87061,0.90456,0.93048,0.9436,0.94647,0.95195,0.93056,0.95944,0.97972,0.9644,0.96329,0.92893,0.91537,0.83047,0.88977,0.82289,0.8317,0.80055,0.69757,0.66733,0.73771,0.72329
0.16326,0.17587,0.23162,0.24053,0.18816,0.1168,0.047612,0.00093912,-0.025228,-0.0098264,0.032961,0.12206,0.2378,0.37382,0.51614,0.63404,0.74199,0.81146,0.87061,0.90456,0.93048,0.9436,0.94647,0.95195,0.93056,0.95944,0.97972,0.9644,0.96329,0.92893,0.91537,0.83047,0.88977,0.82289,0.8317,0.80055,0.69757,0.66733,0.73771,0.72329
0.16326,0.17587,0.23162,0.24053,0.18816,0.1168,0.047612,0.00093912,-0.025228,-0.0098264,0.032961,0.12206,0.2378,0.37382,0.51614,0.63404,0.74199,0.81146,0.87061,0.90456,0.93048,0.9436,0.94647,0.95195,0.93056,0.95944,0.97972,0.9644,0.96329,0.92893,0.91537,0.83047,0.88977,0.82289,0.8317,0.80055,0.69757,0.66733,0.73771,0.72329
0.20044,0.22662,0.32571,0.34053,0.28228,0.19413,0.095402,0.014902,-0.042876,-0.052034,-0.0322,0.019684,0.087278,0.15989,0.24145,0.31063,0.38872,0.44324,0.50793,0.54393,0.58284,0.60014,0.59226,0.63705,0.61624,0.66937,0.79298,0.77347,0.80174,0.79894,0.71515,0.65216,0.59191,0.60412,0.82226,0.82438,0.83297,0.82733,0.80266,0.79353
0.2016,0.2014,0.1777,0.10594,0.01346,-0.066381,-0.11863,-0.13187,-0.11574,-0.059642,0.026727,0.14528,0.29936,0.45462,0.63002,0.75709,0.85488,0.91645,0.93873,0.95829,0.93177,0.98065,0.95267,0.93297,0.86921,0.88309,0.87328,0.7896,0.85842,0.83009,0.76357,0.76499,0.50261,0.47038,0.86013,0.86408,0.81786,0.81226,0.75114,0.74459
0.2016,0.2014,0.1777,0.10594,0.01346,-0.066381,-0.11863,-0.13187,-0.11574,-0.059642,0.026727,0.14528,0.29936,0.45462,0.63002,0.75709,0.85488,0.91645,0.93873,0.95829,0.93177,0.98065,0.95267,0.93297,0.86921,0.88309,0.87328,0.7896,0.85842,0.83009,0.76357,0.76499,0.50261,0.47038,0.86013,0.86408,0.81786,0.81226,0.75114,0.74459
0.2016,0.2014,0.1777,0.10594,0.01346,-0.066381,-0.11863,-0.13187,-0.11574,-0.059642,0.026727,0.14528,0.29936,0.45462,0.63002,0.75709,0.85488,0.91645,0.93873,0.95829,0.93177,0.98065,0.95267,0.93297,0.86921,0.88309,0.87328,0.7896,0.85842,0.83009,0.76357,0.76499,0.50261,0.47038,0.86013,0.86408,0.81786,0.81226,0.75114,0.74459
0.2016,0.2014,0.1777,0.10594,0.01346,-0.066381,-0.11863,-0.13187,-0.11574,-0.059642,0.026727,0.14528,0.29936,0.45462,0.63002,0.75709,0.85488,0.91645,0.93873,0.95829,0.93177,0.98065,0.95267,0.93297,0.86921,0.88309,0.87328,0.7896,0.85842,0.83009,0.76357,0.76499,0.50261,0.47038,0.86013,0.86408,0.81786,0.81226,0.75114,0.74459
0.2016,0.2014,0.1777,0.10594,0.01346,-0.066381,-0.11863,-0.13187,-0.11574,-0.059642,0.026727,0.14528,0.29936,0.45462,0.63002,0.75709,0.85488,0.91645,0.93873,0.95829,0.93177,0.98065,0.95267,0.93297,0.86921,0.88309,0.87328,0.7896,0.85842,0.83009,0.76357,0.76499,0.50261,0.47038,0.86013,0.86408,0.81786,0.81226,0.75114,0.74459
0.2016,0.2014,0.1777,0.10594,0.01346,-0.066381,-0.11863,-0.13187,-0.11574,-0.059642,0.026727,0.14528,0.29936,0.45462,0.63002,0.75709,0.85488,0.91645,0.93873,0.95829,0.93177,0.98065,0.95267,0.93297,0.86921,0.88309,0.87328,0.7896,0.85842,0.83009,0.76357,0.76499,0.50261,0.47038,0.86013,0.86408,0.81786,0.81226,0.75114,0.74459
0.30549,0.31002,0.2922,0.2038,0.053491,-0.14126,-0.35957,-0.55793,-0.71996,-0.83015,-0.89787,-0.94483,-0.96728,-0.98571,-0.99144,-0.99104,-0.97263,-0.99631,-0.98687,-0.93093,-0.76464,-0.93803,-0.82278,-0.59884,-0.2599,-0.27608,-0.10868,0.22157,0.90066,0.9157,0.55577,0.44746,0.24599,0.2275,0.48575,0.4792,0.61593,0.63622,0.7824,0.76829
0.30549,0.31002,0.2922,0.2038,0.053491,-0.14126,-0.35957,-0.55793,-0.71996,-0.83015,-0.89787,-0.94483,-0.96728,-0.98571,-0.99144,-0.99104,-0.97263,-0.99631,-0.98687,-0.93093,-0.76464,-0.93803,-0.82278,-0.59884,-0.2599,-0.27608,-0.10868,0.22157,0.90066,0.9157,0.55577,0.44746,0.24599,0.2275,0.48575,0.4792,0.61593,0.63622,0.7824,0.76829
