0.062274,0.073346,0.12417,0.16837,0.20044,0.22537,0.24453,0.26003,0.27223,0.283,0.29169,0.3,0.30676,0.31361,0.31915,0.32503,0.32973,0.3349,0.339,0.34364,0.34728,0.35151,0.35479,0.35868,0.36168,0.36529,0.36871,0.37144,0.37465,0.37719,0.38023,0.38261,0.3855,0.38775,0.39052,0.39266,0.39533,0.39738,0.39996,0.40193
0.12336,0.14232,0.2127,0.2551,0.2798,0.29786,0.31195,0.32401,0.33393,0.34319,0.35088,0.35855,0.36488,0.37153,0.37695,0.3829,0.38769,0.39316,0.39753,0.40269,0.40676,0.41173,0.41562,0.42048,0.42424,0.42902,0.43365,0.4374,0.44197,0.44564,0.45014,0.45372,0.45814,0.46163,0.46594,0.46934,0.47352,0.47681,0.48084,0.48402
0.17961,0.20057,0.26612,0.30087,0.32196,0.33815,0.35121,0.36278,0.37252,0.38189,0.38982,0.39797,0.40482,0.4123,0.41855,0.4257,0.43161,0.43859,0.44428,0.45113,0.45664,0.46332,0.46864,0.47509,0.48019,0.48635,0.49218,0.49699,0.50244,0.50692,0.51193,0.51603,0.52053,0.52424,0.52818,0.53145,0.5348,0.5376,0.54032,0.54264
0.20989,0.2324,0.29703,0.32816,0.34698,0.36185,0.37421,0.38551,0.39525,0.40498,0.41344,0.42255,0.43043,0.43928,0.44681,0.45543,0.46262,0.47087,0.47765,0.48538,0.49165,0.4987,0.50439,0.51061,0.51561,0.52088,0.52548,0.52933,0.53286,0.53583,0.53824,0.5403,0.54156,0.54269,0.54282,0.54302,0.54204,0.54132,0.53928,0.53767
0.23308,0.25346,0.31065,0.33956,0.3583,0.37351,0.38626,0.39804,0.40838,0.41889,0.42817,0.43806,0.4466,0.4558,0.46354,0.47179,0.4786,0.48564,0.49136,0.49696,0.50147,0.50547,0.50868,0.51097,0.51281,0.51336,0.51301,0.51263,0.51063,0.50885,0.50528,0.50217,0.49713,0.49273,0.48633,0.48072,0.47306,0.4663,0.45748,0.44964
0.26835,0.28834,0.34206,0.3693,0.38802,0.40429,0.41894,0.43348,0.44691,0.46103,0.47376,0.48735,0.49919,0.51176,0.52239,0.53341,0.5425,0.5515,0.55878,0.56541,0.57067,0.57474,0.57786,0.57931,0.58025,0.57914,0.57683,0.57438,0.56977,0.56525,0.55847,0.55198,0.54316,0.53477,0.52407,0.51386,0.50144,0.4895,0.47554,0.46196
0.28506,0.30359,0.35286,0.37893,0.39758,0.41402,0.42902,0.444,0.45782,0.47204,0.48467,0.49752,0.50847,0.51918,0.52795,0.53586,0.54208,0.54678,0.55021,0.55153,0.55212,0.55012,0.5479,0.54279,0.53788,0.52988,0.52073,0.51177,0.50013,0.48883,0.47493,0.46141,0.44552,0.42993,0.41235,0.39488,0.37598,0.35686,0.33706,0.31653
0.29574,0.31298,0.3605,0.38846,0.41058,0.43153,0.45144,0.47151,0.48997,0.50846,0.52461,0.54025,0.55324,0.56493,0.57412,0.58118,0.58625,0.5885,0.58939,0.58698,0.58379,0.577,0.56992,0.55901,0.54817,0.5334,0.51716,0.50052,0.48094,0.46083,0.43832,0.41498,0.39013,0.36388,0.33738,0.30865,0.28126,0.25051,0.22302,0.19075
0.29952,0.31908,0.37068,0.39852,0.41964,0.43931,0.4578,0.47603,0.49246,0.50817,0.52143,0.53318,0.54236,0.54912,0.55367,0.55505,0.55486,0.55099,0.54623,0.53753,0.5285,0.51547,0.5025,0.48566,0.46905,0.44899,0.42807,0.4065,0.3835,0.35949,0.3353,0.30947,0.28499,0.25799,0.23409,0.20659,0.18402,0.15662,0.13601,0.1093
0.30873,0.32821,0.37842,0.4051,0.42613,0.44614,0.46464,0.48185,0.49642,0.50865,0.51783,0.52365,0.52681,0.5258,0.52293,0.51545,0.50695,0.49369,0.48005,0.4617,0.44335,0.42061,0.39793,0.37155,0.34495,0.31587,0.28651,0.25515,0.22469,0.19106,0.16054,0.12526,0.09563,0.059348,0.031516,-0.004938,-0.030042,-0.06539,-0.08678,-0.11915
0.31531,0.33392,0.38422,0.41337,0.4369,0.45892,0.47881,0.49661,0.51105,0.52202,0.52933,0.53199,0.53166,0.52597,0.51833,0.50507,0.49078,0.47093,0.45059,0.42502,0.39913,0.36874,0.33772,0.30357,0.26791,0.23121,0.1945,0.1534,0.11583,0.07166,0.034234,-0.01256,-0.048871,-0.097446,-0.13142,-0.17991,-0.20992,-0.25498,-0.27967,-0.31739
0.33107,0.34798,0.39274,0.41973,0.44199,0.46212,0.47927,0.49311,0.50297,0.50811,0.50944,0.50516,0.49802,0.48496,0.47008,0.44943,0.42766,0.40062,0.37269,0.34054,0.30717,0.27141,0.23342,0.19566,0.15382,0.1156,0.07817,0.033192,-0.0030691,-0.049485,-0.083322,-0.12924,-0.15899,-0.20088,-0.2251,-0.25882,-0.27764,-0.30078,-0.31617,-0.329
0.34754,0.36839,0.42429,0.45954,0.49129,0.52252,0.55135,0.57727,0.59831,0.61426,0.62473,0.62894,0.62832,0.62098,0.60956,0.59121,0.56912,0.54025,0.50749,0.46919,0.42624,0.38073,0.32894,0.27947,0.22095,0.17123,0.12286,0.062231,0.017702,-0.040965,-0.079117,-0.13091,-0.16103,-0.20097,-0.22365,-0.24941,-0.26777,-0.28061,-0.29858,-0.30188
0.35741,0.37489,0.4224,0.45482,0.48399,0.51105,0.53418,0.55243,0.56491,0.57059,0.57068,0.56324,0.55128,0.53176,0.50857,0.47818,0.44439,0.40465,0.36107,0.31431,0.26225,0.21147,0.15257,0.10091,0.036837,-0.012723,-0.061029,-0.12389,-0.16698,-0.22421,-0.25961,-0.30437,-0.3321,-0.36063,-0.38401,-0.39755,-0.42096,-0.42369,-0.45084,-0.44825
0.32466,0.34614,0.40412,0.43829,0.4649,0.48656,0.50227,0.51107,0.51349,0.50813,0.49769,0.47966,0.45804,0.42958,0.39841,0.36173,0.32244,0.28008,0.2342,0.18894,0.13798,0.092401,0.037517,-0.0061445,-0.063371,-0.10264,-0.14097,-0.18992,-0.22158,-0.25915,-0.28409,-0.30699,-0.32824,-0.33819,-0.35966,-0.36112,-0.38581,-0.38437,-0.40999,-0.41011
0.36932,0.38544,0.43219,0.4657,0.49383,0.51623,0.53109,0.53682,0.5345,0.5224,0.50402,0.47651,0.44427,0.40399,0.35945,0.30904,0.25355,0.19612,0.13098,0.069719,-0.0043298,-0.066632,-0.14862,-0.20853,-0.29346,-0.34509,-0.39825,-0.45903,-0.50348,-0.5404,-0.58029,-0.59526,-0.63719,-0.63886,-0.68694,-0.68675,-0.72737,-0.7297,-0.74169,-0.73631
0.33992,0.35848,0.40846,0.43789,0.45793,0.46909,0.471,0.46249,0.44626,0.42041,0.38937,0.35024,0.30727,0.2582,0.20499,0.14888,0.086277,0.02562,-0.046493,-0.10956,-0.19085,-0.2526,-0.33688,-0.3896,-0.46065,-0.49921,-0.5421,-0.57253,-0.60942,-0.61977,-0.65721,-0.65854,-0.69541,-0.69721,-0.71717,-0.71717,-0.71031,-0.69469,-0.67208,-0.62972
0.33992,0.35848,0.40846,0.43789,0.45793,0.46909,0.471,0.46249,0.44626,0.42041,0.38937,0.35024,0.30727,0.2582,0.20499,0.14888,0.086277,0.02562,-0.046493,-0.10956,-0.19085,-0.2526,-0.33688,-0.3896,-0.46065,-0.49921,-0.5421,-0.57253,-0.60942,-0.61977,-0.65721,-0.65854,-0.69541,-0.69721,-0.71717,-0.71717,-0.71031,-0.69469,-0.67208,-0.62972
0.38288,0.40382,0.46703,0.51264,0.54906,0.57507,0.58851,0.58772,0.57464,0.54767,0.50992,0.45904,0.3972,0.32487,0.23963,0.15115,0.044795,-0.052438,-0.17586,-0.27292,-0.40179,-0.48558,-0.59283,-0.65461,-0.71696,-0.76589,-0.82577,-0.83894,-0.89831,-0.90251,-0.94822,-0.95237,-0.96028,-0.94952,-0.92115,-0.87115,-0.86035,-0.77696,-0.85738,-0.78118
0.36074,0.38138,0.44137,0.48012,0.50572,0.51753,0.51538,0.49869,0.47104,0.43118,0.3828,0.32454,0.25773,0.18519,0.10134,0.019118,-0.080896,-0.16806,-0.28128,-0.36585,-0.47777,-0.54863,-0.63211,-0.68689,-0.72675,-0.77863,-0.83847,-0.84507,-0.89583,-0.89346,-0.91911,-0.90167,-0.89451,-0.84163,-0.84909,-0.76636,-0.81795,-0.72423,-0.7672,-0.65838
0.36143,0.37654,0.41705,0.4391,0.4493,0.44775,0.43516,0.41117,0.37907,0.33804,0.29124,0.23865,0.18058,0.12127,0.053999,-0.0083465,-0.083943,-0.14595,-0.22474,-0.27906,-0.34346,-0.38378,-0.41851,-0.4508,-0.46009,-0.49512,-0.52709,-0.53124,-0.54632,-0.54613,-0.53838,-0.52025,-0.51006,-0.46951,-0.50348,-0.46354,-0.54126,-0.53385,-0.49529,-0.44663
0.36143,0.37654,0.41705,0.4391,0.4493,0.44775,0.43516,0.41117,0.37907,0.33804,0.29124,0.23865,0.18058,0.12127,0.053999,-0.0083465,-0.083943,-0.14595,-0.22474,-0.27906,-0.34346,-0.38378,-0.41851,-0.4508,-0.46009,-0.49512,-0.52709,-0.53124,-0.54632,-0.54613,-0.53838,-0.52025,-0.51006,-0.46951,-0.50348,-0.46354,-0.54126,-0.53385,-0.49529,-0.44663
0.37795,0.40819,0.49907,0.55849,0.59895,0.62114,0.62446,0.6087,0.57522,0.52356,0.45373,0.36995,0.26687,0.16297,0.037017,-0.070051,-0.20027,-0.29207,-0.39224,-0.4575,-0.50409,-0.55583,-0.56401,-0.61878,-0.61848,-0.6578,-0.65944,-0.64588,-0.63012,-0.58345,-0.61521,-0.56373,-0.65469,-0.64679,-0.58437,-0.50602,-0.35328,-0.19202,-0.23762,-0.088369
0.37795,0.40819,0.49907,0.55849,0.59895,0.62114,0.62446,0.6087,0.57522,0.52356,0.45373,0.36995,0.26687,0.16297,0.037017,-0.070051,-0.20027,-0.29207,-0.39224,-0.4575,-0.50409,-0.55583,-0.56401,-0.61878,-0.61848,-0.6578,-0.65944,-0.64588,-0.63012,-0.58345,-0.61521,-0.56373,-0.65469,-0.64679,-0.58437,-0.50602,-0.35328,-0.19202,-0.23762,-0.088369
0.40625,0.42767,0.49169,0.53052,0.54871,0.54682,0.52666,0.48937,0.43766,0.37301,0.29566,0.21318,0.11729,0.02842,-0.077595,-0.16211,-0.26202,-0.32979,-0.39365,-0.44099,-0.45601,-0.49381,-0.4773,-0.50388,-0.46995,-0.46987,-0.45849,-0.401,-0.39553,-0.32531,-0.31717,-0.23615,-0.24242,-0.16352,-0.18598,-0.11931,-0.098655,-0.02796,0.018649,0.083237
0.40903,0.43109,0.49757,0.5351,0.54619,0.53155,0.49397,0.4351,0.35748,0.26402,0.15191,0.034412,-0.10725,-0.238,-0.3983,-0.52373,-0.65492,-0.75122,-0.80855,-0.88773,-0.89698,-0.97079,-0.97634,-0.99311,-0.97345,-0.93305,-0.95521,-0.89387,-0.99257,-0.98473,-0.88647,-0.76158,-0.61759,-0.40826,-0.57193,-0.39477,-0.92,-0.87005,-0.30123,-0.15395
0.40903,0.43109,0.49757,0.5351,0.54619,0.53155,0.49397,0.4351,0.35748,0.26402,0.15191,0.034412,-0.10725,-0.238,-0.3983,-0.52373,-0.65492,-0.75122,-0.80855,-0.88773,-0.89698,-0.97079,-0.97634,-0.99311,-0.97345,-0.93305,-0.95521,-0.89387,-0.99257,-0.98473,-0.88647,-0.76158,-0.61759,-0.40826,-0.57193,-0.39477,-0.92,-0.87005,-0.30123,-0.15395
0.40903,0.43109,0.49757,0.5351,0.54619,0.53155,0.49397,0.4351,0.35748,0.26402,0.15191,0.034412,-0.10725,-0.238,-0.3983,-0.52373,-0.65492,-0.75122,-0.80855,-0.88773,-0.89698,-0.97079,-0.97634,-0.99311,-0.97345,-0.93305,-0.95521,-0.89387,-0.99257,-0.98473,-0.88647,-0.76158,-0.61759,-0.40826,-0.57193,-0.39477,-0.92,-0.87005,-0.30123,-0.15395
0.36076,0.38086,0.43783,0.45731,0.44654,0.4128,0.36197,0.29742,0.22113,0.13751,0.040617,-0.056213,-0.17424,-0.28187,-0.41355,-0.52222,-0.6257,-0.72456,-0.76816,-0.85723,-0.85677,-0.92072,-0.88158,-0.91216,-0.81902,-0.85801,-0.83855,-0.69153,-0.74149,-0.57126,-0.70672,-0.53898,-0.38163,-0.20994,-0.16315,-0.035332,-0.21283,-0.11818,0.0041572,0.12955
0.33768,0.36057,0.41717,0.42514,0.40354,0.36274,0.30814,0.24348,0.17011,0.093901,0.007383,-0.075747,-0.17516,-0.26228,-0.35074,-0.42633,-0.46481,-0.52994,-0.53996,-0.58008,-0.58004,-0.56275,-0.51112,-0.5292,-0.45278,-0.57585,-0.50476,-0.40595,-0.35759,-0.22374,-0.44951,-0.36457,-0.32828,-0.22413,-0.005818,0.084631,0.029778,0.097196,-0.21776,-0.16214
0.33768,0.36057,0.41717,0.42514,0.40354,0.36274,0.30814,0.24348,0.17011,0.093901,0.007383,-0.075747,-0.17516,-0.26228,-0.35074,-0.42633,-0.46481,-0.52994,-0.53996,-0.58008,-0.58004,-0.56275,-0.51112,-0.5292,-0.45278,-0.57585,-0.50476,-0.40595,-0.35759,-0.22374,-0.44951,-0.36457,-0.32828,-0.22413,-0.005818,0.084631,0.029778,0.097196,-0.21776,-0.16214
0.33768,0.36057,0.41717,0.42514,0.40354,0.36274,0.30814,0.24348,0.17011,0.093901,0.007383,-0.075747,-0.17516,-0.26228,-0.35074,-0.42633,-0.46481,-0.52994,-0.53996,-0.58008,-0.58004,-0.56275,-0.51112,-0.5292,-0.45278,-0.57585,-0.50476,-0.40595,-0.35759,-0.22374,-0.44951,-0.36457,-0.32828,-0.22413,-0.005818,0.084631,0.029778,0.097196,-0.21776,-0.16214
0.33768,0.36057,0.41717,0.42514,0.40354,0.36274,0.30814,0.24348,0.17011,0.093901,0.007383,-0.075747,-0.17516,-0.26228,-0.35074,-0.42633,-0.46481,-0.52994,-0.53996,-0.58008,-0.58004,-0.56275,-0.51112,-0.5292,-0.45278,-0.57585,-0.50476,-0.40595,-0.35759,-0.22374,-0.44951,-0.36457,-0.32828,-0.22413,-0.005818,0.084631,0.029778,0.097196,-0.21776,-0.16214
0.40182,0.40112,0.38474,0.34316,0.27918,0.19771,0.10136,-0.0068249,-0.13449,-0.27076,-0.4339,-0.58324,-0.71243,-0.81694,-0.85649,-0.91821,-0.92886,-0.93515,-0.91083,-0.91138,-0.84657,-0.93682,-0.92939,-0.76032,-0.55334,-0.61659,-0.9147,-0.87217,-0.38719,-0.20776,-0.22089,-0.090351,-0.50067,-0.34596,0.80522,0.94968,0.42223,0.33275,-0.33649,-0.3389
0.40182,0.40112,0.38474,0.34316,0.27918,0.19771,0.10136,-0.0068249,-0.13449,-0.27076,-0.4339,-0.58324,-0.71243,-0.81694,-0.85649,-0.91821,-0.92886,-0.93515,-0.91083,-0.91138,-0.84657,-0.93682,-0.92939,-0.76032,-0.55334,-0.61659,-0.9147,-0.87217,-0.38719,-0.20776,-0.22089,-0.090351,-0.50067,-0.34596,0.80522,0.94968,0.42223,0.33275,-0.33649,-0.3389
0.40182,0.40112,0.38474,0.34316,0.27918,0.19771,0.10136,-0.0068249,-0.13449,-0.27076,-0.4339,-0.58324,-0.71243,-0.81694,-0.85649,-0.91821,-0.92886,-0.93515,-0.91083,-0.91138,-0.84657,-0.93682,-0.92939,-0.76032,-0.55334,-0.61659,-0.9147,-0.87217,-0.38719,-0.20776,-0.22089,-0.090351,-0.50067,-0.34596,0.80522,0.94968,0.42223,0.33275,-0.33649,-0.3389
0.40182,0.40112,0.38474,0.34316,0.27918,0.19771,0.10136,-0.0068249,-0.13449,-0.27076,-0.4339,-0.58324,-0.71243,-0.81694,-0.85649,-0.91821,-0.92886,-0.93515,-0.91083,-0.91138,-0.84657,-0.93682,-0.92939,-0.76032,-0.55334,-0.61659,-0.9147,-0.87217,-0.38719,-0.20776,-0.22089,-0.090351,-0.50067,-0.34596,0.80522,0.94968,0.42223,0.33275,-0.33649,-0.3389
0.40182,0.40112,0.38474,0.34316,0.27918,0.19771,0.10136,-0.0068249,-0.13449,-0.27076,-0.4339,-0.58324,-0.71243,-0.81694,-0.85649,-0.91821,-0.92886,-0.93515,-0.91083,-0.91138,-0.84657,-0.93682,-0.92939,-0.76032,-0.55334,-0.61659,-0.9147,-0.87217,-0.38719,-0.20776,-0.22089,-0.090351,-0.50067,-0.34596,0.80522,0.94968,0.42223,0.33275,-0.33649,-0.3389
0.40182,0.40112,0.38474,0.34316,0.27918,0.19771,0.10136,-0.0068249,-0.13449,-0.27076,-0.4339,-0.58324,-0.71243,-0.81694,-0.85649,-0.91821,-0.92886,-0.93515,-0.91083,-0.91138,-0.84657,-0.93682,-0.92939,-0.76032,-0.55334,-0.61659,-0.9147,-0.87217,-0.38719,-0.20776,-0.22089,-0.090351,-0.50067,-0.34596,0.80522,0.94968,0.42223,0.33275,-0.33649,-0.3389
0.28403,0.27128,0.23178,0.19154,0.1419,0.082632,0.01174,-0.071174,-0.17527,-0.2891,-0.42386,-0.5496,-0.64809,-0.73842,-0.75003,-0.80003,-0.75841,-0.77039,-0.6782,-0.61426,-0.42989,-0.63165,-0.58078,-0.29021,-0.1589,-0.11149,-0.18433,-0.11819,0.52301,0.61185,0.21737,0.13586,-0.13621,-0.14515,0.1811,0.18302,0.51979,0.53421,0.037812,0.033509
