0.01268,0.014947,0.025577,0.035792,0.044847,0.053799,0.062601,0.071553,0.08018,0.08915,0.097594,0.10658,0.11485,0.12384,0.13195,0.14093,0.14888,0.15784,0.16565,0.17458,0.18225,0.19113,0.19867,0.20749,0.2149,0.22365,0.2322,0.23961,0.24808,0.25535,0.26373,0.27087,0.27915,0.28616,0.29434,0.30122,0.30927,0.31602,0.32395,0.33056
0.02444,0.028797,0.049215,0.068786,0.086054,0.10304,0.11967,0.13646,0.15257,0.16918,0.18474,0.20113,0.21616,0.23228,0.24677,0.26257,0.27654,0.29195,0.30539,0.32036,0.33326,0.34773,0.36009,0.37403,0.38585,0.39926,0.41218,0.42345,0.43589,0.44668,0.45868,0.46905,0.48069,0.4907,0.50201,0.51171,0.52276,0.5322,0.54297,0.55218
0.034365,0.040466,0.069029,0.096304,0.12021,0.14357,0.16625,0.18897,0.2106,0.23264,0.25314,0.27437,0.29371,0.31399,0.33213,0.35134,0.36828,0.3864,0.40221,0.41934,0.43415,0.45045,0.46447,0.4801,0.49349,0.50854,0.52303,0.53587,0.54976,0.56203,0.57519,0.58683,0.59916,0.61008,0.62151,0.63166,0.64216,0.65153,0.66118,0.6698
0.050351,0.059221,0.10069,0.14013,0.17446,0.20776,0.23988,0.27171,0.30173,0.3318,0.35949,0.38748,0.41273,0.43852,0.46147,0.48529,0.50632,0.52859,0.54818,0.56923,0.58769,0.60757,0.62495,0.64345,0.6596,0.67644,0.69208,0.70618,0.72006,0.73258,0.74482,0.75587,0.76665,0.7764,0.78603,0.79472,0.80345,0.81129,0.81932,0.8265
0.062346,0.073254,0.12419,0.17242,0.21409,0.25415,0.29244,0.32988,0.3648,0.39917,0.43054,0.46188,0.49015,0.51909,0.54508,0.57221,0.59647,0.62179,0.64427,0.66725,0.68754,0.70762,0.72534,0.74238,0.75745,0.77177,0.78479,0.79657,0.80772,0.81781,0.82759,0.83643,0.8452,0.85311,0.86113,0.86833,0.87575,0.8824,0.88924,0.8954
0.054995,0.064598,0.10937,0.15149,0.18745,0.22151,0.25348,0.28396,0.31182,0.33858,0.36274,0.38651,0.40786,0.42912,0.44801,0.46657,0.48286,0.49871,0.51261,0.52666,0.53915,0.55291,0.56533,0.58022,0.59378,0.61059,0.6281,0.64478,0.66397,0.68236,0.70261,0.72217,0.74263,0.7626,0.78226,0.8018,0.81996,0.83831,0.85437,0.87093
0.073763,0.086458,0.14549,0.20057,0.24699,0.29033,0.33057,0.36876,0.4039,0.43843,0.47036,0.50254,0.53191,0.56089,0.58675,0.61149,0.63333,0.65439,0.67313,0.69212,0.70925,0.72759,0.74426,0.76242,0.779,0.79671,0.81366,0.82966,0.84529,0.86016,0.87396,0.88725,0.899,0.91045,0.92011,0.92965,0.93742,0.94515,0.95131,0.95746
0.067713,0.079402,0.1338,0.18454,0.22702,0.26631,0.30255,0.33686,0.36841,0.39886,0.42647,0.45265,0.47581,0.49713,0.51587,0.53341,0.54929,0.56535,0.58062,0.59734,0.61382,0.63227,0.65087,0.67113,0.69189,0.71323,0.73434,0.75671,0.77724,0.79922,0.81799,0.83831,0.85452,0.87224,0.88546,0.90007,0.91035,0.92183,0.92965,0.93836
0.081874,0.095593,0.15901,0.21688,0.26348,0.30457,0.34047,0.37214,0.39938,0.42324,0.44317,0.46002,0.47386,0.48673,0.49831,0.51239,0.52656,0.54573,0.56563,0.59089,0.61716,0.6472,0.67854,0.71051,0.74429,0.77505,0.80383,0.83464,0.85862,0.8845,0.90258,0.92235,0.93479,0.94864,0.95674,0.96572,0.97076,0.97605,0.97948,0.98216
0.09602,0.1122,0.18736,0.25672,0.31358,0.36566,0.41389,0.45954,0.50124,0.53978,0.57392,0.60482,0.63229,0.6581,0.68202,0.70599,0.72907,0.75277,0.77598,0.79918,0.82202,0.84351,0.86471,0.8832,0.90144,0.91617,0.92911,0.94159,0.95094,0.95989,0.96637,0.97243,0.97685,0.9807,0.9838,0.98602,0.98844,0.9895,0.99188,0.99236
0.05427,0.06358,0.1064,0.14413,0.17195,0.19382,0.21027,0.22093,0.22587,0.22539,0.22145,0.21729,0.21357,0.21572,0.22064,0.23475,0.25285,0.28031,0.31335,0.35319,0.40125,0.45081,0.51156,0.56527,0.63155,0.68092,0.72719,0.77931,0.81363,0.84999,0.87316,0.89436,0.91159,0.92173,0.93853,0.94288,0.95985,0.96246,0.97498,0.97656
0.12559,0.14565,0.23773,0.31948,0.38156,0.43335,0.47715,0.51487,0.54685,0.57501,0.59995,0.62583,0.65151,0.68135,0.71185,0.74551,0.77926,0.81241,0.84501,0.87313,0.90045,0.92093,0.94084,0.95377,0.96654,0.97381,0.97972,0.98495,0.98839,0.99089,0.99317,0.99414,0.99606,0.99635,0.99776,0.99769,0.99875,0.99849,0.99915,0.99867
0.12636,0.14633,0.23765,0.31795,0.37778,0.42623,0.46535,0.49618,0.5191,0.53481,0.5454,0.55447,0.56378,0.57827,0.59723,0.62329,0.65579,0.69117,0.73315,0.77018,0.81239,0.84318,0.87699,0.89808,0.92036,0.9335,0.9456,0.95441,0.96325,0.96707,0.97543,0.9772,0.98502,0.9868,0.99017,0.99072,0.98833,0.98406,0.98174,0.97117
0.11374,0.13152,0.21234,0.28278,0.33589,0.37935,0.41275,0.43499,0.44732,0.44997,0.446,0.43563,0.42136,0.40324,0.38212,0.35838,0.33093,0.30152,0.2667,0.23129,0.18804,0.14721,0.095325,0.050721,-0.0089891,-0.055075,-0.10293,-0.16682,-0.2148,-0.28056,-0.32173,-0.38129,-0.40813,-0.44468,-0.46507,-0.4672,-0.49506,-0.46175,-0.50111,-0.43444
0.10738,0.12388,0.19858,0.26399,0.31636,0.36474,0.40829,0.44692,0.48209,0.51825,0.55628,0.59825,0.64275,0.68666,0.73087,0.76812,0.80391,0.83045,0.85508,0.87243,0.88797,0.89976,0.90971,0.91852,0.92533,0.93277,0.93973,0.94509,0.95045,0.95531,0.95655,0.95784,0.95737,0.95221,0.95944,0.952,0.96692,0.96312,0.95644,0.93967
0.084234,0.097973,0.15918,0.20814,0.23916,0.25866,0.26814,0.27289,0.2785,0.29478,0.32089,0.36285,0.41549,0.47799,0.54867,0.61681,0.68876,0.74571,0.8027,0.84094,0.8782,0.90127,0.92296,0.93801,0.95,0.96156,0.97017,0.97572,0.98045,0.98263,0.98439,0.98254,0.98322,0.97585,0.97988,0.96741,0.98588,0.97773,0.98755,0.97741
0.07291,0.084518,0.13501,0.17107,0.18545,0.18046,0.155,0.11098,0.053821,-0.0083858,-0.076661,-0.14187,-0.21574,-0.28441,-0.36816,-0.4421,-0.5314,-0.60183,-0.67407,-0.72903,-0.76579,-0.80755,-0.80803,-0.86753,-0.85958,-0.93047,-0.92388,-0.89683,-0.87051,-0.78336,-0.88134,-0.80899,-0.91725,-0.86645,-0.67388,-0.51216,-0.50548,-0.35859,-0.47225,-0.34328
0.15226,0.1713,0.25126,0.30387,0.31884,0.30623,0.27088,0.22102,0.16453,0.11126,0.060114,0.013363,-0.035935,-0.086603,-0.14814,-0.21036,-0.29184,-0.36203,-0.45093,-0.52188,-0.59316,-0.66849,-0.71475,-0.78155,-0.7945,-0.86495,-0.90368,-0.89269,-0.85224,-0.75913,-0.83794,-0.7333,-0.96005,-0.93966,-0.69283,-0.51724,-0.48931,-0.3309,-0.43326,-0.29646
0.13649,0.1516,0.21202,0.24165,0.22704,0.1696,0.069029,-0.066851,-0.22306,-0.3737,-0.51356,-0.62336,-0.71581,-0.78053,-0.83309,-0.86797,-0.8968,-0.91618,-0.9326,-0.94535,-0.95532,-0.96501,-0.97212,-0.97456,-0.97523,-0.97645,-0.98222,-0.97865,-0.98081,-0.9691,-0.97296,-0.94755,-0.96704,-0.93238,-0.91252,-0.83096,-0.91409,-0.84983,-0.8801,-0.8027
0.13649,0.1516,0.21202,0.24165,0.22704,0.1696,0.069029,-0.066851,-0.22306,-0.3737,-0.51356,-0.62336,-0.71581,-0.78053,-0.83309,-0.86797,-0.8968,-0.91618,-0.9326,-0.94535,-0.95532,-0.96501,-0.97212,-0.97456,-0.97523,-0.97645,-0.98222,-0.97865,-0.98081,-0.9691,-0.97296,-0.94755,-0.96704,-0.93238,-0.91252,-0.83096,-0.91409,-0.84983,-0.8801,-0.8027
0.10632,0.11614,0.15712,0.18025,0.17653,0.1543,0.12055,0.08455,0.050085,0.025398,0.0068942,-0.0057198,-0.016156,-0.03051,-0.04639,-0.066784,-0.090961,-0.11287,-0.14125,-0.16469,-0.19361,-0.21957,-0.24528,-0.24237,-0.21821,-0.25517,-0.30079,-0.2621,-0.20554,-0.1126,-0.19765,-0.095087,-0.33414,-0.24695,-0.026258,0.032086,0.029825,0.082454,0.085986,0.18745
-0.083173,-0.094857,-0.15709,-0.2301,-0.29588,-0.34993,-0.39116,-0.41947,-0.43738,-0.44528,-0.4461,-0.44093,-0.43105,-0.41983,-0.40583,-0.39671,-0.38674,-0.38668,-0.38886,-0.39591,-0.40539,-0.41694,-0.41488,-0.42835,-0.39477,-0.45507,-0.542,-0.46673,-0.41629,-0.28112,-0.48639,-0.38791,-0.29992,-0.27552,-0.24458,-0.24846,-0.20485,-0.18846,-0.045785,-0.035578
-0.083173,-0.094857,-0.15709,-0.2301,-0.29588,-0.34993,-0.39116,-0.41947,-0.43738,-0.44528,-0.4461,-0.44093,-0.43105,-0.41983,-0.40583,-0.39671,-0.38674,-0.38668,-0.38886,-0.39591,-0.40539,-0.41694,-0.41488,-0.42835,-0.39477,-0.45507,-0.542,-0.46673,-0.41629,-0.28112,-0.48639,-0.38791,-0.29992,-0.27552,-0.24458,-0.24846,-0.20485,-0.18846,-0.045785,-0.035578
-0.083173,-0.094857,-0.15709,-0.2301,-0.29588,-0.34993,-0.39116,-0.41947,-0.43738,-0.44528,-0.4461,-0.44093,-0.43105,-0.41983,-0.40583,-0.39671,-0.38674,-0.38668,-0.38886,-0.39591,-0.40539,-0.41694,-0.41488,-0.42835,-0.39477,-0.45507,-0.542,-0.46673,-0.41629,-0.28112,-0.48639,-0.38791,-0.29992,-0.27552,-0.24458,-0.24846,-0.20485,-0.18846,-0.045785,-0.035578
-0.12672,-0.14306,-0.2353,-0.35155,-0.46558,-0.57144,-0.66515,-0.74412,-0.80767,-0.85629,-0.89251,-0.91985,-0.93947,-0.95451,-0.96509,-0.97296,-0.97849,-0.98251,-0.98513,-0.98596,-0.98352,-0.98871,-0.98605,-0.98259,-0.96452,-0.96619,-0.98837,-0.9765,-0.92919,-0.85853,-0.89051,-0.82885,-0.7581,-0.68689,-0.37069,-0.35318,-0.33956,-0.40432,-0.52567,-0.55717
-0.12672,-0.14306,-0.2353,-0.35155,-0.46558,-0.57144,-0.66515,-0.74412,-0.80767,-0.85629,-0.89251,-0.91985,-0.93947,-0.95451,-0.96509,-0.97296,-0.97849,-0.98251,-0.98513,-0.98596,-0.98352,-0.98871,-0.98605,-0.98259,-0.96452,-0.96619,-0.98837,-0.9765,-0.92919,-0.85853,-0.89051,-0.82885,-0.7581,-0.68689,-0.37069,-0.35318,-0.33956,-0.40432,-0.52567,-0.55717
-0.045551,-0.057586,-0.14355,-0.29224,-0.46244,-0.6149,-0.73365,-0.82107,-0.8858,-0.93025,-0.96062,-0.97786,-0.98795,-0.9938,-0.99631,-0.99834,-0.99845,-0.99944,-0.9987,-0.99781,-0.993,-0.99846,-0.9949,-0.9879,-0.96419,-0.97979,-0.97955,-0.95078,-0.95175,-0.8999,-0.82541,-0.71464,-0.78804,-0.67097,-0.033038,0.018168,-0.2063,-0.29046,-0.53789,-0.57227
-0.045551,-0.057586,-0.14355,-0.29224,-0.46244,-0.6149,-0.73365,-0.82107,-0.8858,-0.93025,-0.96062,-0.97786,-0.98795,-0.9938,-0.99631,-0.99834,-0.99845,-0.99944,-0.9987,-0.99781,-0.993,-0.99846,-0.9949,-0.9879,-0.96419,-0.97979,-0.97955,-0.95078,-0.95175,-0.8999,-0.82541,-0.71464,-0.78804,-0.67097,-0.033038,0.018168,-0.2063,-0.29046,-0.53789,-0.57227
0.15423,0.16571,0.19867,0.16853,0.068358,-0.059214,-0.17864,-0.26461,-0.31445,-0.33091,-0.31939,-0.30179,-0.26804,-0.24469,-0.21069,-0.18519,-0.14874,-0.14713,-0.14408,-0.064652,-0.013779,-0.0027537,0.039685,0.16575,0.21386,0.071208,0.11921,0.13227,0.41438,0.42889,0.3157,0.28078,0.034381,0.035723,0.20388,0.20344,0.2952,0.30231,0.41351,0.39736
0.15423,0.16571,0.19867,0.16853,0.068358,-0.059214,-0.17864,-0.26461,-0.31445,-0.33091,-0.31939,-0.30179,-0.26804,-0.24469,-0.21069,-0.18519,-0.14874,-0.14713,-0.14408,-0.064652,-0.013779,-0.0027537,0.039685,0.16575,0.21386,0.071208,0.11921,0.13227,0.41438,0.42889,0.3157,0.28078,0.034381,0.035723,0.20388,0.20344,0.2952,0.30231,0.41351,0.39736
0.15423,0.16571,0.19867,0.16853,0.068358,-0.059214,-0.17864,-0.26461,-0.31445,-0.33091,-0.31939,-0.30179,-0.26804,-0.24469,-0.21069,-0.18519,-0.14874,-0.14713,-0.14408,-0.064652,-0.013779,-0.0027537,0.039685,0.16575,0.21386,0.071208,0.11921,0.13227,0.41438,0.42889,0.3157,0.28078,0.034381,0.035723,0.20388,0.20344,0.2952,0.30231,0.41351,0.39736
0.15423,0.16571,0.19867,0.16853,0.068358,-0.059214,-0.17864,-0.26461,-0.31445,-0.33091,-0.31939,-0.30179,-0.26804,-0.24469,-0.21069,-0.18519,-0.14874,-0.14713,-0.14408,-0.064652,-0.013779,-0.0027537,0.039685,0.16575,0.21386,0.071208,0.11921,0.13227,0.41438,0.42889,0.3157,0.28078,0.034381,0.035723,0.20388,0.20344,0.2952,0.30231,0.41351,0.39736
0.15423,0.16571,0.19867,0.16853,0.068358,-0.059214,-0.17864,-0.26461,-0.31445,-0.33091,-0.31939,-0.30179,-0.26804,-0.24469,-0.21069,-0.18519,-0.14874,-0.14713,-0.14408,-0.064652,-0.013779,-0.0027537,0.039685,0.16575,0.21386,0.071208,0.11921,0.13227,0.41438,0.42889,0.3157,0.28078,0.034381,0.035723,0.20388,0.20344,0.2952,0.30231,0.41351,0.39736
0.15423,0.16571,0.19867,0.16853,0.068358,-0.059214,-0.17864,-0.26461,-0.31445,-0.33091,-0.31939,-0.30179,-0.26804,-0.24469,-0.21069,-0.18519,-0.14874,-0.14713,-0.14408,-0.064652,-0.013779,-0.0027537,0.039685,0.16575,0.21386,0.071208,0.11921,0.13227,0.41438,0.42889,0.3157,0.28078,0.034381,0.035723,0.20388,0.20344,0.2952,0.30231,0.41351,0.39736
0.15423,0.16571,0.19867,0.16853,0.068358,-0.059214,-0.17864,-0.26461,-0.31445,-0.33091,-0.31939,-0.30179,-0.26804,-0.24469,-0.21069,-0.18519,-0.14874,-0.14713,-0.14408,-0.064652,-0.013779,-0.0027537,0.039685,0.16575,0.21386,0.071208,0.11921,0.13227,0.41438,0.42889,0.3157,0.28078,0.034381,0.035723,0.20388,0.20344,0.2952,0.30231,0.41351,0.39736
0.39894,0.40967,0.42023,0.37113,0.29321,0.21785,0.15549,0.10715,0.068914,0.042216,0.024755,0.0081118,0.00074736,-0.015527,0.002708,-0.0062056,0.024033,-0.0298,0.0093489,0.056126,0.11407,0.08848,0.15969,0.074437,0.11713,0.29439,0.37188,0.49199,0.58032,0.60401,0.56882,0.53877,0.46112,0.44855,0.27403,0.27127,0.66589,0.66502,0.64024,0.63294
0.34144,0.33437,0.21859,-0.06925,-0.43129,-0.72192,-0.88609,-0.95815,-0.98386,-0.9947,-0.99741,-0.99853,-0.9965,-0.99715,-0.9847,-0.98875,-0.94053,-0.98816,-0.95264,-0.68454,-0.35093,-0.21934,0.22351,0.73193,0.44519,0.039644,0.17782,0.15411,0.29122,0.31896,0.46986,0.43363,-0.1744,-0.17808,-0.11174,-0.10952,0.74278,0.74602,0.27485,0.25185
0.34144,0.33437,0.21859,-0.06925,-0.43129,-0.72192,-0.88609,-0.95815,-0.98386,-0.9947,-0.99741,-0.99853,-0.9965,-0.99715,-0.9847,-0.98875,-0.94053,-0.98816,-0.95264,-0.68454,-0.35093,-0.21934,0.22351,0.73193,0.44519,0.039644,0.17782,0.15411,0.29122,0.31896,0.46986,0.43363,-0.1744,-0.17808,-0.11174,-0.10952,0.74278,0.74602,0.27485,0.25185
0.34144,0.33437,0.21859,-0.06925,-0.43129,-0.72192,-0.88609,-0.95815,-0.98386,-0.9947,-0.99741,-0.99853,-0.9965,-0.99715,-0.9847,-0.98875,-0.94053,-0.98816,-0.95264,-0.68454,-0.35093,-0.21934,0.22351,0.73193,0.44519,0.039644,0.17782,0.15411,0.29122,0.31896,0.46986,0.43363,-0.1744,-0.17808,-0.11174,-0.10952,0.74278,0.74602,0.27485,0.25185
0.34144,0.33437,0.21859,-0.06925,-0.43129,-0.72192,-0.88609,-0.95815,-0.98386,-0.9947,-0.99741,-0.99853,-0.9965,-0.99715,-0.9847,-0.98875,-0.94053,-0.98816,-0.95264,-0.68454,-0.35093,-0.21934,0.22351,0.73193,0.44519,0.039644,0.17782,0.15411,0.29122,0.31896,0.46986,0.43363,-0.1744,-0.17808,-0.11174,-0.10952,0.74278,0.74602,0.27485,0.25185
