0.1066,0.080342,0.081532,0.079403,0.084871,0.081075,0.080983,0.078387,0.08293,0.081156,0.079396,0.080148,0.0801,0.079518,0.079663,0.077357,0.085101,0.08397,0.078494,0.078684,0.078761,0.083102,0.083853,0.078873,0.07847,0.079406,0.08021,0.079401,0.078475,0.081414,0.078335,0.083313,0.079869,0.076642,0.075577,0.076602,0.07702,0.077006,0.079033,0.078741
0.047339,0.049046,0.048551,0.062344,0.048351,0.05752,0.055241,0.046012,0.055391,0.05213,0.051186,0.04772,0.048415,0.047781,0.047889,0.04796,0.061851,0.047806,0.055232,0.053365,0.054066,0.049087,0.055743,0.059702,0.049027,0.058162,0.047925,0.053856,0.052095,0.04855,0.04818,0.052173,0.047766,0.047711,0.048774,0.048466,0.056296,0.047642,0.047249,0.048086
0.040241,0.052302,0.046831,0.041329,0.040163,0.041035,0.040906,0.054644,0.048437,0.053117,0.056575,0.051757,0.040617,0.042544,0.050876,0.040991,0.041958,0.052123,0.041123,0.04139,0.047266,0.048558,0.041548,0.055464,0.04068,0.040368,0.048504,0.0527,0.042168,0.054686,0.055472,0.045302,0.048575,0.052032,0.042585,0.0423,0.043868,0.054131,0.050119,0.04697
0.039294,0.047661,0.049061,0.042312,0.038076,0.053183,0.053752,0.049628,0.053674,0.052786,0.038588,0.047415,0.051952,0.049326,0.051658,0.047419,0.052342,0.049126,0.049055,0.048997,0.056747,0.046032,0.051116,0.049176,0.046712,0.049318,0.03898,0.040174,0.039434,0.044838,0.051653,0.056295,0.043852,0.03813,0.051357,0.047136,0.052722,0.043209,0.039252,0.039004
0.036782,0.037792,0.04508,0.057287,0.047884,0.054371,0.042429,0.053344,0.051571,0.048918,0.049533,0.048349,0.051828,0.047617,0.055137,0.048607,0.055524,0.037945,0.054286,0.037174,0.03827,0.038015,0.047825,0.054685,0.055139,0.046156,0.056765,0.036956,0.064663,0.040528,0.053923,0.045947,0.052954,0.048436,0.043264,0.042415,0.053792,0.039504,0.057672,0.050259
0.044632,0.051478,0.048955,0.036444,0.036858,0.03857,0.066241,0.04409,0.038371,0.041047,0.053391,0.042759,0.055674,0.047689,0.045921,0.053178,0.047342,0.062774,0.044873,0.042939,0.05318,0.036533,0.036772,0.04714,0.041958,0.05378,0.037362,0.043064,0.036864,0.049919,0.058788,0.039775,0.058627,0.037645,0.05671,0.050494,0.045718,0.049855,0.054411,0.050859
0.04404,0.053204,0.04549,0.049082,0.051398,0.047198,0.043799,0.04633,0.036299,0.038181,0.060634,0.041697,0.036216,0.042615,0.039942,0.044212,0.043895,0.036767,0.044499,0.060137,0.052112,0.044976,0.043072,0.054725,0.049251,0.052573,0.044681,0.039412,0.037128,0.065681,0.048153,0.045987,0.043569,0.035779,0.037714,0.044885,0.036209,0.037568,0.041275,0.042769
0.036069,0.056672,0.055394,0.050412,0.051619,0.040657,0.054171,0.048902,0.054709,0.039616,0.049332,0.034469,0.05143,0.035244,0.036372,0.047432,0.051201,0.043262,0.03876,0.041395,0.038974,0.045133,0.037109,0.049846,0.056353,0.035345,0.035222,0.063656,0.058525,0.044876,0.038574,0.052888,0.059132,0.039412,0.055411,0.036699,0.044735,0.040893,0.042916,0.04368
0.056051,0.047788,0.056097,0.04313,0.054161,0.042562,0.056284,0.049549,0.047848,0.050061,0.047046,0.057046,0.04898,0.054461,0.042604,0.05515,0.043709,0.061187,0.042029,0.049446,0.049336,0.053829,0.03865,0.045753,0.044799,0.047902,0.054734,0.04872,0.049169,0.055191,0.042084,0.047531,0.057859,0.047689,0.047942,0.050574,0.051754,0.036042,0.035008,0.042619
0.034296,0.034981,0.051025,0.047924,0.054327,0.044601,0.047866,0.055729,0.034407,0.034728,0.04038,0.035438,0.056281,0.041735,0.057779,0.047107,0.049859,0.054791,0.045045,0.053139,0.047382,0.03495,0.03659,0.036062,0.036163,0.035814,0.034921,0.035469,0.036786,0.039998,0.034868,0.058747,0.04598,0.051412,0.049445,0.04945,0.049647,0.052726,0.049146,0.050224
0.054837,0.036537,0.058384,0.047794,0.053512,0.04878,0.045812,0.035771,0.034725,0.050905,0.05269,0.042962,0.051372,0.035171,0.038949,0.044978,0.048956,0.048413,0.048316,0.051028,0.053836,0.048917,0.036675,0.036675,0.035263,0.034793,0.035143,0.034445,0.051734,0.055432,0.050549,0.046345,0.043303,0.058035,0.052467,0.039061,0.051639,0.056811,0.048282,0.050428
0.045613,0.050993,0.049349,0.035333,0.053844,0.048481,0.050219,0.053237,0.034621,0.039057,0.054341,0.034789,0.050927,0.04137,0.054399,0.060639,0.035581,0.056919,0.038318,0.041585,0.05174,0.055021,0.037205,0.061278,0.037759,0.053405,0.057128,0.04775,0.050385,0.048463,0.055868,0.047903,0.048317,0.037012,0.045169,0.052535,0.03532,0.034745,0.045995,0.034866
0.049152,0.048084,0.05034,0.049466,0.039554,0.043031,0.05275,0.047582,0.035513,0.035417,0.043839,0.04282,0.037436,0.041917,0.034889,0.034007,0.035028,0.039366,0.048318,0.057379,0.034678,0.033414,0.034877,0.043021,0.048502,0.057082,0.050344,0.037806,0.037924,0.036864,0.035994,0.035245,0.035054,0.044494,0.034483,0.034367,0.035018,0.035748,0.037588,0.033902
0.053447,0.045017,0.035127,0.034158,0.033545,0.035118,0.034875,0.034126,0.034997,0.034377,0.034768,0.035185,0.038305,0.033892,0.041161,0.035067,0.045853,0.035646,0.035391,0.034444,0.039333,0.042628,0.034899,0.04886,0.041696,0.034508,0.034577,0.033553,0.03447,0.035462,0.034963,0.034375,0.038727,0.039483,0.034498,0.034352,0.048322,0.0359,0.043086,0.034789
0.033609,0.033955,0.035425,0.03376,0.034558,0.033916,0.036318,0.047828,0.037311,0.036209,0.034791,0.033701,0.033313,0.035806,0.034223,0.034098,0.034688,0.034534,0.035318,0.046771,0.035201,0.040731,0.041832,0.039616,0.038152,0.033618,0.035547,0.044069,0.033944,0.035051,0.034169,0.035277,0.034815,0.034272,0.036249,0.034289,0.033767,0.036761,0.038169,0.034512
0.034375,0.034901,0.035767,0.035545,0.03532,0.03517,0.042777,0.034256,0.035795,0.039838,0.034402,0.03427,0.035207,0.034934,0.041348,0.033864,0.04825,0.040479,0.042663,0.046395,0.034409,0.034814,0.048144,0.040789,0.033596,0.034164,0.034822,0.035229,0.041222,0.034718,0.041809,0.042686,0.034045,0.033118,0.043187,0.034382,0.035272,0.03607,0.034732,0.041423
0.034375,0.033977,0.034679,0.047159,0.039873,0.033993,0.033581,0.03267,0.044129,0.035736,0.035803,0.035178,0.034169,0.035807,0.035553,0.037389,0.038923,0.036077,0.044483,0.034076,0.03685,0.03326,0.034886,0.04316,0.03415,0.041746,0.035437,0.044944,0.033363,0.033236,0.035478,0.033344,0.033483,0.033938,0.033044,0.040699,0.038566,0.035838,0.033407,0.03781
0.033721,0.035377,0.039524,0.034338,0.033737,0.035063,0.034623,0.035103,0.033971,0.051476,0.035092,0.045566,0.03302,0.03316,0.035282,0.034734,0.034434,0.034378,0.034902,0.034992,0.052322,0.04191,0.034313,0.040496,0.033966,0.034736,0.034389,0.035276,0.039814,0.035674,0.036522,0.036779,0.033661,0.036244,0.036155,0.035487,0.035634,0.04201,0.040866,0.036047
0.035349,0.038862,0.034068,0.034477,0.035037,0.033769,0.03611,0.038872,0.034161,0.039243,0.03515,0.033895,0.035027,0.03532,0.036193,0.035343,0.034074,0.034123,0.033512,0.034707,0.044999,0.035782,0.035398,0.039122,0.043504,0.033979,0.035016,0.033792,0.03504,0.035681,0.036494,0.045431,0.041108,0.041746,0.048114,0.034031,0.048115,0.033849,0.034413,0.03487
0.033585,0.034301,0.044797,0.033912,0.052089,0.03382,0.047644,0.040336,0.034832,0.034687,0.040808,0.033238,0.034564,0.034078,0.034798,0.034436,0.043654,0.039054,0.035513,0.045363,0.034649,0.045578,0.035,0.03382,0.034356,0.033324,0.034233,0.033802,0.039566,0.033672,0.033606,0.033447,0.034242,0.032856,0.042237,0.039669,0.03755,0.033469,0.033914,0.034092
0.033756,0.034176,0.034036,0.033545,0.047384,0.040537,0.045779,0.033524,0.033621,0.033535,0.034319,0.046664,0.039521,0.043405,0.049594,0.05512,0.038983,0.033836,0.032576,0.034417,0.044043,0.03638,0.0387,0.033673,0.033908,0.034071,0.034194,0.03383,0.041594,0.052511,0.057433,0.048323,0.03427,0.034312,0.034664,0.03379,0.03413,0.035168,0.040447,0.033904
0.034647,0.034448,0.03329,0.03494,0.034342,0.047351,0.033655,0.034993,0.034376,0.034717,0.034148,0.044096,0.034108,0.034971,0.035428,0.048256,0.041965,0.035228,0.039339,0.034579,0.034139,0.048295,0.033777,0.047619,0.040519,0.039743,0.034434,0.035181,0.035357,0.038146,0.03497,0.035983,0.03816,0.035619,0.034863,0.034976,0.035318,0.039429,0.04211,0.034802
0.034197,0.035043,0.034568,0.034017,0.042307,0.034918,0.047971,0.035781,0.040059,0.038404,0.03525,0.035355,0.033663,0.034071,0.035062,0.038882,0.031859,0.034751,0.032817,0.034053,0.041353,0.039696,0.042808,0.034574,0.042773,0.032595,0.032826,0.033724,0.038485,0.034383,0.045946,0.033139,0.033553,0.032953,0.034406,0.034349,0.034601,0.034658,0.034246,0.035159
0.034323,0.043921,0.034895,0.047796,0.03448,0.034281,0.034008,0.049756,0.034516,0.040844,0.058167,0.046679,0.037499,0.043618,0.032488,0.049034,0.0324,0.033089,0.038292,0.032522,0.051471,0.04792,0.056847,0.033912,0.034116,0.041199,0.033313,0.033406,0.03337,0.034465,0.033536,0.033968,0.034121,0.033883,0.033952,0.033847,0.034474,0.034362,0.03335,0.041862
0.035134,0.033288,0.0345,0.03369,0.03342,0.038554,0.033431,0.03316,0.033442,0.033089,0.033777,0.034464,0.039928,0.054404,0.034477,0.033685,0.033813,0.032485,0.048946,0.034664,0.034089,0.033374,0.047902,0.039849,0.039945,0.041473,0.045744,0.032834,0.041614,0.032706,0.040675,0.033683,0.033534,0.032304,0.033044,0.033203,0.0336,0.034006,0.034001,0.037949
0.040878,0.032865,0.034289,0.032268,0.049753,0.056696,0.047244,0.033056,0.03412,0.03341,0.035839,0.033757,0.03713,0.03397,0.042846,0.03361,0.04261,0.040578,0.03414,0.033371,0.033867,0.033713,0.034984,0.034473,0.034387,0.034029,0.036558,0.035373,0.035733,0.033777,0.033965,0.033397,0.034385,0.034458,0.035234,0.033522,0.034645,0.035028,0.035082,0.035101
0.036458,0.039831,0.035296,0.033426,0.034071,0.034721,0.043483,0.038302,0.035491,0.04361,0.033924,0.034568,0.034606,0.041787,0.035466,0.03415,0.039438,0.034042,0.034082,0.034515,0.034499,0.034275,0.044508,0.035588,0.034811,0.035313,0.035416,0.035358,0.041028,0.045711,0.036464,0.034368,0.03419,0.035238,0.035507,0.040744,0.035334,0.036186,0.036125,0.034365
0.035202,0.034451,0.03636,0.035896,0.03568,0.035867,0.034067,0.042226,0.036581,0.03557,0.034676,0.047273,0.035336,0.034987,0.040027,0.034778,0.03643,0.035876,0.033942,0.034491,0.040638,0.034858,0.035364,0.035764,0.035006,0.035687,0.040583,0.044218,0.036387,0.043712,0.0408,0.048416,0.039389,0.035701,0.035746,0.035121,0.035746,0.039324,0.038422,0.033937
0.044605,0.048413,0.034379,0.035789,0.050079,0.034427,0.034414,0.035079,0.033128,0.033913,0.046593,0.048864,0.033939,0.034413,0.034025,0.034335,0.03814,0.036983,0.035134,0.035776,0.034857,0.03373,0.033997,0.040936,0.035626,0.031705,0.034411,0.031945,0.03819,0.033462,0.032687,0.032134,0.034048,0.032486,0.03838,0.033491,0.032778,0.03397,0.034064,0.033993
0.033726,0.033886,0.036728,0.045965,0.040047,0.043542,0.033453,0.045535,0.032812,0.032477,0.032964,0.04066,0.033884,0.033451,0.052548,0.037535,0.03363,0.039877,0.034294,0.034016,0.04635,0.049146,0.049803,0.050517,0.037814,0.036385,0.040526,0.039555,0.044345,0.032879,0.034662,0.033787,0.042567,0.033703,0.035562,0.035843,0.032709,0.033576,0.033389,0.031667
0.032855,0.035129,0.03302,0.040256,0.035963,0.033973,0.041542,0.033849,0.03292,0.033143,0.032849,0.034002,0.034222,0.036688,0.050343,0.037341,0.035489,0.042117,0.033669,0.033761,0.033413,0.033358,0.046767,0.033718,0.032724,0.034332,0.038739,0.03412,0.033805,0.040602,0.040026,0.033926,0.033282,0.043549,0.034002,0.032549,0.033624,0.03214,0.032754,0.043215
0.035428,0.041436,0.034003,0.033275,0.032812,0.034212,0.034081,0.044079,0.033245,0.034636,0.033015,0.033905,0.033882,0.057059,0.033813,0.034412,0.033404,0.047099,0.033983,0.039567,0.033963,0.032475,0.033151,0.044126,0.033951,0.048826,0.033961,0.033763,0.035006,0.033751,0.03541,0.034012,0.034558,0.039659,0.034318,0.034366,0.033818,0.03485,0.039297,0.034835
0.034141,0.042021,0.034657,0.035626,0.035942,0.036635,0.035708,0.034014,0.035462,0.034885,0.033977,0.041368,0.037217,0.034457,0.034576,0.034929,0.034948,0.035194,0.039163,0.033027,0.033304,0.033257,0.03531,0.03518,0.037195,0.034317,0.033949,0.034114,0.040217,0.033898,0.033947,0.03396,0.034752,0.034888,0.034663,0.034089,0.033768,0.034823,0.036008,0.03907
0.035401,0.03507,0.034085,0.034297,0.033917,0.035294,0.035223,0.033756,0.045773,0.046965,0.034117,0.034869,0.034394,0.035213,0.035538,0.036534,0.03474,0.032939,0.032421,0.034694,0.034343,0.052787,0.03905,0.040623,0.05148,0.049867,0.033334,0.033365,0.052175,0.034905,0.033409,0.034543,0.033928,0.04476,0.034674,0.03816,0.033186,0.03442,0.033793,0.034744
0.040366,0.033414,0.033265,0.033792,0.033325,0.03778,0.034063,0.033791,0.034056,0.039626,0.037597,0.034475,0.033891,0.033815,0.03452,0.033767,0.033017,0.046998,0.033122,0.035867,0.040334,0.038653,0.033441,0.049899,0.032903,0.037907,0.033513,0.033385,0.045294,0.040815,0.034106,0.045785,0.034,0.04124,0.037633,0.038904,0.034257,0.036634,0.034698,0.034608
0.04498,0.03402,0.03471,0.033553,0.042933,0.050736,0.034346,0.034124,0.039721,0.036598,0.036472,0.033968,0.034832,0.033626,0.033251,0.03438,0.03236,0.034011,0.034085,0.032721,0.041536,0.035832,0.033696,0.034297,0.03477,0.041659,0.033605,0.034677,0.035499,0.033471,0.034473,0.033672,0.034538,0.033937,0.040713,0.035452,0.03534,0.040455,0.040426,0.038329
0.036231,0.033721,0.039709,0.038212,0.036198,0.033264,0.036997,0.033569,0.033884,0.039901,0.043942,0.034114,0.04087,0.044896,0.034396,0.040232,0.034335,0.033577,0.033062,0.04127,0.031981,0.03424,0.033492,0.038052,0.044746,0.034686,0.034964,0.034089,0.042328,0.042483,0.035819,0.033714,0.032809,0.042983,0.034614,0.033997,0.034462,0.043153,0.033165,0.032492
0.033528,0.03356,0.034837,0.032833,0.033494,0.034302,0.032668,0.034206,0.035174,0.032734,0.033317,0.033682,0.034986,0.034062,0.034707,0.035355,0.041349,0.033825,0.03447,0.033766,0.040009,0.035262,0.034081,0.032392,0.034632,0.03561,0.036739,0.035002,0.041287,0.033014,0.035069,0.034068,0.041364,0.040785,0.035176,0.037565,0.034065,0.044257,0.033813,0.034519
0.033789,0.03318,0.044074,0.034602,0.0389,0.034047,0.033028,0.040975,0.035494,0.035271,0.033694,0.034057,0.034804,0.033425,0.037545,0.035717,0.0345,0.050186,0.034558,0.044396,0.034026,0.034673,0.034049,0.041916,0.034402,0.033497,0.033744,0.033153,0.033011,0.034975,0.034406,0.033748,0.0422,0.036716,0.036525,0.034414,0.034072,0.039132,0.037062,0.03433
0.032337,0.041181,0.036405,0.034062,0.033662,0.033668,0.037477,0.046379,0.034851,0.037635,0.033746,0.042208,0.033301,0.033647,0.034172,0.03346,0.034639,0.037907,0.056444,0.033781,0.040971,0.03436,0.044747,0.035029,0.034519,0.041477,0.033324,0.034061,0.033669,0.033684,0.034061,0.03834,0.040078,0.033241,0.054031,0.049688,0.033905,0.033794,0.033293,0.033353
