0.065327,0.045624,0.047871,0.052598,0.049922,0.048736,0.047925,0.054133,0.049324,0.050737,0.046701,0.049657,0.052965,0.048429,0.046744,0.045629,0.04691,0.046051,0.050733,0.050477,0.05003,0.046872,0.048441,0.046983,0.051618,0.046487,0.046687,0.057267,0.050071,0.053685,0.050377,0.050774,0.057256,0.056717,0.057104,0.05627,0.05427,0.056263,0.052457,0.052617
0.040045,0.0407,0.034391,0.036246,0.039517,0.036814,0.036351,0.034003,0.031894,0.031702,0.043663,0.034213,0.032603,0.047424,0.036105,0.032901,0.04522,0.038397,0.034259,0.031887,0.032735,0.043288,0.03338,0.040188,0.037736,0.037512,0.03316,0.032193,0.031771,0.04163,0.033202,0.042975,0.0425,0.03367,0.035554,0.040851,0.031347,0.031488,0.03451,0.034317
0.028928,0.032086,0.028967,0.03134,0.030668,0.02872,0.032628,0.033257,0.031418,0.035713,0.032719,0.034054,0.034755,0.030994,0.03639,0.039027,0.036986,0.030646,0.030184,0.031573,0.031517,0.029794,0.031558,0.030771,0.030975,0.031143,0.030502,0.038071,0.030994,0.029458,0.031488,0.031115,0.037978,0.036937,0.030541,0.038355,0.02935,0.037959,0.030656,0.031267
0.039215,0.035629,0.041243,0.03755,0.031125,0.028802,0.034176,0.028805,0.031286,0.040709,0.040068,0.032101,0.038839,0.041204,0.028956,0.036451,0.029484,0.030993,0.042328,0.02774,0.02875,0.040692,0.036285,0.028497,0.029271,0.0306,0.028732,0.034709,0.035691,0.043868,0.028232,0.040839,0.028466,0.028336,0.035546,0.038966,0.033227,0.033103,0.03559,0.03409
0.027331,0.027581,0.040212,0.027637,0.029854,0.028815,0.027174,0.03045,0.031312,0.029014,0.027543,0.029165,0.033061,0.027701,0.028011,0.028285,0.029928,0.028898,0.028501,0.028505,0.03232,0.030399,0.027672,0.033556,0.027482,0.038715,0.033463,0.031709,0.028001,0.033673,0.03416,0.030073,0.034346,0.029831,0.029249,0.030567,0.028204,0.035812,0.034224,0.029779
0.032974,0.027713,0.027459,0.028547,0.041433,0.027893,0.03021,0.033674,0.039092,0.02787,0.039694,0.026996,0.040763,0.02954,0.034935,0.027109,0.032463,0.028846,0.028499,0.032781,0.026604,0.0441,0.048568,0.027531,0.030361,0.046408,0.029054,0.038773,0.047143,0.027958,0.033187,0.028247,0.039751,0.027594,0.034061,0.033795,0.029694,0.043406,0.030912,0.028937
0.029552,0.040213,0.02652,0.035486,0.033752,0.029741,0.035625,0.032679,0.027932,0.02651,0.030301,0.040165,0.026982,0.038599,0.03047,0.035663,0.03259,0.033921,0.028451,0.032289,0.029508,0.028018,0.036447,0.033147,0.028405,0.034129,0.030096,0.033808,0.037751,0.031301,0.032682,0.043106,0.045319,0.050965,0.031926,0.026985,0.035149,0.029296,0.033702,0.037294
0.03114,0.030465,0.040851,0.030941,0.026608,0.042989,0.026841,0.030096,0.03165,0.028514,0.026192,0.041325,0.036005,0.033177,0.03021,0.02773,0.030656,0.032248,0.027546,0.026488,0.029492,0.03435,0.031095,0.029464,0.032507,0.034704,0.031993,0.030605,0.02817,0.036668,0.026795,0.040379,0.027272,0.039644,0.036042,0.033784,0.027042,0.037598,0.028064,0.03103
0.035107,0.036747,0.027227,0.040654,0.026169,0.033797,0.026386,0.026583,0.040483,0.041183,0.032169,0.031128,0.031649,0.033288,0.048294,0.029117,0.02908,0.033278,0.040266,0.026325,0.035345,0.037166,0.029021,0.030123,0.031597,0.029066,0.027765,0.02722,0.039199,0.027544,0.032662,0.028225,0.026885,0.029429,0.038407,0.027442,0.035577,0.027872,0.027429,0.033433
0.029472,0.043126,0.042503,0.038022,0.026026,0.038705,0.025725,0.031643,0.040971,0.035527,0.034858,0.0276,0.02872,0.0437,0.026485,0.038258,0.047039,0.027114,0.044197,0.026476,0.030204,0.032038,0.035079,0.037291,0.026753,0.034241,0.032937,0.028063,0.026937,0.043727,0.046386,0.026911,0.033873,0.027789,0.031678,0.028515,0.026845,0.033543,0.030118,0.040154
0.025905,0.041979,0.027037,0.030861,0.046275,0.032094,0.046963,0.027384,0.038638,0.027112,0.032289,0.027402,0.036843,0.027915,0.026831,0.043014,0.026758,0.027658,0.032337,0.028578,0.026035,0.029065,0.032987,0.042307,0.0325,0.035419,0.026576,0.031367,0.038851,0.02707,0.039267,0.027213,0.03392,0.039852,0.027699,0.038206,0.029163,0.032049,0.035856,0.033847
0.02723,0.028436,0.026655,0.030636,0.034798,0.036294,0.036662,0.026341,0.042804,0.02944,0.030444,0.032008,0.027621,0.036104,0.028634,0.026941,0.02841,0.0475,0.031008,0.030799,0.031389,0.031088,0.02863,0.034941,0.033333,0.03172,0.050459,0.029907,0.042363,0.026385,0.043606,0.025375,0.029344,0.04236,0.027564,0.0304,0.029794,0.025712,0.03433,0.028727
0.042491,0.027304,0.032727,0.030908,0.041659,0.026547,0.030391,0.040285,0.026837,0.031867,0.027728,0.02623,0.031,0.031217,0.026903,0.025856,0.043475,0.026034,0.029653,0.039423,0.026973,0.042725,0.027626,0.037945,0.029554,0.029956,0.03258,0.02835,0.027073,0.028986,0.038863,0.028053,0.031302,0.028318,0.026764,0.033084,0.036584,0.031984,0.027558,0.03227
0.041133,0.032149,0.027244,0.040227,0.027806,0.033339,0.02781,0.025245,0.03472,0.032076,0.029917,0.040679,0.026844,0.031574,0.030674,0.027119,0.027368,0.033406,0.03199,0.033298,0.039631,0.035782,0.026426,0.038593,0.041135,0.033263,0.027374,0.031534,0.026449,0.04782,0.043521,0.026473,0.029721,0.027439,0.027709,0.029089,0.035102,0.031017,0.029127,0.026694
0.028463,0.040174,0.026912,0.040653,0.027234,0.037143,0.060599,0.035898,0.033713,0.030891,0.0438,0.046353,0.035844,0.029666,0.030384,0.029446,0.028444,0.026038,0.030138,0.033238,0.027838,0.032447,0.028166,0.032682,0.030241,0.030677,0.0294,0.026211,0.030069,0.03406,0.032054,0.031717,0.029148,0.025843,0.029848,0.041812,0.033213,0.038223,0.030296,0.027973
0.034253,0.033116,0.026435,0.040487,0.027616,0.045085,0.031336,0.026165,0.030684,0.041763,0.026648,0.033591,0.030912,0.038453,0.028688,0.043833,0.045834,0.027087,0.030155,0.028075,0.039084,0.046568,0.026138,0.029867,0.034761,0.041803,0.032241,0.026666,0.031342,0.040437,0.031781,0.027078,0.033669,0.027364,0.025496,0.041046,0.02709,0.029267,0.041481,0.026513
0.032007,0.027107,0.026005,0.029598,0.042348,0.031765,0.028427,0.037002,0.038848,0.032094,0.030017,0.026829,0.039403,0.026788,0.041704,0.026806,0.031958,0.027686,0.02655,0.032983,0.028812,0.044082,0.047793,0.032895,0.026218,0.037184,0.029158,0.043572,0.047868,0.026766,0.040497,0.027066,0.030649,0.042864,0.025902,0.034452,0.03024,0.047413,0.031887,0.028713
0.03785,0.026747,0.027043,0.0351,0.026813,0.025447,0.029315,0.030518,0.026138,0.026528,0.038511,0.038285,0.026707,0.034656,0.02924,0.033402,0.03766,0.030986,0.038007,0.031175,0.025735,0.042524,0.026849,0.030864,0.027518,0.029736,0.027558,0.040202,0.026894,0.03535,0.027373,0.026658,0.02755,0.039737,0.027153,0.034438,0.038004,0.042065,0.027293,0.032392
0.032662,0.03321,0.026235,0.04281,0.040662,0.031232,0.042039,0.02752,0.02863,0.030892,0.025483,0.028914,0.027258,0.028613,0.034956,0.026973,0.036378,0.032176,0.0307,0.028366,0.026102,0.032869,0.029382,0.027133,0.024894,0.038432,0.028514,0.032107,0.039376,0.026204,0.041203,0.026937,0.036775,0.027515,0.038698,0.034275,0.041544,0.030843,0.046778,0.028923
0.032045,0.043527,0.026123,0.036221,0.026748,0.043798,0.027009,0.04156,0.030158,0.046506,0.026131,0.041184,0.026856,0.032076,0.032771,0.041222,0.026665,0.043715,0.027431,0.03476,0.026923,0.032372,0.027572,0.026751,0.033646,0.033768,0.034457,0.039256,0.026361,0.032233,0.028626,0.026797,0.036009,0.032286,0.031559,0.030793,0.026731,0.026332,0.025955,0.036642
0.028298,0.046646,0.025791,0.029778,0.040285,0.028901,0.029803,0.035108,0.031197,0.045357,0.027083,0.033132,0.02563,0.044068,0.025699,0.032671,0.038946,0.036316,0.029736,0.031285,0.032884,0.028941,0.028441,0.026206,0.032814,0.028704,0.028342,0.025999,0.038574,0.02586,0.041514,0.026247,0.03767,0.026508,0.040273,0.027831,0.04468,0.038038,0.027625,0.026587
0.029807,0.032878,0.040754,0.026617,0.034457,0.031498,0.03536,0.031407,0.040233,0.027104,0.033785,0.031079,0.041328,0.027992,0.037618,0.038796,0.027191,0.036258,0.026,0.032444,0.037167,0.029899,0.034053,0.03588,0.029672,0.028502,0.026271,0.028846,0.034667,0.037549,0.029013,0.039713,0.026146,0.039321,0.032692,0.027348,0.039346,0.028311,0.039039,0.026724
0.033973,0.039553,0.027097,0.042523,0.046916,0.026936,0.031776,0.02708,0.031711,0.027622,0.031534,0.039484,0.026552,0.035941,0.034352,0.03079,0.034844,0.035925,0.028814,0.041149,0.03193,0.026309,0.046006,0.030302,0.027199,0.034198,0.028636,0.040356,0.027279,0.033451,0.030375,0.02954,0.025673,0.037434,0.042721,0.032111,0.028716,0.026345,0.029452,0.032011
0.027467,0.026521,0.039176,0.026709,0.039666,0.026712,0.031709,0.026466,0.024943,0.031371,0.033284,0.041007,0.031956,0.029343,0.032468,0.03431,0.038319,0.030047,0.034076,0.030406,0.037563,0.028825,0.043045,0.041315,0.031941,0.041608,0.032344,0.031421,0.027155,0.032534,0.034658,0.045942,0.030936,0.02898,0.03913,0.043756,0.02983,0.039542,0.030771,0.028692
0.044642,0.027112,0.028617,0.032075,0.032369,0.026682,0.027713,0.03056,0.042107,0.02631,0.040383,0.02764,0.030473,0.033077,0.031813,0.02836,0.025501,0.039778,0.027537,0.029454,0.046293,0.030684,0.026362,0.036115,0.026022,0.040905,0.037035,0.025913,0.035666,0.039449,0.045562,0.027204,0.039188,0.027469,0.030815,0.027178,0.034285,0.026432,0.030282,0.038701
0.027233,0.04106,0.026696,0.043533,0.025628,0.031768,0.03169,0.027915,0.026173,0.029584,0.039935,0.02686,0.033636,0.026675,0.027928,0.038193,0.025758,0.029992,0.032574,0.02579,0.04262,0.045859,0.031538,0.02566,0.036296,0.025625,0.044276,0.025742,0.04359,0.031666,0.027681,0.034785,0.027497,0.033374,0.042667,0.031044,0.031729,0.025103,0.026177,0.027095
0.041318,0.027231,0.034738,0.030293,0.032338,0.026714,0.027356,0.035461,0.026273,0.041099,0.027077,0.041875,0.026374,0.039422,0.032147,0.028903,0.035943,0.02834,0.038634,0.027901,0.040171,0.025955,0.033692,0.026739,0.038916,0.046911,0.029428,0.032576,0.032667,0.031567,0.034462,0.025298,0.043546,0.030515,0.049271,0.028622,0.043422,0.039277,0.028517,0.026311
0.028614,0.031292,0.028086,0.026449,0.039574,0.026075,0.037511,0.0263,0.043811,0.026084,0.036879,0.033479,0.026442,0.041446,0.026499,0.035247,0.030048,0.041704,0.027046,0.034267,0.041356,0.025849,0.031034,0.042005,0.026826,0.043438,0.02725,0.027718,0.039704,0.031967,0.026108,0.02651,0.026772,0.037724,0.025648,0.040122,0.033232,0.03784,0.035934,0.029942
0.027535,0.035894,0.031134,0.030752,0.03367,0.033466,0.03351,0.032154,0.041302,0.027223,0.031567,0.027635,0.026266,0.037242,0.035079,0.025136,0.040667,0.033823,0.025527,0.030785,0.027417,0.028439,0.028756,0.040493,0.034233,0.026524,0.03015,0.026771,0.034748,0.025479,0.047277,0.04049,0.031781,0.033614,0.031274,0.031048,0.039194,0.034791,0.026627,0.034015
0.038625,0.032474,0.026885,0.038627,0.032231,0.033853,0.039751,0.026635,0.028039,0.026828,0.025739,0.037271,0.028069,0.032981,0.031006,0.026944,0.02646,0.042523,0.033597,0.026449,0.030423,0.039529,0.034794,0.026939,0.036961,0.028705,0.031394,0.040395,0.027549,0.034845,0.031609,0.031415,0.02738,0.025788,0.033218,0.030843,0.028451,0.025396,0.03077,0.039313
0.027159,0.032947,0.026403,0.026342,0.045467,0.041453,0.027035,0.031781,0.02899,0.025828,0.030015,0.04325,0.026654,0.029536,0.040661,0.026974,0.031178,0.031684,0.026061,0.027223,0.039883,0.027022,0.033357,0.027026,0.027483,0.039989,0.0266,0.029224,0.032808,0.033529,0.02687,0.033895,0.026583,0.029853,0.029533,0.034882,0.026522,0.030919,0.027548,0.030721
0.031006,0.025479,0.029593,0.039096,0.026438,0.033925,0.030055,0.02573,0.027711,0.032234,0.027508,0.025779,0.030906,0.032405,0.032464,0.041938,0.025683,0.041279,0.027065,0.041681,0.027539,0.036195,0.027259,0.040156,0.026579,0.041366,0.03573,0.046411,0.032353,0.026308,0.045128,0.02555,0.034859,0.035953,0.034352,0.025166,0.034387,0.032998,0.026694,0.026284
0.028865,0.027951,0.026358,0.02921,0.041101,0.02673,0.0316,0.03047,0.028828,0.026431,0.038396,0.02655,0.031035,0.027988,0.026826,0.031137,0.041328,0.037825,0.027169,0.02696,0.031995,0.027302,0.03008,0.027321,0.039967,0.027106,0.04125,0.027192,0.029481,0.026518,0.026298,0.040964,0.031895,0.032165,0.030726,0.044741,0.034247,0.027622,0.025817,0.044428
0.032776,0.028901,0.035445,0.026223,0.035158,0.033398,0.02821,0.040237,0.027012,0.037763,0.028219,0.039527,0.026399,0.035715,0.029225,0.034757,0.039993,0.031753,0.033821,0.027409,0.02793,0.025966,0.030752,0.041148,0.032344,0.032028,0.026928,0.040688,0.026528,0.04452,0.031861,0.027072,0.035864,0.032202,0.039436,0.026811,0.028837,0.037518,0.033798,0.039877
0.032349,0.026996,0.029959,0.039089,0.027109,0.039976,0.026048,0.039197,0.032998,0.02875,0.033019,0.027464,0.025733,0.030106,0.034045,0.027982,0.026357,0.028477,0.046844,0.031537,0.03035,0.03099,0.032134,0.034774,0.038596,0.031934,0.047612,0.030468,0.038519,0.027404,0.045303,0.046011,0.036027,0.028493,0.025656,0.030716,0.034058,0.027664,0.027214,0.027947
0.043406,0.026643,0.028801,0.026487,0.025211,0.032405,0.032072,0.028758,0.025863,0.032312,0.035514,0.030209,0.029006,0.026538,0.031813,0.027844,0.041191,0.034411,0.028064,0.030989,0.045187,0.02681,0.027142,0.040923,0.031009,0.03787,0.026913,0.02964,0.041892,0.031923,0.02516,0.031465,0.035223,0.045106,0.025421,0.030195,0.031205,0.028393,0.026288,0.033431
0.029356,0.027548,0.026393,0.030474,0.039772,0.027266,0.03921,0.027429,0.045378,0.031096,0.025086,0.031828,0.033305,0.027344,0.045827,0.030659,0.028468,0.041942,0.03412,0.026851,0.031773,0.04102,0.033721,0.026932,0.031798,0.041822,0.030085,0.026513,0.040348,0.027251,0.039539,0.027128,0.034792,0.027096,0.026808,0.034454,0.02635,0.041476,0.027443,0.040231
0.029657,0.0337,0.027618,0.040022,0.026865,0.038463,0.033477,0.033714,0.03372,0.034636,0.025516,0.042939,0.033492,0.033983,0.025679,0.030405,0.040268,0.026966,0.03199,0.028251,0.025335,0.041155,0.026368,0.030502,0.039582,0.026859,0.033784,0.027597,0.026674,0.02903,0.040451,0.032472,0.026442,0.033993,0.039435,0.027129,0.03246,0.029361,0.027476,0.035906
0.025744,0.031437,0.040453,0.029506,0.034229,0.038149,0.026096,0.032585,0.039073,0.027098,0.034069,0.027899,0.027392,0.032765,0.029301,0.041962,0.034803,0.027134,0.03563,0.03141,0.026673,0.03975,0.035104,0.032779,0.02617,0.039052,0.029492,0.037095,0.03615,0.035784,0.027054,0.029757,0.034632,0.035806,0.028978,0.033016,0.027317,0.026449,0.045306,0.040483
0.027183,0.04027,0.027064,0.040148,0.032549,0.026332,0.037776,0.028481,0.039833,0.02687,0.040616,0.026965,0.030872,0.026857,0.030248,0.028405,0.036093,0.028434,0.035243,0.042234,0.027748,0.039228,0.036272,0.030863,0.039408,0.02893,0.026295,0.028919,0.031585,0.027464,0.025203,0.04283,0.026508,0.040362,0.026586,0.029683,0.033229,0.028405,0.025466,0.04528
