0.06071,0.039287,0.039801,0.040489,0.042523,0.040346,0.042355,0.041067,0.041111,0.043775,0.042642,0.040181,0.040693,0.038256,0.039077,0.039953,0.042468,0.044831,0.042762,0.042869,0.043872,0.048587,0.043962,0.039727,0.046492,0.038842,0.042571,0.039161,0.040497,0.039697,0.045289,0.043081,0.040665,0.04224,0.039863,0.047437,0.042317,0.040022,0.040966,0.046041
0.027164,0.042294,0.032369,0.031623,0.030464,0.037408,0.026735,0.025896,0.02753,0.032317,0.026203,0.025031,0.025411,0.035394,0.025593,0.032614,0.036021,0.029908,0.033781,0.026598,0.025922,0.027739,0.040692,0.026336,0.037049,0.029829,0.025372,0.025952,0.034463,0.026547,0.034062,0.026673,0.025626,0.026907,0.036036,0.026231,0.031565,0.034419,0.032369,0.034493
0.028926,0.037375,0.026335,0.044209,0.024221,0.03763,0.029166,0.024699,0.022728,0.037436,0.022555,0.029605,0.041437,0.023241,0.037314,0.023962,0.038441,0.035037,0.024543,0.022779,0.022444,0.024167,0.023132,0.032249,0.026858,0.022754,0.034227,0.031976,0.033473,0.034037,0.03638,0.027939,0.035422,0.023636,0.023248,0.023411,0.024787,0.026118,0.031613,0.029671
0.038757,0.03142,0.025393,0.026186,0.028981,0.022001,0.022519,0.028327,0.022866,0.0409,0.027803,0.030223,0.022557,0.026069,0.021863,0.025055,0.024692,0.021896,0.025699,0.029434,0.022141,0.044028,0.024934,0.022261,0.032987,0.023857,0.048212,0.041684,0.032991,0.026318,0.042532,0.023992,0.041537,0.025485,0.024711,0.023043,0.021223,0.022222,0.023297,0.035337
0.027425,0.022632,0.021823,0.026993,0.021174,0.037738,0.024849,0.03579,0.035453,0.03524,0.02071,0.034305,0.021629,0.034761,0.021687,0.026728,0.021715,0.033852,0.027192,0.043061,0.025759,0.022233,0.037914,0.020849,0.022642,0.037971,0.037042,0.026592,0.022326,0.021743,0.038839,0.025011,0.034207,0.021591,0.035144,0.022116,0.042483,0.03622,0.03451,0.022803
0.039957,0.038731,0.025617,0.02152,0.037235,0.030816,0.024573,0.028432,0.023265,0.041328,0.02891,0.034859,0.033779,0.033482,0.036426,0.033356,0.022874,0.02109,0.033966,0.035488,0.032181,0.03317,0.03095,0.020447,0.020054,0.028319,0.029906,0.021087,0.034541,0.032933,0.032349,0.03218,0.033791,0.030543,0.040113,0.0285,0.036012,0.022272,0.022333,0.026316
0.020751,0.039506,0.033779,0.020624,0.022868,0.041834,0.037203,0.025609,0.034407,0.022394,0.029028,0.028077,0.020565,0.032017,0.035089,0.034765,0.032473,0.019926,0.033714,0.024548,0.022991,0.02902,0.019825,0.020314,0.020882,0.029694,0.020762,0.046418,0.020851,0.025208,0.032447,0.021059,0.021895,0.022615,0.0291,0.022103,0.020302,0.022237,0.022738,0.025002
0.022397,0.020149,0.01995,0.025761,0.026147,0.023274,0.026525,0.025146,0.040646,0.024798,0.041165,0.027498,0.019982,0.035662,0.025005,0.036351,0.034991,0.03703,0.024476,0.022423,0.036161,0.024547,0.020079,0.020613,0.027008,0.02903,0.022824,0.019926,0.020437,0.021659,0.020013,0.037297,0.021932,0.02663,0.035472,0.037058,0.032879,0.023084,0.047976,0.027274
0.020429,0.040544,0.042057,0.021673,0.034486,0.033954,0.030106,0.019643,0.020002,0.036382,0.020495,0.028987,0.032241,0.029876,0.03387,0.036006,0.034205,0.033649,0.029851,0.03391,0.035242,0.020574,0.022954,0.020681,0.039433,0.029689,0.034432,0.020984,0.047145,0.024729,0.039491,0.025178,0.019946,0.020265,0.032565,0.02385,0.026103,0.020563,0.024846,0.020356
0.037001,0.020457,0.020855,0.022191,0.035344,0.034622,0.036713,0.032317,0.025302,0.037881,0.03363,0.022527,0.020307,0.041589,0.028285,0.034784,0.034772,0.034492,0.033332,0.029859,0.035229,0.033028,0.025369,0.025435,0.035033,0.034789,0.026804,0.041722,0.029103,0.033949,0.03211,0.034612,0.032238,0.020564,0.026036,0.020567,0.030098,0.042384,0.027153,0.020531
0.022582,0.027391,0.026128,0.018778,0.033381,0.032604,0.034294,0.020368,0.023899,0.039891,0.033881,0.033344,0.034483,0.028001,0.020125,0.027563,0.026381,0.019839,0.020117,0.035006,0.035557,0.022323,0.02834,0.032323,0.04085,0.025211,0.031906,0.035174,0.034913,0.035007,0.033721,0.028504,0.030816,0.019927,0.020893,0.019889,0.021855,0.039779,0.035087,0.020036
0.024759,0.021145,0.030697,0.034741,0.028238,0.035294,0.036055,0.034386,0.025062,0.021163,0.01916,0.027747,0.019898,0.032652,0.036275,0.039872,0.021396,0.021545,0.035141,0.019947,0.023452,0.045903,0.021507,0.035946,0.020133,0.035229,0.02041,0.022627,0.040286,0.026257,0.042603,0.02137,0.042552,0.030101,0.019541,0.031669,0.035715,0.030908,0.034266,0.019704
0.028532,0.019834,0.029808,0.020546,0.02743,0.019992,0.034578,0.02038,0.029081,0.023751,0.025874,0.019591,0.023389,0.019729,0.041448,0.020124,0.043094,0.033537,0.029597,0.02961,0.040129,0.021303,0.026438,0.041246,0.029524,0.028325,0.040899,0.022834,0.040369,0.034978,0.030134,0.032721,0.034774,0.034434,0.026264,0.036857,0.034733,0.02014,0.023414,0.040231
0.034357,0.020375,0.022021,0.020191,0.035879,0.020021,0.023217,0.019962,0.033799,0.041566,0.028878,0.034004,0.033452,0.029895,0.040368,0.026868,0.035191,0.03043,0.033808,0.020044,0.031204,0.020005,0.019789,0.022892,0.039407,0.025653,0.019796,0.038438,0.032547,0.026938,0.025553,0.019573,0.021006,0.02953,0.018942,0.042967,0.028299,0.019925,0.034796,0.019148
0.021266,0.020186,0.037648,0.020305,0.024074,0.04592,0.033886,0.022444,0.019583,0.025266,0.025265,0.019989,0.023144,0.019268,0.033837,0.029574,0.018733,0.035609,0.034412,0.035993,0.032901,0.026,0.020071,0.027827,0.025483,0.01933,0.02012,0.0215,0.037102,0.02336,0.028122,0.019751,0.028841,0.032477,0.034311,0.041417,0.019838,0.036642,0.04714,0.019428
0.038825,0.020566,0.027626,0.019754,0.023599,0.01895,0.034646,0.035356,0.040423,0.024657,0.03218,0.035399,0.04189,0.020129,0.035746,0.020085,0.035575,0.033781,0.03136,0.038397,0.028942,0.027912,0.042254,0.019662,0.042116,0.035706,0.03239,0.020184,0.026284,0.021037,0.030915,0.020253,0.025902,0.019572,0.021156,0.0251,0.020478,0.019228,0.020289,0.026146
0.019667,0.019738,0.02029,0.020318,0.019199,0.038491,0.019385,0.021249,0.020669,0.037242,0.021948,0.027077,0.019618,0.028274,0.019019,0.018991,0.019488,0.025268,0.019269,0.01932,0.019891,0.020356,0.028078,0.021609,0.022077,0.039798,0.02678,0.019478,0.034516,0.030018,0.035502,0.03103,0.019732,0.038699,0.021001,0.04278,0.027673,0.040835,0.022174,0.041728
0.020141,0.021095,0.01955,0.036667,0.020592,0.022289,0.028251,0.023841,0.026236,0.027043,0.02011,0.03364,0.019898,0.02624,0.036087,0.030798,0.034352,0.019455,0.029998,0.039885,0.020282,0.036477,0.035184,0.034444,0.035085,0.034619,0.027907,0.026993,0.026748,0.034473,0.019761,0.027625,0.020054,0.032377,0.034081,0.029181,0.03016,0.047772,0.019184,0.035477
0.034736,0.035363,0.034466,0.031714,0.036223,0.030707,0.034459,0.0347,0.025075,0.038022,0.040157,0.024832,0.039135,0.028807,0.034371,0.034382,0.034391,0.028935,0.034431,0.035332,0.019689,0.022979,0.040333,0.019851,0.028328,0.036405,0.033367,0.019677,0.02279,0.020232,0.036526,0.019956,0.020872,0.019937,0.036791,0.023892,0.025748,0.040557,0.023065,0.039621
0.027703,0.035731,0.040498,0.022318,0.041485,0.020668,0.020907,0.042424,0.02906,0.033179,0.030449,0.019804,0.033262,0.035361,0.033216,0.027167,0.037667,0.034404,0.035131,0.019297,0.025719,0.03855,0.031988,0.019552,0.02932,0.037821,0.02216,0.046592,0.022274,0.019947,0.035868,0.034679,0.020071,0.024715,0.038594,0.020878,0.02363,0.038214,0.031759,0.032435
0.033636,0.035063,0.027222,0.036743,0.035057,0.020101,0.027721,0.034881,0.034695,0.034559,0.030501,0.032686,0.034656,0.034736,0.031153,0.038999,0.028879,0.034671,0.019859,0.04157,0.042005,0.029157,0.034601,0.03464,0.019999,0.028922,0.034378,0.023579,0.037244,0.0372,0.02041,0.023527,0.03992,0.033025,0.020423,0.023468,0.019738,0.019769,0.024958,0.021242
0.038396,0.032746,0.027537,0.019693,0.033694,0.04017,0.028098,0.020777,0.020725,0.020774,0.036433,0.03405,0.035579,0.028437,0.040207,0.021761,0.041952,0.031224,0.030201,0.020388,0.029743,0.029805,0.027056,0.020558,0.038187,0.038031,0.033321,0.030152,0.040527,0.020969,0.04267,0.033136,0.029083,0.035423,0.034405,0.026155,0.0199,0.037667,0.033175,0.033278
0.023166,0.020317,0.02474,0.03295,0.020418,0.041905,0.035955,0.03343,0.021217,0.02843,0.034235,0.033253,0.027125,0.043622,0.021325,0.042784,0.031146,0.030244,0.020461,0.036047,0.020986,0.028453,0.0266,0.02893,0.021789,0.020098,0.034707,0.024269,0.03793,0.036073,0.034368,0.024626,0.02008,0.019583,0.033333,0.034715,0.03419,0.029586,0.034099,0.019649
0.031761,0.019928,0.029439,0.038689,0.021028,0.041816,0.035282,0.027892,0.034307,0.035717,0.027607,0.019796,0.029267,0.027859,0.029563,0.019799,0.022967,0.019398,0.034205,0.020899,0.027362,0.020034,0.036121,0.020195,0.047197,0.029797,0.034549,0.019393,0.030211,0.020086,0.026896,0.042521,0.01956,0.036921,0.041198,0.020488,0.020584,0.024854,0.021324,0.023169
0.036809,0.032633,0.034541,0.019995,0.021206,0.019316,0.039455,0.01921,0.019064,0.019137,0.046056,0.027955,0.032734,0.031444,0.041003,0.022304,0.041556,0.032773,0.030725,0.033011,0.036027,0.033822,0.024573,0.045526,0.020816,0.021008,0.035958,0.033872,0.035186,0.029077,0.034178,0.034879,0.033737,0.034377,0.02373,0.039835,0.034961,0.035231,0.026118,0.036457
0.035302,0.024369,0.021308,0.019203,0.032612,0.032586,0.023583,0.022208,0.019775,0.040566,0.027248,0.036847,0.040595,0.019149,0.042916,0.03006,0.034015,0.019823,0.029155,0.019123,0.025016,0.01921,0.040945,0.019991,0.042423,0.035688,0.03501,0.019819,0.042035,0.036007,0.031853,0.034151,0.029576,0.036775,0.034815,0.034498,0.028813,0.035046,0.019478,0.028177
0.035909,0.034345,0.033971,0.026367,0.037112,0.034945,0.0348,0.026197,0.036735,0.034769,0.035388,0.029944,0.032488,0.040875,0.024939,0.037698,0.029662,0.033929,0.019755,0.028464,0.02917,0.019445,0.02793,0.024047,0.019975,0.033969,0.034237,0.029802,0.03421,0.03454,0.019562,0.026821,0.032187,0.025972,0.026109,0.036235,0.034721,0.027058,0.019951,0.035151
0.034056,0.033804,0.029929,0.034969,0.034262,0.030214,0.034532,0.034938,0.031466,0.037603,0.029679,0.034526,0.01969,0.023463,0.040471,0.033123,0.029934,0.040283,0.021411,0.021521,0.034565,0.035275,0.034954,0.029899,0.032347,0.03534,0.033798,0.033478,0.030174,0.040656,0.020911,0.036146,0.041779,0.028123,0.034339,0.020155,0.029186,0.019156,0.029397,0.024492
0.031222,0.028535,0.023688,0.02672,0.038207,0.02605,0.019366,0.032732,0.034874,0.034826,0.034199,0.027642,0.035481,0.034431,0.035746,0.024978,0.031519,0.027887,0.034118,0.024948,0.038043,0.034911,0.028746,0.034839,0.03425,0.019362,0.024053,0.040853,0.033675,0.029143,0.034309,0.019659,0.035362,0.026782,0.036495,0.03518,0.033869,0.030096,0.039303,0.024396
0.038787,0.030403,0.03309,0.040887,0.029255,0.03283,0.030678,0.023855,0.030058,0.027186,0.036347,0.034475,0.033358,0.034502,0.032152,0.028679,0.038395,0.028506,0.035481,0.034686,0.033945,0.035282,0.03202,0.029658,0.036302,0.020893,0.033495,0.021283,0.020996,0.019858,0.03357,0.019365,0.02949,0.036675,0.030143,0.019236,0.027362,0.035683,0.035842,0.034933
0.024471,0.038338,0.034951,0.033997,0.033047,0.028849,0.035875,0.035241,0.034248,0.020164,0.029065,0.033791,0.03489,0.031687,0.019651,0.022709,0.038271,0.035669,0.034384,0.030219,0.038996,0.024622,0.039186,0.032973,0.019893,0.027133,0.036639,0.030596,0.032817,0.036149,0.033607,0.029676,0.03408,0.025475,0.030511,0.021513,0.028555,0.026372,0.019392,0.029438
0.024088,0.023332,0.019268,0.027333,0.019804,0.04007,0.034151,0.034548,0.02646,0.036481,0.035985,0.031926,0.037214,0.027027,0.036826,0.033091,0.033904,0.028227,0.036325,0.035021,0.024727,0.044673,0.030058,0.032611,0.034638,0.032948,0.031138,0.034249,0.035559,0.031955,0.019696,0.031326,0.027846,0.030481,0.027085,0.03198,0.01985,0.043343,0.036361,0.032289
0.035909,0.027983,0.036194,0.034529,0.027767,0.028647,0.020312,0.03477,0.029215,0.018654,0.036057,0.040897,0.025841,0.037546,0.028184,0.030469,0.039554,0.03406,0.028042,0.034975,0.035215,0.019455,0.024309,0.039246,0.03568,0.028492,0.032336,0.036369,0.035208,0.020392,0.023111,0.019358,0.035492,0.029123,0.018941,0.023103,0.020727,0.02045,0.040679,0.019398
0.029336,0.020044,0.027473,0.018931,0.020056,0.02009,0.022364,0.038087,0.035103,0.031369,0.019392,0.033043,0.024996,0.037331,0.019747,0.029917,0.019461,0.033986,0.020314,0.027669,0.029792,0.0189,0.019324,0.019493,0.019806,0.020486,0.018992,0.025608,0.025207,0.018867,0.019301,0.018904,0.019243,0.022716,0.040944,0.026855,0.036399,0.034616,0.02848,0.020343
0.034379,0.02479,0.020008,0.030058,0.0245,0.019805,0.022505,0.018233,0.036202,0.04265,0.019268,0.018651,0.037661,0.020129,0.0289,0.034033,0.03593,0.020791,0.028019,0.03396,0.035146,0.027187,0.034992,0.035479,0.035127,0.0311,0.0308,0.036,0.034958,0.029647,0.019501,0.033831,0.02634,0.043251,0.027404,0.036202,0.019376,0.028833,0.020318,0.019775
0.020554,0.019143,0.019528,0.02922,0.025791,0.02088,0.027884,0.026367,0.018649,0.019254,0.019571,0.02297,0.025921,0.020344,0.027126,0.024811,0.020241,0.019908,0.033605,0.019295,0.030241,0.020346,0.033809,0.019636,0.021591,0.037005,0.033866,0.01923,0.033588,0.027389,0.025297,0.018867,0.042388,0.029941,0.040253,0.033748,0.029814,0.019788,0.033131,0.02663
0.018974,0.019886,0.034484,0.019609,0.024766,0.026417,0.020231,0.041969,0.034684,0.028483,0.040821,0.028927,0.033977,0.019596,0.034924,0.029629,0.034043,0.029014,0.035044,0.034334,0.034967,0.032088,0.021967,0.020148,0.042905,0.01968,0.044387,0.035219,0.028128,0.034848,0.034816,0.020712,0.020337,0.025095,0.03859,0.025777,0.036557,0.019732,0.024036,0.0189
0.02369,0.019977,0.021457,0.039554,0.024418,0.044879,0.029097,0.034393,0.019598,0.028844,0.019846,0.025182,0.026879,0.033522,0.019952,0.019981,0.03713,0.033802,0.019668,0.029768,0.033584,0.036472,0.019446,0.028892,0.034821,0.025687,0.037352,0.040667,0.020312,0.020942,0.021066,0.031474,0.019691,0.033791,0.019569,0.048097,0.028122,0.035881,0.033808,0.036358
0.027489,0.035681,0.021334,0.02036,0.020352,0.019006,0.030499,0.02271,0.033559,0.027543,0.034735,0.035783,0.034363,0.020048,0.024636,0.019723,0.019429,0.024811,0.019383,0.039747,0.026134,0.035556,0.035516,0.020101,0.019455,0.024764,0.020066,0.025779,0.024126,0.032205,0.035506,0.032197,0.03607,0.030764,0.033426,0.033155,0.034633,0.032542,0.019377,0.025984
0.036729,0.040432,0.028578,0.033924,0.029354,0.040481,0.024686,0.039027,0.026767,0.035713,0.019494,0.030389,0.034068,0.034659,0.024796,0.023169,0.026617,0.018226,0.040356,0.034781,0.028484,0.033733,0.036107,0.040085,0.020411,0.036293,0.0209,0.034388,0.019497,0.021761,0.028879,0.022188,0.019138,0.035531,0.019559,0.030199,0.039701,0.029745,0.033504,0.031341
