0.090426,0.075069,0.073563,0.069637,0.072945,0.069955,0.072361,0.075789,0.073666,0.06861,0.068884,0.073031,0.075263,0.068993,0.073276,0.070995,0.071407,0.077483,0.068414,0.074451,0.0778,0.077438,0.070312,0.0766,0.083992,0.073909,0.075303,0.070104,0.070521,0.069632,0.072257,0.071882,0.07076,0.069403,0.069671,0.069613,0.070832,0.070324,0.073754,0.074439
0.052322,0.053387,0.048846,0.048677,0.0527,0.050611,0.05185,0.053948,0.048128,0.052179,0.048831,0.048698,0.047922,0.046824,0.052478,0.049055,0.050116,0.048501,0.055268,0.054396,0.047823,0.048551,0.049023,0.049233,0.059584,0.056077,0.048362,0.05264,0.048851,0.055075,0.04937,0.048896,0.050872,0.054126,0.049577,0.049925,0.048828,0.049546,0.049133,0.049223
0.044234,0.052075,0.043074,0.04826,0.05337,0.045938,0.05842,0.044114,0.053864,0.044412,0.051965,0.045846,0.055475,0.050836,0.045068,0.054156,0.0455,0.059396,0.050391,0.043445,0.047498,0.053651,0.04808,0.045076,0.043618,0.043263,0.045171,0.060045,0.044247,0.05361,0.064344,0.051407,0.049074,0.051164,0.046233,0.050848,0.052068,0.047616,0.047973,0.058447
0.042983,0.063428,0.046757,0.050582,0.041057,0.050529,0.047272,0.055577,0.053482,0.043288,0.053318,0.051937,0.052025,0.041278,0.049436,0.050081,0.041907,0.046227,0.048021,0.043785,0.057276,0.048926,0.055663,0.041979,0.059888,0.045381,0.043693,0.054607,0.045738,0.052019,0.049476,0.059231,0.041165,0.048826,0.051817,0.051666,0.048444,0.049041,0.05602,0.043438
0.04613,0.051928,0.069999,0.044105,0.053389,0.052357,0.047118,0.052953,0.047292,0.053279,0.043203,0.040919,0.044305,0.054899,0.0562,0.040854,0.051834,0.047993,0.051757,0.050439,0.050729,0.047824,0.050956,0.049274,0.049254,0.047112,0.039952,0.046403,0.051107,0.049328,0.049495,0.057232,0.042155,0.048536,0.041913,0.041555,0.05545,0.043472,0.045905,0.041137
0.049143,0.050682,0.054772,0.041249,0.055787,0.046577,0.055424,0.041824,0.03995,0.042502,0.055608,0.044497,0.057024,0.054453,0.043107,0.052554,0.044777,0.058431,0.03955,0.056923,0.055589,0.046572,0.041552,0.054283,0.047753,0.055949,0.044159,0.060884,0.039779,0.05437,0.042185,0.059401,0.041372,0.056607,0.049252,0.051156,0.048258,0.047657,0.052861,0.049532
0.048105,0.051552,0.052387,0.042963,0.049943,0.053905,0.04714,0.050744,0.05601,0.040172,0.05734,0.05001,0.049879,0.042247,0.049393,0.040835,0.045992,0.053988,0.052623,0.043195,0.054417,0.047313,0.054416,0.05272,0.048807,0.041616,0.055017,0.049061,0.043258,0.040155,0.050093,0.051117,0.048158,0.05112,0.048875,0.049997,0.050138,0.048171,0.040131,0.042539
0.041589,0.0402,0.041927,0.042655,0.041528,0.041241,0.040556,0.040743,0.041673,0.045394,0.047546,0.040022,0.041508,0.038259,0.051227,0.048296,0.048627,0.054947,0.047987,0.052084,0.043719,0.058857,0.04046,0.038635,0.046952,0.055378,0.048562,0.049213,0.051395,0.044442,0.056409,0.065144,0.046212,0.05095,0.050562,0.051314,0.0495,0.048452,0.064926,0.055645
0.05169,0.041005,0.054471,0.048578,0.055992,0.050396,0.041356,0.038493,0.050133,0.051504,0.043632,0.053075,0.049445,0.053348,0.050945,0.042824,0.053825,0.047968,0.053065,0.069845,0.044889,0.051209,0.048199,0.055517,0.049129,0.048245,0.049004,0.046449,0.054811,0.052012,0.046367,0.050256,0.045755,0.040226,0.042367,0.053351,0.055329,0.041532,0.039408,0.050768
0.050694,0.040925,0.055968,0.061079,0.056845,0.070665,0.042861,0.053741,0.046586,0.051901,0.050737,0.047579,0.069216,0.048985,0.051238,0.047237,0.049182,0.05461,0.046319,0.056643,0.045337,0.045078,0.040285,0.045533,0.049332,0.053131,0.050274,0.050318,0.045853,0.047042,0.039985,0.042633,0.03945,0.049756,0.047805,0.052395,0.057365,0.038357,0.0398,0.04833
0.049544,0.044812,0.039589,0.045458,0.052604,0.068142,0.062864,0.039252,0.047292,0.049986,0.052684,0.042401,0.056025,0.048343,0.048911,0.04942,0.052925,0.051474,0.051386,0.04103,0.038844,0.051969,0.060474,0.057208,0.043017,0.059336,0.048983,0.039822,0.057954,0.049819,0.049302,0.049294,0.045599,0.057664,0.044512,0.05343,0.055711,0.038834,0.051092,0.054789
0.053345,0.038164,0.056929,0.048797,0.048841,0.049387,0.054147,0.049413,0.046928,0.049503,0.054596,0.045096,0.053036,0.050062,0.050532,0.046845,0.05051,0.052328,0.04727,0.053371,0.047481,0.047776,0.040658,0.040436,0.052283,0.056659,0.041582,0.056005,0.055578,0.039687,0.039516,0.043859,0.03819,0.046041,0.05264,0.055745,0.037366,0.061963,0.037765,0.063085
0.042846,0.047824,0.038691,0.044783,0.045625,0.038417,0.05375,0.048943,0.048497,0.052832,0.048053,0.052424,0.04744,0.03875,0.04238,0.046152,0.041492,0.041736,0.040722,0.040359,0.038747,0.042563,0.050106,0.037979,0.053554,0.055824,0.040439,0.05752,0.045073,0.038811,0.050268,0.043218,0.058808,0.042608,0.038709,0.046569,0.044201,0.058972,0.04604,0.051775
0.054952,0.046067,0.047042,0.053811,0.045009,0.053312,0.048445,0.05142,0.047286,0.039186,0.041513,0.039133,0.048335,0.053945,0.041154,0.038049,0.05115,0.064009,0.070448,0.054362,0.039223,0.038848,0.051123,0.045629,0.054806,0.063718,0.05029,0.048128,0.051958,0.044541,0.04451,0.041005,0.053529,0.055419,0.038825,0.038207,0.048587,0.038429,0.046754,0.051679
0.048662,0.052286,0.051351,0.047831,0.049824,0.048086,0.04771,0.037908,0.048386,0.050464,0.052917,0.045797,0.056509,0.039382,0.037541,0.050452,0.047378,0.038082,0.049953,0.045512,0.038791,0.047014,0.05318,0.046576,0.051456,0.05043,0.048726,0.046129,0.038013,0.043887,0.051813,0.055753,0.046039,0.058931,0.039277,0.038648,0.048886,0.049194,0.04732,0.038226
0.05275,0.039717,0.044924,0.038453,0.045437,0.038882,0.046924,0.041513,0.047625,0.05236,0.050788,0.043004,0.041413,0.041824,0.038685,0.05001,0.05314,0.043475,0.038088,0.048849,0.048914,0.047449,0.038165,0.060055,0.051226,0.041409,0.039689,0.037682,0.052736,0.050548,0.048615,0.055086,0.041668,0.044508,0.051903,0.039486,0.053104,0.047626,0.052183,0.046115
0.046904,0.057052,0.047238,0.05346,0.04115,0.038808,0.053087,0.044647,0.04746,0.038619,0.045647,0.038654,0.049117,0.049255,0.050622,0.043562,0.039068,0.05381,0.042125,0.037941,0.049399,0.053466,0.049466,0.049006,0.039883,0.03957,0.039265,0.045283,0.038164,0.040944,0.037602,0.040123,0.043037,0.04134,0.04635,0.044637,0.040774,0.047546,0.042257,0.038508
0.047895,0.049147,0.038235,0.042809,0.039112,0.049029,0.044709,0.05809,0.044792,0.054438,0.045992,0.040415,0.039845,0.039235,0.048754,0.037987,0.039577,0.038672,0.04547,0.038323,0.049914,0.051906,0.045751,0.038114,0.048267,0.051278,0.04381,0.038059,0.038447,0.043881,0.05782,0.038966,0.046073,0.039694,0.051252,0.052536,0.048376,0.052762,0.042919,0.049444
0.037171,0.052419,0.047736,0.04967,0.053114,0.048757,0.050338,0.047341,0.049325,0.051069,0.051202,0.057564,0.043071,0.048837,0.04656,0.038796,0.04554,0.039492,0.050562,0.044693,0.046924,0.042525,0.040347,0.03695,0.049363,0.053096,0.049208,0.052133,0.047704,0.045594,0.03914,0.046138,0.052802,0.046464,0.039185,0.045065,0.038134,0.040191,0.040318,0.044028
0.037302,0.050861,0.039422,0.04062,0.039345,0.040628,0.047935,0.044553,0.03983,0.042586,0.037461,0.0399,0.039189,0.047559,0.049413,0.037858,0.046754,0.046871,0.039462,0.0481,0.053504,0.049745,0.041307,0.044585,0.03853,0.038015,0.04423,0.057852,0.062961,0.052535,0.045061,0.038876,0.046988,0.038262,0.045532,0.051487,0.064718,0.068838,0.049127,0.052537
0.045208,0.047301,0.059969,0.048043,0.05017,0.04594,0.052566,0.050488,0.047738,0.039323,0.047515,0.047474,0.048348,0.045684,0.04938,0.037035,0.051609,0.053584,0.046222,0.052841,0.046993,0.038606,0.039613,0.037764,0.051908,0.049128,0.050466,0.051241,0.048106,0.051695,0.050368,0.050012,0.045155,0.037408,0.052649,0.048147,0.045807,0.037308,0.041996,0.037837
0.048757,0.037934,0.045707,0.038794,0.046383,0.054025,0.049119,0.038032,0.037981,0.054594,0.054733,0.047612,0.046736,0.037637,0.052651,0.04126,0.037213,0.048505,0.053353,0.047942,0.049503,0.052686,0.044674,0.043908,0.036294,0.037419,0.037795,0.047105,0.055497,0.041208,0.042966,0.044974,0.044867,0.038447,0.038299,0.03977,0.037805,0.050884,0.05142,0.044755
0.03696,0.053206,0.045965,0.046448,0.039963,0.044562,0.036104,0.042405,0.047326,0.038137,0.03725,0.051367,0.052138,0.049544,0.045496,0.037175,0.048196,0.052143,0.0465,0.037865,0.045075,0.037584,0.050472,0.053057,0.041889,0.037218,0.053645,0.038821,0.04171,0.045114,0.037814,0.04813,0.051628,0.039357,0.038114,0.038961,0.051231,0.052744,0.039784,0.036852
0.049853,0.050761,0.05297,0.054555,0.040056,0.039197,0.048295,0.052147,0.046836,0.05252,0.049533,0.048329,0.04899,0.049562,0.038272,0.042676,0.039094,0.048094,0.039897,0.040467,0.039645,0.050566,0.040327,0.038057,0.050112,0.049591,0.05272,0.049857,0.0487,0.051033,0.046856,0.05373,0.050284,0.046448,0.053805,0.045882,0.060952,0.057863,0.069342,0.045666
0.051635,0.05112,0.048701,0.047014,0.050001,0.05555,0.064192,0.048879,0.047373,0.045938,0.038364,0.05347,0.047486,0.051463,0.050332,0.048952,0.049398,0.045492,0.038859,0.047211,0.037998,0.052824,0.044366,0.052496,0.04697,0.050627,0.052047,0.045762,0.037378,0.048503,0.043306,0.046497,0.047005,0.044417,0.037976,0.046348,0.05494,0.04783,0.046029,0.039011
0.048065,0.047649,0.049698,0.050354,0.051646,0.050686,0.048549,0.054381,0.050976,0.055929,0.056139,0.050504,0.046487,0.041507,0.039318,0.058353,0.043973,0.035954,0.053249,0.049251,0.056506,0.038191,0.038061,0.045622,0.037609,0.050703,0.048036,0.049012,0.049124,0.054237,0.049585,0.04645,0.050716,0.051653,0.04832,0.052251,0.044627,0.037613,0.054632,0.044465
0.050559,0.051217,0.047339,0.05054,0.051961,0.051244,0.049258,0.047651,0.048439,0.049225,0.037879,0.047885,0.053375,0.044382,0.037145,0.050265,0.047187,0.052034,0.049857,0.050168,0.04656,0.04227,0.038384,0.037903,0.054912,0.045363,0.052378,0.052332,0.039511,0.04078,0.051687,0.041807,0.038166,0.049325,0.049997,0.05209,0.052184,0.045541,0.050923,0.052315
0.05055,0.047831,0.051055,0.050952,0.044283,0.03844,0.055965,0.042917,0.047708,0.050078,0.047056,0.039045,0.049231,0.050174,0.049158,0.055639,0.038777,0.053054,0.054459,0.047989,0.050794,0.051716,0.043042,0.038547,0.049245,0.051123,0.047473,0.05357,0.045697,0.060866,0.053588,0.037792,0.0494,0.051903,0.049182,0.054308,0.038041,0.035889,0.038554,0.038636
0.039417,0.038469,0.039072,0.044497,0.04015,0.038583,0.03745,0.040068,0.038292,0.037021,0.048695,0.039279,0.040995,0.038407,0.041265,0.038524,0.037327,0.049098,0.052101,0.049688,0.046186,0.03906,0.050102,0.040958,0.05988,0.047605,0.039595,0.048714,0.041063,0.041357,0.040598,0.039118,0.038469,0.038059,0.037008,0.045511,0.036683,0.052242,0.048769,0.053833
0.044246,0.038381,0.049358,0.04835,0.049747,0.047439,0.0371,0.052744,0.039177,0.037138,0.038879,0.045347,0.038604,0.045571,0.038909,0.054137,0.042508,0.048936,0.047906,0.045416,0.038549,0.038906,0.04473,0.054168,0.050093,0.049344,0.048116,0.048875,0.053776,0.047396,0.050658,0.050544,0.047804,0.050223,0.051796,0.049571,0.053584,0.04078,0.038699,0.037894
0.044288,0.051183,0.056183,0.038729,0.037378,0.05938,0.044089,0.04138,0.036843,0.051659,0.047737,0.041027,0.04017,0.051785,0.037949,0.048651,0.050045,0.050543,0.037774,0.046691,0.044156,0.036137,0.051966,0.051568,0.053525,0.039753,0.037885,0.049915,0.045575,0.038109,0.048365,0.050539,0.050632,0.051493,0.046305,0.050851,0.052926,0.051464,0.042024,0.039131
0.049632,0.049376,0.039285,0.039483,0.04908,0.039916,0.047453,0.053047,0.047821,0.054562,0.045814,0.046177,0.041945,0.048686,0.046298,0.048875,0.050735,0.051728,0.050195,0.049017,0.049633,0.051945,0.048428,0.037929,0.040962,0.048625,0.043807,0.039787,0.043988,0.041001,0.038082,0.051227,0.043895,0.038394,0.048047,0.052925,0.048684,0.04842,0.047412,0.037823
0.047971,0.052276,0.045114,0.037939,0.051251,0.045671,0.049429,0.037835,0.049615,0.048604,0.051159,0.049884,0.048861,0.04649,0.036182,0.047746,0.037886,0.052753,0.045365,0.037869,0.044472,0.052041,0.047715,0.052471,0.045965,0.038378,0.042234,0.037734,0.052913,0.055324,0.049318,0.039148,0.03894,0.049471,0.039519,0.039968,0.037589,0.043466,0.037778,0.050884
0.07066,0.048677,0.047765,0.049963,0.043739,0.053349,0.037787,0.046954,0.047069,0.055124,0.049912,0.049897,0.049297,0.047159,0.053936,0.052703,0.039251,0.056495,0.062152,0.05524,0.053579,0.045709,0.049514,0.047782,0.03821,0.045021,0.046587,0.059656,0.04814,0.054283,0.040183,0.0394,0.048775,0.049025,0.047967,0.038192,0.047182,0.049064,0.060303,0.037093
0.03777,0.053405,0.041436,0.038177,0.04831,0.050154,0.06299,0.054569,0.072497,0.039736,0.03835,0.050758,0.05159,0.045542,0.051957,0.048795,0.05192,0.04415,0.038446,0.049966,0.037987,0.045634,0.048615,0.052255,0.049473,0.054489,0.039976,0.047069,0.046936,0.039645,0.037855,0.050389,0.052979,0.049998,0.041001,0.037625,0.051345,0.050132,0.04661,0.038673
0.046176,0.055921,0.040222,0.038682,0.052605,0.045946,0.051996,0.037088,0.043567,0.053725,0.04767,0.056354,0.038703,0.039217,0.049918,0.043504,0.037747,0.064333,0.038482,0.043,0.03864,0.049628,0.045015,0.03816,0.049843,0.054943,0.041545,0.039046,0.048327,0.036774,0.047018,0.050287,0.039528,0.039705,0.039201,0.039006,0.038423,0.045325,0.039272,0.038953
0.04441,0.037558,0.047992,0.05154,0.048126,0.049701,0.049773,0.049255,0.037767,0.051087,0.044102,0.039614,0.045125,0.046978,0.037907,0.046156,0.038837,0.044667,0.036792,0.038417,0.038663,0.036917,0.051841,0.056031,0.039805,0.058883,0.041544,0.039571,0.051149,0.045721,0.05624,0.044755,0.051285,0.055465,0.038148,0.038037,0.051365,0.048214,0.051053,0.052225
0.047451,0.046719,0.037554,0.050413,0.050052,0.04953,0.05086,0.0488,0.05018,0.047238,0.038329,0.051981,0.040184,0.039548,0.046814,0.053981,0.051616,0.045927,0.043449,0.038498,0.053014,0.046114,0.044559,0.040456,0.053167,0.050289,0.055795,0.036821,0.043333,0.05001,0.051122,0.041934,0.048433,0.055372,0.047527,0.051245,0.047741,0.051255,0.049613,0.048513
0.046007,0.037257,0.037037,0.049449,0.037663,0.039125,0.038849,0.051233,0.048039,0.051033,0.050399,0.04777,0.051386,0.046148,0.036779,0.050271,0.054197,0.044429,0.054306,0.047121,0.047572,0.052856,0.048018,0.053673,0.048552,0.048507,0.050718,0.050557,0.043065,0.056481,0.050652,0.049875,0.048174,0.05076,0.043981,0.039413,0.05286,0.049556,0.05022,0.044235
0.043138,0.038308,0.037646,0.059529,0.045486,0.041872,0.037594,0.050277,0.050987,0.041595,0.039611,0.053158,0.049095,0.049972,0.049338,0.04811,0.036943,0.044802,0.036412,0.051123,0.050293,0.049643,0.05104,0.045446,0.054056,0.05015,0.052047,0.041879,0.039089,0.049193,0.048541,0.053518,0.043278,0.037207,0.050872,0.050902,0.050324,0.047286,0.051905,0.052543
