0.093752,0.049355,0.051459,0.05732,0.056343,0.055942,0.057443,0.054591,0.053399,0.046428,0.053194,0.052911,0.050643,0.048912,0.051008,0.046994,0.056255,0.045954,0.047291,0.046177,0.06069,0.051367,0.051899,0.047784,0.050509,0.055353,0.050194,0.047659,0.051916,0.050714,0.047237,0.051536,0.052716,0.047707,0.047711,0.056208,0.051991,0.048318,0.048096,0.045634
0.0328,0.032869,0.031526,0.033744,0.031894,0.033217,0.033086,0.03991,0.042543,0.034534,0.033042,0.033787,0.037639,0.031767,0.033657,0.033792,0.03977,0.032997,0.032391,0.036278,0.033939,0.032339,0.032016,0.032541,0.031402,0.035935,0.036296,0.038737,0.034257,0.037613,0.036098,0.031743,0.031542,0.033123,0.032528,0.037479,0.03332,0.033309,0.036335,0.033618
0.034372,0.042906,0.037216,0.029761,0.034062,0.028409,0.035553,0.028926,0.031235,0.039416,0.030665,0.035342,0.033033,0.029233,0.038584,0.028143,0.033278,0.03944,0.029707,0.035153,0.032986,0.028443,0.043806,0.030205,0.04214,0.045662,0.030142,0.028249,0.029451,0.040844,0.029546,0.03879,0.03016,0.028542,0.032933,0.038714,0.034257,0.02803,0.031395,0.03267
0.03628,0.035509,0.027391,0.042421,0.026867,0.034269,0.029769,0.042107,0.028088,0.031331,0.036087,0.02903,0.029233,0.026842,0.02939,0.04248,0.032676,0.027653,0.029379,0.038462,0.028007,0.033603,0.029002,0.027807,0.031808,0.028114,0.0329,0.033006,0.02921,0.027952,0.028894,0.041044,0.034411,0.028302,0.033288,0.030022,0.030309,0.033071,0.029661,0.028264
0.030962,0.026797,0.042622,0.036327,0.028384,0.02826,0.040072,0.026559,0.044029,0.035878,0.028611,0.031064,0.028632,0.032903,0.03115,0.035082,0.042409,0.045867,0.027925,0.03728,0.03742,0.026563,0.030342,0.042154,0.027261,0.038538,0.031345,0.026919,0.04333,0.027109,0.030877,0.041196,0.02837,0.036173,0.032142,0.034903,0.038328,0.028926,0.026896,0.031886
0.04145,0.028062,0.044157,0.035766,0.034705,0.027611,0.027134,0.031016,0.035565,0.028424,0.031325,0.027771,0.026474,0.029263,0.040988,0.027916,0.033063,0.043802,0.029845,0.029911,0.035644,0.034875,0.03029,0.028774,0.032258,0.038735,0.030044,0.044491,0.045195,0.027495,0.029645,0.029103,0.027811,0.028718,0.033167,0.028689,0.039478,0.042954,0.033024,0.029823
0.02907,0.031094,0.039954,0.025969,0.035704,0.036051,0.027468,0.033724,0.03299,0.041142,0.031175,0.027567,0.042451,0.032205,0.035231,0.026204,0.03797,0.027751,0.041078,0.035058,0.027011,0.029699,0.033976,0.031811,0.030192,0.029181,0.031006,0.029125,0.030823,0.042816,0.027959,0.034426,0.027663,0.043363,0.032762,0.026269,0.031383,0.034584,0.036677,0.026953
0.04126,0.027951,0.033351,0.039557,0.027021,0.029529,0.030644,0.025847,0.029425,0.041118,0.032569,0.026645,0.042996,0.029035,0.03046,0.029065,0.033045,0.040775,0.027415,0.040152,0.027827,0.029014,0.031438,0.025479,0.027109,0.04242,0.026904,0.040983,0.034053,0.029956,0.028199,0.03212,0.028782,0.026834,0.028621,0.033732,0.027609,0.037768,0.034869,0.040915
0.028792,0.034894,0.027661,0.039548,0.027554,0.034185,0.027911,0.026989,0.032707,0.042566,0.028852,0.026423,0.030982,0.033347,0.040114,0.031519,0.028824,0.038929,0.031885,0.028231,0.043731,0.027691,0.02882,0.038775,0.027752,0.031653,0.028864,0.026092,0.036381,0.027268,0.041984,0.026747,0.039574,0.028789,0.029378,0.036031,0.038846,0.03052,0.03078,0.043595
0.02683,0.032024,0.027852,0.039712,0.033754,0.026261,0.040849,0.025821,0.037077,0.04157,0.026376,0.038316,0.025429,0.033151,0.041023,0.031215,0.028013,0.039757,0.027719,0.031793,0.03229,0.027176,0.025702,0.029758,0.04133,0.028071,0.037065,0.036548,0.029341,0.028748,0.032544,0.030784,0.028485,0.026115,0.030499,0.033651,0.02721,0.027776,0.041871,0.037303
0.028023,0.026332,0.028315,0.046744,0.02757,0.026111,0.036744,0.036341,0.037646,0.04566,0.035968,0.025977,0.034714,0.031933,0.037703,0.036207,0.035504,0.026028,0.029332,0.039603,0.027706,0.034526,0.027565,0.027282,0.041245,0.041231,0.027966,0.040148,0.0274,0.033646,0.029132,0.026854,0.03051,0.026612,0.038797,0.029516,0.041085,0.032642,0.03191,0.028458
0.038302,0.027623,0.034101,0.040978,0.031782,0.026152,0.035767,0.032091,0.036748,0.028077,0.034479,0.027505,0.025865,0.029259,0.03927,0.038693,0.032709,0.02738,0.027424,0.038898,0.029956,0.04096,0.033861,0.026999,0.030813,0.039242,0.027651,0.038975,0.033092,0.029002,0.03177,0.031036,0.028017,0.02689,0.030779,0.034638,0.032124,0.034569,0.034063,0.039222
0.033999,0.02823,0.037084,0.031302,0.027757,0.039972,0.033779,0.033987,0.031922,0.02867,0.037316,0.041175,0.025867,0.027969,0.038713,0.027182,0.03932,0.026941,0.042259,0.02629,0.04256,0.027475,0.031759,0.028663,0.050135,0.041114,0.027415,0.032181,0.027749,0.026095,0.038031,0.027224,0.041741,0.025718,0.038255,0.030158,0.029413,0.031346,0.029371,0.025757
0.031013,0.030421,0.033749,0.041452,0.026744,0.039858,0.027059,0.041757,0.029296,0.029166,0.033033,0.040688,0.034527,0.039047,0.027191,0.02636,0.03823,0.034432,0.026972,0.040209,0.028816,0.030691,0.032345,0.030575,0.041504,0.02699,0.039802,0.026772,0.034013,0.034208,0.032132,0.028201,0.027617,0.03509,0.026488,0.035104,0.035796,0.033308,0.02857,0.039988
0.027895,0.036018,0.029758,0.037687,0.028568,0.026226,0.027034,0.035272,0.028627,0.039108,0.027444,0.032318,0.031067,0.025912,0.027963,0.033792,0.043542,0.032173,0.026546,0.041294,0.045372,0.039828,0.02685,0.049184,0.037788,0.025896,0.029925,0.04,0.027068,0.039743,0.027282,0.035009,0.027736,0.027594,0.031358,0.0275,0.040413,0.028112,0.044318,0.03069
0.029489,0.02792,0.039138,0.027032,0.039917,0.041164,0.044628,0.033286,0.03412,0.026057,0.032371,0.040911,0.027582,0.030828,0.029629,0.029232,0.026889,0.03411,0.030654,0.031898,0.031704,0.028007,0.025482,0.037144,0.027502,0.043997,0.026391,0.03546,0.02779,0.035846,0.030189,0.042524,0.027282,0.029431,0.028628,0.027622,0.027248,0.037737,0.029896,0.036456
0.030132,0.042202,0.031079,0.026687,0.043319,0.034896,0.026296,0.030061,0.038452,0.026384,0.034213,0.034614,0.033388,0.034183,0.035771,0.029956,0.032845,0.033654,0.02726,0.026508,0.028862,0.033053,0.027494,0.02698,0.027284,0.041304,0.027254,0.031198,0.027693,0.02645,0.029846,0.045822,0.026803,0.029244,0.042198,0.025899,0.033163,0.030163,0.031137,0.02625
0.034052,0.026225,0.034874,0.037859,0.027444,0.03962,0.026975,0.034191,0.03752,0.026064,0.041551,0.026246,0.040415,0.02698,0.033693,0.027349,0.026109,0.040637,0.033225,0.026657,0.040503,0.031489,0.031987,0.041573,0.039267,0.029476,0.032803,0.04013,0.034341,0.02798,0.034779,0.027419,0.042442,0.026985,0.039744,0.02662,0.037571,0.026456,0.042188,0.030787
0.025984,0.044419,0.033016,0.026586,0.034942,0.0359,0.032175,0.027972,0.046657,0.044958,0.030679,0.026651,0.040973,0.029387,0.034464,0.034221,0.02861,0.038379,0.029174,0.034402,0.029639,0.027607,0.025748,0.032109,0.031752,0.027349,0.02593,0.037425,0.028122,0.032559,0.027756,0.025264,0.035006,0.029265,0.041524,0.027023,0.038757,0.030894,0.02814,0.039954
0.027552,0.032106,0.033546,0.039933,0.026515,0.035125,0.041208,0.025768,0.036097,0.028948,0.035717,0.027676,0.042625,0.025945,0.031762,0.04087,0.026134,0.041648,0.02734,0.040897,0.028218,0.034437,0.029224,0.034795,0.027388,0.025743,0.026984,0.041429,0.027858,0.039421,0.026548,0.033191,0.02757,0.026452,0.026664,0.028325,0.025125,0.040716,0.026575,0.040447
0.026445,0.040145,0.028056,0.029934,0.032502,0.027188,0.025545,0.031099,0.033947,0.026969,0.027695,0.030196,0.039738,0.029804,0.028541,0.027641,0.033149,0.026824,0.039353,0.026511,0.033124,0.030241,0.028219,0.026754,0.028234,0.037183,0.030035,0.040001,0.033702,0.027288,0.039854,0.026519,0.034051,0.038666,0.026924,0.03228,0.031613,0.025262,0.032441,0.031162
0.033249,0.032319,0.030847,0.043224,0.033573,0.026265,0.03137,0.036852,0.028039,0.035235,0.030533,0.028752,0.03475,0.026665,0.030027,0.03611,0.04199,0.029067,0.028066,0.036833,0.027876,0.030995,0.038634,0.028531,0.037373,0.029133,0.031986,0.040917,0.026782,0.032367,0.028202,0.026596,0.028921,0.040325,0.027586,0.033035,0.027417,0.025332,0.041587,0.028129
0.037261,0.026404,0.036123,0.027557,0.038805,0.031087,0.030867,0.034652,0.036099,0.028664,0.032224,0.027864,0.026365,0.030686,0.033727,0.033736,0.027052,0.026336,0.028766,0.033717,0.027277,0.029379,0.030362,0.027419,0.038274,0.030843,0.038162,0.02692,0.037537,0.0327,0.030033,0.035788,0.027614,0.031643,0.029788,0.031561,0.029775,0.030442,0.035464,0.031077
0.035571,0.031554,0.044784,0.029571,0.042192,0.035502,0.031786,0.038837,0.026419,0.033897,0.027823,0.032498,0.028069,0.029256,0.042466,0.02546,0.038937,0.026012,0.044844,0.028635,0.031639,0.027017,0.042387,0.038194,0.027661,0.031405,0.028445,0.039775,0.029505,0.030616,0.033734,0.033494,0.027815,0.02607,0.034604,0.028366,0.040523,0.027008,0.043647,0.028677
0.027152,0.029783,0.029452,0.025435,0.037604,0.031647,0.029662,0.038873,0.027304,0.040786,0.032278,0.034841,0.036942,0.026493,0.032747,0.037455,0.02625,0.03645,0.027095,0.033951,0.046388,0.029915,0.034272,0.026231,0.035886,0.026718,0.031979,0.028767,0.025939,0.031965,0.04026,0.033788,0.03154,0.031743,0.027934,0.042481,0.027219,0.031179,0.031808,0.027801
0.025297,0.030925,0.030972,0.027554,0.031141,0.026778,0.039746,0.027275,0.042209,0.027988,0.029107,0.043604,0.025617,0.041477,0.026273,0.035572,0.02727,0.033985,0.027438,0.038109,0.038873,0.040901,0.026494,0.043382,0.043312,0.025855,0.043232,0.026833,0.042239,0.025632,0.032727,0.027731,0.044457,0.047946,0.027714,0.033896,0.030078,0.039415,0.027175,0.031402
0.028779,0.026495,0.028109,0.039345,0.039102,0.049031,0.027784,0.031856,0.029726,0.027887,0.025152,0.033655,0.028673,0.032032,0.026233,0.027528,0.031762,0.028048,0.02589,0.03245,0.038297,0.027004,0.039364,0.026648,0.0323,0.03134,0.025058,0.02711,0.034928,0.034712,0.036163,0.038168,0.034698,0.026855,0.030018,0.043114,0.025915,0.030347,0.037902,0.028342
0.032967,0.027902,0.026152,0.032585,0.028996,0.027879,0.025614,0.03536,0.030503,0.040539,0.029656,0.033485,0.033518,0.026997,0.041908,0.026242,0.031298,0.027288,0.027142,0.030112,0.032552,0.027005,0.030556,0.027875,0.041104,0.030842,0.038935,0.025969,0.037295,0.026794,0.038207,0.026406,0.039624,0.028137,0.040195,0.025822,0.039085,0.027609,0.034015,0.03755
0.029394,0.042297,0.025765,0.033463,0.039674,0.027138,0.046374,0.042495,0.03099,0.027848,0.030279,0.028197,0.026489,0.036817,0.026618,0.051398,0.039414,0.027119,0.039738,0.026218,0.041714,0.031075,0.025639,0.027905,0.026136,0.037254,0.032131,0.029781,0.032391,0.02746,0.025518,0.04439,0.042537,0.027439,0.041456,0.026625,0.036749,0.026032,0.032453,0.028154
0.025479,0.03768,0.025848,0.043209,0.028301,0.028783,0.027311,0.024708,0.044278,0.04557,0.02632,0.035365,0.030065,0.040832,0.039845,0.025288,0.041278,0.04753,0.025778,0.046085,0.044304,0.026268,0.03105,0.040161,0.026705,0.03286,0.027794,0.026898,0.031815,0.039098,0.026635,0.034904,0.029736,0.039566,0.027693,0.034353,0.03037,0.041218,0.027874,0.038152
0.027181,0.041006,0.0289,0.028104,0.02785,0.02546,0.03338,0.03111,0.027797,0.025441,0.030744,0.044141,0.031025,0.027112,0.030763,0.033059,0.031242,0.049165,0.025843,0.039792,0.033057,0.026197,0.027155,0.033863,0.028333,0.026454,0.03235,0.029312,0.027689,0.025818,0.038844,0.036016,0.027416,0.029654,0.040711,0.02623,0.040115,0.025432,0.03933,0.027997
0.042738,0.025757,0.029281,0.041646,0.027027,0.031578,0.026655,0.026154,0.039233,0.026772,0.031789,0.032357,0.026314,0.026322,0.033411,0.032034,0.02772,0.026035,0.02948,0.032147,0.028103,0.027485,0.028308,0.040361,0.027046,0.038321,0.040463,0.025395,0.029024,0.035877,0.045444,0.042058,0.027337,0.040781,0.029625,0.027566,0.027701,0.026987,0.031176,0.040137
0.034875,0.026888,0.03272,0.046722,0.027747,0.026555,0.030977,0.033845,0.032648,0.032891,0.027453,0.025939,0.029945,0.033046,0.027399,0.02493,0.035836,0.02566,0.035992,0.027621,0.026293,0.028311,0.034108,0.027737,0.032852,0.026813,0.036927,0.0272,0.038153,0.034768,0.026433,0.037958,0.027875,0.040228,0.031165,0.029077,0.035247,0.035471,0.0292,0.03446
0.028217,0.036282,0.029864,0.025727,0.026173,0.039904,0.028322,0.041838,0.032166,0.025807,0.044754,0.027922,0.03421,0.027967,0.042879,0.025392,0.035829,0.034083,0.033839,0.033267,0.027637,0.039668,0.027032,0.041689,0.025811,0.043006,0.033961,0.025502,0.029689,0.03348,0.027587,0.025166,0.033846,0.028472,0.026919,0.026317,0.036311,0.029712,0.041851,0.035334
0.025581,0.029926,0.032004,0.028598,0.025905,0.03153,0.037349,0.027499,0.030665,0.032012,0.026208,0.034461,0.028451,0.032006,0.040924,0.026325,0.046502,0.03633,0.03279,0.028036,0.031267,0.025566,0.030096,0.041887,0.049949,0.031895,0.025937,0.035656,0.027213,0.024554,0.033921,0.034731,0.030153,0.040369,0.025674,0.033489,0.039167,0.027561,0.033849,0.04172
0.024466,0.035966,0.037588,0.026552,0.031514,0.0342,0.039592,0.027715,0.041158,0.032469,0.031357,0.02718,0.042643,0.027126,0.034225,0.030892,0.041071,0.033992,0.030159,0.030543,0.028607,0.02876,0.025522,0.042751,0.029212,0.026634,0.031402,0.026838,0.025744,0.033143,0.038458,0.026983,0.03345,0.027871,0.032085,0.026135,0.034688,0.037147,0.029702,0.027958
0.031406,0.027677,0.034362,0.025959,0.031786,0.044218,0.045301,0.031774,0.02606,0.035076,0.040148,0.026565,0.040014,0.02738,0.032577,0.027559,0.025639,0.030049,0.036993,0.028428,0.045401,0.046685,0.029082,0.036676,0.032502,0.027154,0.042322,0.028855,0.034704,0.027124,0.033222,0.027718,0.026852,0.033135,0.027251,0.027376,0.026061,0.031688,0.042182,0.032714
0.033736,0.026426,0.045791,0.027726,0.026503,0.035352,0.038067,0.026949,0.032419,0.030473,0.037056,0.027293,0.026938,0.031951,0.041048,0.04015,0.03772,0.03406,0.033921,0.030858,0.027205,0.043598,0.032687,0.032049,0.026019,0.034955,0.043013,0.026759,0.028744,0.042348,0.026252,0.029797,0.032566,0.047363,0.028573,0.03433,0.02607,0.039886,0.026759,0.036655
0.029012,0.043513,0.025341,0.035024,0.028771,0.043113,0.035639,0.043594,0.02728,0.027836,0.026231,0.027893,0.039122,0.036767,0.034594,0.03463,0.026655,0.035969,0.029127,0.037909,0.031715,0.029982,0.038851,0.037008,0.033681,0.034062,0.028654,0.027692,0.048646,0.027813,0.02579,0.030356,0.039521,0.028861,0.033002,0.027822,0.025408,0.028506,0.034209,0.029619
0.043145,0.026334,0.03975,0.026909,0.04143,0.027026,0.041716,0.026653,0.033295,0.032253,0.030881,0.037812,0.026444,0.043625,0.026533,0.032555,0.027716,0.037629,0.043038,0.026511,0.031341,0.039698,0.027404,0.035016,0.0378,0.027456,0.040624,0.026434,0.033185,0.033782,0.042068,0.025121,0.029434,0.042228,0.026349,0.039658,0.02707,0.047256,0.045883,0.025875
