0.063831,0.062325,0.049359,0.058295,0.04766,0.046232,0.055405,0.042711,0.062645,0.059488,0.047372,0.05834,0.061629,0.051668,0.044526,0.063589,0.046015,0.044019,0.045487,0.055088,0.045584,0.053154,0.046549,0.054372,0.043431,0.045377,0.050295,0.045294,0.043709,0.053405,0.047018,0.050498,0.057269,0.045491,0.0461,0.05858,0.04557,0.056583,0.059784,0.046547
0.044175,0.051859,0.055165,0.042408,0.055555,0.049354,0.046186,0.042087,0.035813,0.048822,0.056662,0.050252,0.048377,0.049248,0.048789,0.055374,0.033902,0.051563,0.034127,0.034225,0.060728,0.051074,0.052042,0.045336,0.05556,0.047975,0.050232,0.047361,0.048914,0.048815,0.056842,0.050389,0.047989,0.048594,0.044709,0.052698,0.036387,0.045179,0.051354,0.056379
0.031763,0.044959,0.046516,0.055538,0.048511,0.047941,0.04988,0.049771,0.056765,0.046254,0.049649,0.048446,0.055168,0.04385,0.032329,0.032363,0.033154,0.036432,0.032806,0.033217,0.031401,0.032909,0.033065,0.032071,0.042777,0.051776,0.055523,0.05624,0.031851,0.051337,0.049437,0.046897,0.033644,0.051744,0.047336,0.033535,0.031035,0.03344,0.055771,0.050023
0.047568,0.049592,0.053612,0.031918,0.040683,0.040452,0.054932,0.048107,0.052092,0.036244,0.059614,0.048829,0.052406,0.05237,0.045109,0.054572,0.032377,0.030651,0.047542,0.035875,0.0544,0.031936,0.034008,0.042658,0.043325,0.03752,0.04151,0.036863,0.031856,0.031403,0.031095,0.030631,0.032071,0.044569,0.035852,0.036844,0.032036,0.059412,0.048717,0.050174
0.046774,0.05109,0.02936,0.055895,0.051964,0.049564,0.041836,0.049525,0.047744,0.056435,0.049472,0.048974,0.04792,0.045266,0.060003,0.048844,0.048982,0.046905,0.048624,0.049107,0.050559,0.055093,0.049579,0.045354,0.052153,0.031504,0.032341,0.041992,0.047391,0.04992,0.048713,0.04423,0.053302,0.033074,0.031549,0.040082,0.046492,0.057005,0.04226,0.044386
0.052603,0.035949,0.055346,0.030763,0.029708,0.033027,0.035451,0.039618,0.030559,0.032194,0.055246,0.035691,0.048643,0.047557,0.048849,0.02915,0.049713,0.052401,0.031169,0.049389,0.054219,0.04904,0.047954,0.047764,0.050168,0.04745,0.049412,0.055149,0.056082,0.045676,0.056497,0.047227,0.030832,0.050402,0.04903,0.048461,0.049403,0.04804,0.049155,0.055028
0.050325,0.048294,0.049346,0.048233,0.048688,0.061289,0.045436,0.047464,0.049178,0.04726,0.049092,0.056304,0.049386,0.054818,0.045191,0.052536,0.041579,0.056015,0.029534,0.029447,0.035099,0.051639,0.055631,0.043381,0.047791,0.049889,0.057173,0.042501,0.035308,0.052812,0.050194,0.031594,0.051435,0.055237,0.049099,0.030789,0.045919,0.055921,0.053599,0.044204
0.049074,0.049515,0.044577,0.058096,0.048261,0.050965,0.048227,0.048891,0.044414,0.051794,0.048838,0.056618,0.048705,0.047848,0.057073,0.030468,0.029675,0.050535,0.048483,0.046636,0.034772,0.033818,0.054302,0.031017,0.036184,0.054946,0.054762,0.059187,0.041559,0.056289,0.049414,0.031354,0.031774,0.032958,0.052706,0.054167,0.048092,0.048649,0.054513,0.029948
0.054008,0.043128,0.047581,0.055737,0.049835,0.049438,0.048095,0.048515,0.05734,0.046371,0.050677,0.049091,0.048421,0.050241,0.055089,0.029192,0.055371,0.047348,0.031058,0.029525,0.033668,0.05151,0.048847,0.048939,0.049717,0.03102,0.050718,0.050516,0.056032,0.04756,0.05658,0.048643,0.04914,0.055695,0.040335,0.050716,0.053288,0.043815,0.048528,0.048792
0.037544,0.041647,0.039885,0.030981,0.033791,0.054032,0.030151,0.031609,0.056548,0.049154,0.048554,0.04858,0.055667,0.049562,0.049403,0.048546,0.044084,0.054535,0.04753,0.053349,0.051198,0.055278,0.047936,0.050125,0.049301,0.029524,0.034862,0.047369,0.048463,0.045686,0.052079,0.036683,0.046022,0.05685,0.048861,0.0483,0.049565,0.047956,0.033469,0.034192
0.050712,0.048773,0.048528,0.0493,0.055728,0.049043,0.044745,0.05153,0.049646,0.049568,0.056566,0.048292,0.047432,0.040773,0.029377,0.05018,0.036337,0.035371,0.030098,0.029287,0.049101,0.048692,0.05562,0.050537,0.029009,0.046547,0.056944,0.04829,0.044057,0.059448,0.050003,0.04843,0.050114,0.047836,0.055123,0.049149,0.030206,0.054271,0.047722,0.042212
0.056571,0.048531,0.04898,0.048489,0.049203,0.031106,0.053166,0.031077,0.034077,0.047833,0.054252,0.047779,0.048681,0.056991,0.029755,0.0323,0.029732,0.037993,0.029484,0.039613,0.030265,0.031534,0.033788,0.032811,0.049519,0.054677,0.049736,0.033944,0.029772,0.031864,0.049668,0.048997,0.054951,0.064182,0.032226,0.031136,0.039164,0.050783,0.056117,0.036928
0.060043,0.040272,0.058862,0.029387,0.031116,0.056655,0.037271,0.045682,0.051105,0.047491,0.048802,0.049212,0.048518,0.04894,0.047468,0.036797,0.030893,0.052952,0.055613,0.047981,0.049524,0.048832,0.049101,0.048176,0.047178,0.05072,0.034308,0.051934,0.046919,0.055232,0.030463,0.031144,0.033265,0.033624,0.051712,0.054365,0.05316,0.046419,0.050249,0.060842
0.032588,0.033556,0.053855,0.049218,0.055495,0.048662,0.050475,0.047354,0.048699,0.031979,0.05099,0.045142,0.052859,0.048241,0.056529,0.049064,0.029137,0.055098,0.048844,0.050048,0.055174,0.046986,0.051373,0.047848,0.048156,0.048452,0.048327,0.057174,0.030182,0.044525,0.052651,0.05246,0.050774,0.036181,0.029839,0.029885,0.031674,0.051864,0.049153,0.036321
0.047811,0.031248,0.053585,0.029865,0.053667,0.02996,0.052951,0.048539,0.049082,0.048325,0.05757,0.054185,0.048381,0.043083,0.048046,0.055886,0.0499,0.02916,0.052882,0.050569,0.048319,0.04927,0.054849,0.042244,0.055946,0.029336,0.047318,0.055606,0.050454,0.046538,0.05133,0.033591,0.030123,0.051426,0.049973,0.03225,0.050921,0.054051,0.05179,0.029657
0.034484,0.04713,0.048776,0.056122,0.048425,0.049454,0.043962,0.052781,0.048831,0.048523,0.057503,0.047711,0.04917,0.051634,0.053814,0.046468,0.050843,0.05537,0.048542,0.042828,0.048353,0.032772,0.032865,0.033626,0.05645,0.041394,0.037485,0.03132,0.039296,0.043707,0.048583,0.042888,0.047702,0.049669,0.048897,0.047798,0.0491,0.048017,0.048455,0.057896
0.035654,0.046328,0.056264,0.044009,0.029794,0.032318,0.035298,0.029958,0.03693,0.030011,0.041893,0.029442,0.046566,0.047755,0.057498,0.057709,0.034985,0.054431,0.029486,0.039406,0.03111,0.052053,0.05535,0.048304,0.043008,0.048333,0.048423,0.057368,0.042333,0.054194,0.049253,0.049183,0.047372,0.057463,0.048145,0.048159,0.056257,0.049951,0.047683,0.050139
0.048306,0.048581,0.048666,0.031417,0.051365,0.048185,0.057691,0.047932,0.049827,0.046717,0.049251,0.047907,0.051254,0.036964,0.030246,0.038989,0.053143,0.043051,0.055068,0.029409,0.03016,0.051016,0.049954,0.046615,0.037063,0.031561,0.058994,0.049071,0.042474,0.054608,0.05107,0.048002,0.045278,0.051478,0.035234,0.047019,0.051787,0.031517,0.051128,0.032076
0.050898,0.049208,0.060233,0.029113,0.03055,0.046878,0.0483,0.05736,0.037449,0.029146,0.029256,0.030262,0.055536,0.054902,0.047419,0.051649,0.047955,0.048335,0.049201,0.04809,0.045841,0.053042,0.035485,0.047052,0.047047,0.059171,0.048667,0.044688,0.05171,0.046016,0.060506,0.054041,0.056197,0.055306,0.050083,0.048399,0.055497,0.04778,0.042864,0.055371
0.049011,0.049508,0.054845,0.042244,0.048447,0.050215,0.035324,0.054424,0.049904,0.048653,0.045049,0.057488,0.044537,0.053504,0.042918,0.055644,0.051175,0.051574,0.051096,0.048901,0.048214,0.049238,0.048785,0.055167,0.040182,0.057773,0.04972,0.055233,0.055821,0.048136,0.049441,0.056223,0.049707,0.048294,0.048498,0.048457,0.03673,0.054636,0.029686,0.053456
0.048955,0.048083,0.050641,0.048143,0.037625,0.052273,0.029887,0.060468,0.032505,0.052135,0.055736,0.04978,0.028855,0.030008,0.050659,0.051369,0.030691,0.058421,0.037862,0.040628,0.031077,0.031784,0.046712,0.038783,0.032281,0.055136,0.055428,0.0489,0.029815,0.047254,0.04792,0.03122,0.051702,0.032635,0.052753,0.05476,0.050209,0.028838,0.053979,0.049723
0.028564,0.031028,0.038503,0.029537,0.053458,0.055374,0.042412,0.048349,0.050154,0.052548,0.053371,0.046156,0.049823,0.046413,0.05041,0.036611,0.053346,0.050332,0.048473,0.049252,0.048406,0.047994,0.050851,0.035923,0.046312,0.050023,0.032372,0.032425,0.035478,0.052168,0.04794,0.048712,0.048974,0.052326,0.052394,0.036451,0.047735,0.055419,0.042415,0.04885
0.037504,0.052524,0.042398,0.050468,0.032216,0.050395,0.035179,0.028897,0.03755,0.051184,0.042883,0.037504,0.031506,0.039533,0.046528,0.052863,0.029779,0.055481,0.029534,0.03136,0.049496,0.056009,0.037092,0.046485,0.050109,0.04653,0.048306,0.050142,0.049983,0.034481,0.031342,0.034212,0.031228,0.056421,0.044088,0.05282,0.030955,0.052964,0.044835,0.041279
0.053782,0.040019,0.049662,0.049425,0.056028,0.048075,0.048975,0.049382,0.049392,0.048364,0.056385,0.028571,0.055202,0.028835,0.034773,0.047014,0.055205,0.056472,0.043331,0.047617,0.055661,0.048397,0.050922,0.049113,0.054517,0.048165,0.029633,0.037068,0.028794,0.028929,0.037293,0.031245,0.036357,0.050527,0.050111,0.047514,0.047572,0.03953,0.04444,0.056115
0.050595,0.028983,0.060487,0.032636,0.038164,0.030434,0.037599,0.048897,0.048894,0.048977,0.035507,0.047647,0.037391,0.0296,0.052076,0.036262,0.04808,0.047559,0.056237,0.048864,0.049702,0.048229,0.049605,0.054562,0.050616,0.048427,0.049008,0.04684,0.047504,0.050587,0.048765,0.034062,0.048568,0.057901,0.048684,0.050425,0.047624,0.04745,0.055005,0.041873
0.056958,0.030149,0.060157,0.05228,0.053711,0.032751,0.048848,0.038023,0.053464,0.04315,0.048196,0.056949,0.047737,0.049049,0.054125,0.043862,0.047755,0.058885,0.046659,0.048475,0.04761,0.0512,0.030096,0.05213,0.048251,0.057325,0.049467,0.048495,0.054987,0.043732,0.046694,0.053335,0.051343,0.050006,0.047948,0.046785,0.057119,0.0498,0.049364,0.047512
0.048958,0.046973,0.05771,0.049555,0.048782,0.047882,0.063786,0.034237,0.050038,0.049127,0.034697,0.034195,0.031165,0.034626,0.034173,0.054335,0.047939,0.049274,0.055867,0.048535,0.049324,0.048024,0.049383,0.054661,0.043103,0.046249,0.049546,0.057011,0.04895,0.0476,0.04981,0.036375,0.047964,0.055253,0.036316,0.030927,0.044897,0.047473,0.049393,0.055259
0.037352,0.040671,0.056093,0.048117,0.048757,0.047876,0.04847,0.049658,0.05721,0.047745,0.049872,0.047397,0.050551,0.047033,0.057461,0.029537,0.046259,0.05599,0.049077,0.044412,0.044784,0.028115,0.02887,0.030274,0.05242,0.049329,0.055785,0.050148,0.05542,0.048002,0.029313,0.063728,0.036376,0.053039,0.047856,0.049045,0.049459,0.047893,0.049272,0.047271
0.035331,0.048715,0.057682,0.04911,0.054329,0.042947,0.049212,0.04784,0.056247,0.028563,0.047105,0.057391,0.029024,0.054827,0.029348,0.035002,0.029916,0.031029,0.05503,0.048571,0.04875,0.055775,0.03324,0.028751,0.048942,0.050152,0.056336,0.048149,0.042441,0.049204,0.054887,0.040924,0.043018,0.043584,0.061411,0.047489,0.049698,0.049848,0.029346,0.036031
0.030833,0.034993,0.036539,0.047891,0.048726,0.047929,0.048665,0.050202,0.036174,0.046809,0.05602,0.049445,0.048459,0.047999,0.047391,0.054969,0.053485,0.053734,0.048196,0.043392,0.054606,0.041146,0.05684,0.048743,0.048311,0.048319,0.032211,0.052054,0.03171,0.050865,0.049935,0.048855,0.054035,0.051233,0.030953,0.030468,0.033097,0.052209,0.031336,0.051682
0.048,0.052536,0.05353,0.049172,0.047899,0.050029,0.031308,0.039416,0.030117,0.030543,0.032133,0.051414,0.055801,0.050061,0.04903,0.048425,0.048748,0.049775,0.054898,0.049779,0.047639,0.048731,0.048181,0.04968,0.055807,0.048885,0.056704,0.061514,0.042198,0.056856,0.029125,0.046608,0.055905,0.036467,0.048719,0.046938,0.056239,0.039615,0.049737,0.049803
0.058902,0.047104,0.048151,0.04805,0.047568,0.04979,0.05641,0.029518,0.055604,0.036911,0.028975,0.042419,0.050131,0.05683,0.048873,0.048132,0.048365,0.049095,0.049595,0.037402,0.053453,0.048416,0.048833,0.04749,0.049422,0.048989,0.053661,0.051552,0.049504,0.047753,0.029915,0.054842,0.054916,0.048787,0.041994,0.049203,0.056534,0.029877,0.052487,0.049457
0.048895,0.055326,0.029014,0.035884,0.029049,0.031157,0.032208,0.03473,0.031583,0.05448,0.057017,0.042412,0.046581,0.050917,0.055356,0.049094,0.047931,0.047365,0.049991,0.050946,0.054073,0.050812,0.049098,0.054101,0.041969,0.047673,0.056964,0.049211,0.047874,0.032773,0.051159,0.049611,0.055061,0.041641,0.048659,0.057809,0.048561,0.047636,0.049133,0.047838
0.054321,0.052096,0.053024,0.050134,0.04273,0.05562,0.049218,0.04915,0.047945,0.055347,0.041774,0.056557,0.048332,0.051548,0.052948,0.029462,0.048066,0.04938,0.056457,0.030016,0.053342,0.037533,0.033048,0.053389,0.049726,0.047942,0.056194,0.049433,0.055089,0.042325,0.054975,0.043878,0.05464,0.048685,0.048267,0.05672,0.048373,0.048728,0.049595,0.049386
0.054109,0.049296,0.048658,0.048311,0.056209,0.042889,0.057009,0.040111,0.030177,0.053134,0.049579,0.032595,0.031826,0.038858,0.057053,0.049729,0.061748,0.049205,0.048881,0.047579,0.048663,0.050035,0.048237,0.056387,0.029574,0.032533,0.048133,0.049716,0.055118,0.049999,0.035948,0.054068,0.052503,0.044486,0.028909,0.030326,0.040992,0.047689,0.048682,0.04482
0.058747,0.041938,0.048081,0.057191,0.049224,0.048771,0.048278,0.047977,0.056375,0.049565,0.048415,0.048085,0.048587,0.049999,0.032123,0.049584,0.055654,0.051451,0.028638,0.048581,0.035941,0.054024,0.048994,0.042974,0.050315,0.041294,0.028411,0.053475,0.029171,0.053841,0.048156,0.0469,0.05156,0.046691,0.03498,0.051315,0.031181,0.059348,0.048168,0.050623
0.028459,0.046811,0.035626,0.031043,0.057098,0.051078,0.049479,0.048413,0.048795,0.054193,0.049744,0.048383,0.049284,0.049008,0.049011,0.054218,0.043886,0.049642,0.03769,0.028981,0.032677,0.052385,0.048599,0.049175,0.055027,0.028868,0.046968,0.051661,0.055023,0.049556,0.047434,0.049594,0.046803,0.050552,0.056158,0.049417,0.055384,0.041172,0.03242,0.051149
0.048771,0.032775,0.039066,0.036411,0.028978,0.052231,0.05522,0.042403,0.048956,0.047528,0.049716,0.056012,0.029801,0.05294,0.049505,0.04855,0.048272,0.048888,0.056911,0.028581,0.048106,0.031471,0.051619,0.056115,0.049641,0.054504,0.044872,0.046261,0.035749,0.047944,0.048566,0.047168,0.058155,0.049608,0.049549,0.042989,0.060481,0.048464,0.041607,0.0559
0.05049,0.04443,0.048893,0.033239,0.03496,0.031197,0.057222,0.028728,0.031542,0.032179,0.037921,0.050214,0.048869,0.048227,0.049179,0.056999,0.028555,0.04653,0.056975,0.028382,0.055119,0.0295,0.054825,0.029876,0.045337,0.056831,0.049233,0.048533,0.048189,0.048852,0.033827,0.048272,0.037507,0.044179,0.052763,0.048061,0.057057,0.029038,0.054969,0.055507
0.03437,0.055651,0.049005,0.055987,0.055412,0.056024,0.048338,0.050305,0.035529,0.046703,0.056869,0.048988,0.047618,0.055777,0.042014,0.047776,0.055321,0.050349,0.049097,0.052458,0.044068,0.049547,0.056235,0.036224,0.046827,0.050159,0.036659,0.035109,0.027966,0.033603,0.037337,0.029805,0.050067,0.050021,0.046848,0.048925,0.048968,0.049843,0.055519,0.049089
