0.092152,0.073253,0.06941,0.076988,0.077079,0.075286,0.071404,0.083676,0.077417,0.075887,0.072711,0.069805,0.07731,0.072196,0.071541,0.067167,0.075951,0.079955,0.073746,0.073643,0.071006,0.07429,0.073404,0.070697,0.072609,0.082875,0.071929,0.068895,0.076841,0.070768,0.076171,0.07963,0.074219,0.075303,0.070817,0.075414,0.080394,0.075926,0.067742,0.085087
0.050084,0.046462,0.045137,0.049447,0.05308,0.044572,0.055023,0.052726,0.043162,0.047578,0.05416,0.045728,0.056423,0.045789,0.056763,0.051335,0.045472,0.056118,0.0494,0.046581,0.047221,0.051826,0.047772,0.053859,0.044752,0.048804,0.055049,0.055198,0.047949,0.044189,0.044098,0.058442,0.057781,0.046577,0.048732,0.044394,0.044987,0.054536,0.051475,0.043679
0.055653,0.050934,0.037124,0.053498,0.055119,0.04955,0.045971,0.051688,0.037623,0.049726,0.047243,0.051037,0.038273,0.042795,0.039311,0.039801,0.03675,0.037683,0.044369,0.052513,0.045844,0.05222,0.052639,0.04984,0.051442,0.047446,0.045278,0.03977,0.049855,0.038035,0.038638,0.038257,0.038714,0.041036,0.055467,0.048102,0.03934,0.042112,0.056451,0.050532
0.061738,0.046658,0.045656,0.047346,0.04165,0.0377,0.051043,0.042765,0.053854,0.050423,0.051666,0.045514,0.056654,0.045605,0.05169,0.049276,0.04661,0.050439,0.035459,0.0556,0.046721,0.036407,0.038353,0.052824,0.056499,0.047514,0.040143,0.046367,0.047707,0.046788,0.050051,0.037739,0.051072,0.039357,0.035012,0.054251,0.048409,0.055426,0.043677,0.053801
0.047824,0.036489,0.045033,0.035458,0.034484,0.063565,0.03599,0.035005,0.040094,0.056921,0.035487,0.048395,0.035972,0.045635,0.034624,0.035831,0.04595,0.052555,0.049269,0.052689,0.04924,0.047371,0.036108,0.04728,0.04176,0.036803,0.047209,0.050849,0.035779,0.049345,0.057566,0.049452,0.044504,0.035102,0.035739,0.04767,0.04113,0.04262,0.036245,0.040341
0.035222,0.043403,0.050521,0.05571,0.044929,0.042492,0.058491,0.034376,0.053822,0.033904,0.057027,0.045169,0.062242,0.055295,0.048803,0.055703,0.048122,0.035535,0.045241,0.041246,0.047887,0.04782,0.054549,0.056811,0.033754,0.034318,0.056321,0.043154,0.037374,0.03679,0.050572,0.049946,0.045533,0.04728,0.040228,0.038904,0.035383,0.033894,0.050271,0.045991
0.050894,0.033678,0.036708,0.054592,0.059912,0.059992,0.048129,0.049494,0.046845,0.033996,0.048434,0.061077,0.041338,0.050916,0.050544,0.034888,0.053734,0.040676,0.043558,0.051831,0.03445,0.057263,0.045473,0.052438,0.041134,0.035189,0.058461,0.039998,0.059337,0.035146,0.042188,0.046105,0.037182,0.044671,0.036688,0.040587,0.04149,0.042495,0.048067,0.039335
0.03928,0.052435,0.033202,0.050628,0.050437,0.032626,0.032611,0.052603,0.033548,0.033336,0.034192,0.033363,0.033732,0.047256,0.033483,0.039225,0.043803,0.032912,0.051774,0.033741,0.033466,0.034085,0.033297,0.03512,0.046895,0.039556,0.041205,0.033346,0.04636,0.057725,0.038279,0.045992,0.04751,0.032371,0.031739,0.054552,0.050072,0.047952,0.048698,0.049307
0.046625,0.059363,0.045416,0.033828,0.03381,0.03215,0.033259,0.033211,0.033834,0.033142,0.034233,0.037069,0.046292,0.034375,0.033077,0.04738,0.049604,0.051621,0.033312,0.03323,0.033967,0.041939,0.034219,0.052074,0.057468,0.04077,0.035012,0.033588,0.034352,0.049362,0.049311,0.037028,0.033898,0.032539,0.033046,0.052794,0.033099,0.04988,0.039092,0.039625
0.03304,0.048741,0.048448,0.042291,0.033076,0.045048,0.047375,0.056068,0.034769,0.03354,0.049156,0.040076,0.0506,0.057255,0.048975,0.04777,0.049572,0.055771,0.046753,0.034383,0.033643,0.034179,0.034313,0.037291,0.043235,0.056862,0.040208,0.032792,0.034208,0.034423,0.047722,0.056166,0.033425,0.033834,0.03336,0.04383,0.033277,0.033135,0.052276,0.04905
0.033685,0.049857,0.050204,0.042275,0.036941,0.059743,0.046121,0.037592,0.041124,0.048639,0.056693,0.032623,0.05103,0.033966,0.033196,0.050352,0.033519,0.033251,0.03329,0.033231,0.03421,0.032634,0.032908,0.032636,0.033102,0.033292,0.032704,0.038158,0.052264,0.037962,0.051401,0.031813,0.052968,0.046174,0.049262,0.057303,0.049206,0.055226,0.042285,0.056377
0.047225,0.032287,0.032969,0.054079,0.044935,0.044974,0.057346,0.032519,0.031701,0.031854,0.049072,0.049536,0.057369,0.033117,0.042139,0.055096,0.050549,0.049949,0.053,0.04308,0.054362,0.038399,0.042045,0.052517,0.032079,0.051382,0.049207,0.032469,0.043584,0.036684,0.048303,0.054586,0.032178,0.04315,0.049114,0.038819,0.053889,0.033374,0.050926,0.048889
0.032205,0.05129,0.03224,0.031668,0.047481,0.032451,0.043151,0.040207,0.034297,0.051148,0.056362,0.032738,0.033076,0.032059,0.03179,0.056529,0.04462,0.032302,0.051996,0.034522,0.033803,0.032852,0.032296,0.031393,0.052113,0.033224,0.032442,0.032427,0.046038,0.05816,0.032923,0.032958,0.034356,0.043117,0.051778,0.047187,0.05638,0.033067,0.03344,0.032984
0.041951,0.046641,0.03965,0.037719,0.032266,0.03215,0.041281,0.039311,0.031481,0.03222,0.034132,0.033969,0.033017,0.033631,0.032168,0.034492,0.033397,0.033035,0.039534,0.033693,0.039982,0.039072,0.030407,0.03923,0.033753,0.033104,0.04015,0.03705,0.035748,0.032222,0.033023,0.059213,0.042517,0.032514,0.034085,0.031585,0.033553,0.033277,0.034069,0.033798
0.041297,0.034553,0.033103,0.033527,0.033717,0.034127,0.037023,0.0394,0.033209,0.038056,0.033211,0.045029,0.033196,0.032041,0.030746,0.033883,0.039417,0.032565,0.033375,0.033805,0.032252,0.032244,0.032719,0.031433,0.0377,0.037717,0.043752,0.031908,0.033456,0.03249,0.042311,0.040503,0.043885,0.039388,0.030535,0.043145,0.04509,0.039511,0.044387,0.049627
0.0564,0.039998,0.032354,0.032133,0.042535,0.032213,0.03242,0.033778,0.042551,0.034944,0.034155,0.032344,0.038029,0.032482,0.033148,0.031929,0.032804,0.032856,0.032607,0.033808,0.031107,0.033695,0.038678,0.030851,0.032873,0.034788,0.031864,0.057394,0.042468,0.032993,0.033122,0.033358,0.032374,0.032831,0.032071,0.034273,0.034021,0.042538,0.046995,0.0324
0.03244,0.031076,0.038858,0.032859,0.033194,0.033403,0.032226,0.032142,0.032575,0.031781,0.031194,0.032188,0.032158,0.034129,0.034278,0.032804,0.032689,0.045094,0.045516,0.032144,0.037466,0.034075,0.044512,0.032376,0.031758,0.034618,0.031991,0.031591,0.033588,0.032792,0.032521,0.038206,0.031774,0.031496,0.03174,0.033591,0.033432,0.038853,0.039424,0.050119
0.045279,0.042622,0.046906,0.038177,0.050984,0.051845,0.054752,0.033173,0.039656,0.035406,0.032245,0.042942,0.037185,0.042482,0.034282,0.031796,0.032083,0.03098,0.031574,0.035145,0.032846,0.036612,0.038678,0.046185,0.032781,0.032927,0.031636,0.030905,0.033351,0.031924,0.034951,0.038739,0.034026,0.038581,0.043868,0.033701,0.032911,0.031941,0.033087,0.038914
0.047225,0.032797,0.038572,0.03921,0.039242,0.03966,0.040064,0.039312,0.032977,0.033762,0.047687,0.032833,0.032935,0.04607,0.031576,0.033626,0.033064,0.040221,0.037289,0.042166,0.031173,0.031969,0.033426,0.035,0.032265,0.035848,0.04272,0.036928,0.04678,0.049787,0.04359,0.031884,0.031972,0.031321,0.031308,0.042672,0.03949,0.035849,0.032215,0.032322
0.058625,0.032812,0.050985,0.032716,0.034789,0.033543,0.032796,0.032132,0.031466,0.040617,0.038329,0.048553,0.034197,0.032696,0.034007,0.032792,0.032594,0.039188,0.031455,0.031568,0.04245,0.044501,0.031629,0.030624,0.032806,0.032025,0.033222,0.038439,0.031125,0.033542,0.032043,0.042502,0.03996,0.032858,0.034084,0.033232,0.052524,0.032437,0.032131,0.034629
0.04754,0.056608,0.031289,0.031662,0.031811,0.033695,0.032137,0.035338,0.031336,0.043939,0.045199,0.031333,0.042766,0.040471,0.039528,0.045427,0.039947,0.044359,0.031193,0.031267,0.047092,0.039733,0.030907,0.030209,0.046204,0.045615,0.033099,0.039573,0.039135,0.032047,0.041701,0.032204,0.045526,0.031889,0.030479,0.031544,0.034159,0.041218,0.03257,0.037346
0.04599,0.031575,0.030622,0.031187,0.032373,0.034584,0.031573,0.038368,0.031038,0.032866,0.032787,0.03864,0.031856,0.031931,0.031518,0.031541,0.038461,0.031777,0.030886,0.031447,0.042115,0.033666,0.032461,0.031773,0.032525,0.033117,0.041976,0.048185,0.04446,0.03119,0.03599,0.031486,0.040731,0.041418,0.031579,0.033613,0.032969,0.031986,0.032813,0.034092
0.052369,0.047626,0.032851,0.036775,0.030921,0.033751,0.040238,0.032339,0.032003,0.031204,0.031771,0.054798,0.031969,0.031481,0.040537,0.042733,0.031642,0.032384,0.032686,0.033189,0.032136,0.034347,0.031635,0.041927,0.039681,0.040678,0.03092,0.031562,0.033415,0.033028,0.032896,0.034873,0.039208,0.032645,0.032416,0.032867,0.030914,0.031953,0.032716,0.037293
0.041784,0.039202,0.037757,0.031735,0.051907,0.031735,0.030811,0.042681,0.043698,0.032053,0.031934,0.030935,0.031424,0.038708,0.03538,0.031543,0.031269,0.033228,0.035411,0.03305,0.041291,0.040737,0.03258,0.040856,0.038422,0.039254,0.032062,0.031787,0.033431,0.043004,0.044023,0.03071,0.033354,0.038007,0.032367,0.039237,0.046117,0.032392,0.031245,0.036601
0.031972,0.031889,0.031379,0.032102,0.043989,0.043199,0.035609,0.032452,0.037761,0.045646,0.031846,0.030521,0.031834,0.031135,0.038875,0.032269,0.036355,0.033041,0.03165,0.030948,0.03169,0.050135,0.031974,0.035453,0.032241,0.03153,0.034977,0.031888,0.034723,0.032134,0.033579,0.034431,0.03357,0.033036,0.032672,0.034959,0.032622,0.040289,0.032641,0.031171
0.029392,0.030576,0.043731,0.03262,0.031973,0.032085,0.030803,0.032711,0.031818,0.031251,0.035615,0.032027,0.031975,0.034095,0.03963,0.031467,0.031215,0.036253,0.033544,0.031342,0.03122,0.032465,0.033541,0.038121,0.030329,0.040555,0.049119,0.032846,0.031445,0.03247,0.033018,0.032129,0.037524,0.040617,0.040687,0.03244,0.031667,0.031464,0.032424,0.033223
0.033947,0.032127,0.033235,0.032924,0.040175,0.037587,0.044398,0.029972,0.032074,0.036633,0.036867,0.03179,0.03206,0.032557,0.032772,0.033112,0.040052,0.032994,0.033977,0.035006,0.033493,0.033996,0.036171,0.042641,0.032393,0.042758,0.034048,0.033973,0.033188,0.034456,0.032572,0.03613,0.037236,0.036485,0.036154,0.039971,0.032565,0.032656,0.030496,0.055356
0.035478,0.036761,0.045835,0.032637,0.050892,0.04789,0.031264,0.032289,0.031562,0.037367,0.05629,0.044841,0.031839,0.031254,0.041324,0.032628,0.033377,0.033101,0.03278,0.033109,0.031367,0.040152,0.044387,0.030926,0.031251,0.032112,0.031609,0.040192,0.031757,0.031173,0.030224,0.03265,0.039036,0.032161,0.029593,0.040017,0.030975,0.036387,0.031495,0.030535
0.030844,0.034992,0.037675,0.032919,0.032842,0.032794,0.033072,0.03303,0.031854,0.031842,0.032756,0.050243,0.036481,0.032125,0.032046,0.032324,0.049721,0.043061,0.048043,0.03206,0.031494,0.031099,0.030994,0.039577,0.031295,0.030997,0.039866,0.033082,0.032033,0.033157,0.032747,0.031932,0.032751,0.033511,0.047083,0.056225,0.032531,0.032952,0.031796,0.031512
0.033397,0.04253,0.043142,0.031456,0.031408,0.032767,0.032262,0.031887,0.060597,0.032777,0.032075,0.032967,0.032526,0.032954,0.032063,0.041234,0.039832,0.058591,0.04604,0.031795,0.035937,0.031342,0.032771,0.039799,0.043752,0.031806,0.040905,0.043093,0.035271,0.031365,0.030758,0.031813,0.035884,0.044265,0.062065,0.032614,0.033547,0.031904,0.032563,0.033146
0.032006,0.032789,0.031126,0.031089,0.032961,0.033487,0.03346,0.036314,0.033391,0.041886,0.042727,0.031844,0.037996,0.047482,0.032726,0.031774,0.032075,0.031943,0.031989,0.037796,0.031211,0.036454,0.042608,0.035089,0.035543,0.03163,0.033793,0.037604,0.037071,0.032431,0.034103,0.032805,0.034127,0.033685,0.032193,0.038512,0.045168,0.032876,0.032486,0.032443
0.032223,0.031897,0.030404,0.038176,0.032841,0.031606,0.031414,0.038203,0.031972,0.030569,0.054007,0.032096,0.031816,0.032288,0.031659,0.034014,0.041404,0.037443,0.033639,0.038215,0.040232,0.03369,0.043101,0.039747,0.032862,0.039877,0.034205,0.038242,0.032465,0.03121,0.047346,0.039095,0.032278,0.031983,0.032074,0.051884,0.03135,0.034506,0.032796,0.033336
0.033076,0.031804,0.039418,0.031835,0.031471,0.032185,0.033372,0.033082,0.037273,0.031489,0.032244,0.035942,0.033314,0.035163,0.031432,0.03039,0.031881,0.037018,0.033526,0.031516,0.031388,0.033393,0.032788,0.039286,0.030852,0.030375,0.032912,0.038245,0.031943,0.030679,0.037023,0.031296,0.033411,0.0321,0.032913,0.034454,0.03121,0.041576,0.031453,0.03201
0.042946,0.036301,0.039085,0.032762,0.032971,0.031784,0.03195,0.031399,0.034373,0.03274,0.033807,0.033329,0.033932,0.034339,0.042753,0.03698,0.034455,0.033713,0.03308,0.032263,0.039286,0.031544,0.031441,0.032217,0.033277,0.031837,0.037022,0.037212,0.036043,0.033466,0.033039,0.031617,0.032793,0.031713,0.037912,0.03991,0.038418,0.035981,0.034378,0.031508
0.033134,0.033233,0.032807,0.032851,0.033583,0.032444,0.032931,0.032787,0.033407,0.033134,0.040352,0.034677,0.034894,0.034522,0.035482,0.035797,0.041131,0.038257,0.035263,0.045284,0.035617,0.039756,0.03269,0.032009,0.03274,0.032813,0.033621,0.032308,0.033509,0.033559,0.03981,0.032841,0.033564,0.033075,0.032466,0.03263,0.035588,0.045059,0.041142,0.034737
0.032895,0.03268,0.040595,0.042625,0.032531,0.032357,0.038111,0.049252,0.035201,0.035454,0.033289,0.034555,0.034525,0.033422,0.035946,0.03455,0.033727,0.034437,0.033411,0.032269,0.033935,0.032635,0.033229,0.033859,0.034036,0.033678,0.033539,0.033238,0.032741,0.032793,0.032682,0.039557,0.034506,0.033552,0.037019,0.038291,0.035237,0.033939,0.033653,0.032651
0.03454,0.032531,0.033976,0.040819,0.044992,0.033224,0.034092,0.033229,0.034225,0.035182,0.039734,0.03843,0.035631,0.033543,0.033735,0.035351,0.033642,0.033645,0.035783,0.040886,0.033278,0.032567,0.033481,0.03406,0.032491,0.033361,0.034527,0.033158,0.034426,0.033582,0.03367,0.040402,0.040346,0.033835,0.034699,0.034401,0.036782,0.03564,0.036329,0.034622
0.034889,0.033234,0.033361,0.033007,0.032403,0.035025,0.035748,0.035173,0.03295,0.034115,0.041831,0.034349,0.032807,0.034136,0.033669,0.036923,0.034313,0.035024,0.043709,0.03331,0.035202,0.03252,0.032736,0.03229,0.031834,0.042701,0.03485,0.036143,0.033999,0.038006,0.03401,0.033519,0.032815,0.033857,0.03516,0.034818,0.040565,0.039313,0.033287,0.03238
0.042951,0.035233,0.036127,0.038689,0.034218,0.032664,0.033841,0.032716,0.033555,0.039557,0.034582,0.032309,0.040027,0.031084,0.031422,0.038362,0.031046,0.030786,0.032055,0.038843,0.03574,0.037855,0.045661,0.03355,0.033282,0.032335,0.032966,0.032831,0.033755,0.033971,0.032589,0.036634,0.03554,0.034995,0.034501,0.035163,0.033824,0.034141,0.032269,0.033185
0.040545,0.032955,0.043501,0.037985,0.032825,0.033007,0.033705,0.034627,0.036143,0.038442,0.034479,0.035049,0.042818,0.032295,0.033751,0.034476,0.032144,0.032091,0.032819,0.037232,0.034286,0.039025,0.035464,0.034323,0.034647,0.033062,0.035563,0.031891,0.031784,0.043885,0.038219,0.032571,0.034538,0.032495,0.033903,0.032411,0.038945,0.033198,0.033295,0.041085
