0.064111,0.035464,0.038397,0.046594,0.035112,0.037224,0.032645,0.037051,0.037443,0.035821,0.03282,0.038485,0.032943,0.033277,0.034313,0.0312,0.032457,0.032522,0.033738,0.03577,0.033478,0.033579,0.037045,0.033259,0.038841,0.043545,0.033667,0.037065,0.031711,0.035909,0.04422,0.040662,0.031232,0.032465,0.03309,0.031307,0.039036,0.039466,0.033137,0.033531
0.020879,0.035949,0.032428,0.032826,0.021308,0.033898,0.0216,0.034369,0.021546,0.034836,0.034002,0.027794,0.023084,0.029465,0.020443,0.03009,0.035541,0.025139,0.022481,0.031868,0.035151,0.033992,0.021626,0.025695,0.039031,0.024776,0.03546,0.021411,0.030545,0.031003,0.038856,0.024616,0.034779,0.035265,0.034346,0.021777,0.027717,0.022051,0.023462,0.02286
0.019173,0.018789,0.026692,0.025175,0.019945,0.041721,0.032877,0.03088,0.034289,0.0188,0.03065,0.035778,0.030598,0.031496,0.03468,0.034453,0.027196,0.040669,0.02895,0.0352,0.034138,0.036504,0.028805,0.019066,0.026801,0.043353,0.025481,0.038499,0.030153,0.019809,0.033013,0.019206,0.029502,0.023751,0.026476,0.019675,0.024219,0.01864,0.033796,0.019108
0.029194,0.018043,0.037438,0.017848,0.03089,0.025813,0.020118,0.037593,0.020911,0.025727,0.016688,0.025216,0.030561,0.027532,0.024067,0.029798,0.020727,0.025757,0.016748,0.017717,0.033256,0.017838,0.036894,0.03155,0.033581,0.035734,0.031859,0.03855,0.026216,0.034838,0.030621,0.03699,0.025172,0.040501,0.035754,0.024635,0.035737,0.035124,0.018773,0.030178
0.039565,0.028912,0.017553,0.029354,0.017094,0.033478,0.022961,0.038988,0.017713,0.038154,0.017446,0.032691,0.017714,0.029718,0.035821,0.035093,0.033131,0.029205,0.023014,0.045856,0.026439,0.036625,0.017915,0.031126,0.035842,0.039794,0.028331,0.028235,0.034353,0.036677,0.018465,0.036592,0.025252,0.017512,0.017692,0.017573,0.025708,0.042121,0.028814,0.032639
0.030558,0.040193,0.023965,0.026862,0.034068,0.03361,0.035637,0.035149,0.028517,0.034654,0.017351,0.031049,0.034948,0.030048,0.032953,0.034584,0.034901,0.035496,0.018587,0.04252,0.038564,0.035113,0.024688,0.03417,0.03627,0.034866,0.033731,0.028801,0.019063,0.035985,0.035864,0.027729,0.035213,0.034787,0.033564,0.030521,0.032199,0.03578,0.033496,0.024838
0.038313,0.036377,0.033484,0.041853,0.021859,0.02299,0.025396,0.035524,0.034248,0.034436,0.028105,0.034842,0.041056,0.02804,0.030319,0.041436,0.03086,0.01747,0.024288,0.031898,0.020696,0.034461,0.034799,0.035301,0.032949,0.02869,0.035499,0.03581,0.034709,0.027086,0.034714,0.036502,0.034925,0.017877,0.030564,0.023881,0.037224,0.034714,0.035282,0.036284
0.032927,0.027905,0.038003,0.039449,0.028089,0.035714,0.032727,0.036214,0.025687,0.037445,0.033864,0.0351,0.035049,0.029782,0.028442,0.033084,0.041316,0.02666,0.029105,0.042429,0.032059,0.031376,0.034202,0.034225,0.035471,0.031993,0.030938,0.027572,0.041457,0.028791,0.035088,0.01729,0.037071,0.029126,0.033558,0.028334,0.034521,0.016174,0.040395,0.028032
0.016833,0.038461,0.019389,0.04342,0.035268,0.033953,0.019452,0.021608,0.0366,0.041903,0.017679,0.044946,0.016495,0.032815,0.017132,0.030465,0.017058,0.028771,0.026366,0.02757,0.016355,0.032248,0.02183,0.032256,0.017439,0.032585,0.033728,0.029268,0.034247,0.035099,0.034979,0.028433,0.033703,0.035779,0.03535,0.022776,0.037114,0.036428,0.040949,0.028252
0.028185,0.032865,0.043631,0.017424,0.037508,0.03564,0.035428,0.035042,0.034247,0.024156,0.027461,0.033475,0.033188,0.029181,0.041472,0.02643,0.035768,0.035755,0.025707,0.024529,0.025887,0.034357,0.036441,0.016479,0.031483,0.017293,0.03212,0.033671,0.042356,0.028579,0.032192,0.02982,0.036102,0.033746,0.035205,0.028409,0.034891,0.035702,0.034629,0.031653
0.029734,0.015876,0.040216,0.03363,0.02871,0.034493,0.027911,0.035626,0.035544,0.033657,0.036063,0.032114,0.029707,0.035395,0.026046,0.031995,0.034719,0.039038,0.036252,0.026564,0.035913,0.032462,0.037618,0.033951,0.028856,0.035095,0.040642,0.025573,0.019039,0.032716,0.035297,0.028151,0.041201,0.028415,0.023177,0.045806,0.034229,0.035202,0.016582,0.038814
0.042825,0.031926,0.0306,0.022844,0.045833,0.028264,0.035285,0.017664,0.038046,0.034013,0.029207,0.016732,0.032792,0.016531,0.015953,0.024268,0.039345,0.035934,0.034686,0.016531,0.03878,0.027109,0.036892,0.033077,0.029103,0.041185,0.027929,0.032688,0.031132,0.016438,0.039263,0.023278,0.039326,0.018341,0.03693,0.03451,0.02869,0.034098,0.029156,0.028221
0.020126,0.034327,0.04125,0.020643,0.03532,0.023708,0.033152,0.033622,0.029288,0.041191,0.017044,0.021267,0.02647,0.024986,0.016519,0.016837,0.026325,0.02821,0.016749,0.036234,0.023815,0.018281,0.01697,0.017692,0.017726,0.017169,0.017107,0.025827,0.017668,0.024759,0.017451,0.016364,0.016657,0.021105,0.022491,0.036107,0.01576,0.032195,0.036149,0.016273
0.032341,0.034886,0.041706,0.027593,0.028707,0.02856,0.021599,0.039956,0.023889,0.046258,0.025952,0.029485,0.034746,0.017996,0.032067,0.022082,0.032425,0.036314,0.026036,0.036732,0.033864,0.017268,0.016446,0.016458,0.016472,0.016112,0.016638,0.01608,0.020715,0.02426,0.016385,0.038542,0.015638,0.041013,0.027535,0.035735,0.034767,0.032742,0.030908,0.034828
0.025798,0.033707,0.016017,0.024235,0.031473,0.028809,0.033769,0.017526,0.02874,0.044471,0.03438,0.018465,0.022696,0.037452,0.02277,0.026958,0.033941,0.035298,0.02565,0.036328,0.040571,0.028833,0.035207,0.028392,0.034002,0.016689,0.032846,0.028385,0.016939,0.03605,0.03652,0.023186,0.028257,0.033196,0.034479,0.029496,0.021845,0.033563,0.027464,0.034641
0.034665,0.022374,0.038422,0.034706,0.034678,0.036839,0.01601,0.032438,0.023372,0.045686,0.027637,0.035486,0.033048,0.037782,0.023682,0.037171,0.042164,0.037402,0.026546,0.027933,0.033634,0.035865,0.034797,0.034157,0.028797,0.035775,0.022438,0.046321,0.03465,0.027494,0.042207,0.027736,0.035678,0.028185,0.034239,0.034784,0.035559,0.027757,0.017316,0.031312
0.034506,0.034166,0.023966,0.033584,0.031421,0.030555,0.027223,0.017924,0.037785,0.023969,0.038711,0.026112,0.02095,0.037157,0.035261,0.035948,0.017594,0.036173,0.020051,0.018352,0.039117,0.035174,0.027991,0.034253,0.03508,0.035287,0.016178,0.032836,0.017209,0.031819,0.024944,0.021344,0.036959,0.016153,0.032928,0.022413,0.03071,0.030511,0.035489,0.022611
0.025844,0.021441,0.015468,0.022128,0.021574,0.037937,0.027011,0.023029,0.03322,0.034936,0.028484,0.041143,0.023284,0.040403,0.026385,0.020804,0.036025,0.025341,0.036586,0.042156,0.02579,0.015138,0.035501,0.015675,0.033834,0.016488,0.031797,0.034537,0.035961,0.023029,0.0264,0.020231,0.0162,0.015957,0.015927,0.016056,0.032307,0.023361,0.027167,0.034773
0.032875,0.028827,0.041903,0.027819,0.035495,0.03388,0.035021,0.031569,0.032574,0.034176,0.027574,0.035632,0.034677,0.034012,0.033099,0.037375,0.028359,0.034301,0.034557,0.01644,0.023027,0.025529,0.033166,0.026849,0.017998,0.037616,0.03625,0.027121,0.024294,0.027389,0.032534,0.035365,0.016604,0.032704,0.01608,0.032601,0.021651,0.034058,0.016401,0.032299
0.026415,0.035051,0.01535,0.032049,0.036963,0.0351,0.015774,0.03213,0.017086,0.032405,0.02372,0.02704,0.039658,0.029151,0.034682,0.026293,0.035674,0.03454,0.036101,0.034173,0.035139,0.028509,0.03511,0.034423,0.016196,0.038642,0.026702,0.036467,0.02765,0.035013,0.036194,0.026485,0.021793,0.034542,0.033778,0.028674,0.017627,0.039073,0.027049,0.035111
0.035052,0.027468,0.035268,0.0414,0.017558,0.031969,0.023845,0.02517,0.026858,0.034632,0.01554,0.034244,0.034423,0.034832,0.01647,0.032756,0.02336,0.045375,0.028982,0.034162,0.035975,0.024989,0.026776,0.031563,0.034707,0.028125,0.035208,0.022637,0.027435,0.016261,0.031143,0.015171,0.038894,0.016388,0.033903,0.03313,0.029753,0.035055,0.03482,0.016755
0.038167,0.029015,0.028102,0.032886,0.035268,0.039396,0.031109,0.034675,0.027433,0.036054,0.034397,0.035451,0.026952,0.042193,0.028159,0.041108,0.022667,0.034127,0.034624,0.03488,0.035019,0.03357,0.028366,0.035663,0.033944,0.026785,0.036354,0.015585,0.032009,0.023532,0.032457,0.027952,0.035475,0.036087,0.034531,0.027907,0.029582,0.040114,0.035361,0.035121
0.033422,0.01652,0.030564,0.015398,0.01528,0.022629,0.016186,0.015954,0.028212,0.017256,0.031534,0.022591,0.02413,0.020874,0.037729,0.023555,0.021661,0.038608,0.034554,0.016383,0.023868,0.023129,0.022039,0.022586,0.017245,0.041288,0.029589,0.022873,0.025274,0.034684,0.01527,0.033062,0.023941,0.032859,0.034069,0.028368,0.034276,0.028254,0.030287,0.045315
0.02105,0.027635,0.028424,0.022772,0.030185,0.015289,0.029684,0.023458,0.030713,0.037417,0.028176,0.03424,0.026197,0.03545,0.040952,0.03021,0.035236,0.033707,0.028228,0.035447,0.040613,0.017259,0.026692,0.016196,0.016251,0.016024,0.023068,0.026366,0.015898,0.032228,0.015874,0.039071,0.02315,0.019731,0.016834,0.034062,0.016737,0.035461,0.035928,0.033778
0.035906,0.027876,0.041319,0.027104,0.036117,0.035068,0.02688,0.035937,0.034389,0.034638,0.034468,0.016785,0.025155,0.017571,0.03869,0.02727,0.034976,0.0421,0.028661,0.03494,0.034121,0.028735,0.035026,0.035129,0.027049,0.03356,0.036008,0.034631,0.034576,0.031354,0.033158,0.015827,0.032277,0.035538,0.034156,0.027087,0.03003,0.024065,0.029592,0.034713
0.016992,0.039226,0.028708,0.035022,0.02836,0.017251,0.036902,0.033253,0.029362,0.01902,0.038014,0.033229,0.025185,0.038997,0.035086,0.026701,0.035198,0.015589,0.032595,0.034933,0.033925,0.037006,0.034722,0.028367,0.04032,0.029684,0.034558,0.027289,0.03461,0.03486,0.036566,0.034711,0.032799,0.028512,0.036069,0.033766,0.028014,0.034582,0.03503,0.036469
0.022325,0.027228,0.033617,0.033839,0.028752,0.035035,0.034806,0.034749,0.027765,0.033176,0.023974,0.024649,0.042696,0.029261,0.035885,0.015773,0.032051,0.035177,0.026954,0.03337,0.036577,0.03505,0.02778,0.035315,0.015769,0.032068,0.02373,0.03305,0.033747,0.028574,0.034217,0.035663,0.03112,0.031882,0.034282,0.036004,0.034506,0.040393,0.022432,0.022992
0.024618,0.03636,0.034249,0.016123,0.032672,0.022874,0.026127,0.015286,0.032838,0.029598,0.019283,0.041065,0.035646,0.02863,0.035691,0.02213,0.022889,0.038464,0.025686,0.042892,0.028367,0.035883,0.034378,0.023478,0.03803,0.033992,0.033785,0.030149,0.03479,0.042362,0.026883,0.03561,0.026467,0.042366,0.0288,0.035241,0.03368,0.029307,0.041282,0.028836
0.034096,0.028605,0.034401,0.035355,0.034118,0.027887,0.034869,0.041126,0.028272,0.029122,0.033436,0.030303,0.039875,0.035993,0.02678,0.034255,0.035558,0.035972,0.026886,0.035748,0.03397,0.015765,0.03323,0.035355,0.035004,0.022762,0.032741,0.025208,0.036213,0.016379,0.033804,0.022919,0.038439,0.034795,0.036286,0.034282,0.035815,0.028407,0.023191,0.032179
0.029585,0.021538,0.025939,0.018278,0.029555,0.029826,0.040151,0.015595,0.032405,0.036347,0.034742,0.018973,0.029757,0.034831,0.034845,0.026625,0.03539,0.014845,0.039804,0.029544,0.035951,0.034458,0.027811,0.022111,0.025414,0.035344,0.035874,0.023249,0.045721,0.034634,0.034659,0.029065,0.035233,0.033365,0.029653,0.022182,0.032621,0.016941,0.030938,0.036367
0.031636,0.031246,0.015699,0.033021,0.034511,0.034241,0.028536,0.035062,0.041218,0.028315,0.033948,0.028703,0.01632,0.03915,0.023577,0.039428,0.034033,0.01807,0.032173,0.03487,0.027486,0.028755,0.020179,0.041566,0.025538,0.036931,0.036056,0.034026,0.027747,0.023147,0.031458,0.029037,0.035087,0.023682,0.029534,0.016199,0.017508,0.031452,0.023639,0.024443
0.024703,0.026225,0.016869,0.016591,0.015884,0.022849,0.024752,0.022758,0.016059,0.016142,0.035225,0.016515,0.030883,0.029455,0.016977,0.031702,0.035754,0.033582,0.023345,0.024002,0.036815,0.035805,0.026986,0.034429,0.042092,0.028605,0.035173,0.034704,0.026898,0.035641,0.036986,0.031398,0.01619,0.034455,0.023664,0.03798,0.034721,0.035827,0.03449,0.03539
0.028059,0.034959,0.034037,0.035537,0.031838,0.03135,0.035078,0.016398,0.031721,0.034799,0.03428,0.017381,0.031382,0.02397,0.02122,0.016627,0.036122,0.023787,0.026642,0.033968,0.035618,0.01645,0.031593,0.033977,0.034935,0.016183,0.03355,0.027759,0.033269,0.017374,0.04,0.032946,0.029785,0.035676,0.034496,0.027185,0.034995,0.035045,0.027661,0.034954
0.034803,0.015662,0.03166,0.03669,0.034322,0.03492,0.027191,0.035614,0.023783,0.025438,0.035542,0.034821,0.034838,0.027133,0.028352,0.028088,0.027812,0.035164,0.034852,0.035089,0.017461,0.031063,0.035601,0.033866,0.027577,0.034852,0.035941,0.033024,0.029168,0.034688,0.015904,0.033097,0.022534,0.031384,0.029182,0.035528,0.034517,0.035179,0.033685,0.02886
0.035078,0.03501,0.023865,0.026061,0.033102,0.028492,0.034387,0.03496,0.034918,0.035461,0.023567,0.025736,0.016952,0.028112,0.015472,0.036132,0.016334,0.032882,0.035109,0.034649,0.02862,0.040042,0.029394,0.035258,0.033163,0.028308,0.041832,0.028566,0.035377,0.034373,0.02761,0.040698,0.034768,0.01967,0.03704,0.041562,0.025389,0.037467,0.034952,0.024612
0.025229,0.015722,0.015816,0.028297,0.015695,0.033659,0.016209,0.033154,0.019148,0.037333,0.02803,0.033826,0.034246,0.036728,0.028233,0.033912,0.035168,0.036113,0.027373,0.041377,0.028325,0.041046,0.03466,0.029394,0.033956,0.034612,0.02953,0.032587,0.029321,0.028684,0.027465,0.028534,0.034347,0.023528,0.027441,0.01537,0.030283,0.017182,0.016645,0.031058
0.023415,0.039709,0.023826,0.037254,0.035289,0.028053,0.034539,0.016661,0.031765,0.03466,0.035451,0.034425,0.035244,0.023604,0.039208,0.022591,0.029403,0.016253,0.028984,0.034663,0.035937,0.034725,0.033035,0.028397,0.035599,0.023354,0.025844,0.034088,0.03492,0.02402,0.045238,0.028582,0.035822,0.034549,0.033723,0.035572,0.029198,0.015688,0.038935,0.026679
0.036778,0.03394,0.027347,0.033696,0.036929,0.028519,0.033341,0.03654,0.035347,0.016012,0.032141,0.035531,0.024431,0.03347,0.032924,0.040533,0.034739,0.035084,0.034663,0.026475,0.036727,0.034903,0.018313,0.028811,0.036265,0.027839,0.035472,0.041512,0.025096,0.037701,0.027423,0.035656,0.035334,0.026768,0.035371,0.033909,0.016069,0.031256,0.015713,0.035594
0.023081,0.016254,0.016035,0.026351,0.015833,0.034486,0.015668,0.040833,0.034776,0.032711,0.037295,0.024806,0.037938,0.033587,0.029293,0.035057,0.016269,0.032619,0.016474,0.02034,0.017328,0.02371,0.018787,0.016935,0.018972,0.017074,0.016153,0.017739,0.019244,0.019776,0.0173,0.026985,0.017011,0.015906,0.015477,0.021447,0.021619,0.024389,0.014856,0.017898
0.018889,0.027411,0.01675,0.017503,0.017864,0.016452,0.016056,0.018478,0.017024,0.016417,0.023689,0.017356,0.020647,0.020967,0.018015,0.015594,0.015232,0.017535,0.016378,0.020732,0.020807,0.017698,0.019629,0.022389,0.023189,0.016809,0.021314,0.0225,0.015811,0.020592,0.016471,0.015764,0.015547,0.022073,0.016913,0.025285,0.019856,0.022299,0.018389,0.023721
