0.083465,0.075257,0.075082,0.071264,0.068429,0.069576,0.069062,0.069833,0.072314,0.078403,0.070511,0.070604,0.071015,0.07669,0.076182,0.074151,0.070571,0.077682,0.071163,0.070993,0.078155,0.073949,0.070998,0.070649,0.07003,0.0752,0.070827,0.075109,0.07205,0.071543,0.078131,0.078076,0.069456,0.074007,0.079685,0.075083,0.082124,0.079758,0.070633,0.071229
0.04898,0.04844,0.04805,0.049341,0.057567,0.047312,0.05043,0.054633,0.050532,0.051024,0.048444,0.048391,0.047608,0.04718,0.05037,0.048187,0.048075,0.05588,0.048911,0.049531,0.05528,0.051094,0.060787,0.050169,0.049171,0.054847,0.051807,0.054722,0.04878,0.048903,0.049703,0.048623,0.047795,0.048649,0.049005,0.047607,0.048407,0.05976,0.060492,0.054372
0.045324,0.048731,0.042474,0.051451,0.044234,0.050888,0.049685,0.045633,0.045222,0.05264,0.053796,0.043863,0.043991,0.044761,0.053714,0.044768,0.043641,0.043036,0.044414,0.051593,0.049555,0.043351,0.04602,0.053347,0.047662,0.046989,0.050488,0.044862,0.049896,0.042588,0.052646,0.044586,0.046133,0.054028,0.046294,0.050233,0.044155,0.045032,0.044706,0.044995
0.043857,0.045732,0.047024,0.044997,0.044762,0.049458,0.054483,0.042814,0.043301,0.04292,0.043629,0.042963,0.046976,0.049819,0.042966,0.043888,0.044279,0.043267,0.050039,0.056483,0.044494,0.04906,0.06084,0.053078,0.057695,0.043599,0.060241,0.044392,0.050798,0.042581,0.054227,0.04376,0.056461,0.045498,0.053439,0.048615,0.056904,0.061692,0.048658,0.054742
0.04889,0.048747,0.041563,0.041951,0.042111,0.042304,0.047955,0.040879,0.043212,0.041384,0.041546,0.048845,0.041828,0.047788,0.039986,0.048643,0.044557,0.05345,0.051459,0.05014,0.057985,0.040882,0.049143,0.051346,0.050976,0.051073,0.045002,0.04709,0.05673,0.050351,0.050707,0.048433,0.041567,0.042483,0.043071,0.042469,0.042546,0.041815,0.042878,0.042054
0.043252,0.046045,0.041799,0.044371,0.042946,0.039272,0.063782,0.052744,0.056863,0.039983,0.03997,0.052604,0.048628,0.05516,0.040661,0.050691,0.054349,0.046172,0.050588,0.048603,0.060045,0.055935,0.042982,0.039636,0.054916,0.046867,0.040422,0.040451,0.053498,0.05677,0.039185,0.061348,0.046449,0.054491,0.062446,0.05051,0.052288,0.041729,0.048796,0.053049
0.049207,0.05258,0.042684,0.039785,0.053613,0.04028,0.039548,0.046532,0.054443,0.050003,0.048693,0.051689,0.046778,0.04965,0.052549,0.047336,0.047991,0.055805,0.04354,0.055449,0.045717,0.05156,0.049709,0.054303,0.043066,0.040356,0.043835,0.053303,0.054031,0.04201,0.051728,0.054824,0.041532,0.056312,0.047991,0.053781,0.046725,0.049213,0.054544,0.04298
0.053915,0.048463,0.051027,0.051694,0.051672,0.045646,0.040048,0.06239,0.048187,0.053058,0.04573,0.052234,0.049123,0.048245,0.056046,0.041509,0.050368,0.058331,0.047424,0.042282,0.054753,0.049024,0.048943,0.055042,0.054698,0.039349,0.039794,0.043976,0.051159,0.039686,0.04237,0.049496,0.039502,0.049175,0.049659,0.055781,0.04094,0.043286,0.040385,0.043556
0.039408,0.061269,0.054686,0.038765,0.047785,0.050197,0.054309,0.045654,0.043478,0.05398,0.055365,0.042351,0.040071,0.048589,0.057842,0.04494,0.041917,0.039452,0.048417,0.044317,0.059269,0.04231,0.062578,0.039786,0.05326,0.048681,0.038239,0.045224,0.039136,0.04577,0.04321,0.039906,0.049011,0.048728,0.053673,0.047732,0.048324,0.051654,0.05009,0.046018
0.055421,0.054123,0.047257,0.049197,0.04115,0.042591,0.041711,0.052944,0.058971,0.046247,0.045689,0.051104,0.065041,0.052302,0.050653,0.047104,0.055235,0.045125,0.054469,0.045679,0.053368,0.049828,0.049363,0.047955,0.045506,0.039663,0.048317,0.040647,0.042909,0.047005,0.040614,0.039828,0.040079,0.047492,0.040728,0.040534,0.04013,0.044531,0.045971,0.040623
0.040378,0.045845,0.041027,0.038149,0.038568,0.040067,0.042965,0.040642,0.056321,0.046311,0.052044,0.049931,0.051347,0.048145,0.049767,0.07046,0.049347,0.055786,0.03801,0.048945,0.050482,0.038603,0.048885,0.053848,0.041021,0.056015,0.062078,0.055979,0.051016,0.051513,0.040615,0.052988,0.054119,0.056147,0.037761,0.037406,0.049027,0.051508,0.048403,0.051993
0.048173,0.051804,0.04835,0.051748,0.044605,0.038726,0.048906,0.054595,0.04172,0.054108,0.052115,0.045984,0.050794,0.048682,0.052592,0.051061,0.046774,0.051423,0.048304,0.054542,0.046703,0.049509,0.053282,0.054328,0.038646,0.05933,0.040154,0.05683,0.047561,0.049102,0.052607,0.042004,0.038238,0.048294,0.051099,0.052203,0.045783,0.044645,0.039515,0.055293
0.049347,0.05298,0.041063,0.038029,0.048816,0.054803,0.041515,0.039419,0.047748,0.051893,0.053809,0.042373,0.039968,0.04764,0.048575,0.042999,0.060912,0.048555,0.058908,0.039798,0.049201,0.038856,0.045727,0.048264,0.049297,0.05333,0.046591,0.049111,0.046373,0.049092,0.039188,0.051961,0.053605,0.040955,0.037711,0.048334,0.044482,0.039406,0.039888,0.041901
0.040202,0.045326,0.049781,0.049296,0.054424,0.043183,0.044083,0.037854,0.050125,0.042353,0.040169,0.040355,0.039997,0.037423,0.043615,0.039621,0.0458,0.044595,0.047395,0.049817,0.048892,0.051369,0.0533,0.050774,0.049699,0.048271,0.04668,0.053509,0.045681,0.051581,0.059116,0.038866,0.045085,0.054624,0.038773,0.046301,0.050008,0.050709,0.050818,0.056431
0.036934,0.038964,0.049208,0.050187,0.053798,0.046475,0.040067,0.038713,0.039269,0.051703,0.047865,0.048035,0.038936,0.049503,0.047756,0.047748,0.053045,0.046215,0.052655,0.051449,0.046009,0.051186,0.049984,0.051325,0.051495,0.045631,0.053281,0.053592,0.052766,0.041927,0.049724,0.04964,0.053665,0.054568,0.043142,0.047,0.038925,0.044647,0.055827,0.045731
0.051314,0.04748,0.046497,0.051494,0.051119,0.054125,0.05536,0.038715,0.038355,0.046544,0.03853,0.047784,0.050142,0.049721,0.049497,0.051591,0.052605,0.048726,0.0505,0.04281,0.038643,0.048869,0.048718,0.046902,0.039054,0.047304,0.052025,0.051485,0.050586,0.045632,0.04999,0.049178,0.038975,0.04166,0.038541,0.050502,0.049768,0.049398,0.051031,0.049889
0.045765,0.03785,0.054615,0.039291,0.055612,0.051535,0.045578,0.038467,0.050584,0.044607,0.051529,0.047947,0.045235,0.03736,0.039622,0.051232,0.040457,0.038148,0.046109,0.038798,0.048603,0.052137,0.048816,0.044953,0.039125,0.04745,0.05347,0.045175,0.052819,0.042972,0.038674,0.050069,0.053349,0.04723,0.051834,0.045124,0.039456,0.046146,0.050719,0.047161
0.052145,0.056299,0.040516,0.037755,0.046799,0.04455,0.045631,0.039709,0.038015,0.04769,0.037929,0.048315,0.053453,0.049513,0.054572,0.038684,0.041475,0.040792,0.044152,0.040682,0.037614,0.056167,0.038332,0.039002,0.04638,0.0392,0.054583,0.042027,0.052852,0.049122,0.051395,0.03887,0.038701,0.044712,0.037681,0.038915,0.054004,0.040116,0.039188,0.045354
0.044214,0.037956,0.038548,0.05201,0.045451,0.066481,0.068931,0.063085,0.055291,0.054954,0.039725,0.037828,0.049765,0.048583,0.053986,0.042728,0.044339,0.038945,0.038154,0.038017,0.03933,0.03899,0.054014,0.041276,0.039276,0.048541,0.048772,0.050104,0.051467,0.051414,0.049574,0.047873,0.052396,0.050448,0.046966,0.052602,0.048188,0.050483,0.048006,0.055839
0.044844,0.052763,0.047388,0.056333,0.04033,0.038774,0.044079,0.037639,0.047271,0.037647,0.048698,0.048895,0.050644,0.048934,0.051919,0.047327,0.053418,0.043064,0.038503,0.049935,0.046528,0.037509,0.042379,0.04597,0.038959,0.039217,0.050418,0.047573,0.053374,0.050571,0.050319,0.046628,0.053874,0.046002,0.046683,0.056394,0.046978,0.054592,0.039847,0.037135
0.052145,0.049862,0.050006,0.051076,0.048333,0.056237,0.039121,0.03659,0.038297,0.050753,0.046957,0.050488,0.047011,0.054472,0.049135,0.050349,0.048814,0.053541,0.05631,0.066606,0.038691,0.052883,0.043857,0.044292,0.037982,0.038049,0.040375,0.039245,0.039036,0.040464,0.045321,0.040973,0.038241,0.04024,0.038516,0.038991,0.040138,0.039427,0.038659,0.047061
0.04399,0.038022,0.039117,0.040653,0.038992,0.052415,0.042926,0.040282,0.051101,0.044533,0.039037,0.040848,0.038748,0.046247,0.046573,0.039474,0.039085,0.040932,0.039962,0.041096,0.043842,0.038392,0.036989,0.038636,0.046621,0.055717,0.040472,0.037551,0.049648,0.048443,0.039117,0.04196,0.039714,0.039198,0.045778,0.040802,0.038096,0.052023,0.050507,0.050483
0.048306,0.039918,0.037927,0.038405,0.037977,0.040701,0.037923,0.055124,0.041596,0.037194,0.050814,0.049557,0.050268,0.051627,0.046522,0.058207,0.037308,0.038426,0.051729,0.045239,0.037233,0.048437,0.051169,0.050607,0.047961,0.052894,0.050396,0.047094,0.045049,0.040028,0.048705,0.050645,0.051971,0.051476,0.04345,0.038451,0.049181,0.048431,0.050981,0.049041
0.052307,0.04773,0.051295,0.047687,0.048012,0.038905,0.046084,0.036772,0.048814,0.04853,0.053128,0.048847,0.04634,0.03919,0.043121,0.037822,0.049329,0.040322,0.037871,0.038389,0.039524,0.039585,0.037048,0.04914,0.052071,0.051405,0.045636,0.0383,0.041236,0.046265,0.042354,0.051145,0.04675,0.038767,0.050631,0.040954,0.059722,0.040033,0.057865,0.046535
0.051252,0.050881,0.047211,0.038176,0.04692,0.052729,0.043742,0.04303,0.038747,0.037468,0.037564,0.044256,0.037732,0.053139,0.044497,0.049291,0.051377,0.050581,0.050769,0.047643,0.051869,0.050008,0.05044,0.04747,0.057534,0.038606,0.038675,0.049338,0.052256,0.050088,0.050871,0.044315,0.042733,0.047348,0.04122,0.037693,0.054601,0.042139,0.038378,0.046722
0.056877,0.044278,0.046951,0.038751,0.051084,0.044983,0.0377,0.047853,0.049018,0.054087,0.041901,0.037243,0.052555,0.048762,0.048553,0.046163,0.05628,0.048946,0.050424,0.048833,0.047543,0.038736,0.045978,0.050233,0.053305,0.047583,0.050954,0.051465,0.04664,0.06938,0.046843,0.057768,0.04048,0.03866,0.043903,0.049421,0.037156,0.047099,0.039577,0.046015
0.050357,0.054135,0.044857,0.038863,0.044025,0.038253,0.048013,0.037252,0.041761,0.038772,0.044888,0.038575,0.047462,0.051923,0.047591,0.052035,0.049986,0.049779,0.04969,0.04971,0.063075,0.054346,0.049922,0.04866,0.051891,0.05312,0.043384,0.038474,0.046184,0.048973,0.069383,0.050879,0.044547,0.057233,0.044942,0.051685,0.049047,0.045063,0.037501,0.036705
0.055256,0.039449,0.040606,0.040568,0.043005,0.048143,0.049526,0.045614,0.037662,0.046729,0.05524,0.049215,0.04624,0.050989,0.063442,0.037125,0.0374,0.039313,0.037769,0.057825,0.038752,0.038791,0.050185,0.047456,0.052623,0.05047,0.04679,0.053486,0.044617,0.037231,0.046273,0.039311,0.048323,0.048475,0.052283,0.072237,0.037508,0.038319,0.037752,0.046068
0.049964,0.048266,0.049345,0.054446,0.051511,0.045059,0.050704,0.054478,0.044577,0.047673,0.037432,0.049026,0.055922,0.040045,0.037293,0.052871,0.04577,0.058707,0.038421,0.038293,0.046843,0.037045,0.04787,0.053656,0.049732,0.049502,0.050377,0.047418,0.050477,0.048488,0.053151,0.047608,0.052298,0.052077,0.041973,0.052143,0.046322,0.036679,0.037427,0.048614
0.04964,0.054,0.044211,0.036706,0.047894,0.051916,0.048412,0.04859,0.037593,0.051668,0.040758,0.038368,0.05047,0.052964,0.049167,0.048221,0.050423,0.04808,0.050032,0.049993,0.046598,0.050284,0.05774,0.044543,0.050422,0.06184,0.039255,0.049437,0.052141,0.051509,0.04353,0.051427,0.053042,0.050362,0.050611,0.04587,0.03763,0.048123,0.037664,0.041265
0.038083,0.050896,0.048911,0.050206,0.051728,0.048128,0.050851,0.054081,0.046151,0.047339,0.053741,0.04586,0.053024,0.051777,0.044866,0.038589,0.047037,0.046941,0.038359,0.048958,0.0469,0.053321,0.048397,0.052796,0.052597,0.045567,0.046629,0.038489,0.046092,0.054344,0.043318,0.037683,0.046878,0.038686,0.046078,0.050914,0.051615,0.04674,0.052815,0.046778
0.041064,0.040249,0.050125,0.038155,0.049914,0.048083,0.05677,0.040012,0.051419,0.049052,0.042821,0.039509,0.038106,0.051264,0.048921,0.050769,0.049258,0.050837,0.047974,0.051648,0.049615,0.045607,0.037931,0.048879,0.050355,0.052426,0.048846,0.050965,0.049826,0.03699,0.039702,0.03817,0.050327,0.051843,0.051316,0.057506,0.041236,0.046176,0.051826,0.050837
0.047104,0.041443,0.043814,0.054127,0.04336,0.043966,0.038546,0.038597,0.051385,0.04563,0.051287,0.048562,0.036998,0.048602,0.046782,0.052177,0.039195,0.042401,0.052843,0.049243,0.049019,0.036918,0.052603,0.037938,0.038076,0.053129,0.048407,0.056864,0.041926,0.048574,0.038274,0.052854,0.039235,0.03787,0.051776,0.055264,0.043122,0.052096,0.05007,0.051887
0.044314,0.038111,0.050838,0.047995,0.048877,0.057182,0.037081,0.037905,0.051854,0.048919,0.048791,0.039223,0.046424,0.048036,0.052469,0.048682,0.056779,0.043427,0.050678,0.047708,0.050962,0.051785,0.046813,0.052492,0.047775,0.048598,0.039137,0.046886,0.049063,0.05262,0.053743,0.040367,0.039109,0.049737,0.04628,0.038865,0.047667,0.049293,0.050125,0.066945
0.060999,0.056035,0.050402,0.040004,0.040006,0.039613,0.043475,0.037946,0.051694,0.048971,0.051828,0.042175,0.037949,0.049742,0.047682,0.054648,0.044915,0.053467,0.048896,0.050756,0.04731,0.037211,0.046609,0.052378,0.049793,0.050863,0.046336,0.0567,0.050449,0.045795,0.047027,0.052027,0.049469,0.046387,0.038542,0.048006,0.050045,0.048136,0.038521,0.045898
0.050363,0.050443,0.057215,0.040796,0.037824,0.045878,0.055233,0.045831,0.050217,0.038164,0.045287,0.051105,0.049954,0.046983,0.036796,0.051552,0.044731,0.038368,0.044875,0.042288,0.051951,0.049286,0.046983,0.039739,0.038133,0.049552,0.049123,0.03791,0.049789,0.03917,0.037416,0.044002,0.038827,0.038945,0.046538,0.045386,0.0403,0.039437,0.040651,0.040174
0.044344,0.039838,0.047841,0.040022,0.041234,0.039726,0.042085,0.0424,0.04129,0.03955,0.039296,0.038633,0.055365,0.041185,0.03844,0.051532,0.055088,0.037856,0.037961,0.054554,0.044052,0.052784,0.051357,0.043283,0.054226,0.062549,0.038954,0.049776,0.051595,0.050567,0.047717,0.046321,0.038002,0.048352,0.048202,0.053789,0.04962,0.050328,0.054752,0.038595
0.038634,0.051252,0.042039,0.038924,0.046472,0.03831,0.048924,0.037567,0.041071,0.044241,0.040596,0.038053,0.044832,0.039349,0.039202,0.037219,0.045252,0.03993,0.039281,0.039456,0.041404,0.046267,0.048877,0.037865,0.049606,0.03863,0.039258,0.040179,0.046346,0.051619,0.050492,0.037847,0.040449,0.03788,0.050144,0.047122,0.059965,0.042987,0.046257,0.038413
0.048496,0.049588,0.044482,0.056415,0.049737,0.039425,0.038311,0.037172,0.038749,0.040377,0.03878,0.039612,0.03766,0.039424,0.041088,0.038551,0.039286,0.042829,0.042844,0.040266,0.039019,0.038758,0.038208,0.039138,0.038607,0.038857,0.039207,0.039128,0.045993,0.039673,0.041751,0.03997,0.040058,0.038271,0.051959,0.041296,0.038958,0.051499,0.047629,0.046532
0.056847,0.049534,0.048515,0.050459,0.041354,0.038465,0.039115,0.040926,0.039362,0.053688,0.039705,0.039304,0.055204,0.039877,0.037224,0.050546,0.046686,0.039442,0.045751,0.047817,0.037785,0.046789,0.038423,0.046273,0.049294,0.049537,0.03883,0.040712,0.037752,0.05097,0.051499,0.063855,0.069208,0.04941,0.061243,0.048932,0.036897,0.051646,0.050979,0.063656
