0.78482,0.14538,0.13403,0.14081,0.13041,0.13098,0.1342,0.13972,0.13707,0.13205,0.13507,0.14138,0.13923,0.13202,0.14515,0.13325,0.14095,0.13459,0.13571,0.12779,0.1303,0.13104,0.14202,0.14749,0.15306,0.14567,0.14723,0.14073,0.14047,0.13925,0.13442,0.1312,0.14162,0.13541,0.13768,0.14054,0.13601,0.13728,0.13578,0.13551
0.087856,0.084471,0.084142,0.083842,0.097773,0.083798,0.087113,0.089126,0.085092,0.09033,0.10516,0.088842,0.083311,0.083294,0.09791,0.08989,0.089585,0.083031,0.088858,0.083017,0.091971,0.088976,0.081237,0.081074,0.08974,0.0851,0.0906,0.088673,0.085674,0.09137,0.086727,0.08813,0.089055,0.10257,0.090598,0.089443,0.087857,0.087988,0.10723,0.09536
0.081706,0.079096,0.071257,0.073499,0.071079,0.072021,0.074587,0.073467,0.0752,0.07336,0.076625,0.076324,0.078617,0.077772,0.080382,0.07215,0.080805,0.073526,0.070697,0.078299,0.080447,0.073328,0.083029,0.097311,0.078825,0.076065,0.086324,0.073773,0.073237,0.075958,0.077488,0.07259,0.079035,0.076362,0.077032,0.075333,0.075565,0.080774,0.07891,0.073359
0.083203,0.076451,0.11333,0.081209,0.083944,0.067109,0.071335,0.076231,0.087047,0.0762,0.069423,0.070059,0.071343,0.069962,0.071705,0.07563,0.079074,0.077083,0.078936,0.07514,0.069577,0.081276,0.072973,0.070716,0.084279,0.072123,0.076608,0.069506,0.069992,0.069967,0.074452,0.077655,0.072619,0.073771,0.06974,0.067564,0.073402,0.076051,0.074443,0.074223
0.072151,0.067576,0.069604,0.07361,0.070959,0.068684,0.079692,0.075744,0.069331,0.071253,0.066521,0.072541,0.073091,0.070272,0.077209,0.070867,0.067163,0.068739,0.072381,0.069434,0.072195,0.076403,0.073765,0.077142,0.074,0.071749,0.077533,0.069265,0.072388,0.069055,0.071769,0.069484,0.07309,0.068297,0.065643,0.06682,0.074148,0.067538,0.066232,0.070042
0.071118,0.072493,0.065756,0.070702,0.074237,0.086801,0.072327,0.073898,0.07312,0.068968,0.066208,0.066339,0.06621,0.067565,0.065789,0.067202,0.06639,0.067299,0.066672,0.0673,0.06858,0.071268,0.073244,0.068956,0.068287,0.071967,0.067922,0.06716,0.076337,0.075102,0.073772,0.070489,0.078416,0.071608,0.06814,0.068494,0.067707,0.067829,0.073682,0.070922
0.074942,0.068814,0.068413,0.072372,0.071248,0.066323,0.072663,0.076122,0.07224,0.077011,0.072695,0.068264,0.075692,0.072425,0.071109,0.068042,0.083738,0.068857,0.070026,0.068363,0.072915,0.065766,0.068355,0.066938,0.082091,0.074111,0.069858,0.071703,0.069299,0.06533,0.067853,0.071823,0.068877,0.072631,0.069648,0.068506,0.078259,0.066646,0.070082,0.067765
0.071752,0.067268,0.07265,0.065119,0.070809,0.06558,0.067863,0.06865,0.071713,0.066266,0.073954,0.066199,0.06933,0.067057,0.067837,0.066446,0.07072,0.074874,0.070228,0.066799,0.072535,0.077091,0.069306,0.066317,0.071433,0.076035,0.079367,0.067695,0.068687,0.06657,0.067966,0.066095,0.06608,0.067071,0.066502,0.069949,0.068026,0.07611,0.070059,0.074846
0.06745,0.080024,0.068657,0.067341,0.06542,0.077301,0.069457,0.074956,0.06502,0.07292,0.073339,0.072278,0.073401,0.07138,0.073295,0.083817,0.066679,0.068251,0.068693,0.063418,0.066435,0.073253,0.079863,0.066047,0.068576,0.068719,0.077343,0.070278,0.066014,0.067148,0.065902,0.0668,0.069517,0.072147,0.10064,0.070801,0.064808,0.071521,0.067962,0.067366
0.075099,0.070041,0.06696,0.06838,0.064218,0.06682,0.065165,0.071329,0.074725,0.069709,0.064149,0.074212,0.067526,0.073131,0.071579,0.065104,0.069549,0.064882,0.068939,0.066716,0.065909,0.066474,0.068123,0.065659,0.068173,0.070598,0.070705,0.07273,0.070129,0.063946,0.068426,0.066735,0.068716,0.068342,0.067891,0.068942,0.064988,0.076681,0.065881,0.066677
0.067087,0.0658,0.069957,0.068092,0.065345,0.067047,0.06521,0.066732,0.065891,0.066123,0.065264,0.067666,0.067007,0.067773,0.065409,0.083137,0.075776,0.072894,0.067378,0.077152,0.067239,0.06704,0.066024,0.071155,0.066032,0.070972,0.07009,0.065897,0.065855,0.077049,0.070193,0.068332,0.068447,0.066005,0.066967,0.065619,0.066983,0.066449,0.067197,0.069439
0.067036,0.06915,0.065244,0.064748,0.06794,0.065717,0.074393,0.066187,0.06783,0.070689,0.066599,0.066721,0.066172,0.065801,0.067734,0.068711,0.072331,0.075579,0.068595,0.065936,0.066612,0.06679,0.080855,0.070254,0.070107,0.078907,0.072967,0.070418,0.072412,0.067205,0.066498,0.062322,0.066708,0.067261,0.065497,0.064676,0.072612,0.066594,0.067714,0.065366
0.065349,0.067678,0.065016,0.067762,0.067329,0.065463,0.064881,0.06698,0.068383,0.067899,0.064179,0.06756,0.066926,0.067138,0.073722,0.086889,0.064382,0.073407,0.065586,0.068162,0.066015,0.076554,0.071248,0.071317,0.064359,0.068283,0.074923,0.074694,0.065924,0.068786,0.064734,0.068742,0.064817,0.065306,0.064992,0.071075,0.072305,0.066469,0.066387,0.066933
0.066984,0.06881,0.066281,0.067467,0.064154,0.066496,0.075002,0.066009,0.064213,0.071157,0.064202,0.071146,0.064217,0.075531,0.067432,0.071522,0.064604,0.072869,0.06502,0.069303,0.066604,0.072956,0.064657,0.074782,0.066049,0.069427,0.075505,0.071752,0.066191,0.070148,0.070631,0.072605,0.064062,0.066314,0.063916,0.065668,0.064479,0.065762,0.065742,0.067565
0.064483,0.068943,0.064016,0.069583,0.066763,0.0661,0.065402,0.066918,0.063797,0.073816,0.066355,0.065826,0.073607,0.074196,0.070487,0.074567,0.067395,0.069397,0.067376,0.071405,0.079374,0.081298,0.065575,0.06869,0.076494,0.074111,0.06796,0.066194,0.065559,0.067694,0.065063,0.068038,0.066953,0.067962,0.067031,0.066134,0.064072,0.067722,0.062377,0.070752
0.071466,0.071402,0.064134,0.070803,0.066065,0.070354,0.064678,0.069358,0.063603,0.072915,0.074309,0.071318,0.06615,0.070724,0.065169,0.068122,0.08244,0.067598,0.064424,0.06767,0.064774,0.083297,0.067032,0.06936,0.069061,0.066069,0.06892,0.080613,0.075842,0.072107,0.064802,0.067678,0.070437,0.071641,0.065643,0.075007,0.065467,0.065391,0.065502,0.070813
0.065725,0.067423,0.066761,0.069504,0.07603,0.069614,0.062885,0.071727,0.065856,0.069312,0.066165,0.066214,0.069897,0.064566,0.064944,0.067874,0.06422,0.072868,0.070214,0.064392,0.064864,0.063891,0.063672,0.068612,0.069396,0.067617,0.067017,0.072084,0.072232,0.066577,0.068388,0.066607,0.066895,0.070091,0.070992,0.072308,0.068996,0.064633,0.071763,0.073436
0.070345,0.06783,0.067673,0.064539,0.068605,0.064667,0.069317,0.063796,0.071053,0.064197,0.066687,0.06465,0.071634,0.067568,0.070805,0.078072,0.067961,0.064224,0.069229,0.072616,0.064524,0.062153,0.062175,0.068239,0.068291,0.066234,0.068365,0.065332,0.067397,0.066969,0.065096,0.067058,0.064499,0.069527,0.070103,0.076066,0.066728,0.076567,0.075354,0.067854
0.065721,0.067782,0.063942,0.068919,0.066121,0.067637,0.065021,0.06876,0.065195,0.069605,0.070014,0.070172,0.065069,0.067861,0.065626,0.065214,0.065842,0.062463,0.063483,0.068043,0.067095,0.070634,0.064198,0.068441,0.069733,0.067193,0.074464,0.06721,0.068136,0.065644,0.06741,0.079789,0.069059,0.064113,0.070321,0.065552,0.068089,0.063647,0.071042,0.065527
0.07696,0.0683,0.069407,0.066355,0.066138,0.06692,0.070647,0.069151,0.070729,0.069191,0.066665,0.066289,0.075908,0.066387,0.068401,0.065013,0.06765,0.066543,0.071293,0.067346,0.064305,0.066178,0.064289,0.065447,0.068366,0.065123,0.066918,0.070312,0.07484,0.064281,0.071168,0.064958,0.072895,0.077327,0.068145,0.064981,0.073357,0.066237,0.077499,0.065349
0.067811,0.067068,0.069416,0.070602,0.068589,0.070966,0.071216,0.065169,0.067197,0.065838,0.068814,0.065906,0.066285,0.063998,0.068233,0.065056,0.069457,0.063849,0.070104,0.06935,0.068844,0.069076,0.068127,0.066534,0.066795,0.065334,0.075769,0.063054,0.068584,0.063664,0.069788,0.066244,0.068413,0.063598,0.068303,0.064569,0.070145,0.066178,0.068302,0.068567
0.066706,0.06581,0.065189,0.065436,0.066785,0.062507,0.070503,0.07795,0.071196,0.064643,0.068419,0.065511,0.069574,0.063969,0.068514,0.064196,0.062714,0.064144,0.064972,0.067776,0.068775,0.063234,0.066655,0.073149,0.075604,0.066569,0.072862,0.064998,0.071388,0.065494,0.073197,0.065357,0.06763,0.07364,0.06753,0.067337,0.06478,0.064835,0.064678,0.065942
0.066675,0.066107,0.065553,0.06308,0.06814,0.066068,0.065082,0.065923,0.069787,0.064556,0.076525,0.068461,0.077363,0.065062,0.063606,0.064436,0.067525,0.064814,0.070965,0.06562,0.067093,0.067442,0.069003,0.073286,0.073378,0.064953,0.068655,0.06394,0.06918,0.06493,0.068169,0.0639,0.066445,0.070951,0.066262,0.068799,0.066946,0.080105,0.065044,0.069268
0.070463,0.075286,0.063941,0.071732,0.068392,0.071094,0.07886,0.067455,0.064109,0.068925,0.065173,0.066673,0.06489,0.06999,0.064036,0.069504,0.064048,0.067617,0.068097,0.061451,0.064121,0.073868,0.067506,0.066,0.073383,0.076578,0.075192,0.064616,0.070392,0.074128,0.06462,0.068899,0.065189,0.065943,0.062164,0.070421,0.064153,0.071398,0.066235,0.070257
0.068629,0.080441,0.086604,0.07707,0.074128,0.078547,0.071047,0.067993,0.065939,0.066609,0.064943,0.069251,0.0671,0.062752,0.066082,0.063583,0.063085,0.066217,0.063522,0.063857,0.071698,0.064769,0.084664,0.070667,0.064814,0.068338,0.064441,0.068934,0.063769,0.06828,0.063413,0.069708,0.068505,0.079794,0.068714,0.06825,0.07523,0.071578,0.067087,0.069339
0.074254,0.066148,0.065478,0.064664,0.062608,0.062932,0.069471,0.063924,0.069697,0.070574,0.065557,0.063239,0.065793,0.064111,0.064987,0.064336,0.066808,0.070626,0.070199,0.065211,0.068279,0.064429,0.069967,0.070876,0.071009,0.065552,0.072301,0.066286,0.069631,0.073805,0.06843,0.064777,0.06871,0.064556,0.06432,0.064289,0.065039,0.06344,0.074599,0.0693
0.072178,0.066055,0.068742,0.065516,0.074354,0.067482,0.070089,0.068513,0.071833,0.063177,0.07236,0.066879,0.064542,0.063487,0.069678,0.064981,0.069371,0.065414,0.066572,0.064654,0.069751,0.064777,0.066939,0.063705,0.07014,0.063783,0.070189,0.076468,0.064311,0.067601,0.067048,0.076078,0.065639,0.068927,0.065224,0.067555,0.063232,0.067756,0.076849,0.071528
0.064528,0.068721,0.065375,0.070035,0.06795,0.065243,0.067204,0.064557,0.069886,0.064604,0.067884,0.065879,0.069087,0.065871,0.066598,0.066127,0.066726,0.063343,0.068255,0.068364,0.066868,0.079655,0.069319,0.065901,0.065578,0.065191,0.068121,0.065833,0.069246,0.065143,0.067776,0.074111,0.076217,0.070978,0.065853,0.065898,0.066713,0.064715,0.065499,0.06504
0.069194,0.064601,0.073529,0.072777,0.085055,0.066571,0.07418,0.064928,0.064945,0.063666,0.068256,0.063822,0.070793,0.06689,0.065499,0.070363,0.069519,0.067111,0.072555,0.065685,0.07668,0.073626,0.07081,0.065673,0.07054,0.069092,0.075334,0.06739,0.069924,0.070367,0.067993,0.074535,0.071895,0.065667,0.067587,0.065351,0.068198,0.065293,0.065825,0.064735
0.06637,0.068488,0.064675,0.067889,0.06519,0.077843,0.066522,0.080166,0.067572,0.075477,0.067665,0.064432,0.069246,0.065543,0.069344,0.066481,0.06671,0.064818,0.066433,0.067206,0.069191,0.065056,0.065739,0.070959,0.065492,0.06872,0.075141,0.063712,0.071977,0.064371,0.07206,0.071942,0.07715,0.066123,0.066018,0.063657,0.069591,0.065439,0.068638,0.068615
0.065554,0.063989,0.069016,0.063432,0.068447,0.065647,0.066026,0.065258,0.068189,0.065798,0.069606,0.0686,0.065739,0.064022,0.067444,0.062244,0.069947,0.06557,0.068307,0.06656,0.069215,0.066781,0.067934,0.066988,0.065596,0.064421,0.066374,0.064118,0.071297,0.071135,0.076396,0.070803,0.072141,0.066052,0.075951,0.064378,0.067464,0.06551,0.070955,0.06465
0.0655,0.06331,0.070608,0.063948,0.06984,0.07587,0.07274,0.063677,0.070169,0.06531,0.073054,0.076259,0.06436,0.070589,0.065211,0.06856,0.06462,0.068627,0.063564,0.070041,0.073967,0.073081,0.065854,0.072161,0.064258,0.06997,0.064195,0.066403,0.062974,0.068449,0.065671,0.068554,0.06422,0.071532,0.063936,0.068891,0.065565,0.067596,0.065325,0.06849
0.063795,0.068999,0.065927,0.064976,0.071986,0.070603,0.066071,0.076752,0.068727,0.064413,0.066435,0.068875,0.066181,0.067627,0.066465,0.064582,0.06657,0.066683,0.066804,0.065758,0.067195,0.06647,0.066715,0.064063,0.070077,0.0651,0.067641,0.065057,0.066881,0.068532,0.065098,0.063775,0.071553,0.076707,0.080304,0.0665,0.075265,0.064126,0.068311,0.064161
0.066651,0.065421,0.07544,0.071841,0.07869,0.076384,0.068505,0.063992,0.069002,0.070024,0.067194,0.066089,0.066672,0.063418,0.068573,0.079994,0.07053,0.064883,0.064895,0.065076,0.068906,0.064031,0.066045,0.079653,0.073425,0.065396,0.068174,0.064242,0.071259,0.06463,0.070902,0.063472,0.067256,0.071346,0.07718,0.06376,0.069443,0.065273,0.087603,0.066424
0.064696,0.06647,0.066393,0.064616,0.071134,0.073122,0.070941,0.071618,0.073244,0.075734,0.067616,0.064116,0.068083,0.065812,0.071092,0.081919,0.075889,0.072113,0.066856,0.064795,0.068673,0.070536,0.071073,0.065551,0.066929,0.072116,0.079255,0.072022,0.069404,0.066168,0.067113,0.064386,0.068144,0.06484,0.065485,0.065323,0.077909,0.07225,0.070182,0.064836
0.068952,0.065813,0.067756,0.063888,0.07093,0.06817,0.065738,0.06485,0.075038,0.066257,0.065862,0.067695,0.064865,0.065097,0.065345,0.06712,0.0648,0.062643,0.066577,0.064393,0.069325,0.063432,0.07494,0.07095,0.070622,0.06564,0.072285,0.065027,0.068004,0.065243,0.068526,0.065101,0.067249,0.068539,0.066487,0.064389,0.068941,0.064832,0.066685,0.065046
0.069827,0.063732,0.073482,0.066127,0.067409,0.070328,0.069853,0.069478,0.067748,0.067844,0.06481,0.066421,0.069333,0.079973,0.064892,0.068916,0.064683,0.071501,0.064331,0.070174,0.073282,0.065093,0.066387,0.080673,0.067333,0.066585,0.069877,0.063448,0.075752,0.071186,0.064119,0.06851,0.064821,0.071643,0.069747,0.071098,0.062925,0.075956,0.06406,0.068324
0.070488,0.064444,0.070784,0.069911,0.068128,0.068315,0.066589,0.070378,0.065486,0.069254,0.078475,0.074829,0.074948,0.071484,0.077436,0.070985,0.066187,0.068426,0.06667,0.069667,0.073013,0.068261,0.073027,0.063455,0.06799,0.064184,0.072047,0.064656,0.066842,0.064126,0.068859,0.064561,0.07164,0.066994,0.066298,0.063978,0.06811,0.064158,0.077725,0.06439
0.068773,0.067144,0.073354,0.064131,0.067484,0.068383,0.08523,0.069995,0.067705,0.074311,0.062901,0.065632,0.063612,0.066965,0.064623,0.065021,0.064538,0.063047,0.063171,0.063329,0.064979,0.064226,0.065889,0.064354,0.063491,0.069161,0.064038,0.069331,0.065005,0.068405,0.06451,0.071893,0.06352,0.067741,0.066496,0.066295,0.063979,0.069722,0.064654,0.068808
0.064957,0.071265,0.073961,0.073424,0.065707,0.067862,0.066877,0.068224,0.068392,0.073161,0.063454,0.068182,0.070666,0.073765,0.066,0.065507,0.063879,0.069785,0.062773,0.067927,0.064733,0.068791,0.064039,0.0689,0.0701,0.067711,0.06444,0.065506,0.063606,0.068584,0.064142,0.07131,0.063868,0.068085,0.064361,0.074161,0.067117,0.0663,0.072472,0.079042
