0.079645,0.038716,0.041625,0.040947,0.039999,0.044858,0.041768,0.044606,0.03781,0.04814,0.053396,0.044718,0.053928,0.050239,0.04231,0.037391,0.044926,0.042462,0.052344,0.046598,0.039424,0.043605,0.042696,0.038951,0.03771,0.039487,0.03959,0.039071,0.041463,0.040954,0.041633,0.050193,0.04049,0.044003,0.043202,0.044983,0.048789,0.045364,0.044159,0.044125
0.034239,0.034473,0.05484,0.048424,0.039146,0.024405,0.032223,0.03426,0.031496,0.037693,0.025082,0.037344,0.035961,0.043384,0.030288,0.044009,0.049031,0.052108,0.025515,0.039172,0.050909,0.027138,0.041863,0.024719,0.030332,0.030286,0.048309,0.025845,0.048051,0.02927,0.035915,0.028581,0.025222,0.027424,0.025906,0.027705,0.027393,0.025344,0.027258,0.029607
0.026778,0.035461,0.055447,0.039014,0.042829,0.042154,0.03547,0.04766,0.035129,0.048447,0.035319,0.048138,0.035471,0.047855,0.03679,0.035063,0.047427,0.04933,0.031244,0.036449,0.047027,0.025747,0.022576,0.022944,0.031201,0.030151,0.029642,0.024352,0.047856,0.05467,0.022769,0.040208,0.039052,0.023091,0.024388,0.025722,0.023679,0.033937,0.024849,0.032207
0.02224,0.030365,0.026408,0.022004,0.022024,0.034467,0.029924,0.031324,0.022008,0.028539,0.034298,0.025167,0.04433,0.036479,0.039929,0.024386,0.032427,0.047124,0.03371,0.023072,0.025549,0.027409,0.023983,0.026177,0.023658,0.030871,0.022783,0.041598,0.036564,0.035852,0.024741,0.024707,0.030014,0.023022,0.026986,0.039337,0.025204,0.024415,0.0321,0.054436
0.028757,0.025273,0.020734,0.021701,0.034533,0.024687,0.040023,0.047849,0.035527,0.047981,0.036338,0.031726,0.032227,0.031323,0.036766,0.04783,0.03638,0.034373,0.04537,0.030452,0.02159,0.035075,0.027306,0.036002,0.025108,0.043072,0.035152,0.046783,0.037567,0.041476,0.022035,0.034104,0.035625,0.047761,0.028815,0.040736,0.040819,0.036706,0.034586,0.034746
0.0497,0.036309,0.032628,0.029418,0.032059,0.03608,0.0464,0.039634,0.047513,0.034405,0.050188,0.036031,0.03504,0.030067,0.02437,0.040688,0.034979,0.030423,0.028431,0.020136,0.023816,0.030546,0.028029,0.021686,0.028764,0.021889,0.027797,0.021758,0.030571,0.032786,0.035529,0.047691,0.036174,0.041198,0.038695,0.0378,0.031754,0.032349,0.034034,0.049898
0.031413,0.020399,0.04673,0.036267,0.04691,0.034177,0.050117,0.033818,0.04792,0.035443,0.048523,0.034678,0.049624,0.032178,0.037189,0.051008,0.026519,0.034087,0.035586,0.050628,0.031219,0.027615,0.022496,0.03816,0.033982,0.027157,0.024194,0.021267,0.02033,0.036243,0.027602,0.020061,0.020952,0.028728,0.021435,0.024662,0.027322,0.03288,0.023448,0.026955
0.023578,0.020603,0.021405,0.027374,0.02097,0.031264,0.022389,0.02351,0.020623,0.022217,0.030843,0.027995,0.032844,0.036272,0.033439,0.044968,0.038757,0.049127,0.048085,0.036043,0.032849,0.030408,0.040444,0.02905,0.030138,0.038182,0.042255,0.021202,0.034692,0.035432,0.039955,0.043745,0.026448,0.035973,0.03479,0.027309,0.03605,0.034916,0.033773,0.036341
0.046851,0.035253,0.048924,0.035672,0.032317,0.032262,0.039109,0.044923,0.021691,0.02639,0.033818,0.020982,0.035086,0.038673,0.032581,0.044948,0.043021,0.035422,0.035581,0.02799,0.033915,0.020741,0.049022,0.035517,0.032937,0.029657,0.0351,0.034671,0.035522,0.047833,0.033892,0.030823,0.039172,0.048754,0.042965,0.02094,0.049037,0.033394,0.029763,0.034624
0.03516,0.047997,0.020664,0.041839,0.04265,0.027891,0.035237,0.034755,0.032766,0.032666,0.033603,0.021448,0.024405,0.035672,0.035227,0.034813,0.048753,0.029097,0.034501,0.04069,0.022036,0.040873,0.032541,0.032981,0.020733,0.04616,0.049032,0.034758,0.048947,0.048461,0.035976,0.048054,0.02119,0.027189,0.025949,0.030706,0.02356,0.019649,0.020891,0.020964
0.026139,0.021192,0.027274,0.025907,0.023636,0.021111,0.022359,0.021826,0.020868,0.020947,0.027007,0.020451,0.032081,0.031418,0.020848,0.029941,0.021843,0.026848,0.021098,0.028525,0.026206,0.022267,0.021088,0.021872,0.022308,0.02005,0.020328,0.026248,0.021174,0.03172,0.02105,0.048116,0.034761,0.032035,0.037889,0.047831,0.043187,0.04039,0.026811,0.038237
0.033612,0.048115,0.034723,0.04901,0.048051,0.035889,0.033985,0.04277,0.020917,0.036464,0.032484,0.033991,0.031576,0.032493,0.020803,0.024701,0.04002,0.033026,0.047962,0.036264,0.033197,0.031345,0.034114,0.020439,0.047633,0.049374,0.049707,0.036554,0.028816,0.032603,0.030053,0.0208,0.020755,0.045335,0.035519,0.049296,0.0338,0.049284,0.036156,0.048429
0.02791,0.034587,0.040958,0.02387,0.040236,0.047599,0.02182,0.030426,0.030832,0.020735,0.030925,0.03165,0.021701,0.026545,0.025749,0.022176,0.019698,0.020725,0.024143,0.020609,0.021967,0.025492,0.020338,0.021845,0.025728,0.020154,0.021341,0.027357,0.020471,0.030259,0.027608,0.021619,0.020524,0.031859,0.035403,0.029812,0.038624,0.030074,0.033389,0.03214
0.033618,0.030973,0.03712,0.032595,0.033977,0.04351,0.020223,0.020246,0.030753,0.033372,0.019978,0.042289,0.036527,0.034248,0.034508,0.048321,0.020738,0.02811,0.020141,0.0495,0.049175,0.049324,0.03425,0.048746,0.036074,0.047923,0.034931,0.047426,0.034819,0.031973,0.023388,0.022473,0.041625,0.030213,0.03355,0.035848,0.047337,0.031187,0.037066,0.042702
0.035991,0.03579,0.034094,0.048245,0.034042,0.049275,0.034966,0.048543,0.035401,0.049312,0.048756,0.034986,0.048561,0.035501,0.034927,0.040608,0.019728,0.037341,0.048523,0.034854,0.048338,0.035049,0.033749,0.030605,0.034023,0.034206,0.034506,0.049262,0.034053,0.046384,0.038301,0.040739,0.043159,0.023918,0.038044,0.034797,0.048813,0.036242,0.049072,0.033268
0.035789,0.041018,0.023623,0.046395,0.035422,0.033933,0.04952,0.035836,0.048084,0.04798,0.036632,0.032112,0.050555,0.048929,0.03553,0.047731,0.04818,0.037227,0.02579,0.042468,0.023814,0.020582,0.021274,0.034045,0.047544,0.047603,0.03588,0.034563,0.042152,0.035516,0.02339,0.03283,0.025401,0.030989,0.020822,0.020384,0.021528,0.022704,0.020781,0.031443
0.023702,0.026333,0.033229,0.034701,0.035952,0.032333,0.030113,0.023995,0.045469,0.03452,0.049411,0.033809,0.050287,0.035033,0.04751,0.049609,0.035733,0.03097,0.034454,0.028555,0.030755,0.042053,0.048501,0.048264,0.034933,0.049085,0.028325,0.041641,0.040954,0.042921,0.041416,0.042002,0.041387,0.036298,0.035341,0.034049,0.035629,0.047522,0.035731,0.027696
0.034536,0.035813,0.046164,0.020748,0.032329,0.032597,0.034785,0.048667,0.034195,0.049275,0.036035,0.033133,0.029682,0.040705,0.028943,0.033536,0.049085,0.048929,0.035861,0.048031,0.033218,0.049939,0.04928,0.047827,0.036495,0.032087,0.02667,0.039042,0.034249,0.035031,0.04885,0.034964,0.04901,0.03356,0.049592,0.034017,0.049409,0.049145,0.034797,0.032554
0.030475,0.024894,0.044411,0.049396,0.028329,0.034747,0.04132,0.040859,0.042818,0.0412,0.039916,0.044279,0.041529,0.042324,0.036189,0.020874,0.039617,0.036855,0.041051,0.028517,0.047861,0.036194,0.047378,0.036218,0.04756,0.036223,0.046918,0.035313,0.048549,0.035041,0.049494,0.034871,0.035447,0.025129,0.020173,0.021087,0.028358,0.02116,0.031451,0.036985
0.025057,0.033659,0.019924,0.033742,0.02888,0.036987,0.034065,0.049278,0.025177,0.019728,0.039324,0.033567,0.049309,0.032777,0.030061,0.030168,0.026501,0.041277,0.020118,0.035382,0.035403,0.048245,0.036073,0.046023,0.028348,0.042303,0.048907,0.042342,0.034576,0.042638,0.041457,0.030115,0.02098,0.032877,0.0357,0.035513,0.034702,0.035111,0.024382,0.03662
0.019753,0.031635,0.033502,0.020969,0.02324,0.020517,0.021219,0.031896,0.035861,0.040523,0.029537,0.021653,0.039462,0.041893,0.042151,0.025995,0.037122,0.020601,0.04792,0.049789,0.035493,0.026571,0.020945,0.021551,0.041162,0.03532,0.03506,0.048523,0.034963,0.048894,0.035981,0.048333,0.024373,0.021764,0.020191,0.027845,0.026487,0.026054,0.029566,0.026467
0.02684,0.035243,0.034246,0.020266,0.029373,0.034033,0.049185,0.031029,0.031891,0.041213,0.030138,0.036011,0.033263,0.047498,0.033114,0.033708,0.029196,0.022211,0.041814,0.03617,0.040562,0.042223,0.035725,0.034466,0.034297,0.045018,0.036962,0.050696,0.02859,0.033676,0.036655,0.04033,0.042913,0.034098,0.027057,0.042694,0.048538,0.049245,0.0302,0.03342
0.034343,0.035668,0.047843,0.040647,0.043387,0.034645,0.049207,0.020566,0.041036,0.019533,0.038105,0.047061,0.036163,0.048428,0.048744,0.035539,0.048488,0.034019,0.049168,0.047964,0.036312,0.048193,0.034706,0.049395,0.048527,0.035244,0.048279,0.036265,0.033046,0.042449,0.03645,0.027057,0.028093,0.047966,0.033928,0.020384,0.043436,0.034793,0.035237,0.028454
0.041225,0.022343,0.040468,0.049119,0.033645,0.034772,0.030316,0.03939,0.029472,0.033185,0.049728,0.048662,0.035428,0.03517,0.030644,0.030496,0.035474,0.024911,0.038022,0.041849,0.040631,0.019878,0.035683,0.032915,0.03625,0.044202,0.035758,0.035352,0.032467,0.032514,0.036529,0.027858,0.020684,0.032568,0.020455,0.024603,0.020462,0.020689,0.028914,0.025666
0.021563,0.01977,0.020765,0.033527,0.026496,0.03555,0.020239,0.027182,0.020256,0.020109,0.036015,0.030069,0.028475,0.033328,0.034652,0.028258,0.034555,0.034828,0.035409,0.035008,0.047163,0.035903,0.04811,0.034878,0.049964,0.048337,0.035477,0.035243,0.047475,0.048516,0.036929,0.034775,0.024378,0.02648,0.026113,0.03298,0.036208,0.034094,0.048786,0.035949
0.047814,0.048013,0.036587,0.033756,0.041994,0.035152,0.019915,0.035314,0.034232,0.036237,0.041208,0.035995,0.020036,0.048695,0.048979,0.03452,0.025333,0.019781,0.019605,0.034129,0.040449,0.03502,0.04309,0.048071,0.04819,0.019956,0.042746,0.043026,0.047905,0.049886,0.033445,0.04264,0.042499,0.027435,0.035542,0.019887,0.030775,0.032938,0.034977,0.046961
0.036347,0.048079,0.035788,0.047717,0.034063,0.036654,0.040552,0.020296,0.019807,0.029654,0.020417,0.032017,0.0209,0.023801,0.019181,0.020484,0.020903,0.025706,0.020422,0.022175,0.022287,0.019438,0.020492,0.025404,0.019138,0.02066,0.020261,0.026456,0.019657,0.033251,0.029107,0.024972,0.032094,0.024326,0.03185,0.019554,0.035661,0.023795,0.026346,0.032857
0.035429,0.033946,0.04859,0.034503,0.049425,0.048627,0.035643,0.034695,0.040628,0.036257,0.041075,0.040849,0.036493,0.036008,0.035245,0.046661,0.035601,0.048011,0.036189,0.034176,0.028314,0.032233,0.026505,0.021909,0.043646,0.043082,0.035329,0.035158,0.047638,0.036087,0.047479,0.049202,0.0361,0.046734,0.035338,0.048988,0.048978,0.0352,0.034137,0.030345
0.032689,0.03542,0.035103,0.048234,0.048581,0.035455,0.034989,0.032331,0.033092,0.031044,0.03584,0.049242,0.048248,0.034731,0.04858,0.03584,0.048411,0.035078,0.049086,0.033885,0.050116,0.026801,0.028536,0.023012,0.039508,0.026048,0.037424,0.020561,0.040609,0.043049,0.040921,0.036876,0.040521,0.041529,0.03509,0.036591,0.04786,0.033955,0.04885,0.03322
0.034874,0.030457,0.041067,0.021926,0.034204,0.029212,0.020878,0.020978,0.033401,0.034989,0.033696,0.042433,0.034336,0.036033,0.035515,0.035593,0.034772,0.045117,0.029724,0.029681,0.021773,0.019822,0.034342,0.04817,0.035502,0.047818,0.020433,0.028837,0.035391,0.019898,0.030333,0.034288,0.047512,0.035851,0.047823,0.03481,0.049625,0.034182,0.056323,0.02915
0.047506,0.048414,0.028446,0.023357,0.045789,0.021038,0.048728,0.049378,0.036033,0.031935,0.043773,0.020554,0.040812,0.04244,0.035889,0.048118,0.034356,0.03709,0.027315,0.020506,0.034318,0.026425,0.037205,0.02827,0.033103,0.036899,0.03374,0.041131,0.041965,0.035579,0.03555,0.047318,0.027438,0.039166,0.030163,0.037434,0.042073,0.021046,0.033,0.03421
0.036469,0.048484,0.034444,0.049166,0.034239,0.049566,0.034509,0.04908,0.034535,0.049223,0.049302,0.034774,0.047603,0.036031,0.048691,0.048515,0.03544,0.047786,0.034705,0.049861,0.036152,0.047377,0.034759,0.033948,0.042971,0.041421,0.040611,0.036269,0.035763,0.035802,0.032306,0.026829,0.019752,0.021753,0.031207,0.047656,0.035758,0.048939,0.034468,0.040736
0.042928,0.048706,0.042068,0.020892,0.023529,0.033869,0.028201,0.033272,0.035652,0.052493,0.043475,0.03611,0.034074,0.034673,0.054597,0.02177,0.035305,0.023919,0.0452,0.033166,0.0317,0.021096,0.047179,0.035714,0.04736,0.035858,0.048133,0.035571,0.036098,0.025653,0.03147,0.027377,0.02564,0.035247,0.053763,0.04346,0.041033,0.041683,0.019867,0.031109
0.034342,0.034525,0.034423,0.049821,0.034238,0.048693,0.035015,0.049217,0.035529,0.048109,0.048118,0.034511,0.049965,0.034529,0.048358,0.034301,0.049937,0.048778,0.034976,0.048343,0.049492,0.034888,0.047719,0.036008,0.03413,0.049282,0.028964,0.034545,0.040541,0.042244,0.032352,0.037486,0.049051,0.036796,0.046194,0.027773,0.03612,0.040945,0.030448,0.034082
0.046984,0.020188,0.049857,0.041948,0.034405,0.035736,0.03512,0.035139,0.048261,0.048016,0.035647,0.034705,0.048559,0.048439,0.036187,0.034445,0.041612,0.042185,0.048236,0.032,0.031683,0.041161,0.029851,0.047375,0.048522,0.035328,0.047948,0.03677,0.031913,0.033455,0.029914,0.025686,0.025854,0.020643,0.031012,0.033917,0.020264,0.026288,0.034231,0.034213
0.035211,0.029081,0.034085,0.034167,0.035275,0.047887,0.035508,0.033995,0.030817,0.033278,0.020044,0.034168,0.043258,0.023931,0.045325,0.034909,0.048231,0.03566,0.048915,0.033947,0.049573,0.049821,0.034714,0.048978,0.032714,0.020267,0.042984,0.035563,0.03625,0.032739,0.033013,0.031353,0.035353,0.047654,0.034883,0.048716,0.036363,0.034249,0.035175,0.034128
0.023256,0.020231,0.020774,0.025706,0.019849,0.020392,0.044436,0.020047,0.035598,0.048853,0.042311,0.027989,0.022281,0.021082,0.019383,0.035406,0.026143,0.020649,0.020027,0.033936,0.028037,0.021249,0.030353,0.030922,0.038012,0.046413,0.036953,0.030058,0.034563,0.034635,0.03237,0.033299,0.030078,0.019368,0.032668,0.031202,0.036747,0.048418,0.036108,0.047167
0.035848,0.032314,0.030309,0.034892,0.034701,0.04783,0.037096,0.04678,0.042523,0.041678,0.043041,0.047424,0.041683,0.036398,0.047366,0.035531,0.048884,0.048415,0.035311,0.049,0.036341,0.026524,0.03556,0.020824,0.047793,0.034608,0.050124,0.035136,0.035052,0.037675,0.021949,0.020058,0.033746,0.033498,0.034409,0.047839,0.034786,0.049087,0.034323,0.042112
0.034626,0.029221,0.021764,0.020631,0.03452,0.037379,0.021776,0.037547,0.020283,0.042648,0.019386,0.036543,0.034061,0.049178,0.033821,0.050064,0.030996,0.031899,0.03351,0.020301,0.042511,0.037149,0.034006,0.035169,0.035459,0.033421,0.028656,0.024089,0.026426,0.032596,0.020277,0.030591,0.033862,0.020663,0.02911,0.033124,0.019458,0.028854,0.020074,0.035326
0.041878,0.035284,0.034591,0.036297,0.033643,0.048894,0.035548,0.047719,0.035924,0.048139,0.036261,0.04675,0.03571,0.041642,0.019888,0.037159,0.034365,0.048298,0.027961,0.041777,0.04233,0.041385,0.038687,0.039042,0.035891,0.033356,0.048784,0.04854,0.029118,0.03578,0.033569,0.034399,0.030702,0.019343,0.02033,0.034159,0.04219,0.043205,0.027182,0.040505
