0.088897,0.059959,0.06272,0.058797,0.060784,0.062124,0.060723,0.060638,0.060022,0.058823,0.058988,0.059183,0.061354,0.062695,0.066192,0.066249,0.068367,0.06307,0.060298,0.067547,0.065409,0.064002,0.066693,0.067598,0.061253,0.07552,0.066167,0.060898,0.073412,0.066975,0.066927,0.060667,0.060424,0.059797,0.063745,0.059981,0.060319,0.060546,0.062005,0.06511
0.052081,0.048455,0.041059,0.055313,0.041901,0.047852,0.048115,0.051735,0.044191,0.048805,0.055397,0.051339,0.039816,0.059966,0.042642,0.05728,0.040839,0.052602,0.042677,0.040412,0.052958,0.0471,0.054275,0.055198,0.040762,0.048758,0.061059,0.044603,0.050017,0.050304,0.048895,0.042648,0.040778,0.045177,0.043134,0.040991,0.048123,0.051631,0.053329,0.047102
0.037227,0.039962,0.055956,0.047286,0.051275,0.052803,0.046516,0.045616,0.055718,0.050736,0.036475,0.041535,0.06044,0.039355,0.057065,0.054413,0.037184,0.062362,0.042596,0.035423,0.068735,0.046166,0.053238,0.047208,0.036693,0.048695,0.048224,0.055648,0.038741,0.058115,0.046838,0.051477,0.053025,0.04274,0.035822,0.037444,0.049206,0.046638,0.038302,0.044687
0.043,0.036188,0.045535,0.036877,0.047102,0.056207,0.044646,0.044115,0.041377,0.04175,0.04184,0.033222,0.055274,0.044746,0.048196,0.06313,0.037772,0.05726,0.045836,0.044254,0.049271,0.048949,0.041838,0.04389,0.046328,0.053898,0.041399,0.045537,0.042918,0.044066,0.055196,0.046948,0.050168,0.063236,0.043104,0.061041,0.05098,0.039279,0.043776,0.057794
0.039861,0.047384,0.034336,0.049608,0.034365,0.035192,0.04021,0.0366,0.055737,0.047357,0.033542,0.034056,0.04178,0.033554,0.041194,0.044293,0.033769,0.053637,0.046887,0.056237,0.042348,0.05756,0.048919,0.038716,0.040761,0.055835,0.049295,0.047466,0.051246,0.034071,0.03501,0.046195,0.053625,0.068481,0.038953,0.053019,0.033908,0.051155,0.054697,0.040319
0.049574,0.062544,0.044131,0.033948,0.03425,0.060509,0.039232,0.055006,0.040516,0.056979,0.051007,0.047355,0.047778,0.03443,0.033452,0.045951,0.039661,0.042419,0.055047,0.038267,0.042155,0.051283,0.034351,0.035244,0.047384,0.034823,0.034396,0.047192,0.051302,0.050308,0.034617,0.046862,0.051158,0.048061,0.050561,0.054815,0.047385,0.045908,0.053751,0.035148
0.046577,0.032952,0.033735,0.034107,0.032838,0.033281,0.034328,0.033829,0.04204,0.032975,0.059694,0.050094,0.03992,0.048662,0.058285,0.034858,0.035123,0.046892,0.035277,0.03305,0.058454,0.055583,0.056188,0.041574,0.046089,0.050042,0.057575,0.033415,0.033465,0.04991,0.033918,0.034691,0.042866,0.049982,0.047823,0.049947,0.034146,0.05857,0.032857,0.046689
0.049775,0.049469,0.031896,0.052082,0.049076,0.049241,0.047862,0.057168,0.038561,0.041449,0.051807,0.034413,0.032606,0.040822,0.035231,0.052113,0.05025,0.048413,0.047512,0.056426,0.050197,0.042846,0.050848,0.04969,0.049692,0.057855,0.055044,0.039325,0.033436,0.052661,0.032173,0.050776,0.048609,0.055084,0.046649,0.050836,0.048807,0.051291,0.047047,0.058009
0.044418,0.045386,0.054515,0.049936,0.048506,0.048763,0.055974,0.048118,0.048684,0.055976,0.040271,0.056333,0.032678,0.031844,0.058368,0.040848,0.045152,0.050504,0.055418,0.032629,0.053136,0.033064,0.038213,0.04307,0.031955,0.033094,0.033309,0.032417,0.046522,0.054862,0.044994,0.060158,0.03442,0.045043,0.053807,0.042505,0.048269,0.055983,0.055437,0.04284
0.032212,0.044682,0.054243,0.036519,0.047502,0.046863,0.033826,0.058836,0.037691,0.040702,0.054124,0.04875,0.038465,0.043591,0.050096,0.033046,0.052236,0.032291,0.033745,0.032136,0.042308,0.039723,0.047804,0.048449,0.056402,0.032488,0.03382,0.032574,0.032902,0.038851,0.045912,0.03268,0.03399,0.032585,0.032245,0.033225,0.050816,0.033303,0.034792,0.033535
0.034977,0.045081,0.053195,0.032884,0.033587,0.032515,0.049644,0.031875,0.044412,0.049522,0.056024,0.049649,0.05349,0.032576,0.032275,0.048267,0.045452,0.051493,0.052487,0.046798,0.049663,0.032615,0.049332,0.056436,0.033086,0.049635,0.050805,0.043435,0.053821,0.056527,0.046968,0.033924,0.034327,0.04122,0.037775,0.049197,0.046112,0.038948,0.046741,0.056494
0.030817,0.032493,0.046915,0.049544,0.031464,0.052748,0.056459,0.035208,0.044203,0.039263,0.03972,0.048786,0.050567,0.032266,0.0505,0.041495,0.032599,0.041214,0.049286,0.040133,0.051538,0.051026,0.047794,0.049873,0.048888,0.0548,0.032554,0.035541,0.04897,0.043078,0.051574,0.055998,0.047968,0.048473,0.047753,0.050504,0.047869,0.033549,0.031765,0.043998
0.044063,0.056241,0.042585,0.046473,0.048239,0.058044,0.032447,0.050045,0.031081,0.040759,0.041273,0.05513,0.032658,0.049722,0.031491,0.051965,0.032614,0.045762,0.032002,0.051389,0.048789,0.055669,0.038875,0.037689,0.056867,0.033584,0.032963,0.043368,0.056805,0.037251,0.045841,0.05156,0.033474,0.033933,0.033276,0.032602,0.032557,0.033476,0.032875,0.03207
0.032075,0.02995,0.056298,0.033156,0.032276,0.032033,0.046807,0.048881,0.056837,0.032791,0.033167,0.045399,0.030714,0.04901,0.058954,0.049175,0.031137,0.045407,0.056084,0.050079,0.051419,0.047317,0.052367,0.032362,0.032874,0.031781,0.05105,0.050147,0.055459,0.042772,0.031547,0.036668,0.046489,0.032408,0.054696,0.048854,0.05396,0.033411,0.033403,0.033029
0.033249,0.032811,0.032757,0.032138,0.049459,0.032032,0.031163,0.030987,0.037854,0.042288,0.047903,0.044447,0.035313,0.036823,0.042965,0.031364,0.030834,0.038998,0.03424,0.032243,0.051313,0.031365,0.030519,0.030677,0.033821,0.035539,0.031829,0.038145,0.032057,0.031258,0.03239,0.033784,0.042129,0.04114,0.035987,0.042797,0.037014,0.033442,0.032956,0.04436
0.045054,0.0314,0.031169,0.030909,0.035177,0.032136,0.033798,0.031767,0.035068,0.032604,0.041707,0.032163,0.032694,0.032023,0.031949,0.038926,0.032818,0.032823,0.046272,0.048887,0.054264,0.040053,0.059194,0.033074,0.032267,0.0329,0.032495,0.031749,0.04105,0.046514,0.033154,0.031752,0.036526,0.036682,0.042304,0.031278,0.031212,0.032976,0.034179,0.032923
0.031565,0.050253,0.033736,0.03353,0.034452,0.039985,0.032098,0.032002,0.030655,0.033279,0.031334,0.035128,0.031447,0.033411,0.032154,0.038513,0.03661,0.032594,0.032273,0.031306,0.030503,0.031434,0.039907,0.031438,0.030743,0.041814,0.039955,0.033876,0.043108,0.031887,0.032359,0.031689,0.030536,0.031214,0.051642,0.033478,0.031263,0.055859,0.032484,0.030865
0.030692,0.034422,0.03066,0.040232,0.030671,0.031085,0.032422,0.032319,0.032905,0.04069,0.037499,0.04548,0.048249,0.049498,0.031262,0.058013,0.032366,0.032152,0.03118,0.030603,0.031185,0.032589,0.034136,0.03273,0.037909,0.032156,0.043016,0.047732,0.044211,0.033632,0.030922,0.032755,0.030774,0.034105,0.048604,0.060334,0.032613,0.040143,0.034154,0.034261
0.032625,0.038295,0.03139,0.030776,0.037936,0.039188,0.045679,0.033127,0.032108,0.031142,0.031998,0.032234,0.033682,0.033163,0.044201,0.041059,0.031806,0.031737,0.036743,0.032135,0.032947,0.033132,0.033387,0.03229,0.033595,0.032679,0.054208,0.044523,0.052156,0.057753,0.032582,0.030494,0.030602,0.031591,0.039,0.033054,0.030842,0.032661,0.032645,0.034284
0.031696,0.033186,0.039881,0.032497,0.031606,0.045398,0.041615,0.032535,0.031734,0.037893,0.037962,0.033114,0.034234,0.04668,0.04142,0.030414,0.031604,0.033987,0.032602,0.039919,0.036942,0.052244,0.043971,0.052513,0.03094,0.031028,0.039556,0.045774,0.031824,0.032415,0.030782,0.033408,0.039517,0.054943,0.039703,0.052009,0.035586,0.031507,0.031235,0.032164
0.032487,0.058254,0.031719,0.031909,0.030968,0.032693,0.047152,0.056056,0.040216,0.042833,0.031834,0.036323,0.032896,0.036772,0.03568,0.045176,0.032651,0.031081,0.031725,0.031031,0.035439,0.031749,0.033143,0.031983,0.033673,0.042034,0.036729,0.037794,0.032714,0.040989,0.031908,0.038338,0.046424,0.031663,0.031411,0.031099,0.031243,0.042874,0.032668,0.031689
0.03084,0.032179,0.031162,0.037004,0.04141,0.041243,0.035063,0.030568,0.031273,0.031992,0.034397,0.045666,0.043782,0.031033,0.038763,0.031023,0.042964,0.056774,0.031477,0.039733,0.042431,0.032737,0.04238,0.041636,0.030354,0.032905,0.032036,0.039098,0.033685,0.032014,0.030259,0.031887,0.032197,0.033195,0.043791,0.031777,0.03163,0.031043,0.031936,0.031678
0.032969,0.050206,0.036548,0.03667,0.031701,0.032758,0.029425,0.036888,0.035441,0.031496,0.030412,0.030825,0.038998,0.036198,0.031105,0.030847,0.030072,0.032594,0.034097,0.039434,0.040378,0.045376,0.032329,0.03315,0.032057,0.043433,0.034902,0.054135,0.050842,0.031174,0.031902,0.031861,0.036941,0.035424,0.031711,0.031926,0.031306,0.031388,0.035364,0.053376
0.049233,0.034431,0.030151,0.030946,0.057591,0.048523,0.031958,0.030326,0.032908,0.032672,0.032838,0.04315,0.032062,0.030428,0.030353,0.03023,0.033582,0.03344,0.033665,0.041707,0.031888,0.031999,0.030727,0.03042,0.032712,0.05622,0.041624,0.045206,0.031559,0.030194,0.030489,0.031087,0.033265,0.036708,0.032722,0.036095,0.031353,0.032247,0.031402,0.033914
0.03199,0.048708,0.039325,0.030319,0.03816,0.03299,0.032627,0.056161,0.039756,0.03772,0.031025,0.039279,0.033373,0.032201,0.03197,0.03121,0.03008,0.048868,0.03615,0.032274,0.038239,0.031777,0.028913,0.036863,0.034461,0.031687,0.030793,0.03101,0.052386,0.033508,0.032555,0.033578,0.031539,0.03852,0.029474,0.042303,0.031729,0.031378,0.031804,0.029945
0.058614,0.032101,0.031436,0.030855,0.040495,0.050167,0.046289,0.032462,0.03095,0.031201,0.037792,0.030718,0.04016,0.036146,0.042728,0.031048,0.030109,0.032787,0.043509,0.047486,0.048077,0.050272,0.030622,0.030821,0.032096,0.060887,0.046655,0.038411,0.045201,0.032137,0.029943,0.030913,0.037604,0.050781,0.03748,0.032779,0.031132,0.030748,0.030177,0.030445
0.033946,0.039374,0.03021,0.030595,0.033754,0.034076,0.039568,0.032938,0.037514,0.044768,0.030231,0.032502,0.046659,0.040704,0.040671,0.042752,0.0317,0.030825,0.031356,0.05624,0.031498,0.03181,0.036444,0.030962,0.031093,0.038055,0.053581,0.031779,0.032805,0.042054,0.04649,0.043574,0.035712,0.037227,0.04241,0.029554,0.032645,0.033365,0.036682,0.039155
0.030165,0.030874,0.032053,0.033514,0.041324,0.032248,0.032013,0.031103,0.032034,0.030358,0.034977,0.03652,0.036305,0.032872,0.032442,0.030904,0.031283,0.039338,0.032619,0.0317,0.030521,0.031704,0.030981,0.03679,0.029827,0.031147,0.034209,0.035302,0.034245,0.0417,0.046004,0.053048,0.031821,0.031823,0.03131,0.030761,0.030918,0.058608,0.032092,0.03005
0.030664,0.047712,0.067497,0.058683,0.033083,0.031634,0.031724,0.031498,0.031974,0.039979,0.032972,0.030937,0.030219,0.053879,0.031906,0.030965,0.035688,0.054433,0.031917,0.031001,0.030047,0.053814,0.049437,0.031091,0.030641,0.032405,0.044958,0.036621,0.034525,0.039777,0.042331,0.041533,0.050121,0.031525,0.030658,0.031022,0.038953,0.031273,0.03036,0.036672
0.031497,0.036821,0.036478,0.032019,0.029526,0.031378,0.031897,0.041037,0.031565,0.029998,0.031254,0.033149,0.055829,0.030354,0.031418,0.037682,0.04103,0.042716,0.0307,0.03978,0.032802,0.032254,0.033105,0.032178,0.031288,0.033181,0.031246,0.031456,0.054016,0.029788,0.042106,0.033397,0.033166,0.031679,0.03229,0.047857,0.03803,0.031848,0.031911,0.030677
0.030823,0.031733,0.032968,0.032708,0.046564,0.040197,0.0322,0.031877,0.037743,0.045839,0.03206,0.042995,0.032078,0.031061,0.030885,0.035665,0.034968,0.030068,0.031146,0.034843,0.03461,0.044915,0.040223,0.031865,0.034664,0.030981,0.030557,0.050415,0.034328,0.043118,0.0433,0.030629,0.032076,0.031924,0.038923,0.036094,0.032306,0.048406,0.02994,0.039262
0.030317,0.042032,0.04864,0.03963,0.031901,0.037559,0.038212,0.040977,0.032693,0.057131,0.03158,0.031419,0.032097,0.031521,0.041276,0.030081,0.033171,0.031957,0.031724,0.032881,0.032081,0.038891,0.03626,0.041201,0.032852,0.039525,0.030556,0.031448,0.032939,0.04129,0.031543,0.031387,0.030105,0.031757,0.03287,0.043145,0.032157,0.030684,0.031117,0.032155
0.030711,0.03461,0.033383,0.060193,0.050133,0.038257,0.038548,0.029655,0.031226,0.033162,0.033295,0.033294,0.03397,0.042781,0.047721,0.048551,0.043685,0.038893,0.03062,0.033231,0.032782,0.031448,0.053984,0.048823,0.032357,0.032188,0.038819,0.030146,0.031015,0.038128,0.030686,0.030885,0.037626,0.031539,0.031854,0.034153,0.032782,0.04985,0.04546,0.044495
0.031423,0.031461,0.038395,0.033992,0.032747,0.032132,0.031411,0.048546,0.031797,0.051614,0.03079,0.038999,0.029712,0.030715,0.037949,0.029436,0.033543,0.054618,0.031458,0.030497,0.032075,0.033006,0.055305,0.031893,0.031994,0.039454,0.049527,0.031092,0.031274,0.030081,0.032941,0.036821,0.035866,0.041337,0.038842,0.031998,0.031262,0.040149,0.040366,0.042081
0.030534,0.030779,0.032842,0.04364,0.044588,0.036337,0.032717,0.039366,0.040918,0.031977,0.030909,0.038071,0.040839,0.044932,0.032174,0.030797,0.030532,0.034009,0.033306,0.031767,0.03482,0.031598,0.031687,0.033595,0.04115,0.031527,0.029559,0.049817,0.033247,0.037399,0.036047,0.030909,0.032904,0.030318,0.031371,0.041487,0.032129,0.031355,0.029945,0.03156
0.042145,0.042206,0.036858,0.030678,0.032033,0.036698,0.030706,0.032304,0.043806,0.032396,0.031995,0.032254,0.030763,0.030378,0.03605,0.030442,0.052932,0.031217,0.053293,0.030744,0.030347,0.044153,0.040489,0.049737,0.033331,0.032011,0.040554,0.032179,0.030434,0.03176,0.033994,0.031668,0.037412,0.040552,0.045487,0.031525,0.031523,0.03164,0.032423,0.037141
0.031636,0.030843,0.032235,0.043499,0.037299,0.042249,0.033237,0.032268,0.037739,0.033151,0.031727,0.032005,0.040224,0.042723,0.03282,0.038811,0.032537,0.032153,0.032137,0.041388,0.041362,0.030058,0.029983,0.033482,0.033871,0.033513,0.037983,0.031496,0.04262,0.04488,0.032065,0.036041,0.032975,0.031209,0.030513,0.030456,0.031814,0.044696,0.04618,0.03724
0.039327,0.03262,0.032811,0.051445,0.04892,0.056488,0.031578,0.030245,0.036907,0.048759,0.055535,0.032296,0.031497,0.030795,0.052395,0.05555,0.041916,0.030594,0.04007,0.031599,0.031957,0.031415,0.031447,0.053214,0.031059,0.032011,0.03759,0.031162,0.031106,0.033441,0.038674,0.050947,0.03171,0.030925,0.032359,0.032584,0.04049,0.03134,0.031659,0.03061
0.032279,0.031755,0.032818,0.034013,0.034893,0.032582,0.038938,0.031116,0.031617,0.033147,0.031232,0.037935,0.032848,0.037591,0.030771,0.03069,0.036024,0.0297,0.031006,0.048186,0.058345,0.032028,0.030154,0.032845,0.036709,0.048116,0.030861,0.041217,0.032247,0.031583,0.031565,0.031373,0.032388,0.031073,0.035575,0.038353,0.037468,0.032946,0.033064,0.035846
0.047239,0.049376,0.03251,0.030929,0.032098,0.032598,0.032306,0.032384,0.03833,0.037641,0.032167,0.032364,0.031618,0.030313,0.036703,0.032304,0.030878,0.030095,0.032152,0.043354,0.033101,0.037977,0.035717,0.040142,0.029688,0.031435,0.044501,0.043722,0.030318,0.032595,0.031848,0.038414,0.03117,0.047877,0.03647,0.03091,0.031662,0.035332,0.032445,0.032391
