0.053036,0.030676,0.029171,0.031551,0.034125,0.037669,0.030086,0.039414,0.03183,0.034436,0.03306,0.044707,0.03011,0.031259,0.037171,0.030307,0.035247,0.031962,0.042331,0.04978,0.046554,0.030816,0.030608,0.034548,0.031639,0.036905,0.030413,0.043194,0.040347,0.032245,0.033305,0.037202,0.028808,0.039465,0.042813,0.040208,0.035005,0.032229,0.030772,0.030791
0.020453,0.020257,0.040746,0.023257,0.038157,0.037515,0.033383,0.020093,0.043651,0.03489,0.033938,0.031058,0.038599,0.026065,0.036276,0.033504,0.034289,0.030045,0.035604,0.020173,0.045996,0.032271,0.034453,0.037171,0.026209,0.020102,0.034479,0.020858,0.038079,0.020549,0.042609,0.020977,0.038523,0.034755,0.035008,0.026729,0.020201,0.036054,0.02881,0.034415
0.017824,0.033648,0.030262,0.034142,0.018043,0.032017,0.017557,0.037386,0.026388,0.036999,0.020711,0.024089,0.031782,0.035871,0.03514,0.023407,0.037228,0.036037,0.01914,0.036106,0.034531,0.027215,0.03659,0.035221,0.018433,0.029454,0.036091,0.032789,0.02689,0.039861,0.035309,0.027038,0.033898,0.034565,0.019069,0.032776,0.022474,0.029895,0.030326,0.018101
0.035388,0.027274,0.036903,0.033653,0.035773,0.026221,0.024464,0.019481,0.027355,0.032878,0.029465,0.039833,0.026312,0.036169,0.03137,0.033424,0.033738,0.019035,0.03784,0.02683,0.034593,0.028034,0.034351,0.041461,0.029293,0.023703,0.037763,0.02095,0.036473,0.018448,0.049248,0.028214,0.035955,0.027373,0.037012,0.033524,0.034453,0.018239,0.033217,0.032508
0.026231,0.019614,0.036356,0.027805,0.029732,0.017371,0.044153,0.033616,0.029423,0.034406,0.016728,0.032641,0.016777,0.026057,0.040878,0.028234,0.041293,0.028195,0.034547,0.035672,0.033545,0.028072,0.017558,0.038207,0.024925,0.024805,0.017324,0.030988,0.035058,0.034872,0.016541,0.032584,0.028286,0.034025,0.035565,0.033389,0.028411,0.036211,0.035235,0.032637
0.016905,0.036043,0.019779,0.023937,0.017304,0.014888,0.016476,0.03567,0.017414,0.030868,0.018239,0.033709,0.015207,0.030624,0.023753,0.032599,0.024543,0.021787,0.041529,0.03435,0.034538,0.025819,0.035801,0.033151,0.029222,0.036417,0.016501,0.038978,0.034112,0.030247,0.019614,0.026732,0.03388,0.033955,0.025013,0.038337,0.03884,0.024149,0.042277,0.036843
0.025853,0.03396,0.023203,0.023166,0.026285,0.028089,0.016435,0.016576,0.033172,0.027898,0.03445,0.036885,0.034974,0.034686,0.026903,0.034543,0.015707,0.034745,0.015968,0.028774,0.032785,0.017199,0.017623,0.02309,0.016511,0.01597,0.015935,0.032357,0.022547,0.032403,0.026505,0.037098,0.016207,0.031957,0.035543,0.026796,0.029895,0.021714,0.017657,0.036457
0.022263,0.026928,0.03457,0.034648,0.016435,0.032479,0.016097,0.038769,0.029047,0.034302,0.016263,0.022535,0.024454,0.033177,0.017971,0.031838,0.035743,0.033774,0.018185,0.031045,0.01719,0.024983,0.04192,0.034104,0.016005,0.033151,0.027802,0.041062,0.035629,0.027543,0.036378,0.03459,0.018754,0.043238,0.03623,0.032688,0.029025,0.034916,0.022903,0.028139
0.015943,0.028605,0.019503,0.038396,0.034233,0.034702,0.016264,0.031252,0.03617,0.027986,0.036313,0.035581,0.027165,0.015714,0.039121,0.026948,0.036579,0.016506,0.038172,0.028545,0.040061,0.030134,0.026738,0.016482,0.039945,0.016315,0.029664,0.030619,0.035181,0.022828,0.02626,0.015479,0.032973,0.034212,0.035822,0.041372,0.02242,0.03422,0.034361,0.034988
0.03503,0.033573,0.029085,0.03464,0.035137,0.035043,0.026003,0.01799,0.031522,0.029463,0.018374,0.02303,0.034054,0.016733,0.0323,0.016309,0.033462,0.022793,0.029449,0.020832,0.044337,0.023265,0.028408,0.023528,0.018574,0.028522,0.029059,0.020435,0.021607,0.019215,0.025852,0.01696,0.021529,0.0177,0.018721,0.016973,0.014952,0.019628,0.016071,0.016259
0.03547,0.015195,0.033119,0.015928,0.032677,0.03522,0.036095,0.034523,0.033639,0.016751,0.015256,0.01562,0.037509,0.016162,0.021978,0.034957,0.016185,0.033859,0.016435,0.032117,0.019745,0.016261,0.020023,0.024957,0.016772,0.023359,0.019505,0.028427,0.016664,0.039049,0.016073,0.01651,0.020087,0.02414,0.016731,0.018753,0.018137,0.017364,0.022486,0.016079
0.016128,0.015523,0.015807,0.015816,0.015862,0.015339,0.015788,0.019054,0.018903,0.015838,0.015889,0.035205,0.015536,0.028709,0.035962,0.035725,0.018382,0.029567,0.015717,0.032326,0.036361,0.034851,0.034315,0.034032,0.029446,0.033918,0.015908,0.034096,0.015972,0.038697,0.027541,0.02629,0.04453,0.034105,0.016267,0.03216,0.035798,0.028301,0.015396,0.031889
0.01484,0.033757,0.014868,0.034765,0.015223,0.040303,0.015316,0.034609,0.016195,0.032574,0.023546,0.045344,0.035065,0.02894,0.034348,0.02724,0.036002,0.034209,0.035952,0.033849,0.028157,0.034029,0.035237,0.023195,0.028447,0.015683,0.030619,0.022696,0.031122,0.029245,0.034902,0.037128,0.025998,0.023508,0.021251,0.024498,0.036314,0.022964,0.026215,0.03455
0.016602,0.01526,0.037317,0.016083,0.031113,0.028225,0.041609,0.029827,0.034854,0.023233,0.026329,0.022391,0.026144,0.01559,0.020692,0.015507,0.01552,0.016042,0.015697,0.015133,0.031263,0.016961,0.016769,0.018548,0.016899,0.015527,0.017411,0.015266,0.016189,0.041394,0.024149,0.015869,0.03438,0.018623,0.016932,0.017247,0.033539,0.022269,0.023585,0.023814
0.033007,0.014949,0.035717,0.015941,0.032614,0.014508,0.034215,0.022549,0.025378,0.035161,0.035683,0.016274,0.032543,0.015326,0.032791,0.016757,0.039721,0.027053,0.035608,0.035723,0.031898,0.015857,0.035193,0.02723,0.018385,0.030628,0.023912,0.031943,0.034829,0.029033,0.034753,0.03428,0.023522,0.027563,0.033224,0.03325,0.015684,0.033879,0.035267,0.028147
0.033896,0.03593,0.027262,0.034742,0.015291,0.017121,0.021528,0.037201,0.015494,0.024262,0.017599,0.039573,0.014935,0.034417,0.035399,0.023159,0.038228,0.035513,0.035726,0.033797,0.02831,0.041183,0.029168,0.035243,0.033308,0.033861,0.030061,0.034422,0.034816,0.023723,0.038692,0.035777,0.035533,0.026443,0.041342,0.019705,0.03589,0.035814,0.032345,0.016323
0.034577,0.016915,0.031427,0.022957,0.034434,0.015634,0.033053,0.016376,0.032068,0.023066,0.025589,0.016192,0.030882,0.043449,0.02889,0.034306,0.027374,0.041856,0.026667,0.036256,0.035729,0.032818,0.028496,0.024005,0.028284,0.039209,0.027875,0.035695,0.034957,0.027096,0.023807,0.029517,0.037223,0.028136,0.023306,0.027498,0.02199,0.027791,0.016592,0.02855
0.034743,0.016645,0.029718,0.020101,0.025773,0.025432,0.042872,0.023772,0.039627,0.028064,0.035647,0.033865,0.03528,0.027975,0.035249,0.015362,0.039951,0.019437,0.02209,0.023102,0.025474,0.025904,0.029257,0.027915,0.034968,0.036198,0.034511,0.035944,0.026849,0.017938,0.030545,0.024019,0.032243,0.016056,0.038837,0.017051,0.027902,0.021514,0.016447,0.024885
0.015191,0.016395,0.023779,0.015517,0.015244,0.037348,0.024205,0.025718,0.015988,0.015728,0.020605,0.026083,0.026924,0.029031,0.024283,0.017732,0.030214,0.043076,0.034129,0.028961,0.034043,0.028805,0.029673,0.022505,0.031412,0.014842,0.018026,0.017375,0.022146,0.021371,0.021531,0.015789,0.023087,0.019837,0.01594,0.031322,0.014779,0.017652,0.015912,0.037515
0.015196,0.033398,0.034691,0.034425,0.028592,0.034093,0.014906,0.03583,0.015476,0.038817,0.027254,0.036337,0.026292,0.022929,0.033039,0.015341,0.033406,0.028573,0.040877,0.026015,0.038026,0.035436,0.026629,0.035552,0.041317,0.021502,0.041356,0.015618,0.034607,0.027301,0.033362,0.035734,0.016138,0.027347,0.016591,0.037724,0.03618,0.034882,0.033942,0.027434
0.034651,0.036165,0.026855,0.034549,0.034884,0.015523,0.032893,0.015352,0.030741,0.045352,0.026849,0.036246,0.035712,0.034317,0.025702,0.037095,0.034816,0.027292,0.030259,0.039764,0.035105,0.035702,0.033179,0.015178,0.033394,0.028957,0.033964,0.036349,0.034067,0.035924,0.032284,0.029213,0.036286,0.022755,0.046865,0.027446,0.034384,0.023362,0.02812,0.03843
0.021287,0.035494,0.028586,0.035133,0.040792,0.015579,0.033582,0.014812,0.033117,0.023532,0.022967,0.017579,0.033181,0.015682,0.033176,0.023173,0.034142,0.023298,0.023257,0.024359,0.029841,0.014815,0.030724,0.034475,0.035264,0.027654,0.034726,0.023268,0.024677,0.03577,0.035742,0.035156,0.034529,0.034812,0.02519,0.037696,0.032213,0.035165,0.036676,0.022565
0.039927,0.026627,0.034602,0.036662,0.04092,0.029762,0.033636,0.018062,0.022993,0.035789,0.033624,0.034671,0.036837,0.035139,0.034142,0.015764,0.032389,0.028564,0.033292,0.03609,0.035504,0.026527,0.042587,0.028678,0.034686,0.027662,0.03523,0.02916,0.046287,0.02948,0.034816,0.034061,0.028564,0.015804,0.029365,0.015999,0.035836,0.015392,0.02101,0.034289
0.034614,0.02642,0.036134,0.035522,0.015623,0.032422,0.035098,0.035397,0.015336,0.032979,0.015415,0.02695,0.041786,0.027578,0.033266,0.035044,0.015508,0.028674,0.025115,0.015969,0.035395,0.015359,0.033258,0.014992,0.040591,0.016304,0.031493,0.035469,0.027591,0.035345,0.027062,0.040036,0.03107,0.034488,0.034014,0.028011,0.034035,0.035826,0.036038,0.034613
0.027721,0.022499,0.03168,0.029544,0.034985,0.034779,0.027213,0.022572,0.033701,0.033097,0.029085,0.023371,0.024245,0.015722,0.034723,0.016277,0.039811,0.016083,0.02261,0.015984,0.030701,0.015674,0.015644,0.015271,0.034692,0.014924,0.035501,0.01524,0.034386,0.015373,0.031265,0.035955,0.03471,0.027429,0.034153,0.035977,0.035608,0.033734,0.035492,0.015446
0.025687,0.0232,0.015232,0.031713,0.022116,0.024705,0.024881,0.03116,0.015961,0.025709,0.0317,0.02164,0.01607,0.036098,0.017379,0.014627,0.020974,0.03211,0.015317,0.015211,0.019816,0.015176,0.015164,0.015007,0.024075,0.025125,0.018617,0.019007,0.015115,0.027712,0.017953,0.034551,0.015973,0.04059,0.015217,0.033264,0.017666,0.032268,0.014882,0.033427
0.015416,0.032498,0.014983,0.033401,0.035953,0.03511,0.035548,0.034321,0.015378,0.033518,0.023033,0.03605,0.016993,0.033574,0.016326,0.033734,0.023568,0.033371,0.034178,0.026666,0.024952,0.03061,0.015621,0.014949,0.022339,0.023499,0.016555,0.033409,0.022393,0.034498,0.022483,0.038947,0.041694,0.029647,0.015567,0.032664,0.014714,0.032264,0.037166,0.035086
0.033539,0.035364,0.023989,0.020646,0.031669,0.034186,0.036834,0.032717,0.029203,0.033539,0.021608,0.035747,0.015318,0.032303,0.015322,0.030416,0.030437,0.042657,0.019963,0.026506,0.016598,0.02752,0.017368,0.032159,0.022893,0.028383,0.021464,0.029853,0.030639,0.036251,0.030659,0.032739,0.018637,0.030795,0.035628,0.038056,0.02746,0.032045,0.034287,0.034601
0.025981,0.021758,0.041724,0.03312,0.035104,0.027614,0.016633,0.030034,0.036932,0.035994,0.022943,0.026393,0.014869,0.031746,0.041817,0.029375,0.032508,0.029981,0.017154,0.038709,0.015212,0.033968,0.015724,0.033528,0.022515,0.026885,0.034267,0.026732,0.02386,0.031692,0.0147,0.035749,0.033964,0.03512,0.034199,0.02843,0.035091,0.03533,0.016278,0.032119
0.034613,0.027104,0.02343,0.033069,0.028505,0.040169,0.035677,0.026211,0.037087,0.027167,0.035831,0.022347,0.023663,0.018494,0.032348,0.03486,0.035744,0.04026,0.026701,0.030101,0.035231,0.035604,0.033066,0.028325,0.033652,0.036621,0.034001,0.016305,0.033341,0.034629,0.028378,0.015545,0.031986,0.042871,0.027894,0.050276,0.022107,0.015337,0.031067,0.025937
0.035546,0.035195,0.03544,0.035549,0.015934,0.033187,0.015234,0.033068,0.022039,0.022152,0.021046,0.032015,0.02891,0.020617,0.02164,0.034396,0.022582,0.021689,0.020861,0.03214,0.016477,0.014254,0.020903,0.015088,0.016504,0.035782,0.014922,0.034087,0.015217,0.032083,0.017111,0.031583,0.024616,0.030761,0.029368,0.035483,0.034917,0.035141,0.016731,0.031368
0.023388,0.025718,0.034342,0.034564,0.018607,0.027594,0.031189,0.040594,0.024779,0.016489,0.02028,0.029067,0.023499,0.033204,0.027571,0.035178,0.034878,0.035768,0.034632,0.015526,0.032353,0.035837,0.026712,0.035483,0.035872,0.026228,0.042477,0.023925,0.038647,0.036092,0.034093,0.015241,0.024847,0.023093,0.034428,0.022861,0.024928,0.022702,0.031516,0.031
0.026747,0.034921,0.0341,0.035696,0.035388,0.027458,0.03419,0.03508,0.035974,0.035494,0.024403,0.036701,0.036057,0.035034,0.034294,0.035295,0.026624,0.036019,0.035341,0.034752,0.018206,0.029742,0.03529,0.027289,0.016564,0.040853,0.023685,0.024499,0.015452,0.015431,0.030565,0.023366,0.030957,0.01462,0.014188,0.016956,0.034108,0.035083,0.034813,0.026918
0.032471,0.017558,0.031694,0.036728,0.01551,0.040265,0.015685,0.032642,0.027514,0.035001,0.036336,0.034809,0.02771,0.034767,0.033463,0.036396,0.023235,0.033123,0.019139,0.018787,0.02696,0.022053,0.031448,0.016537,0.026057,0.016291,0.015397,0.01537,0.036699,0.015215,0.033254,0.016216,0.031862,0.01595,0.033082,0.041695,0.025707,0.030178,0.032568,0.016177
0.034599,0.016113,0.039669,0.015944,0.033125,0.014889,0.033672,0.022859,0.029282,0.014952,0.029784,0.023949,0.026752,0.040581,0.035706,0.027889,0.0351,0.034747,0.026944,0.034772,0.036384,0.025465,0.042903,0.016774,0.030955,0.036731,0.026465,0.036953,0.034741,0.018207,0.030194,0.027404,0.034651,0.015041,0.033445,0.016189,0.040087,0.014865,0.034523,0.015083
0.033358,0.022924,0.032307,0.019614,0.023933,0.024795,0.025863,0.031756,0.034827,0.014719,0.033628,0.03601,0.036051,0.034193,0.03431,0.026851,0.035951,0.026818,0.035092,0.030846,0.039511,0.015431,0.018858,0.028013,0.035066,0.034757,0.035689,0.03475,0.027231,0.035229,0.015123,0.040469,0.016077,0.01517,0.015152,0.016343,0.023525,0.022926,0.024587,0.015094
0.015112,0.015573,0.015054,0.024207,0.023222,0.015651,0.017067,0.024902,0.015575,0.015733,0.015547,0.016416,0.014845,0.0225,0.030289,0.015331,0.03548,0.015731,0.031445,0.017775,0.032738,0.015035,0.027194,0.018737,0.018428,0.032412,0.017132,0.039455,0.016376,0.03252,0.022931,0.025304,0.014535,0.034167,0.015215,0.032115,0.036797,0.034725,0.035267,0.034758
0.027382,0.031474,0.016824,0.035225,0.022796,0.016378,0.015705,0.028789,0.024048,0.024924,0.018524,0.029965,0.042195,0.034427,0.029041,0.03471,0.027606,0.022375,0.031784,0.028309,0.03481,0.015697,0.029714,0.022836,0.030099,0.033915,0.041416,0.030354,0.034644,0.033918,0.028873,0.035584,0.034893,0.026632,0.020313,0.036301,0.016548,0.032466,0.02281,0.026853
0.022563,0.045581,0.036142,0.034974,0.017763,0.043653,0.027466,0.041572,0.028251,0.03571,0.035353,0.026915,0.034689,0.038903,0.031212,0.034625,0.028861,0.033702,0.022952,0.026316,0.034777,0.035275,0.02341,0.026729,0.015235,0.031649,0.015698,0.04006,0.016077,0.032082,0.015266,0.02848,0.022385,0.033139,0.014859,0.034177,0.035374,0.032504,0.036467,0.028278
0.034944,0.034429,0.026716,0.034281,0.035933,0.03588,0.01683,0.032087,0.015944,0.032563,0.015282,0.032353,0.017418,0.039274,0.027571,0.03916,0.031813,0.033928,0.024143,0.038128,0.015102,0.028874,0.040305,0.034999,0.01529,0.033675,0.016106,0.031715,0.023314,0.028533,0.016068,0.016214,0.023621,0.016331,0.015472,0.015419,0.015648,0.021249,0.017831,0.024429
