0.042809,0.029902,0.02901,0.028329,0.039471,0.02882,0.030022,0.036951,0.03388,0.032968,0.034436,0.02783,0.04269,0.033269,0.041638,0.035975,0.028068,0.030029,0.039364,0.035064,0.03093,0.036561,0.028819,0.029871,0.046392,0.030203,0.027509,0.039742,0.032303,0.02999,0.034277,0.030412,0.039328,0.028755,0.036556,0.028964,0.044282,0.045696,0.029355,0.030579
0.030594,0.033934,0.03363,0.033635,0.031972,0.038347,0.026437,0.020863,0.031508,0.025861,0.021463,0.020219,0.029884,0.035275,0.038141,0.024042,0.020529,0.021505,0.028067,0.02123,0.022286,0.021109,0.027542,0.024253,0.02344,0.022686,0.040179,0.024558,0.026003,0.032694,0.022318,0.025325,0.035759,0.03593,0.027936,0.044216,0.031826,0.02119,0.03449,0.034458
0.033875,0.03429,0.033394,0.019383,0.031995,0.026712,0.036699,0.034233,0.034438,0.020106,0.041967,0.018961,0.035788,0.019971,0.043652,0.039662,0.031404,0.025509,0.042563,0.028724,0.028449,0.040871,0.027849,0.019647,0.034858,0.028973,0.035398,0.01894,0.033473,0.031778,0.033385,0.019992,0.050432,0.02042,0.020715,0.036847,0.040588,0.027562,0.034209,0.029829
0.033032,0.019279,0.032687,0.02426,0.020546,0.032436,0.019437,0.040256,0.018622,0.043137,0.035224,0.033721,0.02997,0.035011,0.035239,0.034538,0.036841,0.031985,0.026947,0.039371,0.034628,0.030762,0.01847,0.032777,0.018551,0.02528,0.02711,0.019924,0.020609,0.024207,0.03138,0.020094,0.021663,0.022517,0.019056,0.019601,0.022154,0.020519,0.020511,0.037785
0.025458,0.017796,0.022083,0.024055,0.017268,0.025531,0.018865,0.034926,0.021963,0.032825,0.034796,0.031679,0.031954,0.035599,0.034134,0.03277,0.030936,0.033812,0.035834,0.032714,0.02458,0.018481,0.034666,0.035877,0.034664,0.036088,0.019801,0.04103,0.035696,0.035339,0.034949,0.027557,0.035166,0.034587,0.018293,0.02896,0.03591,0.035328,0.017963,0.030179
0.023801,0.019946,0.042308,0.035075,0.024698,0.020337,0.027856,0.017957,0.020316,0.028359,0.028305,0.025025,0.025404,0.032108,0.035928,0.026836,0.017968,0.028156,0.036375,0.035384,0.018283,0.027948,0.018158,0.018808,0.018352,0.030123,0.025773,0.01962,0.038039,0.028125,0.020251,0.03625,0.023925,0.037778,0.041488,0.030118,0.018557,0.026221,0.017604,0.034398
0.036221,0.033221,0.019995,0.031258,0.034773,0.032899,0.025899,0.03491,0.024672,0.027632,0.032485,0.028283,0.023002,0.035325,0.032893,0.03287,0.027349,0.037146,0.018246,0.03199,0.028184,0.026634,0.02971,0.03563,0.024223,0.031759,0.027869,0.031831,0.032989,0.028619,0.045036,0.018813,0.034509,0.041984,0.030213,0.032949,0.017467,0.031677,0.035073,0.033547
0.017692,0.031692,0.028335,0.034347,0.034343,0.03539,0.035159,0.034849,0.018755,0.030622,0.031338,0.030263,0.035187,0.035716,0.018263,0.028343,0.036497,0.034543,0.032369,0.02968,0.029737,0.041011,0.018245,0.029711,0.018039,0.031408,0.017748,0.037719,0.026121,0.036354,0.034012,0.02854,0.036147,0.034844,0.028765,0.028587,0.040332,0.034468,0.018883,0.036675
0.026969,0.035044,0.023939,0.038651,0.036594,0.032999,0.017434,0.032361,0.017567,0.032044,0.035254,0.034382,0.024254,0.024828,0.019491,0.026201,0.01694,0.016894,0.018068,0.034527,0.017711,0.031505,0.034413,0.017751,0.031259,0.018552,0.035966,0.018941,0.025605,0.017928,0.035886,0.029215,0.034966,0.034272,0.034974,0.027547,0.041478,0.017649,0.036838,0.036567
0.041514,0.026881,0.036677,0.01804,0.030286,0.017536,0.031256,0.029631,0.016244,0.036262,0.037236,0.026796,0.042013,0.029033,0.034463,0.032875,0.035479,0.035566,0.028775,0.035,0.023776,0.037713,0.017146,0.039162,0.026809,0.03665,0.035017,0.034034,0.032654,0.036579,0.032796,0.03067,0.034675,0.027951,0.034762,0.036246,0.023887,0.036983,0.016882,0.032177
0.042223,0.031291,0.031641,0.035191,0.01795,0.036119,0.018221,0.020711,0.020773,0.032679,0.035473,0.034109,0.017534,0.031431,0.017797,0.030477,0.035885,0.032849,0.025277,0.044121,0.017484,0.039304,0.034343,0.0352,0.036576,0.03439,0.019024,0.027304,0.037304,0.034759,0.01818,0.031319,0.018265,0.029154,0.01701,0.038904,0.028001,0.034428,0.018206,0.030767
0.01738,0.03113,0.01823,0.037892,0.017271,0.03772,0.036153,0.035646,0.023105,0.045852,0.034435,0.035365,0.02675,0.03663,0.034965,0.032982,0.035283,0.034177,0.030424,0.026881,0.034867,0.023476,0.024699,0.035443,0.035846,0.034787,0.034551,0.032218,0.031205,0.034439,0.034598,0.027521,0.041883,0.028461,0.035259,0.032798,0.024705,0.038562,0.041486,0.028723
0.028532,0.041342,0.023294,0.039433,0.028359,0.034923,0.016565,0.031836,0.034892,0.035166,0.023632,0.025888,0.017204,0.016253,0.016422,0.033022,0.023322,0.028143,0.031788,0.023587,0.046462,0.01805,0.03118,0.034573,0.03413,0.025178,0.038214,0.03564,0.032867,0.028007,0.0367,0.035267,0.034182,0.028543,0.033619,0.017751,0.03867,0.023755,0.031031,0.042606
0.035125,0.027876,0.034601,0.03561,0.033256,0.028986,0.035068,0.035217,0.034655,0.02827,0.022033,0.033982,0.034631,0.022954,0.045071,0.027551,0.037005,0.027183,0.041501,0.027588,0.036702,0.018211,0.028417,0.028845,0.032618,0.036726,0.041955,0.027164,0.029531,0.040782,0.032497,0.031191,0.034875,0.032525,0.03609,0.027316,0.037344,0.032637,0.02943,0.035659
0.033975,0.023881,0.035037,0.018129,0.033236,0.036787,0.034454,0.023512,0.038088,0.018807,0.037429,0.036795,0.031683,0.016796,0.034016,0.032901,0.029919,0.035376,0.027709,0.02254,0.032763,0.026753,0.035565,0.017649,0.031669,0.04189,0.028429,0.040452,0.029398,0.032059,0.029909,0.03428,0.034946,0.027061,0.03595,0.035612,0.040623,0.021468,0.028266,0.027681
0.017168,0.017307,0.03398,0.017411,0.032956,0.033457,0.035241,0.020395,0.023572,0.016433,0.031013,0.034108,0.025025,0.029144,0.031573,0.034269,0.023983,0.020122,0.045597,0.025478,0.031296,0.033913,0.035847,0.034402,0.023731,0.02771,0.03327,0.017393,0.030188,0.035258,0.035129,0.031095,0.038207,0.026982,0.034928,0.035024,0.028094,0.036016,0.035121,0.026517
0.034529,0.036089,0.034856,0.034335,0.035193,0.028252,0.03528,0.023816,0.038668,0.016233,0.032284,0.041845,0.025956,0.037612,0.035188,0.033998,0.024269,0.038633,0.035426,0.027017,0.035003,0.018258,0.029893,0.035701,0.041888,0.026075,0.036174,0.034258,0.029653,0.034412,0.023679,0.045556,0.028204,0.036039,0.022129,0.024708,0.024039,0.03343,0.027267,0.03531
0.023598,0.044898,0.02858,0.034837,0.023759,0.024247,0.021969,0.027059,0.036833,0.040369,0.024457,0.030104,0.03635,0.034673,0.041847,0.028914,0.031839,0.030297,0.029109,0.040223,0.035094,0.033375,0.028881,0.035965,0.023027,0.020365,0.023913,0.029533,0.036449,0.031321,0.02941,0.035198,0.035643,0.034986,0.034749,0.019101,0.028003,0.016586,0.034723,0.034863
0.03253,0.035916,0.026276,0.037533,0.03121,0.030198,0.035423,0.017507,0.038472,0.024784,0.038089,0.035141,0.032731,0.030341,0.034213,0.023738,0.0232,0.017592,0.033441,0.027875,0.040935,0.035269,0.033839,0.029613,0.033735,0.035116,0.034634,0.034459,0.024485,0.039422,0.035278,0.028411,0.034394,0.034719,0.034783,0.035145,0.033452,0.028021,0.035643,0.034772
0.035642,0.027062,0.035384,0.03549,0.026664,0.018401,0.038087,0.017412,0.031028,0.017193,0.03258,0.034298,0.034351,0.028742,0.034383,0.024617,0.025221,0.017424,0.030373,0.016359,0.027472,0.027326,0.017129,0.017359,0.034848,0.01841,0.030623,0.018318,0.029127,0.03507,0.033748,0.036255,0.028488,0.034716,0.032967,0.037096,0.040587,0.017268,0.037924,0.03511
0.033402,0.030075,0.03536,0.034904,0.032839,0.029254,0.035935,0.022844,0.021221,0.01969,0.032717,0.022922,0.030329,0.030721,0.035206,0.035083,0.032986,0.036557,0.027924,0.023219,0.045853,0.017497,0.032404,0.017765,0.030628,0.023986,0.020342,0.026522,0.034215,0.026107,0.036731,0.018868,0.035209,0.01782,0.037829,0.04321,0.031412,0.030347,0.036237,0.023383
0.034899,0.018127,0.031248,0.018408,0.040789,0.035342,0.030189,0.037892,0.017325,0.020787,0.024741,0.028908,0.018308,0.027397,0.025146,0.032779,0.032131,0.032244,0.035431,0.034014,0.018784,0.029167,0.016864,0.032794,0.023191,0.026916,0.017225,0.017503,0.017497,0.017198,0.030715,0.017119,0.03477,0.017377,0.032031,0.034473,0.033532,0.025337,0.02,0.020959
0.033285,0.023223,0.026265,0.017912,0.017344,0.018545,0.027936,0.017182,0.016408,0.037044,0.026898,0.042517,0.017113,0.036292,0.030032,0.024837,0.033078,0.026899,0.04041,0.036156,0.03294,0.029232,0.035374,0.034641,0.033671,0.034924,0.028483,0.036092,0.034766,0.017691,0.030337,0.016568,0.027094,0.024067,0.036777,0.017659,0.031839,0.031926,0.031254,0.034972
0.033893,0.03312,0.030133,0.034743,0.03529,0.032935,0.024851,0.017833,0.02247,0.03398,0.033737,0.034767,0.035134,0.028749,0.035434,0.034917,0.03138,0.031085,0.039867,0.02946,0.01707,0.032275,0.033937,0.024432,0.04476,0.027616,0.036803,0.026683,0.02831,0.041858,0.035761,0.032308,0.036786,0.030588,0.017377,0.028386,0.035912,0.034721,0.034189,0.034856
0.02579,0.017884,0.029212,0.025199,0.032844,0.036254,0.029088,0.035255,0.017331,0.030558,0.017801,0.031693,0.023408,0.031156,0.028432,0.015895,0.020358,0.028469,0.020779,0.017402,0.017364,0.033464,0.024341,0.017191,0.023384,0.032761,0.017094,0.03785,0.025547,0.038994,0.031378,0.031503,0.034008,0.01695,0.032126,0.029245,0.04064,0.027705,0.033886,0.023935
0.031722,0.0252,0.016274,0.022138,0.020065,0.025502,0.017181,0.028844,0.024145,0.01753,0.023398,0.024432,0.01788,0.022056,0.029629,0.016721,0.03096,0.017152,0.027527,0.04058,0.034596,0.017477,0.032109,0.017172,0.031728,0.022951,0.037662,0.024474,0.03288,0.027242,0.030076,0.04512,0.029994,0.018104,0.031392,0.017246,0.038097,0.026088,0.037604,0.033648
0.033465,0.028632,0.016329,0.033518,0.028945,0.040733,0.035151,0.02632,0.024584,0.024553,0.035754,0.041648,0.027353,0.036363,0.018922,0.042596,0.035546,0.034306,0.030116,0.039466,0.029442,0.040284,0.02456,0.038793,0.031546,0.031707,0.017238,0.030859,0.016593,0.039702,0.028904,0.034301,0.016662,0.032635,0.017129,0.031192,0.035227,0.034313,0.027561,0.034124
0.036098,0.034394,0.018605,0.031465,0.033809,0.035181,0.027033,0.042308,0.028681,0.034649,0.034917,0.031627,0.02102,0.043899,0.016927,0.033011,0.016724,0.031426,0.036167,0.033726,0.025569,0.036806,0.023977,0.025722,0.041317,0.02836,0.035673,0.03178,0.030241,0.034636,0.036949,0.031281,0.029184,0.041526,0.028971,0.033416,0.018622,0.037105,0.018235,0.036597
0.036838,0.035912,0.029719,0.032134,0.017855,0.038759,0.023042,0.019416,0.040517,0.032824,0.030268,0.033546,0.036351,0.033124,0.027706,0.017118,0.04074,0.026802,0.034962,0.03598,0.034334,0.018923,0.031209,0.0317,0.028611,0.036386,0.01702,0.031415,0.017939,0.037592,0.024004,0.038404,0.01717,0.025836,0.018285,0.037014,0.016797,0.032381,0.042134,0.027723
0.034765,0.026702,0.028443,0.025336,0.01972,0.032068,0.017336,0.025922,0.017975,0.03537,0.036446,0.03523,0.023453,0.044646,0.032925,0.030799,0.035395,0.033888,0.028136,0.034991,0.035645,0.03386,0.026716,0.035224,0.03688,0.034811,0.023147,0.038528,0.016568,0.031688,0.030509,0.039768,0.036268,0.034172,0.02793,0.035232,0.03445,0.040327,0.02309,0.034292
0.018282,0.016681,0.035179,0.034735,0.023243,0.027146,0.023542,0.020801,0.037457,0.017015,0.031588,0.035348,0.033326,0.029336,0.040707,0.028719,0.034557,0.028253,0.035325,0.035033,0.027661,0.019302,0.036231,0.017201,0.017213,0.018559,0.030139,0.016457,0.016412,0.016359,0.01725,0.016595,0.017004,0.016967,0.029906,0.023235,0.046285,0.033864,0.029061,0.034708
0.036111,0.034397,0.034635,0.028193,0.034637,0.034766,0.026964,0.035363,0.041772,0.026289,0.029469,0.031904,0.03698,0.01755,0.032573,0.023347,0.024596,0.024793,0.032099,0.017278,0.030326,0.025023,0.038057,0.035869,0.034199,0.03516,0.033849,0.027552,0.036418,0.034783,0.033935,0.035061,0.02834,0.035923,0.034485,0.027858,0.041393,0.031382,0.032528,0.034747
0.023771,0.025086,0.01716,0.020993,0.026655,0.029661,0.016241,0.034412,0.01592,0.03229,0.023877,0.033978,0.017347,0.027298,0.016732,0.03574,0.016948,0.032151,0.035052,0.023418,0.020044,0.023551,0.030495,0.017005,0.03827,0.027207,0.042056,0.02876,0.032761,0.036596,0.03172,0.017516,0.023261,0.03855,0.035572,0.016639,0.032831,0.017225,0.031072,0.017468
0.031155,0.017949,0.025845,0.02361,0.016323,0.016474,0.031707,0.017082,0.025935,0.026369,0.016864,0.017479,0.025377,0.02552,0.033816,0.033362,0.017148,0.034486,0.032447,0.029805,0.029117,0.018315,0.036319,0.034217,0.018338,0.030512,0.02393,0.025376,0.017893,0.038348,0.019307,0.029666,0.017183,0.032328,0.017686,0.035055,0.01883,0.020973,0.019223,0.016332
0.018348,0.034349,0.016994,0.031872,0.017018,0.031585,0.016717,0.038991,0.02776,0.035044,0.022769,0.046043,0.027323,0.035118,0.036115,0.03496,0.023281,0.019401,0.020382,0.017529,0.017605,0.017659,0.017751,0.022708,0.023358,0.036506,0.018492,0.030922,0.03435,0.027614,0.034526,0.034615,0.035994,0.026455,0.029081,0.026091,0.017273,0.03359,0.022961,0.037268
0.043479,0.030549,0.032875,0.027698,0.033505,0.030618,0.040288,0.027888,0.033734,0.041498,0.029329,0.035203,0.028379,0.031752,0.037499,0.03486,0.03505,0.027697,0.018759,0.037952,0.017726,0.030193,0.035718,0.027273,0.03478,0.040885,0.018086,0.037116,0.018512,0.023029,0.0286,0.037125,0.023186,0.045044,0.023395,0.032688,0.042705,0.027537,0.034512,0.036109
0.034377,0.033229,0.029112,0.035202,0.028134,0.040793,0.017305,0.031726,0.017223,0.032629,0.022721,0.045466,0.034252,0.028135,0.036308,0.03517,0.034191,0.028324,0.035403,0.034125,0.03527,0.02686,0.030605,0.03956,0.024065,0.045957,0.034382,0.031919,0.031872,0.017547,0.029272,0.017504,0.032595,0.023371,0.032721,0.022278,0.040375,0.017433,0.031587,0.02356
0.024336,0.03887,0.031707,0.017065,0.031538,0.016571,0.031762,0.024086,0.027057,0.022298,0.02461,0.034685,0.04173,0.027465,0.035087,0.035404,0.028956,0.034622,0.026558,0.02041,0.036117,0.021009,0.026018,0.037209,0.033324,0.024803,0.036672,0.038067,0.032795,0.029532,0.034872,0.034702,0.035126,0.017064,0.030567,0.016813,0.016784,0.017473,0.034166,0.023459
0.045116,0.018209,0.031909,0.026003,0.018909,0.030618,0.029016,0.040634,0.03473,0.035863,0.027173,0.04058,0.030379,0.034233,0.034066,0.035548,0.028176,0.041334,0.024411,0.031587,0.027807,0.030587,0.024233,0.023463,0.018094,0.029071,0.016678,0.032189,0.035639,0.041554,0.017828,0.036612,0.035934,0.03528,0.033402,0.028929,0.042276,0.024036,0.025674,0.039552
0.03512,0.042049,0.021421,0.033774,0.036931,0.034458,0.022137,0.02818,0.03949,0.025841,0.038069,0.027188,0.035277,0.023512,0.025181,0.01709,0.028501,0.025362,0.028512,0.02075,0.01753,0.017737,0.017468,0.029358,0.034928,0.017395,0.017049,0.017304,0.032127,0.034884,0.033502,0.017614,0.028925,0.038114,0.026383,0.037491,0.034384,0.03155,0.030673,0.035192
