0.089153,0.047222,0.049414,0.052935,0.056324,0.058714,0.047409,0.046384,0.047555,0.056604,0.055017,0.043232,0.056513,0.043509,0.047388,0.056661,0.044995,0.058807,0.042692,0.056153,0.044536,0.055197,0.050403,0.047922,0.052917,0.046143,0.047195,0.05728,0.043951,0.054892,0.043441,0.057569,0.050676,0.046064,0.045001,0.053741,0.054083,0.052473,0.043344,0.047981
0.035226,0.039824,0.051326,0.048486,0.03515,0.048607,0.048372,0.056383,0.048768,0.047914,0.058604,0.040565,0.045738,0.060987,0.051498,0.047422,0.042766,0.056552,0.034783,0.036452,0.036125,0.056705,0.04307,0.040569,0.035172,0.03821,0.042895,0.037038,0.03403,0.048455,0.044298,0.049494,0.042839,0.041296,0.050662,0.035736,0.044315,0.041893,0.048672,0.047636
0.052942,0.046287,0.049702,0.049636,0.048124,0.049941,0.04854,0.056692,0.04634,0.049437,0.048381,0.050557,0.048332,0.033571,0.046143,0.059287,0.032308,0.03047,0.048847,0.056425,0.048669,0.032331,0.04612,0.054093,0.049337,0.054686,0.065185,0.032781,0.04833,0.032234,0.052805,0.049366,0.03292,0.032283,0.032277,0.032913,0.033074,0.03149,0.048056,0.047941
0.057716,0.04816,0.053895,0.043301,0.049583,0.049748,0.054794,0.031086,0.03105,0.050968,0.053246,0.038875,0.043874,0.051236,0.047344,0.054921,0.046165,0.033574,0.047216,0.050825,0.056693,0.03725,0.037739,0.048476,0.052992,0.056026,0.040969,0.052264,0.047198,0.03939,0.030912,0.033167,0.050121,0.054885,0.042898,0.049204,0.04881,0.056118,0.037844,0.045285
0.048456,0.047606,0.050227,0.046726,0.04972,0.056852,0.048599,0.04835,0.049253,0.048069,0.046727,0.058917,0.048944,0.055536,0.043801,0.047245,0.045446,0.059538,0.048194,0.049163,0.048071,0.048203,0.056407,0.048568,0.050117,0.031518,0.031028,0.030879,0.038547,0.03127,0.031765,0.035191,0.054965,0.048788,0.049044,0.043935,0.049346,0.059673,0.030996,0.045588
0.050694,0.048087,0.056055,0.047953,0.049873,0.047897,0.0408,0.038083,0.052923,0.055709,0.049583,0.038966,0.035628,0.037102,0.050916,0.054167,0.030338,0.053799,0.040971,0.054192,0.045273,0.052584,0.049716,0.056795,0.048138,0.048294,0.045699,0.05249,0.051572,0.052585,0.049426,0.047972,0.048703,0.047757,0.05722,0.050336,0.048631,0.048958,0.049125,0.046455
0.049376,0.055854,0.04893,0.046953,0.049874,0.047333,0.059128,0.048639,0.049591,0.048111,0.055051,0.030378,0.030179,0.051697,0.055723,0.038049,0.051562,0.056336,0.049115,0.049263,0.047977,0.055287,0.043277,0.055253,0.049106,0.048431,0.049535,0.048243,0.048423,0.055947,0.050855,0.047025,0.049978,0.048253,0.049,0.047967,0.057452,0.048504,0.048842,0.048686
0.047302,0.049166,0.057112,0.029087,0.053514,0.037367,0.030816,0.029336,0.031781,0.031697,0.036439,0.031802,0.037911,0.029711,0.05114,0.045595,0.052465,0.031683,0.035598,0.031286,0.036447,0.029257,0.051699,0.055905,0.050845,0.050377,0.03031,0.05071,0.052552,0.044338,0.05641,0.050295,0.048118,0.049071,0.030358,0.030207,0.033467,0.03248,0.042352,0.047825
0.036482,0.031994,0.03638,0.039426,0.050726,0.031129,0.059035,0.030004,0.046483,0.047434,0.049563,0.056828,0.029538,0.054226,0.048647,0.047606,0.045915,0.059466,0.04973,0.048909,0.054057,0.049189,0.049325,0.04319,0.047151,0.049397,0.056449,0.048116,0.048003,0.046973,0.050744,0.056558,0.048767,0.049202,0.055509,0.047201,0.051388,0.048155,0.049128,0.055295
0.03138,0.029986,0.029592,0.048093,0.055306,0.050411,0.04686,0.049052,0.0576,0.039128,0.057908,0.029765,0.053674,0.048908,0.048456,0.048136,0.049239,0.05136,0.030436,0.033832,0.051525,0.054767,0.039798,0.036907,0.057919,0.048472,0.049962,0.054603,0.042623,0.048292,0.048015,0.048819,0.056032,0.050546,0.030092,0.052213,0.049435,0.049224,0.056032,0.040305
0.056679,0.049394,0.029414,0.053468,0.048584,0.048228,0.049563,0.048808,0.056497,0.048885,0.048616,0.048693,0.047854,0.048152,0.057856,0.030477,0.031581,0.032951,0.031446,0.037158,0.034591,0.053577,0.04744,0.049902,0.047557,0.05553,0.02984,0.030104,0.031994,0.035895,0.033633,0.048765,0.05581,0.04845,0.049721,0.048551,0.055683,0.041557,0.055478,0.048814
0.049837,0.048555,0.036042,0.048437,0.048723,0.049758,0.047359,0.048012,0.054225,0.057661,0.054794,0.057838,0.047368,0.055744,0.072045,0.036033,0.053066,0.05565,0.062339,0.050779,0.047304,0.043446,0.038457,0.031601,0.030349,0.035259,0.036878,0.028979,0.035705,0.054085,0.049472,0.054938,0.048271,0.043116,0.047891,0.048692,0.05716,0.048326,0.047981,0.048909
0.05589,0.037118,0.045241,0.051109,0.029294,0.061888,0.039565,0.029182,0.031332,0.058928,0.042045,0.056071,0.056078,0.055512,0.050779,0.054065,0.048899,0.049247,0.044986,0.05066,0.058614,0.030438,0.04545,0.056611,0.036451,0.030708,0.030105,0.030608,0.037408,0.032202,0.052566,0.049859,0.048361,0.048013,0.044799,0.052923,0.049759,0.037819,0.044194,0.056553
0.0326,0.044949,0.054803,0.037122,0.027959,0.047008,0.056399,0.043459,0.054731,0.047046,0.047997,0.057103,0.02939,0.030399,0.039079,0.030006,0.038806,0.028261,0.049369,0.030789,0.034587,0.031549,0.055666,0.054727,0.043199,0.044552,0.059829,0.048599,0.049279,0.048978,0.048865,0.032005,0.031445,0.056282,0.029756,0.02933,0.051742,0.032334,0.057242,0.049534
0.055264,0.055286,0.048774,0.05622,0.049018,0.031154,0.03273,0.032275,0.036135,0.030921,0.034219,0.03203,0.049357,0.055618,0.049796,0.047693,0.048107,0.050249,0.047673,0.043461,0.028277,0.029727,0.035671,0.03991,0.031034,0.030292,0.031145,0.032199,0.054521,0.04982,0.048946,0.047817,0.04753,0.050721,0.056346,0.036762,0.030043,0.02835,0.050277,0.047904
0.061858,0.044812,0.037444,0.029404,0.044184,0.048297,0.055442,0.029123,0.037693,0.044629,0.053103,0.051807,0.050299,0.055126,0.048224,0.030093,0.047137,0.048213,0.055995,0.051077,0.047933,0.03154,0.051134,0.056126,0.048327,0.049285,0.049768,0.029362,0.053992,0.049466,0.029877,0.045688,0.056831,0.029383,0.030755,0.03421,0.050568,0.05609,0.040852,0.057013
0.049798,0.053772,0.042503,0.05571,0.028897,0.029057,0.053351,0.048957,0.055781,0.042639,0.055708,0.049245,0.057442,0.041968,0.045288,0.050079,0.055853,0.043973,0.050638,0.035348,0.030677,0.055712,0.049157,0.047855,0.046045,0.059528,0.03002,0.04673,0.047775,0.056309,0.049702,0.048194,0.048004,0.049068,0.055783,0.050475,0.050222,0.02956,0.038128,0.036916
0.06039,0.049218,0.050625,0.030852,0.049867,0.051877,0.042075,0.046222,0.049602,0.048033,0.049005,0.029587,0.047987,0.054701,0.044596,0.036918,0.050662,0.054427,0.043833,0.049452,0.047526,0.058211,0.047656,0.054878,0.042208,0.056049,0.048158,0.050128,0.049422,0.047846,0.048372,0.056112,0.049584,0.048857,0.055994,0.029913,0.045382,0.047472,0.050303,0.048343
0.048088,0.056431,0.049316,0.04752,0.049155,0.048139,0.049508,0.056432,0.048724,0.04818,0.051713,0.048425,0.047398,0.056146,0.049496,0.053466,0.043252,0.048854,0.035623,0.0479,0.048484,0.034466,0.056759,0.049187,0.048915,0.055963,0.041212,0.049382,0.046155,0.039906,0.029936,0.050648,0.04929,0.046401,0.050989,0.056627,0.055503,0.041891,0.048938,0.047743
0.035909,0.04712,0.058157,0.048083,0.048967,0.0495,0.047432,0.047829,0.051254,0.054702,0.050057,0.048083,0.053842,0.050393,0.042949,0.054751,0.049543,0.053307,0.050585,0.047689,0.044749,0.05519,0.035883,0.046842,0.049725,0.05598,0.030252,0.04472,0.044439,0.053988,0.04821,0.056338,0.029378,0.049402,0.032111,0.049377,0.04298,0.029281,0.040923,0.044821
0.029185,0.028568,0.0563,0.055999,0.041868,0.048876,0.055072,0.042422,0.05587,0.04881,0.044323,0.052572,0.047696,0.051784,0.055676,0.055195,0.029667,0.046862,0.047607,0.049271,0.032383,0.05088,0.050599,0.056902,0.028904,0.058831,0.056546,0.0315,0.029906,0.038208,0.046899,0.055121,0.05078,0.048317,0.047792,0.049047,0.049233,0.047927,0.058181,0.042799
0.052448,0.030804,0.05399,0.048843,0.048,0.05662,0.042076,0.056309,0.029451,0.054781,0.028244,0.054065,0.049832,0.053423,0.050443,0.041585,0.054768,0.050434,0.029361,0.054866,0.048549,0.053638,0.040753,0.051445,0.048523,0.056378,0.049371,0.048405,0.054663,0.0502,0.049242,0.049548,0.048091,0.043988,0.052494,0.047941,0.057389,0.048389,0.049627,0.047114
0.049394,0.041463,0.028775,0.049067,0.047699,0.049932,0.048314,0.049291,0.056433,0.029164,0.037253,0.052124,0.048498,0.048849,0.048749,0.047912,0.033053,0.050385,0.050772,0.030136,0.057478,0.030412,0.031435,0.044014,0.050105,0.055154,0.048291,0.050672,0.035382,0.032061,0.0493,0.033154,0.055645,0.044758,0.048276,0.055488,0.050136,0.048217,0.048379,0.048103
0.032984,0.050199,0.05735,0.048392,0.050338,0.048185,0.047346,0.049471,0.048387,0.056836,0.049197,0.055682,0.040946,0.048556,0.050803,0.036219,0.034263,0.029749,0.031649,0.043324,0.02909,0.053196,0.02877,0.048181,0.048922,0.053848,0.050444,0.047913,0.048753,0.049357,0.056157,0.048472,0.049565,0.055638,0.041141,0.055565,0.029839,0.047651,0.055853,0.035554
0.037834,0.036448,0.05074,0.042106,0.044956,0.053867,0.047856,0.048564,0.049303,0.054842,0.042222,0.047917,0.048352,0.056605,0.049811,0.048494,0.048605,0.055573,0.028399,0.030373,0.053209,0.031376,0.034447,0.032542,0.030803,0.038087,0.047812,0.048413,0.033401,0.056971,0.044472,0.048143,0.055183,0.050333,0.047731,0.048559,0.049227,0.049541,0.055038,0.046113
0.056213,0.050746,0.043143,0.047971,0.055849,0.048861,0.029916,0.041485,0.03051,0.029209,0.031492,0.054297,0.047688,0.049364,0.032125,0.05927,0.031416,0.029021,0.050989,0.048711,0.046693,0.051776,0.054597,0.048942,0.049374,0.04808,0.048977,0.049333,0.056513,0.037015,0.030055,0.028474,0.031029,0.05276,0.029364,0.05558,0.047731,0.050058,0.030906,0.052091
0.046003,0.037879,0.03059,0.031857,0.056029,0.047841,0.048921,0.047987,0.055192,0.052498,0.048108,0.048305,0.048401,0.047938,0.04905,0.056048,0.049928,0.044461,0.052187,0.049668,0.047561,0.050684,0.037031,0.045749,0.056451,0.048329,0.030579,0.043367,0.03233,0.030066,0.035387,0.043436,0.03053,0.038941,0.029182,0.034788,0.049626,0.053209,0.043877,0.038058
0.028984,0.059234,0.028876,0.047686,0.052008,0.053738,0.047761,0.048968,0.045671,0.051081,0.055522,0.031008,0.045948,0.056095,0.028517,0.047589,0.051282,0.054451,0.050283,0.047042,0.048332,0.049287,0.056477,0.028858,0.046388,0.059003,0.046945,0.04835,0.049049,0.048552,0.049048,0.05678,0.037322,0.035997,0.037915,0.034225,0.031962,0.051251,0.048052,0.051644
0.054484,0.047926,0.049513,0.049228,0.054701,0.042259,0.05432,0.030584,0.061128,0.050975,0.061603,0.04117,0.056483,0.028689,0.042557,0.046437,0.043329,0.055561,0.02898,0.041103,0.047583,0.041851,0.056205,0.029699,0.031837,0.036008,0.049452,0.055104,0.0494,0.04927,0.048879,0.048162,0.047528,0.033142,0.034661,0.030638,0.040177,0.050381,0.050264,0.048232
0.055743,0.041747,0.04734,0.050758,0.055179,0.049945,0.047649,0.048935,0.029942,0.055818,0.029676,0.052158,0.048794,0.048025,0.056891,0.048347,0.05474,0.042897,0.049473,0.04758,0.049545,0.056911,0.029217,0.032697,0.031267,0.040705,0.028491,0.031754,0.05537,0.050556,0.054745,0.048781,0.049144,0.04274,0.047785,0.055838,0.056111,0.048251,0.029447,0.05416
0.050112,0.047883,0.037825,0.038575,0.030743,0.041374,0.028914,0.032241,0.035891,0.030254,0.033665,0.036051,0.030962,0.048911,0.056186,0.049638,0.048317,0.054664,0.046765,0.052812,0.049797,0.04762,0.047655,0.048184,0.046137,0.059315,0.048951,0.049923,0.047674,0.043591,0.054267,0.033133,0.039067,0.029251,0.051367,0.049628,0.048664,0.063055,0.037368,0.028982
0.035861,0.031598,0.052686,0.036423,0.049144,0.04881,0.047977,0.056373,0.028954,0.047104,0.048861,0.056167,0.050661,0.04721,0.043995,0.053788,0.031062,0.052322,0.035703,0.048957,0.054932,0.050141,0.048467,0.048904,0.04763,0.050253,0.030133,0.05215,0.047825,0.049674,0.05622,0.04872,0.048133,0.04866,0.048006,0.050652,0.038123,0.053275,0.048209,0.048501
0.048341,0.044668,0.053573,0.048395,0.048916,0.056768,0.036787,0.04705,0.04892,0.055674,0.041541,0.049487,0.033138,0.055728,0.050669,0.048638,0.049015,0.049805,0.030974,0.049594,0.049085,0.037115,0.054119,0.049438,0.041865,0.056073,0.028923,0.054681,0.048924,0.048657,0.048262,0.048434,0.048937,0.056595,0.050043,0.047912,0.048471,0.048555,0.048541,0.048782
0.046157,0.058943,0.049674,0.047912,0.048315,0.050001,0.055541,0.049495,0.046983,0.046129,0.058813,0.041173,0.058475,0.029234,0.053649,0.049476,0.048315,0.029896,0.052781,0.047625,0.049452,0.048913,0.03183,0.050619,0.032651,0.053607,0.055179,0.049546,0.049406,0.047883,0.049047,0.04841,0.048797,0.047809,0.057938,0.0374,0.029633,0.045828,0.054633,0.04839
0.054509,0.042981,0.055372,0.049779,0.048535,0.048547,0.044899,0.058462,0.043881,0.055179,0.049767,0.048326,0.043528,0.052706,0.048187,0.057268,0.04944,0.049613,0.035739,0.035039,0.02924,0.045216,0.048262,0.048787,0.055423,0.049255,0.048279,0.049373,0.05609,0.041752,0.056038,0.056013,0.048585,0.048765,0.04817,0.049648,0.049186,0.043589,0.038307,0.050519
0.055229,0.050479,0.046006,0.050103,0.04976,0.032619,0.051808,0.048145,0.05002,0.029571,0.051144,0.048748,0.048295,0.049673,0.056795,0.04883,0.055026,0.042221,0.049092,0.048698,0.054744,0.050494,0.029778,0.053926,0.053861,0.049735,0.043378,0.048081,0.050389,0.031196,0.051191,0.054904,0.050628,0.048286,0.054952,0.032618,0.044267,0.048498,0.049987,0.05588
0.048832,0.048208,0.0485,0.048218,0.047835,0.051938,0.033702,0.053291,0.051603,0.049401,0.048186,0.048559,0.030975,0.053287,0.055068,0.049898,0.028521,0.04607,0.058156,0.029018,0.047903,0.055434,0.05213,0.050887,0.042473,0.047751,0.049757,0.057198,0.048146,0.048313,0.049598,0.054812,0.05007,0.028575,0.046258,0.058838,0.047891,0.029244,0.053945,0.055225
0.038601,0.052045,0.048727,0.049004,0.036841,0.047579,0.055275,0.049316,0.055825,0.049596,0.041268,0.046503,0.057295,0.05556,0.041903,0.049324,0.049781,0.038036,0.029182,0.05754,0.030518,0.028847,0.044766,0.063093,0.041832,0.049489,0.047458,0.057321,0.048603,0.049247,0.044116,0.052985,0.047688,0.057251,0.048345,0.048279,0.047851,0.04896,0.049185,0.058203
0.034861,0.047921,0.036778,0.030121,0.051148,0.048411,0.04895,0.049752,0.045885,0.050122,0.048878,0.049323,0.055935,0.049399,0.055219,0.04178,0.047341,0.051228,0.039202,0.051333,0.04816,0.049722,0.055285,0.042115,0.047948,0.056537,0.028227,0.055171,0.049777,0.049344,0.046667,0.048244,0.049774,0.055704,0.042419,0.056041,0.055665,0.042634,0.049735,0.030955
0.051669,0.030518,0.051658,0.046261,0.056304,0.051968,0.048692,0.0473,0.049284,0.049817,0.048554,0.057602,0.029494,0.044219,0.057421,0.049931,0.047308,0.048874,0.049944,0.031992,0.032211,0.053979,0.047819,0.048928,0.056197,0.049764,0.055897,0.039824,0.054454,0.045001,0.036588,0.053769,0.048907,0.049471,0.048422,0.044304,0.052903,0.055906,0.049534,0.047522
