0.063884,0.035732,0.032197,0.029065,0.032836,0.042272,0.028169,0.029328,0.043412,0.046528,0.028921,0.031151,0.030923,0.039648,0.029573,0.030246,0.030769,0.029538,0.02805,0.034426,0.02987,0.033971,0.030813,0.044452,0.030014,0.029589,0.030159,0.042375,0.028254,0.03696,0.03029,0.031674,0.032682,0.039523,0.036466,0.044486,0.038566,0.032233,0.035757,0.029478
0.020673,0.037582,0.035022,0.029832,0.021993,0.033168,0.022105,0.048737,0.0411,0.034885,0.033759,0.028889,0.035408,0.023956,0.023158,0.025584,0.026188,0.029419,0.020279,0.036905,0.031036,0.033579,0.038078,0.03204,0.030107,0.035377,0.032079,0.021922,0.040188,0.021075,0.040718,0.027267,0.036833,0.022056,0.020519,0.038609,0.029461,0.021889,0.023913,0.043076
0.020598,0.020307,0.036029,0.01842,0.03201,0.021307,0.027922,0.034127,0.037557,0.024194,0.019419,0.020252,0.030628,0.018808,0.026979,0.019977,0.018934,0.020028,0.024425,0.019025,0.018875,0.019631,0.025715,0.019341,0.020977,0.020049,0.028368,0.033537,0.03363,0.036761,0.023221,0.040364,0.033952,0.025699,0.018888,0.039647,0.024836,0.01954,0.039265,0.034013
0.035851,0.026943,0.034182,0.03048,0.041588,0.026357,0.034189,0.037873,0.027521,0.032855,0.021262,0.027547,0.01775,0.038676,0.033646,0.027015,0.025169,0.047097,0.022147,0.044853,0.018482,0.044758,0.019055,0.030419,0.018914,0.031289,0.021672,0.032445,0.030555,0.032162,0.035709,0.026387,0.03238,0.041857,0.025077,0.021589,0.033904,0.035316,0.036045,0.032986
0.024871,0.018733,0.039557,0.028808,0.034199,0.018888,0.030199,0.028045,0.04087,0.031054,0.017733,0.033712,0.018245,0.046033,0.035899,0.027044,0.035198,0.03477,0.035079,0.032916,0.030052,0.035391,0.017597,0.035833,0.019073,0.026944,0.032515,0.035299,0.035415,0.032293,0.025794,0.018218,0.03428,0.036048,0.034403,0.033973,0.018445,0.031041,0.034911,0.032539
0.028418,0.023568,0.028271,0.017459,0.035619,0.034274,0.033992,0.017377,0.047924,0.018338,0.028827,0.017628,0.016984,0.023107,0.026055,0.037178,0.018334,0.042852,0.036278,0.034574,0.018322,0.028562,0.017296,0.018209,0.017849,0.033223,0.029393,0.034252,0.039173,0.026341,0.018017,0.03296,0.02382,0.045612,0.021973,0.039921,0.036412,0.034741,0.030437,0.039167
0.030543,0.034206,0.033581,0.031533,0.018096,0.018449,0.030174,0.018354,0.030944,0.01805,0.036924,0.025077,0.036789,0.034038,0.034166,0.031434,0.033652,0.034136,0.032716,0.031036,0.033966,0.017416,0.029409,0.017477,0.040171,0.01829,0.044046,0.019524,0.036454,0.032283,0.030266,0.018442,0.031672,0.036586,0.031365,0.026786,0.025385,0.046257,0.018281,0.032739
0.018,0.029598,0.032086,0.037514,0.023191,0.01874,0.03372,0.018043,0.03857,0.017647,0.030623,0.018008,0.018034,0.018104,0.027816,0.018174,0.027048,0.026675,0.023,0.018211,0.018275,0.018479,0.017754,0.025656,0.020404,0.026925,0.024415,0.018015,0.029952,0.017377,0.028314,0.023362,0.031239,0.023318,0.018642,0.024566,0.025122,0.018298,0.027675,0.036857
0.032345,0.036982,0.024833,0.0314,0.041264,0.024978,0.017741,0.021688,0.034135,0.016863,0.03974,0.040575,0.035271,0.03406,0.034071,0.029094,0.035704,0.034,0.028139,0.035418,0.04078,0.017972,0.023677,0.02426,0.023575,0.02417,0.023094,0.026177,0.032258,0.016506,0.016361,0.016902,0.035707,0.020191,0.02925,0.034461,0.029309,0.038698,0.029389,0.03495
0.026746,0.019313,0.037358,0.032911,0.034655,0.020364,0.026232,0.020268,0.017635,0.032849,0.018072,0.027111,0.016783,0.031918,0.017967,0.027162,0.03839,0.034287,0.023927,0.037303,0.036531,0.034769,0.036595,0.032163,0.034429,0.029179,0.023726,0.026502,0.034363,0.035409,0.023864,0.036289,0.036671,0.041294,0.02646,0.036656,0.028319,0.035412,0.034967,0.034058
0.028182,0.041446,0.01764,0.044951,0.035377,0.027096,0.018086,0.038893,0.018622,0.042895,0.036232,0.035164,0.017307,0.050753,0.029675,0.032903,0.035749,0.027845,0.022444,0.028516,0.033635,0.032687,0.024212,0.025729,0.019277,0.030705,0.040023,0.028201,0.036178,0.027242,0.035678,0.023095,0.046191,0.01868,0.03219,0.033499,0.03172,0.016741,0.035346,0.027098
0.034896,0.017083,0.031273,0.041409,0.029181,0.035255,0.026567,0.018945,0.037614,0.024067,0.018072,0.041475,0.024621,0.038083,0.035256,0.034119,0.027769,0.018828,0.037509,0.017205,0.032591,0.022795,0.037905,0.035288,0.035627,0.023757,0.036701,0.043453,0.035246,0.026529,0.036074,0.034559,0.027592,0.03611,0.034031,0.03429,0.029694,0.033928,0.036244,0.032463
0.035785,0.034659,0.031719,0.031981,0.017499,0.031001,0.017665,0.017821,0.01822,0.028497,0.017117,0.033355,0.017063,0.031394,0.016894,0.026799,0.017893,0.042791,0.017609,0.026139,0.021797,0.032965,0.027812,0.041055,0.032102,0.031503,0.035318,0.027833,0.016438,0.039732,0.017755,0.030849,0.017987,0.030578,0.024029,0.024325,0.018875,0.025973,0.033656,0.039809
0.0174,0.016886,0.017528,0.032353,0.034565,0.026929,0.030111,0.033469,0.04235,0.01744,0.031216,0.034568,0.035396,0.027986,0.035152,0.023545,0.020967,0.039247,0.034497,0.033739,0.021309,0.04171,0.036865,0.032427,0.017287,0.032537,0.035348,0.029593,0.017317,0.0359,0.033088,0.029121,0.017518,0.027017,0.034424,0.033223,0.022304,0.023187,0.023025,0.018757
0.01759,0.035399,0.017771,0.030218,0.016853,0.032431,0.017857,0.031372,0.017373,0.031872,0.01689,0.030078,0.024741,0.032239,0.035877,0.025615,0.030116,0.028973,0.046759,0.026219,0.04331,0.028921,0.034405,0.041161,0.01823,0.034981,0.017601,0.033565,0.035693,0.035349,0.017342,0.031095,0.022936,0.038489,0.034362,0.035501,0.036496,0.033958,0.017323,0.032369
0.022952,0.045977,0.017532,0.03114,0.016026,0.01626,0.016349,0.016685,0.027235,0.040222,0.035737,0.034145,0.027397,0.036577,0.033989,0.033393,0.029753,0.034946,0.023823,0.03713,0.036634,0.040957,0.028861,0.03546,0.025191,0.035472,0.042298,0.035031,0.027125,0.034764,0.017143,0.019938,0.02565,0.018251,0.0171,0.028301,0.028938,0.040702,0.0368,0.026944
0.035395,0.034932,0.034105,0.0346,0.03405,0.037344,0.046687,0.016995,0.032133,0.034347,0.027293,0.043198,0.020024,0.043246,0.02844,0.018355,0.026797,0.032576,0.039818,0.036068,0.03279,0.018689,0.032053,0.017657,0.028832,0.016385,0.016646,0.031539,0.042037,0.02814,0.035516,0.02713,0.03479,0.034567,0.035314,0.018153,0.030938,0.034283,0.027886,0.035092
0.034223,0.024362,0.030495,0.020911,0.019221,0.031974,0.021049,0.02222,0.031822,0.016682,0.033111,0.02806,0.033386,0.017702,0.023055,0.036264,0.028435,0.02618,0.04126,0.030792,0.03473,0.034329,0.034143,0.028896,0.033781,0.036667,0.032662,0.030482,0.033966,0.034988,0.035352,0.023245,0.018802,0.041833,0.032311,0.029727,0.034905,0.016494,0.038421,0.035567
0.025326,0.031233,0.033853,0.035508,0.034613,0.033747,0.029278,0.040857,0.026251,0.037619,0.029304,0.033212,0.04113,0.02631,0.037178,0.035213,0.025748,0.043455,0.029335,0.016941,0.031216,0.027042,0.041561,0.022013,0.018937,0.034965,0.041893,0.029837,0.035083,0.01827,0.030527,0.041902,0.041053,0.03562,0.023638,0.044408,0.027328,0.036352,0.02797,0.035052
0.030078,0.039759,0.033043,0.030153,0.034102,0.023803,0.045926,0.035763,0.029955,0.017866,0.034088,0.01808,0.017486,0.034863,0.018283,0.020362,0.020527,0.030249,0.016736,0.021587,0.032801,0.017165,0.031366,0.017428,0.032751,0.017303,0.037891,0.028388,0.017991,0.029636,0.035337,0.035563,0.023667,0.025456,0.03459,0.032662,0.036995,0.029535,0.03387,0.032886
0.027733,0.035328,0.017077,0.032688,0.041594,0.027109,0.024145,0.028622,0.017677,0.030843,0.031902,0.035521,0.034649,0.027111,0.028868,0.022773,0.021359,0.0315,0.028508,0.034652,0.023087,0.046899,0.036328,0.03386,0.017111,0.044923,0.035945,0.027121,0.01756,0.038324,0.023717,0.038172,0.036227,0.033719,0.035538,0.024297,0.038338,0.035695,0.017196,0.031165
0.035517,0.018508,0.028342,0.036174,0.031497,0.031698,0.041243,0.02647,0.016778,0.016456,0.016698,0.035446,0.017437,0.037871,0.017795,0.020098,0.021565,0.044747,0.016831,0.039243,0.016447,0.016744,0.025008,0.023831,0.016815,0.034233,0.016902,0.038909,0.017638,0.032363,0.025795,0.017832,0.031554,0.017218,0.031351,0.019232,0.037164,0.028394,0.040739,0.017274
0.025525,0.01694,0.019773,0.017649,0.017169,0.017772,0.028494,0.016636,0.017802,0.018268,0.037987,0.027337,0.034757,0.030435,0.033386,0.023769,0.033033,0.017857,0.025652,0.017281,0.026748,0.043934,0.026606,0.017351,0.029034,0.027038,0.03166,0.029697,0.040942,0.017,0.036981,0.035434,0.035312,0.035226,0.035865,0.03423,0.028482,0.017235,0.031089,0.03403
0.03642,0.018176,0.030158,0.017629,0.037879,0.027769,0.03619,0.033128,0.029477,0.017183,0.038367,0.028185,0.033481,0.029934,0.040433,0.034223,0.029138,0.040377,0.028679,0.029744,0.033402,0.01624,0.04025,0.027093,0.035349,0.035207,0.03264,0.02463,0.038746,0.042329,0.025714,0.037913,0.027818,0.042001,0.034326,0.041421,0.035935,0.033418,0.035772,0.028362
0.016304,0.031738,0.030551,0.026726,0.018002,0.030912,0.017949,0.017722,0.02375,0.018009,0.023297,0.030662,0.017336,0.031273,0.016354,0.016822,0.016843,0.03414,0.027658,0.033763,0.018649,0.031051,0.028816,0.040183,0.016044,0.039888,0.016834,0.025909,0.041042,0.01704,0.04629,0.035935,0.03267,0.017256,0.031249,0.017863,0.033394,0.033302,0.029296,0.034876
0.035089,0.027352,0.029897,0.045561,0.028862,0.023987,0.037133,0.018201,0.031349,0.035755,0.04096,0.029577,0.034823,0.027438,0.04238,0.033745,0.027811,0.034024,0.018293,0.032458,0.033919,0.03344,0.03025,0.035403,0.034099,0.035312,0.027475,0.035597,0.01843,0.036271,0.017058,0.030989,0.029816,0.02907,0.016345,0.019713,0.032798,0.016671,0.026618,0.024511
0.016162,0.019249,0.017649,0.017052,0.023992,0.022959,0.019806,0.019083,0.018405,0.026525,0.017112,0.022975,0.020895,0.017945,0.017235,0.01642,0.018891,0.01933,0.016754,0.016202,0.017142,0.020208,0.030518,0.024677,0.020215,0.021511,0.034284,0.017866,0.030062,0.01688,0.03815,0.027567,0.036977,0.017433,0.030299,0.035766,0.034231,0.024106,0.037951,0.036016
0.026975,0.034908,0.036084,0.0346,0.032892,0.029715,0.034223,0.034785,0.035226,0.023689,0.023154,0.03731,0.034521,0.034515,0.032959,0.030043,0.033788,0.026818,0.037069,0.018666,0.036886,0.028761,0.034812,0.027071,0.033906,0.041658,0.029595,0.035276,0.026692,0.022432,0.034379,0.017444,0.031096,0.016865,0.031617,0.017046,0.032506,0.034824,0.023143,0.036879
0.037312,0.035813,0.034265,0.018366,0.030024,0.023146,0.02599,0.023272,0.029429,0.017116,0.033172,0.017338,0.017452,0.017375,0.025143,0.021557,0.035428,0.027387,0.034711,0.01711,0.039241,0.030294,0.032686,0.01726,0.030455,0.023444,0.039121,0.018531,0.038159,0.018479,0.030509,0.023903,0.025922,0.033166,0.035273,0.03523,0.027348,0.035932,0.034463,0.017642
0.03158,0.017029,0.03145,0.023277,0.025709,0.017177,0.032156,0.01622,0.021675,0.017682,0.03237,0.017247,0.017316,0.028682,0.036773,0.016513,0.017043,0.033504,0.017377,0.02645,0.042729,0.028056,0.022979,0.038527,0.016499,0.039826,0.017795,0.031325,0.017195,0.018606,0.030436,0.016855,0.035677,0.032622,0.036214,0.01773,0.02564,0.016692,0.031025,0.015582
0.039362,0.017095,0.017126,0.016923,0.033189,0.017684,0.017981,0.023482,0.018234,0.028616,0.021395,0.016692,0.017729,0.017024,0.026146,0.021919,0.018497,0.018379,0.018171,0.016816,0.017527,0.017879,0.017452,0.018414,0.032687,0.017521,0.024483,0.017084,0.016813,0.038775,0.032118,0.01729,0.033282,0.034743,0.028436,0.035066,0.034796,0.027141,0.034152,0.017924
0.04444,0.028241,0.029476,0.022929,0.021558,0.02079,0.031693,0.042,0.026984,0.036641,0.026392,0.022768,0.026032,0.024804,0.031843,0.035616,0.026465,0.023141,0.032382,0.017322,0.032768,0.023196,0.045381,0.035704,0.024954,0.030363,0.033338,0.036662,0.035316,0.034879,0.033755,0.025164,0.038847,0.034778,0.035723,0.025854,0.042385,0.020348,0.041818,0.036931
0.029364,0.033422,0.034789,0.02332,0.0251,0.034776,0.017363,0.031776,0.017707,0.036813,0.017136,0.038561,0.035804,0.016776,0.039186,0.027876,0.034948,0.016653,0.032072,0.017447,0.01631,0.018372,0.016477,0.016701,0.016321,0.017422,0.023715,0.019389,0.039909,0.035392,0.018102,0.030371,0.0173,0.031744,0.023824,0.022773,0.037051,0.035359,0.023175,0.026009
0.016774,0.031086,0.01771,0.029093,0.024369,0.025208,0.03649,0.035143,0.034465,0.027388,0.03516,0.03538,0.029046,0.017535,0.018298,0.01661,0.019159,0.016853,0.016843,0.038937,0.02943,0.034238,0.028499,0.034588,0.03441,0.035467,0.032298,0.016982,0.027373,0.021911,0.017229,0.017288,0.026429,0.018405,0.038465,0.016983,0.036322,0.027717,0.035653,0.029243
0.034754,0.03423,0.03541,0.032981,0.029768,0.035552,0.033213,0.017399,0.033121,0.017817,0.030824,0.034733,0.028272,0.034814,0.040672,0.026797,0.036341,0.028533,0.034138,0.035115,0.036548,0.031889,0.036653,0.032402,0.030695,0.017207,0.037851,0.017848,0.023904,0.022967,0.030914,0.030125,0.035277,0.034957,0.032796,0.029461,0.041358,0.028351,0.033726,0.026425
0.036135,0.024105,0.02354,0.037205,0.035415,0.034252,0.033302,0.030198,0.033987,0.034959,0.034147,0.019619,0.043798,0.035419,0.03473,0.01904,0.035739,0.026968,0.017551,0.017322,0.030529,0.034154,0.035674,0.022922,0.019646,0.019255,0.034758,0.036053,0.027481,0.041818,0.030381,0.016922,0.030156,0.022429,0.030861,0.036535,0.029918,0.017454,0.036042,0.029212
0.034338,0.034656,0.028279,0.033603,0.035235,0.023638,0.02647,0.033755,0.027968,0.041982,0.031031,0.025206,0.04106,0.034557,0.028921,0.022944,0.030517,0.036861,0.033825,0.026087,0.017307,0.018053,0.017597,0.025792,0.017793,0.032035,0.017161,0.037699,0.035563,0.027749,0.035065,0.035705,0.018345,0.030368,0.033408,0.035876,0.035052,0.032982,0.017008,0.033747
0.024697,0.018421,0.027031,0.032848,0.017931,0.021128,0.023376,0.02978,0.034913,0.034335,0.024067,0.037257,0.036447,0.03516,0.017274,0.017393,0.017435,0.02424,0.01888,0.035895,0.016747,0.016386,0.028803,0.043551,0.025723,0.037699,0.034482,0.034236,0.02855,0.018319,0.029962,0.034775,0.042018,0.026194,0.037865,0.031925,0.031242,0.034142,0.035114,0.033898
0.029406,0.023005,0.033115,0.024493,0.036905,0.018242,0.031958,0.034435,0.033195,0.017785,0.031881,0.035658,0.023993,0.037904,0.035098,0.01867,0.032981,0.031656,0.034653,0.017214,0.031926,0.01716,0.032473,0.03525,0.017393,0.037154,0.024515,0.030768,0.028723,0.041811,0.024109,0.019999,0.033566,0.017641,0.036506,0.016683,0.032938,0.016938,0.032457,0.025827
0.030909,0.018052,0.030143,0.016724,0.031255,0.016848,0.032621,0.040551,0.023793,0.032843,0.034926,0.023182,0.046231,0.035455,0.031465,0.016903,0.017821,0.021741,0.021926,0.035918,0.016791,0.027737,0.022255,0.037922,0.022922,0.039262,0.036024,0.028125,0.030857,0.038693,0.035231,0.027095,0.018739,0.038148,0.016906,0.031376,0.023176,0.0206,0.039713,0.034939
