0.36658,0.13756,0.12135,0.11558,0.13127,0.11828,0.11293,0.1241,0.12014,0.14794,0.11106,0.1191,0.10799,0.12781,0.11258,0.12855,0.12013,0.11118,0.10732,0.19639,0.13702,0.11395,0.13386,0.13965,0.12161,0.11271,0.11783,0.11306,0.1307,0.12129,0.10837,0.10724,0.11609,0.1136,0.13288,0.13602,0.1404,0.10756,0.137,0.1303
0.11286,0.073979,0.10088,0.079903,0.090455,0.080256,0.083595,0.084245,0.081786,0.099989,0.081457,0.081779,0.095891,0.081589,0.079951,0.077758,0.097935,0.072315,0.091192,0.07564,0.094592,0.07558,0.08152,0.081094,0.093357,0.075493,0.080701,0.10046,0.0953,0.080005,0.077171,0.089359,0.077287,0.079507,0.099908,0.073416,0.079934,0.095365,0.097888,0.076774
0.078994,0.088678,0.073176,0.067186,0.068932,0.06936,0.087758,0.085331,0.13922,0.066509,0.068135,0.067484,0.067129,0.067171,0.070482,0.087323,0.072948,0.068266,0.070869,0.088021,0.072513,0.065988,0.069967,0.067615,0.067134,0.082939,0.081769,0.069352,0.069069,0.091787,0.073605,0.0702,0.08869,0.071873,0.065419,0.069157,0.068982,0.067013,0.066889,0.067644
0.063365,0.063744,0.067009,0.06553,0.06782,0.066247,0.068655,0.065033,0.067849,0.065215,0.071562,0.065095,0.064337,0.067539,0.065999,0.070044,0.066317,0.065094,0.074211,0.090657,0.074631,0.068205,0.088898,0.07112,0.06913,0.068203,0.09111,0.072222,0.066919,0.067318,0.065661,0.068395,0.064688,0.067996,0.068188,0.069303,0.071707,0.089537,0.071208,0.066543
0.065897,0.063971,0.065257,0.062911,0.083189,0.083023,0.083318,0.084629,0.067782,0.081334,0.082397,0.084092,0.085049,0.083464,0.082268,0.084361,0.087137,0.067868,0.066645,0.071323,0.063537,0.062883,0.080756,0.084169,0.083989,0.081497,0.084096,0.085359,0.082073,0.085019,0.082729,0.081378,0.085693,0.084207,0.081974,0.083396,0.08561,0.083853,0.065512,0.082082
0.085646,0.081127,0.083574,0.082564,0.083761,0.084785,0.081254,0.062105,0.061218,0.070015,0.065201,0.068005,0.064848,0.066933,0.066539,0.069385,0.061543,0.080943,0.085817,0.081186,0.082577,0.085273,0.070348,0.068376,0.066732,0.064353,0.064266,0.071701,0.066482,0.070954,0.065264,0.063259,0.068174,0.069324,0.098511,0.069096,0.064152,0.06744,0.068169,0.064698
0.060072,0.086234,0.082075,0.066903,0.081938,0.083284,0.070114,0.065878,0.079831,0.061363,0.063716,0.062182,0.080655,0.085035,0.083001,0.084803,0.081753,0.085375,0.082026,0.068018,0.08189,0.086162,0.081174,0.084201,0.084509,0.083657,0.081016,0.084435,0.081893,0.063068,0.063388,0.063212,0.069249,0.065549,0.067287,0.067216,0.066117,0.067594,0.069941,0.061985
0.066178,0.069018,0.067025,0.060218,0.082738,0.083299,0.083504,0.082772,0.063336,0.060537,0.066988,0.062228,0.084918,0.067352,0.063955,0.084922,0.064235,0.082191,0.062475,0.061245,0.068267,0.065401,0.066647,0.079266,0.084694,0.084676,0.08179,0.084064,0.08232,0.10929,0.064418,0.065468,0.068407,0.065358,0.070634,0.061829,0.068115,0.067686,0.06529,0.065506
0.080068,0.088353,0.067347,0.06761,0.066724,0.066805,0.065569,0.066584,0.066,0.066984,0.078863,0.084594,0.082586,0.08157,0.060773,0.061577,0.079169,0.085912,0.082451,0.082637,0.085594,0.08159,0.084416,0.08334,0.082105,0.088038,0.064096,0.066242,0.081606,0.060298,0.065775,0.062501,0.082073,0.065184,0.086191,0.080199,0.067376,0.082015,0.064532,0.06069
0.066213,0.062132,0.082369,0.081166,0.062785,0.059264,0.079976,0.081569,0.060535,0.064251,0.068519,0.06336,0.079407,0.080601,0.059776,0.066392,0.066972,0.068027,0.060157,0.081554,0.084154,0.084995,0.083905,0.082027,0.083458,0.067574,0.083741,0.065717,0.084074,0.085648,0.080409,0.08317,0.08264,0.060148,0.063982,0.066478,0.072044,0.061669,0.067271,0.064425
0.079105,0.086856,0.065054,0.082285,0.081043,0.059943,0.064675,0.066523,0.062443,0.082079,0.063173,0.061268,0.061817,0.083438,0.066813,0.081265,0.060295,0.064849,0.06065,0.081978,0.084151,0.083525,0.083596,0.082311,0.062864,0.059758,0.068677,0.063701,0.079526,0.083119,0.061255,0.060236,0.079981,0.083099,0.083236,0.083897,0.082106,0.060221,0.068165,0.061541
0.065363,0.078625,0.058608,0.064053,0.080209,0.067492,0.067308,0.081855,0.083604,0.079459,0.060447,0.066212,0.064667,0.063162,0.080769,0.062405,0.062745,0.066584,0.066448,0.067769,0.068764,0.066911,0.065582,0.066433,0.066805,0.059093,0.06,0.062728,0.068106,0.067985,0.065272,0.067368,0.066615,0.069146,0.065865,0.061894,0.079688,0.059592,0.065331,0.060778
0.083805,0.081241,0.059087,0.063427,0.065699,0.079028,0.059226,0.06316,0.067954,0.066284,0.062322,0.081092,0.059328,0.063838,0.062215,0.082642,0.060379,0.059984,0.080142,0.060499,0.064946,0.064034,0.078749,0.080519,0.061934,0.059962,0.080586,0.061119,0.061491,0.066925,0.066026,0.078094,0.05987,0.061664,0.080682,0.082994,0.086219,0.065504,0.081899,0.082072
0.064467,0.06105,0.068127,0.063331,0.066753,0.081385,0.064774,0.067181,0.06877,0.078144,0.058697,0.066995,0.06531,0.068406,0.064317,0.08273,0.064605,0.086002,0.063533,0.085277,0.082861,0.084412,0.065921,0.08178,0.084948,0.064825,0.061751,0.060994,0.07928,0.082556,0.081467,0.058937,0.067464,0.064512,0.06842,0.064584,0.079656,0.082322,0.062901,0.060093
0.069723,0.060996,0.082437,0.066158,0.080507,0.058883,0.068463,0.0598,0.079678,0.058839,0.065145,0.080952,0.063945,0.059066,0.066095,0.061259,0.082918,0.08253,0.082499,0.060124,0.065208,0.0596,0.082396,0.083897,0.082777,0.063053,0.058569,0.081879,0.080213,0.06365,0.05983,0.076964,0.060231,0.064785,0.060889,0.083869,0.080732,0.059633,0.062321,0.07916
0.058428,0.064931,0.069636,0.060908,0.078801,0.1493,0.06205,0.065035,0.060796,0.082885,0.067487,0.081409,0.061338,0.062265,0.066546,0.065976,0.078072,0.062209,0.062905,0.066761,0.061024,0.082565,0.08126,0.062455,0.059068,0.079763,0.060958,0.063278,0.064201,0.063592,0.080765,0.059568,0.065614,0.068243,0.064034,0.068438,0.064634,0.081527,0.068573,0.078415
0.059377,0.063832,0.067936,0.063936,0.080416,0.083355,0.085107,0.080577,0.06079,0.06199,0.080268,0.07939,0.059923,0.065468,0.060744,0.083725,0.085135,0.066736,0.067163,0.063752,0.061505,0.063825,0.064802,0.06899,0.060055,0.082199,0.060797,0.063676,0.061487,0.080144,0.058881,0.064622,0.077686,0.058866,0.064541,0.067677,0.067082,0.06545,0.066112,0.08061
0.064958,0.084727,0.083072,0.08582,0.061136,0.059681,0.062118,0.079744,0.062479,0.062817,0.064537,0.069165,0.067469,0.061468,0.083105,0.078076,0.061487,0.064547,0.060887,0.059294,0.062589,0.069483,0.061522,0.082077,0.066531,0.084822,0.080999,0.059536,0.064113,0.065777,0.078811,0.082919,0.058999,0.0631,0.080051,0.083352,0.067416,0.083163,0.084684,0.078062
0.058795,0.066192,0.068107,0.060925,0.084208,0.081573,0.058828,0.06596,0.059456,0.083912,0.083981,0.082015,0.060276,0.063071,0.067936,0.059191,0.058868,0.063943,0.066899,0.065467,0.078343,0.058777,0.063884,0.080149,0.081774,0.060419,0.066234,0.059712,0.079806,0.060478,0.075483,0.085486,0.079795,0.063392,0.06139,0.068822,0.058941,0.082032,0.063389,0.058088
0.077523,0.064059,0.06467,0.060637,0.082354,0.065975,0.06641,0.087144,0.06247,0.081321,0.060337,0.05876,0.082964,0.084776,0.080914,0.059663,0.064127,0.076488,0.060062,0.061714,0.079845,0.058341,0.06399,0.070105,0.064996,0.065375,0.078386,0.083173,0.058206,0.065445,0.061423,0.081417,0.059016,0.064352,0.067366,0.069441,0.057793,0.059496,0.064275,0.061407
0.082619,0.06698,0.082966,0.084176,0.082226,0.058874,0.065242,0.066859,0.065388,0.06517,0.079759,0.083037,0.059671,0.063499,0.067081,0.0661,0.076171,0.062476,0.06262,0.069219,0.065745,0.065383,0.066952,0.062507,0.080577,0.063979,0.061261,0.066545,0.067417,0.064431,0.078036,0.059236,0.066097,0.063208,0.078828,0.059883,0.062138,0.065631,0.081017,0.080626
0.059916,0.066629,0.059625,0.082011,0.059758,0.06122,0.080145,0.080783,0.06384,0.059394,0.082788,0.064537,0.065734,0.059819,0.062716,0.079146,0.08441,0.063772,0.059687,0.062534,0.079422,0.059076,0.063888,0.065408,0.08007,0.081639,0.059048,0.064808,0.066284,0.077893,0.08394,0.068473,0.082789,0.064915,0.059413,0.063393,0.078382,0.08299,0.060429,0.061604
0.068167,0.066988,0.062015,0.063682,0.064049,0.059263,0.067577,0.060264,0.059631,0.064995,0.06331,0.064593,0.081323,0.059711,0.066604,0.060886,0.081132,0.084042,0.084542,0.08109,0.063088,0.062498,0.064999,0.065644,0.080015,0.067117,0.080422,0.059814,0.066287,0.063261,0.079026,0.0583,0.063733,0.065439,0.080688,0.068227,0.065599,0.083958,0.083025,0.08682
0.081169,0.14528,0.059229,0.066222,0.068183,0.061106,0.083085,0.06764,0.08011,0.058525,0.064249,0.079113,0.058505,0.067129,0.060605,0.066277,0.081935,0.05993,0.060609,0.078041,0.059061,0.059551,0.060582,0.063386,0.064051,0.079596,0.086142,0.062204,0.060383,0.063602,0.06757,0.066296,0.068889,0.060629,0.080154,0.057979,0.065381,0.079936,0.079811,0.058093
0.070491,0.060927,0.080786,0.059057,0.065519,0.061235,0.080169,0.058616,0.065307,0.065386,0.077444,0.059093,0.062235,0.082835,0.080091,0.065791,0.058922,0.067602,0.059875,0.081431,0.063258,0.059424,0.0785,0.059053,0.063788,0.067564,0.067081,0.0632,0.080944,0.059123,0.062309,0.080363,0.065249,0.060306,0.061547,0.077555,0.058906,0.064525,0.066454,0.077429
0.059052,0.062914,0.064753,0.08184,0.080845,0.060956,0.064933,0.063766,0.064963,0.065355,0.081456,0.060496,0.058055,0.063997,0.08652,0.081931,0.060447,0.062329,0.077773,0.057267,0.065487,0.07854,0.062091,0.059799,0.080114,0.088911,0.066458,0.06626,0.07642,0.064236,0.060022,0.065624,0.078246,0.057928,0.065259,0.077281,0.059835,0.064694,0.059601,0.059308
0.062436,0.081885,0.080974,0.087583,0.061851,0.063597,0.062607,0.060581,0.081363,0.18399,0.082383,0.06114,0.063783,0.063356,0.082458,0.080706,0.085865,0.065725,0.08321,0.080609,0.059353,0.06426,0.077468,0.058397,0.063445,0.079494,0.058577,0.062266,0.080567,0.081153,0.060577,0.062959,0.077568,0.058041,0.064608,0.068356,0.060453,0.081367,0.060199,0.064875
0.06737,0.065172,0.077439,0.05813,0.059643,0.059607,0.061292,0.080278,0.081481,0.060199,0.063748,0.066921,0.066476,0.065819,0.078102,0.060573,0.062367,0.065564,0.080028,0.081902,0.059798,0.06398,0.062073,0.082965,0.082621,0.058763,0.068198,0.059922,0.080035,0.061924,0.061188,0.066909,0.068156,0.061181,0.082043,0.059712,0.062614,0.078628,0.059449,0.062736
0.067631,0.064799,0.079383,0.058955,0.064001,0.090913,0.060215,0.06501,0.07783,0.060082,0.062839,0.076809,0.058434,0.064437,0.078214,0.058196,0.065481,0.068039,0.059814,0.0839,0.085419,0.067805,0.081642,0.065324,0.082591,0.059523,0.063826,0.06648,0.076739,0.057938,0.066529,0.064513,0.079524,0.060764,0.060553,0.077753,0.059398,0.069488,0.062192,0.067288
0.065281,0.078431,0.059711,0.06672,0.060649,0.079863,0.058858,0.064442,0.067159,0.065827,0.066184,0.081548,0.08115,0.081276,0.05856,0.06156,0.066664,0.080952,0.058658,0.064327,0.07777,0.059815,0.063783,0.079124,0.081497,0.058926,0.068012,0.058926,0.080997,0.05923,0.063894,0.076792,0.059008,0.063279,0.078971,0.062632,0.059043,0.082415,0.064003,0.062684
0.059962,0.067691,0.065716,0.067831,0.060185,0.058469,0.06359,0.075811,0.060077,0.063131,0.079979,0.084058,0.067223,0.083415,0.081069,0.058989,0.063919,0.077948,0.05916,0.063118,0.078313,0.05981,0.065722,0.059654,0.086394,0.066111,0.08094,0.085843,0.080252,0.061903,0.061888,0.068713,0.063111,0.077894,0.059748,0.065263,0.065443,0.062559,0.082022,0.058501
0.063994,0.065583,0.078953,0.058661,0.063462,0.075492,0.060558,0.064218,0.077213,0.059331,0.064507,0.077227,0.058508,0.067218,0.063514,0.0789,0.08468,0.082544,0.086069,0.086002,0.066745,0.064692,0.080383,0.062727,0.060606,0.064328,0.079564,0.06404,0.061437,0.065289,0.061607,0.082692,0.065214,0.067941,0.083582,0.067411,0.081644,0.057882,0.067039,0.058558
0.062149,0.059058,0.07878,0.058491,0.064091,0.079294,0.059627,0.065412,0.063646,0.078535,0.063726,0.062608,0.059223,0.080614,0.058221,0.06544,0.068475,0.060115,0.081362,0.059375,0.063991,0.066534,0.079165,0.083797,0.084931,0.084095,0.078309,0.062108,0.063627,0.064989,0.081958,0.080659,0.083676,0.062824,0.06258,0.058587,0.081919,0.060577,0.063978,0.064844
0.078064,0.058949,0.063829,0.06603,0.078106,0.063382,0.061675,0.06486,0.069026,0.065056,0.066265,0.069458,0.06313,0.081606,0.079168,0.059733,0.066024,0.069931,0.058491,0.082319,0.060385,0.061168,0.077168,0.063099,0.061253,0.069182,0.05933,0.084144,0.066611,0.083149,0.083165,0.081273,0.058223,0.065099,0.079487,0.082833,0.062301,0.061594,0.065398,0.065087
0.078784,0.058749,0.06584,0.066883,0.060541,0.082681,0.06071,0.060352,0.079042,0.058903,0.063834,0.076781,0.066815,0.064671,0.058812,0.076577,0.062516,0.065212,0.061349,0.064288,0.082285,0.059903,0.061739,0.078953,0.060886,0.062079,0.065988,0.067274,0.07778,0.061074,0.05908,0.080514,0.080913,0.059041,0.064635,0.080143,0.085292,0.06543,0.081537,0.059888
0.065289,0.065322,0.06543,0.077307,0.059667,0.061055,0.082234,0.083444,0.080714,0.058613,0.065169,0.07879,0.085963,0.080995,0.081876,0.05849,0.066977,0.065096,0.06674,0.065998,0.078715,0.062314,0.059256,0.081913,0.079251,0.063034,0.059233,0.080648,0.084029,0.065516,0.086458,0.063565,0.083049,0.058522,0.065226,0.067514,0.063812,0.080647,0.065817,0.084061
0.066178,0.086991,0.062683,0.058659,0.06234,0.079946,0.082711,0.057724,0.064216,0.066858,0.061946,0.059055,0.063606,0.066653,0.077268,0.059222,0.064974,0.067896,0.060911,0.084134,0.06612,0.06736,0.066197,0.08399,0.080629,0.060934,0.059451,0.068763,0.063751,0.067793,0.081943,0.082398,0.057837,0.064687,0.067347,0.066631,0.076361,0.062495,0.061928,0.077293
0.058281,0.065114,0.066374,0.070927,0.059936,0.06507,0.066332,0.084441,0.066891,0.066794,0.068698,0.065232,0.080517,0.088296,0.06681,0.064789,0.080394,0.069043,0.081741,0.059275,0.063771,0.067114,0.066127,0.079185,0.081158,0.058862,0.067773,0.064574,0.062053,0.082469,0.058512,0.063137,0.078619,0.059494,0.06225,0.07741,0.060359,0.062793,0.077339,0.059369
0.063061,0.081376,0.083044,0.080999,0.058336,0.065363,0.066987,0.066581,0.066818,0.065568,0.078713,0.059222,0.062905,0.066716,0.077833,0.058217,0.065112,0.066379,0.066326,0.06363,0.087194,0.078273,0.060115,0.063822,0.064944,0.078177,0.059657,0.064459,0.06615,0.065381,0.081296,0.081443,0.082909,0.058671,0.063704,0.067845,0.066566,0.066049,0.078404,0.081897
0.058444,0.063908,0.077994,0.06007,0.062393,0.078324,0.058814,0.065507,0.064058,0.078911,0.058952,0.068093,0.061398,0.079676,0.0596,0.064731,0.062634,0.080166,0.058197,0.063849,0.066825,0.078162,0.059194,0.063181,0.066164,0.078994,0.05848,0.064141,0.06516,0.066075,0.080256,0.082929,0.060248,0.063361,0.066506,0.066166,0.066265,0.066177,0.07825,0.05965
