0.05668,0.03709,0.03288,0.036527,0.031308,0.039998,0.030201,0.03242,0.036727,0.03968,0.031106,0.034197,0.035394,0.045865,0.033983,0.035697,0.037486,0.031798,0.039926,0.032206,0.032391,0.040695,0.033077,0.032715,0.035707,0.040775,0.038613,0.037046,0.030395,0.029036,0.036235,0.040599,0.031562,0.048661,0.031002,0.036343,0.049626,0.030941,0.030948,0.032963
0.0192,0.034386,0.035735,0.032802,0.03745,0.032865,0.033029,0.031197,0.037839,0.031556,0.036757,0.022779,0.045815,0.021766,0.034507,0.031583,0.038278,0.021118,0.033378,0.0248,0.038442,0.03488,0.028538,0.035384,0.034207,0.020386,0.023883,0.02034,0.019892,0.021431,0.027377,0.020683,0.022514,0.039853,0.034981,0.033279,0.036643,0.026256,0.020041,0.020742
0.021068,0.028846,0.018732,0.042119,0.028223,0.042089,0.028911,0.033209,0.017966,0.034718,0.01821,0.047949,0.032598,0.031672,0.03493,0.030939,0.030627,0.041978,0.018164,0.036249,0.043457,0.031116,0.03277,0.033749,0.036518,0.033698,0.030366,0.018173,0.032281,0.017971,0.02439,0.037474,0.03529,0.027413,0.0334,0.036548,0.041122,0.025659,0.036763,0.029088
0.032768,0.023066,0.025722,0.019945,0.036193,0.01949,0.027238,0.016578,0.015985,0.016089,0.016602,0.024774,0.020805,0.027024,0.01995,0.027465,0.017205,0.01696,0.01965,0.028701,0.035334,0.032244,0.031473,0.033628,0.019314,0.029013,0.036955,0.032323,0.024045,0.019159,0.017878,0.020012,0.030526,0.016645,0.028139,0.026022,0.023686,0.026962,0.03226,0.016204
0.039405,0.027661,0.034982,0.023061,0.038425,0.036076,0.03501,0.034497,0.029449,0.033794,0.023767,0.032279,0.02826,0.034526,0.016368,0.032699,0.015714,0.016785,0.028918,0.0166,0.039441,0.019076,0.031009,0.016527,0.031565,0.035635,0.034912,0.027338,0.034195,0.03576,0.034241,0.023421,0.023045,0.024596,0.030057,0.032545,0.034574,0.033453,0.028542,0.029437
0.03919,0.038765,0.024962,0.018403,0.037991,0.024669,0.016964,0.021525,0.034895,0.022716,0.026472,0.02169,0.026237,0.016035,0.020503,0.015917,0.015994,0.016453,0.022781,0.017249,0.024311,0.015719,0.037615,0.016124,0.032722,0.016304,0.032449,0.016116,0.042351,0.025132,0.035694,0.016181,0.030981,0.035656,0.024989,0.046718,0.034844,0.026303,0.035596,0.026643
0.03525,0.022305,0.02603,0.034868,0.035497,0.023135,0.026165,0.022757,0.021077,0.026527,0.016534,0.01674,0.017185,0.022516,0.029701,0.02057,0.017983,0.033229,0.017119,0.037156,0.015651,0.033132,0.02283,0.030706,0.017341,0.031948,0.024595,0.021678,0.032263,0.034037,0.042407,0.029013,0.033209,0.027978,0.036102,0.034294,0.023454,0.027538,0.01599,0.037968
0.016641,0.030598,0.015734,0.035433,0.017766,0.028345,0.03613,0.034732,0.015784,0.026428,0.023671,0.03247,0.017082,0.032202,0.017141,0.037831,0.027515,0.035086,0.028549,0.034315,0.028748,0.041132,0.028534,0.040757,0.016001,0.026227,0.034444,0.042328,0.029305,0.032648,0.019405,0.029839,0.035974,0.02746,0.023241,0.023499,0.020185,0.031354,0.016713,0.038814
0.015987,0.033246,0.03418,0.027653,0.032356,0.037718,0.016344,0.032052,0.03542,0.040717,0.029065,0.034909,0.032411,0.030732,0.016952,0.016298,0.029391,0.034558,0.022281,0.032704,0.01663,0.031466,0.036881,0.021857,0.032859,0.024266,0.032318,0.023223,0.025448,0.035176,0.034184,0.027937,0.034722,0.018054,0.031394,0.034896,0.033047,0.024739,0.026256,0.035106
0.031407,0.016151,0.035657,0.023317,0.024153,0.023365,0.031724,0.025502,0.03907,0.016189,0.039192,0.026148,0.029179,0.034373,0.036165,0.035395,0.023267,0.026036,0.034202,0.033859,0.028989,0.034962,0.034586,0.034713,0.035416,0.027809,0.015968,0.031473,0.035636,0.035584,0.023222,0.026761,0.034028,0.034627,0.016047,0.032924,0.023053,0.045787,0.024663,0.038343
0.015397,0.032782,0.036003,0.03384,0.027632,0.034752,0.022733,0.029601,0.015599,0.03734,0.015773,0.015625,0.014686,0.030564,0.017592,0.031425,0.016805,0.017884,0.022494,0.031151,0.015313,0.024244,0.028638,0.015762,0.029594,0.023472,0.031952,0.029049,0.036243,0.034433,0.034749,0.03318,0.028728,0.035323,0.035472,0.027348,0.033438,0.036066,0.034812,0.036089
0.023473,0.024956,0.03465,0.018224,0.030462,0.02706,0.033793,0.036049,0.034389,0.027526,0.034043,0.016249,0.033649,0.01686,0.039748,0.022979,0.024748,0.035782,0.027183,0.034,0.036318,0.014898,0.016944,0.039028,0.034388,0.033449,0.030034,0.033379,0.015695,0.02204,0.023739,0.016383,0.032908,0.017374,0.017861,0.018271,0.02068,0.015647,0.015738,0.022974
0.02135,0.020249,0.021845,0.015572,0.015295,0.015704,0.0154,0.016845,0.024159,0.016819,0.024912,0.022263,0.014993,0.015437,0.015474,0.015184,0.014588,0.016983,0.020096,0.016193,0.018617,0.021494,0.015957,0.021641,0.018707,0.01818,0.016303,0.016505,0.015739,0.017126,0.016087,0.016792,0.017003,0.022328,0.015941,0.015686,0.014714,0.014645,0.015909,0.023605
0.017143,0.024983,0.015594,0.024205,0.015216,0.02202,0.030798,0.016093,0.015898,0.032186,0.015279,0.033444,0.035417,0.034472,0.025299,0.016902,0.033593,0.033788,0.03105,0.022978,0.031262,0.035508,0.035214,0.034912,0.033308,0.015709,0.032182,0.015702,0.035166,0.023123,0.022662,0.020328,0.030484,0.036699,0.033119,0.028854,0.032781,0.03678,0.035658,0.016852
0.031595,0.01546,0.016394,0.030633,0.016808,0.030559,0.043031,0.023212,0.039684,0.034499,0.03511,0.027763,0.023521,0.029822,0.03088,0.034898,0.035249,0.026271,0.030437,0.020018,0.04142,0.033713,0.028599,0.035019,0.028157,0.033462,0.016637,0.040615,0.015759,0.01531,0.031463,0.035197,0.015493,0.032747,0.035586,0.034051,0.023301,0.039301,0.036256,0.03357
0.027897,0.034082,0.015744,0.031994,0.036953,0.035715,0.035035,0.034323,0.015566,0.025653,0.02316,0.034035,0.023053,0.037523,0.022785,0.034456,0.02699,0.034731,0.035872,0.035717,0.027129,0.034137,0.035808,0.03459,0.034625,0.027957,0.034444,0.035986,0.035503,0.033516,0.028282,0.02902,0.02877,0.027911,0.015666,0.028967,0.042714,0.029877,0.035371,0.033498
0.028502,0.034749,0.01539,0.040442,0.015914,0.030245,0.016335,0.034953,0.034681,0.027499,0.035311,0.034437,0.027748,0.034782,0.035803,0.035626,0.026766,0.035069,0.015416,0.040241,0.015649,0.026691,0.041039,0.028313,0.035791,0.03435,0.016496,0.032625,0.034437,0.035257,0.018244,0.030561,0.015471,0.0227,0.024604,0.020342,0.027414,0.023746,0.025632,0.043821
0.02293,0.037864,0.035428,0.034344,0.028242,0.023138,0.031186,0.015838,0.026015,0.023862,0.032823,0.01499,0.034873,0.022577,0.026872,0.033816,0.02691,0.029592,0.024217,0.038441,0.034155,0.03443,0.028389,0.027314,0.041491,0.029346,0.03404,0.016408,0.032914,0.016157,0.030704,0.018788,0.030259,0.017122,0.039731,0.015649,0.016233,0.014677,0.017179,0.035283
0.022076,0.025548,0.035704,0.033782,0.015129,0.034415,0.034794,0.034767,0.025832,0.036855,0.01597,0.032729,0.035722,0.034897,0.022095,0.027412,0.015447,0.032489,0.022175,0.030343,0.026196,0.038998,0.035796,0.027492,0.022765,0.031606,0.015635,0.035414,0.023218,0.025848,0.028857,0.031745,0.04181,0.029799,0.035061,0.033393,0.028692,0.035645,0.034188,0.016205
0.032874,0.014284,0.033976,0.035357,0.034913,0.027779,0.034927,0.040626,0.028749,0.034364,0.027299,0.04225,0.025873,0.018713,0.039048,0.029368,0.026838,0.034335,0.035185,0.015541,0.031354,0.016957,0.034468,0.016314,0.031614,0.04268,0.028418,0.0336,0.035853,0.028161,0.034814,0.029027,0.022392,0.020073,0.032464,0.035894,0.026623,0.016259,0.031035,0.03682
0.035587,0.034475,0.027386,0.041606,0.029774,0.03435,0.034417,0.034234,0.027618,0.036004,0.035001,0.018105,0.0299,0.035525,0.035398,0.027416,0.034561,0.035071,0.015016,0.033837,0.022414,0.026924,0.015723,0.030213,0.024364,0.023158,0.038103,0.034953,0.015005,0.028697,0.028293,0.022711,0.017122,0.018347,0.017293,0.033933,0.016009,0.01554,0.027022,0.028237
0.014597,0.016267,0.036509,0.016242,0.032377,0.015447,0.033466,0.034489,0.035613,0.026714,0.02997,0.040183,0.035012,0.035159,0.03339,0.028657,0.035816,0.015802,0.04033,0.02751,0.030277,0.019653,0.034044,0.026373,0.034752,0.034759,0.035948,0.034675,0.027508,0.034746,0.034987,0.035501,0.03487,0.022908,0.021917,0.023505,0.029714,0.015032,0.032537,0.015614
0.030178,0.017531,0.034474,0.016711,0.015993,0.025338,0.023065,0.017361,0.018807,0.019981,0.014542,0.015799,0.023266,0.015236,0.015277,0.018921,0.015224,0.01524,0.015148,0.036055,0.023044,0.038746,0.014922,0.033491,0.035169,0.035391,0.014743,0.033016,0.036332,0.035035,0.027218,0.034644,0.015126,0.032538,0.036594,0.03439,0.035965,0.034401,0.027566,0.033834
0.036267,0.035105,0.034518,0.02786,0.034755,0.014724,0.029404,0.026259,0.031248,0.016609,0.028124,0.033771,0.042362,0.015936,0.033941,0.028313,0.034573,0.035352,0.026943,0.029314,0.017766,0.01758,0.022497,0.016782,0.027757,0.01603,0.040602,0.015473,0.033915,0.014674,0.034418,0.015487,0.033311,0.022092,0.033156,0.0272,0.036051,0.03059,0.03843,0.023921
0.038551,0.035745,0.033891,0.027755,0.034391,0.034232,0.02829,0.035912,0.033401,0.015659,0.035638,0.015498,0.016055,0.027171,0.01569,0.016063,0.015988,0.021769,0.021213,0.039448,0.033574,0.015266,0.033299,0.028609,0.040743,0.019393,0.024178,0.022679,0.023022,0.01798,0.040464,0.023316,0.025669,0.015387,0.033401,0.023299,0.024795,0.016547,0.029139,0.026266
0.015748,0.015143,0.015095,0.028637,0.028815,0.028115,0.022912,0.030378,0.029824,0.035078,0.034586,0.025312,0.021787,0.036615,0.023084,0.039634,0.035743,0.026026,0.030131,0.019237,0.042404,0.028184,0.035394,0.035001,0.016445,0.03156,0.022862,0.025993,0.015058,0.021756,0.016054,0.015429,0.018781,0.015259,0.014909,0.014323,0.017462,0.032009,0.023585,0.025676
0.033683,0.036398,0.014654,0.033416,0.02363,0.025369,0.03484,0.035681,0.015614,0.039889,0.027753,0.03396,0.028891,0.041689,0.016148,0.022025,0.017868,0.034382,0.022605,0.0269,0.015697,0.039151,0.014102,0.034784,0.014535,0.022741,0.015731,0.015059,0.015129,0.036199,0.01503,0.01477,0.014505,0.038458,0.01495,0.01395,0.015673,0.021296,0.0151,0.018016
0.022573,0.018131,0.028713,0.027285,0.022728,0.025605,0.023348,0.028551,0.031673,0.034604,0.036239,0.034299,0.027186,0.034232,0.035102,0.02352,0.027762,0.034767,0.03452,0.01486,0.034024,0.014941,0.033435,0.041671,0.028337,0.022459,0.028988,0.031289,0.027919,0.02925,0.018055,0.024728,0.033505,0.024383,0.019436,0.017411,0.020561,0.028831,0.023754,0.029541
0.031201,0.034141,0.014787,0.033912,0.034448,0.035378,0.036432,0.034404,0.018505,0.028409,0.028128,0.0243,0.024965,0.043053,0.026246,0.036586,0.03442,0.035873,0.027324,0.034421,0.035316,0.034538,0.028133,0.022833,0.031278,0.028586,0.035193,0.035663,0.034558,0.027802,0.031012,0.017348,0.0326,0.016519,0.0341,0.03204,0.034292,0.040159,0.026678,0.028509
0.027298,0.014868,0.034933,0.014586,0.033373,0.015368,0.032934,0.0152,0.033846,0.015889,0.033041,0.017897,0.038307,0.015589,0.014389,0.027403,0.02171,0.014765,0.024669,0.027829,0.016445,0.030838,0.02329,0.027031,0.023501,0.033591,0.015642,0.032637,0.015294,0.040462,0.028143,0.034756,0.017654,0.031569,0.015491,0.03328,0.015017,0.02874,0.017429,0.032585
0.024369,0.033853,0.035355,0.034637,0.029013,0.033658,0.017607,0.030324,0.036757,0.034001,0.015162,0.033297,0.014423,0.036101,0.023234,0.037239,0.035716,0.03608,0.015477,0.033158,0.015348,0.014571,0.021856,0.031831,0.035725,0.033102,0.014916,0.034537,0.034244,0.027975,0.034899,0.036259,0.034404,0.027906,0.035332,0.015031,0.032361,0.03583,0.03504,0.015465
0.033534,0.014857,0.033099,0.036019,0.033892,0.028689,0.03269,0.015635,0.032002,0.043972,0.028859,0.027134,0.034275,0.042663,0.02699,0.036881,0.034331,0.034367,0.027624,0.035035,0.035995,0.016321,0.032445,0.034885,0.034563,0.016528,0.03098,0.028316,0.034852,0.035438,0.034867,0.02716,0.034438,0.035894,0.036245,0.033772,0.023759,0.038008,0.03618,0.035078
0.024891,0.035971,0.035322,0.036611,0.014457,0.028466,0.015042,0.038525,0.035123,0.035311,0.034399,0.027716,0.023811,0.025582,0.021115,0.035014,0.03496,0.027345,0.035067,0.035212,0.015075,0.034317,0.015976,0.027093,0.025225,0.028094,0.034921,0.014963,0.022578,0.015259,0.030337,0.015029,0.016708,0.017469,0.015691,0.015992,0.017105,0.017766,0.016743,0.01639
0.015352,0.015782,0.017701,0.016683,0.019221,0.016904,0.015856,0.015884,0.016988,0.015999,0.027291,0.019964,0.019209,0.015315,0.017024,0.015567,0.017361,0.023706,0.015153,0.026509,0.018993,0.014626,0.016955,0.026343,0.016735,0.029067,0.015837,0.014984,0.015252,0.02453,0.01559,0.015284,0.01537,0.01867,0.015751,0.015323,0.015478,0.014604,0.022882,0.016871
0.015744,0.015302,0.022335,0.025233,0.014815,0.021047,0.014844,0.014453,0.016575,0.017048,0.020614,0.026177,0.027037,0.028655,0.035219,0.02316,0.022009,0.03154,0.035271,0.014946,0.040628,0.015815,0.025722,0.033166,0.036875,0.035448,0.033904,0.027667,0.023982,0.032942,0.016123,0.032732,0.015134,0.040003,0.019387,0.043551,0.027654,0.03416,0.036638,0.033579
0.023151,0.024512,0.019424,0.014908,0.01459,0.025147,0.025394,0.023658,0.031219,0.023468,0.039994,0.035617,0.033804,0.028629,0.034883,0.023612,0.025939,0.015115,0.029646,0.024826,0.026335,0.035585,0.035943,0.034543,0.033276,0.01534,0.034817,0.015459,0.014999,0.031016,0.036671,0.03477,0.034698,0.03474,0.015507,0.031941,0.028282,0.034898,0.035489,0.035263
0.034379,0.027294,0.017114,0.031609,0.035188,0.03521,0.015407,0.040056,0.019061,0.020523,0.017843,0.030475,0.022871,0.037154,0.034416,0.027463,0.022936,0.030644,0.024563,0.039839,0.035287,0.026801,0.024032,0.032786,0.035332,0.026607,0.015765,0.033259,0.01664,0.031503,0.034842,0.032565,0.016246,0.036586,0.014284,0.030446,0.020432,0.03187,0.034425,0.035453
0.018214,0.038077,0.034794,0.028803,0.034838,0.03322,0.015462,0.035262,0.019788,0.026637,0.024412,0.023261,0.02566,0.026037,0.014897,0.032424,0.034821,0.036339,0.034655,0.026208,0.019315,0.029968,0.035012,0.029711,0.020958,0.030698,0.025743,0.026213,0.016591,0.031187,0.034926,0.031893,0.038703,0.027365,0.034798,0.035944,0.035088,0.023353,0.026708,0.014248
0.0321,0.023472,0.032576,0.016028,0.033039,0.015991,0.034083,0.015469,0.032588,0.015213,0.032513,0.017509,0.039618,0.027546,0.035917,0.016404,0.038871,0.016485,0.037725,0.043461,0.027544,0.029319,0.040298,0.035546,0.027145,0.042077,0.028808,0.034025,0.027932,0.01637,0.036952,0.029475,0.034007,0.03652,0.036236,0.033608,0.027431,0.015591,0.031696,0.043518
0.028786,0.022595,0.027283,0.022408,0.025062,0.017157,0.02999,0.022217,0.027255,0.027859,0.030075,0.016198,0.032116,0.035118,0.026487,0.020943,0.023991,0.023506,0.017293,0.016494,0.016541,0.015305,0.017826,0.02607,0.015379,0.015513,0.019275,0.025121,0.021245,0.015486,0.014754,0.020329,0.020508,0.025602,0.015024,0.016999,0.015991,0.023103,0.01683,0.015393
