0.12329,0.060489,0.059014,0.0623,0.062896,0.060876,0.061527,0.065829,0.061152,0.061443,0.056492,0.061579,0.060271,0.066918,0.06619,0.059994,0.063005,0.060191,0.059999,0.062925,0.059299,0.064325,0.05832,0.059167,0.066381,0.064236,0.066254,0.062456,0.062448,0.063545,0.065454,0.062883,0.060779,0.061943,0.063778,0.065407,0.06199,0.057937,0.067239,0.059994
0.03696,0.038054,0.03375,0.036423,0.038951,0.044369,0.033821,0.034347,0.036858,0.033519,0.035312,0.033202,0.034598,0.032868,0.034217,0.033736,0.034317,0.042128,0.039324,0.038445,0.04185,0.033766,0.043004,0.041272,0.033158,0.035203,0.040915,0.046885,0.047735,0.038657,0.042761,0.052025,0.034277,0.042573,0.043262,0.034322,0.050256,0.044805,0.051152,0.048575
0.034223,0.027664,0.042836,0.037102,0.029706,0.028542,0.04614,0.05161,0.029013,0.037109,0.027497,0.028503,0.029822,0.028353,0.046278,0.034262,0.03,0.041297,0.030647,0.033155,0.036491,0.0346,0.027725,0.032918,0.028621,0.031777,0.029148,0.028415,0.028845,0.029661,0.0284,0.045457,0.03596,0.033029,0.037092,0.035036,0.028856,0.037194,0.033168,0.035049
0.033037,0.038432,0.034567,0.028734,0.043682,0.02704,0.02682,0.025702,0.036744,0.025898,0.028651,0.035132,0.029076,0.044786,0.032116,0.027393,0.040883,0.042787,0.035623,0.035646,0.027656,0.027441,0.026977,0.033231,0.028641,0.033795,0.035245,0.030512,0.026956,0.037567,0.034256,0.032013,0.029562,0.038025,0.026775,0.029441,0.029216,0.036352,0.034605,0.02857
0.025825,0.027052,0.026947,0.024424,0.026459,0.024907,0.027501,0.026305,0.026565,0.031976,0.027843,0.026188,0.027154,0.031463,0.033083,0.024928,0.032482,0.027922,0.029016,0.031973,0.033971,0.03895,0.02559,0.025906,0.026742,0.025187,0.029574,0.0327,0.03184,0.025109,0.03292,0.031024,0.03329,0.036568,0.031891,0.027067,0.038899,0.035858,0.027501,0.039838
0.049054,0.034627,0.0287,0.040113,0.02577,0.026622,0.024509,0.025278,0.025859,0.025764,0.024076,0.033164,0.034512,0.031285,0.025133,0.026824,0.029815,0.024994,0.039217,0.03906,0.030073,0.0387,0.034645,0.042407,0.039608,0.026294,0.03924,0.033909,0.03008,0.03516,0.029871,0.039751,0.025702,0.032358,0.032123,0.030567,0.025293,0.035861,0.03272,0.048885
0.031602,0.03384,0.031574,0.035078,0.034386,0.036197,0.048522,0.048276,0.034039,0.030489,0.036178,0.026664,0.041299,0.025663,0.031624,0.023144,0.024588,0.024592,0.025638,0.02318,0.029263,0.023867,0.025034,0.031387,0.024938,0.035502,0.028581,0.0246,0.04406,0.032848,0.033769,0.038632,0.048795,0.026997,0.037213,0.03055,0.028271,0.025222,0.025619,0.024655
0.028008,0.035151,0.024574,0.047844,0.047538,0.02427,0.040493,0.035181,0.030748,0.037054,0.031554,0.028281,0.023816,0.025414,0.024177,0.029702,0.023947,0.025711,0.024953,0.02455,0.023999,0.025019,0.023961,0.026116,0.04553,0.02433,0.035308,0.03005,0.039256,0.024947,0.03063,0.029336,0.049402,0.043164,0.034971,0.037467,0.024766,0.044807,0.024136,0.041649
0.033441,0.027477,0.035069,0.0314,0.031707,0.02508,0.034642,0.022903,0.024607,0.02399,0.025317,0.025808,0.024331,0.024892,0.024195,0.023987,0.023716,0.026984,0.035822,0.03431,0.03438,0.035065,0.048707,0.029859,0.037757,0.032418,0.040811,0.04301,0.033515,0.034083,0.048241,0.033464,0.031935,0.024239,0.030903,0.046292,0.032966,0.033822,0.036071,0.03154
0.031374,0.033137,0.032526,0.037072,0.024586,0.041373,0.030993,0.024232,0.043906,0.031097,0.034688,0.031799,0.037057,0.026459,0.040723,0.048873,0.026022,0.037163,0.034402,0.032851,0.025396,0.023603,0.036827,0.036581,0.046614,0.030498,0.034458,0.031098,0.037112,0.035208,0.026306,0.036823,0.036093,0.026033,0.023873,0.035817,0.049443,0.049645,0.04283,0.035199
0.033376,0.034941,0.036256,0.048411,0.035375,0.046195,0.03727,0.031877,0.027098,0.03952,0.027711,0.041483,0.041239,0.036239,0.034528,0.035399,0.034932,0.047596,0.0315,0.034604,0.024463,0.043163,0.029791,0.036038,0.031649,0.025922,0.024303,0.029132,0.024231,0.025609,0.0381,0.024561,0.045572,0.048885,0.025643,0.037689,0.035642,0.032795,0.032714,0.033762
0.037057,0.049077,0.041449,0.035464,0.036082,0.036475,0.035503,0.033164,0.027532,0.033198,0.029225,0.027193,0.043325,0.032253,0.038451,0.033026,0.026572,0.035628,0.037403,0.034639,0.032464,0.025629,0.043682,0.036059,0.026056,0.03029,0.026663,0.024817,0.039482,0.027461,0.040538,0.045939,0.032013,0.033327,0.038113,0.026302,0.034876,0.032376,0.025408,0.02312
0.036191,0.026516,0.04342,0.041857,0.030933,0.039324,0.032129,0.040249,0.032439,0.031048,0.032508,0.032228,0.030907,0.031702,0.027322,0.023108,0.028904,0.025035,0.024449,0.023482,0.025815,0.025689,0.025139,0.02933,0.031165,0.025926,0.027918,0.026627,0.027875,0.027243,0.027833,0.03166,0.031781,0.02395,0.029635,0.035699,0.031826,0.025673,0.026104,0.038391
0.022876,0.036153,0.031789,0.033149,0.024495,0.047175,0.05392,0.024918,0.024411,0.024556,0.037122,0.033891,0.025404,0.040783,0.03469,0.04868,0.03364,0.029154,0.034213,0.035406,0.024658,0.023111,0.036665,0.034275,0.048449,0.035551,0.047664,0.035538,0.035964,0.03998,0.035968,0.036043,0.034901,0.037101,0.026229,0.024432,0.024003,0.024657,0.023897,0.025044
0.023915,0.041547,0.026168,0.023602,0.025495,0.036379,0.033098,0.025144,0.023671,0.023887,0.024662,0.024399,0.025435,0.023726,0.03078,0.035782,0.047636,0.034058,0.033187,0.026355,0.040246,0.031673,0.050332,0.026178,0.023238,0.024477,0.027018,0.031549,0.025739,0.023405,0.027324,0.025155,0.024259,0.032544,0.023475,0.023623,0.026166,0.032557,0.023485,0.028204
0.024169,0.024708,0.031506,0.024411,0.024515,0.02974,0.02357,0.037378,0.027552,0.03767,0.033618,0.043669,0.025165,0.027364,0.039008,0.034182,0.04714,0.0368,0.036427,0.02762,0.029044,0.039878,0.04814,0.035783,0.029068,0.034596,0.032659,0.02518,0.028651,0.032062,0.025578,0.02371,0.040017,0.042409,0.03162,0.035176,0.030597,0.037556,0.025388,0.041939
0.048032,0.048411,0.035564,0.031906,0.031368,0.032103,0.037151,0.034436,0.048939,0.035577,0.048738,0.024635,0.023658,0.023213,0.026399,0.032247,0.035667,0.031303,0.033597,0.034638,0.030403,0.029544,0.026451,0.025129,0.03983,0.024116,0.039871,0.03538,0.047771,0.035899,0.034539,0.043144,0.024032,0.024809,0.040334,0.024499,0.02839,0.02508,0.037129,0.024643
0.041755,0.02389,0.023039,0.023816,0.023176,0.034364,0.032199,0.030779,0.022769,0.023749,0.047389,0.029054,0.03882,0.024825,0.040931,0.048793,0.025892,0.023127,0.031913,0.034932,0.02717,0.023487,0.030458,0.023413,0.044602,0.03527,0.048438,0.036009,0.047451,0.032627,0.032986,0.032351,0.0342,0.035253,0.030357,0.035261,0.034374,0.029298,0.031352,0.03593
0.037749,0.023977,0.024041,0.023927,0.023123,0.023305,0.025052,0.023833,0.050624,0.025331,0.038978,0.034928,0.048602,0.035296,0.042009,0.041663,0.026231,0.044194,0.041885,0.036343,0.025812,0.023189,0.025452,0.041811,0.029392,0.041707,0.047584,0.042275,0.0399,0.025091,0.039806,0.032065,0.03761,0.042341,0.023262,0.024931,0.042473,0.026161,0.055958,0.026628
0.042866,0.042517,0.033392,0.036534,0.028605,0.040414,0.036296,0.047966,0.047561,0.0438,0.024151,0.045082,0.034865,0.031664,0.032438,0.036637,0.030243,0.03573,0.033968,0.030989,0.036312,0.031295,0.024749,0.045625,0.048613,0.048378,0.034531,0.029756,0.025219,0.02428,0.039986,0.02548,0.02403,0.02606,0.023438,0.02482,0.037932,0.023473,0.023249,0.035851
0.031743,0.038249,0.029305,0.022963,0.031002,0.029807,0.035408,0.033364,0.031607,0.037566,0.026508,0.037086,0.033106,0.028608,0.022892,0.023693,0.022754,0.023779,0.026791,0.030574,0.023706,0.028061,0.034505,0.035936,0.030671,0.036983,0.028873,0.035409,0.034187,0.024133,0.023172,0.02334,0.024896,0.023418,0.02624,0.045005,0.0345,0.041325,0.035862,0.029388
0.037214,0.02618,0.044827,0.042242,0.035484,0.02641,0.023302,0.032331,0.034485,0.031469,0.034271,0.041541,0.041314,0.033781,0.037083,0.047556,0.031609,0.036576,0.026567,0.038872,0.032847,0.025823,0.024188,0.025931,0.024777,0.029434,0.026354,0.028752,0.030104,0.03103,0.034278,0.03101,0.033068,0.033949,0.032311,0.035562,0.042403,0.043228,0.032551,0.029942
0.0356,0.029407,0.036736,0.037544,0.03408,0.048633,0.031064,0.032342,0.039172,0.024734,0.022861,0.023889,0.028052,0.024784,0.039362,0.024501,0.023417,0.035849,0.035269,0.025474,0.042941,0.035551,0.023034,0.038882,0.030995,0.033037,0.038404,0.024267,0.040153,0.035574,0.024307,0.023094,0.0282,0.023447,0.048084,0.027029,0.041595,0.024392,0.039829,0.030643
0.036585,0.029512,0.035818,0.031785,0.036368,0.02908,0.035224,0.024981,0.032452,0.023019,0.022923,0.029953,0.039693,0.023974,0.023566,0.044217,0.035341,0.031792,0.02363,0.036516,0.024104,0.037538,0.024071,0.03883,0.031988,0.037498,0.048012,0.023833,0.023206,0.037844,0.027491,0.023671,0.045598,0.033646,0.035751,0.031603,0.0237,0.048348,0.043216,0.041451
0.029749,0.025297,0.037227,0.036375,0.023945,0.023393,0.024197,0.023312,0.024257,0.044862,0.033283,0.03413,0.02342,0.043553,0.032099,0.035416,0.031255,0.033895,0.034887,0.032252,0.032647,0.031216,0.03577,0.03224,0.024979,0.027874,0.028982,0.039739,0.047831,0.033196,0.029835,0.036039,0.029211,0.039264,0.048989,0.03053,0.032084,0.035484,0.032302,0.036921
0.033253,0.025158,0.04591,0.041463,0.03554,0.032306,0.02356,0.032703,0.02344,0.035381,0.03738,0.026888,0.04039,0.025803,0.035867,0.04047,0.049011,0.042906,0.042764,0.024203,0.023742,0.025712,0.037763,0.029787,0.038182,0.030195,0.038524,0.024702,0.041003,0.024614,0.038258,0.033045,0.024563,0.040471,0.035389,0.035457,0.028765,0.038432,0.029786,0.038248
0.023701,0.041466,0.029354,0.033543,0.039439,0.043542,0.033789,0.037278,0.028897,0.030528,0.044864,0.023325,0.023347,0.026221,0.04142,0.024921,0.025443,0.024001,0.041292,0.035078,0.041204,0.041333,0.041225,0.022727,0.028559,0.031368,0.037354,0.034329,0.036125,0.033765,0.027674,0.036531,0.029493,0.040345,0.029368,0.031161,0.036526,0.032825,0.031838,0.023387
0.043637,0.034736,0.035659,0.048986,0.027762,0.023318,0.046223,0.034466,0.035197,0.049307,0.034861,0.048699,0.048525,0.035481,0.029541,0.035472,0.031218,0.034949,0.031515,0.036577,0.026876,0.039206,0.029255,0.033862,0.036949,0.023577,0.043709,0.034378,0.048414,0.030852,0.039032,0.048818,0.041479,0.040703,0.037831,0.048259,0.047414,0.028167,0.036177,0.039621
0.04354,0.033976,0.036129,0.033311,0.048862,0.028702,0.035416,0.033837,0.030732,0.036337,0.030375,0.030712,0.040782,0.04797,0.024213,0.02343,0.034745,0.024562,0.023414,0.036818,0.031539,0.034617,0.027666,0.023637,0.03185,0.024099,0.022988,0.030632,0.023642,0.031755,0.023189,0.04275,0.033625,0.036768,0.042465,0.040359,0.041877,0.037149,0.034388,0.04075
0.029509,0.047454,0.035308,0.034062,0.049072,0.029204,0.037558,0.0281,0.0383,0.028595,0.03453,0.034532,0.032567,0.035917,0.030468,0.035149,0.033733,0.0295,0.037471,0.030345,0.030414,0.039087,0.029221,0.038693,0.023986,0.04056,0.034138,0.031872,0.024917,0.04838,0.042061,0.035258,0.033072,0.03375,0.033553,0.027424,0.04036,0.029337,0.037952,0.025746
0.038387,0.034054,0.023672,0.022826,0.022992,0.025812,0.039729,0.02857,0.023829,0.02787,0.02793,0.023402,0.029764,0.038722,0.048385,0.029661,0.041028,0.047748,0.041841,0.023325,0.029054,0.033062,0.024636,0.031498,0.025451,0.023139,0.023749,0.0237,0.023146,0.024353,0.024462,0.024389,0.03688,0.023351,0.024244,0.02371,0.047026,0.032488,0.032495,0.035208
0.029719,0.02391,0.024207,0.038476,0.023814,0.045862,0.042009,0.034764,0.023467,0.046201,0.035505,0.026921,0.04154,0.04283,0.035742,0.034991,0.031095,0.037517,0.025015,0.027423,0.044981,0.034168,0.032609,0.037159,0.049374,0.025262,0.04584,0.047876,0.048566,0.04431,0.023645,0.022408,0.022679,0.024411,0.023661,0.033095,0.035837,0.029816,0.037099,0.027037
0.039391,0.028645,0.022846,0.044817,0.034754,0.038385,0.030788,0.030287,0.031184,0.023359,0.0308,0.028698,0.023471,0.03035,0.034656,0.031522,0.023926,0.025261,0.037945,0.028401,0.035402,0.023875,0.024378,0.024122,0.026712,0.032026,0.024441,0.024303,0.032267,0.028886,0.024215,0.02404,0.025628,0.023394,0.024346,0.024138,0.02604,0.024022,0.025244,0.023732
0.024815,0.023113,0.025329,0.027658,0.024382,0.022508,0.023824,0.022393,0.023881,0.024971,0.02336,0.029155,0.022824,0.051658,0.042377,0.034285,0.035855,0.028939,0.033875,0.033029,0.024152,0.023445,0.023612,0.048376,0.032147,0.033053,0.034386,0.034324,0.030961,0.037808,0.043265,0.037693,0.031403,0.038293,0.026187,0.037978,0.032768,0.027738,0.023265,0.029116
0.041696,0.025368,0.023552,0.027172,0.023793,0.033691,0.02381,0.038892,0.034443,0.04873,0.031454,0.038,0.023805,0.039799,0.03395,0.048025,0.033324,0.035222,0.041814,0.037342,0.03375,0.036432,0.028463,0.03993,0.024646,0.039856,0.032078,0.024083,0.041239,0.033061,0.036827,0.024576,0.023572,0.023871,0.026425,0.023666,0.022888,0.026824,0.02334,0.029457
0.02312,0.023287,0.023358,0.0396,0.048854,0.030769,0.037757,0.050082,0.041193,0.042597,0.024987,0.037871,0.032608,0.031336,0.038718,0.0252,0.023769,0.02401,0.022874,0.030194,0.025066,0.035698,0.023658,0.023165,0.025983,0.041656,0.048775,0.043022,0.024758,0.043301,0.034883,0.033778,0.034878,0.030394,0.038368,0.024871,0.041482,0.04785,0.035949,0.047554
0.028167,0.03529,0.033534,0.035627,0.036281,0.047893,0.035675,0.042429,0.034206,0.035137,0.041359,0.023176,0.023162,0.028675,0.024851,0.027767,0.024024,0.030705,0.046752,0.049232,0.03574,0.04116,0.036602,0.03494,0.034535,0.02392,0.038151,0.031645,0.039395,0.026391,0.023108,0.03173,0.026347,0.037707,0.040945,0.034245,0.043204,0.034092,0.036369,0.024393
0.038281,0.031246,0.023608,0.043215,0.02318,0.045255,0.03625,0.03011,0.039677,0.028166,0.034876,0.034573,0.0305,0.023694,0.025718,0.025291,0.024407,0.037592,0.028697,0.031741,0.03693,0.034279,0.033005,0.030684,0.038562,0.024267,0.023246,0.024106,0.02306,0.02245,0.026694,0.025178,0.029257,0.028183,0.022883,0.030798,0.025221,0.023999,0.036639,0.027075
0.023525,0.024064,0.022827,0.024905,0.025484,0.035882,0.025199,0.041494,0.026379,0.037273,0.037291,0.024362,0.036398,0.039679,0.042496,0.035586,0.035255,0.031882,0.028816,0.042752,0.041982,0.034698,0.034902,0.035609,0.031905,0.031416,0.037238,0.024033,0.023849,0.037409,0.024599,0.040465,0.028068,0.038539,0.02463,0.023054,0.023632,0.023524,0.039009,0.024549
0.044368,0.023528,0.022861,0.028503,0.023226,0.02766,0.024563,0.024619,0.02541,0.02428,0.0235,0.025136,0.022304,0.032015,0.023658,0.041915,0.039181,0.023734,0.022866,0.030112,0.037978,0.028006,0.040386,0.044633,0.033764,0.032275,0.037314,0.032113,0.03346,0.02374,0.022946,0.022892,0.044624,0.035113,0.035109,0.04885,0.036395,0.047466,0.026532,0.04293
