0.013461,0.013461,0.01367,0.015857,0.020809,0.026596,0.031846,0.03657,0.04104,0.04541,0.049693,0.054084,0.05832,0.062457,0.066456,0.070722,0.074656,0.078468,0.082139,0.08629,0.08995,0.093505,0.096942,0.10108,0.10457,0.10797,0.11202,0.11549,0.11889,0.12223,0.12637,0.12979,0.13315,0.13645,0.14069,0.14409,0.14743,0.15071,0.15502,0.15839,0.1617,0.16495,0.1693,0.17262,0.17588,0.17908,0.18341,0.18666,0.18985,0.19297,0.19723,0.20038,0.20346,0.20754,0.21063,0.21365,0.21661,0.22058,0.22353,0.22642,0.22925,0.23308,0.23589,0.23865,0.24134,0.24503,0.24771,0.25033,0.25289,0.25646,0.259,0.26149,0.26393,0.26738,0.2698,0.27218,0.27548,0.27784,0.28016,0.28243,0.28563,0.28789,0.29011,0.29228,0.29539,0.29756,0.29969,0.30178,0.3048,0.30688,0.30893,0.31095,0.31388,0.31589,0.31786,0.3198,0.32266,0.3246,0.3265,0.32837
0.016204,0.016204,0.016462,0.019158,0.025277,0.032438,0.038935,0.044776,0.050298,0.055691,0.060969,0.066381,0.071603,0.076707,0.08165,0.086979,0.091897,0.096687,0.10132,0.10666,0.11136,0.11595,0.12042,0.12586,0.13045,0.13494,0.1403,0.14489,0.1494,0.15381,0.15925,0.16375,/Users/bharatkunwar/OSM/results/manyGridSizesSigmasPopulationAmenityCorrelation-Cardiff-bar
/Users/bharatkunwar/OSM/results/manyGridSizesSigmasPopulationAmenityCorrelation-Cardiff-fire_station
/Users/bharatkunwar/OSM/results/manyGridSizesSigmasPopulationAmenityCorrelation-Cardiff-fuel
/Users/bharatkunwar/OSM/results/manyGridSizesSigmasPopulationAmenityCorrelation-Cardiff-hospital
/Users/bharatkunwar/OSM/results/manyGridSizesSigmasPopulationAmenityCorrelation-Cardiff-police
/Users/bharatkunwar/OSM/results/manyGridSizesSigmasPopulationAmenityCorrelation-Cardiff-school
/Users/bharatkunwar/OSM/results/manyGridSizesSigmasPopulationAmenityCorrelation-Chester-bar
/Users/bharatkunwar/OSM/results/manyGridSizesSigmasPopulationAmenityCorrelation-Chester-fire_station
/Users/bharatkunwar/OSM/results/manyGridSizesSigmasPopulationAmenityCorrelation-Chester-fuel
/Users/bharatkunwar/OSM/results/manyGridSizesSigmasPopulationAmenityCorrelation-Chester-hospital
/Users/bharatkunwar/OSM/results/manyGridSizesSigmasPopulationAmenityCorrelation-Chester-police
/Users/bharatkunwar/OSM/results/manyGridSizesSigmasPopulationAmenityCorrelation-Chester-school
/Users/bharatkunwar/OSM/results/manyGridSizesSigmasPopulationAmenityCorrelation-Leeds-bar
/Users/bharatkunwar/OSM/results/manyGridSizesSigmasPopulationAmenityCorrelation-Leeds-fire_station
/Users/bharatkunwar/OSM/results/manyGridSizesSigmasPopulationAmenityCorrelation-Leeds-fuel
/Users/bharatkunwar/OSM/results/manyGridSizesSigmasPopulationAmenityCorrelation-Leeds-hospital
/Users/bharatkunwar/OSM/results/manyGridSizesSigmasPopulationAmenityCorrelation-Leeds-police
/Users/bharatkunwar/OSM/results/manyGridSizesSigmasPopulationAmenityCorrelation-Leeds-school
/Users/bharatkunwar/OSM/results/manyGridSizesSigmasPopulationAmenityCorrelation-Nottingham-bar
/Users/bharatkunwar/OSM/results/manyGridSizesSigmasPopulationAmenityCorrelation-Nottingham-fire_station
/Users/bharatkunwar/OSM/results/manyGridSizesSigmasPopulationAmenityCorrelation-Nottingham-fuel
/Users/bharatkunwar/OSM/results/manyGridSizesSigmasPopulationAmenityCorrelation-Nottingham-hospital
/Users/bharatkunwar/OSM/results/manyGridSizesSigmasPopulationAmenityCorrelation-Nottingham-police
/Users/bharatkunwar/OSM/results/manyGridSizesSigmasPopulationAmenityCorrelation-Nottingham-school
/Users/bharatkunwar/OSM/results/manyGridSizesSigmasPopulationAmenityCorrelation-Oxford-bar
/Users/bharatkunwar/OSM/results/manyGridSizesSigmasPopulationAmenityCorrelation-Oxford-fire_station
/Users/bharatkunwar/OSM/results/manyGridSizesSigmasPopulationAmenityCorrelation-Oxford-hospital
/Users/bharatkunwar/OSM/results/manyGridSizesSigmasPopulationAmenityCorrelation-Oxford-police
/Users/bharatkunwar/OSM/results/manyGridSizesSigmasPopulationAmenityCorrelation-Oxford-school
/Users/bharatkunwar/OSM/results/manyGridSizesSigmasPopulationAmenityCorrelation-York-bar
/Users/bharatkunwar/OSM/results/manyGridSizesSigmasPopulationAmenityCorrelation-York-fire_station
/Users/bharatkunwar/OSM/results/manyGridSizesSigmasPopulationAmenityCorrelation-York-fuel
/Users/bharatkunwar/OSM/results/manyGridSizesSigmasPopulationAmenityCorrelation-York-hospital
/Users/bharatkunwar/OSM/results/manyGridSizesSigmasPopulationAmenityCorrelation-York-police
/Users/bharatkunwar/OSM/results/manyGridSizesSigmasPopulationAmenityCorrelation-York-school
/Users/bharatkunwar/OSM/results/overlap/manyGridSizesSigmasPopulationAmenityCorrelation-Bristol-bar
/Users/bharatkunwar/OSM/results/overlap/manyGridSizesSigmasPopulationAmenityCorrelation-Bristol-fire_station
/Users/bharatkunwar/OSM/results/overlap/manyGridSizesSigmasPopulationAmenityCorrelation-Bristol-fuel
/Users/bharatkunwar/OSM/results/overlap/manyGridSizesSigmasPopulationAmenityCorrelation-Bristol-hospital
/Users/bharatkunwar/OSM/results/overlap/manyGridSizesSigmasPopulationAmenityCorrelation-Bristol-police
/Users/bharatkunwar/OSM/results/overlap/manyGridSizesSigmasPopulationAmenityCorrelation-Bristol-school
/Users/bharatkunwar/OSM/results/overlap/manyGridSizesSigmasPopulationAmenityCorrelation-Liverpool-bar
/Users/bharatkunwar/OSM/results/overlap/manyGridSizesSigmasPopulationAmenityCorrelation-Liverpool-school
/Users/bharatkunwar/OSM/results/overlap/manyGridSizesSigmasPopulationAmenityCorrelation-Oxford-fuel
/Users/bharatkunwar/OSM/results/overlap/time-manyGridSizesSigmasPopulationAmenityCorrelation-Bristol-bar
/Users/bharatkunwar/OSM/results/overlap/time-manyGridSizesSigmasPopulationAmenityCorrelation-Bristol-fire_station
/Users/bharatkunwar/OSM/results/overlap/time-manyGridSizesSigmasPopulationAmenityCorrelation-Bristol-fuel
/Users/bharatkunwar/OSM/results/overlap/time-manyGridSizesSigmasPopulationAmenityCorrelation-Bristol-hospital
/Users/bharatkunwar/OSM/results/overlap/time-manyGridSizesSigmasPopulationAmenityCorrelation-Bristol-police
/Users/bharatkunwar/OSM/results/overlap/time-manyGridSizesSigmasPopulationAmenityCorrelation-Bristol-school
/Users/bharatkunwar/OSM/results/overlap/time-manyGridSizesSigmasPopulationAmenityCorrelation-Liverpool-bar
/Users/bharatkunwar/OSM/results/overlap/time-manyGridSizesSigmasPopulationAmenityCorrelation-Liverpool-school
/Users/bharatkunwar/OSM/results/overlap/time-manyGridSizesSigmasPopulationAmenityCorrelation-Oxford-fuel
/Users/bharatkunwar/OSM/results/time-manyGridSizesSigmasPopulationAmenityCorrelation-Cardiff-bar
/Users/bharatkunwar/OSM/results/time-manyGridSizesSigmasPopulationAmenityCorrelation-Cardiff-fire_station
/Users/bharatkunwar/OSM/results/time-manyGridSizesSigmasPopulationAmenityCorrelation-Cardiff-fuel
/Users/bharatkunwar/OSM/results/time-manyGridSizesSigmasPopulationAmenityCorrelation-Cardiff-hospital
/Users/bharatkunwar/OSM/results/time-manyGridSizesSigmasPopulationAmenityCorrelation-Cardiff-police
/Users/bharatkunwar/OSM/results/time-manyGridSizesSigmasPopulationAmenityCorrelation-Cardiff-school
/Users/bharatkunwar/OSM/results/time-manyGridSizesSigmasPopulationAmenityCorrelation-Chester-bar
/Users/bharatkunwar/OSM/results/time-manyGridSizesSigmasPopulationAmenityCorrelation-Chester-fire_station
/Users/bharatkunwar/OSM/results/time-manyGridSizesSigmasPopulationAmenityCorrelation-Chester-fuel
/Users/bharatkunwar/OSM/results/time-manyGridSizesSigmasPopulationAmenityCorrelation-Chester-hospital
/Users/bharatkunwar/OSM/results/time-manyGridSizesSigmasPopulationAmenityCorrelation-Chester-police
/Users/bharatkunwar/OSM/results/time-manyGridSizesSigmasPopulationAmenityCorrelation-Chester-school
/Users/bharatkunwar/OSM/results/time-manyGridSizesSigmasPopulationAmenityCorrelation-Leeds-bar
/Users/bharatkunwar/OSM/results/time-manyGridSizesSigmasPopulationAmenityCorrelation-Leeds-fire_station
/Users/bharatkunwar/OSM/results/time-manyGridSizesSigmasPopulationAmenityCorrelation-Leeds-fuel
/Users/bharatkunwar/OSM/results/time-manyGridSizesSigmasPopulationAmenityCorrelation-Leeds-hospital
/Users/bharatkunwar/OSM/results/time-manyGridSizesSigmasPopulationAmenityCorrelation-Leeds-police
/Users/bharatkunwar/OSM/results/time-manyGridSizesSigmasPopulationAmenityCorrelation-Leeds-school
/Users/bharatkunwar/OSM/results/time-manyGridSizesSigmasPopulationAmenityCorrelation-Nottingham-bar
/Users/bharatkunwar/OSM/results/time-manyGridSizesSigmasPopulationAmenityCorrelation-Nottingham-fire_station
/Users/bharatkunwar/OSM/results/time-manyGridSizesSigmasPopulationAmenityCorrelation-Nottingham-fuel
/Users/bharatkunwar/OSM/results/time-manyGridSizesSigmasPopulationAmenityCorrelation-Nottingham-hospital
/Users/bharatkunwar/OSM/results/time-manyGridSizesSigmasPopulationAmenityCorrelation-Nottingham-police
/Users/bharatkunwar/OSM/results/time-manyGridSizesSigmasPopulationAmenityCorrelation-Nottingham-school
/Users/bharatkunwar/OSM/results/time-manyGridSizesSigmasPopulationAmenityCorrelation-Oxford-bar
/Users/bharatkunwar/OSM/results/time-manyGridSizesSigmasPopulationAmenityCorrelation-Oxford-fire_station
/Users/bharatkunwar/OSM/results/time-manyGridSizesSigmasPopulationAmenityCorrelation-Oxford-hospital
/Users/bharatkunwar/OSM/results/time-manyGridSizesSigmasPopulationAmenityCorrelation-Oxford-police
/Users/bharatkunwar/OSM/results/time-manyGridSizesSigmasPopulationAmenityCorrelation-Oxford-school
/Users/bharatkunwar/OSM/results/time-manyGridSizesSigmasPopulationAmenityCorrelation-York-bar
/Users/bharatkunwar/OSM/results/time-manyGridSizesSigmasPopulationAmenityCorrelation-York-fire_station
/Users/bharatkunwar/OSM/results/time-manyGridSizesSigmasPopulationAmenityCorrelation-York-fuel
/Users/bharatkunwar/OSM/results/time-manyGridSizesSigmasPopulationAmenityCorrelation-York-hospital
/Users/bharatkunwar/OSM/results/time-manyGridSizesSigmasPopulationAmenityCorrelation-York-police
/Users/bharatkunwar/OSM/results/time-manyGridSizesSigmasPopulationAmenityCorrelation-York-school0.16817,0.17248,0.17792,0.18229,0.18656,0.19071,0.19606,0.20023,0.2043,0.20826,0.21344,0.21739,0.22123,0.22497,0.22994,0.23366,0.23728,0.24079,0.24557,0.24907,0.25247,0.25699,0.26037,0.26366,0.26687,0.27123,0.27442,0.27754,0.28057,0.28478,0.28781,0.29076,0.29365,0.29771,0.30058,0.3034,0.30615,0.31006,0.3128,0.31549,0.31811,0.32188,0.3245,0.32705,0.33065,0.33319,0.33568,0.33812,0.34157,0.34399,0.34637,0.34869,0.35201,0.35431,0.35658,0.35879,0.36197,0.36416,0.36632,0.36843,0.37147,0.37356,0.37561,0.37762,0.38053,0.38252,0.38447,0.38639
0.019357,0.019357,0.019679,0.02306,0.030765,0.039818,0.04803,0.055354,0.062184,0.068759,0.075117,0.081616,0.087873,0.094013,0.1,0.1066,0.11272,0.11875,0.12465,0.13157,0.13768,0.1437,0.14959,0.15677,0.16284,0.16879,0.1758,0.18183,0.18772,0.19346,0.20036,0.20609,0.21167,0.21707,0.2237,0.22904,0.23422,0.23922,0.24552,0.25046,0.25524,0.25986,0.26583,0.27039,0.27481,0.27908,0.28476,0.28898,0.29308,0.29706,0.30246,0.30639,0.31021,0.31527,0.31905,0.32272,0.32629,0.33109,0.33462,0.33805,0.34139,0.34593,0.34922,0.35243,0.35555,0.35983,0.3629,0.36589,0.36881,0.37284,0.3757,0.37849,0.38121,0.385,0.38768,0.39028,0.39383,0.39639,0.39888,0.40132,0.40467,0.40706,0.40939,0.41167,0.41483,0.41707,0.41926,0.4214,0.4244,0.4265,0.42856,0.43058,0.43343,0.43542,0.43736,0.43927,0.44199,0.44387,0.44571,0.44752
0.021638,0.021639,0.022021,0.026053,0.035319,0.046167,0.055698,0.063845,0.071271,0.078408,0.085376,0.09262,0.099679,0.10669,0.1136,0.1213,0.12848,0.13558,0.14256,0.15072,0.15794,0.16502,0.17192,0.18023,0.18722,0.19402,0.2019,0.20864,0.21517,0.22146,0.22894,0.23511,0.24107,0.24679,0.25381,0.25942,0.26483,0.27004,0.27665,0.28177,0.28672,0.2915,0.29774,0.30246,0.30702,0.31144,0.31735,0.32172,0.32595,0.33006,0.33564,0.33969,0.34362,0.34881,0.35267,0.35642,0.36007,0.36493,0.3685,0.37198,0.37535,0.37989,0.3832,0.38641,0.38953,0.39377,0.39683,0.3998,0.40269,0.40665,0.40949,0.41224,0.41493,0.41864,0.42127,0.42384,0.42731,0.42983,0.43229,0.43469,0.43796,0.44032,0.44262,0.44487,0.44796,0.45018,0.45234,0.45447,0.45738,0.45947,0.46151,0.46352,0.46627,0.46824,0.47017,0.47207,0.47465,0.47652,0.47834,0.48013
0.028429,0.028429,0.028858,0.033338,0.043469,0.055281,0.065921,0.075342,0.084088,0.092498,0.10065,0.10903,0.11714,0.12513,0.13296,0.14158,0.14957,0.15743,0.16509,0.17385,0.18157,0.18906,0.19627,0.20474,0.21185,0.21868,0.22651,0.23316,0.23954,0.24567,0.25299,0.25897,0.26474,0.27027,0.27719,0.28264,0.28791,0.293,0.29957,0.30461,0.30948,0.3142,0.32045,0.32512,0.32965,0.33403,0.33995,0.34428,0.34849,0.35256,0.35812,0.36214,0.36604,0.3712,0.37503,0.37875,0.38236,0.38719,0.39074,0.39419,0.39754,0.40207,0.40536,0.40856,0.41167,0.41592,0.41898,0.42196,0.42486,0.42885,0.4317,0.43449,0.4372,0.44094,0.44361,0.44622,0.4497,0.45227,0.45477,0.45722,0.46047,0.46287,0.46522,0.46752,0.47055,0.47279,0.47499,0.47714,0.47993,0.48203,0.48408,0.48608,0.48865,0.4906,0.4925,0.49436,0.49668,0.49847,0.50023,0.50194
0.032212,0.032212,0.032697,0.037803,0.0496,0.063586,0.076083,0.086912,0.096821,0.10632,0.11554,0.12504,0.13422,0.14325,0.15206,0.16165,0.17048,0.17908,0.18737,0.19674,0.20492,0.21278,0.22027,0.22908,0.2364,0.24341,0.2515,0.25831,0.26486,0.27114,0.27875,0.28492,0.29088,0.29662,0.30385,0.30953,0.31503,0.32033,0.3272,0.33246,0.33755,0.34247,0.34896,0.35382,0.35853,0.36308,0.36916,0.37364,0.37798,0.38218,0.38784,0.39196,0.39596,0.40117,0.40508,0.40888,0.41256,0.4174,0.421,0.4245,0.4279,0.43239,0.43572,0.43895,0.44209,0.44626,0.44934,0.45233,0.45524,0.4591,0.46194,0.46471,0.46741,0.47096,0.47359,0.47615,0.47939,0.48188,0.4843,0.48666,0.48959,0.49187,0.4941,0.49626,0.49886,0.50093,0.50295,0.50491,0.50718,0.50905,0.51086,0.51262,0.51456,0.51621,0.51781,0.51936,0.52096,0.5224,0.52379,0.52513
0.035775,0.035776,0.036315,0.041999,0.055133,0.070739,0.084795,0.097136,0.10858,0.11966,0.1305,0.14168,0.15252,0.16315,0.17348,0.18456,0.19471,0.20449,0.21379,0.22412,0.23308,0.2416,0.24966,0.25909,0.26689,0.27432,0.28292,0.29013,0.29706,0.30369,0.31172,0.31822,0.32447,0.33047,0.33795,0.34382,0.34948,0.35491,0.3618,0.3671,0.3722,0.3771,0.38341,0.38818,0.39278,0.3972,0.40298,0.40728,0.41144,0.41544,0.42076,0.42466,0.42844,0.43331,0.437,0.44057,0.44403,0.44853,0.45191,0.4552,0.45839,0.46254,0.46566,0.46869,0.47163,0.47544,0.47831,0.48111,0.48382,0.48728,0.48991,0.49247,0.49496,0.49806,0.50046,0.50279,0.50553,0.50776,0.50992,0.51201,0.51438,0.51636,0.51827,0.52012,0.5221,0.52383,0.52549,0.52709,0.52866,0.53013,0.53154,0.53289,0.53407,0.53527,0.53642,0.53751,0.53829,0.53924,0.54012,0.54095
0.036723,0.036723,0.037311,0.043469,0.057489,0.073947,0.088853,0.1022,0.11482,0.12719,0.13936,0.15192,0.16406,0.17594,0.1874,0.19961,0.21074,0.2214,0.23152,0.24276,0.25247,0.26171,0.27047,0.28077,0.28925,0.29736,0.30673,0.31458,0.32211,0.32931,0.33793,0.34491,0.3516,0.358,0.36584,0.37202,0.37795,0.38361,0.39068,0.39614,0.40138,0.40639,0.41277,0.41761,0.42227,0.42674,0.43251,0.43685,0.44102,0.44504,0.4503,0.45421,0.45799,0.46276,0.46643,0.46998,0.47342,0.47776,0.48109,0.48432,0.48745,0.49136,0.49438,0.49731,0.50015,0.50361,0.50632,0.50896,0.5115,0.51449,0.5169,0.51923,0.52147,0.52397,0.52607,0.52809,0.53017,0.53203,0.53382,0.53552,0.53711,0.53865,0.5401,0.54148,0.54259,0.54379,0.54492,0.54598,0.5466,0.54747,0.54827,0.549,0.54914,0.54969,0.55016,0.55057,0.55024,0.55045,0.5506,0.55068
0.039897,0.039897,0.040573,0.047706,0.06421,0.083835,0.10148,0.11693,0.13124,0.14509,0.1586,0.17243,0.18568,0.19851,0.21075,0.22367,0.23534,0.24644,0.25692,0.26866,0.27873,0.28835,0.29747,0.30831,0.31722,0.32574,0.33562,0.34388,0.35181,0.35939,0.3684,0.37572,0.38272,0.38941,0.3975,0.40392,0.41006,0.41592,0.42313,0.42875,0.43413,0.43928,0.44572,0.45066,0.45541,0.45996,0.46573,0.47011,0.47433,0.47839,0.48355,0.48746,0.49123,0.49582,0.49944,0.50293,0.5063,0.51033,0.51354,0.51664,0.51962,0.52308,0.5259,0.52861,0.53121,0.53408,0.5365,0.53882,0.54104,0.54332,0.54534,0.54727,0.5491,0.55078,0.5524,0.55393,0.55514,0.55645,0.55767,0.5588,0.55944,0.56035,0.56117,0.5619,0.56197,0.56248,0.5629,0.56324,0.56276,0.56286,0.56289,0.56283,0.56181,0.56152,0.56115,0.5607,0.55915,0.55846,0.5577,0.55686
0.047065,0.047066,0.047766,0.055123,0.071881,0.091351,0.10875,0.12426,0.13891,0.15322,0.16719,0.18137,0.19484,0.20774,0.21994,0.2327,0.24414,0.25496,0.26516,0.27658,0.28635,0.29566,0.30449,0.31496,0.32353,0.33172,0.34113,0.34899,0.3565,0.36366,0.37208,0.37891,0.38543,0.39164,0.39911,0.40504,0.4107,0.4161,0.42275,0.42793,0.4329,0.43765,0.4436,0.44818,0.45259,0.45682,0.46213,0.46621,0.47014,0.47392,0.47861,0.48223,0.48572,0.48981,0.49312,0.4963,0.49936,0.5028,0.50565,0.50839,0.51101,0.51376,0.51615,0.51843,0.52059,0.52264,0.52456,0.52636,0.52805,0.52939,0.53083,0.53215,0.53337,0.534,0.53495,0.5358,0.5359,0.53647,0.53693,0.53729,0.53672,0.5368,0.53678,0.53665,0.53542,0.53502,0.53451,0.53391,0.53204,0.53114,0.53015,0.52907,0.52658,0.52521,0.52374,0.52218,0.51908,0.51722,0.51528,0.51324
0.041945,0.041946,0.042722,0.05095,0.070127,0.092937,0.11363,0.13225,0.14997,0.16738,0.18446,0.20187,0.21844,0.23434,0.24937,0.26504,0.27908,0.29233,0.30474,0.31827,0.32983,0.34068,0.35081,0.36213,0.37144,0.38011,0.38944,0.39726,0.40454,0.41129,0.41863,0.42466,0.43027,0.43547,0.44121,0.44587,0.45022,0.45426,0.45882,0.46249,0.46592,0.46914,0.47284,0.47579,0.47857,0.48118,0.48422,0.48662,0.4889,0.49105,0.49349,0.49546,0.49731,0.49928,0.50094,0.50251,0.50397,0.5054,0.50668,0.50786,0.50895,0.50983,0.51072,0.51153,0.51224,0.51259,0.51309,0.51352,0.51386,0.51365,0.51377,0.51382,0.51379,0.51301,0.51275,0.51241,0.51125,0.51067,0.51001,0.50928,0.50757,0.50659,0.50554,0.50441,0.50215,0.50077,0.49931,0.49778,0.49498,0.49318,0.49131,0.48937,0.48602,0.4838,0.48151,0.47915,0.47527,0.47264,0.46992,0.46714
0.061536,0.061537,0.062483,0.072397,0.09478,0.12021,0.14228,0.16143,0.17908,0.19585,0.21174,0.22738,0.24187,0.25546,0.26814,0.28144,0.29326,0.30444,0.31496,0.32679,0.33683,0.34634,0.35531,0.36582,0.37436,0.38244,0.39163,0.39927,0.40651,0.41338,0.42143,0.42794,0.43414,0.44004,0.44712,0.45275,0.45813,0.46327,0.4695,0.47441,0.47912,0.48363,0.48906,0.49334,0.49745,0.50138,0.50598,0.50968,0.5132,0.51657,0.52031,0.5234,0.52634,0.52931,0.53195,0.53443,0.53676,0.53884,0.54084,0.5427,0.54441,0.54556,0.54692,0.54814,0.54921,0.54946,0.55017,0.55074,0.55117,0.55051,0.55056,0.55047,0.55026,0.54871,0.5481,0.54736,0.5452,0.54407,0.5428,0.5414,0.5384,0.5366,0.53467,0.53261,0.52879,0.52632,0.52373,0.52101,0.51641,0.51328,0.51002,0.50665,0.5013,0.49752,0.49361,0.48958,0.48355,0.47912,0.47458,0.46991
-0.068813,-0.068813,-0.068411,-0.063563,-0.049277,-0.02936,-0.011002,0.0043429,0.018148,0.031725,0.045465,0.060089,0.074486,0.088705,0.10249,0.11725,0.13075,0.14374,0.15615,0.17009,0.1822,0.19381,0.20488,0.21784,0.22861,0.23893,0.25065,0.2606,0.27015,0.27929,0.28992,0.29875,0.30723,0.31537,0.32495,0.3328,0.34035,0.3476,0.35612,0.36309,0.36978,0.37622,0.38361,0.38972,0.39558,0.40119,0.40737,0.41261,0.41761,0.42238,0.42729,0.43165,0.43577,0.43962,0.44329,0.44675,0.44999,0.45258,0.45535,0.4579,0.46026,0.46163,0.4635,0.46517,0.46666,0.46684,0.46782,0.46863,0.46925,0.46829,0.46841,0.46836,0.46814,0.46608,0.46535,0.46446,0.46168,0.46029,0.45873,0.457,0.45322,0.45099,0.44861,0.44606,0.44131,0.43826,0.43505,0.43169,0.42604,0.42218,0.41817,0.414,0.40752,0.40287,0.39806,0.3931,0.38588,0.38045,0.37487,0.36914
0.058664,0.058665,0.059629,0.069748,0.092843,0.11994,0.14424,0.16551,0.18494,0.20323,0.2205,0.23769,0.25373,0.26899,0.28339,0.29866,0.31233,0.32532,0.33757,0.35109,0.36266,0.37357,0.3838,0.39539,0.40495,0.41394,0.42381,0.43215,0.44003,0.44746,0.45582,0.46276,0.46935,0.47559,0.48272,0.48858,0.49415,0.49945,0.50545,0.51039,0.51509,0.51954,0.5244,0.52848,0.53233,0.53597,0.53964,0.54286,0.54586,0.54866,0.55112,0.55348,0.55563,0.55716,0.55884,0.56034,0.56164,0.56201,0.56284,0.56348,0.56393,0.56318,0.56315,0.56294,0.56256,0.56071,0.55983,0.55878,0.55756,0.55464,0.55291,0.55101,0.54896,0.54498,0.5424,0.53966,0.53502,0.53176,0.52833,0.52473,0.51912,0.515,0.51072,0.50627,0.49976,0.49479,0.48966,0.48436,0.47703,0.47123,0.46526,0.45914,0.45107,0.44447,0.4377,0.43078,0.42208,0.4147,0.40716,0.39947
0.067097,0.067098,0.068108,0.078695,0.10286,0.13139,0.15736,0.18034,0.20134,0.22092,0.23916,0.25701,0.2735,0.28901,0.30353,0.31872,0.33219,0.34483,0.3566,0.36939,0.38019,0.39026,0.39959,0.41007,0.41863,0.42663,0.4354,0.44276,0.44969,0.45621,0.46357,0.46964,0.47541,0.48086,0.48702,0.4921,0.49691,0.50147,0.50645,0.51061,0.51454,0.51822,0.52195,0.5252,0.52822,0.53101,0.53342,0.53573,0.53781,0.53968,0.54074,0.54208,0.54321,0.54326,0.54384,0.5442,0.54436,0.54311,0.54269,0.54206,0.54124,0.5387,0.53728,0.53566,0.53385,0.53003,0.5276,0.52498,0.52216,0.5171,0.51365,0.51,0.50617,0.49991,0.49544,0.49078,0.48385,0.47856,0.47307,0.46739,0.45945,0.45316,0.44668,0.44001,0.43118,0.42394,0.4165,0.40889,0.39932,0.39116,0.38283,0.37432,0.3642,0.35521,0.34605,0.33674,0.32625,0.31652,0.30664,0.29662
0.071477,0.071478,0.07258,0.084191,0.11085,0.14218,0.17038,0.19504,0.21727,0.2377,0.25647,0.27469,0.29138,0.30702,0.32161,0.33691,0.35044,0.36316,0.37502,0.38801,0.399,0.40928,0.41886,0.42979,0.43871,0.44708,0.45639,0.46419,0.47157,0.47854,0.48641,0.49293,0.49911,0.50496,0.51146,0.51686,0.52197,0.52678,0.53185,0.53616,0.5402,0.54395,0.54751,0.55072,0.55365,0.55633,0.55835,0.56043,0.56225,0.56383,0.56433,0.56529,0.566,0.56543,0.56552,0.56537,0.56499,0.56302,0.562,0.56076,0.55929,0.55597,0.55385,0.55151,0.54896,0.54432,0.54111,0.53768,0.53404,0.52813,0.52382,0.51929,0.51456,0.50746,0.50205,0.49644,0.48868,0.48242,0.47594,0.46925,0.46053,0.45321,0.44569,0.43796,0.42843,0.42012,0.4116,0.40289,0.39272,0.38349,0.37406,0.36444,0.35386,0.34379,0.33354,0.32313,0.31238,0.30159,0.29066,0.27957
-0.082418,-0.082418,-0.082423,-0.081665,-0.075477,-0.061832,-0.044129,-0.024579,-0.0040427,0.016956,0.037759,0.058742,0.078648,0.097637,0.11557,0.13419,0.15102,0.16699,0.18206,0.19851,0.2128,0.22637,0.2392,0.25373,0.26595,0.27758,0.29031,0.3013,0.31179,0.32178,0.3327,0.34207,0.351,0.35948,0.36847,0.37628,0.38368,0.39066,0.3976,0.40385,0.4097,0.41516,0.41998,0.42465,0.42895,0.43289,0.43561,0.43872,0.44149,0.44392,0.44463,0.44622,0.44749,0.44681,0.44723,0.44735,0.44716,0.44466,0.44362,0.44229,0.44067,0.43645,0.43398,0.43123,0.4282,0.42232,0.41845,0.41429,0.40987,0.40248,0.39721,0.39168,0.38588,0.37712,0.3705,0.36361,0.35417,0.34651,0.33858,0.33039,0.31989,0.31097,0.30179,0.29236,0.28103,0.27093,0.26057,0.24998,0.23808,0.22691,0.21549,0.20386,0.1917,0.17959,0.16727,0.15476,0.14266,0.12981,0.11679,0.10362
0.068137,0.068138,0.069381,0.082577,0.11352,0.15072,0.1843,0.21344,0.23967,0.264,0.28667,0.30882,0.32917,0.34809,0.36548,0.3828,0.39787,0.41153,0.42382,0.43606,0.44632,0.4555,0.46371,0.47194,0.47874,0.48483,0.49082,0.49589,0.50047,0.50461,0.50872,0.51218,0.51532,0.51815,0.52089,0.52321,0.52528,0.52712,0.52867,0.53005,0.53121,0.53218,0.53262,0.53313,0.53346,0.53361,0.53292,0.53259,0.53209,0.53143,0.5296,0.52843,0.52709,0.52449,0.52264,0.52061,0.51842,0.5147,0.51198,0.50908,0.50602,0.50121,0.4976,0.49382,0.48988,0.48403,0.47954,0.47488,0.47007,0.46329,0.45793,0.45241,0.44674,0.43916,0.43298,0.42664,0.41873,0.41192,0.40496,0.39785,0.38944,0.3819,0.37423,0.36642,0.35767,0.3495,0.34119,0.33276,0.32385,0.31513,0.30629,0.29734,0.28844,0.27926,0.27,0.26064,0.25191,0.2424,0.23282,0.22318
0.090661,0.090662,0.091877,0.1045,0.13257,0.16449,0.19247,0.21655,0.2382,0.25831,0.27712,0.29575,0.31303,0.32935,0.34462,0.36049,0.37453,0.38764,0.3998,0.41288,0.42399,0.43435,0.44398,0.45468,0.46354,0.47185,0.4807,0.48827,0.49538,0.50203,0.50891,0.51483,0.52033,0.52541,0.5302,0.53448,0.53836,0.54186,0.54448,0.5471,0.54934,0.55122,0.55169,0.55265,0.55326,0.55353,0.5519,0.55123,0.55022,0.5489,0.54524,0.54296,0.54036,0.53539,0.53183,0.52794,0.52374,0.51692,0.51175,0.50626,0.50047,0.49191,0.48516,0.47809,0.47071,0.46061,0.45231,0.4437,0.4348,0.42339,0.41362,0.40357,0.39324,0.38079,0.36968,0.3583,0.34558,0.33354,0.32124,0.3087,0.29557,0.2825,0.26922,0.25573,0.24255,0.2287,0.21468,0.2005,0.18762,0.17325,0.15877,0.14419,0.1319,0.1173,0.10266,0.08797,0.076479,0.061939,0.047408,0.032902
0.091234,0.091235,0.092563,0.10649,0.13821,0.17511,0.2076,0.23542,0.26045,0.28383,0.30579,0.32736,0.34718,0.36555,0.38232,0.399,0.41341,0.42645,0.43819,0.45035,0.4605,0.46977,0.47825,0.48749,0.49508,0.50211,0.50953,0.51583,0.5217,0.52716,0.53274,0.53752,0.54192,0.54595,0.54963,0.55291,0.55584,0.5584,0.56007,0.5618,0.56319,0.56423,0.5638,0.56393,0.56371,0.56316,0.5606,0.55907,0.5572,0.55498,0.55027,0.54703,0.54343,0.5373,0.53265,0.52763,0.52226,0.51409,0.50764,0.50081,0.49363,0.4836,0.47534,0.46672,0.45774,0.44608,0.43608,0.42572,0.41501,0.40205,0.39042,0.37845,0.36615,0.35231,0.33923,0.32584,0.31194,0.29792,0.28364,0.2691,0.25515,0.24019,0.22503,0.20968,0.19613,0.1806,0.16494,0.14918,0.13644,0.12072,0.10497,0.089186,0.077536,0.06203,0.046564,0.031159,0.020763,0.0058093,-0.0090292,-0.023734
0.095716,0.095718,0.097189,0.11259,0.14744,0.18741,0.22169,0.24996,0.27447,0.29673,0.31723,0.33722,0.35556,0.37265,0.38842,0.40433,0.41827,0.43109,0.4428,0.45501,0.46535,0.47489,0.48365,0.49303,0.50084,0.50806,0.51539,0.5217,0.52752,0.53286,0.53787,0.54228,0.54624,0.54975,0.55235,0.55487,0.55695,0.55862,0.55879,0.5594,0.55961,0.55942,0.55718,0.5559,0.55422,0.55216,0.54758,0.54439,0.54081,0.53686,0.52997,0.52485,0.51935,0.51102,0.50435,0.49728,0.48982,0.47943,0.4708,0.46178,0.45237,0.44016,0.42963,0.41872,0.40742,0.39371,0.38139,0.3687,0.35565,0.34089,0.32695,0.31269,0.2981,0.28281,0.26754,0.25199,0.23693,0.22091,0.20467,0.18822,0.17354,0.15688,0.14009,0.12318,0.10935,0.092506,0.075626,0.058734,0.046084,0.029508,0.01299,-0.003444,-0.014725,-0.030643,-0.046418,-0.062028,-0.071893,-0.086853,-0.10161,-0.11614
0.091591,0.091592,0.092973,0.1075,0.14089,0.18024,0.21507,0.24447,0.27017,0.29344,0.31477,0.33548,0.35445,0.37211,0.38839,0.40475,0.41908,0.43221,0.44419,0.45657,0.46707,0.47672,0.48558,0.49496,0.50279,0.51003,0.51725,0.52351,0.52926,0.5345,0.53928,0.54354,0.54733,0.55066,0.55298,0.55527,0.55713,0.55856,0.55841,0.55876,0.5587,0.55824,0.55569,0.55412,0.55215,0.5498,0.54489,0.5414,0.53752,0.53326,0.52607,0.52065,0.51484,0.50629,0.49933,0.49198,0.48425,0.47375,0.4649,0.45567,0.44606,0.43392,0.42327,0.41225,0.40088,0.38747,0.37518,0.36254,0.34958,0.33538,0.32166,0.30764,0.29334,0.27888,0.26403,0.24894,0.23486,0.21943,0.20381,0.18804,0.17449,0.15862,0.14266,0.12662,0.11394,0.098047,0.082141,0.066246,0.054683,0.039138,0.023663,0.008281,-0.0020746,-0.016957,-0.031702,-0.046295,-0.055492,-0.069497,-0.083323,-0.096957
0.096044,0.096045,0.097561,0.11342,0.14922,0.18996,0.22445,0.2526,0.27693,0.29906,0.31945,0.33922,0.35717,0.37368,0.38871,0.40375,0.41682,0.42881,0.43978,0.45137,0.46122,0.47038,0.47889,0.48812,0.49585,0.50307,0.51036,0.51671,0.52258,0.52796,0.53287,0.53728,0.5412,0.54466,0.54703,0.5494,0.55131,0.55277,0.55255,0.55286,0.55272,0.55214,0.54933,0.54754,0.54532,0.54268,0.53729,0.53337,0.52903,0.52426,0.51636,0.51028,0.50377,0.4944,0.48661,0.47838,0.46972,0.45827,0.44838,0.43805,0.4273,0.41415,0.40228,0.38998,0.37729,0.36292,0.34926,0.33522,0.32082,0.30582,0.29066,0.27519,0.25941,0.24436,0.22809,0.21159,0.19706,0.18031,0.1634,0.14633,0.13256,0.11554,0.098447,0.081313,0.068626,0.051791,0.03499,0.018247,0.0068314,-0.0094084,-0.025528,-0.041506,-0.051662,-0.06701,-0.082177,-0.097147,-0.10619,-0.12048,-0.13457,-0.14843
0.08292,0.082921,0.084591,0.10245,0.14498,0.19658,0.24272,0.2818,0.31603,0.34673,0.37406,0.39865,0.41968,0.43761,0.45269,0.46574,0.47641,0.4853,0.4927,0.49924,0.50458,0.50912,0.51299,0.51665,0.51959,0.52213,0.52446,0.52634,0.52793,0.52924,0.5302,0.53094,0.53143,0.53168,0.53125,0.53089,0.5303,0.52947,0.52754,0.52603,0.52427,0.52228,0.51876,0.51601,0.51302,0.50979,0.50462,0.50058,0.49629,0.49176,0.48504,0.47969,0.47408,0.46652,0.46013,0.45349,0.44659,0.43785,0.43022,0.42233,0.41421,0.40457,0.39577,0.38674,0.37747,0.36722,0.35737,0.3473,0.337,0.32642,0.31565,0.30467,0.29349,0.28289,0.27136,0.25964,0.2493,0.23735,0.22525,0.21299,0.20292,0.19057,0.1781,0.16553,0.15593,0.1434,0.13081,0.11817,0.10908,0.0966,0.084103,0.071602,0.062936,0.050664,0.038413,0.026193,0.017903,0.0059418,-0.0059783,-0.017851
0.10961,0.10961,0.11138,0.12995,0.17187,0.21956,0.25973,0.29206,0.31948,0.34396,0.3662,0.3875,0.4067,0.42427,0.44019,0.456,0.46969,0.48218,0.49353,0.50526,0.51521,0.52436,0.53276,0.54144,0.54875,0.55545,0.56177,0.56732,0.5723,0.57672,0.58018,0.58338,0.58604,0.58818,0.58874,0.58958,0.58991,0.58974,0.58739,0.58586,0.58381,0.58128,0.57603,0.57208,0.56761,0.56266,0.55459,0.54817,0.54125,0.53383,0.52315,0.51428,0.50492,0.49286,0.48214,0.47092,0.45922,0.44531,0.43239,0.41901,0.40518,0.39,0.37517,0.35993,0.34431,0.32855,0.31221,0.29555,0.2786,0.26291,0.24556,0.228,0.21025,0.1952,0.17739,0.15948,0.14524,0.1275,0.10976,0.092028,0.078914,0.061591,0.044353,0.027223,0.015316,-0.0012578,-0.017681,-0.033937,-0.044734,-0.060372,-0.075827,-0.091089,-0.101,-0.11566,-0.13013,-0.14442,-0.15377,-0.16754,-0.18114,-0.19458
0.11707,0.11707,0.11878,0.13674,0.17725,0.22301,0.26099,0.29128,0.31703,0.34017,0.3613,0.38159,0.39993,0.41673,0.43203,0.44733,0.46068,0.47295,0.48421,0.49598,0.50604,0.51535,0.52396,0.53289,0.54045,0.5474,0.55392,0.55969,0.56486,0.56944,0.57294,0.57621,0.5789,0.58104,0.58141,0.58214,0.58231,0.58194,0.57924,0.57742,0.57506,0.57218,0.5665,0.56215,0.55728,0.55191,0.54348,0.53667,0.52935,0.52156,0.51078,0.50164,0.49202,0.48016,0.46934,0.45808,0.44639,0.43315,0.42047,0.40739,0.39396,0.38,0.36581,0.35132,0.33653,0.32252,0.30729,0.29183,0.27618,0.26273,0.24696,0.23107,0.21509,0.20262,0.18681,0.171,0.15939,0.14395,0.12857,0.11327,0.10284,0.088085,0.073466,0.059002,0.04966,0.035809,0.022136,0.0086476,0.00014738,-0.012738,-0.025442,-0.037965,-0.045926,-0.057917,-0.069749,-0.081427,-0.089239,-0.10051,-0.11167,-0.12272
0.10945,0.10945,0.11124,0.12975,0.17028,0.21447,0.25092,0.28058,0.30605,0.32873,0.349,0.36797,0.38484,0.40017,0.41411,0.42818,0.44057,0.45211,0.46283,0.47396,0.48359,0.49251,0.50072,0.50865,0.51552,0.52166,0.52668,0.53123,0.53505,0.53815,0.5394,0.54079,0.54149,0.54153,0.53911,0.53741,0.53507,0.5321,0.52617,0.52146,0.51614,0.51022,0.50096,0.4933,0.48503,0.47619,0.46394,0.45341,0.4423,0.43062,0.41589,0.40267,0.3889,0.3732,0.35811,0.34249,0.32638,0.30956,0.29244,0.27488,0.25691,0.23985,0.22127,0.20236,0.18318,0.16674,0.14739,0.12787,0.10823,0.093058,0.073687,0.054316,0.034988,0.021486,0.002795,-0.015744,-0.028104,-0.045816,-0.063293,-0.080509,-0.091327,-0.1076,-0.12358,-0.13924,-0.14882,-0.16356,-0.178,-0.19212,-0.20092,-0.21424,-0.22728,-0.24006,-0.24855,-0.26071,-0.27265,-0.28438,-0.29279,-0.30409,-0.31525,-0.32626
0.13576,0.13576,0.13772,0.15803,0.20272,0.25179,0.29207,0.32448,0.3524,0.37772,0.40089,0.42296,0.44277,0.46074,0.47691,0.49261,0.50621,0.51852,0.52964,0.54059,0.54995,0.55839,0.56597,0.57287,0.57883,0.58402,0.58788,0.59139,0.59416,0.59624,0.5964,0.59679,0.59652,0.59561,0.59227,0.58969,0.5865,0.58272,0.57611,0.57069,0.56469,0.55814,0.54859,0.54045,0.53178,0.52259,0.51057,0.49993,0.48879,0.47718,0.46331,0.45046,0.43716,0.42274,0.40846,0.39377,0.37872,0.36375,0.34803,0.332,0.31571,0.30089,0.28429,0.2675,0.25056,0.23647,0.21956,0.2026,0.18561,0.17257,0.1559,0.13928,0.12274,0.11089,0.094849,0.078941,0.067759,0.052428,0.037252,0.022238,0.011901,-0.0025392,-0.016821,-0.030945,-0.040774,-0.05441,-0.067917,-0.0813,-0.090953,-0.10399,-0.11695,-0.12985,-0.13939,-0.15206,-0.16472,-0.17737,-0.1867,-0.19921,-0.21176,-0.22435
0.13576,0.13576,0.13772,0.15803,0.20272,0.25179,0.29207,0.32448,0.3524,0.37772,0.40089,0.42296,0.44277,0.46074,0.47691,0.49261,0.50621,0.51852,0.52964,0.54059,0.54995,0.55839,0.56597,0.57287,0.57883,0.58402,0.58788,0.59139,0.59416,0.59624,0.5964,0.59679,0.59652,0.59561,0.59227,0.58969,0.5865,0.58272,0.57611,0.57069,0.56469,0.55814,0.54859,0.54045,0.53178,0.52259,0.51057,0.49993,0.48879,0.47718,0.46331,0.45046,0.43716,0.42274,0.40846,0.39377,0.37872,0.36375,0.34803,0.332,0.31571,0.30089,0.28429,0.2675,0.25056,0.23647,0.21956,0.2026,0.18561,0.17257,0.1559,0.13928,0.12274,0.11089,0.094849,0.078941,0.067759,0.052428,0.037252,0.022238,0.011901,-0.0025392,-0.016821,-0.030945,-0.040774,-0.05441,-0.067917,-0.0813,-0.090953,-0.10399,-0.11695,-0.12985,-0.13939,-0.15206,-0.16472,-0.17737,-0.1867,-0.19921,-0.21176,-0.22435
0.1232,0.1232,0.12532,0.14747,0.1968,0.25106,0.29548,0.33126,0.36204,0.38966,0.41459,0.43781,0.45839,0.47681,0.4932,0.50872,0.52215,0.53417,0.54491,0.55515,0.5639,0.57167,0.5785,0.58439,0.58944,0.59368,0.59648,0.59893,0.6006,0.60155,0.60052,0.59968,0.59811,0.59585,0.59102,0.58688,0.58203,0.57649,0.56783,0.56031,0.55205,0.54308,0.53074,0.51975,0.50802,0.49555,0.47999,0.4656,0.45047,0.43464,0.41663,0.39912,0.38094,0.36227,0.34279,0.32272,0.3021,0.28297,0.26159,0.23979,0.21763,0.19917,0.17687,0.15437,0.13174,0.11481,0.092613,0.070447,0.048363,0.033461,0.012257,-0.0087312,-0.029465,-0.042377,-0.06201,-0.08132,-0.093389,-0.11158,-0.12943,-0.14692,-0.15789,-0.17438,-0.19055,-0.20641,-0.21679,-0.23186,-0.24668,-0.26127,-0.27122,-0.28522,-0.29905,-0.31272,-0.32233,-0.33556,-0.34871,-0.36177,-0.37115,-0.38388,-0.39658,-0.40925
0.12656,0.12656,0.12848,0.14825,0.19081,0.23652,0.27461,0.30637,0.33411,0.35888,0.3809,0.40109,0.41881,0.4346,0.44866,0.46222,0.47401,0.48471,0.49439,0.50372,0.51173,0.51886,0.52513,0.53026,0.53469,0.53826,0.54,0.54154,0.5422,0.54202,0.5392,0.53681,0.53355,0.52945,0.52197,0.51552,0.5082,0.50002,0.48799,0.4774,0.46592,0.45358,0.4375,0.42285,0.40732,0.39097,0.37178,0.35342,0.33427,0.31439,0.2935,0.27217,0.25022,0.22955,0.20679,0.1836,0.16006,0.14042,0.11689,0.093246,0.069562,0.052183,0.029291,0.0065921,-0.015844,-0.030353,-0.05144,-0.072101,-0.092288,-0.10404,-0.12265,-0.14073,-0.15825,-0.16792,-0.18395,-0.19946,-0.20863,-0.22284,-0.23659,-0.24991,-0.25843,-0.27078,-0.28279,-0.29447,-0.30286,-0.3139,-0.32472,-0.33534,-0.3437,-0.35391,-0.36401,-0.37399,-0.38228,-0.39202,-0.40171,-0.41135,-0.41963,-0.42915,-0.43866,-0.44817
0.1497,0.14971,0.15159,0.17106,0.21374,0.26085,0.3006,0.3333,0.36114,0.38531,0.40628,0.4251,0.44135,0.45565,0.46827,0.4803,0.49069,0.50002,0.50836,0.51618,0.52284,0.52863,0.5336,0.53722,0.54032,0.54259,0.54293,0.54316,0.54253,0.54108,0.53682,0.53311,0.52852,0.52308,0.51401,0.50611,0.49729,0.48757,0.47373,0.46144,0.44821,0.43406,0.41588,0.39923,0.38164,0.36314,0.34161,0.32093,0.29938,0.27701,0.25358,0.22959,0.20491,0.1816,0.15596,0.12982,0.10324,0.080774,0.054085,0.027207,0.00021888,-0.020136,-0.046428,-0.072593,-0.098556,-0.1161,-0.14076,-0.16504,-0.18889,-0.20361,-0.22586,-0.2476,-0.26878,-0.28119,-0.30079,-0.31984,-0.33157,-0.34921,-0.36635,-0.38301,-0.39368,-0.40923,-0.42438,-0.43916,-0.44891,-0.46282,-0.47645,-0.48982,-0.49896,-0.51167,-0.52418,-0.53652,-0.54518,-0.557,-0.56869,-0.58025,-0.5879,-0.59892,-0.60981,-0.62056
0.15004,0.15004,0.15218,0.17455,0.22469,0.28147,0.32972,0.36866,0.40065,0.42725,0.44935,0.46849,0.48461,0.49862,0.51097,0.52293,0.5333,0.54273,0.55127,0.55946,0.56647,0.57264,0.57799,0.5821,0.58561,0.58827,0.58908,0.5897,0.58944,0.58834,0.58464,0.58131,0.57711,0.57204,0.56376,0.55635,0.54804,0.53886,0.52622,0.51468,0.50223,0.48892,0.47257,0.45707,0.4407,0.42351,0.4046,0.38561,0.36587,0.34541,0.32545,0.30383,0.28164,0.26225,0.23957,0.21651,0.19317,0.1752,0.15217,0.12908,0.10602,0.09038,0.068324,0.046503,0.024977,0.011884,-0.008227,-0.027917,-0.047151,-0.058141,-0.075898,-0.09318,-0.10998,-0.11967,-0.13519,-0.15029,-0.16019,-0.17428,-0.18803,-0.20148,-0.21125,-0.22403,-0.2366,-0.24898,-0.25866,-0.27062,-0.28248,-0.29424,-0.30394,-0.31547,-0.32697,-0.33845,-0.34812,-0.35951,-0.37091,-0.38233,-0.39133,-0.40266,-0.41401,-0.42537
0.14081,0.14081,0.14322,0.16838,0.2244,0.28578,0.3353,0.37391,0.4055,0.43221,0.45488,0.47489,0.492,0.50702,0.52034,0.53326,0.5445,0.55473,0.564,0.57285,0.58045,0.58715,0.59295,0.59738,0.60117,0.60405,0.60487,0.60549,0.60514,0.60385,0.59964,0.59587,0.59111,0.58538,0.57607,0.56774,0.55841,0.54811,0.53405,0.52119,0.50735,0.49257,0.47459,0.45749,0.43949,0.42064,0.40001,0.37931,0.35784,0.33567,0.31394,0.29059,0.26668,0.24541,0.22096,0.19615,0.17104,0.15089,0.12596,0.10094,0.075886,0.057715,0.033438,0.0093002,-0.014649,-0.030605,-0.053414,-0.075929,-0.098119,-0.11215,-0.13311,-0.15372,-0.17397,-0.18671,-0.20587,-0.22472,-0.23718,-0.25509,-0.27277,-0.29021,-0.30179,-0.31848,-0.33502,-0.35143,-0.36238,-0.37818,-0.39392,-0.40959,-0.4197,-0.43481,-0.44988,-0.4649,-0.47382,-0.48819,-0.50247,-0.51665,-0.52517,-0.53876,-0.55218,-0.5654
0.15237,0.15238,0.15455,0.1769,0.2247,0.27547,0.31711,0.35133,0.38096,0.40728,0.43056,0.45166,0.47001,0.48613,0.50027,0.51335,0.52456,0.53443,0.54305,0.55053,0.55682,0.56201,0.56616,0.56814,0.56978,0.57035,0.56819,0.56605,0.56277,0.55841,0.55042,0.54309,0.5346,0.52498,0.51122,0.49854,0.4847,0.46972,0.45094,0.43312,0.41421,0.39426,0.37192,0.34971,0.32662,0.3027,0.27894,0.25372,0.22795,0.20173,0.17882,0.15246,0.12597,0.10499,0.079207,0.05361,0.028292,0.010388,-0.013472,-0.036848,-0.059682,-0.074444,-0.095531,-0.11601,-0.13587,-0.1482,-0.16643,-0.18409,-0.20119,-0.212,-0.22781,-0.24317,-0.25812,-0.26835,-0.28242,-0.29621,-0.30652,-0.31968,-0.33266,-0.3455,-0.35542,-0.36787,-0.38025,-0.39258,-0.40212,-0.41421,-0.42631,-0.43843,-0.44734,-0.45927,-0.47124,-0.48325,-0.4909,-0.50264,-0.51441,-0.52619,-0.53288,-0.54439,-0.55589,-0.56737
0.15237,0.15238,0.15455,0.1769,0.2247,0.27547,0.31711,0.35133,0.38096,0.40728,0.43056,0.45166,0.47001,0.48613,0.50027,0.51335,0.52456,0.53443,0.54305,0.55053,0.55682,0.56201,0.56616,0.56814,0.56978,0.57035,0.56819,0.56605,0.56277,0.55841,0.55042,0.54309,0.5346,0.52498,0.51122,0.49854,0.4847,0.46972,0.45094,0.43312,0.41421,0.39426,0.37192,0.34971,0.32662,0.3027,0.27894,0.25372,0.22795,0.20173,0.17882,0.15246,0.12597,0.10499,0.079207,0.05361,0.028292,0.010388,-0.013472,-0.036848,-0.059682,-0.074444,-0.095531,-0.11601,-0.13587,-0.1482,-0.16643,-0.18409,-0.20119,-0.212,-0.22781,-0.24317,-0.25812,-0.26835,-0.28242,-0.29621,-0.30652,-0.31968,-0.33266,-0.3455,-0.35542,-0.36787,-0.38025,-0.39258,-0.40212,-0.41421,-0.42631,-0.43843,-0.44734,-0.45927,-0.47124,-0.48325,-0.4909,-0.50264,-0.51441,-0.52619,-0.53288,-0.54439,-0.55589,-0.56737
0.12838,0.12838,0.13078,0.15642,0.21704,0.28918,0.35092,0.39881,0.43567,0.46388,0.48509,0.5007,0.51195,0.51989,0.52534,0.52877,0.53082,0.53176,0.53184,0.53095,0.52957,0.52768,0.52532,0.52177,0.5182,0.51416,0.50861,0.50319,0.49723,0.49076,0.48205,0.47394,0.46524,0.45595,0.44416,0.43319,0.42159,0.4094,0.39511,0.38138,0.36705,0.35216,0.33629,0.32017,0.30354,0.28641,0.27008,0.25221,0.23396,0.21537,0.19965,0.18092,0.16199,0.14721,0.1286,0.10999,0.09141,0.07805,0.060214,0.042548,0.025086,0.012917,-0.0036818,-0.02004,-0.036151,-0.047551,-0.062913,-0.078073,-0.093046,-0.10407,-0.11852,-0.13288,-0.14716,-0.15806,-0.17207,-0.1861,-0.19697,-0.21083,-0.22479,-0.23886,-0.24905,-0.263,-0.2771,-0.29137,-0.30081,-0.31496,-0.32929,-0.34381,-0.35197,-0.36627,-0.38073,-0.39535,-0.40185,-0.41612,-0.4305,-0.44497,-0.45023,-0.46435,-0.47854,-0.49278
0.12838,0.12838,0.13078,0.15642,0.21704,0.28918,0.35092,0.39881,0.43567,0.46388,0.48509,0.5007,0.51195,0.51989,0.52534,0.52877,0.53082,0.53176,0.53184,0.53095,0.52957,0.52768,0.52532,0.52177,0.5182,0.51416,0.50861,0.50319,0.49723,0.49076,0.48205,0.47394,0.46524,0.45595,0.44416,0.43319,0.42159,0.4094,0.39511,0.38138,0.36705,0.35216,0.33629,0.32017,0.30354,0.28641,0.27008,0.25221,0.23396,0.21537,0.19965,0.18092,0.16199,0.14721,0.1286,0.10999,0.09141,0.07805,0.060214,0.042548,0.025086,0.012917,-0.0036818,-0.02004,-0.036151,-0.047551,-0.062913,-0.078073,-0.093046,-0.10407,-0.11852,-0.13288,-0.14716,-0.15806,-0.17207,-0.1861,-0.19697,-0.21083,-0.22479,-0.23886,-0.24905,-0.263,-0.2771,-0.29137,-0.30081,-0.31496,-0.32929,-0.34381,-0.35197,-0.36627,-0.38073,-0.39535,-0.40185,-0.41612,-0.4305,-0.44497,-0.45023,-0.46435,-0.47854,-0.49278
0.17154,0.17154,0.17406,0.19945,0.25146,0.30428,0.34674,0.38125,0.4106,0.43617,0.45861,0.47908,0.4972,0.51351,0.52816,0.54172,0.55351,0.56384,0.57272,0.57959,0.58532,0.5896,0.59247,0.59212,0.59151,0.58946,0.58389,0.57821,0.57102,0.56237,0.54965,0.53728,0.5234,0.50807,0.48908,0.4703,0.45011,0.42859,0.4052,0.38099,0.35563,0.32921,0.30401,0.27612,0.2475,0.21829,0.19396,0.16469,0.13523,0.1057,0.084102,0.055734,0.027646,0.0081238,-0.01825,-0.044118,-0.069428,-0.086075,-0.10948,-0.13227,-0.15447,-0.16926,-0.18984,-0.20992,-0.22953,-0.24329,-0.26176,-0.27991,-0.29778,-0.31072,-0.32782,-0.34478,-0.36162,-0.37392,-0.39024,-0.40654,-0.41811,-0.43388,-0.44965,-0.46541,-0.47551,-0.49068,-0.5058,-0.52085,-0.53007,-0.54462,-0.55906,-0.57333,-0.5815,-0.5954,-0.60914,-0.62267,-0.63,-0.64341,-0.65673,-0.66991,-0.67221,-0.68452,-0.69667,-0.70864
0.17154,0.17154,0.17406,0.19945,0.25146,0.30428,0.34674,0.38125,0.4106,0.43617,0.45861,0.47908,0.4972,0.51351,0.52816,0.54172,0.55351,0.56384,0.57272,0.57959,0.58532,0.5896,0.59247,0.59212,0.59151,0.58946,0.58389,0.57821,0.57102,0.56237,0.54965,0.53728,0.5234,0.50807,0.48908,0.4703,0.45011,0.42859,0.4052,0.38099,0.35563,0.32921,0.30401,0.27612,0.2475,0.21829,0.19396,0.16469,0.13523,0.1057,0.084102,0.055734,0.027646,0.0081238,-0.01825,-0.044118,-0.069428,-0.086075,-0.10948,-0.13227,-0.15447,-0.16926,-0.18984,-0.20992,-0.22953,-0.24329,-0.26176,-0.27991,-0.29778,-0.31072,-0.32782,-0.34478,-0.36162,-0.37392,-0.39024,-0.40654,-0.41811,-0.43388,-0.44965,-0.46541,-0.47551,-0.49068,-0.5058,-0.52085,-0.53007,-0.54462,-0.55906,-0.57333,-0.5815,-0.5954,-0.60914,-0.62267,-0.63,-0.64341,-0.65673,-0.66991,-0.67221,-0.68452,-0.69667,-0.70864
0.17154,0.17154,0.17406,0.19945,0.25146,0.30428,0.34674,0.38125,0.4106,0.43617,0.45861,0.47908,0.4972,0.51351,0.52816,0.54172,0.55351,0.56384,0.57272,0.57959,0.58532,0.5896,0.59247,0.59212,0.59151,0.58946,0.58389,0.57821,0.57102,0.56237,0.54965,0.53728,0.5234,0.50807,0.48908,0.4703,0.45011,0.42859,0.4052,0.38099,0.35563,0.32921,0.30401,0.27612,0.2475,0.21829,0.19396,0.16469,0.13523,0.1057,0.084102,0.055734,0.027646,0.0081238,-0.01825,-0.044118,-0.069428,-0.086075,-0.10948,-0.13227,-0.15447,-0.16926,-0.18984,-0.20992,-0.22953,-0.24329,-0.26176,-0.27991,-0.29778,-0.31072,-0.32782,-0.34478,-0.36162,-0.37392,-0.39024,-0.40654,-0.41811,-0.43388,-0.44965,-0.46541,-0.47551,-0.49068,-0.5058,-0.52085,-0.53007,-0.54462,-0.55906,-0.57333,-0.5815,-0.5954,-0.60914,-0.62267,-0.63,-0.64341,-0.65673,-0.66991,-0.67221,-0.68452,-0.69667,-0.70864
0.17753,0.17753,0.18022,0.20774,0.2655,0.32408,0.36872,0.40255,0.43014,0.45405,0.47539,0.4956,0.51398,0.53101,0.54667,0.5616,0.57478,0.58655,0.59686,0.60527,0.61238,0.61796,0.62203,0.62291,0.62332,0.62217,0.61753,0.61254,0.60592,0.59771,0.58575,0.57372,0.56009,0.54492,0.52695,0.50846,0.48855,0.46731,0.4458,0.42233,0.39782,0.3724,0.35051,0.32443,0.29789,0.27105,0.25158,0.2257,0.20001,0.17463,0.15885,0.1355,0.11277,0.098828,0.078315,0.058523,0.039456,0.027714,0.010567,-0.0059603,-0.021911,-0.032951,-0.047636,-0.061933,-0.0759,-0.087052,-0.10037,-0.11353,-0.12659,-0.13794,-0.15076,-0.16359,-0.17646,-0.18798,-0.20094,-0.21403,-0.22489,-0.2381,-0.25151,-0.26515,-0.27404,-0.28761,-0.30141,-0.31543,-0.32202,-0.33573,-0.34961,-0.36364,-0.36704,-0.38026,-0.39348,-0.40662,-0.40848,-0.42068,-0.43264,-0.44423,-0.44353,-0.45356,-0.4629,-0.47131
0.17894,0.17894,0.18163,0.20966,0.27172,0.33967,0.39418,0.43514,0.46677,0.49229,0.51357,0.53249,0.5489,0.56346,0.57632,0.58781,0.59757,0.60576,0.61243,0.6168,0.62007,0.6218,0.62206,0.61884,0.61533,0.61024,0.60141,0.59229,0.58145,0.5689,0.5522,0.53543,0.51686,0.49652,0.47307,0.44885,0.4229,0.39528,0.36753,0.33704,0.30514,0.2719,0.24301,0.20852,0.17315,0.13706,0.11006,0.074554,0.038897,0.0032572,-0.019854,-0.053383,-0.086411,-0.10747,-0.13787,-0.16748,-0.19625,-0.2143,-0.24047,-0.26581,-0.29033,-0.30642,-0.32887,-0.35068,-0.3719,-0.38674,-0.40648,-0.42581,-0.44478,-0.45846,-0.47628,-0.49382,-0.51111,-0.52336,-0.53957,-0.55547,-0.5678,-0.58292,-0.59769,-0.61205,-0.62432,-0.63838,-0.6521,-0.66539,-0.67698,-0.69045,-0.70371,-0.7167,-0.72248,-0.73487,-0.74705,-0.75902,-0.75239,-0.76098,-0.76874,-0.77551,-0.76225,-0.76366,-0.76294,-0.75966
0.17894,0.17894,0.18163,0.20966,0.27172,0.33967,0.39418,0.43514,0.46677,0.49229,0.51357,0.53249,0.5489,0.56346,0.57632,0.58781,0.59757,0.60576,0.61243,0.6168,0.62007,0.6218,0.62206,0.61884,0.61533,0.61024,0.60141,0.59229,0.58145,0.5689,0.5522,0.53543,0.51686,0.49652,0.47307,0.44885,0.4229,0.39528,0.36753,0.33704,0.30514,0.2719,0.24301,0.20852,0.17315,0.13706,0.11006,0.074554,0.038897,0.0032572,-0.019854,-0.053383,-0.086411,-0.10747,-0.13787,-0.16748,-0.19625,-0.2143,-0.24047,-0.26581,-0.29033,-0.30642,-0.32887,-0.35068,-0.3719,-0.38674,-0.40648,-0.42581,-0.44478,-0.45846,-0.47628,-0.49382,-0.51111,-0.52336,-0.53957,-0.55547,-0.5678,-0.58292,-0.59769,-0.61205,-0.62432,-0.63838,-0.6521,-0.66539,-0.67698,-0.69045,-0.70371,-0.7167,-0.72248,-0.73487,-0.74705,-0.75902,-0.75239,-0.76098,-0.76874,-0.77551,-0.76225,-0.76366,-0.76294,-0.75966
0.17306,0.17306,0.17576,0.20383,0.26579,0.33483,0.39373,0.44238,0.48341,0.51823,0.54751,0.57239,0.59303,0.61024,0.62449,0.63591,0.64506,0.65205,0.65704,0.659,0.65985,0.65894,0.65641,0.65022,0.64369,0.63552,0.62397,0.61183,0.59797,0.58242,0.56388,0.54453,0.52349,0.50081,0.4772,0.45154,0.42446,0.39606,0.37068,0.34095,0.31041,0.27923,0.2557,0.22526,0.19485,0.16466,0.14519,0.11734,0.090191,0.063851,0.0485,0.024986,0.0023863,-0.012141,-0.032317,-0.051693,-0.070328,-0.083913,-0.10098,-0.11755,-0.1337,-0.14724,-0.16262,-0.17781,-0.19286,-0.20636,-0.22116,-0.23599,-0.25086,-0.26391,-0.27881,-0.29388,-0.30911,-0.32008,-0.33518,-0.35046,-0.35943,-0.37437,-0.38944,-0.40461,-0.41102,-0.42559,-0.44015,-0.45463,-0.45881,-0.47248,-0.48596,-0.49913,-0.49969,-0.51125,-0.52217,-0.53225,-0.52607,-0.53241,-0.53698,-0.53933,-0.53727,-0.53594,-0.53143,-0.52308
0.20351,0.20352,0.20651,0.23725,0.30298,0.37248,0.42857,0.47293,0.50946,0.54036,0.56668,0.58957,0.60914,0.62595,0.64029,0.65209,0.66182,0.66949,0.67521,0.67782,0.67928,0.67888,0.67673,0.67062,0.66411,0.65578,0.64386,0.63123,0.61675,0.60045,0.58112,0.56082,0.53874,0.51497,0.49024,0.46336,0.43501,0.40531,0.37814,0.34684,0.31464,0.28169,0.25504,0.22218,0.18908,0.15587,0.13173,0.099899,0.068322,0.03709,0.015826,-0.013545,-0.04246,-0.063063,-0.090322,-0.11719,-0.14371,-0.16251,-0.18771,-0.21271,-0.23757,-0.25498,-0.27888,-0.30276,-0.32667,-0.3418,-0.36462,-0.38743,-0.41023,-0.42366,-0.44531,-0.46679,-0.48803,-0.50066,-0.521,-0.54101,-0.55369,-0.57329,-0.5927,-0.61184,-0.61994,-0.63819,-0.65627,-0.67416,-0.66934,-0.68329,-0.69638,-0.70846,-0.69707,-0.70319,-0.70705,-0.7082,-0.70449,-0.70058,-0.69282,-0.68053,-0.71241,-0.70198,-0.68717,-0.66729
0.20351,0.20352,0.20651,0.23725,0.30298,0.37248,0.42857,0.47293,0.50946,0.54036,0.56668,0.58957,0.60914,0.62595,0.64029,0.65209,0.66182,0.66949,0.67521,0.67782,0.67928,0.67888,0.67673,0.67062,0.66411,0.65578,0.64386,0.63123,0.61675,0.60045,0.58112,0.56082,0.53874,0.51497,0.49024,0.46336,0.43501,0.40531,0.37814,0.34684,0.31464,0.28169,0.25504,0.22218,0.18908,0.15587,0.13173,0.099899,0.068322,0.03709,0.015826,-0.013545,-0.04246,-0.063063,-0.090322,-0.11719,-0.14371,-0.16251,-0.18771,-0.21271,-0.23757,-0.25498,-0.27888,-0.30276,-0.32667,-0.3418,-0.36462,-0.38743,-0.41023,-0.42366,-0.44531,-0.46679,-0.48803,-0.50066,-0.521,-0.54101,-0.55369,-0.57329,-0.5927,-0.61184,-0.61994,-0.63819,-0.65627,-0.67416,-0.66934,-0.68329,-0.69638,-0.70846,-0.69707,-0.70319,-0.70705,-0.7082,-0.70449,-0.70058,-0.69282,-0.68053,-0.71241,-0.70198,-0.68717,-0.66729
0.23598,0.23598,0.23928,0.27324,0.34548,0.41829,0.47067,0.507,0.53461,0.55756,0.57758,0.59596,0.6123,0.62692,0.63977,0.65067,0.65973,0.66687,0.67211,0.6741,0.67484,0.67357,0.67033,0.6628,0.65467,0.64446,0.63065,0.61572,0.59868,0.57962,0.55846,0.53544,0.51062,0.48414,0.45912,0.43047,0.40074,0.37014,0.34558,0.31523,0.28477,0.25442,0.2333,0.20505,0.17743,0.15055,0.13328,0.10901,0.085542,0.062873,0.047859,0.027222,0.0071687,-0.0082916,-0.02709,-0.045591,-0.063882,-0.078926,-0.09667,-0.11444,-0.1323,-0.14698,-0.16475,-0.18277,-0.20108,-0.21421,-0.23241,-0.25095,-0.26981,-0.28065,-0.29921,-0.31807,-0.33718,-0.34515,-0.36365,-0.38231,-0.38809,-0.40584,-0.42365,-0.44145,-0.44245,-0.45826,-0.47371,-0.4886,-0.48121,-0.49141,-0.4999,-0.5062,-0.50256,-0.50409,-0.50217,-0.49602,-0.51275,-0.50549,-0.49355,-0.4761,-0.53085,-0.51979,-0.50427,-0.48363
0.23598,0.23598,0.23928,0.27324,0.34548,0.41829,0.47067,0.507,0.53461,0.55756,0.57758,0.59596,0.6123,0.62692,0.63977,0.65067,0.65973,0.66687,0.67211,0.6741,0.67484,0.67357,0.67033,0.6628,0.65467,0.64446,0.63065,0.61572,0.59868,0.57962,0.55846,0.53544,0.51062,0.48414,0.45912,0.43047,0.40074,0.37014,0.34558,0.31523,0.28477,0.25442,0.2333,0.20505,0.17743,0.15055,0.13328,0.10901,0.085542,0.062873,0.047859,0.027222,0.0071687,-0.0082916,-0.02709,-0.045591,-0.063882,-0.078926,-0.09667,-0.11444,-0.1323,-0.14698,-0.16475,-0.18277,-0.20108,-0.21421,-0.23241,-0.25095,-0.26981,-0.28065,-0.29921,-0.31807,-0.33718,-0.34515,-0.36365,-0.38231,-0.38809,-0.40584,-0.42365,-0.44145,-0.44245,-0.45826,-0.47371,-0.4886,-0.48121,-0.49141,-0.4999,-0.5062,-0.50256,-0.50409,-0.50217,-0.49602,-0.51275,-0.50549,-0.49355,-0.4761,-0.53085,-0.51979,-0.50427,-0.48363
0.23598,0.23598,0.23928,0.27324,0.34548,0.41829,0.47067,0.507,0.53461,0.55756,0.57758,0.59596,0.6123,0.62692,0.63977,0.65067,0.65973,0.66687,0.67211,0.6741,0.67484,0.67357,0.67033,0.6628,0.65467,0.64446,0.63065,0.61572,0.59868,0.57962,0.55846,0.53544,0.51062,0.48414,0.45912,0.43047,0.40074,0.37014,0.34558,0.31523,0.28477,0.25442,0.2333,0.20505,0.17743,0.15055,0.13328,0.10901,0.085542,0.062873,0.047859,0.027222,0.0071687,-0.0082916,-0.02709,-0.045591,-0.063882,-0.078926,-0.09667,-0.11444,-0.1323,-0.14698,-0.16475,-0.18277,-0.20108,-0.21421,-0.23241,-0.25095,-0.26981,-0.28065,-0.29921,-0.31807,-0.33718,-0.34515,-0.36365,-0.38231,-0.38809,-0.40584,-0.42365,-0.44145,-0.44245,-0.45826,-0.47371,-0.4886,-0.48121,-0.49141,-0.4999,-0.5062,-0.50256,-0.50409,-0.50217,-0.49602,-0.51275,-0.50549,-0.49355,-0.4761,-0.53085,-0.51979,-0.50427,-0.48363
0.23633,0.23633,0.23939,0.27095,0.339,0.41084,0.46701,0.50903,0.54176,0.56833,0.59036,0.60912,0.62475,0.63773,0.64829,0.65611,0.66185,0.6654,0.66685,0.66461,0.66104,0.65523,0.64722,0.63422,0.62051,0.60432,0.58388,0.56196,0.53742,0.5103,0.48073,0.44854,0.41394,0.37703,0.34199,0.30188,0.26006,0.21672,0.18094,0.13712,0.092662,0.047831,0.015506,-0.0272,-0.069457,-0.11106,-0.13827,-0.17639,-0.21346,-0.24941,-0.27214,-0.30469,-0.33621,-0.35738,-0.386,-0.4138,-0.44087,-0.45881,-0.4835,-0.50759,-0.53115,-0.54631,-0.5677,-0.58847,-0.60859,-0.62321,-0.64182,-0.65972,-0.67679,-0.69222,-0.70898,-0.72515,-0.74067,-0.75222,-0.76742,-0.78228,-0.78239,-0.79417,-0.80518,-0.81531,-0.80674,-0.8114,-0.81401,-0.81413,-0.81404,-0.81013,-0.80269,-0.79099,-0.82044,-0.81101,-0.79753,-0.77921,-0.83569,-0.82533,-0.81143,-0.7933,-0.8423,-0.82904,-0.81191,-0.79017
0.23011,0.23011,0.23285,0.26068,0.31872,0.378,0.42458,0.46118,0.49157,0.51772,0.54038,0.5602,0.57701,0.59105,0.60239,0.6103,0.61582,0.61861,0.61875,0.61401,0.60772,0.59861,0.58673,0.56912,0.55053,0.52909,0.50397,0.47666,0.44671,0.41425,0.3821,0.3459,0.30784,0.26813,0.2349,0.19464,0.15376,0.11256,0.083271,0.044626,0.006646,-0.030437,-0.053937,-0.086901,-0.11854,-0.1488,-0.16823,-0.19483,-0.22022,-0.24451,-0.2624,-0.28441,-0.30573,-0.32376,-0.34368,-0.36324,-0.38253,-0.39909,-0.41759,-0.43598,-0.45426,-0.46861,-0.48624,-0.50375,-0.52108,-0.53336,-0.55021,-0.56688,-0.58326,-0.5927,-0.60864,-0.62435,-0.63974,-0.64209,-0.65551,-0.66826,-0.66231,-0.67014,-0.67598,-0.67927,-0.67718,-0.67549,-0.66975,-0.65903,-0.6872,-0.67811,-0.66404,-0.64404,-0.71105,-0.70136,-0.68759,-0.66902,-0.72171,-0.70802,-0.68991,-0.66661,-0.64293,-0.60268,-0.55391,-0.49621
0.23011,0.23011,0.23285,0.26068,0.31872,0.378,0.42458,0.46118,0.49157,0.51772,0.54038,0.5602,0.57701,0.59105,0.60239,0.6103,0.61582,0.61861,0.61875,0.61401,0.60772,0.59861,0.58673,0.56912,0.55053,0.52909,0.50397,0.47666,0.44671,0.41425,0.3821,0.3459,0.30784,0.26813,0.2349,0.19464,0.15376,0.11256,0.083271,0.044626,0.006646,-0.030437,-0.053937,-0.086901,-0.11854,-0.1488,-0.16823,-0.19483,-0.22022,-0.24451,-0.2624,-0.28441,-0.30573,-0.32376,-0.34368,-0.36324,-0.38253,-0.39909,-0.41759,-0.43598,-0.45426,-0.46861,-0.48624,-0.50375,-0.52108,-0.53336,-0.55021,-0.56688,-0.58326,-0.5927,-0.60864,-0.62435,-0.63974,-0.64209,-0.65551,-0.66826,-0.66231,-0.67014,-0.67598,-0.67927,-0.67718,-0.67549,-0.66975,-0.65903,-0.6872,-0.67811,-0.66404,-0.64404,-0.71105,-0.70136,-0.68759,-0.66902,-0.72171,-0.70802,-0.68991,-0.66661,-0.64293,-0.60268,-0.55391,-0.49621
0.23011,0.23011,0.23285,0.26068,0.31872,0.378,0.42458,0.46118,0.49157,0.51772,0.54038,0.5602,0.57701,0.59105,0.60239,0.6103,0.61582,0.61861,0.61875,0.61401,0.60772,0.59861,0.58673,0.56912,0.55053,0.52909,0.50397,0.47666,0.44671,0.41425,0.3821,0.3459,0.30784,0.26813,0.2349,0.19464,0.15376,0.11256,0.083271,0.044626,0.006646,-0.030437,-0.053937,-0.086901,-0.11854,-0.1488,-0.16823,-0.19483,-0.22022,-0.24451,-0.2624,-0.28441,-0.30573,-0.32376,-0.34368,-0.36324,-0.38253,-0.39909,-0.41759,-0.43598,-0.45426,-0.46861,-0.48624,-0.50375,-0.52108,-0.53336,-0.55021,-0.56688,-0.58326,-0.5927,-0.60864,-0.62435,-0.63974,-0.64209,-0.65551,-0.66826,-0.66231,-0.67014,-0.67598,-0.67927,-0.67718,-0.67549,-0.66975,-0.65903,-0.6872,-0.67811,-0.66404,-0.64404,-0.71105,-0.70136,-0.68759,-0.66902,-0.72171,-0.70802,-0.68991,-0.66661,-0.64293,-0.60268,-0.55391,-0.49621
0.23011,0.23011,0.23285,0.26068,0.31872,0.378,0.42458,0.46118,0.49157,0.51772,0.54038,0.5602,0.57701,0.59105,0.60239,0.6103,0.61582,0.61861,0.61875,0.61401,0.60772,0.59861,0.58673,0.56912,0.55053,0.52909,0.50397,0.47666,0.44671,0.41425,0.3821,0.3459,0.30784,0.26813,0.2349,0.19464,0.15376,0.11256,0.083271,0.044626,0.006646,-0.030437,-0.053937,-0.086901,-0.11854,-0.1488,-0.16823,-0.19483,-0.22022,-0.24451,-0.2624,-0.28441,-0.30573,-0.32376,-0.34368,-0.36324,-0.38253,-0.39909,-0.41759,-0.43598,-0.45426,-0.46861,-0.48624,-0.50375,-0.52108,-0.53336,-0.55021,-0.56688,-0.58326,-0.5927,-0.60864,-0.62435,-0.63974,-0.64209,-0.65551,-0.66826,-0.66231,-0.67014,-0.67598,-0.67927,-0.67718,-0.67549,-0.66975,-0.65903,-0.6872,-0.67811,-0.66404,-0.64404,-0.71105,-0.70136,-0.68759,-0.66902,-0.72171,-0.70802,-0.68991,-0.66661,-0.64293,-0.60268,-0.55391,-0.49621
0.23011,0.23011,0.23285,0.26068,0.31872,0.378,0.42458,0.46118,0.49157,0.51772,0.54038,0.5602,0.57701,0.59105,0.60239,0.6103,0.61582,0.61861,0.61875,0.61401,0.60772,0.59861,0.58673,0.56912,0.55053,0.52909,0.50397,0.47666,0.44671,0.41425,0.3821,0.3459,0.30784,0.26813,0.2349,0.19464,0.15376,0.11256,0.083271,0.044626,0.006646,-0.030437,-0.053937,-0.086901,-0.11854,-0.1488,-0.16823,-0.19483,-0.22022,-0.24451,-0.2624,-0.28441,-0.30573,-0.32376,-0.34368,-0.36324,-0.38253,-0.39909,-0.41759,-0.43598,-0.45426,-0.46861,-0.48624,-0.50375,-0.52108,-0.53336,-0.55021,-0.56688,-0.58326,-0.5927,-0.60864,-0.62435,-0.63974,-0.64209,-0.65551,-0.66826,-0.66231,-0.67014,-0.67598,-0.67927,-0.67718,-0.67549,-0.66975,-0.65903,-0.6872,-0.67811,-0.66404,-0.64404,-0.71105,-0.70136,-0.68759,-0.66902,-0.72171,-0.70802,-0.68991,-0.66661,-0.64293,-0.60268,-0.55391,-0.49621
0.29701,0.29701,0.30061,0.33709,0.41214,0.4863,0.54062,0.57933,0.60879,0.63244,0.65182,0.66747,0.67989,0.68927,0.6958,0.69843,0.69888,0.69665,0.69192,0.6829,0.67252,0.65978,0.64487,0.62659,0.60713,0.58584,0.56366,0.5394,0.51385,0.48724,0.46298,0.43561,0.40782,0.37981,0.35677,0.32965,0.30271,0.27601,0.25514,0.22978,0.20465,0.17971,0.16,0.13584,0.11159,0.087157,0.067896,0.043571,0.018747,-0.0066945,-0.025134,-0.05075,-0.077181,-0.094112,-0.12037,-0.14744,-0.17537,-0.18947,-0.21674,-0.24472,-0.27338,-0.28383,-0.31131,-0.33933,-0.36788,-0.37142,-0.39713,-0.42291,-0.44867,-0.43927,-0.45758,-0.47393,-0.48769,-0.48039,-0.48576,-0.48625,-0.50987,-0.5094,-0.50381,-0.4921,-0.53986,-0.53152,-0.51778,-0.49779,-0.54822,-0.52772,-0.50012,-0.46441,-0.47082,-0.41816,-0.35455,-0.28006,-0.36899,-0.29439,-0.21198,-0.12379,-0.41068,-0.34372,-0.27172,-0.19645
0.29701,0.29701,0.30061,0.33709,0.41214,0.4863,0.54062,0.57933,0.60879,0.63244,0.65182,0.66747,0.67989,0.68927,0.6958,0.69843,0.69888,0.69665,0.69192,0.6829,0.67252,0.65978,0.64487,0.62659,0.60713,0.58584,0.56366,0.5394,0.51385,0.48724,0.46298,0.43561,0.40782,0.37981,0.35677,0.32965,0.30271,0.27601,0.25514,0.22978,0.20465,0.17971,0.16,0.13584,0.11159,0.087157,0.067896,0.043571,0.018747,-0.0066945,-0.025134,-0.05075,-0.077181,-0.094112,-0.12037,-0.14744,-0.17537,-0.18947,-0.21674,-0.24472,-0.27338,-0.28383,-0.31131,-0.33933,-0.36788,-0.37142,-0.39713,-0.42291,-0.44867,-0.43927,-0.45758,-0.47393,-0.48769,-0.48039,-0.48576,-0.48625,-0.50987,-0.5094,-0.50381,-0.4921,-0.53986,-0.53152,-0.51778,-0.49779,-0.54822,-0.52772,-0.50012,-0.46441,-0.47082,-0.41816,-0.35455,-0.28006,-0.36899,-0.29439,-0.21198,-0.12379,-0.41068,-0.34372,-0.27172,-0.19645
0.29701,0.29701,0.30061,0.33709,0.41214,0.4863,0.54062,0.57933,0.60879,0.63244,0.65182,0.66747,0.67989,0.68927,0.6958,0.69843,0.69888,0.69665,0.69192,0.6829,0.67252,0.65978,0.64487,0.62659,0.60713,0.58584,0.56366,0.5394,0.51385,0.48724,0.46298,0.43561,0.40782,0.37981,0.35677,0.32965,0.30271,0.27601,0.25514,0.22978,0.20465,0.17971,0.16,0.13584,0.11159,0.087157,0.067896,0.043571,0.018747,-0.0066945,-0.025134,-0.05075,-0.077181,-0.094112,-0.12037,-0.14744,-0.17537,-0.18947,-0.21674,-0.24472,-0.27338,-0.28383,-0.31131,-0.33933,-0.36788,-0.37142,-0.39713,-0.42291,-0.44867,-0.43927,-0.45758,-0.47393,-0.48769,-0.48039,-0.48576,-0.48625,-0.50987,-0.5094,-0.50381,-0.4921,-0.53986,-0.53152,-0.51778,-0.49779,-0.54822,-0.52772,-0.50012,-0.46441,-0.47082,-0.41816,-0.35455,-0.28006,-0.36899,-0.29439,-0.21198,-0.12379,-0.41068,-0.34372,-0.27172,-0.19645
0.29701,0.29701,0.30061,0.33709,0.41214,0.4863,0.54062,0.57933,0.60879,0.63244,0.65182,0.66747,0.67989,0.68927,0.6958,0.69843,0.69888,0.69665,0.69192,0.6829,0.67252,0.65978,0.64487,0.62659,0.60713,0.58584,0.56366,0.5394,0.51385,0.48724,0.46298,0.43561,0.40782,0.37981,0.35677,0.32965,0.30271,0.27601,0.25514,0.22978,0.20465,0.17971,0.16,0.13584,0.11159,0.087157,0.067896,0.043571,0.018747,-0.0066945,-0.025134,-0.05075,-0.077181,-0.094112,-0.12037,-0.14744,-0.17537,-0.18947,-0.21674,-0.24472,-0.27338,-0.28383,-0.31131,-0.33933,-0.36788,-0.37142,-0.39713,-0.42291,-0.44867,-0.43927,-0.45758,-0.47393,-0.48769,-0.48039,-0.48576,-0.48625,-0.50987,-0.5094,-0.50381,-0.4921,-0.53986,-0.53152,-0.51778,-0.49779,-0.54822,-0.52772,-0.50012,-0.46441,-0.47082,-0.41816,-0.35455,-0.28006,-0.36899,-0.29439,-0.21198,-0.12379,-0.41068,-0.34372,-0.27172,-0.19645
0.29701,0.29701,0.30061,0.33709,0.41214,0.4863,0.54062,0.57933,0.60879,0.63244,0.65182,0.66747,0.67989,0.68927,0.6958,0.69843,0.69888,0.69665,0.69192,0.6829,0.67252,0.65978,0.64487,0.62659,0.60713,0.58584,0.56366,0.5394,0.51385,0.48724,0.46298,0.43561,0.40782,0.37981,0.35677,0.32965,0.30271,0.27601,0.25514,0.22978,0.20465,0.17971,0.16,0.13584,0.11159,0.087157,0.067896,0.043571,0.018747,-0.0066945,-0.025134,-0.05075,-0.077181,-0.094112,-0.12037,-0.14744,-0.17537,-0.18947,-0.21674,-0.24472,-0.27338,-0.28383,-0.31131,-0.33933,-0.36788,-0.37142,-0.39713,-0.42291,-0.44867,-0.43927,-0.45758,-0.47393,-0.48769,-0.48039,-0.48576,-0.48625,-0.50987,-0.5094,-0.50381,-0.4921,-0.53986,-0.53152,-0.51778,-0.49779,-0.54822,-0.52772,-0.50012,-0.46441,-0.47082,-0.41816,-0.35455,-0.28006,-0.36899,-0.29439,-0.21198,-0.12379,-0.41068,-0.34372,-0.27172,-0.19645
0.28778,0.28778,0.29152,0.32937,0.4065,0.47989,0.53021,0.56413,0.58954,0.61029,0.62771,0.64201,0.65335,0.66165,0.66694,0.66787,0.6663,0.66162,0.65399,0.64174,0.62774,0.61111,0.59213,0.57099,0.54802,0.52355,0.50072,0.47515,0.44923,0.42329,0.40302,0.37916,0.35613,0.33408,0.31863,0.29961,0.28164,0.26465,0.25229,0.23737,0.22304,0.20916,0.19745,0.18429,0.17118,0.15798,0.14617,0.13284,0.11915,0.10502,0.09365,0.078967,0.063597,0.054528,0.039072,0.022867,0.0058229,0.00029118,-0.016021,-0.032967,-0.050548,-0.052816,-0.068789,-0.084929,-0.10106,-0.10258,-0.11679,-0.13046,-0.14323,-0.14318,-0.15265,-0.16019,-0.16512,-0.16663,-0.16673,-0.16262,-0.1775,-0.17002,-0.15711,-0.13775,-0.16376,-0.14005,-0.10886,-0.06966,-0.13652,-0.098401,-0.05291,-0.00055837,-0.097197,-0.048236,0.0057535,0.063309,-0.10153,-0.055343,-0.0075955,0.04032,-0.1474,-0.10476,-0.061796,-0.019625
0.31191,0.31191,0.31566,0.3535,0.42926,0.4986,0.54225,0.56721,0.58196,0.59073,0.59528,0.59585,0.59312,0.58703,0.57761,0.56293,0.54502,0.52277,0.49599,0.46153,0.42311,0.3789,0.32872,0.2738,0.21214,0.14484,0.081689,0.0084642,-0.067659,-0.14566,-0.20501,-0.27756,-0.34784,-0.41488,-0.45699,-0.51142,-0.5609,-0.60533,-0.63166,-0.66509,-0.69441,-0.72002,-0.73833,-0.7577,-0.77474,-0.7898,-0.80422,-0.81609,-0.82661,-0.83583,-0.84923,-0.85715,-0.86395,-0.87755,-0.88466,-0.89113,-0.89688,-0.90642,-0.91248,-0.91814,-0.92331,-0.91798,-0.91862,-0.91717,-0.91294,-0.91386,-0.90588,-0.89329,-0.87466,-0.91684,-0.90627,-0.89105,-0.86985,-0.93896,-0.93397,-0.92676,-0.91794,-0.90096,-0.87754,-0.84594,-0.8111,-0.75816,-0.69212,-0.61229,-0.74384,-0.67796,-0.60057,-0.51255,-0.82317,-0.78088,-0.73166,-0.67599,-0.76406,-0.71465,-0.66119,-0.60505,-0.48836,-0.41508,-0.34291,-0.27342
0.31191,0.31191,0.31566,0.3535,0.42926,0.4986,0.54225,0.56721,0.58196,0.59073,0.59528,0.59585,0.59312,0.58703,0.57761,0.56293,0.54502,0.52277,0.49599,0.46153,0.42311,0.3789,0.32872,0.2738,0.21214,0.14484,0.081689,0.0084642,-0.067659,-0.14566,-0.20501,-0.27756,-0.34784,-0.41488,-0.45699,-0.51142,-0.5609,-0.60533,-0.63166,-0.66509,-0.69441,-0.72002,-0.73833,-0.7577,-0.77474,-0.7898,-0.80422,-0.81609,-0.82661,-0.83583,-0.84923,-0.85715,-0.86395,-0.87755,-0.88466,-0.89113,-0.89688,-0.90642,-0.91248,-0.91814,-0.92331,-0.91798,-0.91862,-0.91717,-0.91294,-0.91386,-0.90588,-0.89329,-0.87466,-0.91684,-0.90627,-0.89105,-0.86985,-0.93896,-0.93397,-0.92676,-0.91794,-0.90096,-0.87754,-0.84594,-0.8111,-0.75816,-0.69212,-0.61229,-0.74384,-0.67796,-0.60057,-0.51255,-0.82317,-0.78088,-0.73166,-0.67599,-0.76406,-0.71465,-0.66119,-0.60505,-0.48836,-0.41508,-0.34291,-0.27342
0.31191,0.31191,0.31566,0.3535,0.42926,0.4986,0.54225,0.56721,0.58196,0.59073,0.59528,0.59585,0.59312,0.58703,0.57761,0.56293,0.54502,0.52277,0.49599,0.46153,0.42311,0.3789,0.32872,0.2738,0.21214,0.14484,0.081689,0.0084642,-0.067659,-0.14566,-0.20501,-0.27756,-0.34784,-0.41488,-0.45699,-0.51142,-0.5609,-0.60533,-0.63166,-0.66509,-0.69441,-0.72002,-0.73833,-0.7577,-0.77474,-0.7898,-0.80422,-0.81609,-0.82661,-0.83583,-0.84923,-0.85715,-0.86395,-0.87755,-0.88466,-0.89113,-0.89688,-0.90642,-0.91248,-0.91814,-0.92331,-0.91798,-0.91862,-0.91717,-0.91294,-0.91386,-0.90588,-0.89329,-0.87466,-0.91684,-0.90627,-0.89105,-0.86985,-0.93896,-0.93397,-0.92676,-0.91794,-0.90096,-0.87754,-0.84594,-0.8111,-0.75816,-0.69212,-0.61229,-0.74384,-0.67796,-0.60057,-0.51255,-0.82317,-0.78088,-0.73166,-0.67599,-0.76406,-0.71465,-0.66119,-0.60505,-0.48836,-0.41508,-0.34291,-0.27342
0.31191,0.31191,0.31566,0.3535,0.42926,0.4986,0.54225,0.56721,0.58196,0.59073,0.59528,0.59585,0.59312,0.58703,0.57761,0.56293,0.54502,0.52277,0.49599,0.46153,0.42311,0.3789,0.32872,0.2738,0.21214,0.14484,0.081689,0.0084642,-0.067659,-0.14566,-0.20501,-0.27756,-0.34784,-0.41488,-0.45699,-0.51142,-0.5609,-0.60533,-0.63166,-0.66509,-0.69441,-0.72002,-0.73833,-0.7577,-0.77474,-0.7898,-0.80422,-0.81609,-0.82661,-0.83583,-0.84923,-0.85715,-0.86395,-0.87755,-0.88466,-0.89113,-0.89688,-0.90642,-0.91248,-0.91814,-0.92331,-0.91798,-0.91862,-0.91717,-0.91294,-0.91386,-0.90588,-0.89329,-0.87466,-0.91684,-0.90627,-0.89105,-0.86985,-0.93896,-0.93397,-0.92676,-0.91794,-0.90096,-0.87754,-0.84594,-0.8111,-0.75816,-0.69212,-0.61229,-0.74384,-0.67796,-0.60057,-0.51255,-0.82317,-0.78088,-0.73166,-0.67599,-0.76406,-0.71465,-0.66119,-0.60505,-0.48836,-0.41508,-0.34291,-0.27342
0.31191,0.31191,0.31566,0.3535,0.42926,0.4986,0.54225,0.56721,0.58196,0.59073,0.59528,0.59585,0.59312,0.58703,0.57761,0.56293,0.54502,0.52277,0.49599,0.46153,0.42311,0.3789,0.32872,0.2738,0.21214,0.14484,0.081689,0.0084642,-0.067659,-0.14566,-0.20501,-0.27756,-0.34784,-0.41488,-0.45699,-0.51142,-0.5609,-0.60533,-0.63166,-0.66509,-0.69441,-0.72002,-0.73833,-0.7577,-0.77474,-0.7898,-0.80422,-0.81609,-0.82661,-0.83583,-0.84923,-0.85715,-0.86395,-0.87755,-0.88466,-0.89113,-0.89688,-0.90642,-0.91248,-0.91814,-0.92331,-0.91798,-0.91862,-0.91717,-0.91294,-0.91386,-0.90588,-0.89329,-0.87466,-0.91684,-0.90627,-0.89105,-0.86985,-0.93896,-0.93397,-0.92676,-0.91794,-0.90096,-0.87754,-0.84594,-0.8111,-0.75816,-0.69212,-0.61229,-0.74384,-0.67796,-0.60057,-0.51255,-0.82317,-0.78088,-0.73166,-0.67599,-0.76406,-0.71465,-0.66119,-0.60505,-0.48836,-0.41508,-0.34291,-0.27342
0.31191,0.31191,0.31566,0.3535,0.42926,0.4986,0.54225,0.56721,0.58196,0.59073,0.59528,0.59585,0.59312,0.58703,0.57761,0.56293,0.54502,0.52277,0.49599,0.46153,0.42311,0.3789,0.32872,0.2738,0.21214,0.14484,0.081689,0.0084642,-0.067659,-0.14566,-0.20501,-0.27756,-0.34784,-0.41488,-0.45699,-0.51142,-0.5609,-0.60533,-0.63166,-0.66509,-0.69441,-0.72002,-0.73833,-0.7577,-0.77474,-0.7898,-0.80422,-0.81609,-0.82661,-0.83583,-0.84923,-0.85715,-0.86395,-0.87755,-0.88466,-0.89113,-0.89688,-0.90642,-0.91248,-0.91814,-0.92331,-0.91798,-0.91862,-0.91717,-0.91294,-0.91386,-0.90588,-0.89329,-0.87466,-0.91684,-0.90627,-0.89105,-0.86985,-0.93896,-0.93397,-0.92676,-0.91794,-0.90096,-0.87754,-0.84594,-0.8111,-0.75816,-0.69212,-0.61229,-0.74384,-0.67796,-0.60057,-0.51255,-0.82317,-0.78088,-0.73166,-0.67599,-0.76406,-0.71465,-0.66119,-0.60505,-0.48836,-0.41508,-0.34291,-0.27342
0.34207,0.34207,0.34609,0.38571,0.4599,0.52194,0.55897,0.58053,0.59417,0.60302,0.60805,0.60898,0.60607,0.59898,0.58755,0.56974,0.54725,0.51886,0.48418,0.44171,0.39241,0.3354,0.27043,0.20602,0.12957,0.047217,-0.021437,-0.10427,-0.18711,-0.26811,-0.32028,-0.38618,-0.44565,-0.49821,-0.52871,-0.56556,-0.59652,-0.62227,-0.64344,-0.6613,-0.67618,-0.68856,-0.70761,-0.7178,-0.72679,-0.73473,-0.75086,-0.75885,-0.7664,-0.77347,-0.78242,-0.78882,-0.79454,-0.7995,-0.80413,-0.80755,-0.8092,-0.81701,-0.81858,-0.81789,-0.81395,-0.82514,-0.82109,-0.81287,-0.79886,-0.82814,-0.81807,-0.80218,-0.77855,-0.81378,-0.79191,-0.76089,-0.71833,-0.75105,-0.70211,-0.63813,-0.69619,-0.63218,-0.55451,-0.46407,-0.64757,-0.58128,-0.50741,-0.42823,-0.6751,-0.62133,-0.56366,-0.50387,-0.46743,-0.38345,-0.2996,-0.21863,-0.0065446,0.074876,0.14662,0.20875,0.12514,0.18826,0.24266,0.28909
0.34207,0.34207,0.34609,0.38571,0.4599,0.52194,0.55897,0.58053,0.59417,0.60302,0.60805,0.60898,0.60607,0.59898,0.58755,0.56974,0.54725,0.51886,0.48418,0.44171,0.39241,0.3354,0.27043,0.20602,0.12957,0.047217,-0.021437,-0.10427,-0.18711,-0.26811,-0.32028,-0.38618,-0.44565,-0.49821,-0.52871,-0.56556,-0.59652,-0.62227,-0.64344,-0.6613,-0.67618,-0.68856,-0.70761,-0.7178,-0.72679,-0.73473,-0.75086,-0.75885,-0.7664,-0.77347,-0.78242,-0.78882,-0.79454,-0.7995,-0.80413,-0.80755,-0.8092,-0.81701,-0.81858,-0.81789,-0.81395,-0.82514,-0.82109,-0.81287,-0.79886,-0.82814,-0.81807,-0.80218,-0.77855,-0.81378,-0.79191,-0.76089,-0.71833,-0.75105,-0.70211,-0.63813,-0.69619,-0.63218,-0.55451,-0.46407,-0.64757,-0.58128,-0.50741,-0.42823,-0.6751,-0.62133,-0.56366,-0.50387,-0.46743,-0.38345,-0.2996,-0.21863,-0.0065446,0.074876,0.14662,0.20875,0.12514,0.18826,0.24266,0.28909
0.34207,0.34207,0.34609,0.38571,0.4599,0.52194,0.55897,0.58053,0.59417,0.60302,0.60805,0.60898,0.60607,0.59898,0.58755,0.56974,0.54725,0.51886,0.48418,0.44171,0.39241,0.3354,0.27043,0.20602,0.12957,0.047217,-0.021437,-0.10427,-0.18711,-0.26811,-0.32028,-0.38618,-0.44565,-0.49821,-0.52871,-0.56556,-0.59652,-0.62227,-0.64344,-0.6613,-0.67618,-0.68856,-0.70761,-0.7178,-0.72679,-0.73473,-0.75086,-0.75885,-0.7664,-0.77347,-0.78242,-0.78882,-0.79454,-0.7995,-0.80413,-0.80755,-0.8092,-0.81701,-0.81858,-0.81789,-0.81395,-0.82514,-0.82109,-0.81287,-0.79886,-0.82814,-0.81807,-0.80218,-0.77855,-0.81378,-0.79191,-0.76089,-0.71833,-0.75105,-0.70211,-0.63813,-0.69619,-0.63218,-0.55451,-0.46407,-0.64757,-0.58128,-0.50741,-0.42823,-0.6751,-0.62133,-0.56366,-0.50387,-0.46743,-0.38345,-0.2996,-0.21863,-0.0065446,0.074876,0.14662,0.20875,0.12514,0.18826,0.24266,0.28909
0.24123,0.24124,0.24526,0.28662,0.37362,0.45785,0.51172,0.53981,0.55262,0.55701,0.55667,0.55347,0.548,0.54058,0.53126,0.51893,0.50489,0.48867,0.47038,0.4494,0.42682,0.40238,0.37621,0.35028,0.32158,0.29156,0.26415,0.2331,0.20129,0.16885,0.1413,0.10934,0.077181,0.044859,0.018694,-0.012634,-0.044201,-0.076163,-0.10022,-0.13138,-0.1632,-0.19587,-0.21711,-0.24886,-0.28145,-0.31492,-0.3326,-0.36479,-0.39771,-0.43134,-0.44262,-0.47355,-0.50484,-0.5064,-0.53011,-0.55192,-0.5711,-0.57568,-0.58664,-0.59238,-0.59135,-0.62551,-0.62395,-0.61551,-0.59865,-0.65786,-0.64363,-0.62102,-0.58837,-0.63947,-0.59698,-0.54025,-0.46788,-0.60196,-0.534,-0.45124,-0.70907,-0.65664,-0.59176,-0.51508,-0.72362,-0.65929,-0.58361,-0.49871,-0.63576,-0.54737,-0.45443,-0.36145,-0.29444,-0.19556,-0.10627,-0.028001,0.093916,0.16257,0.21918,0.26539,0.27088,0.31374,0.34818,0.37583
0.24123,0.24124,0.24526,0.28662,0.37362,0.45785,0.51172,0.53981,0.55262,0.55701,0.55667,0.55347,0.548,0.54058,0.53126,0.51893,0.50489,0.48867,0.47038,0.4494,0.42682,0.40238,0.37621,0.35028,0.32158,0.29156,0.26415,0.2331,0.20129,0.16885,0.1413,0.10934,0.077181,0.044859,0.018694,-0.012634,-0.044201,-0.076163,-0.10022,-0.13138,-0.1632,-0.19587,-0.21711,-0.24886,-0.28145,-0.31492,-0.3326,-0.36479,-0.39771,-0.43134,-0.44262,-0.47355,-0.50484,-0.5064,-0.53011,-0.55192,-0.5711,-0.57568,-0.58664,-0.59238,-0.59135,-0.62551,-0.62395,-0.61551,-0.59865,-0.65786,-0.64363,-0.62102,-0.58837,-0.63947,-0.59698,-0.54025,-0.46788,-0.60196,-0.534,-0.45124,-0.70907,-0.65664,-0.59176,-0.51508,-0.72362,-0.65929,-0.58361,-0.49871,-0.63576,-0.54737,-0.45443,-0.36145,-0.29444,-0.19556,-0.10627,-0.028001,0.093916,0.16257,0.21918,0.26539,0.27088,0.31374,0.34818,0.37583
0.24123,0.24124,0.24526,0.28662,0.37362,0.45785,0.51172,0.53981,0.55262,0.55701,0.55667,0.55347,0.548,0.54058,0.53126,0.51893,0.50489,0.48867,0.47038,0.4494,0.42682,0.40238,0.37621,0.35028,0.32158,0.29156,0.26415,0.2331,0.20129,0.16885,0.1413,0.10934,0.077181,0.044859,0.018694,-0.012634,-0.044201,-0.076163,-0.10022,-0.13138,-0.1632,-0.19587,-0.21711,-0.24886,-0.28145,-0.31492,-0.3326,-0.36479,-0.39771,-0.43134,-0.44262,-0.47355,-0.50484,-0.5064,-0.53011,-0.55192,-0.5711,-0.57568,-0.58664,-0.59238,-0.59135,-0.62551,-0.62395,-0.61551,-0.59865,-0.65786,-0.64363,-0.62102,-0.58837,-0.63947,-0.59698,-0.54025,-0.46788,-0.60196,-0.534,-0.45124,-0.70907,-0.65664,-0.59176,-0.51508,-0.72362,-0.65929,-0.58361,-0.49871,-0.63576,-0.54737,-0.45443,-0.36145,-0.29444,-0.19556,-0.10627,-0.028001,0.093916,0.16257,0.21918,0.26539,0.27088,0.31374,0.34818,0.37583
0.24123,0.24124,0.24526,0.28662,0.37362,0.45785,0.51172,0.53981,0.55262,0.55701,0.55667,0.55347,0.548,0.54058,0.53126,0.51893,0.50489,0.48867,0.47038,0.4494,0.42682,0.40238,0.37621,0.35028,0.32158,0.29156,0.26415,0.2331,0.20129,0.16885,0.1413,0.10934,0.077181,0.044859,0.018694,-0.012634,-0.044201,-0.076163,-0.10022,-0.13138,-0.1632,-0.19587,-0.21711,-0.24886,-0.28145,-0.31492,-0.3326,-0.36479,-0.39771,-0.43134,-0.44262,-0.47355,-0.50484,-0.5064,-0.53011,-0.55192,-0.5711,-0.57568,-0.58664,-0.59238,-0.59135,-0.62551,-0.62395,-0.61551,-0.59865,-0.65786,-0.64363,-0.62102,-0.58837,-0.63947,-0.59698,-0.54025,-0.46788,-0.60196,-0.534,-0.45124,-0.70907,-0.65664,-0.59176,-0.51508,-0.72362,-0.65929,-0.58361,-0.49871,-0.63576,-0.54737,-0.45443,-0.36145,-0.29444,-0.19556,-0.10627,-0.028001,0.093916,0.16257,0.21918,0.26539,0.27088,0.31374,0.34818,0.37583
0.24123,0.24124,0.24526,0.28662,0.37362,0.45785,0.51172,0.53981,0.55262,0.55701,0.55667,0.55347,0.548,0.54058,0.53126,0.51893,0.50489,0.48867,0.47038,0.4494,0.42682,0.40238,0.37621,0.35028,0.32158,0.29156,0.26415,0.2331,0.20129,0.16885,0.1413,0.10934,0.077181,0.044859,0.018694,-0.012634,-0.044201,-0.076163,-0.10022,-0.13138,-0.1632,-0.19587,-0.21711,-0.24886,-0.28145,-0.31492,-0.3326,-0.36479,-0.39771,-0.43134,-0.44262,-0.47355,-0.50484,-0.5064,-0.53011,-0.55192,-0.5711,-0.57568,-0.58664,-0.59238,-0.59135,-0.62551,-0.62395,-0.61551,-0.59865,-0.65786,-0.64363,-0.62102,-0.58837,-0.63947,-0.59698,-0.54025,-0.46788,-0.60196,-0.534,-0.45124,-0.70907,-0.65664,-0.59176,-0.51508,-0.72362,-0.65929,-0.58361,-0.49871,-0.63576,-0.54737,-0.45443,-0.36145,-0.29444,-0.19556,-0.10627,-0.028001,0.093916,0.16257,0.21918,0.26539,0.27088,0.31374,0.34818,0.37583
0.27431,0.27432,0.27842,0.31982,0.40293,0.48012,0.5297,0.55689,0.57032,0.57558,0.57592,0.57318,0.56804,0.56099,0.55228,0.54137,0.52937,0.51622,0.50226,0.48796,0.47326,0.45858,0.44411,0.43126,0.41749,0.40382,0.39163,0.37801,0.36405,0.34962,0.33637,0.3212,0.30544,0.28902,0.27449,0.25728,0.23926,0.22033,0.20552,0.18579,0.16491,0.14273,0.12973,0.10721,0.083295,0.057848,0.050715,0.026884,0.0021077,-0.023484,-0.025654,-0.04756,-0.068937,-0.070328,-0.085135,-0.096618,-0.10325,-0.12321,-0.12686,-0.12425,-0.1137,-0.15046,-0.13616,-0.11231,-0.077836,-0.11807,-0.071405,-0.013245,0.054176,-0.075362,-0.012834,0.054188,0.12198,-0.17173,-0.1244,-0.076223,-0.30823,-0.25748,-0.20322,-0.14834,0.093559,0.18276,0.26237,0.33117,0.1808,0.24863,0.30266,0.34492,0.14588,0.20429,0.25001,0.28603,0.56524,0.57432,0.58063,0.58509,0.6707,0.66829,0.66596,0.66378
0.27431,0.27432,0.27842,0.31982,0.40293,0.48012,0.5297,0.55689,0.57032,0.57558,0.57592,0.57318,0.56804,0.56099,0.55228,0.54137,0.52937,0.51622,0.50226,0.48796,0.47326,0.45858,0.44411,0.43126,0.41749,0.40382,0.39163,0.37801,0.36405,0.34962,0.33637,0.3212,0.30544,0.28902,0.27449,0.25728,0.23926,0.22033,0.20552,0.18579,0.16491,0.14273,0.12973,0.10721,0.083295,0.057848,0.050715,0.026884,0.0021077,-0.023484,-0.025654,-0.04756,-0.068937,-0.070328,-0.085135,-0.096618,-0.10325,-0.12321,-0.12686,-0.12425,-0.1137,-0.15046,-0.13616,-0.11231,-0.077836,-0.11807,-0.071405,-0.013245,0.054176,-0.075362,-0.012834,0.054188,0.12198,-0.17173,-0.1244,-0.076223,-0.30823,-0.25748,-0.20322,-0.14834,0.093559,0.18276,0.26237,0.33117,0.1808,0.24863,0.30266,0.34492,0.14588,0.20429,0.25001,0.28603,0.56524,0.57432,0.58063,0.58509,0.6707,0.66829,0.66596,0.66378
0.27431,0.27432,0.27842,0.31982,0.40293,0.48012,0.5297,0.55689,0.57032,0.57558,0.57592,0.57318,0.56804,0.56099,0.55228,0.54137,0.52937,0.51622,0.50226,0.48796,0.47326,0.45858,0.44411,0.43126,0.41749,0.40382,0.39163,0.37801,0.36405,0.34962,0.33637,0.3212,0.30544,0.28902,0.27449,0.25728,0.23926,0.22033,0.20552,0.18579,0.16491,0.14273,0.12973,0.10721,0.083295,0.057848,0.050715,0.026884,0.0021077,-0.023484,-0.025654,-0.04756,-0.068937,-0.070328,-0.085135,-0.096618,-0.10325,-0.12321,-0.12686,-0.12425,-0.1137,-0.15046,-0.13616,-0.11231,-0.077836,-0.11807,-0.071405,-0.013245,0.054176,-0.075362,-0.012834,0.054188,0.12198,-0.17173,-0.1244,-0.076223,-0.30823,-0.25748,-0.20322,-0.14834,0.093559,0.18276,0.26237,0.33117,0.1808,0.24863,0.30266,0.34492,0.14588,0.20429,0.25001,0.28603,0.56524,0.57432,0.58063,0.58509,0.6707,0.66829,0.66596,0.66378
0.27431,0.27432,0.27842,0.31982,0.40293,0.48012,0.5297,0.55689,0.57032,0.57558,0.57592,0.57318,0.56804,0.56099,0.55228,0.54137,0.52937,0.51622,0.50226,0.48796,0.47326,0.45858,0.44411,0.43126,0.41749,0.40382,0.39163,0.37801,0.36405,0.34962,0.33637,0.3212,0.30544,0.28902,0.27449,0.25728,0.23926,0.22033,0.20552,0.18579,0.16491,0.14273,0.12973,0.10721,0.083295,0.057848,0.050715,0.026884,0.0021077,-0.023484,-0.025654,-0.04756,-0.068937,-0.070328,-0.085135,-0.096618,-0.10325,-0.12321,-0.12686,-0.12425,-0.1137,-0.15046,-0.13616,-0.11231,-0.077836,-0.11807,-0.071405,-0.013245,0.054176,-0.075362,-0.012834,0.054188,0.12198,-0.17173,-0.1244,-0.076223,-0.30823,-0.25748,-0.20322,-0.14834,0.093559,0.18276,0.26237,0.33117,0.1808,0.24863,0.30266,0.34492,0.14588,0.20429,0.25001,0.28603,0.56524,0.57432,0.58063,0.58509,0.6707,0.66829,0.66596,0.66378
0.27431,0.27432,0.27842,0.31982,0.40293,0.48012,0.5297,0.55689,0.57032,0.57558,0.57592,0.57318,0.56804,0.56099,0.55228,0.54137,0.52937,0.51622,0.50226,0.48796,0.47326,0.45858,0.44411,0.43126,0.41749,0.40382,0.39163,0.37801,0.36405,0.34962,0.33637,0.3212,0.30544,0.28902,0.27449,0.25728,0.23926,0.22033,0.20552,0.18579,0.16491,0.14273,0.12973,0.10721,0.083295,0.057848,0.050715,0.026884,0.0021077,-0.023484,-0.025654,-0.04756,-0.068937,-0.070328,-0.085135,-0.096618,-0.10325,-0.12321,-0.12686,-0.12425,-0.1137,-0.15046,-0.13616,-0.11231,-0.077836,-0.11807,-0.071405,-0.013245,0.054176,-0.075362,-0.012834,0.054188,0.12198,-0.17173,-0.1244,-0.076223,-0.30823,-0.25748,-0.20322,-0.14834,0.093559,0.18276,0.26237,0.33117,0.1808,0.24863,0.30266,0.34492,0.14588,0.20429,0.25001,0.28603,0.56524,0.57432,0.58063,0.58509,0.6707,0.66829,0.66596,0.66378
0.27431,0.27432,0.27842,0.31982,0.40293,0.48012,0.5297,0.55689,0.57032,0.57558,0.57592,0.57318,0.56804,0.56099,0.55228,0.54137,0.52937,0.51622,0.50226,0.48796,0.47326,0.45858,0.44411,0.43126,0.41749,0.40382,0.39163,0.37801,0.36405,0.34962,0.33637,0.3212,0.30544,0.28902,0.27449,0.25728,0.23926,0.22033,0.20552,0.18579,0.16491,0.14273,0.12973,0.10721,0.083295,0.057848,0.050715,0.026884,0.0021077,-0.023484,-0.025654,-0.04756,-0.068937,-0.070328,-0.085135,-0.096618,-0.10325,-0.12321,-0.12686,-0.12425,-0.1137,-0.15046,-0.13616,-0.11231,-0.077836,-0.11807,-0.071405,-0.013245,0.054176,-0.075362,-0.012834,0.054188,0.12198,-0.17173,-0.1244,-0.076223,-0.30823,-0.25748,-0.20322,-0.14834,0.093559,0.18276,0.26237,0.33117,0.1808,0.24863,0.30266,0.34492,0.14588,0.20429,0.25001,0.28603,0.56524,0.57432,0.58063,0.58509,0.6707,0.66829,0.66596,0.66378
0.40293,0.40294,0.40658,0.44188,0.5044,0.55306,0.58106,0.59695,0.60574,0.60902,0.60709,0.59868,0.58426,0.56294,0.53429,0.49596,0.45002,0.39526,0.33158,0.26407,0.18605,0.10109,0.010087,-0.065091,-0.15547,-0.24581,-0.31232,-0.39024,-0.46282,-0.52926,-0.5719,-0.62136,-0.66445,-0.70175,-0.72924,-0.75573,-0.77821,-0.79711,-0.82172,-0.83687,-0.84974,-0.86022,-0.88393,-0.8952,-0.90559,-0.91514,-0.9179,-0.92198,-0.92323,-0.92058,-0.92521,-0.91762,-0.90334,-0.9389,-0.93213,-0.92035,-0.90173,-0.94041,-0.9276,-0.908,-0.87925,-0.90525,-0.87038,-0.82133,-0.75513,-0.81874,-0.74733,-0.65573,-0.54423,-0.68713,-0.59327,-0.48852,-0.37734,-0.78853,-0.73208,-0.67127,-0.60077,-0.50604,-0.40933,-0.31469,-0.031511,0.06399,0.1479,0.2201,0.0024961,0.076419,0.14028,0.19462,-0.4956,-0.43168,-0.37128,-0.3149,0.73729,0.76536,0.78557,0.80009,0.89346,0.88618,0.87854,0.87095
0.40293,0.40294,0.40658,0.44188,0.5044,0.55306,0.58106,0.59695,0.60574,0.60902,0.60709,0.59868,0.58426,0.56294,0.53429,0.49596,0.45002,0.39526,0.33158,0.26407,0.18605,0.10109,0.010087,-0.065091,-0.15547,-0.24581,-0.31232,-0.39024,-0.46282,-0.52926,-0.5719,-0.62136,-0.66445,-0.70175,-0.72924,-0.75573,-0.77821,-0.79711,-0.82172,-0.83687,-0.84974,-0.86022,-0.88393,-0.8952,-0.90559,-0.91514,-0.9179,-0.92198,-0.92323,-0.92058,-0.92521,-0.91762,-0.90334,-0.9389,-0.93213,-0.92035,-0.90173,-0.94041,-0.9276,-0.908,-0.87925,-0.90525,-0.87038,-0.82133,-0.75513,-0.81874,-0.74733,-0.65573,-0.54423,-0.68713,-0.59327,-0.48852,-0.37734,-0.78853,-0.73208,-0.67127,-0.60077,-0.50604,-0.40933,-0.31469,-0.031511,0.06399,0.1479,0.2201,0.0024961,0.076419,0.14028,0.19462,-0.4956,-0.43168,-0.37128,-0.3149,0.73729,0.76536,0.78557,0.80009,0.89346,0.88618,0.87854,0.87095
0.40293,0.40294,0.40658,0.44188,0.5044,0.55306,0.58106,0.59695,0.60574,0.60902,0.60709,0.59868,0.58426,0.56294,0.53429,0.49596,0.45002,0.39526,0.33158,0.26407,0.18605,0.10109,0.010087,-0.065091,-0.15547,-0.24581,-0.31232,-0.39024,-0.46282,-0.52926,-0.5719,-0.62136,-0.66445,-0.70175,-0.72924,-0.75573,-0.77821,-0.79711,-0.82172,-0.83687,-0.84974,-0.86022,-0.88393,-0.8952,-0.90559,-0.91514,-0.9179,-0.92198,-0.92323,-0.92058,-0.92521,-0.91762,-0.90334,-0.9389,-0.93213,-0.92035,-0.90173,-0.94041,-0.9276,-0.908,-0.87925,-0.90525,-0.87038,-0.82133,-0.75513,-0.81874,-0.74733,-0.65573,-0.54423,-0.68713,-0.59327,-0.48852,-0.37734,-0.78853,-0.73208,-0.67127,-0.60077,-0.50604,-0.40933,-0.31469,-0.031511,0.06399,0.1479,0.2201,0.0024961,0.076419,0.14028,0.19462,-0.4956,-0.43168,-0.37128,-0.3149,0.73729,0.76536,0.78557,0.80009,0.89346,0.88618,0.87854,0.87095
0.40293,0.40294,0.40658,0.44188,0.5044,0.55306,0.58106,0.59695,0.60574,0.60902,0.60709,0.59868,0.58426,0.56294,0.53429,0.49596,0.45002,0.39526,0.33158,0.26407,0.18605,0.10109,0.010087,-0.065091,-0.15547,-0.24581,-0.31232,-0.39024,-0.46282,-0.52926,-0.5719,-0.62136,-0.66445,-0.70175,-0.72924,-0.75573,-0.77821,-0.79711,-0.82172,-0.83687,-0.84974,-0.86022,-0.88393,-0.8952,-0.90559,-0.91514,-0.9179,-0.92198,-0.92323,-0.92058,-0.92521,-0.91762,-0.90334,-0.9389,-0.93213,-0.92035,-0.90173,-0.94041,-0.9276,-0.908,-0.87925,-0.90525,-0.87038,-0.82133,-0.75513,-0.81874,-0.74733,-0.65573,-0.54423,-0.68713,-0.59327,-0.48852,-0.37734,-0.78853,-0.73208,-0.67127,-0.60077,-0.50604,-0.40933,-0.31469,-0.031511,0.06399,0.1479,0.2201,0.0024961,0.076419,0.14028,0.19462,-0.4956,-0.43168,-0.37128,-0.3149,0.73729,0.76536,0.78557,0.80009,0.89346,0.88618,0.87854,0.87095
0.40293,0.40294,0.40658,0.44188,0.5044,0.55306,0.58106,0.59695,0.60574,0.60902,0.60709,0.59868,0.58426,0.56294,0.53429,0.49596,0.45002,0.39526,0.33158,0.26407,0.18605,0.10109,0.010087,-0.065091,-0.15547,-0.24581,-0.31232,-0.39024,-0.46282,-0.52926,-0.5719,-0.62136,-0.66445,-0.70175,-0.72924,-0.75573,-0.77821,-0.79711,-0.82172,-0.83687,-0.84974,-0.86022,-0.88393,-0.8952,-0.90559,-0.91514,-0.9179,-0.92198,-0.92323,-0.92058,-0.92521,-0.91762,-0.90334,-0.9389,-0.93213,-0.92035,-0.90173,-0.94041,-0.9276,-0.908,-0.87925,-0.90525,-0.87038,-0.82133,-0.75513,-0.81874,-0.74733,-0.65573,-0.54423,-0.68713,-0.59327,-0.48852,-0.37734,-0.78853,-0.73208,-0.67127,-0.60077,-0.50604,-0.40933,-0.31469,-0.031511,0.06399,0.1479,0.2201,0.0024961,0.076419,0.14028,0.19462,-0.4956,-0.43168,-0.37128,-0.3149,0.73729,0.76536,0.78557,0.80009,0.89346,0.88618,0.87854,0.87095
0.44331,0.44331,0.44708,0.48466,0.55838,0.62459,0.66312,0.67943,0.68223,0.67608,0.66249,0.64079,0.61082,0.57127,0.52087,0.46042,0.38622,0.29855,0.19717,0.10273,-0.010063,-0.12661,-0.24279,-0.32015,-0.41155,-0.49133,-0.54657,-0.59933,-0.64147,-0.67459,-0.70647,-0.72776,-0.74474,-0.75839,-0.78056,-0.79178,-0.80166,-0.81027,-0.82398,-0.83214,-0.83934,-0.84511,-0.85159,-0.85555,-0.85668,-0.85326,-0.8607,-0.85363,-0.83833,-0.81063,-0.87443,-0.86446,-0.84672,-0.87288,-0.85225,-0.81852,-0.76638,-0.75874,-0.67711,-0.56812,-0.43269,-0.76675,-0.69899,-0.61624,-0.52119,-0.79278,-0.72756,-0.64961,-0.56239,-0.050128,0.083439,0.19807,0.29277,0.079252,0.17188,0.24712,-0.3594,-0.2721,-0.19276,-0.12177,0.78344,0.8017,0.81297,0.81984,0.8264,0.81625,0.80648,0.79735,0.16661,0.12768,0.094772,0.066565,0.49592,0.48844,0.48242,0.47756,0.60808,0.60479,0.60207,0.5998
0.44331,0.44331,0.44708,0.48466,0.55838,0.62459,0.66312,0.67943,0.68223,0.67608,0.66249,0.64079,0.61082,0.57127,0.52087,0.46042,0.38622,0.29855,0.19717,0.10273,-0.010063,-0.12661,-0.24279,-0.32015,-0.41155,-0.49133,-0.54657,-0.59933,-0.64147,-0.67459,-0.70647,-0.72776,-0.74474,-0.75839,-0.78056,-0.79178,-0.80166,-0.81027,-0.82398,-0.83214,-0.83934,-0.84511,-0.85159,-0.85555,-0.85668,-0.85326,-0.8607,-0.85363,-0.83833,-0.81063,-0.87443,-0.86446,-0.84672,-0.87288,-0.85225,-0.81852,-0.76638,-0.75874,-0.67711,-0.56812,-0.43269,-0.76675,-0.69899,-0.61624,-0.52119,-0.79278,-0.72756,-0.64961,-0.56239,-0.050128,0.083439,0.19807,0.29277,0.079252,0.17188,0.24712,-0.3594,-0.2721,-0.19276,-0.12177,0.78344,0.8017,0.81297,0.81984,0.8264,0.81625,0.80648,0.79735,0.16661,0.12768,0.094772,0.066565,0.49592,0.48844,0.48242,0.47756,0.60808,0.60479,0.60207,0.5998
0.44331,0.44331,0.44708,0.48466,0.55838,0.62459,0.66312,0.67943,0.68223,0.67608,0.66249,0.64079,0.61082,0.57127,0.52087,0.46042,0.38622,0.29855,0.19717,0.10273,-0.010063,-0.12661,-0.24279,-0.32015,-0.41155,-0.49133,-0.54657,-0.59933,-0.64147,-0.67459,-0.70647,-0.72776,-0.74474,-0.75839,-0.78056,-0.79178,-0.80166,-0.81027,-0.82398,-0.83214,-0.83934,-0.84511,-0.85159,-0.85555,-0.85668,-0.85326,-0.8607,-0.85363,-0.83833,-0.81063,-0.87443,-0.86446,-0.84672,-0.87288,-0.85225,-0.81852,-0.76638,-0.75874,-0.67711,-0.56812,-0.43269,-0.76675,-0.69899,-0.61624,-0.52119,-0.79278,-0.72756,-0.64961,-0.56239,-0.050128,0.083439,0.19807,0.29277,0.079252,0.17188,0.24712,-0.3594,-0.2721,-0.19276,-0.12177,0.78344,0.8017,0.81297,0.81984,0.8264,0.81625,0.80648,0.79735,0.16661,0.12768,0.094772,0.066565,0.49592,0.48844,0.48242,0.47756,0.60808,0.60479,0.60207,0.5998
0.44331,0.44331,0.44708,0.48466,0.55838,0.62459,0.66312,0.67943,0.68223,0.67608,0.66249,0.64079,0.61082,0.57127,0.52087,0.46042,0.38622,0.29855,0.19717,0.10273,-0.010063,-0.12661,-0.24279,-0.32015,-0.41155,-0.49133,-0.54657,-0.59933,-0.64147,-0.67459,-0.70647,-0.72776,-0.74474,-0.75839,-0.78056,-0.79178,-0.80166,-0.81027,-0.82398,-0.83214,-0.83934,-0.84511,-0.85159,-0.85555,-0.85668,-0.85326,-0.8607,-0.85363,-0.83833,-0.81063,-0.87443,-0.86446,-0.84672,-0.87288,-0.85225,-0.81852,-0.76638,-0.75874,-0.67711,-0.56812,-0.43269,-0.76675,-0.69899,-0.61624,-0.52119,-0.79278,-0.72756,-0.64961,-0.56239,-0.050128,0.083439,0.19807,0.29277,0.079252,0.17188,0.24712,-0.3594,-0.2721,-0.19276,-0.12177,0.78344,0.8017,0.81297,0.81984,0.8264,0.81625,0.80648,0.79735,0.16661,0.12768,0.094772,0.066565,0.49592,0.48844,0.48242,0.47756,0.60808,0.60479,0.60207,0.5998
0.44331,0.44331,0.44708,0.48466,0.55838,0.62459,0.66312,0.67943,0.68223,0.67608,0.66249,0.64079,0.61082,0.57127,0.52087,0.46042,0.38622,0.29855,0.19717,0.10273,-0.010063,-0.12661,-0.24279,-0.32015,-0.41155,-0.49133,-0.54657,-0.59933,-0.64147,-0.67459,-0.70647,-0.72776,-0.74474,-0.75839,-0.78056,-0.79178,-0.80166,-0.81027,-0.82398,-0.83214,-0.83934,-0.84511,-0.85159,-0.85555,-0.85668,-0.85326,-0.8607,-0.85363,-0.83833,-0.81063,-0.87443,-0.86446,-0.84672,-0.87288,-0.85225,-0.81852,-0.76638,-0.75874,-0.67711,-0.56812,-0.43269,-0.76675,-0.69899,-0.61624,-0.52119,-0.79278,-0.72756,-0.64961,-0.56239,-0.050128,0.083439,0.19807,0.29277,0.079252,0.17188,0.24712,-0.3594,-0.2721,-0.19276,-0.12177,0.78344,0.8017,0.81297,0.81984,0.8264,0.81625,0.80648,0.79735,0.16661,0.12768,0.094772,0.066565,0.49592,0.48844,0.48242,0.47756,0.60808,0.60479,0.60207,0.5998
0.44331,0.44331,0.44708,0.48466,0.55838,0.62459,0.66312,0.67943,0.68223,0.67608,0.66249,0.64079,0.61082,0.57127,0.52087,0.46042,0.38622,0.29855,0.19717,0.10273,-0.010063,-0.12661,-0.24279,-0.32015,-0.41155,-0.49133,-0.54657,-0.59933,-0.64147,-0.67459,-0.70647,-0.72776,-0.74474,-0.75839,-0.78056,-0.79178,-0.80166,-0.81027,-0.82398,-0.83214,-0.83934,-0.84511,-0.85159,-0.85555,-0.85668,-0.85326,-0.8607,-0.85363,-0.83833,-0.81063,-0.87443,-0.86446,-0.84672,-0.87288,-0.85225,-0.81852,-0.76638,-0.75874,-0.67711,-0.56812,-0.43269,-0.76675,-0.69899,-0.61624,-0.52119,-0.79278,-0.72756,-0.64961,-0.56239,-0.050128,0.083439,0.19807,0.29277,0.079252,0.17188,0.24712,-0.3594,-0.2721,-0.19276,-0.12177,0.78344,0.8017,0.81297,0.81984,0.8264,0.81625,0.80648,0.79735,0.16661,0.12768,0.094772,0.066565,0.49592,0.48844,0.48242,0.47756,0.60808,0.60479,0.60207,0.5998
0.44331,0.44331,0.44708,0.48466,0.55838,0.62459,0.66312,0.67943,0.68223,0.67608,0.66249,0.64079,0.61082,0.57127,0.52087,0.46042,0.38622,0.29855,0.19717,0.10273,-0.010063,-0.12661,-0.24279,-0.32015,-0.41155,-0.49133,-0.54657,-0.59933,-0.64147,-0.67459,-0.70647,-0.72776,-0.74474,-0.75839,-0.78056,-0.79178,-0.80166,-0.81027,-0.82398,-0.83214,-0.83934,-0.84511,-0.85159,-0.85555,-0.85668,-0.85326,-0.8607,-0.85363,-0.83833,-0.81063,-0.87443,-0.86446,-0.84672,-0.87288,-0.85225,-0.81852,-0.76638,-0.75874,-0.67711,-0.56812,-0.43269,-0.76675,-0.69899,-0.61624,-0.52119,-0.79278,-0.72756,-0.64961,-0.56239,-0.050128,0.083439,0.19807,0.29277,0.079252,0.17188,0.24712,-0.3594,-0.2721,-0.19276,-0.12177,0.78344,0.8017,0.81297,0.81984,0.8264,0.81625,0.80648,0.79735,0.16661,0.12768,0.094772,0.066565,0.49592,0.48844,0.48242,0.47756,0.60808,0.60479,0.60207,0.5998
0.44331,0.44331,0.44708,0.48466,0.55838,0.62459,0.66312,0.67943,0.68223,0.67608,0.66249,0.64079,0.61082,0.57127,0.52087,0.46042,0.38622,0.29855,0.19717,0.10273,-0.010063,-0.12661,-0.24279,-0.32015,-0.41155,-0.49133,-0.54657,-0.59933,-0.64147,-0.67459,-0.70647,-0.72776,-0.74474,-0.75839,-0.78056,-0.79178,-0.80166,-0.81027,-0.82398,-0.83214,-0.83934,-0.84511,-0.85159,-0.85555,-0.85668,-0.85326,-0.8607,-0.85363,-0.83833,-0.81063,-0.87443,-0.86446,-0.84672,-0.87288,-0.85225,-0.81852,-0.76638,-0.75874,-0.67711,-0.56812,-0.43269,-0.76675,-0.69899,-0.61624,-0.52119,-0.79278,-0.72756,-0.64961,-0.56239,-0.050128,0.083439,0.19807,0.29277,0.079252,0.17188,0.24712,-0.3594,-0.2721,-0.19276,-0.12177,0.78344,0.8017,0.81297,0.81984,0.8264,0.81625,0.80648,0.79735,0.16661,0.12768,0.094772,0.066565,0.49592,0.48844,0.48242,0.47756,0.60808,0.60479,0.60207,0.5998
0.44331,0.44331,0.44708,0.48466,0.55838,0.62459,0.66312,0.67943,0.68223,0.67608,0.66249,0.64079,0.61082,0.57127,0.52087,0.46042,0.38622,0.29855,0.19717,0.10273,-0.010063,-0.12661,-0.24279,-0.32015,-0.41155,-0.49133,-0.54657,-0.59933,-0.64147,-0.67459,-0.70647,-0.72776,-0.74474,-0.75839,-0.78056,-0.79178,-0.80166,-0.81027,-0.82398,-0.83214,-0.83934,-0.84511,-0.85159,-0.85555,-0.85668,-0.85326,-0.8607,-0.85363,-0.83833,-0.81063,-0.87443,-0.86446,-0.84672,-0.87288,-0.85225,-0.81852,-0.76638,-0.75874,-0.67711,-0.56812,-0.43269,-0.76675,-0.69899,-0.61624,-0.52119,-0.79278,-0.72756,-0.64961,-0.56239,-0.050128,0.083439,0.19807,0.29277,0.079252,0.17188,0.24712,-0.3594,-0.2721,-0.19276,-0.12177,0.78344,0.8017,0.81297,0.81984,0.8264,0.81625,0.80648,0.79735,0.16661,0.12768,0.094772,0.066565,0.49592,0.48844,0.48242,0.47756,0.60808,0.60479,0.60207,0.5998
0.44331,0.44331,0.44708,0.48466,0.55838,0.62459,0.66312,0.67943,0.68223,0.67608,0.66249,0.64079,0.61082,0.57127,0.52087,0.46042,0.38622,0.29855,0.19717,0.10273,-0.010063,-0.12661,-0.24279,-0.32015,-0.41155,-0.49133,-0.54657,-0.59933,-0.64147,-0.67459,-0.70647,-0.72776,-0.74474,-0.75839,-0.78056,-0.79178,-0.80166,-0.81027,-0.82398,-0.83214,-0.83934,-0.84511,-0.85159,-0.85555,-0.85668,-0.85326,-0.8607,-0.85363,-0.83833,-0.81063,-0.87443,-0.86446,-0.84672,-0.87288,-0.85225,-0.81852,-0.76638,-0.75874,-0.67711,-0.56812,-0.43269,-0.76675,-0.69899,-0.61624,-0.52119,-0.79278,-0.72756,-0.64961,-0.56239,-0.050128,0.083439,0.19807,0.29277,0.079252,0.17188,0.24712,-0.3594,-0.2721,-0.19276,-0.12177,0.78344,0.8017,0.81297,0.81984,0.8264,0.81625,0.80648,0.79735,0.16661,0.12768,0.094772,0.066565,0.49592,0.48844,0.48242,0.47756,0.60808,0.60479,0.60207,0.5998
0.44331,0.44331,0.44708,0.48466,0.55838,0.62459,0.66312,0.67943,0.68223,0.67608,0.66249,0.64079,0.61082,0.57127,0.52087,0.46042,0.38622,0.29855,0.19717,0.10273,-0.010063,-0.12661,-0.24279,-0.32015,-0.41155,-0.49133,-0.54657,-0.59933,-0.64147,-0.67459,-0.70647,-0.72776,-0.74474,-0.75839,-0.78056,-0.79178,-0.80166,-0.81027,-0.82398,-0.83214,-0.83934,-0.84511,-0.85159,-0.85555,-0.85668,-0.85326,-0.8607,-0.85363,-0.83833,-0.81063,-0.87443,-0.86446,-0.84672,-0.87288,-0.85225,-0.81852,-0.76638,-0.75874,-0.67711,-0.56812,-0.43269,-0.76675,-0.69899,-0.61624,-0.52119,-0.79278,-0.72756,-0.64961,-0.56239,-0.050128,0.083439,0.19807,0.29277,0.079252,0.17188,0.24712,-0.3594,-0.2721,-0.19276,-0.12177,0.78344,0.8017,0.81297,0.81984,0.8264,0.81625,0.80648,0.79735,0.16661,0.12768,0.094772,0.066565,0.49592,0.48844,0.48242,0.47756,0.60808,0.60479,0.60207,0.5998
0.3419,0.34191,0.34491,0.37544,0.43926,0.50353,0.54717,0.57041,0.57922,0.57716,0.56545,0.54309,0.51049,0.46681,0.4116,0.34677,0.26951,0.18105,0.081828,-0.010006,-0.11747,-0.2282,-0.33942,-0.41624,-0.50823,-0.59152,-0.64765,-0.70635,-0.75518,-0.7951,-0.82792,-0.85359,-0.8737,-0.88898,-0.91475,-0.92654,-0.93607,-0.94356,-0.95607,-0.96089,-0.96378,-0.96426,-0.96976,-0.96726,-0.9607,-0.94809,-0.96671,-0.9555,-0.93675,-0.90687,-0.97047,-0.95884,-0.94056,-0.96123,-0.93876,-0.90279,-0.84728,-0.84011,-0.75898,-0.65021,-0.51407,-0.91083,-0.87158,-0.8214,-0.76069,-0.7218,-0.63031,-0.53057,-0.42843,-0.15632,-0.028435,0.083441,0.17756,-0.068604,0.028914,0.11064,-0.031327,0.066687,0.15229,0.2255,0.69356,0.71953,0.73569,0.74556,0.75157,0.74117,0.73118,0.72184,0.29476,0.26202,0.23352,0.20838,0.22083,0.21502,0.21097,0.20824,0.58447,0.58158,0.57923,0.57733
0.3419,0.34191,0.34491,0.37544,0.43926,0.50353,0.54717,0.57041,0.57922,0.57716,0.56545,0.54309,0.51049,0.46681,0.4116,0.34677,0.26951,0.18105,0.081828,-0.010006,-0.11747,-0.2282,-0.33942,-0.41624,-0.50823,-0.59152,-0.64765,-0.70635,-0.75518,-0.7951,-0.82792,-0.85359,-0.8737,-0.88898,-0.91475,-0.92654,-0.93607,-0.94356,-0.95607,-0.96089,-0.96378,-0.96426,-0.96976,-0.96726,-0.9607,-0.94809,-0.96671,-0.9555,-0.93675,-0.90687,-0.97047,-0.95884,-0.94056,-0.96123,-0.93876,-0.90279,-0.84728,-0.84011,-0.75898,-0.65021,-0.51407,-0.91083,-0.87158,-0.8214,-0.76069,-0.7218,-0.63031,-0.53057,-0.42843,-0.15632,-0.028435,0.083441,0.17756,-0.068604,0.028914,0.11064,-0.031327,0.066687,0.15229,0.2255,0.69356,0.71953,0.73569,0.74556,0.75157,0.74117,0.73118,0.72184,0.29476,0.26202,0.23352,0.20838,0.22083,0.21502,0.21097,0.20824,0.58447,0.58158,0.57923,0.57733
