0.14636,0.11901,0.078127,0.10018
0.1979,0.15322,0.10635,0.13109
0.24476,0.18789,0.13204,0.17042
0.29533,0.2186,0.16214,0.18922
0.3336,0.24371,0.18456,0.20811
0.36938,0.26646,0.21085,0.24496
0.41092,0.30045,0.23782,0.25759
0.42806,0.30405,0.2615,0.29105
0.49229,0.31056,0.28719,0.31948
0.5143,0.3081,0.314,0.33328
0.51986,0.33073,0.30452,0.34512
0.53246,0.3705,0.3427,0.36902
0.57437,0.38781,0.38816,0.42049
0.5904,0.3523,0.37365,0.43179
0.61733,0.38923,0.43282,0.4224
0.63556,0.4214,0.44886,0.47411
0.59596,0.41193,0.38638,0.41703
0.65665,0.35297,0.42638,0.49728
0.62375,0.38658,0.45317,0.47131
0.64836,0.36411,0.4426,0.48092
0.65312,0.40393,0.44061,0.49898
0.69582,0.40548,0.46554,0.48251
0.67103,0.45555,0.44996,0.51317
0.67103,0.45555,0.44996,0.51317
0.69127,0.48063,0.55782,0.54598
0.68828,0.50094,0.53137,0.52638
0.68828,0.50094,0.53137,0.52638
0.66973,0.52179,0.54006,0.57631
0.64965,0.50939,0.53252,0.59368
0.69281,0.51301,0.57012,0.54501
0.69281,0.51301,0.57012,0.54501
0.68833,0.54337,0.56471,0.62614
0.68833,0.54337,0.56471,0.62614
0.62786,0.52731,0.41024,0.53523
0.67252,0.56854,0.4481,0.50961
0.67252,0.56854,0.4481,0.50961
0.67252,0.56854,0.4481,0.50961
0.6057,0.50966,0.2994,0.44279
0.6057,0.50966,0.2994,0.44279
0.62996,0.3932,0.47839,0.53034
0.62996,0.3932,0.47839,0.53034
0.69571,0.45368,0.51264,0.57929
0.69571,0.45368,0.51264,0.57929
0.69571,0.45368,0.51264,0.57929
0.69571,0.45368,0.51264,0.57929
0.68917,0.47437,0.50421,0.53581
0.68917,0.47437,0.50421,0.53581
0.68917,0.47437,0.50421,0.53581
0.63202,0.46045,0.47959,0.47381
0.63202,0.46045,0.47959,0.47381
0.63202,0.46045,0.47959,0.47381
0.57858,0.48361,0.43015,0.45943
0.57858,0.48361,0.43015,0.45943
0.57858,0.48361,0.43015,0.45943
0.57858,0.48361,0.43015,0.45943
0.57858,0.48361,0.43015,0.45943
0.57858,0.48361,0.43015,0.45943
0.57858,0.48361,0.43015,0.45943
0.59946,0.50918,0.54151,0.45886
0.59946,0.50918,0.54151,0.45886
0.59946,0.50918,0.54151,0.45886
0.59946,0.50918,0.54151,0.45886
0.59946,0.50918,0.54151,0.45886
0.80877,0.59856,0.43103,0.61953
0.80877,0.59856,0.43103,0.61953
0.80877,0.59856,0.43103,0.61953
0.80877,0.59856,0.43103,0.61953
0.80877,0.59856,0.43103,0.61953
0.73844,0.60157,0.31626,0.5192
0.73844,0.60157,0.31626,0.5192
0.73844,0.60157,0.31626,0.5192
0.73844,0.60157,0.31626,0.5192
0.73844,0.60157,0.31626,0.5192
0.73844,0.60157,0.31626,0.5192
0.73844,0.60157,0.31626,0.5192
0.73844,0.60157,0.31626,0.5192
0.73844,0.60157,0.31626,0.5192
0.73844,0.60157,0.31626,0.5192
0.73844,0.60157,0.31626,0.5192
0.73844,0.60157,0.31626,0.5192
0.76508,0.35912,0.16309,0.47115
0.76508,0.35912,0.16309,0.47115
0.76508,0.35912,0.16309,0.47115
0.76508,0.35912,0.16309,0.47115
0.76508,0.35912,0.16309,0.47115
0.76508,0.35912,0.16309,0.47115
0.76508,0.35912,0.16309,0.47115
0.76508,0.35912,0.16309,0.47115
0.76508,0.35912,0.16309,0.47115
0.53829,0.73298,0.58051,0.57133
0.53829,0.73298,0.58051,0.57133
0.53829,0.73298,0.58051,0.57133
0.53829,0.73298,0.58051,0.57133
0.53829,0.73298,0.58051,0.57133
0.53829,0.73298,0.58051,0.57133
0.53829,0.73298,0.58051,0.57133
0.53829,0.73298,0.58051,0.57133
0.53829,0.73298,0.58051,0.57133
0.53829,0.73298,0.58051,0.57133
0.60111,0.65863,0.2775,0.47836
