0.10855,0.066842,0.043564,0.048643,0.14969,0.16731
0.21395,0.13476,0.087164,0.091672,0.22114,0.29847
0.30919,0.19913,0.13551,0.13637,0.29143,0.39512
0.39762,0.26142,0.18387,0.16939,0.32836,0.46491
0.4856,0.3105,0.21473,0.18975,0.34243,0.52788
0.53778,0.3764,0.27678,0.2225,0.40051,0.56803
0.58792,0.42337,0.31052,0.24137,0.43072,0.61081
0.63624,0.46965,0.3631,0.27003,0.45305,0.64569
0.66752,0.51677,0.39677,0.28685,0.48738,0.6611
0.71305,0.51756,0.42343,0.3018,0.45491,0.68303
0.72027,0.58787,0.47087,0.31078,0.51222,0.70161
0.76028,0.60056,0.47966,0.3292,0.54047,0.72585
0.76613,0.64575,0.52618,0.34149,0.55585,0.73939
0.78239,0.64816,0.53039,0.34526,0.55951,0.74534
0.81507,0.69742,0.59154,0.3655,0.60162,0.77714
0.82173,0.71539,0.58431,0.36362,0.60091,0.77916
0.82477,0.73374,0.61255,0.37972,0.60653,0.7736
0.8385,0.73234,0.59654,0.39068,0.63701,0.78094
0.84402,0.76924,0.62867,0.39118,0.62909,0.78986
0.85342,0.76691,0.65213,0.41722,0.65471,0.80167
0.87269,0.7705,0.64437,0.40994,0.65625,0.8005
0.86695,0.77121,0.69311,0.42584,0.6805,0.81019
0.87979,0.79708,0.71019,0.42847,0.67643,0.83755
0.88589,0.81149,0.69784,0.42304,0.70502,0.81654
0.8706,0.81024,0.68933,0.43978,0.68474,0.80916
0.88455,0.80665,0.70529,0.45684,0.68593,0.8223
0.88455,0.80665,0.70529,0.45684,0.68593,0.8223
0.87954,0.80722,0.71054,0.45896,0.71111,0.79602
0.88882,0.84547,0.75408,0.47987,0.74162,0.83795
0.90835,0.83842,0.74195,0.49119,0.72043,0.85638
0.90835,0.83842,0.74195,0.49119,0.72043,0.85638
0.89286,0.80955,0.70227,0.48098,0.73673,0.81177
0.89286,0.80955,0.70227,0.48098,0.73673,0.81177
0.88263,0.85364,0.70366,0.46194,0.75475,0.81836
0.88263,0.85364,0.70366,0.46194,0.75475,0.81836
0.88546,0.82696,0.68687,0.44977,0.75295,0.81062
0.89758,0.82554,0.73976,0.4776,0.7493,0.82246
0.89947,0.85836,0.75781,0.48792,0.7606,0.83423
0.89947,0.85836,0.75781,0.48792,0.7606,0.83423
0.8847,0.84867,0.7258,0.46782,0.76348,0.82341
0.87806,0.82429,0.71541,0.47117,0.75781,0.79879
0.87806,0.82429,0.71541,0.47117,0.75781,0.79879
0.85539,0.81615,0.69126,0.43693,0.74872,0.77035
0.84952,0.8166,0.68021,0.39632,0.7565,0.77052
0.84952,0.8166,0.68021,0.39632,0.7565,0.77052
0.84952,0.8166,0.68021,0.39632,0.7565,0.77052
0.86261,0.80331,0.69261,0.42623,0.75366,0.76606
0.90667,0.83419,0.73913,0.52912,0.81366,0.83059
0.90667,0.83419,0.73913,0.52912,0.81366,0.83059
0.90667,0.83419,0.73913,0.52912,0.81366,0.83059
